begin results

reordered GED values
[0.7332494, 0.83033055, 0.43035913, 0.98316795, 0.9873546, 0.77894866, 1.0328403, 0.7135195, 0.7730258, 0.60534286, 0.56835544, 0.3219181, 0.87421775, 0.95215297, 1.2289944, 0.805896, 0.6098992, 1.316758, 0.81356865, 1.1064051, 0.85151905, 1.3460345, 1.0196148, 0.3878523, 0.9560514, 1.1896816, 1.0790528, 1.1335437, 1.2096748, 0.6464727, 0.44519168, 0.7945386, 0.68727547, 0.8029191, 0.8663248, 1.0911366, 1.0601481, 0.64820284, 0.65469575, 1.3327723, 0.8320049, 1.3972684, 1.0648302, 0.5026909, 1.2061949, 0.87590814, 1.280695, 0.7811476, 0.5675023, 0.62512004, 0.80190814, 0.3719378, 0.24312483, 0.75326663, 0.5593131, 0.34911776, 1.0983148, 1.2706885, 0.52009237, 1.013744, 0.84922993, 0.7069566, 0.51831204, 0.41892782, 0.70537317, 0.42219496, 0.8121258, 1.171169, 0.8503205, 0.6895105, 0.5434061, 0.8446988, 1.280869, 0.46052295, 0.4894574, 1.1401355, 0.77658653, 1.4940742, 0.8844506, 0.88307124, 0.79612166, 0.94029903, 1.000163, 1.6949581, 0.88810325, 0.832941, 0.6945773, 0.4972247, 0.85844237, 1.2511742, 1.1626362, 0.86618936, 0.9740761, 0.5159699, 0.5525662, 0.5583335, 0.73752445, 1.2236439, 1.2918675, 0.8086308, 1.1924728, 1.5203133, 0.87007445, 0.57822585, 0.49467108, 1.0601686, 1.1457703, 0.5139699, 1.1876141, 0.9226915, 1.8495238, 0.56270087, 0.5676974, 0.6802601, 1.5686667, 1.2056314, 1.2571759, 1.2630056, 1.1825286, 0.8462712, 1.079567, 1.0046495, 0.8526208, 1.1504996]

reordered GED mean
0.8824797

reordered GED standard error
0.02798073429695408

best dice mean
0.66145337

best dice st_err
0.015273986925467248

reordered best dice mean
0.6696955

reordered best dice st_err
0.015003088585261865

best avd mean
31.467148

best avd st_err
5.234781986471037

reordered best avd mean
21.5462

reordered best avd st_err
4.0055167860407135

bras score
0.7284241647770007

sUEO mean
0.48889536

sUEO standard error
0.006495938412947762

best tau for max UEO
0.48999998

max UEO
0.44398704

UEO per tau
[0.0036930952, 0.121866584, 0.15777944, 0.18347394, 0.20395958, 0.22130242, 0.23651722, 0.2500016, 0.26225075, 0.2733087, 0.2835346, 0.29316425, 0.30216187, 0.3106152, 0.31848508, 0.32585, 0.33293954, 0.33960587, 0.3460147, 0.3522445, 0.3579195, 0.36357123, 0.3689609, 0.374069, 0.37903288, 0.38370788, 0.38823402, 0.39264938, 0.39669305, 0.4007083, 0.404492, 0.4081246, 0.41160607, 0.41483232, 0.417778, 0.42071974, 0.42340863, 0.42622283, 0.4285449, 0.43085265, 0.4330127, 0.43501583, 0.43673384, 0.4382693, 0.43973392, 0.44093525, 0.4421521, 0.4429656, 0.44368196, 0.44398704, 0.44380525, 0.44371593, 0.44357672, 0.4428047, 0.4412, 0.43937942, 0.43723807, 0.43449518, 0.43143728, 0.42703018, 0.4219031, 0.41543287, 0.4079186, 0.3985067, 0.38636175, 0.3706848, 0.34864694, 0.31639314, 0.26309896, 0.14860223]

UEO tau AUC
0.3649076223373413

mean_conf calibration curve data: 

mean_conf bin_accuracies: 
[0.00042946264147758484, 0.11502205580472946, 0.21799324452877045, 0.30441227555274963, 0.39128801226615906, 0.4704141616821289, 0.5566380023956299, 0.6470040082931519, 0.7523448467254639, 0.8655036687850952, 0.968264102935791]

mean_conf bin_confidences: 
[0.00016698015679139644, 0.08861474692821503, 0.19488529860973358, 0.2971522808074951, 0.39874476194381714, 0.4996146857738495, 0.6003338694572449, 0.7009117007255554, 0.8020739555358887, 0.906435489654541, 0.9854071140289307]

mean_conf EXPECTED CALIBRATION ERROR
0.026665881

dice
[0.77092814, 0.7270925, 0.87300515, 0.6227367, 0.6223651, 0.7142618, 0.5781143, 0.7642906, 0.75410575, 0.8153005, 0.81974816, 0.9044037, 0.68744737, 0.62375754, 0.43099025, 0.719697, 0.8037427, 0.41858616, 0.70300037, 0.58462703, 0.69914687, 0.4742829, 0.62925583, 0.8884425, 0.69599646, 0.53676814, 0.5817596, 0.611425, 0.5263158, 0.7899085, 0.87636405, 0.7150574, 0.7540554, 0.72491145, 0.6750894, 0.5360457, 0.62657416, 0.807213, 0.7948491, 0.49010572, 0.70644903, 0.4384966, 0.62071466, 0.832927, 0.47520107, 0.68663317, 0.41760945, 0.75234324, 0.81858647, 0.7969925, 0.72161335, 0.8931249, 0.9296519, 0.76478577, 0.8098895, 0.8922791, 0.53914005, 0.4866805, 0.8420759, 0.5666735, 0.6567738, 0.70796657, 0.8213572, 0.8639655, 0.7523709, 0.8677093, 0.7210119, 0.5433137, 0.69162786, 0.7671212, 0.82472676, 0.6628212, 0.45971915, 0.85314685, 0.8322233, 0.55146945, 0.7355081, 0.23369037, 0.6785179, 0.6874799, 0.72060364, 0.6511865, 0.6479511, 0.15688117, 0.68101764, 0.6967202, 0.75704265, 0.8438032, 0.67610437, 0.49723077, 0.5551652, 0.720231, 0.61169916, 0.8419925, 0.8220615, 0.82106185, 0.75409687, 0.44559586, 0.49245727, 0.7265103, 0.4982397, 0.3109697, 0.6995842, 0.8117464, 0.8594466, 0.0, 0.5471698, 0.57249874, 0.8324656, 0.45562914, 0.64868253, 0.0, 0.83112186, 0.8344377, 0.77781564, 0.2128514, 0.54801613, 0.48809654, 0.47086403, 0.5126051, 0.713712, 0.5920016, 0.64468986, 0.70038635, 0.4962963]

dice mean
0.6703649

dice standard error
0.013862735524030502

hd95
[1.7320508, 2.828427, 1.4142135, 11.204887, 11.406131, 3.3166249, 5.2434053, 2.236068, 4.6688476, 3.4346063, 2.4494898, 1.4142135, 5.0990195, 6.164414, 20.62886, 6.164414, 2.0, 9.909571, 3.1622777, 14.341868, 4.0, 9.433981, 4.1231055, 2.4494898, 3.0, 9.110434, 3.0, 3.3166249, 10.876531, 2.0, 1.4142135, 9.088414, 2.4494898, 2.236068, 11.907793, 11.661903, 11.445523, 2.236068, 4.690416, 8.028016, 7.2111025, 11.50902, 5.0990195, 1.4142135, 12.107748, 6.0703483, 14.071247, 2.0, 1.7320508, 2.236068, 2.0, 1.4142135, 1.4142135, 2.4494898, 1.7320508, 1.4142135, 6.6067157, 7.6680713, 4.582576, 4.582576, 2.236068, 2.236068, 4.0, 2.236068, 1.4142135, 2.236068, 7.3484693, 4.358899, 4.1231055, 2.0, 1.4142135, 4.1231055, 20.012398, 1.4142135, 1.7320508, 7.0319805, 7.0, 40.034985, 6.5574384, 5.4542103, 5.91608, 7.6288476, 6.6332498, 15.779734, 5.35655, 2.236068, 2.236068, 2.0, 7.3484693, 13.416408, 9.899495, 4.2426405, 4.311489, 2.4494898, 2.0, 1.4142135, 4.499746, 24.057278, 7.8740077, 2.828427, 8.0, 6.708204, 3.1622777, 3.1622777, 1.4142135, 57.714817, 8.093148, 7.2111025, 1.4142135, 15.474767, 7.0, 80.69448, 5.0990195, 2.4494898, 6.6332498, 76.39699, 8.6602545, 8.602325, 12.361219, 6.0, 7.28011, 7.071068, 5.8309517, 4.582576, 9.433981]

hd95 mean
7.61716

hd95 standard error
1.0274261675493528

avd
[17.838083, 18.455288, 4.9772215, 27.943167, 10.187735, 18.331503, 47.108845, 6.989011, 12.1301775, 7.493122, 2.551521, 2.5197258, 7.6990376, 34.95406, 189.8, 13.269766, 4.3308434, 106.69915, 3.5562427, 14.536517, 3.3653846, 23.406113, 13.166953, 3.2250948, 23.11284, 29.569893, 31.573334, 35.829613, 23.677248, 1.0566481, 7.35771, 21.044777, 27.14017, 3.8157442, 57.83651, 130.81464, 11.162339, 7.5858045, 7.0511947, 20.748299, 35.698517, 26.873384, 46.64812, 0.11466246, 77.5814, 3.2271242, 73.069176, 29.098852, 9.243407, 11.647399, 7.347973, 7.801792, 2.6940758, 28.927341, 19.261595, 0.569637, 2.455357, 47.902298, 8.041624, 51.78479, 43.868786, 56.108215, 7.700886, 10.946066, 1.2981575, 3.892867, 20.84949, 34.86111, 9.952766, 10.481484, 7.4550567, 54.946526, 67.391304, 9.121245, 8.946322, 15.735753, 15.501191, 596.124, 0.55531824, 38.193806, 4.667349, 5.290728, 31.138296, 484.56592, 12.648946, 9.197081, 5.457123, 1.9261545, 15.710081, 45.679012, 46.07896, 33.888264, 22.153465, 12.253986, 10.810811, 6.840598, 14.783869, 121.666664, 51.481205, 15.186426, 118.145164, 76.08845, 23.05334, 14.412987, 14.574148, 98.419914, 53.944653, 47.5124, 3.3847933, 74.545456, 17.550552, 99.962715, 16.626728, 21.627718, 13.797482, 455.26315, 54.76058, 49.56664, 20.444979, 1.2987013, 26.59371, 31.856003, 41.247032, 9.032979, 104.83871]

avd mean
39.822437

avd standard error
7.265654833121764

recall
[0.74358976, 0.7432432, 0.73333335, 0.7692308, 0.5614035, 0.8787879, 0.5151515, 0.6666667, 0.6666667, 0.5882353, 0.55172414, 0.5744681, 0.65, 0.18181819, 0.8148148, 0.78125, 0.4, 0.55263156, 0.61538464, 0.175, 0.67241377, 0.47619048, 0.8214286, 0.6, 0.3939394, 0.55263156, 0.85, 0.33333334, 0.78571427, 0.64102566, 0.7826087, 0.7916667, 0.80487806, 0.7093023, 0.5777778, 0.85714287, 0.25, 0.6304348, 0.23170732, 0.33333334, 0.90909094, 0.5555556, 0.14285715, 0.6956522, 0.8666667, 0.6571429, 0.8888889, 0.48913044, 0.6447368, 0.8028169, 0.71428573, 0.5897436, 0.7777778, 0.6542056, 0.67391306, 0.6034483, 0.46875, 0.1875, 0.31333333, 0.8, 0.42222223, 0.79710144, 0.64912283, 0.775, 0.65625, 0.7011494, 0.6865672, 0.43589744, 0.6, 0.5375, 0.6909091, 0.9, 0.875, 0.6764706, 0.73913044, 0.6164383, 0.66129035, 0.875, 0.29508197, 0.5888889, 0.64646465, 0.6041667, 0.3190184, 0.31914893, 0.4318182, 0.71428573, 0.7017544, 0.5769231, 0.6486486, 0.14634146, 0.21649484, 0.45614034, 0.90909094, 0.5625, 0.8, 0.8135593, 0.6458333, 0.53846157, 0.20238096, 0.6415094, 0.6666667, 0.35849056, 0.5641026, 0.40869564, 0.61290324, 0.0, 0.575, 0.33333334, 0.78723407, 0.8666667, 0.6619718, 0.0, 0.6333333, 0.5897436, 0.21818182, 1.0, 0.10204082, 0.21875, 0.41935483, 0.37037036, 0.38405797, 0.359375, 0.30337077, 0.36, 0.6923077]

recall mean
0.58743036

recall standard error
0.018494860540155787

f1
[0.58449614, 0.77179664, 0.5534591, 0.51282054, 0.35834268, 0.5404776, 0.42785236, 0.66019416, 0.6875, 0.4732254, 0.5925926, 0.6202297, 0.4952381, 0.23744293, 0.41431263, 0.6896552, 0.41493776, 0.39923954, 0.65917605, 0.22626263, 0.62034327, 0.50955415, 0.7298954, 0.58536583, 0.44067797, 0.48082426, 0.68456376, 0.37795275, 0.5945946, 0.625, 0.72, 0.4527956, 0.59562653, 0.6828113, 0.50076026, 0.43165466, 0.35582823, 0.713369, 0.33269888, 0.42857143, 0.3713528, 0.46931407, 0.24365482, 0.7063545, 0.40784314, 0.5836858, 0.6597938, 0.5837264, 0.6966164, 0.84444445, 0.65868264, 0.62195784, 0.68711656, 0.7458477, 0.73156345, 0.6211869, 0.54718477, 0.26697892, 0.45579705, 0.5492537, 0.44849786, 0.6397256, 0.5909658, 0.41137442, 0.5675676, 0.66165555, 0.62863, 0.57669616, 0.6136364, 0.6310032, 0.65252525, 0.75, 0.3783784, 0.7347098, 0.6131148, 0.6661732, 0.68240756, 0.1897019, 0.40710825, 0.6519588, 0.63555115, 0.5873418, 0.45539847, 0.306845, 0.49190938, 0.51282054, 0.70502853, 0.49342105, 0.49484536, 0.24787363, 0.3398058, 0.55768603, 0.5263158, 0.6573577, 0.75789475, 0.8124385, 0.69402987, 0.36206895, 0.3244963, 0.6631374, 0.3846154, 0.48510638, 0.56774193, 0.53201276, 0.6745562, 0.0, 0.4992764, 0.45588234, 0.6238782, 0.3880597, 0.7109938, 0.0, 0.71398747, 0.7003654, 0.3136548, 0.22857143, 0.18075491, 0.3181818, 0.51138717, 0.4347826, 0.53178525, 0.48145932, 0.4264178, 0.43150684, 0.49263158]

f1 mean
0.5353188

f1 standard error
0.013336805067040975

uncertainty thresholds
[0.0, 0.01, 0.02, 0.03, 0.04, 0.05, 0.06, 0.07, 0.08, 0.089999996, 0.1, 0.11, 0.12, 0.13, 0.14, 0.14999999, 0.16, 0.17, 0.17999999, 0.19, 0.2, 0.21, 0.22, 0.22999999, 0.24, 0.25, 0.26, 0.26999998, 0.28, 0.29, 0.29999998, 0.31, 0.32, 0.32999998, 0.34, 0.35, 0.35999998, 0.37, 0.38, 0.39, 0.4, 0.41, 0.42000002, 0.43, 0.44, 0.45000002, 0.46, 0.47, 0.48, 0.48999998, 0.5, 0.51, 0.52, 0.53, 0.53999996, 0.55, 0.56, 0.57, 0.58, 0.59, 0.6, 0.61, 0.62, 0.63, 0.64, 0.65, 0.66, 0.67, 0.68, 0.69]

mean coverage of areas missed by mean as tau increases
[0.8411143, 0.76990235, 0.74513507, 0.72528255, 0.70627433, 0.69074565, 0.676152, 0.6615405, 0.64935637, 0.6364601, 0.6257879, 0.614062, 0.60435396, 0.59469056, 0.58532196, 0.5743405, 0.5651117, 0.5567874, 0.5482086, 0.53847754, 0.5291902, 0.5208912, 0.5135123, 0.50484836, 0.49659616, 0.48727244, 0.47951993, 0.4701744, 0.46185106, 0.45419022, 0.44667977, 0.43814218, 0.4303285, 0.4220794, 0.41372392, 0.4057039, 0.39696077, 0.38836572, 0.38057286, 0.37237594, 0.363786, 0.35504752, 0.34677482, 0.33838218, 0.32874975, 0.32044697, 0.3119169, 0.3018424, 0.29250017, 0.28261238, 0.27290592, 0.26221073, 0.25230774, 0.24125223, 0.22959526, 0.21906643, 0.20763624, 0.19596352, 0.18228571, 0.16812576, 0.15334332, 0.13753787, 0.12074312, 0.10387686, 0.08497185, 0.06601949, 0.045432914, 0.02659725, 0.01069966, 0.0017133772]

mean size of entirely missed lesions
[nan, 8.354, 9.907576, 9.631242, 9.619577, 9.253012, 9.644629, 10.0464525, 9.629393, 9.192393, 8.995745, 8.704453, 8.641092, 8.516938, 8.439588, 8.24768, 8.111049, 8.603419, 8.4838705, 8.38289, 8.265791, 8.169802, 8.090291, 8.009039, 7.93616, 7.8273973, 7.7619686, 7.6716485, 7.6003466, 7.602045, 7.630389, 7.647349, 7.5876164, 7.5247207, 7.482718, 7.446858, 7.4179106, 7.38212, 7.3492184, 7.3015056, 7.2788253, 7.233701, 7.2340727, 7.286061, 7.2588153, 7.304274, 7.283512, 7.270297, 7.279191, 7.2510476, 7.241412, 7.197046, 7.2045527, 7.170245, 7.1811595, 7.178881, 7.2017155, 7.175972, 7.129395, 7.116809, 7.0868464, 7.0628653, 7.0330396, 7.02578, 6.987423, 7.0050187, 6.9971323, 6.9951234, 6.9870524, 6.9793243]

mean coverage of lesions entirely missed by the mean segmentation
[1.0, 0.8414357, 0.7895464, 0.74875957, 0.7104018, 0.67932177, 0.65065306, 0.6225721, 0.5993721, 0.57485974, 0.5551365, 0.5338524, 0.5175781, 0.50120205, 0.4859301, 0.46642438, 0.45082596, 0.43791166, 0.4256873, 0.41136876, 0.3968837, 0.3850555, 0.37499657, 0.3636406, 0.3522786, 0.33953995, 0.32910115, 0.31685847, 0.3063321, 0.29777437, 0.28907764, 0.27891093, 0.2703743, 0.26073414, 0.25139028, 0.24349812, 0.23408122, 0.22523364, 0.21806267, 0.21021001, 0.2017253, 0.19336195, 0.18593277, 0.17906925, 0.17053458, 0.16556771, 0.15877135, 0.14895877, 0.14230262, 0.1349662, 0.12798527, 0.120191306, 0.11573652, 0.10662309, 0.09875169, 0.0928327, 0.086417764, 0.08019235, 0.0719238, 0.065585, 0.058346275, 0.051697776, 0.043283816, 0.035583947, 0.027740045, 0.022107095, 0.015951687, 0.00913066, 0.0042919316, 0.0014937078]

total number of missing lesions
[0.0, 500.0, 660.0, 781.0, 899.0, 996.0, 1089.0, 1184.0, 1252.0, 1341.0, 1410.0, 1482.0, 1538.0, 1594.0, 1647.0, 1724.0, 1774.0, 1813.0, 1860.0, 1917.0, 1979.0, 2020.0, 2060.0, 2102.0, 2146.0, 2190.0, 2235.0, 2275.0, 2307.0, 2347.0, 2389.0, 2433.0, 2471.0, 2508.0, 2546.0, 2578.0, 2613.0, 2651.0, 2686.0, 2723.0, 2758.0, 2807.0, 2841.0, 2884.0, 2921.0, 2948.0, 2984.0, 3030.0, 3066.0, 3103.0, 3144.0, 3182.0, 3207.0, 3260.0, 3312.0, 3343.0, 3381.0, 3421.0, 3470.0, 3510.0, 3558.0, 3595.0, 3632.0, 3685.0, 3737.0, 3786.0, 3836.0, 3896.0, 3939.0, 3966.0]

proportion of lesions entirely missed
[0.0, 0.055053953, 0.07267122, 0.08599427, 0.098987006, 0.10966747, 0.119907506, 0.13036776, 0.1378551, 0.1476547, 0.15525214, 0.16317992, 0.16934596, 0.175512, 0.18134773, 0.18982603, 0.19533142, 0.19962563, 0.20480071, 0.21107686, 0.21790354, 0.22241797, 0.22682229, 0.23144682, 0.23629157, 0.24113631, 0.24609117, 0.2504955, 0.25401893, 0.25842327, 0.26304778, 0.26789254, 0.27207664, 0.2761506, 0.28033474, 0.28385818, 0.28771195, 0.29189605, 0.29574984, 0.29982382, 0.30367762, 0.30907288, 0.31281656, 0.3175512, 0.3216252, 0.3245981, 0.328562, 0.33362696, 0.33759084, 0.34166482, 0.34617925, 0.35036334, 0.35311607, 0.35895178, 0.36467737, 0.36809072, 0.37227482, 0.37667915, 0.38207445, 0.38647875, 0.39176393, 0.39583793, 0.3999119, 0.40574762, 0.41147324, 0.41686854, 0.42237392, 0.4289804, 0.43371505, 0.43668795]

num lesions:
9082

