results for deterministic_tversky09

deterministic_tversky09 dice
tensor([0.3322, 0.8378, 0.5615, 0.8173, 0.6904, 0.7873, 0.6304, 0.5665, 0.4350,
        0.5857, 0.6878, 0.8643, 0.7409, 0.7203, 0.3621, 0.6039, 0.8307, 0.7133,
        0.6669, 0.3510, 0.6467, 0.5084, 0.5421, 0.6890, 0.5255, 0.4858, 0.7936,
        0.3348, 0.5504, 0.7899, 0.6703, 0.3537, 0.4974, 0.8051, 0.6769])
deterministic_tversky09 hd95
tensor([14.3527,  2.8284,  9.0000,  9.0000,  2.4495,  2.4495,  6.7823,  5.6569,
         6.4031,  4.4721,  5.9161,  2.2361,  4.3589,  7.8740, 24.1743,  5.9161,
         2.0000,  3.3166,  6.1644, 12.4137,  4.4721,  8.0623,  6.7082,  4.3589,
         5.0000, 11.8743,  2.0000,  9.2841, 12.9128,  3.6056,  8.2462, 11.5758,
        11.9164,  2.2361,  5.9161])
deterministic_tversky09 avd
tensor([244.7952,  22.6551,  68.4211,  29.9824,   3.5327,  36.2523,  83.3596,
         71.5447,  93.9525, 122.9664,  68.0123,  18.5891,  53.9998,  54.6509,
        321.3823, 108.0029,  16.2682,  43.6483,  79.2636, 324.8656,  44.8820,
        139.7019, 131.3142,  81.0870,  91.4261,  40.0389,  28.6416, 224.4344,
         82.5442,  27.1905,  52.2623, 318.0645, 100.6494,  28.6009,   1.8931])
deterministic_tversky09 recall
tensor([0.9333, 0.8667, 0.5600, 0.6591, 0.3036, 0.8302, 0.8235, 0.6439, 0.5556,
        0.8889, 0.9200, 0.7949, 0.8511, 0.9429, 1.0000, 0.8913, 0.7436, 0.7667,
        0.9000, 0.9630, 0.4724, 0.7857, 0.5952, 0.6719, 0.5556, 0.4444, 0.3984,
        0.6486, 0.4884, 0.3889, 0.7358, 0.9615, 0.5185, 0.4467, 0.2041])
deterministic_tversky09 f1
tensor([0.5040, 0.2921, 0.4011, 0.2575, 0.3808, 0.4757, 0.3936, 0.5715, 0.4336,
        0.4152, 0.3616, 0.4956, 0.3621, 0.5017, 0.3279, 0.2753, 0.6426, 0.5436,
        0.5603, 0.2043, 0.5256, 0.3085, 0.4226, 0.2885, 0.4096, 0.4571, 0.3971,
        0.4644, 0.3218, 0.3928, 0.5529, 0.4950, 0.3654, 0.4553, 0.2978])

deterministic_tversky09 bin confidences
[1.4034369996807072e-05, 0.09132429957389832, 0.1962141990661621, 0.29764360189437866, 0.39957696199417114, 0.4990682303905487, 0.6007791757583618, 0.7016672492027283, 0.8028960227966309, 0.9077094793319702, 0.9985895752906799]
deterministic_tversky09 bin accuracies
[0.0003935778222512454, 0.11440370976924896, 0.12504231929779053, 0.1374436914920807, 0.12680897116661072, 0.14239110052585602, 0.14953091740608215, 0.16426321864128113, 0.1703999936580658, 0.19027066230773926, 0.6567932963371277]
deterministic_tversky09 EXPECTED CALIBRATION ERROR: note we skip the first bin due to its size
tensor(0.3407)

deterministic_tversky09 dice
tensor([0.7527, 0.7230, 0.3282, 0.0571, 0.0617, 0.1269, 0.5082, 0.5018, 0.3002,
        0.7309, 0.6740, 0.5948, 0.8556, 0.7760, 0.5959, 0.4378, 0.5835, 0.7102,
        0.5202, 0.6972, 0.2149, 0.5758, 0.6252, 0.1359, 0.0761, 0.0487, 0.1886,
        0.5128, 0.5579, 0.0796, 0.5732, 0.0503, 0.6853, 0.7949, 0.2146, 0.1986,
        0.8010, 0.7510, 0.6660, 0.6051, 0.3757, 0.2251, 0.3225, 0.6176, 0.6320,
        0.4802, 0.2483, 0.3842, 0.3067, 0.1696, 0.2207, 0.4624, 0.6062, 0.4823,
        0.2507, 0.1787, 0.4625, 0.6670, 0.4466, 0.2257])
deterministic_tversky09 hd95
tensor([12.7279, 11.4018, 19.1050, 27.4408, 38.2465, 20.9571, 17.0880, 16.4012,
        19.4384, 13.3791, 16.4317, 14.2127, 11.5326, 10.4403, 16.3692, 14.3492,
        13.7477, 10.3441,  9.0000, 14.6287, 26.5707, 13.3791, 11.6619, 22.0227,
        22.6230, 26.7554, 19.1128, 23.2712, 12.0830, 25.3476, 14.2478, 23.4307,
        13.0384, 11.7898, 19.1311, 23.4307,  7.2801, 13.9696, 11.1803, 10.6301,
        12.3248, 20.1246, 15.5885,  9.8995, 12.0416, 14.8997, 20.0499, 15.3948,
        26.3676, 24.3721, 17.3494, 15.6844,  9.8995, 13.0000, 18.0555, 17.5271,
        14.1774,  9.0000, 11.4018, 15.5563])
deterministic_tversky09 avd
tensor([  57.5283,   33.8557,  323.3010, 2032.2834, 1221.7607, 1333.8860,
         191.8894,  194.1607,  381.5838,   46.4332,   55.7249,   47.6990,
          19.9127,   35.3557,   79.0053,   59.5001,  121.1741,    7.5948,
          40.2495,   69.6809,    3.9604,  123.0873,   61.4377, 1043.9297,
        1579.8387,  498.8275,  594.2985,   53.5735,  136.7623, 2279.8108,
         123.3963,  701.8884,   51.6877,   41.4058,  641.1152,  695.3109,
          34.2329,   53.8003,   70.4982,  109.5354,  226.6698,  632.2488,
         201.4745,  110.3956,   73.7745,  171.5972,  560.5577,  134.1417,
         353.5519,  629.3578,  640.4762,  197.0978,   68.0809,  155.3811,
         535.2028,  772.9620,  229.3860,   44.4660,  175.5143,  472.5437])
deterministic_tversky09 recall
tensor([0.7571, 0.6750, 0.6400, 0.4565, 0.7368, 0.6970, 0.9062, 1.0000, 0.5909,
        0.6875, 0.8158, 0.6829, 0.6220, 0.6786, 0.6429, 0.6795, 0.7375, 0.5526,
        0.5111, 0.6094, 0.5432, 0.7015, 0.6452, 0.7917, 0.5000, 0.7368, 0.8824,
        0.4590, 0.8947, 0.9524, 0.7500, 1.0000, 0.7683, 0.6604, 0.7333, 0.6739,
        0.6547, 0.7156, 0.8514, 0.6818, 0.7010, 0.7600, 0.5304, 0.8214, 0.8171,
        0.8913, 0.8000, 0.8421, 0.7368, 0.6600, 0.8372, 0.7632, 0.8861, 0.9744,
        0.7714, 0.7059, 0.9574, 0.7083, 0.8355, 0.6585])
deterministic_tversky09 f1
tensor([0.2314, 0.3417, 0.1784, 0.0944, 0.0907, 0.0749, 0.1047, 0.1315, 0.1576,
        0.4543, 0.1464, 0.2489, 0.4666, 0.2207, 0.2028, 0.3778, 0.3780, 0.3049,
        0.2781, 0.3880, 0.2004, 0.3185, 0.2039, 0.0377, 0.1087, 0.2282, 0.0619,
        0.3292, 0.3974, 0.0648, 0.1601, 0.0356, 0.3518, 0.3527, 0.1577, 0.1917,
        0.4042, 0.3962, 0.2633, 0.3132, 0.4006, 0.0482, 0.3019, 0.4059, 0.3213,
        0.2588, 0.0328, 0.2220, 0.1526, 0.1623, 0.1497, 0.4426, 0.4601, 0.4943,
        0.1524, 0.1404, 0.1630, 0.3832, 0.5635, 0.3542])

deterministic_tversky09 bin confidences
[1.7808935808716342e-05, 0.0911814421415329, 0.19611571729183197, 0.29811763763427734, 0.3994586765766144, 0.4998166859149933, 0.6001776456832886, 0.7015301585197449, 0.8031851053237915, 0.9075871109962463, 0.9982051849365234]
deterministic_tversky09 bin accuracies
[0.0008629607036709785, 0.048640672117471695, 0.05204444378614426, 0.05818765610456467, 0.06060381978750229, 0.06254892796278, 0.06271885335445404, 0.06818653643131256, 0.06935755908489227, 0.07736234366893768, 0.4641314446926117]
deterministic_tversky09 EXPECTED CALIBRATION ERROR: note we skip the first bin due to its size
tensor(0.5068)

OUT OF DISTRIBUTION RESULTS BELOW

