begin results

reordered GED values
[0.5750707, 0.6578011, 0.59379756, 0.65919733, 0.50531465, 0.4599014, 1.0061744, 0.5953855, 1.3020416, 1.4073515, 1.0433421, 0.65676665, 0.40496132, 0.48097572, 1.1065602, 1.1717782, 0.90893596, 0.86125225, 0.599462, 0.84808236, 0.9649257, 0.66914976, 0.618926, 0.62926275, 0.7866824, 1.1318564, 0.877159, 0.46413186, 1.0706539, 1.1264322, 0.6185968, 0.5517096, 0.5711784, 0.5875917, 0.43046707, 0.48959905, 0.8078826, 0.5318683, 1.3165606, 1.3641847, 1.0163106, 0.5268268, 0.40272933, 0.4485653, 1.1362504, 1.2257335, 0.89347017, 0.7874301, 0.73961073, 1.0263611, 0.9864943, 0.5676169, 0.6751563, 0.5490729, 0.9066633, 1.1616473, 0.8489526, 0.35814723, 0.9583039, 0.89851105, 0.8170368, 0.92827547, 0.7727423, 0.6758586, 0.5272963, 0.5492219, 0.83898556, 0.64216036, 1.3508861, 1.4215488, 1.0924975, 0.60901296, 0.41476646, 0.5536531, 1.1542573, 1.0839119, 0.85214126, 0.8812525, 0.5846159, 0.9346331, 0.9270465, 0.58043253, 0.673121, 0.55298144, 0.88434166, 1.1440995, 1.1511188, 0.39333498, 1.3849458, 0.81985325]

reordered GED mean
0.80847615

reordered GED standard error
0.02947302093696695

best dice mean
0.6167755

best dice st_err
0.019505749789038802

reordered best dice mean
0.64794725

reordered best dice st_err
0.018208571995768256

best avd mean
46.426952

best avd st_err
11.294313159451976

reordered best avd mean
15.509017

reordered best avd st_err
3.2478440687214416

bras score
0.7473672137906153

sUEO mean
0.41998756

sUEO standard error
0.00789905817127584

best tau for max UEO
0.45000002

max UEO
0.3910699

UEO per tau
[0.005047389, 0.105699584, 0.13428983, 0.15440059, 0.17047748, 0.18421847, 0.1961803, 0.20702763, 0.21690914, 0.22597758, 0.2345537, 0.24271111, 0.25039965, 0.25756332, 0.26461178, 0.27154133, 0.2781195, 0.28446862, 0.2905989, 0.2964772, 0.30251852, 0.30844882, 0.31423768, 0.31990495, 0.3253773, 0.33073372, 0.33623987, 0.3414966, 0.34685966, 0.35212734, 0.35731837, 0.3622853, 0.36722305, 0.37168956, 0.37555727, 0.37878084, 0.38176394, 0.38396427, 0.38599363, 0.38740557, 0.3887758, 0.3898459, 0.39020166, 0.39087477, 0.39105496, 0.3910699, 0.39086524, 0.38998577, 0.3887992, 0.3876441, 0.38576055, 0.3836122, 0.38066885, 0.37722737, 0.37320188, 0.36946857, 0.36435726, 0.3595091, 0.3528103, 0.3457187, 0.33797848, 0.32876855, 0.31835583, 0.30569, 0.29167616, 0.27429512, 0.25220275, 0.22388941, 0.18356478, 0.10286198]

UEO tau AUC
0.3095731735229492

mean_conf calibration curve data: 

mean_conf bin_accuracies: 
[0.001302668359130621, 0.07890543341636658, 0.17338640987873077, 0.2577340006828308, 0.33675840497016907, 0.4068784713745117, 0.4653854966163635, 0.5331489443778992, 0.6220705509185791, 0.7456611394882202, 0.9319326877593994]

mean_conf bin_confidences: 
[0.00021784719137940556, 0.08652922511100769, 0.19390416145324707, 0.29659414291381836, 0.39821943640708923, 0.4990769624710083, 0.5998446345329285, 0.701369047164917, 0.8026684522628784, 0.9057309627532959, 0.9851515889167786]

mean_conf EXPECTED CALIBRATION ERROR
0.056857392

dice
[0.7624628, 0.6870721, 0.6391434, 0.7259465, 0.8064598, 0.8274016, 0.29002333, 0.76116526, 0.2515667, 0.12087105, 0.4264677, 0.701792, 0.8576027, 0.78278327, 0.43804756, 0.40196767, 0.5851602, 0.606609, 0.68070686, 0.6228277, 0.54982686, 0.72347105, 0.2816078, 0.6799833, 0.5575421, 0.41111112, 0.59041214, 0.8284475, 0.22476804, 0.38832998, 0.7335098, 0.7420063, 0.64411706, 0.75010884, 0.8273904, 0.8023843, 0.34732231, 0.7909307, 0.21764706, 0.13728942, 0.45184556, 0.755018, 0.8550245, 0.7965234, 0.38826466, 0.24801587, 0.5819768, 0.65295845, 0.6133773, 0.47362438, 0.54331684, 0.7662076, 0.27652574, 0.71984845, 0.46510705, 0.34736842, 0.64116573, 0.8686408, 0.24917711, 0.6006192, 0.6034278, 0.5192541, 0.5495478, 0.7195977, 0.78906137, 0.7523526, 0.33838266, 0.73766077, 0.17329192, 0.11276596, 0.38554215, 0.72750914, 0.85122335, 0.75125486, 0.37268665, 0.4167393, 0.6310484, 0.58750486, 0.6745655, 0.54368323, 0.574883, 0.7526832, 0.2497602, 0.7107582, 0.46752235, 0.41100916, 0.3869707, 0.8582675, 0.15528299, 0.5746692]

dice mean
0.56530887

dice standard error
0.02195694992697043

hd95
[5.435798, 9.919646, 8.944272, 15.066519, 8.729231, 6.974871, 9.848858, 5.91608, 27.285488, 20.615528, 17.916473, 12.247449, 5.7445626, 4.2426405, 16.309507, 24.372116, 15.652476, 16.929243, 3.0, 5.674396, 8.882233, 17.076283, 9.0, 9.486833, 14.936495, 10.099504, 18.620928, 11.575837, 26.095976, 22.41872, 5.435798, 11.661903, 8.774964, 13.304134, 4.0307765, 5.0990195, 7.071068, 4.0, 22.680386, 21.213203, 19.521782, 9.433981, 5.5707936, 5.0990195, 16.29718, 28.892893, 13.696537, 15.652476, 3.0, 8.124039, 9.219544, 12.727922, 7.710075, 11.090536, 14.899665, 11.614496, 19.420347, 6.3085413, 22.472204, 23.142897, 11.94142, 12.569805, 12.124355, 13.601471, 10.5236025, 7.9146123, 6.0827627, 8.3666, 23.600847, 22.135944, 19.104973, 13.601471, 8.246211, 12.076828, 14.3178215, 19.91971, 13.937351, 16.763054, 2.828427, 6.5574384, 9.884265, 12.409674, 9.200507, 9.165152, 13.776232, 10.401905, 18.788294, 13.601471, 28.372522, 22.051916]

hd95 mean
12.889453

hd95 standard error
0.6764547502731507

avd
[22.368196, 38.241043, 38.821518, 63.54815, 28.14653, 15.175602, 80.20505, 17.964602, 504.73187, 135.55008, 84.68418, 12.991744, 0.98356354, 3.763397, 15.074024, 17.584097, 18.839104, 53.187252, 26.90132, 35.532814, 24.688026, 33.185585, 82.5591, 17.39263, 18.551182, 69.021736, 18.968693, 3.6306589, 72.25555, 18.943533, 32.383553, 29.36482, 39.583332, 52.325157, 25.691412, 21.745478, 75.63091, 9.789823, 550.78864, 126.51888, 63.49916, 11.267606, 1.8971848, 6.1441545, 15.612382, 45.87156, 24.84725, 37.350597, 34.611355, 44.812984, 36.492413, 29.48545, 83.685585, 11.08742, 41.133858, 83.96739, 2.2099447, 3.6498687, 74.85004, 23.497269, 41.71643, 52.39414, 41.853233, 58.495056, 29.670063, 31.064968, 76.94293, 21.880531, 815.7729, 185.8785, 110.84405, 3.8975232, 1.7092149, 1.1453817, 10.90175, 24.617737, 2.03666, 56.673306, 25.822334, 31.580805, 27.048904, 51.377914, 84.42227, 16.81389, 38.047245, 96.195656, 82.68877, 4.9753475, 51.813976, 7.2859745]

avd mean
58.876152

avd standard error
11.955347859477138

recall
[0.328125, 0.34375, 0.4390244, 0.875, 0.35365853, 0.5, 0.2888889, 0.5272727, 0.8095238, 0.8333333, 0.88235295, 0.4390244, 0.3962264, 0.6351351, 0.5121951, 0.4, 0.5394737, 0.8, 0.6455696, 0.6923077, 0.6447368, 0.75, 0.42307693, 0.5322581, 0.68421054, 0.5294118, 0.59090906, 0.43119267, 0.43209878, 0.57894737, 0.359375, 0.421875, 0.3902439, 0.875, 0.37804878, 0.53571427, 0.35555556, 0.53636366, 0.8095238, 1.0, 0.85294116, 0.5487805, 0.41509435, 0.6891892, 0.47560975, 0.38, 0.5263158, 0.6666667, 0.6455696, 0.7692308, 0.55921054, 0.775, 0.43589744, 0.5645161, 0.68421054, 0.61764705, 0.5, 0.5412844, 0.45679012, 0.57894737, 0.359375, 0.34375, 0.3902439, 0.875, 0.35365853, 0.32142857, 0.31111112, 0.6181818, 0.85714287, 0.8888889, 0.8235294, 0.4878049, 0.4056604, 0.6621622, 0.4878049, 0.44, 0.5263158, 0.73333335, 0.6329114, 0.75641024, 0.55921054, 0.85, 0.43589744, 0.5483871, 0.55263156, 0.5882353, 0.5, 0.559633, 0.43209878, 0.68421054]

recall mean
0.5685258

recall standard error
0.018009470631330706

f1
[0.39344263, 0.42105263, 0.3752057, 0.19550698, 0.4290999, 0.36601308, 0.38855678, 0.5153408, 0.13496527, 0.14844805, 0.23771791, 0.4195006, 0.4281417, 0.4893968, 0.5147059, 0.31460676, 0.5893345, 0.30379745, 0.6716839, 0.7223427, 0.68077856, 0.33278957, 0.4748944, 0.49694118, 0.55487806, 0.44764397, 0.39055794, 0.49904266, 0.33923137, 0.32316384, 0.46178755, 0.5182342, 0.3998001, 0.29142383, 0.45940104, 0.4178273, 0.47801962, 0.49614576, 0.16571893, 0.15172414, 0.28472728, 0.49058473, 0.46663404, 0.56856185, 0.529347, 0.40165442, 0.6008584, 0.3125, 0.6814346, 0.76173604, 0.67296815, 0.39193994, 0.5298172, 0.5210918, 0.5777778, 0.44257113, 0.3846154, 0.5723252, 0.40266022, 0.5365854, 0.40784526, 0.43048403, 0.3465704, 0.23252594, 0.4215627, 0.33333334, 0.41930115, 0.49054396, 0.13312203, 0.1029601, 0.18461539, 0.43251902, 0.40021017, 0.43555555, 0.50842446, 0.4354711, 0.56194127, 0.28039217, 0.67943174, 0.77663916, 0.6622924, 0.3104078, 0.48456058, 0.4811321, 0.50685686, 0.37886342, 0.31325302, 0.50645125, 0.41237113, 0.47488585]

f1 mean
0.43459755

f1 standard error
0.01517122616157161

uncertainty thresholds
[0.0, 0.01, 0.02, 0.03, 0.04, 0.05, 0.06, 0.07, 0.08, 0.089999996, 0.1, 0.11, 0.12, 0.13, 0.14, 0.14999999, 0.16, 0.17, 0.17999999, 0.19, 0.2, 0.21, 0.22, 0.22999999, 0.24, 0.25, 0.26, 0.26999998, 0.28, 0.29, 0.29999998, 0.31, 0.32, 0.32999998, 0.34, 0.35, 0.35999998, 0.37, 0.38, 0.39, 0.4, 0.41, 0.42000002, 0.43, 0.44, 0.45000002, 0.46, 0.47, 0.48, 0.48999998, 0.5, 0.51, 0.52, 0.53, 0.53999996, 0.55, 0.56, 0.57, 0.58, 0.59, 0.6, 0.61, 0.62, 0.63, 0.64, 0.65, 0.66, 0.67, 0.68, 0.69]

mean coverage of areas missed by mean as tau increases
[0.7722616, 0.71058476, 0.68870884, 0.6744451, 0.6608865, 0.648618, 0.6361105, 0.6258714, 0.6161932, 0.6073348, 0.5988151, 0.5908726, 0.5832401, 0.5745692, 0.5677362, 0.5600881, 0.5530675, 0.5453323, 0.5366419, 0.5294866, 0.5234866, 0.51678264, 0.5111538, 0.5035292, 0.49643436, 0.49025238, 0.48351285, 0.4774497, 0.4712906, 0.4663752, 0.45948344, 0.4539918, 0.44747952, 0.44104022, 0.43512747, 0.4290987, 0.4219716, 0.41573873, 0.40950036, 0.40335703, 0.39691576, 0.3908119, 0.3841928, 0.37702236, 0.36996487, 0.36286807, 0.3561525, 0.34766915, 0.34099627, 0.33439475, 0.32654107, 0.31968075, 0.31288716, 0.30540127, 0.2971593, 0.2888035, 0.28052485, 0.27219772, 0.26248842, 0.25160843, 0.24100518, 0.22998184, 0.21822497, 0.2060492, 0.19100307, 0.17284276, 0.15334931, 0.12862387, 0.099258184, 0.052502092]

mean size of entirely missed lesions
[nan, 6.9178743, 6.921147, 8.0222225, 8.194445, 8.522614, 8.250569, 7.9121337, 7.789784, 7.7020483, 7.6707964, 7.6222596, 7.717286, 7.654147, 7.5015106, 7.4364963, 7.794872, 7.726389, 7.5900536, 7.5453353, 7.4801536, 7.433796, 7.6707616, 7.580453, 7.5372095, 7.653107, 7.5905075, 7.7389426, 7.7290115, 7.695469, 7.8008256, 7.7699294, 7.958457, 7.9330096, 7.9361906, 7.926415, 7.912963, 7.9099183, 7.889587, 7.891459, 7.978947, 7.91955, 7.9599657, 7.9208755, 7.9038143, 7.862295, 7.8601456, 8.196329, 8.157978, 8.297045, 8.285165, 8.288872, 8.310474, 8.418033, 8.4051285, 8.384894, 8.420902, 8.70007, 8.879972, 9.23934, 9.207573, 9.223632, 9.201187, 9.176853, 9.183333, 9.5274105, 9.467782, 9.443701, 9.562278, 9.696174]

mean coverage of lesions entirely missed by the mean segmentation
[1.0, 0.8328605, 0.77639556, 0.74103075, 0.7052759, 0.6752004, 0.64586896, 0.62167984, 0.59974986, 0.57929647, 0.5609246, 0.543774, 0.52802926, 0.5107106, 0.49710667, 0.48226783, 0.46726373, 0.4524241, 0.4336894, 0.4185827, 0.40648624, 0.39550692, 0.38632357, 0.3733943, 0.36103854, 0.34955817, 0.33705238, 0.32584685, 0.3167396, 0.30961514, 0.298589, 0.28938952, 0.27943024, 0.26971626, 0.26047686, 0.2534919, 0.24363694, 0.23531199, 0.22829127, 0.21988402, 0.21078175, 0.20244831, 0.19351748, 0.18632117, 0.17878003, 0.1716994, 0.16531028, 0.15750071, 0.15120941, 0.14401591, 0.13739264, 0.1322785, 0.12554719, 0.118904464, 0.111643806, 0.10664684, 0.10009371, 0.09423758, 0.08823749, 0.08261339, 0.07542054, 0.06820692, 0.062136814, 0.055168234, 0.048004925, 0.04131534, 0.03419079, 0.02636665, 0.018763248, 0.007795524]

total number of missing lesions
[0.0, 207.0, 279.0, 315.0, 360.0, 398.0, 439.0, 478.0, 509.0, 537.0, 565.0, 593.0, 619.0, 639.0, 662.0, 685.0, 702.0, 720.0, 744.0, 761.0, 781.0, 793.0, 814.0, 839.0, 860.0, 885.0, 906.0, 927.0, 941.0, 949.0, 969.0, 991.0, 1011.0, 1030.0, 1050.0, 1060.0, 1080.0, 1099.0, 1114.0, 1124.0, 1140.0, 1156.0, 1174.0, 1188.0, 1206.0, 1220.0, 1237.0, 1253.0, 1266.0, 1286.0, 1301.0, 1312.0, 1327.0, 1342.0, 1365.0, 1377.0, 1397.0, 1417.0, 1433.0, 1454.0, 1479.0, 1498.0, 1516.0, 1538.0, 1560.0, 1587.0, 1614.0, 1643.0, 1686.0, 1751.0]

proportion of lesions entirely missed
[0.0, 0.040780142, 0.05496454, 0.06205674, 0.07092199, 0.0784082, 0.08648542, 0.09416863, 0.10027581, 0.10579196, 0.11130812, 0.11682427, 0.12194642, 0.12588653, 0.13041764, 0.13494878, 0.13829787, 0.14184397, 0.1465721, 0.1499212, 0.15386131, 0.15622537, 0.1603625, 0.16528763, 0.16942474, 0.17434989, 0.178487, 0.18262412, 0.18538219, 0.18695824, 0.19089834, 0.19523247, 0.19917257, 0.20291568, 0.20685579, 0.20882584, 0.21276596, 0.21650906, 0.21946414, 0.2214342, 0.2245863, 0.22773838, 0.23128447, 0.23404256, 0.23758866, 0.24034673, 0.24369583, 0.24684791, 0.24940899, 0.2533491, 0.25630417, 0.25847125, 0.26142633, 0.2643814, 0.26891252, 0.2712766, 0.2752167, 0.2791568, 0.2823089, 0.28644603, 0.29137117, 0.29511425, 0.29866037, 0.3029945, 0.3073286, 0.31264776, 0.3179669, 0.32368007, 0.3321513, 0.34495667]

num lesions:
5076

