begin results

reordered GED values
[0.66525424, 0.73793936, 0.4247589, 1.032168, 1.1423169, 0.8714469, 1.1389962, 0.764618, 0.8419237, 0.5905819, 0.6170365, 0.3268696, 0.99622226, 1.0896988, 1.3695152, 0.9427395, 0.59476507, 1.4189279, 0.91964936, 1.152146, 0.85654765, 1.3570942, 1.0342383, 0.4006439, 0.99172586, 0.9499529, 1.127233, 0.92124623, 1.2347484, 0.695452, 0.46925226, 0.84204024, 0.74685025, 0.8073163, 0.9614246, 1.2778139, 1.1108997, 0.61723965, 0.6737575, 1.3996681, 0.87641174, 1.2633766, 1.013026, 0.544205, 1.2262858, 0.8790796, 1.3410426, 0.7439735, 0.54650784, 0.6639613, 0.91188854, 0.40625343, 0.25484866, 0.644823, 0.5244829, 0.37699127, 1.1714408, 1.0169334, 0.53591186, 0.9993407, 0.90485907, 0.6992667, 0.5172771, 0.4307425, 0.79331666, 0.4323061, 0.6627383, 1.2370018, 0.9054282, 0.7328592, 0.5487357, 0.92932266, 1.2632508, 0.48308852, 0.5718296, 1.055866, 0.82878685, 1.6483153, 0.8879319, 0.7776726, 0.879245, 1.0103129, 0.88567, 1.5642437, 0.95060486, 0.85411644, 0.7253154, 0.49613762, 0.83817273, 1.3043077, 1.1613741, 0.77424127, 0.9458003, 0.4645242, 0.57746243, 0.5715426, 0.6459223, 1.3593023, 1.0469553, 0.79208976, 0.9845383, 0.76405686, 0.85251534, 0.5367493, 0.42714292, 0.9859852, 0.89031225, 0.718157, 0.49089152, 1.3273692, 0.98846877, 0.8203546, 0.54220587, 0.47384843, 0.69455886, 1.635105, 0.9657056, 0.9978448, 1.2617558, 1.1697236, 0.63289416, 0.9587229, 0.8564596, 0.7129218, 1.1783651]

reordered GED mean
0.8646247

reordered GED standard error
0.026422098367100133

best dice mean
0.7091379

best dice st_err
0.011506649403291838

reordered best dice mean
0.7093192

reordered best dice st_err
0.011502244498052712

best avd mean
24.356594

best avd st_err
4.46592685388652

reordered best avd mean
23.880682

reordered best avd st_err
4.432920489760026

bras score
0.7966469619423151

sUEO mean
0.48201302

sUEO standard error
0.002136413360586328

best tau for max UEO
0.43

max UEO
0.42529204

UEO per tau
[0.0030998157, 0.12922432, 0.1665943, 0.1934304, 0.21465504, 0.23255594, 0.24810016, 0.26181033, 0.27399752, 0.28514445, 0.29512227, 0.30447605, 0.31313464, 0.3211217, 0.3286233, 0.33569276, 0.34246793, 0.34875163, 0.3546841, 0.36006698, 0.36535743, 0.37027627, 0.37471092, 0.37938848, 0.3834562, 0.387368, 0.3910943, 0.39453244, 0.39812657, 0.40133724, 0.40437025, 0.40703696, 0.40965226, 0.41199347, 0.41415522, 0.41624632, 0.4178548, 0.4193211, 0.42064124, 0.42216602, 0.4230909, 0.4242327, 0.42504975, 0.42529204, 0.42514414, 0.4250857, 0.42477912, 0.42429057, 0.4233759, 0.42235586, 0.4211178, 0.41929585, 0.41686997, 0.41459888, 0.41196597, 0.40835565, 0.40393883, 0.39932653, 0.39381886, 0.3876512, 0.38025668, 0.3720038, 0.36184293, 0.35027197, 0.33611193, 0.31863612, 0.29623297, 0.26587588, 0.22040048, 0.12573384]

UEO tau AUC
0.35467830300331116

mean_conf calibration curve data: 

mean_conf bin_accuracies: 
[0.0002259418834000826, 0.10769911110401154, 0.21168357133865356, 0.29669812321662903, 0.37364548444747925, 0.4505486488342285, 0.5309025645256042, 0.6189638376235962, 0.7183752655982971, 0.8384580612182617, 0.965487003326416]

mean_conf bin_confidences: 
[0.0001440556807210669, 0.08875539898872375, 0.19523662328720093, 0.29729652404785156, 0.39840030670166016, 0.4993976354598999, 0.599941611289978, 0.7009461522102356, 0.8023949265480042, 0.9068154692649841, 0.9869282841682434]

mean_conf EXPECTED CALIBRATION ERROR
0.03265968

dice
[0.7965145, 0.7670971, 0.8783215, 0.6432343, 0.59426, 0.7173633, 0.5986394, 0.76036865, 0.72885454, 0.82248724, 0.8125666, 0.90807474, 0.6618532, 0.6186303, 0.46741045, 0.6873039, 0.82077885, 0.44089732, 0.6951487, 0.59127134, 0.7221556, 0.48221543, 0.64763963, 0.8867755, 0.66788155, 0.6854928, 0.60202116, 0.69583654, 0.551634, 0.78709877, 0.8656287, 0.73097533, 0.7671805, 0.7441408, 0.6791745, 0.527894, 0.6129359, 0.81459004, 0.79510766, 0.45949143, 0.7165096, 0.5331565, 0.65836984, 0.8403084, 0.55495197, 0.71627504, 0.4923652, 0.76897186, 0.83883977, 0.79949075, 0.70210725, 0.88555706, 0.9303606, 0.8054022, 0.84756374, 0.8946776, 0.58181816, 0.65371317, 0.8425588, 0.66452885, 0.70548123, 0.7861458, 0.84900975, 0.8755637, 0.7487024, 0.8748181, 0.79772294, 0.5467446, 0.70077467, 0.7695284, 0.8370457, 0.6962536, 0.53410023, 0.85965043, 0.8317277, 0.6358556, 0.7355306, 0.29036295, 0.71100724, 0.7553369, 0.71374166, 0.6573887, 0.7097013, 0.35464415, 0.68339187, 0.7256898, 0.775443, 0.8556792, 0.72924745, 0.50896055, 0.58191705, 0.75680053, 0.6871795, 0.8650375, 0.8286795, 0.82947415, 0.80231434, 0.47619048, 0.63926417, 0.74809504, 0.6659127, 0.7575089, 0.72631395, 0.8410869, 0.87761587, 0.6601626, 0.7111483, 0.7766813, 0.85849696, 0.49809596, 0.66926575, 0.72865933, 0.8406713, 0.8637282, 0.78764737, 0.3069307, 0.67596227, 0.66332704, 0.5344885, 0.5827686, 0.8082794, 0.68157405, 0.7231374, 0.7796024, 0.5786865]

dice mean
0.7082594

dice standard error
0.01153949493573149

hd95
[1.7320508, 2.236068, 1.4142135, 9.305601, 14.217941, 3.0, 9.758988, 2.563171, 5.8309517, 2.236068, 4.1231055, 1.4142135, 7.5498343, 6.469098, 22.79024, 9.219544, 1.7320508, 10.368137, 6.4341707, 16.112082, 3.1622777, 7.8740077, 5.822313, 2.236068, 4.049242, 2.828427, 2.828427, 2.236068, 10.205376, 2.236068, 1.4142135, 3.9495454, 2.236068, 2.828427, 6.2364774, 14.333517, 7.0, 2.236068, 4.690416, 9.8463125, 5.3851647, 3.5489714, 4.690416, 1.4142135, 8.124039, 2.0, 14.268837, 2.0, 1.4142135, 2.236068, 4.582576, 1.4142135, 1.4142135, 1.4142135, 1.7320508, 1.4142135, 3.6055512, 5.0990195, 3.1622777, 3.0, 3.0, 1.4142135, 2.0, 1.7320508, 1.4142135, 2.0, 2.0, 4.1231055, 3.6055512, 1.7320508, 1.4142135, 3.254886, 6.215749, 1.4142135, 2.236068, 3.6191618, 6.4807405, 42.070774, 5.1524425, 2.236068, 5.0990195, 7.6288476, 4.2426405, 12.914878, 5.983095, 1.4142135, 1.4142135, 1.4142135, 2.236068, 13.173824, 7.81025, 2.236068, 3.1622777, 1.4142135, 1.4142135, 1.0, 1.4142135, 21.714365, 4.8989797, 1.4142135, 2.9914215, 2.828427, 2.828427, 1.7320508, 1.4142135, 10.227386, 12.0415945, 2.236068, 1.4142135, 12.277647, 4.358899, 8.124039, 3.1622777, 1.4142135, 5.3851647, 78.03169, 7.071068, 4.472136, 6.4031243, 7.1620903, 2.236068, 5.0, 4.0, 2.828427, 10.530705]

hd95 mean
5.6637106

hd95 standard error
0.7510520756468068

avd
[14.965368, 11.64704, 6.603653, 5.006766, 22.403004, 1.2806439, 25.0, 9.230769, 25.105663, 10.001618, 15.701669, 1.4600011, 18.110237, 35.91118, 140.6, 19.46762, 3.412595, 82.33861, 6.378044, 14.957865, 8.382107, 28.12227, 14.056225, 0.68767697, 29.182878, 5.806452, 21.653334, 21.779457, 2.3809524, 10.713238, 13.261769, 8.880597, 17.654438, 5.6548643, 29.317762, 138.60684, 32.297985, 3.4613621, 8.573379, 35.665695, 20.813623, 5.1679587, 41.307373, 13.179017, 22.60465, 12.254902, 15.513767, 26.95734, 11.742372, 18.381502, 23.64865, 14.830434, 6.193278, 24.425219, 1.512832, 7.767376, 15.848214, 25.488506, 14.426719, 9.725815, 1.4579537, 9.919684, 5.427173, 5.754182, 6.365159, 6.6226215, 11.147339, 33.61111, 9.041836, 13.419476, 3.7743888, 31.951872, 40.513832, 11.471079, 6.361829, 12.276722, 8.854731, 419.37985, 1.0252029, 11.882858, 1.1258956, 7.019382, 19.220108, 66.55949, 17.323557, 2.1313868, 13.371132, 5.8641977, 10.301692, 41.025642, 40.886967, 25.733635, 6.930693, 6.59388, 10.092371, 3.9664865, 14.331998, 97.5, 26.78616, 13.0708, 1.9265233, 21.3747, 25.597794, 6.7774377, 7.041084, 0.32467532, 2.51962, 18.743423, 4.9038224, 38.727272, 23.84586, 20.202982, 13.27189, 12.487594, 11.554333, 331.57895, 33.282295, 26.98283, 19.542995, 8.348794, 8.479376, 26.099508, 25.54706, 5.980995, 60.322582]

avd mean
24.584558

avd standard error
4.48729669787559

recall
[0.64102566, 0.6756757, 0.76666665, 0.82051283, 0.5964912, 0.6969697, 0.45454547, 0.73333335, 0.5185185, 0.5588235, 0.5862069, 0.42553192, 0.6, 0.18181819, 0.7777778, 0.6875, 0.33846155, 0.55263156, 0.5897436, 0.175, 0.67241377, 0.5555556, 0.78571427, 0.55, 0.33333334, 0.6052632, 0.8625, 0.33333334, 0.64285713, 0.64102566, 0.6956522, 0.625, 0.7804878, 0.6744186, 0.5555556, 0.85714287, 0.225, 0.65217394, 0.24390244, 0.3472222, 0.59090906, 0.6666667, 0.16071428, 0.6304348, 0.8666667, 0.74285716, 0.84444445, 0.4347826, 0.7236842, 0.7746479, 0.64285713, 0.5641026, 0.6666667, 0.72897196, 0.54347825, 0.55172414, 0.5208333, 0.234375, 0.28666666, 0.6666667, 0.2888889, 0.5797101, 0.64912283, 0.725, 0.75, 0.6896552, 0.5970149, 0.4871795, 0.56363636, 0.6, 0.76363635, 0.9, 0.875, 0.7352941, 0.8695652, 0.739726, 0.6935484, 0.875, 0.32786885, 0.56666666, 0.6969697, 0.6458333, 0.33742332, 0.27659574, 0.36363637, 0.6785714, 0.61403507, 0.59615386, 0.5945946, 0.25609756, 0.31958762, 0.54385966, 0.8181818, 0.65625, 0.76, 0.8135593, 0.7291667, 0.53846157, 0.27380952, 0.5849057, 0.5925926, 0.33962265, 0.5897436, 0.42608696, 0.7096774, 0.14285715, 0.5, 0.49122807, 0.7446808, 0.8, 0.70422536, 0.11594203, 0.71666664, 0.7051282, 0.28181818, 1.0, 0.13605443, 0.34375, 0.4516129, 0.4074074, 0.44927537, 0.390625, 0.39325842, 0.39, 0.7307692]

recall mean
0.57428133

recall standard error
0.017450888429043142

f1
[0.52312773, 0.69740963, 0.6571429, 0.6213592, 0.33328918, 0.63059163, 0.41533548, 0.65620095, 0.62059975, 0.42809808, 0.6666667, 0.53908354, 0.3529412, 0.22988506, 0.36842105, 0.6830065, 0.3933152, 0.38709676, 0.5738674, 0.2200393, 0.68037385, 0.58588547, 0.7629032, 0.60273975, 0.4, 0.59409595, 0.74207795, 0.3898305, 0.5625, 0.62984496, 0.7344262, 0.4526749, 0.6618154, 0.6889998, 0.5504587, 0.45801526, 0.3500374, 0.7194481, 0.3533569, 0.47728768, 0.2742616, 0.59770113, 0.2769231, 0.6952823, 0.5189621, 0.7178354, 0.7681774, 0.56887895, 0.71102196, 0.8340103, 0.69595784, 0.6653226, 0.7368421, 0.809771, 0.66111654, 0.62507874, 0.6038361, 0.31914893, 0.4343069, 0.60335195, 0.40625, 0.6556127, 0.6608829, 0.492184, 0.73170733, 0.6715236, 0.6097072, 0.6225426, 0.5473164, 0.6857143, 0.6873977, 0.72794116, 0.4827586, 0.80766344, 0.7232267, 0.79230964, 0.74832666, 0.26415095, 0.4374703, 0.66341466, 0.6536412, 0.59593344, 0.4728737, 0.30618253, 0.40552995, 0.56669426, 0.6835577, 0.52790916, 0.60590166, 0.38729507, 0.4701422, 0.6691851, 0.7627119, 0.69561327, 0.7794872, 0.7851301, 0.7394366, 0.4117647, 0.39241707, 0.6381784, 0.4050633, 0.44780964, 0.60994476, 0.5434381, 0.73284477, 0.23529412, 0.5, 0.60994995, 0.69244605, 0.4597701, 0.7633588, 0.19591837, 0.73295456, 0.7864165, 0.40460244, 0.27586207, 0.22857143, 0.48591012, 0.49925706, 0.45929018, 0.5777145, 0.5200594, 0.5108622, 0.4792947, 0.5473251]

f1 mean
0.5614695

f1 standard error
0.013974959712042836

uncertainty thresholds
[0.0, 0.01, 0.02, 0.03, 0.04, 0.05, 0.06, 0.07, 0.08, 0.089999996, 0.1, 0.11, 0.12, 0.13, 0.14, 0.14999999, 0.16, 0.17, 0.17999999, 0.19, 0.2, 0.21, 0.22, 0.22999999, 0.24, 0.25, 0.26, 0.26999998, 0.28, 0.29, 0.29999998, 0.31, 0.32, 0.32999998, 0.34, 0.35, 0.35999998, 0.37, 0.38, 0.39, 0.4, 0.41, 0.42000002, 0.43, 0.44, 0.45000002, 0.46, 0.47, 0.48, 0.48999998, 0.5, 0.51, 0.52, 0.53, 0.53999996, 0.55, 0.56, 0.57, 0.58, 0.59, 0.6, 0.61, 0.62, 0.63, 0.64, 0.65, 0.66, 0.67, 0.68, 0.69]

mean coverage of areas missed by mean as tau increases
[0.86027306, 0.8087316, 0.78353226, 0.76481485, 0.74849916, 0.73300123, 0.72005486, 0.70745826, 0.69513774, 0.6830626, 0.67083496, 0.66081274, 0.65047926, 0.6412324, 0.6308221, 0.6210312, 0.612561, 0.6030415, 0.5948772, 0.58600116, 0.5777197, 0.5696371, 0.5616595, 0.5546258, 0.5455865, 0.5374586, 0.5303294, 0.5225681, 0.5141384, 0.50703704, 0.49874747, 0.4904339, 0.48306918, 0.4756767, 0.46823376, 0.4598341, 0.4515063, 0.44250807, 0.43518662, 0.42804518, 0.4205486, 0.41227797, 0.404906, 0.39642066, 0.38854766, 0.38063598, 0.37256604, 0.3648726, 0.35487622, 0.34730828, 0.3383553, 0.329566, 0.31954977, 0.3105965, 0.30130064, 0.2916699, 0.28201258, 0.27241513, 0.26141763, 0.2511437, 0.23780356, 0.2248107, 0.21149981, 0.19889331, 0.18294683, 0.1659932, 0.14547777, 0.1236583, 0.09547591, 0.048103362]

mean size of entirely missed lesions
[nan, 2.512658, 2.4894958, 2.6351576, 2.7377522, 2.7126725, 2.691867, 2.7126193, 2.7213438, 2.7564576, 2.7627707, 2.7996702, 2.834385, 2.8600605, 2.8931687, 2.9326856, 2.9280431, 2.9157963, 2.9092064, 2.9183547, 2.9373133, 2.956319, 2.9738488, 2.9749024, 2.9972768, 3.0176094, 3.0278509, 3.0484786, 3.0530303, 3.0557492, 3.0623174, 3.0769966, 3.0748587, 3.0733178, 3.0877514, 3.095281, 3.1034484, 3.1361666, 3.1362467, 3.1631534, 3.1736777, 3.1924343, 3.187982, 3.187375, 3.1931279, 3.2137287, 3.2331667, 3.2364326, 3.240134, 3.2452135, 3.2735848, 3.3051577, 3.3082628, 3.3441648, 3.3669882, 3.3823628, 3.4091368, 3.4628894, 3.4764245, 3.4967575, 3.5427568, 3.5599122, 3.5931888, 3.6186259, 3.6361997, 3.6922395, 3.7092383, 3.7648396, 3.8340745, 3.9226222]

mean coverage of lesions entirely missed by the mean segmentation
[1.0, 0.8864346, 0.8332558, 0.7955119, 0.7629102, 0.73223567, 0.70774585, 0.6846565, 0.6620216, 0.63989246, 0.6172733, 0.5999456, 0.58219796, 0.5667455, 0.5489021, 0.5319466, 0.51861125, 0.50285196, 0.49036744, 0.47617975, 0.46344724, 0.45140377, 0.43927437, 0.4287261, 0.41624677, 0.40615836, 0.39718205, 0.38794366, 0.37697673, 0.3683285, 0.3559062, 0.34566963, 0.33604077, 0.32679623, 0.31827506, 0.3087453, 0.2979419, 0.2861622, 0.27883646, 0.27148792, 0.26343757, 0.25557992, 0.24740286, 0.23719999, 0.22905236, 0.22183315, 0.2142184, 0.20584671, 0.19469722, 0.18732941, 0.1787987, 0.17044273, 0.16029322, 0.15356015, 0.14596415, 0.13810818, 0.13110192, 0.124529056, 0.11674625, 0.11049952, 0.10147223, 0.09307006, 0.08594177, 0.07873333, 0.069327936, 0.0607685, 0.05161952, 0.042498764, 0.03196665, 0.014361841]

total number of missing lesions
[0.0, 316.0, 476.0, 603.0, 694.0, 797.0, 873.0, 943.0, 1012.0, 1084.0, 1155.0, 1213.0, 1268.0, 1322.0, 1376.0, 1441.0, 1487.0, 1532.0, 1575.0, 1629.0, 1675.0, 1717.0, 1759.0, 1793.0, 1836.0, 1874.0, 1903.0, 1939.0, 1980.0, 2009.0, 2054.0, 2091.0, 2124.0, 2155.0, 2188.0, 2225.0, 2262.0, 2306.0, 2334.0, 2372.0, 2401.0, 2432.0, 2463.0, 2503.0, 2532.0, 2564.0, 2599.0, 2635.0, 2686.0, 2716.0, 2756.0, 2792.0, 2832.0, 2862.0, 2902.0, 2937.0, 2977.0, 3018.0, 3054.0, 3084.0, 3134.0, 3188.0, 3230.0, 3275.0, 3326.0, 3389.0, 3453.0, 3521.0, 3598.0, 3722.0]

proportion of lesions entirely missed
[0.0, 0.0347941, 0.052411363, 0.06639507, 0.07641488, 0.087756, 0.0961242, 0.10383175, 0.1114292, 0.11935697, 0.12717463, 0.1335609, 0.13961682, 0.14556265, 0.15150848, 0.1586655, 0.16373046, 0.16868532, 0.17341995, 0.17936578, 0.18443075, 0.18905528, 0.19367981, 0.19742347, 0.20215811, 0.20634222, 0.20953535, 0.21349923, 0.21801366, 0.22120678, 0.22616164, 0.23023564, 0.2338692, 0.23728253, 0.2409161, 0.2449901, 0.24906409, 0.25390884, 0.25699186, 0.26117596, 0.26436907, 0.26778242, 0.27119577, 0.27560008, 0.27879322, 0.28231668, 0.28617045, 0.29013434, 0.29574984, 0.29905307, 0.30345738, 0.30742127, 0.3118256, 0.31512883, 0.31953314, 0.3233869, 0.32779124, 0.33230567, 0.33626956, 0.3395728, 0.34507817, 0.351024, 0.35564855, 0.3606034, 0.3662189, 0.37315568, 0.3802026, 0.38768995, 0.39616823, 0.40982163]

num lesions:
9082

