begin results

reordered GED values
[0.87358963, 0.8942885, 0.80696315, 0.8247568, 0.62095255, 0.6271259, 1.1096625, 0.80253255, 1.7562695, 1.8138605, 1.4097184, 0.7637328, 0.50639087, 0.65738434, 1.4620503, 1.4482605, 0.9575242, 1.2231406, 0.8459927, 1.3252867, 1.1052564, 0.85529095, 0.8907211, 0.76711625, 1.0695113, 1.4745753, 1.3684349, 0.586361, 1.333442, 1.0469728, 0.9302596, 1.0845191, 1.0436834, 0.70239276, 0.7746261, 0.6570019, 1.2411222, 0.79432166, 1.7173115, 1.7885236, 1.3331188, 0.9125056, 0.46489814, 0.65379196, 1.4683849, 1.5905106, 1.09996, 1.1073368, 0.8434129, 1.3829836, 1.307692, 0.79736096, 1.0221844, 0.7883427, 1.0672768, 1.465129, 1.1376423, 0.6482075, 1.3673551, 0.9431306, 0.71392006, 1.0618591, 0.7702121, 0.8035854, 0.4372467, 0.5233927, 1.0130575, 0.7696687, 1.6853238, 1.7279019, 1.2912182, 0.7254123, 0.47262767, 0.66213834, 1.4001337, 1.3541611, 0.96967477, 1.011409, 0.75060743, 1.2530003, 1.1285071, 0.7114726, 0.8007842, 0.7290157, 1.0885774, 1.5119429, 1.1748365, 0.54375595, 1.4501345, 1.0361716]

reordered GED mean
1.0325987

reordered GED standard error
0.03644080218077237

best dice mean
0.61633825

best dice st_err
0.019010851947459648

reordered best dice mean
0.61726207

reordered best dice st_err
0.018984964906110815

best avd mean
56.475933

best avd st_err
12.564409761837393

reordered best avd mean
54.771908

reordered best avd st_err
12.313043847862577

bras score
0.7409685235470533

sUEO mean
0.4244136

sUEO standard error
0.0069647450414556025

best tau for max UEO
0.51

max UEO
0.3911973

UEO per tau
[0.005177452, 0.10145168, 0.12753728, 0.14641525, 0.16210577, 0.17584743, 0.18831894, 0.19981274, 0.21056834, 0.2205284, 0.22986443, 0.23869616, 0.24702825, 0.2549166, 0.2625124, 0.26957715, 0.27624437, 0.28255415, 0.28871432, 0.2947477, 0.3003751, 0.30574626, 0.31095964, 0.3159868, 0.32080132, 0.32548606, 0.33003888, 0.33417925, 0.33831763, 0.34229276, 0.34608608, 0.34989566, 0.35363743, 0.35710955, 0.36044008, 0.36358714, 0.36655447, 0.3695421, 0.37219918, 0.374736, 0.37726873, 0.37946016, 0.3816205, 0.3835423, 0.38517973, 0.38659066, 0.3877962, 0.38907292, 0.39013755, 0.3905736, 0.39109272, 0.3911973, 0.39092928, 0.39019656, 0.3892433, 0.38771918, 0.38585982, 0.3834422, 0.38035887, 0.37655407, 0.3717534, 0.3655995, 0.35803643, 0.3487005, 0.33713725, 0.32239968, 0.30344915, 0.27519825, 0.23087192, 0.13627611]

UEO tau AUC
0.3133118152618408

mean_only calibration curve data: 

mean_only bin_accuracies: 
[0.0012353842612355947, 0.08063270151615143, 0.14943186938762665, 0.21825483441352844, 0.2893892228603363, 0.35522425174713135, 0.4279540479183197, 0.5184271931648254, 0.6216484904289246, 0.7665644288063049, 0.9487844109535217]

mean_only bin_confidences: 
[0.00034342496655881405, 0.08775164186954498, 0.19462545216083527, 0.2968031167984009, 0.3981363773345947, 0.49878033995628357, 0.5997240543365479, 0.7005692720413208, 0.8019129037857056, 0.9054816961288452, 0.984407901763916]

mean_only EXPECTED CALIBRATION ERROR
0.065113254

dice
[0.709758, 0.68119836, 0.63163745, 0.7316793, 0.8072306, 0.8004309, 0.3393504, 0.7392972, 0.18384402, 0.11078595, 0.4614819, 0.7275159, 0.85006756, 0.77012724, 0.40065145, 0.4076336, 0.6744778, 0.54448515, 0.6471045, 0.48810872, 0.60483724, 0.71988744, 0.29249895, 0.6871412, 0.52293897, 0.401222, 0.4595238, 0.82289517, 0.25567162, 0.6199324, 0.6885852, 0.5963652, 0.528573, 0.77925783, 0.751555, 0.7909264, 0.2876134, 0.7445464, 0.22181818, 0.12373175, 0.47538802, 0.66903037, 0.8647976, 0.76976335, 0.3938731, 0.31926605, 0.6080786, 0.6049329, 0.6425832, 0.4549469, 0.49697754, 0.742733, 0.23551673, 0.6791882, 0.51375115, 0.39974293, 0.59022224, 0.8010291, 0.23674029, 0.6720648, 0.7667796, 0.59107333, 0.6284052, 0.73428935, 0.86643964, 0.826476, 0.3658111, 0.74574, 0.21384108, 0.13186814, 0.44268775, 0.7374045, 0.85715514, 0.76053065, 0.4132343, 0.4431818, 0.6588346, 0.635324, 0.6796334, 0.5115237, 0.57686454, 0.768453, 0.3609462, 0.70135224, 0.4962815, 0.35076922, 0.5523012, 0.8323821, 0.20854919, 0.6204311]

dice mean
0.56950635

dice standard error
0.021116422935849147

hd95
[11.454227, 9.033231, 15.362291, 16.309507, 7.81025, 4.0, 7.3484693, 10.440307, 24.372116, 20.079826, 18.69625, 13.152946, 6.4031243, 13.490738, 16.810118, 26.952665, 13.601471, 17.578396, 3.793326, 8.306623, 11.045361, 14.855956, 14.142136, 12.649111, 16.155495, 14.060574, 20.829065, 12.247449, 25.942244, 22.39531, 7.0, 8.166888, 12.056103, 13.59779, 9.110434, 4.582576, 10.246951, 7.1203203, 25.608576, 21.587032, 18.688229, 13.928389, 5.91608, 10.34408, 17.29306, 26.433533, 16.003067, 17.291616, 4.1231055, 8.729231, 13.416408, 15.824025, 8.593577, 9.989975, 15.937377, 13.50537, 20.701447, 16.881943, 23.558437, 17.798555, 5.0990195, 13.16813, 12.0415945, 16.613247, 3.0, 3.278038, 6.0, 8.324616, 26.018263, 20.837437, 18.618534, 14.73092, 3.6055512, 7.071068, 15.45148, 25.77298, 15.425627, 17.232237, 2.236068, 6.4807405, 9.853922, 16.961708, 13.001921, 12.247449, 15.779734, 13.152946, 19.442223, 15.684387, 25.455845, 21.297682]

hd95 mean
13.858179

hd95 standard error
0.6632380310746229

avd
[22.351135, 36.368076, 32.229477, 55.32772, 28.214458, 19.30408, 75.28678, 13.429204, 819.2429, 192.77504, 104.0246, 4.7838755, 2.6446931, 6.3895936, 47.913864, 0.3058104, 0.10183299, 98.90438, 24.711922, 44.213127, 14.536257, 19.19445, 81.479095, 10.318306, 17.385826, 66.847824, 109.392265, 1.6520458, 61.26689, 15.664845, 33.936188, 50.34202, 54.990673, 30.90443, 36.186317, 25.15208, 80.273155, 1.3163717, 494.00632, 131.77339, 52.09614, 8.226081, 0.2010841, 0.8753988, 15.477793, 33.333332, 13.441956, 30.179283, 30.651583, 52.17008, 43.777405, 13.702062, 86.60373, 18.77094, 31.653543, 11.413043, 7.1823206, 6.576167, 68.30599, 20.03643, 13.66661, 46.742672, 39.629974, 60.454044, 17.632217, 10.552356, 72.6269, 14.878319, 661.5142, 98.85058, 82.83958, 1.1109762, 3.077461, 4.131555, 0.6729475, 38.53211, 16.700611, 35.159363, 12.57071, 10.920959, 22.731873, 47.77414, 78.907845, 3.2972891, 26.362206, 109.103264, 20.073666, 7.549465, 52.825756, 5.6466303]

avd mean
56.95946

avd standard error
12.648292760327756

recall
[0.375, 0.390625, 0.3902439, 0.8125, 0.3292683, 0.4642857, 0.35555556, 0.4909091, 0.85714287, 0.8888889, 0.7941176, 0.4512195, 0.38679245, 0.6081081, 0.5609756, 0.4, 0.57894737, 0.6, 0.6329114, 0.74358976, 0.625, 0.825, 0.41025642, 0.43548387, 0.7368421, 0.61764705, 0.54545456, 0.40366971, 0.45679012, 0.57894737, 0.375, 0.375, 0.36585367, 0.8125, 0.35365853, 0.53571427, 0.37777779, 0.4181818, 0.85714287, 0.9444444, 0.7647059, 0.4512195, 0.3962264, 0.5945946, 0.5121951, 0.32, 0.56578946, 0.6666667, 0.5949367, 0.71794873, 0.5263158, 0.775, 0.35897437, 0.4516129, 0.55263156, 0.5588235, 0.5, 0.5504587, 0.50617284, 0.57894737, 0.296875, 0.265625, 0.29268292, 0.875, 0.31707317, 0.35714287, 0.2888889, 0.44545454, 0.8095238, 0.7777778, 0.7941176, 0.5, 0.36792454, 0.5810811, 0.4878049, 0.4, 0.5131579, 0.6666667, 0.6329114, 0.74358976, 0.54605263, 0.75, 0.43589744, 0.516129, 0.6052632, 0.5588235, 0.4090909, 0.4587156, 0.45679012, 0.68421054]

recall mean
0.54376596

recall standard error
0.017633316103378698

f1
[0.3846154, 0.46757472, 0.3786086, 0.2917251, 0.41064638, 0.43645084, 0.41558442, 0.41819206, 0.1564694, 0.11241218, 0.19383445, 0.3834197, 0.42798278, 0.459584, 0.53186023, 0.34042552, 0.54573643, 0.22556391, 0.6374111, 0.7113655, 0.6876607, 0.4177215, 0.47154, 0.3913703, 0.5435191, 0.37148803, 0.24489796, 0.39162683, 0.31326795, 0.31532526, 0.4055666, 0.44479495, 0.40942928, 0.2673522, 0.43609023, 0.3254973, 0.47951645, 0.4444054, 0.17787914, 0.15027624, 0.25948104, 0.42406878, 0.42550656, 0.46467966, 0.52454257, 0.3207127, 0.61387205, 0.35714287, 0.6914698, 0.7394958, 0.6332993, 0.4370594, 0.43826088, 0.45576787, 0.4725227, 0.4518919, 0.30555555, 0.5164993, 0.41055596, 0.42956764, 0.3647102, 0.33805364, 0.34064516, 0.27013424, 0.3915937, 0.32906765, 0.3756851, 0.45607445, 0.14997794, 0.1492891, 0.20493358, 0.42519686, 0.3989306, 0.45771, 0.5167274, 0.40174672, 0.55181646, 0.3255814, 0.7022824, 0.73160475, 0.62660754, 0.33802816, 0.45587778, 0.40055633, 0.49245742, 0.39041096, 0.2769231, 0.42893064, 0.37944746, 0.44827586]

f1 mean
0.41233245

f1 standard error
0.014277858568665478

uncertainty thresholds
[0.0, 0.01, 0.02, 0.03, 0.04, 0.05, 0.06, 0.07, 0.08, 0.089999996, 0.1, 0.11, 0.12, 0.13, 0.14, 0.14999999, 0.16, 0.17, 0.17999999, 0.19, 0.2, 0.21, 0.22, 0.22999999, 0.24, 0.25, 0.26, 0.26999998, 0.28, 0.29, 0.29999998, 0.31, 0.32, 0.32999998, 0.34, 0.35, 0.35999998, 0.37, 0.38, 0.39, 0.4, 0.41, 0.42000002, 0.43, 0.44, 0.45000002, 0.46, 0.47, 0.48, 0.48999998, 0.5, 0.51, 0.52, 0.53, 0.53999996, 0.55, 0.56, 0.57, 0.58, 0.59, 0.6, 0.61, 0.62, 0.63, 0.64, 0.65, 0.66, 0.67, 0.68, 0.69]

mean coverage of areas missed by mean as tau increases
[0.7726556, 0.7304727, 0.71602124, 0.7036681, 0.69368356, 0.6855958, 0.676122, 0.66736025, 0.6593551, 0.6518447, 0.6447003, 0.6377961, 0.6313403, 0.624156, 0.61729956, 0.6100756, 0.6036281, 0.5983117, 0.59175205, 0.5858177, 0.57942104, 0.5734607, 0.56709445, 0.56138337, 0.55552113, 0.54897696, 0.5429567, 0.5372632, 0.53205276, 0.5267581, 0.5218771, 0.51653636, 0.5113561, 0.50551796, 0.4985328, 0.49365366, 0.4881991, 0.4834931, 0.47751883, 0.4711854, 0.46478602, 0.45884037, 0.45263028, 0.44624904, 0.4397695, 0.43224916, 0.42614526, 0.4198365, 0.41375574, 0.40611336, 0.39900535, 0.3906252, 0.38247338, 0.37318516, 0.36351183, 0.3553732, 0.34696165, 0.33689338, 0.326203, 0.3144803, 0.30152526, 0.28816423, 0.27470043, 0.2583193, 0.24161947, 0.22188386, 0.19916564, 0.16895571, 0.12980318, 0.06614313]

mean size of entirely missed lesions
[nan, 6.1666665, 6.9462366, 6.986607, 6.7992277, 6.716312, 6.563107, 6.3274336, 6.3060107, 6.4020886, 6.2456574, 6.140476, 6.1748877, 6.0468087, 6.278, 6.1485715, 6.2124543, 6.5269566, 6.4436975, 6.819218, 6.7697163, 6.7453704, 6.665179, 6.8872833, 6.93118, 6.963563, 6.8763156, 6.8290815, 7.253117, 7.343864, 7.73445, 7.7139506, 7.7780347, 7.85181, 7.9302073, 8.264957, 8.203781, 8.152331, 8.094608, 8.068725, 8.06543, 8.047025, 8.193609, 8.295539, 8.349134, 8.287511, 8.26708, 8.248904, 8.238961, 8.212766, 8.205021, 8.287006, 8.32607, 8.371542, 8.332044, 8.415585, 8.444111, 8.583333, 8.540305, 8.465, 8.486713, 8.502744, 8.527984, 8.539378, 8.545925, 8.494304, 8.605198, 8.699035, 8.691365, 8.905817]

mean coverage of lesions entirely missed by the mean segmentation
[1.0, 0.8904317, 0.85276586, 0.82070285, 0.7952097, 0.77467185, 0.7505852, 0.7281456, 0.70816773, 0.68942595, 0.67189205, 0.65530485, 0.6399119, 0.62214017, 0.605561, 0.587948, 0.57297456, 0.5609679, 0.5461321, 0.53260344, 0.5186381, 0.5056866, 0.4916767, 0.47937915, 0.46779776, 0.45442417, 0.44257513, 0.43039504, 0.4208155, 0.41020587, 0.40134174, 0.39156136, 0.3823949, 0.37134174, 0.35745797, 0.34954578, 0.3411991, 0.33368015, 0.3236246, 0.3134373, 0.30306473, 0.29364777, 0.28363684, 0.2747091, 0.26552826, 0.25701198, 0.24795163, 0.23864911, 0.23143679, 0.22195387, 0.21251297, 0.20212647, 0.19113727, 0.18010336, 0.16936968, 0.1618107, 0.15404427, 0.14450641, 0.13389833, 0.12440919, 0.113840126, 0.10240694, 0.09422368, 0.08388071, 0.073984966, 0.06402296, 0.05415336, 0.04510215, 0.029128702, 0.01202077]

total number of missing lesions
[0.0, 144.0, 186.0, 224.0, 259.0, 282.0, 309.0, 339.0, 366.0, 383.0, 403.0, 420.0, 446.0, 470.0, 500.0, 525.0, 546.0, 575.0, 595.0, 614.0, 634.0, 648.0, 672.0, 692.0, 712.0, 741.0, 760.0, 784.0, 802.0, 823.0, 836.0, 853.0, 865.0, 884.0, 917.0, 936.0, 952.0, 965.0, 983.0, 1004.0, 1024.0, 1042.0, 1064.0, 1076.0, 1097.0, 1113.0, 1127.0, 1141.0, 1155.0, 1175.0, 1195.0, 1216.0, 1239.0, 1265.0, 1292.0, 1309.0, 1333.0, 1356.0, 1377.0, 1400.0, 1430.0, 1458.0, 1483.0, 1511.0, 1546.0, 1580.0, 1616.0, 1658.0, 1714.0, 1805.0]

proportion of lesions entirely missed
[0.0, 0.028368793, 0.036643025, 0.044129234, 0.05102443, 0.055555556, 0.060874704, 0.06678487, 0.07210402, 0.07545311, 0.07939322, 0.08274232, 0.08786446, 0.09259259, 0.098502755, 0.103427894, 0.10756501, 0.11327817, 0.117218286, 0.12096139, 0.124901496, 0.12765957, 0.13238771, 0.13632782, 0.14026792, 0.14598109, 0.14972419, 0.15445232, 0.15799843, 0.16213554, 0.16469662, 0.1680457, 0.17040977, 0.17415288, 0.18065406, 0.18439716, 0.18754925, 0.19011033, 0.19365643, 0.19779354, 0.20173365, 0.20527975, 0.20961387, 0.21197793, 0.21611506, 0.21926714, 0.22202522, 0.2247833, 0.22754137, 0.23148148, 0.2354216, 0.23955871, 0.24408984, 0.24921198, 0.25453112, 0.2578802, 0.26260835, 0.2671395, 0.2712766, 0.2758077, 0.2817179, 0.28723404, 0.29215917, 0.29767534, 0.30457053, 0.31126872, 0.31836092, 0.32663515, 0.33766747, 0.35559496]

num lesions:
5076

