begin results

reordered GED values
[0.60856664, 0.67484474, 0.4168252, 0.94050616, 1.0152795, 0.7722678, 1.0045716, 0.68690276, 0.745528, 0.53282565, 0.5709115, 0.34077623, 0.95070904, 1.0110419, 1.1023865, 0.84898, 0.56909853, 1.2572515, 0.80555445, 1.0727977, 0.8016064, 1.2968818, 0.93519074, 0.39050242, 0.91616917, 1.0986408, 1.0497196, 1.2320918, 1.192954, 0.66407895, 0.42454073, 0.74328107, 0.63465554, 0.72967094, 1.0510902, 1.1581267, 1.0787466, 0.55083865, 0.62120146, 1.337752, 0.7414582, 1.2723082, 1.0460122, 0.55975705, 1.2943747, 0.8792012, 1.296526, 0.80557865, 0.6576473, 0.6252482, 0.7402817, 0.42425463, 0.27700752, 0.8178387, 0.576341, 0.3667538, 1.1424532, 1.2519464, 0.5509352, 1.0834635, 0.8627447, 0.77304244, 0.54722255, 0.40799272, 0.75072205, 0.4433235, 0.82871944, 1.2086071, 0.8905687, 0.73742634, 0.5756817, 0.86671966, 1.2039138, 0.4780209, 0.57092655, 1.131055, 0.8173094, 1.5553507, 0.8800426, 0.94302255, 0.80805165, 0.9669338, 0.97589946, 1.5766567, 0.9260968, 0.91127455, 0.75582534, 0.4810165, 0.86946595, 1.311428, 1.2576438, 0.8823564, 0.9092626, 0.62713355, 0.56649673, 0.6006795, 0.70668864, 1.2633904, 1.3467878, 0.87918353, 1.0835274, 1.6144979, 0.8477166, 0.6809133, 0.50407726, 1.0261108, 1.0652953, 0.4907852, 1.3395613, 0.99439484, 0.555291, 0.5085091, 0.705969, 1.6433338, 1.1850843, 1.2381929, 1.3203704, 1.2437006, 0.7812464, 1.079534, 1.0409431, 0.86840713, 1.2025838]

reordered GED mean
0.8809714

reordered GED standard error
0.027165203742240955

best dice mean
0.6596575

best dice st_err
0.015438543789358114

reordered best dice mean
0.663346

reordered best dice st_err
0.015276472598166483

best avd mean
32.708378

best avd st_err
5.7738887771779215

reordered best avd mean
27.02787

reordered best avd st_err
5.1318548248449884

bras score
0.7692098425080378

sUEO mean
0.4761648

sUEO standard error
0.0032112440825504997

best tau for max UEO
0.43

max UEO
0.41971323

UEO per tau
[0.0033645106, 0.13858609, 0.17757292, 0.2045184, 0.2257882, 0.24322449, 0.25830346, 0.27152658, 0.28344807, 0.29395118, 0.30351934, 0.3122899, 0.3204192, 0.3278483, 0.33489817, 0.3413492, 0.34746546, 0.35313118, 0.3584799, 0.36347046, 0.36803177, 0.3725045, 0.37665254, 0.38062596, 0.38427433, 0.38800108, 0.3911761, 0.3943291, 0.39729825, 0.39996013, 0.40229133, 0.40457693, 0.40695038, 0.40917417, 0.4109504, 0.4126962, 0.41405407, 0.41530967, 0.41643623, 0.41743, 0.41835648, 0.419073, 0.41960895, 0.41971323, 0.41960627, 0.4192681, 0.41910392, 0.41858742, 0.41751075, 0.4163156, 0.41465852, 0.4127698, 0.41071218, 0.40884906, 0.40622047, 0.40294406, 0.3988615, 0.39463696, 0.38918427, 0.38341683, 0.3764943, 0.36855185, 0.3595634, 0.3482568, 0.33430755, 0.31729034, 0.29572666, 0.26617828, 0.22143115, 0.1293239]

UEO tau AUC
0.35470178723335266

mean_conf calibration curve data: 

mean_conf bin_accuracies: 
[0.0004530356382019818, 0.12354336678981781, 0.22328588366508484, 0.3031189441680908, 0.3789407014846802, 0.44927364587783813, 0.5243930816650391, 0.6062747836112976, 0.7038147449493408, 0.8273615837097168, 0.9587862491607666]

mean_conf bin_confidences: 
[0.00014361165813170373, 0.08875700831413269, 0.1951419711112976, 0.2974224090576172, 0.3982127010822296, 0.499227374792099, 0.5999407172203064, 0.7010486125946045, 0.8024359941482544, 0.9072329998016357, 0.9854450225830078]

mean_conf EXPECTED CALIBRATION ERROR
0.042018484

dice
[0.80269754, 0.7709365, 0.8742051, 0.6411436, 0.59372175, 0.7270311, 0.611465, 0.76405007, 0.7381522, 0.82511854, 0.8135713, 0.8986856, 0.6394252, 0.61638767, 0.55350554, 0.69984025, 0.81491256, 0.44990176, 0.7119212, 0.5710764, 0.71981186, 0.43052024, 0.6506871, 0.8817846, 0.657311, 0.5421786, 0.59138596, 0.48347312, 0.5123537, 0.77217907, 0.8641931, 0.74145216, 0.7867891, 0.74632317, 0.5806244, 0.5359292, 0.5833937, 0.82168657, 0.7958613, 0.43233743, 0.74079573, 0.44786564, 0.60555756, 0.81931216, 0.46234792, 0.6835243, 0.4651163, 0.7191211, 0.7796199, 0.7961764, 0.7369338, 0.8731186, 0.9202857, 0.7181195, 0.8212148, 0.890676, 0.54810286, 0.4763336, 0.829809, 0.5802224, 0.6940428, 0.7330575, 0.8243408, 0.8756542, 0.7402812, 0.86340266, 0.7109416, 0.5115248, 0.68404716, 0.75376725, 0.8135076, 0.6834764, 0.48351648, 0.8477956, 0.80617607, 0.5089371, 0.71836835, 0.25330397, 0.6929863, 0.6707317, 0.7168738, 0.64116573, 0.6479769, 0.23088023, 0.65456486, 0.67292017, 0.73220336, 0.85036975, 0.67218125, 0.4425249, 0.4804992, 0.6869627, 0.6679463, 0.7917734, 0.81828445, 0.8057271, 0.76186967, 0.48654038, 0.43354604, 0.6843177, 0.57000685, 0.24344514, 0.7029953, 0.7700165, 0.84160376, 0.0, 0.589628, 0.5781469, 0.8444349, 0.41260746, 0.62940705, 0.0, 0.82433915, 0.8421212, 0.7689582, 0.18047883, 0.54781014, 0.50322163, 0.44593167, 0.48961425, 0.7370366, 0.6018356, 0.6170176, 0.69822127, 0.52110296]

dice mean
0.6656199

dice standard error
0.013859145444985458

hd95
[1.4142135, 2.236068, 1.4142135, 9.219544, 13.928389, 2.2680812, 38.94828, 2.4494898, 5.656854, 1.4459972, 4.7249575, 2.0, 6.164414, 11.575837, 13.946314, 6.708204, 1.7320508, 11.224972, 4.472136, 15.139347, 4.5494437, 11.478225, 5.477226, 3.1622777, 3.6599936, 7.2111025, 5.3851647, 5.3851647, 9.69536, 4.1231055, 1.4142135, 1.4142135, 2.0, 2.4684367, 13.464727, 12.471609, 12.083046, 1.7320508, 3.1622777, 10.770329, 4.690416, 5.652767, 4.8989797, 1.4142135, 8.5440035, 2.236068, 13.56466, 2.236068, 2.0, 2.4494898, 2.236068, 1.4142135, 1.4142135, 2.828427, 1.7320508, 1.4142135, 6.5574384, 7.4149723, 4.1709194, 4.2426405, 2.0, 2.236068, 4.1231055, 1.7320508, 2.0, 2.236068, 7.81025, 6.3677683, 3.1622777, 2.236068, 1.7320508, 3.3166249, 18.02767, 2.0, 1.7320508, 13.800735, 9.433981, 41.007927, 6.6744742, 5.0990195, 5.966432, 5.477226, 6.0827627, 14.135047, 6.4031243, 2.236068, 4.2426405, 1.4142135, 7.3484693, 17.115282, 11.423638, 5.3851647, 2.4494898, 4.1231055, 1.7320508, 1.4142135, 6.4807405, 19.129818, 9.273619, 2.236068, 5.0, 8.602325, 3.3166249, 3.1622777, 1.4142135, nan, 8.040467, 4.582576, 1.4142135, 14.866069, 8.306623, nan, 5.91608, 3.0, 6.164414, 75.41916, 8.5440035, 7.0, 11.974869, 8.83176, 6.4031243, 7.0, 6.164414, 5.0, 10.488089]

hd95 mean
6.9129906

hd95 standard error
0.7814368985648452

avd
[16.47553, 8.916542, 9.852259, 5.886333, 21.677097, 7.244786, 13.605442, 6.8131866, 23.415047, 19.080757, 14.883873, 2.4304557, 5.1618547, 17.266462, 71.0, 15.574096, 2.55602, 47.990257, 15.50058, 29.073034, 22.2199, 11.135371, 20.481928, 3.2581913, 28.093386, 3.064516, 6.826667, 60.73514, 3.4391534, 22.336367, 14.659511, 5.7462687, 3.182816, 11.842558, 9.035034, 133.5301, 32.540646, 4.8542476, 11.979522, 34.110786, 12.425102, 15.374677, 45.841446, 12.677368, 82.88372, 6.781046, 51.242443, 36.260067, 18.038105, 12.543352, 6.081081, 16.710596, 7.9178677, 36.417526, 15.119315, 3.9786277, 6.8824406, 47.011494, 13.290485, 60.527676, 25.071596, 41.806396, 3.0109658, 7.7128534, 2.5125628, 6.21118, 17.210081, 43.333332, 17.408907, 17.007147, 15.566158, 49.19786, 33.794468, 11.721357, 1.7229954, 7.7969947, 22.732193, 503.87598, 6.3220844, 48.942043, 5.6499486, 1.3095862, 31.5875, 245.65916, 28.32264, 10.131387, 11.835578, 4.4638777, 4.59897, 57.075024, 61.33045, 42.437923, 6.559406, 26.07384, 18.132055, 16.300774, 15.039645, 78.611115, 63.455315, 35.44198, 61.11111, 82.97909, 30.10423, 4.1484475, 16.260942, 100.0, 19.826517, 49.782055, 7.892347, 53.81818, 9.538344, 100.0, 15.207374, 21.005142, 14.84499, 514.4737, 56.027283, 47.718723, 29.284426, 12.430427, 21.864239, 35.33707, 46.0058, 16.47848, 86.6129]

avd mean
34.18866

avd standard error
6.153375189585717

recall
[0.61538464, 0.6891892, 0.6666667, 0.64102566, 0.57894737, 0.6363636, 0.42424244, 0.7, 0.5555556, 0.5882353, 0.62068963, 0.34042552, 0.6, 0.16883117, 0.7777778, 0.734375, 0.35384616, 0.5, 0.5897436, 0.2, 0.62068963, 0.52380955, 0.75, 0.65, 0.33333334, 0.5263158, 0.7375, 0.21568628, 0.78571427, 0.61538464, 0.6086956, 0.7083333, 0.73170733, 0.68604654, 0.46666667, 0.9285714, 0.225, 0.6956522, 0.2682927, 0.29166666, 0.77272725, 0.5, 0.19642857, 0.76086956, 0.8666667, 0.8, 0.82222223, 0.4673913, 0.67105263, 0.7746479, 0.7619048, 0.61538464, 0.7222222, 0.6542056, 0.65217394, 0.63793105, 0.5104167, 0.140625, 0.32, 0.82222223, 0.35555556, 0.6666667, 0.7017544, 0.725, 0.75, 0.6321839, 0.5671642, 0.3846154, 0.6, 0.5375, 0.6, 0.9, 0.75, 0.7058824, 0.73913044, 0.6438356, 0.516129, 0.875, 0.24590164, 0.6333333, 0.5959596, 0.6041667, 0.26993865, 0.31914893, 0.3181818, 0.71428573, 0.71929824, 0.63461536, 0.7027027, 0.14634146, 0.20618556, 0.3859649, 0.90909094, 0.53125, 0.72, 0.7966102, 0.6666667, 0.53846157, 0.21428572, 0.5471698, 0.5555556, 0.2264151, 0.5641026, 0.3652174, 0.67741936, 0.0, 0.625, 0.42105263, 0.63829786, 0.8666667, 0.6619718, 0.0, 0.6333333, 0.5769231, 0.19090909, 1.0, 0.10204082, 0.21875, 0.38709676, 0.37037036, 0.3115942, 0.296875, 0.26966292, 0.32, 0.7307692]

recall mean
0.5601582

recall standard error
0.01847180852437142

f1
[0.6004415, 0.7469946, 0.68292683, 0.5102041, 0.333053, 0.6306306, 0.3864492, 0.65796345, 0.6837607, 0.6727829, 0.72, 0.41438848, 0.48, 0.24153948, 0.58878505, 0.72778463, 0.45644984, 0.375, 0.6401591, 0.27160493, 0.6180258, 0.5457552, 0.79646015, 0.60818714, 0.4, 0.5235602, 0.73831433, 0.32501274, 0.62857145, 0.62794346, 0.6754386, 0.5987421, 0.58171743, 0.7112897, 0.45941278, 0.47597253, 0.3285528, 0.7080657, 0.3790995, 0.40091637, 0.3630816, 0.5090909, 0.3134191, 0.7410423, 0.34932822, 0.60167134, 0.62858814, 0.59213114, 0.67302054, 0.8396947, 0.7254408, 0.64, 0.63505745, 0.75734156, 0.6866614, 0.642999, 0.5536723, 0.2088167, 0.45630175, 0.64699453, 0.46376812, 0.6007326, 0.6311956, 0.47712082, 0.6792453, 0.5725853, 0.62106, 0.5225653, 0.58867925, 0.66199315, 0.6420664, 0.8294931, 0.33707866, 0.7887324, 0.72649574, 0.69609004, 0.61330324, 0.28668943, 0.3464674, 0.6733436, 0.616678, 0.57884234, 0.40640393, 0.3378922, 0.38268793, 0.5479452, 0.7153973, 0.54908484, 0.55602044, 0.25154132, 0.33550793, 0.5267606, 0.6896552, 0.625363, 0.7659575, 0.7781696, 0.6788512, 0.34146342, 0.33333334, 0.63272727, 0.29411766, 0.33802816, 0.6066973, 0.4920502, 0.7014614, 0.0, 0.5785124, 0.53333336, 0.7011686, 0.45936397, 0.72607386, 0.0, 0.71307504, 0.6983806, 0.30129126, 0.24242425, 0.18191005, 0.34164456, 0.47058824, 0.47186932, 0.4614353, 0.44372365, 0.39287433, 0.44582042, 0.57114226]

f1 mean
0.5454657

f1 standard error
0.014086731196903086

uncertainty thresholds
[0.0, 0.01, 0.02, 0.03, 0.04, 0.05, 0.06, 0.07, 0.08, 0.089999996, 0.1, 0.11, 0.12, 0.13, 0.14, 0.14999999, 0.16, 0.17, 0.17999999, 0.19, 0.2, 0.21, 0.22, 0.22999999, 0.24, 0.25, 0.26, 0.26999998, 0.28, 0.29, 0.29999998, 0.31, 0.32, 0.32999998, 0.34, 0.35, 0.35999998, 0.37, 0.38, 0.39, 0.4, 0.41, 0.42000002, 0.43, 0.44, 0.45000002, 0.46, 0.47, 0.48, 0.48999998, 0.5, 0.51, 0.52, 0.53, 0.53999996, 0.55, 0.56, 0.57, 0.58, 0.59, 0.6, 0.61, 0.62, 0.63, 0.64, 0.65, 0.66, 0.67, 0.68, 0.69]

mean coverage of areas missed by mean as tau increases
[0.8684211, 0.7816867, 0.75208944, 0.7294881, 0.71023524, 0.69230384, 0.6779434, 0.6642345, 0.6509948, 0.6387849, 0.6266879, 0.6160534, 0.604967, 0.59411144, 0.584208, 0.57493323, 0.56521475, 0.5574469, 0.5492265, 0.5404978, 0.53193206, 0.52361226, 0.51649475, 0.5091431, 0.5018038, 0.4945466, 0.48741388, 0.47948757, 0.47223142, 0.4646404, 0.4576357, 0.45089963, 0.4435389, 0.4368398, 0.42955422, 0.42193684, 0.41481465, 0.40718955, 0.3994848, 0.39276695, 0.3862858, 0.37820128, 0.3715537, 0.36314473, 0.35522473, 0.3481896, 0.33992743, 0.33287558, 0.32555714, 0.31750518, 0.30935362, 0.3014877, 0.29291075, 0.28402245, 0.27599412, 0.26782, 0.2587953, 0.25016993, 0.23971634, 0.22817482, 0.21697386, 0.20604995, 0.1948779, 0.18023647, 0.16539373, 0.15035675, 0.13047779, 0.10858364, 0.080435425, 0.036419697]

mean size of entirely missed lesions
[nan, 9.092943, 11.148527, 10.893617, 11.102176, 10.904319, 10.569961, 10.387815, 10.047983, 9.74734, 9.45188, 9.238212, 9.01349, 8.820803, 8.619333, 8.500265, 8.336756, 8.231384, 8.215992, 8.117844, 8.012623, 7.9284077, 7.87613, 7.788795, 7.7331586, 7.6691017, 7.6113706, 7.5613523, 7.5678453, 7.516403, 7.46243, 7.4053626, 7.3492804, 7.314538, 7.304693, 7.2581367, 7.2125463, 7.188638, 7.1705036, 7.1490197, 7.1246467, 7.107392, 7.0915055, 7.068507, 7.035306, 7.051282, 7.039816, 7.035854, 7.0161552, 7.01888, 6.9927306, 7.0003133, 6.973994, 6.9637704, 6.9364743, 6.9210606, 6.935042, 6.928045, 6.9119186, 6.9018087, 6.898185, 6.903964, 6.910724, 6.8811855, 6.8738933, 6.8393755, 6.833029, 6.834444, 6.8326235, 6.8438787]

mean coverage of lesions entirely missed by the mean segmentation
[1.0, 0.82018137, 0.7627049, 0.7192442, 0.6828074, 0.6502169, 0.62443095, 0.60062075, 0.5774776, 0.5574318, 0.5368923, 0.51940525, 0.50088465, 0.483019, 0.46639234, 0.4514186, 0.4353623, 0.4242564, 0.41268986, 0.4011524, 0.38849443, 0.37668735, 0.3673069, 0.35672998, 0.34674707, 0.3378457, 0.3287192, 0.31962174, 0.31004906, 0.30045748, 0.29191417, 0.2834406, 0.2747294, 0.26687545, 0.25844413, 0.25007868, 0.24271274, 0.2348508, 0.22742583, 0.22080979, 0.21478647, 0.20736791, 0.20210025, 0.19469082, 0.18659307, 0.18008341, 0.17247032, 0.16636354, 0.16050902, 0.15510562, 0.14856963, 0.14213169, 0.13513696, 0.1294897, 0.123634905, 0.11784844, 0.11219407, 0.10661396, 0.098791905, 0.09160599, 0.08494041, 0.077446975, 0.07206729, 0.062924765, 0.05587494, 0.04860232, 0.040481124, 0.032405466, 0.022683676, 0.008604788]

total number of missing lesions
[0.0, 581.0, 781.0, 940.0, 1057.0, 1181.0, 1265.0, 1346.0, 1438.0, 1504.0, 1569.0, 1633.0, 1705.0, 1769.0, 1831.0, 1887.0, 1948.0, 2001.0, 2051.0, 2096.0, 2139.0, 2179.0, 2212.0, 2249.0, 2286.0, 2327.0, 2357.0, 2396.0, 2432.0, 2469.0, 2502.0, 2536.0, 2571.0, 2607.0, 2642.0, 2673.0, 2710.0, 2746.0, 2780.0, 2805.0, 2832.0, 2868.0, 2896.0, 2934.0, 2974.0, 3003.0, 3039.0, 3068.0, 3095.0, 3125.0, 3164.0, 3194.0, 3230.0, 3257.0, 3290.0, 3319.0, 3356.0, 3391.0, 3440.0, 3483.0, 3526.0, 3582.0, 3618.0, 3678.0, 3727.0, 3779.0, 3833.0, 3902.0, 3991.0, 4125.0]

proportion of lesions entirely missed
[0.0, 0.0639727, 0.08599427, 0.10350143, 0.11638406, 0.13003744, 0.1392865, 0.14820524, 0.15833516, 0.1656023, 0.17275931, 0.1798062, 0.18773398, 0.19478089, 0.20160757, 0.20777361, 0.2144902, 0.22032592, 0.22583131, 0.23078617, 0.23552081, 0.23992513, 0.24355869, 0.24763268, 0.25170666, 0.2562211, 0.25952435, 0.26381853, 0.26778242, 0.27185643, 0.27549, 0.27923363, 0.28308743, 0.28705132, 0.2909051, 0.29431844, 0.29839242, 0.3023563, 0.30609998, 0.30885267, 0.3118256, 0.31578946, 0.31887248, 0.3230566, 0.3274609, 0.33065405, 0.3346179, 0.33781105, 0.34078395, 0.3440872, 0.3483814, 0.35168466, 0.35564855, 0.35862145, 0.362255, 0.36544815, 0.36952212, 0.37337592, 0.3787712, 0.38350582, 0.3882405, 0.39440653, 0.39837041, 0.40497687, 0.41037217, 0.4160978, 0.4220436, 0.42964104, 0.43944064, 0.4541951]

num lesions:
9082

