results for deterministic_brier_mean_sum

deterministic_brier_mean_sum dice
tensor([0.4283, 0.8655, 0.6052, 0.8698, 0.5200, 0.8328, 0.6721, 0.6091, 0.3926,
        0.7632, 0.7976, 0.8820, 0.8351, 0.8303, 0.6242, 0.7848, 0.8249, 0.7631,
        0.7811, 0.5694, 0.6486, 0.6677, 0.7107, 0.8190, 0.5234, 0.3625, 0.8219,
        0.2923, 0.6103, 0.8063, 0.6977, 0.5275, 0.4332, 0.8163, 0.5304])
deterministic_brier_mean_sum hd95
tensor([13.1909,  1.4142,  6.7823,  2.0000,  6.4031,  1.4142,  6.0124,  7.0000,
        18.2866,  2.2361,  2.2361,  2.0000,  1.4142,  2.2361,  4.0850,  2.8284,
         3.0000,  5.0297,  6.4070,  5.4772,  6.1644,  5.0000,  9.1896,  3.1623,
        10.6301,  9.8489,  4.1231, 13.2305, 10.0995,  8.0623,  4.1231,  9.7980,
         8.2427,  5.6569,  9.1323])
deterministic_brier_mean_sum avd
tensor([46.4741,  9.9672, 32.2142,  7.3390, 59.6384, 13.9821, 30.6782, 41.0117,
        59.1793, 11.7427, 23.7085, 14.9812, 13.1759, 20.0215,  6.9114,  9.5815,
        24.8759, 14.6374, 12.6085, 73.9695, 33.6710, 23.4873,  3.8670,  5.6200,
        38.4550, 54.1788, 11.6815, 43.6652, 21.8483, 15.9669, 33.2635, 81.9355,
        17.9963, 20.0926, 58.9644])
deterministic_brier_mean_sum recall
tensor([0.7556, 0.6333, 0.3200, 0.4318, 0.1429, 0.6415, 0.4118, 0.4697, 0.2083,
        0.7556, 0.5600, 0.4359, 0.7234, 0.7143, 0.5000, 0.6957, 0.6026, 0.5000,
        0.5000, 0.5556, 0.2515, 0.4464, 0.3095, 0.4375, 0.3611, 0.2361, 0.1641,
        0.3514, 0.1860, 0.1444, 0.4717, 0.7692, 0.3704, 0.2467, 0.0816])
deterministic_brier_mean_sum f1
tensor([0.5808, 0.6073, 0.4367, 0.5003, 0.2474, 0.6180, 0.5224, 0.5905, 0.3121,
        0.6841, 0.6308, 0.5713, 0.6706, 0.7692, 0.5946, 0.6957, 0.7354, 0.6087,
        0.6154, 0.3704, 0.3879, 0.5208, 0.4210, 0.5309, 0.4377, 0.3613, 0.2728,
        0.4252, 0.2660, 0.2351, 0.5935, 0.5469, 0.4339, 0.3823, 0.1483])

deterministic_brier_mean_sum bin confidences
[0.000743634533137083, 0.08702497184276581, 0.19489477574825287, 0.2971614897251129, 0.39855149388313293, 0.4992744028568268, 0.6000376343727112, 0.7011170387268066, 0.8027052283287048, 0.9080730676651001, 0.9842126965522766]
deterministic_brier_mean_sum bin accuracies
[0.00040631796582601964, 0.13241596519947052, 0.24833190441131592, 0.334842711687088, 0.4240388572216034, 0.4905807673931122, 0.5817890763282776, 0.6635509133338928, 0.7544631958007812, 0.8667369484901428, 0.9741866588592529]
deterministic_brier_mean_sum EXPECTED CALIBRATION ERROR: note we skip the first bin due to its size
tensor(0.0324)

deterministic_brier_mean_sum dice
tensor([0.8008, 0.7112, 0.3388, 0.0717, 0.0654, 0.2160, 0.6714, 0.6683, 0.3425,
        0.7014, 0.7304, 0.5747, 0.8055, 0.7568, 0.6438, 0.2856, 0.6880, 0.6038,
        0.3856, 0.7317, 0.2043, 0.7298, 0.6296, 0.1864, 0.1200, 0.0437, 0.3114,
        0.3199, 0.6936, 0.1202, 0.6948, 0.0943, 0.6722, 0.8467, 0.2809, 0.1936,
        0.8405, 0.7433, 0.7241, 0.7410, 0.5397, 0.4022, 0.3431, 0.7549, 0.6830,
        0.6170, 0.5411, 0.4984, 0.4683, 0.2270, 0.4339, 0.5457, 0.6548, 0.5413,
        0.4631, 0.2445, 0.6592, 0.6246, 0.5954, 0.3372])
deterministic_brier_mean_sum hd95
tensor([11.0454, 13.0000, 22.2092, 27.2635, 30.6496, 19.2549, 18.8162, 23.9520,
        19.9599, 16.0857, 16.1601, 15.8430, 12.2474, 14.0712, 20.3335, 17.4642,
        15.2971, 10.2470, 10.3826, 17.9666, 24.8998, 13.3791, 13.0384, 24.4949,
        24.0624, 27.0592, 20.5913, 20.3224, 12.0416, 26.0173, 15.5242, 26.0346,
        16.0312, 11.0000, 21.0000, 24.6779,  6.4031, 17.0294, 17.7200,  9.1104,
        10.4523, 21.1187, 18.4662,  4.5826,  9.1104, 13.4907, 17.8269, 12.8316,
        24.3844, 24.7689, 15.0997, 15.7797,  7.3485,  8.3516, 18.6520, 24.3413,
        11.8743,  7.2801,  9.4763, 19.1637])
deterministic_brier_mean_sum avd
tensor([1.4543e+01, 2.1557e+01, 1.5752e+02, 1.2724e+03, 7.2392e+02, 6.8093e+02,
        8.3815e+01, 8.7570e+01, 1.6998e+02, 3.1612e+01, 1.4662e+01, 2.5187e+01,
        2.1596e+01, 2.3643e+01, 1.4583e+01, 7.8954e+01, 1.2042e+00, 4.9860e+01,
        6.9888e+01, 3.4806e+00, 3.3934e+01, 8.8016e+00, 3.0231e+00, 5.4569e+02,
        4.8871e+02, 1.3089e+02, 2.0783e+02, 6.5761e+01, 4.7419e+01, 1.2066e+03,
        3.3099e+01, 1.8136e+02, 3.3032e+01, 5.6741e+00, 3.4097e+02, 5.7492e+02,
        4.8483e+00, 2.2751e+01, 1.1879e+01, 2.4757e+01, 1.5945e+01, 1.0029e+02,
        3.8271e+01, 1.6861e+00, 1.3218e+01, 2.2213e+01, 8.4562e+01, 1.6220e+01,
        1.0018e+01, 4.2508e+01, 1.2192e+02, 4.4297e+00, 1.6436e+01, 2.8299e+01,
        9.3615e+01, 1.6902e+02, 3.8295e+01, 2.7068e+01, 2.2799e+01, 6.7295e+00])
deterministic_brier_mean_sum recall
tensor([0.5429, 0.4625, 0.4200, 0.3913, 0.5789, 0.6061, 0.8125, 0.9000, 0.4091,
        0.2500, 0.6842, 0.3171, 0.3415, 0.3571, 0.2619, 0.4103, 0.5000, 0.2895,
        0.3333, 0.2969, 0.4691, 0.4925, 0.4839, 0.8333, 0.3621, 0.4737, 0.7647,
        0.3934, 0.6491, 0.8095, 0.5750, 0.6667, 0.5488, 0.4057, 0.5833, 0.5652,
        0.4532, 0.4404, 0.5811, 0.5091, 0.4124, 0.7200, 0.3826, 0.4643, 0.5732,
        0.6087, 0.7333, 0.6053, 0.5789, 0.4000, 0.6279, 0.5000, 0.6582, 0.7949,
        0.5429, 0.6176, 0.7234, 0.3542, 0.5987, 0.4146])
deterministic_brier_mean_sum f1
tensor([0.4200, 0.3483, 0.1737, 0.0819, 0.0926, 0.0480, 0.1331, 0.2327, 0.1434,
        0.2846, 0.2066, 0.2440, 0.3656, 0.2772, 0.1447, 0.3394, 0.4224, 0.3613,
        0.3474, 0.2897, 0.3053, 0.3899, 0.3478, 0.1130, 0.1388, 0.2611, 0.1353,
        0.3498, 0.4391, 0.0734, 0.2009, 0.0767, 0.3603, 0.3231, 0.2004, 0.2083,
        0.4409, 0.3912, 0.3565, 0.3705, 0.4093, 0.1596, 0.3911, 0.4974, 0.4845,
        0.3163, 0.1874, 0.3718, 0.2614, 0.2592, 0.2749, 0.4306, 0.5144, 0.6517,
        0.2291, 0.1907, 0.4280, 0.3829, 0.6036, 0.3905])

deterministic_brier_mean_sum bin confidences
[0.0011255103163421154, 0.0866435095667839, 0.19415360689163208, 0.29667040705680847, 0.39788928627967834, 0.4987277686595917, 0.5995287895202637, 0.70063316822052, 0.8017896413803101, 0.9068174362182617, 0.9820002317428589]
deterministic_brier_mean_sum bin accuracies
[0.0009807965252548456, 0.05063227191567421, 0.09267327934503555, 0.1325129270553589, 0.1748395562171936, 0.22426320612430573, 0.2788228392601013, 0.3410276472568512, 0.43373891711235046, 0.590606153011322, 0.8374109268188477]
deterministic_brier_mean_sum EXPECTED CALIBRATION ERROR: note we skip the first bin due to its size
tensor(0.1452)

OUT OF DISTRIBUTION RESULTS BELOW

