begin results

reordered GED values
[0.66351277, 0.6832424, 0.46330288, 1.0459402, 1.0471852, 0.8370938, 1.1064712, 0.80924475, 0.8749843, 0.68345606, 0.6296493, 0.36025688, 1.1166241, 1.1287899, 1.4818288, 0.87801474, 0.6129211, 1.3693494, 0.9155679, 1.1743357, 0.88973314, 1.3389626, 0.9999034, 0.41268358, 1.0337261, 1.241671, 1.0859634, 1.215351, 1.3194188, 0.70275563, 0.43010446, 0.8954398, 0.73505056, 0.77466244, 0.9659905, 1.3052669, 1.1180644, 0.60715955, 0.643099, 1.3765913, 0.8431818, 1.3465288, 1.0854548, 0.558483, 1.3890547, 0.9408135, 1.408016, 0.97088563, 0.5995052, 0.6517729, 0.9115033, 0.42842725, 0.2826035, 0.8202527, 0.6014012, 0.38222894, 1.2246764, 1.3672801, 0.5454325, 1.1600461, 0.9881625, 0.7928542, 0.5714353, 0.40568215, 0.7928671, 0.4471739, 0.85446125, 1.2854937, 0.95787203, 0.75686026, 0.5879854, 0.8784342, 1.298005, 0.500747, 0.52550966, 1.2301697, 0.84198916, 1.6820537, 0.9464409, 0.935022, 0.844105, 1.0783545, 1.058008, 1.7386215, 1.0336154, 0.9453697, 0.8027334, 0.50630957, 0.93224764, 1.3075066, 1.2120066, 0.8690104, 1.0222085, 0.49233428, 0.5869787, 0.5840631, 0.7558196, 1.4676087, 1.2469419, 0.81676465, 1.2894387, 1.6103226, 0.8597538, 0.6590139, 0.47412705, 1.8774139, 1.3057436, 1.0999845, 0.5462946, 1.3741544, 0.9828217, 1.6723467, 0.5971258, 0.6207236, 0.7501829, 1.7710104, 1.2589183, 1.3326049, 1.3920748, 1.2722985, 0.8388037, 1.159007, 1.062068, 0.9504006, 1.3055259]

reordered GED mean
0.95306325

reordered GED standard error
0.03066409008519871

best dice mean
0.64641774

best dice st_err
0.01588305004080048

reordered best dice mean
0.6472465

reordered best dice st_err
0.015835159857728674

best avd mean
42.0619

best avd st_err
8.404758412592265

reordered best avd mean
39.920753

reordered best avd st_err
8.037689238383031

bras score
0.8057123770316441

sUEO mean
0.43787032

sUEO standard error
0.005803506634962408

best tau for max UEO
0.47

max UEO
0.3920344

UEO per tau
[0.0037916335, 0.04780159, 0.13126539, 0.1841556, 0.21306652, 0.23220406, 0.24635726, 0.25765666, 0.26723087, 0.27555346, 0.28280944, 0.28942254, 0.29569015, 0.30146673, 0.30682173, 0.31193334, 0.3167595, 0.3214051, 0.32591447, 0.33008763, 0.33397645, 0.33774132, 0.3416172, 0.34518573, 0.34847638, 0.35178334, 0.35499886, 0.3580414, 0.3610569, 0.36389667, 0.36663648, 0.36926565, 0.37159812, 0.37399095, 0.37612692, 0.37843516, 0.38059995, 0.38248882, 0.38402337, 0.38556138, 0.3868206, 0.38784826, 0.38918096, 0.38999254, 0.39073783, 0.3912429, 0.39180848, 0.3920344, 0.3917981, 0.39144614, 0.39084005, 0.39012557, 0.38896915, 0.38735273, 0.38498068, 0.38262418, 0.37959746, 0.37630612, 0.37218133, 0.36753565, 0.36137542, 0.35424668, 0.34537268, 0.33503377, 0.3221694, 0.30602092, 0.2862005, 0.2584279, 0.21572675, 0.12495495]

UEO tau AUC
0.3285806179046631

mean_only calibration curve data: 

mean_only bin_accuracies: 
[0.00045629608212038875, 0.09895488619804382, 0.18585105240345, 0.2668426036834717, 0.34163302183151245, 0.41145914793014526, 0.48577845096588135, 0.5572448372840881, 0.6317027807235718, 0.7227816581726074, 0.9189160466194153]

mean_only bin_confidences: 
[0.0006446235929615796, 0.09031736105680466, 0.19522729516029358, 0.2967880368232727, 0.39794766902923584, 0.49861592054367065, 0.599089503288269, 0.699938952922821, 0.8011106252670288, 0.9053084850311279, 0.9903193116188049]

mean_only EXPECTED CALIBRATION ERROR
0.058363456

dice
[0.78662026, 0.7791503, 0.8609499, 0.6209495, 0.62166137, 0.71428573, 0.5898004, 0.72995883, 0.70082647, 0.777368, 0.8013385, 0.89524317, 0.5860608, 0.57845396, 0.36734694, 0.7024445, 0.80483985, 0.43807846, 0.68290824, 0.5568628, 0.693378, 0.46074834, 0.6412537, 0.8782272, 0.63079613, 0.51335233, 0.5984405, 0.52629274, 0.47135416, 0.7666721, 0.8689592, 0.693306, 0.7547196, 0.7386115, 0.66218907, 0.48353657, 0.58639604, 0.8093212, 0.7966083, 0.44369936, 0.7127954, 0.45586458, 0.5976249, 0.8258112, 0.4326343, 0.6728165, 0.4229424, 0.6577989, 0.80873996, 0.792272, 0.68323976, 0.872457, 0.9187782, 0.7219364, 0.8129277, 0.88643575, 0.52698964, 0.4412453, 0.83108205, 0.5643368, 0.65024185, 0.7361762, 0.81891954, 0.8791292, 0.73577064, 0.86561906, 0.7141738, 0.49609035, 0.66707885, 0.7470698, 0.8146303, 0.6983588, 0.48726654, 0.8472462, 0.83630365, 0.52571917, 0.7194367, 0.22222222, 0.6724483, 0.6784861, 0.71286917, 0.6085022, 0.6217599, 0.1825, 0.62528527, 0.6736641, 0.7340609, 0.84558505, 0.67370474, 0.4862932, 0.53775585, 0.70506525, 0.63906056, 0.8484849, 0.81669426, 0.81411844, 0.75241876, 0.37909517, 0.5169464, 0.7245863, 0.494659, 0.27723327, 0.7098289, 0.78989947, 0.8554119, 0.00021452323, 0.4822781, 0.5840758, 0.8288943, 0.43462896, 0.6470351, 0.0, 0.8121151, 0.804964, 0.7539076, 0.15151516, 0.51565844, 0.4726893, 0.43012822, 0.4990403, 0.71783763, 0.5724523, 0.6165668, 0.67134434, 0.48158035]

dice mean
0.65501076

dice standard error
0.014365079215437788

hd95
[2.236068, 2.236068, 1.4142135, 11.7046995, 11.747263, 3.6055512, 15.816425, 13.58848, 8.602325, 5.5210094, 4.358899, 2.4494898, 15.556349, 14.59452, 21.272038, 9.219544, 2.0, 18.138357, 7.0675144, 18.801554, 8.062258, 10.049875, 4.236664, 2.4494898, 17.646353, 9.08291, 5.0990195, 12.674764, 17.674753, 5.403577, 1.4142135, 18.027756, 2.828427, 2.236068, 20.588675, 19.934872, 13.509218, 2.0, 4.582576, 15.041491, 9.23847, 13.700321, 14.573924, 1.4142135, 23.216373, 13.453624, 14.964883, 3.1622777, 2.236068, 1.7320508, 10.561317, 1.4142135, 1.4142135, 2.236068, 3.0, 1.7320508, 15.033297, 18.530607, 4.2426405, 10.198039, 3.1622777, 2.236068, 6.0827627, 1.4142135, 2.236068, 2.236068, 7.28011, 18.635977, 4.582576, 2.236068, 1.7320508, 8.43969, 19.874607, 2.0, 2.364121, 8.602325, 6.9136157, 41.241364, 7.28011, 6.0, 5.7445626, 13.453624, 7.3484693, 18.95782, 18.008327, 3.1622777, 3.0, 1.4142135, 7.8485045, 13.003789, 9.055386, 4.1231055, 3.1622777, 2.236068, 1.7320508, 1.4142135, 6.0827627, 31.549168, 7.0, 2.236068, 8.0, 16.590654, 5.674264, 3.6055512, 1.4142135, 29.315506, 10.0, 13.31727, 1.4142135, 20.612469, 4.1231055, 75.855125, 5.0990195, 3.0, 7.609179, 75.76642, 8.602325, 10.473754, 18.481049, 17.058722, 7.5498343, 8.587745, 6.164414, 9.581096, 13.038404]

hd95 mean
9.956362

hd95 standard error
0.9926622982116607

avd
[7.528103, 8.515452, 11.474433, 24.458729, 4.305382, 6.43981, 30.102041, 18.505495, 21.005917, 20.084156, 14.262349, 5.431089, 27.209099, 49.11945, 241.0, 13.455172, 5.5848694, 76.37028, 3.092385, 20.926966, 0.18812709, 21.441048, 3.1841652, 0.1287096, 22.101168, 7.3655915, 18.88, 43.21539, 3.1746032, 19.98826, 5.8705134, 18.507463, 25.070555, 4.503266, 47.080517, 187.24911, 23.052656, 6.9018726, 10.013652, 26.093294, 22.18543, 13.69509, 40.72323, 4.5363336, 123.81396, 8.129085, 88.04567, 44.80041, 12.964241, 7.0231214, 10.6418915, 15.594799, 7.846407, 36.50565, 18.442142, 2.3933587, 15.029762, 40.316093, 11.090708, 60.527676, 31.424109, 40.552345, 9.181587, 1.1245959, 1.5912898, 0.10286031, 2.4321465, 40.13889, 18.2861, 21.396088, 15.276476, 36.229946, 32.806324, 14.947164, 0.7952286, 0.08505812, 21.671358, 609.3023, 7.9026055, 43.882244, 8.004094, 11.943426, 33.709263, 314.46945, 0.82493126, 14.189781, 5.646114, 1.3431642, 26.526857, 40.645775, 46.727962, 33.436794, 0.24752475, 9.423933, 13.92405, 7.095132, 23.75309, 156.11111, 48.693054, 22.790113, 127.150536, 77.579704, 17.228695, 11.472453, 11.21973, 99.10173, 72.697235, 41.424923, 13.712541, 108.72727, 10.835559, 99.97514, 17.419355, 28.412884, 19.934399, 755.2632, 56.876392, 43.417824, 12.387252, 6.679035, 23.325935, 38.86908, 43.88347, 10.39687, 102.09677]

avd mean
42.44727

avd standard error
8.40099978758614

recall
[0.71794873, 0.6621622, 0.6, 0.6923077, 0.57894737, 0.75757575, 0.45454547, 0.5, 0.6666667, 0.5882353, 0.62068963, 0.29787233, 0.6, 0.18181819, 0.8148148, 0.625, 0.32307693, 0.5263158, 0.5897436, 0.2, 0.63793105, 0.53968257, 0.8214286, 0.65, 0.24242425, 0.55263156, 0.8, 0.27450982, 0.71428573, 0.61538464, 0.65217394, 0.6666667, 0.85365856, 0.68604654, 0.5555556, 0.9285714, 0.225, 0.6413044, 0.20731707, 0.3888889, 0.95454544, 0.6111111, 0.23214285, 0.7173913, 0.8666667, 0.71428573, 0.8666667, 0.35869566, 0.6447368, 0.8169014, 0.7619048, 0.53846157, 0.6666667, 0.69158876, 0.6956522, 0.62068963, 0.5416667, 0.21875, 0.31333333, 0.82222223, 0.4, 0.65217394, 0.75438595, 0.725, 0.71875, 0.5632184, 0.47761193, 0.30769232, 0.6545454, 0.575, 0.6545454, 0.8, 0.75, 0.7058824, 0.7826087, 0.6438356, 0.62903225, 0.875, 0.27868852, 0.5888889, 0.6666667, 0.625, 0.25153375, 0.27659574, 0.4318182, 0.6785714, 0.7017544, 0.5, 0.6756757, 0.19512194, 0.2371134, 0.4385965, 0.90909094, 0.546875, 0.72, 0.7966102, 0.5625, 0.53846157, 0.20238096, 0.5849057, 0.5925926, 0.28301886, 0.61538464, 0.40869564, 0.7419355, 0.015873017, 0.6, 0.3859649, 0.7234042, 0.93333334, 0.7605634, 0.0, 0.65, 0.6025641, 0.18181819, 1.0, 0.108843535, 0.2265625, 0.41935483, 0.44444445, 0.29710144, 0.328125, 0.28089887, 0.32, 0.7307692]

recall mean
0.56477934

recall standard error
0.018974822483904315

f1
[0.46080554, 0.6836909, 0.5925926, 0.45, 0.37016827, 0.46812305, 0.2552204, 0.41463414, 0.5988024, 0.3846154, 0.5070422, 0.37668163, 0.23376623, 0.18320611, 0.32442397, 0.5810397, 0.358841, 0.3198495, 0.39908674, 0.21359223, 0.5040872, 0.5252809, 0.6727332, 0.54469275, 0.21654135, 0.45998314, 0.62608695, 0.2871795, 0.4710145, 0.5641749, 0.52711993, 0.27906978, 0.56326306, 0.60838085, 0.35856575, 0.30701107, 0.2850679, 0.6427642, 0.28760573, 0.41137442, 0.25444907, 0.38938054, 0.32619926, 0.5743537, 0.2632171, 0.4183267, 0.4896104, 0.43004984, 0.5410006, 0.78020656, 0.56804734, 0.5675676, 0.5405405, 0.73497653, 0.52705884, 0.54063606, 0.52283204, 0.23477493, 0.41805303, 0.4790936, 0.23225807, 0.5370844, 0.5494706, 0.5602576, 0.5214106, 0.55803245, 0.5443073, 0.36074272, 0.52300245, 0.6509434, 0.65790063, 0.43636364, 0.30769232, 0.75, 0.57507986, 0.65505224, 0.6498679, 0.20047733, 0.34390804, 0.595648, 0.6328358, 0.4904051, 0.35628137, 0.2367223, 0.34816754, 0.45339298, 0.6557377, 0.43564355, 0.54488844, 0.2930403, 0.34882584, 0.5098325, 0.5013928, 0.53134185, 0.65011287, 0.7747716, 0.60854095, 0.16587678, 0.30267063, 0.6119013, 0.26359144, 0.36144578, 0.50955415, 0.5012171, 0.64964694, 0.025316456, 0.4852941, 0.43316063, 0.59130436, 0.26222685, 0.6403431, 0.0, 0.63289475, 0.6895802, 0.24644549, 0.13559322, 0.18523225, 0.31051946, 0.40196767, 0.37086093, 0.41690758, 0.41559952, 0.37468776, 0.37209302, 0.3628922]

f1 mean
0.45337752

f1 standard error
0.013794477367450547

uncertainty thresholds
[0.0, 0.01, 0.02, 0.03, 0.04, 0.05, 0.06, 0.07, 0.08, 0.089999996, 0.1, 0.11, 0.12, 0.13, 0.14, 0.14999999, 0.16, 0.17, 0.17999999, 0.19, 0.2, 0.21, 0.22, 0.22999999, 0.24, 0.25, 0.26, 0.26999998, 0.28, 0.29, 0.29999998, 0.31, 0.32, 0.32999998, 0.34, 0.35, 0.35999998, 0.37, 0.38, 0.39, 0.4, 0.41, 0.42000002, 0.43, 0.44, 0.45000002, 0.46, 0.47, 0.48, 0.48999998, 0.5, 0.51, 0.52, 0.53, 0.53999996, 0.55, 0.56, 0.57, 0.58, 0.59, 0.6, 0.61, 0.62, 0.63, 0.64, 0.65, 0.66, 0.67, 0.68, 0.69]

mean coverage of areas missed by mean as tau increases
[0.8621449, 0.8042382, 0.73626596, 0.70251995, 0.6802247, 0.6639791, 0.6515383, 0.64021146, 0.63081294, 0.6221562, 0.61247426, 0.6041133, 0.59540766, 0.5882526, 0.5811392, 0.5733517, 0.5664954, 0.55965304, 0.5542549, 0.5476807, 0.5416339, 0.5346395, 0.5282771, 0.5219457, 0.5164862, 0.5111464, 0.50451523, 0.4979285, 0.49213615, 0.48642468, 0.4802244, 0.4745393, 0.46840176, 0.46119276, 0.4548001, 0.44891173, 0.44258815, 0.43605968, 0.42948398, 0.42310017, 0.41527024, 0.40868995, 0.40205064, 0.3938726, 0.38779175, 0.38034502, 0.3729779, 0.36486557, 0.35639644, 0.3486193, 0.34116635, 0.3336049, 0.32432526, 0.3139852, 0.30443022, 0.29559746, 0.28405797, 0.27397156, 0.26217318, 0.25220567, 0.24000916, 0.2273457, 0.21422988, 0.19852585, 0.18429664, 0.16822276, 0.1490209, 0.12536319, 0.09496385, 0.048927985]

mean size of entirely missed lesions
[nan, 6.0153847, 6.273908, 6.6492047, 8.243044, 8.104863, 8.922364, 9.367347, 9.172596, 8.997449, 8.803692, 8.614515, 8.492228, 8.401238, 8.314081, 8.210724, 8.107274, 8.003579, 7.958773, 7.870525, 7.8017325, 7.768102, 7.707385, 7.691781, 7.6555305, 7.6326346, 7.595353, 7.5341105, 7.5231423, 7.4880505, 7.450599, 7.4400816, 7.3971715, 7.4139442, 7.369146, 7.364733, 7.354246, 7.3006043, 7.274422, 7.25129, 7.2734203, 7.25898, 7.246619, 7.215638, 7.217633, 7.180946, 7.1665535, 7.135434, 7.092476, 7.0820208, 7.047912, 7.0237103, 7.0173774, 7.008087, 7.010138, 6.974172, 6.926026, 6.890237, 6.8678145, 6.876515, 6.904504, 6.920563, 6.929922, 6.922549, 6.909091, 6.8894525, 6.95795, 7.022792, 7.0397468, 7.0004897]

mean coverage of lesions entirely missed by the mean segmentation
[1.0, 0.8774418, 0.7382699, 0.6729283, 0.63082314, 0.6014134, 0.57880574, 0.5587562, 0.54287636, 0.52852327, 0.51204187, 0.49799842, 0.4833491, 0.4717158, 0.46102294, 0.44867283, 0.43716574, 0.42578912, 0.41799012, 0.40738425, 0.39840242, 0.3876978, 0.3781805, 0.36922422, 0.36210966, 0.3551768, 0.346068, 0.33737534, 0.32964343, 0.32172206, 0.31394398, 0.306986, 0.29919317, 0.29062882, 0.28262413, 0.27657586, 0.26917198, 0.26113045, 0.25406846, 0.24627577, 0.2378887, 0.2319229, 0.2246684, 0.21600364, 0.21021071, 0.20256528, 0.19637206, 0.18784387, 0.18024306, 0.17333502, 0.16600405, 0.15947407, 0.15231082, 0.14316972, 0.1354216, 0.12851843, 0.11940795, 0.11140334, 0.10343991, 0.097938046, 0.08982249, 0.08199091, 0.07549813, 0.06802329, 0.061264317, 0.053283546, 0.04620812, 0.037892506, 0.02619395, 0.0116626]

total number of missing lesions
[0.0, 390.0, 847.0, 1069.0, 1222.0, 1316.0, 1404.0, 1470.0, 1518.0, 1568.0, 1625.0, 1681.0, 1737.0, 1777.0, 1818.0, 1865.0, 1911.0, 1956.0, 1989.0, 2039.0, 2078.0, 2113.0, 2153.0, 2190.0, 2215.0, 2243.0, 2281.0, 2316.0, 2355.0, 2385.0, 2419.0, 2445.0, 2475.0, 2510.0, 2541.0, 2569.0, 2614.0, 2648.0, 2682.0, 2714.0, 2754.0, 2784.0, 2810.0, 2852.0, 2881.0, 2918.0, 2948.0, 2983.0, 3017.0, 3048.0, 3089.0, 3121.0, 3165.0, 3215.0, 3255.0, 3291.0, 3339.0, 3380.0, 3427.0, 3466.0, 3508.0, 3550.0, 3596.0, 3641.0, 3685.0, 3745.0, 3805.0, 3861.0, 3950.0, 4085.0]

proportion of lesions entirely missed
[0.0, 0.042942084, 0.0932614, 0.11770535, 0.13455187, 0.144902, 0.1545915, 0.16185862, 0.1671438, 0.17264919, 0.17892535, 0.18509139, 0.19125743, 0.19566175, 0.20017618, 0.20535125, 0.21041621, 0.21537106, 0.21900463, 0.22451001, 0.22880423, 0.232658, 0.23706232, 0.24113631, 0.243889, 0.24697204, 0.25115612, 0.25500992, 0.2593041, 0.26260737, 0.266351, 0.26921383, 0.27251706, 0.27637085, 0.2797842, 0.28286722, 0.28782207, 0.29156575, 0.2953094, 0.29883286, 0.30323717, 0.3065404, 0.3094032, 0.31402776, 0.31722087, 0.32129487, 0.3245981, 0.32845187, 0.33219555, 0.3356089, 0.34012333, 0.34364676, 0.34849152, 0.3539969, 0.35840124, 0.36236513, 0.3676503, 0.37216473, 0.37733978, 0.381634, 0.38625854, 0.39088306, 0.39594802, 0.4009029, 0.40574762, 0.4123541, 0.41896057, 0.4251266, 0.43492624, 0.4497908]

num lesions:
9082

