begin results

reordered GED values
[0.6648396, 0.7380106, 0.42473298, 1.031872, 1.1422213, 0.8699785, 1.1370147, 0.765382, 0.8418147, 0.59102863, 0.61619675, 0.3269144, 0.99929583, 1.0891637, 1.3689032, 0.942789, 0.59406227, 1.4184593, 0.91821396, 1.149161, 0.8568694, 1.3566672, 1.034058, 0.40037027, 0.9910854, 0.9489063, 1.1273751, 0.92218566, 1.2339638, 0.6956137, 0.4695148, 0.8411443, 0.74668396, 0.80759823, 0.9608651, 1.2773415, 1.1106757, 0.6170922, 0.673681, 1.3991258, 0.8767938, 1.2649789, 1.0128433, 0.54413444, 1.2261909, 0.87853193, 1.3412205, 0.7431539, 0.5465724, 0.66514486, 0.9122387, 0.40654224, 0.2547833, 0.64473855, 0.52448964, 0.3768225, 1.171985, 1.0177239, 0.5361118, 0.9990829, 0.90477467, 0.6997087, 0.51702917, 0.43078414, 0.7941305, 0.43230534, 0.66293955, 1.2366692, 0.9044725, 0.73281085, 0.5485554, 0.9288874, 1.263332, 0.48395014, 0.57070136, 1.0565915, 0.82932, 1.6465517, 0.88882774, 0.7776442, 0.87930185, 1.0105064, 0.8843106, 1.5638051, 0.9528627, 0.85444397, 0.72560185, 0.49626815, 0.8387982, 1.3064542, 1.1618023, 0.7746859, 0.94574326, 0.4640554, 0.5797649, 0.5715805, 0.6459424, 1.3594114, 1.0463263, 0.7921136, 0.9852658, 0.7638497, 0.85193837, 0.5367883, 0.42739964, 0.98597276, 0.8905752, 0.71793157, 0.49059644, 1.329919, 0.98804116, 0.81992847, 0.5419682, 0.4738973, 0.69449764, 1.6330245, 0.9657287, 0.9977351, 1.2611217, 1.1698735, 0.6330489, 0.9582391, 0.8552317, 0.712883, 1.1788731]

reordered GED mean
0.8645843

reordered GED standard error
0.026413520463887116

best dice mean
0.7091341

best dice st_err
0.011504626212322702

reordered best dice mean
0.709203

reordered best dice st_err
0.011506038980720123

best avd mean
24.350084

best avd st_err
4.468734221946651

reordered best avd mean
23.865711

reordered best avd st_err
4.427698812463936

bras score
0.7966476113845904

sUEO mean
0.48201314

sUEO standard error
0.0021363925355804697

best tau for max UEO
0.43

max UEO
0.4252765

UEO per tau
[0.0030998157, 0.12922418, 0.16659923, 0.19343083, 0.2146569, 0.23256902, 0.24811356, 0.26180175, 0.2740204, 0.2851506, 0.2951099, 0.3044831, 0.31313303, 0.3211139, 0.32863647, 0.33568174, 0.3424514, 0.34873962, 0.35467178, 0.36006021, 0.36537072, 0.37026903, 0.37469712, 0.37937593, 0.38345286, 0.3873836, 0.39108944, 0.39454696, 0.3981184, 0.40132773, 0.40437397, 0.40702736, 0.40964204, 0.41199863, 0.41416645, 0.4162371, 0.41787001, 0.41930413, 0.4206176, 0.42216215, 0.42308414, 0.4242363, 0.425041, 0.4252765, 0.42517358, 0.4251027, 0.42477077, 0.42428213, 0.42337757, 0.42235774, 0.42111513, 0.41926798, 0.4168855, 0.4146132, 0.41198495, 0.40835166, 0.4039583, 0.3993217, 0.39381906, 0.38762656, 0.3802686, 0.37200704, 0.3618135, 0.35025144, 0.33613503, 0.31864625, 0.29626197, 0.26586303, 0.22040938, 0.12574509]

UEO tau AUC
0.3546779751777649

mean_conf calibration curve data: 

mean_conf bin_accuracies: 
[0.00022592842287849635, 0.10769732296466827, 0.21167314052581787, 0.29678142070770264, 0.3735485374927521, 0.4505738914012909, 0.5309422612190247, 0.618895411491394, 0.7183868288993835, 0.8384386301040649, 0.96548992395401]

mean_conf bin_confidences: 
[0.00014404945250134915, 0.08875139057636261, 0.19523213803768158, 0.2972962558269501, 0.3983997106552124, 0.49939393997192383, 0.5999380350112915, 0.7009406089782715, 0.8023930788040161, 0.9068126678466797, 0.9869275689125061]

mean_conf EXPECTED CALIBRATION ERROR
0.03265829

dice
[0.7965145, 0.7670971, 0.8783215, 0.6432343, 0.59426, 0.7173633, 0.5986394, 0.76036865, 0.72885454, 0.82248724, 0.8125666, 0.90807474, 0.6618532, 0.6186303, 0.46741045, 0.6873039, 0.82077885, 0.44089732, 0.6951487, 0.59127134, 0.7221556, 0.48221543, 0.64763963, 0.8867755, 0.66788155, 0.6854928, 0.60202116, 0.69583654, 0.551634, 0.78709877, 0.8656287, 0.73097533, 0.7671805, 0.7441408, 0.6791745, 0.527894, 0.6129359, 0.81459004, 0.79510766, 0.45949143, 0.7165096, 0.5331565, 0.65836984, 0.8403084, 0.55495197, 0.71627504, 0.4923652, 0.76897186, 0.83883977, 0.79949075, 0.70210725, 0.88555706, 0.9303606, 0.8054022, 0.84756374, 0.8946776, 0.58181816, 0.65371317, 0.8425588, 0.66452885, 0.70548123, 0.7861458, 0.84900975, 0.8755637, 0.7487024, 0.8748181, 0.79772294, 0.5467446, 0.70077467, 0.7695284, 0.8370457, 0.6962536, 0.53410023, 0.85965043, 0.8317277, 0.6358556, 0.7355306, 0.29036295, 0.71100724, 0.7553369, 0.71374166, 0.6573887, 0.7097013, 0.35464415, 0.68339187, 0.7256898, 0.775443, 0.8556792, 0.72924745, 0.50896055, 0.58191705, 0.75680053, 0.6871795, 0.8650375, 0.8286795, 0.82947415, 0.80231434, 0.47619048, 0.63926417, 0.74809504, 0.6659127, 0.7575089, 0.72631395, 0.8410869, 0.87761587, 0.6601626, 0.7111483, 0.7766813, 0.85849696, 0.49809596, 0.66926575, 0.72865933, 0.8406713, 0.8637282, 0.78764737, 0.3069307, 0.67596227, 0.66332704, 0.5344885, 0.5827686, 0.8082794, 0.68157405, 0.7231374, 0.7796024, 0.5786865]

dice mean
0.7082594

dice standard error
0.01153949493573149

hd95
[1.7320508, 2.236068, 1.4142135, 9.305601, 14.217941, 3.0, 9.758988, 2.563171, 5.8309517, 2.236068, 4.1231055, 1.4142135, 7.5498343, 6.469098, 22.79024, 9.219544, 1.7320508, 10.368137, 6.4341707, 16.112082, 3.1622777, 7.8740077, 5.822313, 2.236068, 4.049242, 2.828427, 2.828427, 2.236068, 10.205376, 2.236068, 1.4142135, 3.9495454, 2.236068, 2.828427, 6.2364774, 14.333517, 7.0, 2.236068, 4.690416, 9.8463125, 5.3851647, 3.5489714, 4.690416, 1.4142135, 8.124039, 2.0, 14.268837, 2.0, 1.4142135, 2.236068, 4.582576, 1.4142135, 1.4142135, 1.4142135, 1.7320508, 1.4142135, 3.6055512, 5.0990195, 3.1622777, 3.0, 3.0, 1.4142135, 2.0, 1.7320508, 1.4142135, 2.0, 2.0, 4.1231055, 3.6055512, 1.7320508, 1.4142135, 3.254886, 6.215749, 1.4142135, 2.236068, 3.6191618, 6.4807405, 42.070774, 5.1524425, 2.236068, 5.0990195, 7.6288476, 4.2426405, 12.914878, 5.983095, 1.4142135, 1.4142135, 1.4142135, 2.236068, 13.173824, 7.81025, 2.236068, 3.1622777, 1.4142135, 1.4142135, 1.0, 1.4142135, 21.714365, 4.8989797, 1.4142135, 2.9914215, 2.828427, 2.828427, 1.7320508, 1.4142135, 10.227386, 12.0415945, 2.236068, 1.4142135, 12.277647, 4.358899, 8.124039, 3.1622777, 1.4142135, 5.3851647, 78.03169, 7.071068, 4.472136, 6.4031243, 7.1620903, 2.236068, 5.0, 4.0, 2.828427, 10.530705]

hd95 mean
5.6637106

hd95 standard error
0.7510520756468068

avd
[14.965368, 11.64704, 6.603653, 5.006766, 22.403004, 1.2806439, 25.0, 9.230769, 25.105663, 10.001618, 15.701669, 1.4600011, 18.110237, 35.91118, 140.6, 19.46762, 3.412595, 82.33861, 6.378044, 14.957865, 8.382107, 28.12227, 14.056225, 0.68767697, 29.182878, 5.806452, 21.653334, 21.779457, 2.3809524, 10.713238, 13.261769, 8.880597, 17.654438, 5.6548643, 29.317762, 138.60684, 32.297985, 3.4613621, 8.573379, 35.665695, 20.813623, 5.1679587, 41.307373, 13.179017, 22.60465, 12.254902, 15.513767, 26.95734, 11.742372, 18.381502, 23.64865, 14.830434, 6.193278, 24.425219, 1.512832, 7.767376, 15.848214, 25.488506, 14.426719, 9.725815, 1.4579537, 9.919684, 5.427173, 5.754182, 6.365159, 6.6226215, 11.147339, 33.61111, 9.041836, 13.419476, 3.7743888, 31.951872, 40.513832, 11.471079, 6.361829, 12.276722, 8.854731, 419.37985, 1.0252029, 11.882858, 1.1258956, 7.019382, 19.220108, 66.55949, 17.323557, 2.1313868, 13.371132, 5.8641977, 10.301692, 41.025642, 40.886967, 25.733635, 6.930693, 6.59388, 10.092371, 3.9664865, 14.331998, 97.5, 26.78616, 13.0708, 1.9265233, 21.3747, 25.597794, 6.7774377, 7.041084, 0.32467532, 2.51962, 18.743423, 4.9038224, 38.727272, 23.84586, 20.202982, 13.27189, 12.487594, 11.554333, 331.57895, 33.282295, 26.98283, 19.542995, 8.348794, 8.479376, 26.099508, 25.54706, 5.980995, 60.322582]

avd mean
24.584558

avd standard error
4.48729669787559

recall
[0.64102566, 0.6756757, 0.76666665, 0.82051283, 0.5964912, 0.6969697, 0.45454547, 0.73333335, 0.5185185, 0.5588235, 0.5862069, 0.42553192, 0.6, 0.18181819, 0.7777778, 0.6875, 0.33846155, 0.55263156, 0.5897436, 0.175, 0.67241377, 0.5555556, 0.78571427, 0.55, 0.33333334, 0.6052632, 0.8625, 0.33333334, 0.64285713, 0.64102566, 0.6956522, 0.625, 0.7804878, 0.6744186, 0.5555556, 0.85714287, 0.225, 0.65217394, 0.24390244, 0.3472222, 0.59090906, 0.6666667, 0.16071428, 0.6304348, 0.8666667, 0.74285716, 0.84444445, 0.4347826, 0.7236842, 0.7746479, 0.64285713, 0.5641026, 0.6666667, 0.72897196, 0.54347825, 0.55172414, 0.5208333, 0.234375, 0.28666666, 0.6666667, 0.2888889, 0.5797101, 0.64912283, 0.725, 0.75, 0.6896552, 0.5970149, 0.4871795, 0.56363636, 0.6, 0.76363635, 0.9, 0.875, 0.7352941, 0.8695652, 0.739726, 0.6935484, 0.875, 0.32786885, 0.56666666, 0.6969697, 0.6458333, 0.33742332, 0.27659574, 0.36363637, 0.6785714, 0.61403507, 0.59615386, 0.5945946, 0.25609756, 0.31958762, 0.54385966, 0.8181818, 0.65625, 0.76, 0.8135593, 0.7291667, 0.53846157, 0.27380952, 0.5849057, 0.5925926, 0.33962265, 0.5897436, 0.42608696, 0.7096774, 0.14285715, 0.5, 0.49122807, 0.7446808, 0.8, 0.70422536, 0.11594203, 0.71666664, 0.7051282, 0.28181818, 1.0, 0.13605443, 0.34375, 0.4516129, 0.4074074, 0.44927537, 0.390625, 0.39325842, 0.39, 0.7307692]

recall mean
0.57428133

recall standard error
0.017450888429043142

f1
[0.52312773, 0.69740963, 0.6571429, 0.6213592, 0.33328918, 0.63059163, 0.41533548, 0.65620095, 0.62059975, 0.42809808, 0.6666667, 0.53908354, 0.3529412, 0.22988506, 0.36842105, 0.6830065, 0.3933152, 0.38709676, 0.5738674, 0.2200393, 0.68037385, 0.58588547, 0.7629032, 0.60273975, 0.4, 0.59409595, 0.74207795, 0.3898305, 0.5625, 0.62984496, 0.7344262, 0.4526749, 0.6618154, 0.6889998, 0.5504587, 0.45801526, 0.3500374, 0.7194481, 0.3533569, 0.47728768, 0.2742616, 0.59770113, 0.2769231, 0.6952823, 0.5189621, 0.7178354, 0.7681774, 0.56887895, 0.71102196, 0.8340103, 0.69595784, 0.6653226, 0.7368421, 0.809771, 0.66111654, 0.62507874, 0.6038361, 0.31914893, 0.4343069, 0.60335195, 0.40625, 0.6556127, 0.6608829, 0.492184, 0.73170733, 0.6715236, 0.6097072, 0.6225426, 0.5473164, 0.6857143, 0.6873977, 0.72794116, 0.4827586, 0.80766344, 0.7232267, 0.79230964, 0.74832666, 0.26415095, 0.4374703, 0.66341466, 0.6536412, 0.59593344, 0.4728737, 0.30618253, 0.40552995, 0.56669426, 0.6835577, 0.52790916, 0.60590166, 0.38729507, 0.4701422, 0.6691851, 0.7627119, 0.69561327, 0.7794872, 0.7851301, 0.7394366, 0.4117647, 0.39241707, 0.6381784, 0.4050633, 0.44780964, 0.60994476, 0.5434381, 0.73284477, 0.23529412, 0.5, 0.60994995, 0.69244605, 0.4597701, 0.7633588, 0.19591837, 0.73295456, 0.7864165, 0.40460244, 0.27586207, 0.22857143, 0.48591012, 0.49925706, 0.45929018, 0.5777145, 0.5200594, 0.5108622, 0.4792947, 0.5473251]

f1 mean
0.5614695

f1 standard error
0.013974959712042836

uncertainty thresholds
[0.0, 0.01, 0.02, 0.03, 0.04, 0.05, 0.06, 0.07, 0.08, 0.089999996, 0.1, 0.11, 0.12, 0.13, 0.14, 0.14999999, 0.16, 0.17, 0.17999999, 0.19, 0.2, 0.21, 0.22, 0.22999999, 0.24, 0.25, 0.26, 0.26999998, 0.28, 0.29, 0.29999998, 0.31, 0.32, 0.32999998, 0.34, 0.35, 0.35999998, 0.37, 0.38, 0.39, 0.4, 0.41, 0.42000002, 0.43, 0.44, 0.45000002, 0.46, 0.47, 0.48, 0.48999998, 0.5, 0.51, 0.52, 0.53, 0.53999996, 0.55, 0.56, 0.57, 0.58, 0.59, 0.6, 0.61, 0.62, 0.63, 0.64, 0.65, 0.66, 0.67, 0.68, 0.69]

mean coverage of areas missed by mean as tau increases
[0.86027306, 0.8087225, 0.7836264, 0.764791, 0.7486474, 0.73303235, 0.72012323, 0.70746547, 0.69523126, 0.6830786, 0.67095566, 0.66080093, 0.65038484, 0.6411838, 0.6307999, 0.62110394, 0.6125498, 0.60288143, 0.59484684, 0.58613473, 0.57771593, 0.5695687, 0.5616222, 0.55464655, 0.54551524, 0.53761536, 0.5303325, 0.52248377, 0.5142177, 0.5070221, 0.49849355, 0.49039453, 0.48294854, 0.4756777, 0.46826968, 0.4598125, 0.45145118, 0.44249684, 0.43513635, 0.4280377, 0.42051938, 0.4122453, 0.40490943, 0.39641604, 0.38864067, 0.38070312, 0.37232614, 0.36484924, 0.35489348, 0.34733504, 0.33833697, 0.3295522, 0.3196688, 0.31071475, 0.3012872, 0.29168177, 0.28196058, 0.27240318, 0.2614425, 0.2511478, 0.23781146, 0.2248474, 0.21145535, 0.19882947, 0.18294443, 0.16602817, 0.1455668, 0.12363546, 0.09547591, 0.04810652]

mean size of entirely missed lesions
[nan, 2.512658, 2.4926317, 2.6351576, 2.7377522, 2.7126725, 2.690367, 2.7126193, 2.7220573, 2.7564576, 2.7642982, 2.7929044, 2.8329394, 2.8654573, 2.8983297, 2.9326856, 2.9280431, 2.9145467, 2.9092064, 2.9195333, 2.9373133, 2.956319, 2.9738488, 2.9754465, 2.9972768, 3.0186865, 3.0278509, 3.0474472, 3.0530303, 3.0557492, 3.0622568, 3.0769966, 3.0748587, 3.0760314, 3.0877514, 3.0952382, 3.1034484, 3.1361666, 3.1362467, 3.1631534, 3.1720116, 3.1931772, 3.187982, 3.187375, 3.192809, 3.2137287, 3.2314494, 3.2364326, 3.240134, 3.2456722, 3.2735848, 3.3051577, 3.309078, 3.3449843, 3.3669882, 3.3828337, 3.4086635, 3.4628894, 3.4764245, 3.4995139, 3.5427568, 3.5599122, 3.5931888, 3.6186259, 3.6361997, 3.6922395, 3.7092383, 3.7648396, 3.8340745, 3.9226222]

mean coverage of lesions entirely missed by the mean segmentation
[1.0, 0.88643163, 0.8334605, 0.7955047, 0.76325786, 0.73233485, 0.7077854, 0.6846548, 0.6622393, 0.6398172, 0.6175856, 0.5998811, 0.5819603, 0.5667715, 0.5488196, 0.5321163, 0.5185967, 0.50250626, 0.49041927, 0.47650382, 0.46343985, 0.45123476, 0.43919003, 0.42881563, 0.4161687, 0.4064994, 0.397181, 0.3877708, 0.37682235, 0.36831674, 0.35558358, 0.3456849, 0.33589107, 0.32668006, 0.31831598, 0.30856407, 0.29792443, 0.2861882, 0.27884537, 0.27146614, 0.26339623, 0.25551912, 0.24735747, 0.23725836, 0.22923723, 0.22182816, 0.21369986, 0.2058683, 0.1947145, 0.18744825, 0.17873809, 0.17044273, 0.16052891, 0.15381941, 0.14589933, 0.13822915, 0.13097228, 0.124529056, 0.11674625, 0.110477924, 0.10147223, 0.09307006, 0.08594177, 0.07873333, 0.069327936, 0.0607685, 0.05161952, 0.042498764, 0.03196665, 0.014361841]

total number of missing lesions
[0.0, 316.0, 475.0, 603.0, 694.0, 797.0, 872.0, 943.0, 1011.0, 1084.0, 1154.0, 1212.0, 1269.0, 1323.0, 1377.0, 1441.0, 1487.0, 1533.0, 1575.0, 1628.0, 1675.0, 1717.0, 1759.0, 1792.0, 1836.0, 1873.0, 1903.0, 1939.0, 1980.0, 2009.0, 2056.0, 2091.0, 2124.0, 2157.0, 2188.0, 2226.0, 2262.0, 2306.0, 2334.0, 2372.0, 2401.0, 2433.0, 2463.0, 2503.0, 2531.0, 2564.0, 2601.0, 2635.0, 2686.0, 2715.0, 2756.0, 2792.0, 2831.0, 2861.0, 2902.0, 2936.0, 2978.0, 3018.0, 3054.0, 3085.0, 3134.0, 3188.0, 3230.0, 3275.0, 3326.0, 3389.0, 3453.0, 3521.0, 3598.0, 3722.0]

proportion of lesions entirely missed
[0.0, 0.0347941, 0.052301254, 0.06639507, 0.07641488, 0.087756, 0.0960141, 0.10383175, 0.111319095, 0.11935697, 0.12706453, 0.13345078, 0.13972694, 0.14567275, 0.15161858, 0.1586655, 0.16373046, 0.16879542, 0.17341995, 0.17925566, 0.18443075, 0.18905528, 0.19367981, 0.19731337, 0.20215811, 0.2062321, 0.20953535, 0.21349923, 0.21801366, 0.22120678, 0.22638185, 0.23023564, 0.2338692, 0.23750275, 0.2409161, 0.2451002, 0.24906409, 0.25390884, 0.25699186, 0.26117596, 0.26436907, 0.26789254, 0.27119577, 0.27560008, 0.2786831, 0.28231668, 0.28639066, 0.29013434, 0.29574984, 0.29894295, 0.30345738, 0.30742127, 0.31171548, 0.3150187, 0.31953314, 0.32327682, 0.32790133, 0.33230567, 0.33626956, 0.33968288, 0.34507817, 0.351024, 0.35564855, 0.3606034, 0.3662189, 0.37315568, 0.3802026, 0.38768995, 0.39616823, 0.40982163]

num lesions:
9082

