begin results

reordered GED values
[0.5105508, 0.5637523, 0.32740077, 0.80379355, 0.9630162, 0.6576319, 0.8498004, 0.5799432, 0.5712372, 0.47530702, 0.45605505, 0.27137485, 0.7616932, 0.9075341, 1.0208517, 0.66666263, 0.49964836, 1.0941098, 0.6717878, 0.8970069, 0.68119687, 1.0761331, 0.8206679, 0.3399312, 0.8256117, 0.9885739, 0.8441234, 1.1396227, 1.0753975, 0.60569125, 0.44438696, 0.6821534, 0.5665812, 0.6194333, 0.8219381, 0.88706017, 0.9625672, 0.5127778, 0.5686674, 1.2361385, 0.62551916, 1.1892681, 0.918509, 0.5313051, 1.1445779, 0.7813667, 1.1375057, 0.7623409, 0.5549502, 0.5998085, 0.74700344, 0.41058537, 0.28907183, 0.6878449, 0.45075783, 0.35936567, 0.94854516, 1.03889, 0.5152236, 0.9217182, 0.72077507, 0.5826381, 0.4788069, 0.3289987, 0.61328053, 0.3727837, 0.6066119, 1.0240295, 0.71524715, 0.600996, 0.4539915, 0.75766337, 0.9903819, 0.4042303, 0.513419, 0.9154326, 0.69440234, 1.3323979, 0.7647887, 0.73990935, 0.6794612, 0.8164465, 0.7431454, 1.2529491, 0.82799286, 0.8106319, 0.640076, 0.4277567, 0.7682875, 1.0676173, 1.0127887, 0.71519923, 0.87917125, 0.4268273, 0.48184493, 0.47831464, 0.6038346, 1.1698524, 1.0959824, 0.6587673, 1.0292164, 1.3413849, 0.6897581, 0.5304654, 0.33983666, 0.8236259, 0.8357188, 0.40779144, 1.0804704, 0.7618959, 0.44479638, 0.3967838, 0.56079376, 1.3416783, 0.9281265, 0.9909679, 1.0322967, 0.9786637, 0.62440294, 0.7898686, 0.84171873, 0.67408144, 0.9640345]

reordered GED mean
0.74339896

reordered GED standard error
0.022946871613053383

best dice mean
0.6576233

best dice st_err
0.014874022862554875

reordered best dice mean
0.67701954

reordered best dice st_err
0.01454237814686116

best avd mean
25.943628

best avd st_err
6.644037079453635

reordered best avd mean
10.654678

reordered best avd st_err
2.1256822517276004

bras score
0.7627034274240334

sUEO mean
0.44036305

sUEO standard error
0.004777532622596784

best tau for max UEO
0.45000002

max UEO
0.4040146

UEO per tau
[0.0033681944, 0.09828682, 0.12637989, 0.1465847, 0.16287819, 0.17700927, 0.18937954, 0.20067525, 0.21105082, 0.22067484, 0.22976744, 0.23844852, 0.2467697, 0.25468346, 0.2622234, 0.26938486, 0.27634242, 0.28317896, 0.28986403, 0.29640412, 0.3027823, 0.3089612, 0.31511953, 0.32113084, 0.3271869, 0.33311796, 0.33888626, 0.34458688, 0.35043117, 0.35634944, 0.3620894, 0.36800012, 0.37388185, 0.379566, 0.38349774, 0.38693243, 0.3900995, 0.39286396, 0.39532524, 0.39741698, 0.39921117, 0.40090707, 0.4022368, 0.40320134, 0.4037958, 0.4040146, 0.40375048, 0.40315595, 0.40240142, 0.4012355, 0.39980295, 0.39825428, 0.39568365, 0.3930445, 0.3892798, 0.38504517, 0.38051346, 0.37533128, 0.36928806, 0.362122, 0.3534702, 0.34396243, 0.33384204, 0.32107258, 0.3071409, 0.2886369, 0.26636517, 0.23690365, 0.1933725, 0.10925411]

UEO tau AUC
0.3156842291355133

mean_conf calibration curve data: 

mean_conf bin_accuracies: 
[0.0004181379044894129, 0.07522314041852951, 0.2013428956270218, 0.3034164309501648, 0.3968256115913391, 0.474668025970459, 0.5447101593017578, 0.6213902235031128, 0.7105913162231445, 0.8425194621086121, 0.9600287675857544]

mean_conf bin_confidences: 
[0.0002503628493286669, 0.08624470978975296, 0.1936562955379486, 0.2962498664855957, 0.39818239212036133, 0.4995238780975342, 0.6003036499023438, 0.7014952898025513, 0.802963137626648, 0.9065499305725098, 0.9843353629112244]

mean_conf EXPECTED CALIBRATION ERROR
0.025434557

dice
[0.7981091, 0.77626073, 0.8823401, 0.6324862, 0.57787114, 0.72266185, 0.6047244, 0.7542579, 0.77035683, 0.8055626, 0.8265606, 0.90729946, 0.677686, 0.57810456, 0.46516854, 0.72446203, 0.8046768, 0.44560945, 0.71445495, 0.5781309, 0.71661305, 0.45852852, 0.6288525, 0.8827364, 0.6404658, 0.50297976, 0.6256983, 0.46898264, 0.51752424, 0.7659789, 0.8333227, 0.7295499, 0.7734799, 0.7473187, 0.64116377, 0.5956928, 0.57830584, 0.81271744, 0.779053, 0.41905963, 0.7623399, 0.40941793, 0.5835056, 0.78559035, 0.47071582, 0.67637026, 0.4603313, 0.6675239, 0.76660603, 0.7706391, 0.68911666, 0.84753287, 0.8954498, 0.6721268, 0.8371427, 0.87358415, 0.541103, 0.44270205, 0.80345964, 0.5727412, 0.6852952, 0.76475644, 0.8174909, 0.8802353, 0.75093424, 0.8638379, 0.75636774, 0.51668835, 0.6936922, 0.7433492, 0.82322043, 0.6741814, 0.51137257, 0.84453875, 0.7971062, 0.5686471, 0.70419425, 0.22286263, 0.6693157, 0.6829904, 0.708382, 0.6459144, 0.6481091, 0.25169554, 0.6578301, 0.67126375, 0.7531818, 0.84312075, 0.66308546, 0.48783454, 0.52987015, 0.6983959, 0.61959, 0.83288, 0.81609416, 0.81679815, 0.7541215, 0.4815813, 0.5061833, 0.73738533, 0.50084937, 0.27877748, 0.72032326, 0.8080209, 0.87748474, 0.0, 0.6166635, 0.5387432, 0.8433735, 0.3938679, 0.64874554, 0.0, 0.8362471, 0.85097885, 0.77590364, 0.21132076, 0.5575297, 0.52044773, 0.46537396, 0.50641656, 0.7354553, 0.6187368, 0.6009285, 0.70555335, 0.5176991]

dice mean
0.665989

dice standard error
0.01368657980418107

hd95
[1.7320508, 2.236068, 1.4142135, 10.29563, 13.076696, 2.828427, 15.0, 4.9292855, 4.4494886, 2.828427, 5.3851647, 2.0, 6.4031243, 11.821576, 23.55313, 6.5574384, 2.0, 7.5498343, 7.5099225, 17.694466, 6.576391, 8.390336, 4.1231055, 2.4494898, 6.2284703, 10.582578, 3.3166249, 6.5574384, 16.310862, 6.708204, 2.236068, 7.0213656, 2.236068, 2.828427, 13.160539, 4.4551506, 9.899495, 2.0, 4.472136, 11.224972, 3.7416575, 12.029117, 6.5574384, 2.236068, 12.280001, 6.0320325, 13.601471, 3.4641016, 2.4494898, 3.6055512, 7.68384, 1.7320508, 1.4142135, 4.1231055, 2.0, 1.4142135, 7.046194, 9.165152, 6.0, 4.1350594, 3.4641016, 1.4142135, 3.3166249, 1.4142135, 2.236068, 2.236068, 5.8309517, 7.0390873, 5.3851647, 2.236068, 1.4142135, 4.582576, 15.024202, 2.0, 2.0, 6.6332498, 8.538132, 40.509224, 6.708204, 5.656854, 5.7445626, 11.018107, 5.91608, 15.375297, 5.8309517, 2.4494898, 2.236068, 1.7320508, 7.3484693, 16.014862, 10.793491, 5.3851647, 2.236068, 2.236068, 3.1622777, 1.4142135, 12.271862, 18.154846, 7.6811457, 2.236068, 7.071068, 8.306623, 3.7416575, 2.4494898, 1.4142135, nan, 12.815666, 13.036485, 1.4142135, 15.647679, 4.230687, nan, 5.0, 2.0, 6.164414, 75.8749, 8.124039, 7.1414285, 10.578456, 5.8007154, 6.7675047, 7.0, 6.164414, 5.0990195, 11.362202]

hd95 mean
7.193777

hd95 standard error
0.745943528342315

avd
[10.241853, 12.0687, 5.100694, 27.6387, 26.458073, 3.4394438, 15.986395, 19.34066, 15.215553, 9.143874, 10.827609, 2.4304557, 11.723535, 34.303215, 156.0, 14.170308, 5.132598, 78.806335, 4.2520294, 14.396068, 4.9749165, 41.528385, 25.014343, 0.83109623, 39.610893, 19.569893, 0.48, 61.5596, 22.619047, 25.03669, 24.835066, 9.328359, 14.016933, 10.897216, 28.14997, 90.5549, 42.732346, 8.2322035, 20.382252, 46.01555, 10.517187, 2.4547803, 51.93324, 26.530027, 57.302326, 20.383987, 31.094694, 46.779167, 29.24893, 26.358381, 26.942568, 23.813917, 15.726162, 47.416485, 1.3237281, 15.600989, 21.24256, 57.068966, 23.95654, 36.471806, 5.9099193, 29.64633, 11.703116, 0.8528185, 9.505862, 0.10286031, 2.044413, 39.791668, 8.063428, 22.269545, 11.84289, 49.06417, 51.976284, 16.560066, 1.5241882, 1.9563369, 23.468283, 606.97675, 6.492952, 35.44925, 7.308086, 1.9381875, 32.447674, 226.68811, 13.290559, 20.175182, 7.890385, 3.8065844, 19.168507, 43.874645, 54.245537, 39.926636, 17.326733, 9.854906, 19.739994, 9.078375, 6.5819764, 109.166664, 53.049538, 17.343946, 116.48746, 79.97943, 17.933783, 15.604504, 3.284135, 100.0, 18.628666, 48.113632, 0.6026583, 108.36364, 8.393743, 100.0, 10.211982, 19.326897, 11.184002, 497.3684, 53.493874, 52.44481, 26.337944, 12.059369, 23.999388, 30.888096, 46.66491, 4.12521, 91.6129]

avd mean
36.83272

avd standard error
6.6825475094504005

recall
[0.6666667, 0.7162162, 0.8, 0.74358976, 0.5263158, 0.72727275, 0.36363637, 0.56666666, 0.5555556, 0.5588235, 0.4827586, 0.34042552, 0.55, 0.15584415, 0.7407407, 0.78125, 0.3846154, 0.42105263, 0.4871795, 0.225, 0.62068963, 0.3968254, 0.78571427, 0.45, 0.21212122, 0.4473684, 0.7875, 0.15686275, 0.5714286, 0.4871795, 0.5652174, 0.5416667, 0.8292683, 0.68604654, 0.46666667, 0.78571427, 0.175, 0.6956522, 0.2195122, 0.2777778, 0.6363636, 0.6111111, 0.14285715, 0.5652174, 0.8666667, 0.62857145, 0.82222223, 0.27173913, 0.5263158, 0.6760563, 0.61904764, 0.41025642, 0.44444445, 0.5420561, 0.54347825, 0.37931034, 0.44791666, 0.109375, 0.26666668, 0.7111111, 0.35555556, 0.6086956, 0.64912283, 0.7, 0.75, 0.6781609, 0.64179105, 0.3846154, 0.5272727, 0.5375, 0.6909091, 0.9, 0.875, 0.7058824, 0.73913044, 0.6849315, 0.5967742, 0.875, 0.27868852, 0.6111111, 0.65656567, 0.6875, 0.2822086, 0.29787233, 0.3409091, 0.8214286, 0.75438595, 0.65384614, 0.7297297, 0.1097561, 0.19587629, 0.40350878, 0.8181818, 0.59375, 0.6, 0.7288136, 0.71875, 0.53846157, 0.22619048, 0.6603774, 0.6666667, 0.26415095, 0.61538464, 0.42608696, 0.7419355, 0.0, 0.5, 0.3859649, 0.7659575, 0.93333334, 0.7183099, 0.0, 0.68333334, 0.6282051, 0.21818182, 1.0, 0.108843535, 0.25, 0.38709676, 0.4074074, 0.35507247, 0.34375, 0.30337077, 0.42, 0.6923077]

recall mean
0.5414327

recall standard error
0.018797086883835898

f1
[0.6, 0.7609281, 0.78431374, 0.5475672, 0.3096539, 0.7068273, 0.3809524, 0.61893207, 0.6741573, 0.55437666, 0.5660964, 0.4553687, 0.52380955, 0.2264151, 0.475382, 0.75329566, 0.44189852, 0.38512036, 0.54058576, 0.29654035, 0.5963086, 0.47509828, 0.78571427, 0.5034965, 0.3218391, 0.51657456, 0.8280559, 0.2510699, 0.62608695, 0.6097739, 0.71105826, 0.48556876, 0.66065234, 0.74303323, 0.49881235, 0.5871886, 0.2825688, 0.7628607, 0.34494773, 0.40983605, 0.41286862, 0.64918035, 0.24161074, 0.66715544, 0.4814815, 0.6300716, 0.635973, 0.41088855, 0.6257242, 0.7340932, 0.7268107, 0.5487877, 0.51741296, 0.69786584, 0.63769484, 0.5038168, 0.55120844, 0.17391305, 0.40966183, 0.57253987, 0.4549763, 0.6339039, 0.6892626, 0.525, 0.6993865, 0.6220226, 0.6539924, 0.53763443, 0.55301297, 0.66297275, 0.6034939, 0.6870229, 0.44680852, 0.7887324, 0.71238095, 0.7655378, 0.66890496, 0.29787233, 0.36956522, 0.64918035, 0.6636486, 0.5723205, 0.40696347, 0.3027027, 0.43165466, 0.60087085, 0.7521866, 0.5305868, 0.6023424, 0.19459459, 0.32150993, 0.5437352, 0.64285713, 0.67341775, 0.7007299, 0.77757686, 0.75503606, 0.38043478, 0.35674548, 0.6767131, 0.4556962, 0.37994102, 0.610687, 0.565092, 0.7376093, 0.0, 0.36842105, 0.5167987, 0.62882096, 0.3943662, 0.7296623, 0.0, 0.6712437, 0.7399329, 0.3161921, 0.22222222, 0.18899596, 0.37037036, 0.45040214, 0.47756875, 0.49418154, 0.48165682, 0.41956124, 0.4861111, 0.4159664]

f1 mean
0.54033595

f1 standard error
0.01418899604958103

uncertainty thresholds
[0.0, 0.01, 0.02, 0.03, 0.04, 0.05, 0.06, 0.07, 0.08, 0.089999996, 0.1, 0.11, 0.12, 0.13, 0.14, 0.14999999, 0.16, 0.17, 0.17999999, 0.19, 0.2, 0.21, 0.22, 0.22999999, 0.24, 0.25, 0.26, 0.26999998, 0.28, 0.29, 0.29999998, 0.31, 0.32, 0.32999998, 0.34, 0.35, 0.35999998, 0.37, 0.38, 0.39, 0.4, 0.41, 0.42000002, 0.43, 0.44, 0.45000002, 0.46, 0.47, 0.48, 0.48999998, 0.5, 0.51, 0.52, 0.53, 0.53999996, 0.55, 0.56, 0.57, 0.58, 0.59, 0.6, 0.61, 0.62, 0.63, 0.64, 0.65, 0.66, 0.67, 0.68, 0.69]

mean coverage of areas missed by mean as tau increases
[0.8664391, 0.8032998, 0.77623713, 0.7572109, 0.74202895, 0.72694516, 0.7129622, 0.70086306, 0.6909212, 0.67919916, 0.67004114, 0.65952677, 0.6503251, 0.6405873, 0.63138777, 0.6214611, 0.6105038, 0.60240066, 0.59403116, 0.5859078, 0.5772438, 0.5686474, 0.56048036, 0.55134773, 0.54171103, 0.53372055, 0.5254767, 0.5168249, 0.50808704, 0.50007564, 0.49192566, 0.48322037, 0.4738565, 0.46586043, 0.4568204, 0.44675335, 0.4378083, 0.42887676, 0.42011896, 0.41124088, 0.4018169, 0.39322364, 0.3848505, 0.37624905, 0.36718497, 0.3586217, 0.3500757, 0.34146693, 0.33219802, 0.32334626, 0.31436703, 0.30615798, 0.29602438, 0.28723776, 0.278307, 0.26776978, 0.25843567, 0.24792093, 0.2371211, 0.22591704, 0.21503533, 0.20344682, 0.1916722, 0.17843765, 0.16357009, 0.14932135, 0.13140354, 0.110156626, 0.08106663, 0.039321247]

mean size of entirely missed lesions
[nan, 8.508515, 7.8319325, 8.026316, 10.905521, 10.359341, 9.922, 10.635855, 10.421333, 10.044167, 9.908803, 9.713533, 9.643115, 9.402768, 9.17545, 8.9595375, 8.789797, 8.701608, 8.589565, 8.459155, 8.379462, 8.296316, 8.208682, 8.094512, 8.141165, 8.046094, 7.959048, 7.918377, 7.8349295, 7.7716465, 7.727753, 7.6770024, 7.611626, 7.5841255, 7.551626, 7.741537, 7.683614, 7.6002307, 7.562287, 7.4871697, 7.4328465, 7.3956003, 7.4030485, 7.362015, 7.328055, 7.3093133, 7.2891645, 7.245771, 7.211903, 7.1700063, 7.151341, 7.150979, 7.101176, 7.0949616, 7.087587, 7.074449, 7.0874815, 7.0952244, 7.111431, 7.088302, 7.0728755, 7.0439377, 7.0271306, 7.0175915, 6.9925413, 6.985515, 6.9594383, 6.9392776, 6.965586, 6.9720078]

mean coverage of lesions entirely missed by the mean segmentation
[1.0, 0.8699001, 0.81654036, 0.77997446, 0.75193363, 0.72379553, 0.69798166, 0.67693764, 0.6607316, 0.64057064, 0.62508976, 0.60756093, 0.5919276, 0.57629603, 0.5613081, 0.54631555, 0.52964765, 0.5171814, 0.5045259, 0.49196893, 0.47896263, 0.46647775, 0.4549462, 0.4418203, 0.42847162, 0.41774768, 0.40740943, 0.3959193, 0.38364124, 0.37329406, 0.36314118, 0.35191628, 0.33988202, 0.33082882, 0.32033867, 0.3078495, 0.29825684, 0.28741822, 0.27704608, 0.26587492, 0.2543292, 0.2454029, 0.23640102, 0.22820047, 0.2190449, 0.2111816, 0.20335597, 0.19532333, 0.18683758, 0.1793824, 0.17093304, 0.16437331, 0.15284564, 0.14547335, 0.13886951, 0.12940747, 0.122775786, 0.115561076, 0.107979394, 0.09901817, 0.09275942, 0.08482784, 0.076916136, 0.06793976, 0.059430625, 0.053499967, 0.045588445, 0.037770778, 0.025269054, 0.010566311]

total number of missing lesions
[0.0, 411.0, 595.0, 722.0, 815.0, 910.0, 1000.0, 1071.0, 1125.0, 1200.0, 1261.0, 1330.0, 1387.0, 1445.0, 1499.0, 1557.0, 1627.0, 1679.0, 1725.0, 1775.0, 1821.0, 1873.0, 1912.0, 1968.0, 2026.0, 2061.0, 2100.0, 2144.0, 2193.0, 2229.0, 2270.0, 2322.0, 2374.0, 2419.0, 2460.0, 2511.0, 2557.0, 2599.0, 2641.0, 2689.0, 2740.0, 2773.0, 2821.0, 2859.0, 2905.0, 2942.0, 2981.0, 3015.0, 3058.0, 3094.0, 3132.0, 3166.0, 3232.0, 3275.0, 3311.0, 3358.0, 3395.0, 3434.0, 3473.0, 3522.0, 3554.0, 3596.0, 3649.0, 3695.0, 3754.0, 3797.0, 3846.0, 3903.0, 4010.0, 4144.0]

proportion of lesions entirely missed
[0.0, 0.04525435, 0.06551421, 0.07949791, 0.089737944, 0.100198194, 0.110107906, 0.11792557, 0.12387139, 0.13212949, 0.13884607, 0.14644352, 0.15271966, 0.15910593, 0.16505174, 0.17143801, 0.17914556, 0.18487117, 0.18993613, 0.19544153, 0.2005065, 0.2062321, 0.21052632, 0.21669236, 0.22307862, 0.22693239, 0.23122661, 0.23607135, 0.24146664, 0.24543053, 0.24994494, 0.25567055, 0.26139617, 0.266351, 0.27086544, 0.27648094, 0.2815459, 0.28617045, 0.29079497, 0.29608017, 0.30169567, 0.30532923, 0.3106144, 0.3147985, 0.31986347, 0.32393745, 0.32823166, 0.33197534, 0.33670998, 0.34067386, 0.34485796, 0.34860164, 0.35586876, 0.3606034, 0.36456728, 0.36974233, 0.37381634, 0.37811056, 0.38240474, 0.38780004, 0.3913235, 0.39594802, 0.40178373, 0.4068487, 0.41334507, 0.4180797, 0.423475, 0.42975116, 0.4415327, 0.45628718]

num lesions:
9082

