begin results

reordered GED values
[0.68849796, 0.74665076, 0.44072303, 1.0510118, 1.082163, 0.8334672, 1.1691328, 0.78917235, 0.8175621, 0.5682178, 0.6114017, 0.33314267, 1.0159247, 1.0727512, 1.2858491, 0.88969123, 0.6162161, 1.3768195, 0.90471673, 1.152031, 0.91313136, 1.4223689, 1.1891291, 0.4017731, 1.1620452, 1.3087476, 1.1241442, 1.4814986, 1.2693294, 0.7539314, 0.586332, 0.9051198, 0.6964096, 0.91581976, 0.9666498, 1.1042206, 1.2317721, 0.65899813, 0.7641661, 1.5346626, 0.7734309, 1.5285, 1.110613, 0.55811495, 1.3447582, 0.95629084, 1.3250964, 0.8318968, 0.6066752, 0.662473, 0.8884243, 0.40183344, 0.27204406, 0.86743575, 0.584228, 0.35799065, 1.2194558, 1.3971633, 0.54642427, 1.1434678, 0.9446314, 0.7987247, 0.5543097, 0.42786264, 0.81645507, 0.4690251, 0.8484579, 1.384795, 0.90417826, 0.80563056, 0.6056815, 0.88634247, 1.3400548, 0.5468922, 0.6349106, 1.3128109, 0.9052872, 1.6457571, 1.00178, 0.93034464, 0.860253, 1.0379349, 1.1121564, 1.6613617, 1.0233588, 0.9516013, 0.86737853, 0.5256203, 1.012561, 1.3848001, 1.3183305, 0.9991879, 1.0106618, 0.5435809, 0.58775437, 0.599129, 0.6921318, 1.411913, 1.3009454, 0.86818445, 1.3841016, 1.6580551, 0.8867789, 0.64172965, 0.43811727, 1.885405, 1.1248711, 1.2598438, 0.5160869, 1.3794895, 1.014532, 1.968021, 0.57548183, 0.50340587, 0.72205806, 1.7397538, 1.2523096, 1.3190281, 1.3926178, 1.2579254, 0.8592438, 1.1538517, 1.1094598, 0.9128548, 1.2955028]

reordered GED mean
0.9679601

reordered GED standard error
0.03163578685774304

best dice mean
0.64691496

best dice st_err
0.015840832256124353

reordered best dice mean
0.647656

reordered best dice st_err
0.015791579951069376

best avd mean
35.185574

best avd st_err
5.269214212425836

reordered best avd mean
33.80326

reordered best avd st_err
5.107797372906278

bras score
0.7411341313272715

sUEO mean
0.45360234

sUEO standard error
0.006076352196515557

best tau for max UEO
0.5

max UEO
0.4084137

UEO per tau
[0.003641297, 0.10887804, 0.13606997, 0.15617916, 0.17301792, 0.1875765, 0.20062706, 0.21258126, 0.22361536, 0.23390748, 0.24347925, 0.25250366, 0.26120844, 0.26948932, 0.2771393, 0.28441817, 0.29134786, 0.29804015, 0.30432782, 0.3104084, 0.31618595, 0.3217885, 0.32717943, 0.33230236, 0.3372889, 0.342004, 0.34661937, 0.35094768, 0.35522124, 0.3593955, 0.3636527, 0.36753196, 0.37121472, 0.3749291, 0.37827185, 0.38150728, 0.3846102, 0.3875086, 0.39013433, 0.39249116, 0.3950271, 0.39736548, 0.3995275, 0.40127563, 0.40264398, 0.40391263, 0.40529996, 0.40635884, 0.4072318, 0.40778673, 0.4084137, 0.4082358, 0.40797704, 0.4072082, 0.4061772, 0.40458077, 0.40238187, 0.3998835, 0.39617673, 0.39181194, 0.387037, 0.38063452, 0.37352347, 0.36370584, 0.35150528, 0.33578232, 0.31588522, 0.2866349, 0.24144675, 0.14369665]

UEO tau AUC
0.3285694718360901

mean_only calibration curve data: 

mean_only bin_accuracies: 
[0.0003876530099660158, 0.08956368267536163, 0.18918660283088684, 0.2796153724193573, 0.3659909665584564, 0.4506058692932129, 0.5424503684043884, 0.6345952749252319, 0.7364875078201294, 0.8588050603866577, 0.9677952527999878]

mean_only bin_confidences: 
[0.00029136124067008495, 0.08816508203744888, 0.19472211599349976, 0.29685351252555847, 0.39803072810173035, 0.4988528788089752, 0.5994130373001099, 0.7005842924118042, 0.802244246006012, 0.9060550928115845, 0.9845775961875916]

mean_only EXPECTED CALIBRATION ERROR
0.021204023

dice
[0.78338426, 0.76097393, 0.87127256, 0.62931985, 0.6171372, 0.7252829, 0.573688, 0.7450814, 0.73339796, 0.82756275, 0.8120275, 0.9048921, 0.6472303, 0.6213166, 0.505992, 0.7055112, 0.8105063, 0.4514652, 0.6959953, 0.57753164, 0.6936233, 0.424581, 0.5619313, 0.88477784, 0.57875836, 0.49327356, 0.5947149, 0.39659178, 0.5232477, 0.75761104, 0.82281476, 0.6992248, 0.780344, 0.6922602, 0.669969, 0.6022173, 0.54164714, 0.79609275, 0.7571879, 0.3598299, 0.7511369, 0.35699517, 0.59021133, 0.8248409, 0.46365827, 0.66763127, 0.47446275, 0.7211624, 0.8058968, 0.7890804, 0.6914434, 0.8804571, 0.921233, 0.7046263, 0.8172392, 0.893723, 0.5282945, 0.4226503, 0.83042616, 0.5714286, 0.6672886, 0.7298124, 0.82381433, 0.87370455, 0.7344231, 0.8604093, 0.720241, 0.45107633, 0.6964714, 0.7357678, 0.8127288, 0.7049083, 0.47091413, 0.8336414, 0.8028169, 0.49038625, 0.69960785, 0.267009, 0.65309983, 0.68535274, 0.7135405, 0.6351234, 0.59992695, 0.26565465, 0.6421663, 0.6785514, 0.7132726, 0.84281695, 0.64646465, 0.44631305, 0.4905369, 0.6555656, 0.6469865, 0.835743, 0.8219628, 0.8158503, 0.78178316, 0.43252903, 0.50050795, 0.7113271, 0.45107493, 0.2610204, 0.7025794, 0.8012374, 0.8712606, 0.0, 0.58654743, 0.5068876, 0.8433715, 0.41788855, 0.63411593, 8.2706145e-05, 0.8236572, 0.8478035, 0.76840943, 0.18882467, 0.5221973, 0.48792884, 0.42524916, 0.5096678, 0.7134245, 0.57525647, 0.5962581, 0.69117826, 0.49342105]

dice mean
0.6556604

dice standard error
0.014320138734936797

hd95
[1.4142135, 2.828427, 1.4142135, 11.340069, 11.7046995, 2.236068, 6.164414, 2.4494898, 5.0990195, 2.236068, 4.0, 1.7320508, 8.602325, 6.4031243, 20.049938, 6.3245554, 2.0, 17.09353, 7.483315, 15.066519, 7.28011, 13.152946, 5.8309517, 2.236068, 6.4031243, 11.153344, 4.2484536, 7.3484693, 9.0636425, 3.6055512, 2.236068, 10.0, 2.236068, 3.7416575, 15.971675, 12.778309, 12.529964, 2.4494898, 4.0, 13.503587, 3.7416575, 15.937377, 4.1231055, 1.4142135, 11.949606, 6.3005342, 9.218917, 3.0, 2.236068, 3.3166249, 3.8751643, 1.4142135, 1.4142135, 3.7416575, 1.7320508, 1.4142135, 5.8309517, 11.284752, 5.0990195, 4.2426405, 3.0, 2.236068, 3.6055512, 1.4142135, 2.0, 2.828427, 7.078104, 7.1414285, 5.833966, 2.4494898, 2.0, 5.7178288, 15.77339, 2.236068, 1.4142135, 8.743523, 10.290762, 41.721592, 11.943454, 5.7445626, 10.29563, 11.454244, 6.78233, 17.131786, 10.088689, 2.236068, 2.236068, 1.4142135, 7.3484693, 13.076696, 11.489043, 4.582576, 3.4755344, 2.0, 2.4494898, 1.4142135, 3.0, 24.268768, 7.28011, 3.0, 8.124039, 9.0, 2.236068, 3.1622777, 1.4142135, 56.586216, 7.5926948, 8.062258, 1.4142135, 19.026299, 5.0990195, 44.14748, 4.1350594, 2.236068, 6.6332498, 75.8749, 8.50877, 9.433981, 12.625281, 5.6910954, 7.615773, 7.6288476, 6.164414, 5.1670127, 12.083046]

hd95 mean
8.036459

hd95 standard error
0.8951676735634182

avd
[17.95163, 19.010645, 8.958147, 14.377537, 2.152691, 2.7442372, 36.564625, 7.7802196, 25.612848, 9.758861, 9.617271, 1.9812244, 10.061242, 44.257275, 100.4, 14.104093, 1.9324334, 66.01705, 4.0587554, 22.47191, 15.447325, 59.30131, 45.524956, 0.62148345, 48.326847, 44.139786, 8.266666, 66.952934, 9.391535, 23.569122, 25.125797, 7.4626865, 8.560678, 33.00103, 1.4751076, 66.233765, 44.722157, 15.99316, 20.279863, 51.457726, 1.1037527, 12.5323, 45.98053, 5.2099757, 70.04651, 2.369281, 40.631298, 36.105877, 17.375397, 10.491329, 4.560811, 13.947461, 6.424335, 40.174637, 16.25394, 1.4748741, 10.007441, 52.327587, 13.355522, 55.66477, 23.249153, 44.117233, 2.0878508, 1.0589944, 23.241205, 2.0651186, 1.0838914, 58.055557, 3.0364373, 27.423662, 11.510608, 26.069519, 14.031621, 19.466074, 11.795892, 33.371136, 34.379734, 403.87598, 19.478855, 25.375652, 19.48823, 19.539026, 42.95135, 138.90675, 10.449129, 8.0, 13.465628, 1.1945587, 18.543047, 53.181385, 59.978367, 44.102707, 1.2376238, 7.240339, 12.452959, 7.296638, 9.608663, 110.833336, 52.974857, 18.95685, 143.86201, 81.40212, 25.291233, 17.320726, 9.270973, 99.74026, 21.685253, 54.8775, 2.4519112, 48.0, 16.367798, 99.82601, 13.308756, 17.820086, 17.659508, 482.89474, 57.335747, 58.430088, 37.101624, 12.894249, 29.892094, 37.765324, 49.22225, 17.26104, 94.19355]

avd mean
35.62204

avd standard error
5.327379412071267

recall
[0.64102566, 0.6216216, 0.5, 0.61538464, 0.45614034, 0.6666667, 0.4848485, 0.53333336, 0.5925926, 0.5294118, 0.55172414, 0.42553192, 0.65, 0.20779221, 0.7407407, 0.75, 0.2769231, 0.5263158, 0.5641026, 0.2, 0.5689655, 0.41269842, 0.73214287, 0.45, 0.21212122, 0.39473686, 0.8, 0.19607843, 0.71428573, 0.5641026, 0.73913044, 0.6666667, 0.73170733, 0.5813953, 0.46666667, 0.6785714, 0.2, 0.6195652, 0.23170732, 0.25, 0.6818182, 0.7222222, 0.23214285, 0.6086956, 0.8666667, 0.62857145, 0.7777778, 0.33695653, 0.5263158, 0.70422536, 0.61904764, 0.51282054, 0.7222222, 0.5420561, 0.5652174, 0.51724136, 0.45833334, 0.109375, 0.29333332, 0.73333335, 0.33333334, 0.5942029, 0.5964912, 0.75, 0.625, 0.5632184, 0.46268657, 0.35897437, 0.56363636, 0.45, 0.56363636, 0.9, 0.875, 0.63235295, 0.65217394, 0.5479452, 0.43548387, 0.75, 0.19672132, 0.5555556, 0.53535354, 0.5208333, 0.2208589, 0.25531915, 0.36363637, 0.78571427, 0.5614035, 0.59615386, 0.7297297, 0.12195122, 0.20618556, 0.36842105, 0.8181818, 0.53125, 0.72, 0.7457627, 0.6770833, 0.61538464, 0.22619048, 0.5283019, 0.5185185, 0.2264151, 0.61538464, 0.4347826, 0.6451613, 0.0, 0.5, 0.40350878, 0.68085104, 0.73333335, 0.73239434, 0.014492754, 0.7, 0.64102566, 0.2, 1.0, 0.10204082, 0.25, 0.37096775, 0.4074074, 0.32608697, 0.34375, 0.29213482, 0.33, 0.7307692]

recall mean
0.52125984

recall standard error
0.017896876695700014

f1
[0.56179774, 0.6674563, 0.47619048, 0.5014245, 0.3178484, 0.5637584, 0.4097788, 0.44539616, 0.6654064, 0.43527737, 0.55172414, 0.5355304, 0.4609929, 0.256, 0.43956044, 0.7058824, 0.34572026, 0.32332563, 0.54718363, 0.24324325, 0.5825382, 0.4865497, 0.76301724, 0.51428574, 0.27096775, 0.44609666, 0.75, 0.2754821, 0.6043956, 0.61486864, 0.7413534, 0.42105263, 0.6049496, 0.6588072, 0.4886562, 0.44705883, 0.295302, 0.69831544, 0.3412245, 0.3483871, 0.28037384, 0.6426966, 0.34522003, 0.62044317, 0.37201908, 0.5648267, 0.5078864, 0.4658396, 0.6198608, 0.7692308, 0.59029925, 0.59569776, 0.6437414, 0.6894157, 0.587269, 0.5886475, 0.53197205, 0.15730338, 0.42600277, 0.5365854, 0.35714287, 0.51749855, 0.62644875, 0.5316456, 0.63380283, 0.5848031, 0.5740741, 0.49322492, 0.5790064, 0.5916955, 0.52991456, 0.60402685, 0.4256757, 0.68813765, 0.59180576, 0.6290957, 0.5192308, 0.19736843, 0.28712174, 0.6004902, 0.57527137, 0.5295008, 0.3347725, 0.29573458, 0.31768954, 0.6111111, 0.60066605, 0.55503976, 0.6084507, 0.20501138, 0.31496063, 0.48856798, 0.49723756, 0.5862069, 0.6717892, 0.75459373, 0.7103825, 0.27791563, 0.33103034, 0.5864933, 0.21705426, 0.32095096, 0.6494465, 0.55344546, 0.6311044, 0.0, 0.48101267, 0.483401, 0.5645214, 0.30889237, 0.675418, 0.025316456, 0.6765101, 0.7218845, 0.29383886, 0.16666667, 0.1782364, 0.35573122, 0.41390592, 0.38693467, 0.46332046, 0.47678018, 0.41170394, 0.41544744, 0.4169279]

f1 mean
0.49230015

f1 standard error
0.013866015603043026

uncertainty thresholds
[0.0, 0.01, 0.02, 0.03, 0.04, 0.05, 0.06, 0.07, 0.08, 0.089999996, 0.1, 0.11, 0.12, 0.13, 0.14, 0.14999999, 0.16, 0.17, 0.17999999, 0.19, 0.2, 0.21, 0.22, 0.22999999, 0.24, 0.25, 0.26, 0.26999998, 0.28, 0.29, 0.29999998, 0.31, 0.32, 0.32999998, 0.34, 0.35, 0.35999998, 0.37, 0.38, 0.39, 0.4, 0.41, 0.42000002, 0.43, 0.44, 0.45000002, 0.46, 0.47, 0.48, 0.48999998, 0.5, 0.51, 0.52, 0.53, 0.53999996, 0.55, 0.56, 0.57, 0.58, 0.59, 0.6, 0.61, 0.62, 0.63, 0.64, 0.65, 0.66, 0.67, 0.68, 0.69]

mean coverage of areas missed by mean as tau increases
[0.88284516, 0.82056737, 0.8017374, 0.7860111, 0.7721773, 0.75931877, 0.7452129, 0.73465043, 0.7242643, 0.7147355, 0.7047684, 0.69547355, 0.68628144, 0.67703533, 0.6690775, 0.6601946, 0.6520682, 0.64332163, 0.6356766, 0.62824196, 0.6193158, 0.6116105, 0.6039778, 0.59482104, 0.58639824, 0.57849795, 0.57025886, 0.56231177, 0.555311, 0.5482015, 0.5408605, 0.5331129, 0.52514267, 0.5176222, 0.5092993, 0.5011859, 0.49394324, 0.4869438, 0.4794001, 0.47191688, 0.46414274, 0.455981, 0.44763747, 0.43857947, 0.42978632, 0.41988623, 0.41108805, 0.40212464, 0.39333564, 0.38416117, 0.37473983, 0.3640561, 0.353942, 0.34408107, 0.33471045, 0.32447764, 0.31349128, 0.30179217, 0.28950635, 0.27733934, 0.26538914, 0.25169262, 0.2375527, 0.22158559, 0.20404033, 0.18408073, 0.1647271, 0.13775922, 0.10481938, 0.05273629]

mean size of entirely missed lesions
[nan, 6.173913, 6.992352, 6.875598, 6.7301807, 6.8757687, 6.608315, 7.5451775, 7.7960153, 7.5955157, 7.3381233, 7.127098, 7.5165257, 7.3323507, 7.2094355, 7.0643396, 7.6626906, 7.5234427, 7.506583, 7.4216943, 7.3756647, 7.299885, 7.2140036, 7.10121, 7.14797, 7.4060383, 7.3439393, 7.270524, 7.2569075, 7.2235966, 7.1530566, 7.1333942, 7.556798, 7.4869986, 7.5767903, 7.4995775, 7.4441214, 7.417484, 7.4014454, 7.3485622, 7.301359, 7.290175, 7.277027, 7.2082415, 7.1630435, 7.1439204, 7.092528, 7.1140985, 7.0861015, 7.0645056, 7.0488286, 6.983798, 6.936802, 6.9536486, 6.988257, 6.9881096, 6.9537396, 6.9638734, 6.9328465, 6.9393153, 6.9461756, 6.9254107, 6.912709, 6.897844, 6.9546537, 6.9953017, 6.968766, 6.959631, 6.988075, 7.0380044]

mean coverage of lesions entirely missed by the mean segmentation
[1.0, 0.87547535, 0.83938414, 0.80975926, 0.7831899, 0.7590157, 0.73275614, 0.71309036, 0.69409114, 0.6768621, 0.65890497, 0.64309555, 0.6272906, 0.6111405, 0.5980099, 0.58315694, 0.569549, 0.554967, 0.5428287, 0.5312075, 0.51644725, 0.504458, 0.4925846, 0.47861287, 0.4656177, 0.45364556, 0.44094014, 0.429605, 0.41929638, 0.40945482, 0.3990498, 0.38774413, 0.37699112, 0.3667483, 0.3551698, 0.34465763, 0.33570573, 0.32706407, 0.3183195, 0.30902416, 0.30001473, 0.2894476, 0.279522, 0.26851407, 0.25915173, 0.24649656, 0.23716486, 0.22804621, 0.21877468, 0.20931643, 0.2013474, 0.19010809, 0.17999332, 0.17060448, 0.16279341, 0.15475437, 0.1456469, 0.13729206, 0.12779362, 0.120017566, 0.112093545, 0.10180462, 0.093291745, 0.082788475, 0.07370506, 0.065715805, 0.05591023, 0.04379481, 0.03268246, 0.014826608]

total number of missing lesions
[0.0, 391.0, 523.0, 627.0, 719.0, 813.0, 914.0, 985.0, 1054.0, 1115.0, 1183.0, 1251.0, 1301.0, 1357.0, 1399.0, 1461.0, 1509.0, 1557.0, 1595.0, 1641.0, 1693.0, 1734.0, 1771.0, 1818.0, 1872.0, 1921.0, 1980.0, 2022.0, 2063.0, 2102.0, 2143.0, 2189.0, 2236.0, 2269.0, 2318.0, 2368.0, 2407.0, 2448.0, 2491.0, 2539.0, 2575.0, 2626.0, 2664.0, 2718.0, 2760.0, 2821.0, 2864.0, 2901.0, 2950.0, 2992.0, 3031.0, 3086.0, 3133.0, 3193.0, 3236.0, 3280.0, 3329.0, 3377.0, 3425.0, 3477.0, 3530.0, 3593.0, 3643.0, 3710.0, 3771.0, 3831.0, 3906.0, 4013.0, 4109.0, 4289.0]

proportion of lesions entirely missed
[0.0, 0.043052193, 0.057586435, 0.06903765, 0.07916758, 0.08951773, 0.10063863, 0.108456284, 0.11605373, 0.12277032, 0.13025765, 0.137745, 0.14325039, 0.14941643, 0.15404096, 0.16086765, 0.16615283, 0.17143801, 0.1756221, 0.18068707, 0.18641268, 0.1909271, 0.1950011, 0.20017618, 0.206122, 0.21151729, 0.21801366, 0.22263819, 0.22715262, 0.23144682, 0.23596124, 0.24102621, 0.24620128, 0.24983484, 0.25523013, 0.2607355, 0.26502973, 0.26954415, 0.2742788, 0.27956396, 0.28352785, 0.28914335, 0.29332745, 0.29927328, 0.30389783, 0.3106144, 0.31534904, 0.31942302, 0.3248183, 0.32944286, 0.33373708, 0.339793, 0.34496808, 0.35157454, 0.35630918, 0.36115393, 0.36654922, 0.3718344, 0.37711957, 0.3828452, 0.3886809, 0.3956177, 0.4011231, 0.40850034, 0.41521692, 0.42182338, 0.4300815, 0.44186303, 0.45243338, 0.47225282]

num lesions:
9082

