begin results

reordered GED values
[0.47660232, 0.45259294, 0.51573694, 0.8448043, 0.3363449, 0.4187178, 0.6996194, 0.61131424, 1.3980491, 1.4399168, 1.1594583, 0.65483975, 0.4346719, 0.5714409, 1.0433359, 1.0472343, 0.7531758, 0.8516573, 0.5369826, 0.98860633, 0.77797365, 0.80693096, 0.57025266, 0.5510893, 0.7506502, 1.1351218, 1.0409433, 0.46903, 1.0176449, 0.7421706, 0.5189695, 0.44077557, 0.58274716, 0.6983841, 0.45082632, 0.42912892, 0.78440005, 0.63165194, 1.2866848, 1.3843218, 1.0743505, 0.52705795, 0.3992441, 0.495488, 1.0189016, 1.0674032, 0.7435288, 0.78357726, 0.6004113, 0.8486811, 0.8414453, 0.6685121, 0.55524725, 0.5237117, 0.87030655, 1.1078558, 0.9353959, 0.39180252, 0.9805117, 0.7755011, 0.6162816, 0.60491174, 0.60608184, 0.5875637, 0.508297, 0.44791096, 0.81088275, 0.58923805, 1.2124442, 1.3332794, 0.98464733, 0.5418513, 0.37984756, 0.53071475, 0.989893, 1.0194516, 0.7137696, 0.7527005, 0.5277534, 0.9387878, 0.8025248, 0.54552203, 0.6090573, 0.5394725, 0.8342976, 1.0565442, 0.83407253, 0.36557445, 0.9288352, 0.8124858]

reordered GED mean
0.750427

reordered GED standard error
0.028022561261279774

best dice mean
0.5802908

best dice st_err
0.01982055826475369

reordered best dice mean
0.5836802

reordered best dice st_err
0.01965958770644345

best avd mean
82.934074

best avd st_err
23.720268726513492

reordered best avd mean
73.939125

reordered best avd st_err
22.312161852607716

bras score
0.7907970808446407

sUEO mean
0.44063058

sUEO standard error
0.00810954490184512

best tau for max UEO
0.38

max UEO
0.39644995

UEO per tau
[0.0050259917, 0.14003572, 0.17903389, 0.20634642, 0.22768316, 0.24529493, 0.2604917, 0.27366212, 0.2851566, 0.2956193, 0.30513415, 0.3136578, 0.32167968, 0.3287215, 0.33527288, 0.3410957, 0.34679556, 0.3517521, 0.356603, 0.36097068, 0.36483982, 0.36867344, 0.372021, 0.37509024, 0.37810174, 0.38046786, 0.3828849, 0.38496542, 0.38712472, 0.38890415, 0.39074054, 0.39218247, 0.3934032, 0.39442053, 0.39528427, 0.39585763, 0.39627245, 0.3964321, 0.39644995, 0.39632317, 0.39620844, 0.3957434, 0.39527872, 0.3942587, 0.39356855, 0.39246482, 0.39067388, 0.38885757, 0.38684246, 0.38444087, 0.38199756, 0.37894508, 0.3760719, 0.3726567, 0.3688412, 0.36424294, 0.35929978, 0.35341296, 0.34670547, 0.3398755, 0.33224404, 0.3236167, 0.3133937, 0.30188859, 0.28796542, 0.2706536, 0.24924122, 0.22067592, 0.18101501, 0.10040707]

UEO tau AUC
0.336137056350708

mean_only calibration curve data: 

mean_only bin_accuracies: 
[0.001296506030485034, 0.10446905344724655, 0.17664596438407898, 0.23663607239723206, 0.29058870673179626, 0.34192460775375366, 0.40001222491264343, 0.4638739228248596, 0.546252429485321, 0.6834093332290649, 0.9160699248313904]

mean_only bin_confidences: 
[0.00014182584709487855, 0.08835643529891968, 0.19522801041603088, 0.29743897914886475, 0.39830446243286133, 0.4991413354873657, 0.5998792052268982, 0.7007312178611755, 0.8026583194732666, 0.9075784087181091, 0.9860813617706299]

mean_only EXPECTED CALIBRATION ERROR
0.09224439

dice
[0.8157084, 0.8069418, 0.68996596, 0.63693964, 0.8711111, 0.84094477, 0.40351453, 0.7510208, 0.11699271, 0.0795756, 0.35129216, 0.7139549, 0.8385727, 0.7539836, 0.41512027, 0.4034091, 0.6548933, 0.61962754, 0.7060126, 0.46854764, 0.6211875, 0.65979934, 0.32449752, 0.7220095, 0.5809614, 0.39754602, 0.45322487, 0.8236609, 0.25337577, 0.63577384, 0.7877525, 0.7969239, 0.63816935, 0.711918, 0.81601465, 0.82605, 0.34716722, 0.73182744, 0.22241087, 0.121166036, 0.438682, 0.75689346, 0.8499904, 0.7761583, 0.44017094, 0.38260868, 0.6567383, 0.6495287, 0.6538577, 0.5598568, 0.5411471, 0.71659124, 0.2853226, 0.7258456, 0.4870559, 0.38117647, 0.5374198, 0.8538401, 0.23824295, 0.6678231, 0.7096304, 0.6834723, 0.5950565, 0.77162886, 0.7724626, 0.8106258, 0.32527587, 0.76273715, 0.28854167, 0.13150848, 0.46157324, 0.7469935, 0.85534847, 0.7450229, 0.4749164, 0.36520076, 0.6626866, 0.66071427, 0.70673704, 0.49856612, 0.57409614, 0.79251355, 0.3421852, 0.7036584, 0.4668333, 0.45843828, 0.57570094, 0.8656314, 0.22503774, 0.55359]

dice mean
0.5843878

dice standard error
0.021667494447700632

hd95
[12.165525, 13.906794, 13.345407, 16.27882, 13.0, 11.224972, 5.0990195, 9.69536, 26.339132, 20.808653, 19.646883, 14.071247, 10.816654, 14.899665, 16.155495, 24.102903, 15.66524, 17.349352, 2.236068, 8.062258, 9.899495, 14.59452, 12.845233, 9.433981, 16.093477, 12.316601, 21.799057, 16.431677, 25.0998, 18.002775, 13.260494, 11.74734, 13.126259, 15.1657505, 10.770329, 2.828427, 7.071068, 8.071525, 24.41311, 23.622025, 17.088007, 10.630146, 8.792004, 6.188435, 15.779734, 24.4499, 13.89952, 17.578396, 2.236068, 6.4031243, 8.507465, 13.638182, 7.1623306, 5.0990195, 15.446634, 12.930459, 19.723083, 12.093373, 28.429737, 18.476984, 5.0, 3.7416575, 11.575837, 13.190906, 4.1231055, 2.828427, 7.3484693, 7.8803077, 25.514702, 22.211481, 18.81223, 9.433981, 3.6055512, 4.1231055, 16.419443, 30.041634, 15.119472, 17.578396, 3.1622777, 4.8989797, 8.251848, 13.764071, 6.164414, 3.0, 16.510502, 12.688578, 19.235313, 10.816654, 26.672077, 20.034922]

hd95 mean
13.330705

hd95 standard error
0.7090581288179029

avd
[0.5801058, 3.8599348, 17.164179, 109.17246, 8.951965, 1.5816368, 69.03499, 22.146017, 1444.7949, 295.2381, 182.83957, 22.869112, 9.97552, 24.372086, 4.1722746, 15.29052, 7.586558, 78.08765, 10.78986, 47.424137, 13.11973, 86.24012, 77.23063, 1.127018, 0.81889766, 132.20108, 116.94291, 17.692259, 55.75992, 3.4608378, 11.653301, 17.86645, 30.146145, 66.22116, 24.759825, 9.197826, 74.15041, 6.659292, 543.21765, 123.891624, 86.69648, 5.5913067, 5.879524, 0.9490305, 11.036339, 6.5749235, 8.553971, 32.47012, 26.073748, 42.307693, 37.706577, 25.688957, 82.60916, 14.704538, 23.590551, 30.97826, 58.379375, 3.8483703, 69.53097, 10.018215, 36.120117, 39.771988, 47.15485, 45.477848, 34.16303, 22.297024, 77.2082, 15.165929, 405.67822, 75.94417, 47.28899, 15.741865, 4.4151077, 12.198315, 1.2113055, 40.06116, 12.372708, 34.262947, 15.430547, 33.892025, 30.219225, 27.558296, 81.089294, 19.53244, 36.188976, 69.70109, 2.946593, 0.4226164, 77.93236, 24.954462]

avd mean
63.97642

avd standard error
17.602898501513277

recall
[0.421875, 0.421875, 0.4390244, 0.90625, 0.46341464, 0.6785714, 0.4, 0.5090909, 0.9047619, 0.8888889, 0.85294116, 0.63414633, 0.4528302, 0.7297297, 0.5365854, 0.52, 0.59210527, 0.73333335, 0.6329114, 0.74358976, 0.67105263, 0.9, 0.525641, 0.5483871, 0.7894737, 0.6764706, 0.6363636, 0.5321101, 0.45679012, 0.68421054, 0.40625, 0.40625, 0.3902439, 0.84375, 0.36585367, 0.4642857, 0.31111112, 0.45454547, 0.8095238, 0.8888889, 0.7941176, 0.5121951, 0.44339624, 0.6351351, 0.5121951, 0.5, 0.55263156, 0.53333336, 0.6708861, 0.7051282, 0.59210527, 0.8, 0.47435898, 0.58064514, 0.6052632, 0.61764705, 0.54545456, 0.5045872, 0.4814815, 0.68421054, 0.359375, 0.359375, 0.36585367, 0.875, 0.40243903, 0.5, 0.31111112, 0.5090909, 0.8095238, 0.7222222, 0.7352941, 0.5121951, 0.4528302, 0.6486486, 0.5243902, 0.44, 0.5263158, 0.8, 0.62025315, 0.78205127, 0.6184211, 0.925, 0.44871795, 0.5483871, 0.7105263, 0.5, 0.54545456, 0.5412844, 0.44444445, 0.7368421]

recall mean
0.59158826

recall standard error
0.016770100057449826

f1
[0.38434163, 0.42595148, 0.27480915, 0.15560026, 0.4380871, 0.3089431, 0.43205574, 0.4252833, 0.110975906, 0.086021505, 0.12189393, 0.37195995, 0.36789027, 0.40716305, 0.53230375, 0.39438203, 0.5582684, 0.27789474, 0.6244845, 0.72799635, 0.71557426, 0.20809248, 0.47284546, 0.3812609, 0.5226481, 0.41397566, 0.26415095, 0.41374838, 0.23907259, 0.4679415, 0.45426515, 0.47560975, 0.2900302, 0.2560759, 0.41208792, 0.36767676, 0.36293808, 0.4400607, 0.1336669, 0.14260249, 0.19835782, 0.47645548, 0.41983345, 0.42455348, 0.5435294, 0.448, 0.5836783, 0.26755852, 0.7052135, 0.75618696, 0.70989215, 0.33426183, 0.5600561, 0.4912726, 0.49356222, 0.49650726, 0.27906978, 0.47790375, 0.3711929, 0.47089264, 0.4806552, 0.47201493, 0.41602466, 0.2442506, 0.51169515, 0.48120302, 0.42569888, 0.44074073, 0.13960433, 0.103174604, 0.24067388, 0.4961779, 0.4568751, 0.53136533, 0.5368899, 0.4680851, 0.57507986, 0.43881857, 0.6940888, 0.7809323, 0.7204871, 0.35050327, 0.5511811, 0.44818747, 0.64285713, 0.41379312, 0.502994, 0.514177, 0.34718373, 0.5150048]

f1 mean
0.42565578

f1 standard error
0.016573323359063863

uncertainty thresholds
[0.0, 0.01, 0.02, 0.03, 0.04, 0.05, 0.06, 0.07, 0.08, 0.089999996, 0.1, 0.11, 0.12, 0.13, 0.14, 0.14999999, 0.16, 0.17, 0.17999999, 0.19, 0.2, 0.21, 0.22, 0.22999999, 0.24, 0.25, 0.26, 0.26999998, 0.28, 0.29, 0.29999998, 0.31, 0.32, 0.32999998, 0.34, 0.35, 0.35999998, 0.37, 0.38, 0.39, 0.4, 0.41, 0.42000002, 0.43, 0.44, 0.45000002, 0.46, 0.47, 0.48, 0.48999998, 0.5, 0.51, 0.52, 0.53, 0.53999996, 0.55, 0.56, 0.57, 0.58, 0.59, 0.6, 0.61, 0.62, 0.63, 0.64, 0.65, 0.66, 0.67, 0.68, 0.69]

mean coverage of areas missed by mean as tau increases
[0.74940896, 0.67964303, 0.65809363, 0.63813406, 0.62309915, 0.6088369, 0.5975416, 0.5867813, 0.5766999, 0.5670112, 0.5582107, 0.5494292, 0.54037386, 0.53223175, 0.5256848, 0.51864773, 0.5117306, 0.5058178, 0.5005478, 0.49511027, 0.4894812, 0.4841855, 0.47926575, 0.4732161, 0.46815532, 0.4618699, 0.45622605, 0.45102143, 0.44642916, 0.44018286, 0.43496612, 0.42920226, 0.42359048, 0.41833976, 0.41298273, 0.40685102, 0.40043366, 0.39584577, 0.3891292, 0.38342917, 0.37904692, 0.37319678, 0.367645, 0.36198235, 0.35582417, 0.34991014, 0.34387493, 0.33648813, 0.329676, 0.322329, 0.31590122, 0.30859417, 0.30188903, 0.2953672, 0.28811556, 0.28115866, 0.27279684, 0.26425478, 0.25560358, 0.24628842, 0.23538631, 0.22423509, 0.21263355, 0.19968218, 0.18398702, 0.16892336, 0.15100853, 0.12820232, 0.10297218, 0.052076913]

mean size of entirely missed lesions
[nan, 4.9342103, 4.706485, 4.681818, 4.7064676, 4.8400903, 4.8162837, 5.0598454, 4.987365, 5.3602057, 5.4144735, 5.75819, 5.9511113, 5.99711, 6.3690143, 6.386612, 6.3128343, 6.356021, 6.417092, 6.423077, 6.529697, 6.5011964, 6.4728775, 6.455594, 6.556314, 6.547884, 6.5349345, 6.602799, 6.5961537, 6.557188, 6.5388603, 6.5680895, 6.64, 6.6413045, 6.637073, 6.6791906, 6.655566, 6.6409774, 6.6331472, 6.6875, 6.822831, 6.820467, 7.01061, 6.969459, 6.9688044, 6.9939914, 6.9923406, 7.0310664, 7.0415626, 7.024855, 7.010673, 7.1779933, 7.14, 7.102848, 7.0744514, 7.213675, 7.21, 7.185606, 7.5354214, 7.561947, 7.5639153, 7.5296674, 7.5857654, 7.6064425, 7.646409, 7.7342467, 7.738368, 7.671044, 8.052666, 8.091862]

mean coverage of lesions entirely missed by the mean segmentation
[1.0, 0.7986289, 0.7388935, 0.68545485, 0.646225, 0.61019844, 0.5820708, 0.555918, 0.5320933, 0.5094892, 0.4874786, 0.46868345, 0.4488467, 0.4313736, 0.41776758, 0.40305182, 0.39022833, 0.37810332, 0.36707526, 0.35678324, 0.3471722, 0.33774042, 0.3302514, 0.32002783, 0.31230676, 0.30323294, 0.29471934, 0.28695315, 0.28075108, 0.27179343, 0.26446173, 0.25533366, 0.24811444, 0.24080391, 0.23446494, 0.22631891, 0.22029506, 0.213985, 0.20649996, 0.20041177, 0.19587684, 0.18742825, 0.18004912, 0.1732186, 0.16716893, 0.16200955, 0.15753408, 0.14959209, 0.1447298, 0.13988931, 0.13506456, 0.12822603, 0.12224644, 0.11686907, 0.1107986, 0.10695937, 0.10071421, 0.094603896, 0.088284604, 0.084294096, 0.07902448, 0.072465375, 0.06666829, 0.05995725, 0.0539811, 0.050269287, 0.042525873, 0.031684022, 0.023278546, 0.010178455]

total number of missing lesions
[0.0, 228.0, 293.0, 352.0, 402.0, 444.0, 479.0, 518.0, 554.0, 583.0, 608.0, 641.0, 675.0, 692.0, 710.0, 732.0, 748.0, 764.0, 784.0, 806.0, 825.0, 836.0, 848.0, 867.0, 879.0, 898.0, 916.0, 929.0, 936.0, 953.0, 965.0, 984.0, 1000.0, 1012.0, 1025.0, 1038.0, 1051.0, 1064.0, 1074.0, 1088.0, 1095.0, 1114.0, 1131.0, 1146.0, 1154.0, 1165.0, 1175.0, 1191.0, 1203.0, 1207.0, 1218.0, 1236.0, 1250.0, 1264.0, 1276.0, 1287.0, 1300.0, 1320.0, 1341.0, 1356.0, 1369.0, 1382.0, 1405.0, 1428.0, 1448.0, 1460.0, 1483.0, 1523.0, 1557.0, 1622.0]

proportion of lesions entirely missed
[0.0, 0.04491726, 0.057722617, 0.06934594, 0.079196215, 0.08747045, 0.09436564, 0.10204886, 0.10914106, 0.11485422, 0.119779356, 0.12628053, 0.13297872, 0.13632782, 0.13987392, 0.14420804, 0.14736013, 0.15051222, 0.15445232, 0.15878645, 0.16252956, 0.16469662, 0.16706067, 0.17080379, 0.17316785, 0.17691095, 0.18045706, 0.18301812, 0.18439716, 0.18774626, 0.19011033, 0.19385342, 0.19700551, 0.19936958, 0.20193066, 0.20449172, 0.2070528, 0.20961387, 0.21158393, 0.214342, 0.21572104, 0.21946414, 0.22281323, 0.22576833, 0.22734436, 0.22951142, 0.23148148, 0.23463356, 0.23699763, 0.23778565, 0.23995271, 0.24349882, 0.24625689, 0.24901497, 0.25137904, 0.2535461, 0.25610718, 0.2600473, 0.2641844, 0.2671395, 0.26970056, 0.27226162, 0.27679276, 0.28132388, 0.285264, 0.28762805, 0.29215917, 0.3000394, 0.3067376, 0.31954294]

num lesions:
5076

