results for deterministic_tversky07

deterministic_tversky07 dice
tensor([0.3836, 0.8642, 0.6193, 0.8495, 0.6714, 0.8282, 0.7153, 0.6257, 0.4730,
        0.6785, 0.7559, 0.8860, 0.8002, 0.7790, 0.5070, 0.7152, 0.8485, 0.7638,
        0.7510, 0.4074, 0.6676, 0.6256, 0.6195, 0.7473, 0.5761, 0.4635, 0.8138,
        0.3378, 0.6202, 0.8187, 0.7145, 0.4319, 0.5378, 0.8292, 0.6386])
deterministic_tversky07 hd95
tensor([13.9284,  1.4142,  5.0000,  7.0711,  3.7417,  1.4142,  2.2361,  4.9536,
         8.1302,  3.1623,  4.2426,  1.4142,  2.4495,  3.0000, 16.3972,  4.1231,
         1.7321,  2.2361,  3.7417,  9.2736,  5.0990,  5.0000,  7.8740,  3.0000,
        11.0992, 10.8167,  2.2361,  8.1240,  7.0000,  6.4031,  3.7417, 11.1803,
         4.5826,  3.3166,  8.1240])
deterministic_tversky07 avd
tensor([1.5473e+02, 7.7788e+00, 2.1824e+01, 1.2906e+01, 1.7218e+01, 1.2853e+01,
        1.2461e+01, 1.2376e+01, 2.7358e+00, 6.4470e+01, 3.9617e+01, 6.9389e+00,
        2.6814e+01, 2.5843e+01, 1.4082e+02, 4.8495e+01, 1.0827e-01, 1.6264e+01,
        2.1813e+01, 2.3481e+02, 5.6580e+00, 3.3562e+01, 6.8199e+01, 5.3124e+01,
        4.1935e+01, 3.5471e+00, 7.8271e+00, 1.0543e+02, 2.5898e+01, 7.7873e+00,
        2.0297e+01, 2.1081e+02, 2.6994e+01, 8.6384e+00, 2.9858e+01])
deterministic_tversky07 recall
tensor([0.8889, 0.8000, 0.4800, 0.5909, 0.2321, 0.7170, 0.6765, 0.5227, 0.3472,
        0.8444, 0.9600, 0.6410, 0.8085, 0.8857, 0.8333, 0.8478, 0.6795, 0.5667,
        0.6800, 0.8519, 0.3436, 0.5536, 0.3929, 0.5469, 0.5278, 0.3889, 0.3594,
        0.6486, 0.3953, 0.2167, 0.7170, 0.9231, 0.4074, 0.3667, 0.1224])
deterministic_tversky07 f1
tensor([0.4582, 0.5508, 0.5082, 0.4343, 0.3398, 0.5750, 0.5654, 0.5567, 0.4135,
        0.6552, 0.6076, 0.6583, 0.5856, 0.6311, 0.4255, 0.5977, 0.7463, 0.5785,
        0.6912, 0.3096, 0.4669, 0.5254, 0.4603, 0.4037, 0.5043, 0.5152, 0.4859,
        0.5379, 0.4620, 0.3330, 0.7114, 0.5522, 0.4490, 0.4957, 0.2108])

deterministic_tversky07 bin confidences
[8.704171705176122e-06, 0.09146077185869217, 0.19727227091789246, 0.2981410622596741, 0.3998032808303833, 0.4999735653400421, 0.6007970571517944, 0.7018577456474304, 0.8033996224403381, 0.9075676798820496, 0.9987252354621887]
deterministic_tversky07 bin accuracies
[0.00062419573077932, 0.2131556123495102, 0.21461817622184753, 0.25040388107299805, 0.2356446534395218, 0.23945990204811096, 0.25936201214790344, 0.2795443534851074, 0.2815952003002167, 0.2984282672405243, 0.7523027658462524]
deterministic_tversky07 EXPECTED CALIBRATION ERROR: note we skip the first bin due to its size
tensor(0.2526)

deterministic_tversky07 dice
tensor([0.8482, 0.7780, 0.4269, 0.0951, 0.0932, 0.1950, 0.6152, 0.5936, 0.4024,
        0.8021, 0.7529, 0.6616, 0.8650, 0.8255, 0.6957, 0.3399, 0.7141, 0.6831,
        0.4422, 0.7696, 0.2275, 0.7352, 0.6744, 0.2260, 0.1380, 0.0687, 0.3100,
        0.4569, 0.6537, 0.1403, 0.6713, 0.0734, 0.7323, 0.8399, 0.2661, 0.2457,
        0.8230, 0.8097, 0.7375, 0.6904, 0.6033, 0.4146, 0.5124, 0.7067, 0.6824,
        0.5771, 0.5326, 0.5165, 0.5812, 0.3043, 0.4689, 0.6236, 0.6941, 0.6060,
        0.5063, 0.3188, 0.6124, 0.5886, 0.6323, 0.4059])
deterministic_tversky07 hd95
tensor([ 8.4853,  9.2195, 18.2154, 23.8747, 24.9839, 17.9944, 14.4568, 17.5243,
        17.6068,  9.2682, 13.9642, 13.1529, 10.9545,  4.3589, 13.4907, 11.1624,
        12.4097,  9.4340,  7.2180, 12.5300, 28.3901, 10.1586, 12.5300, 20.3470,
        23.7697, 27.2534, 19.3391, 15.5612, 10.2956, 24.0416, 12.2066, 22.3607,
        12.7279,  8.2462, 18.1521, 25.5588,  5.0000, 12.8841,  9.5394,  8.7750,
         9.8489, 19.1050, 14.3527,  5.7532,  8.4853, 14.3387, 17.0294, 15.5242,
        23.6569, 25.0130, 17.2148, 15.3199,  3.3166,  5.0990, 15.0665, 14.1421,
        10.8167,  8.7750,  9.8995, 15.6716])
deterministic_tversky07 avd
tensor([  16.6336,    7.4227,  149.3932,  948.5565,  581.0631,  792.5389,
         121.8418,   83.9275,  198.1584,   12.6221,   19.1586,    9.3750,
           5.8758,    9.8791,   20.4225,   73.9835,   42.9754,   34.4570,
          59.2773,   18.5463,   33.3815,   37.9394,   22.5404,  487.0607,
         667.7419,  117.7678,  258.3007,   73.7520,   85.3883, 1180.4417,
          64.5640,  364.0394,   25.0971,   14.1152,  429.8885,  463.0989,
           4.4662,   19.5428,   36.6768,   55.8518,   11.7592,  197.8947,
           5.6300,   53.8104,    7.1109,   42.7747,  143.7251,   27.5906,
          51.3661,   60.2446,  149.1071,   53.1059,   12.7697,   14.6436,
         141.8464,  175.9511,  111.5686,   16.2009,   20.9444,   65.9489])
deterministic_tversky07 recall
tensor([0.6429, 0.6625, 0.5400, 0.4348, 0.6316, 0.6667, 0.8750, 0.9000, 0.4545,
        0.3438, 0.7368, 0.5610, 0.4634, 0.6071, 0.5476, 0.5385, 0.6500, 0.5263,
        0.4000, 0.5000, 0.4815, 0.6045, 0.5968, 0.7500, 0.4828, 0.5439, 0.8529,
        0.3934, 0.7632, 0.8571, 0.6250, 0.8889, 0.6220, 0.4245, 0.7000, 0.5000,
        0.4388, 0.5229, 0.7162, 0.6182, 0.5361, 0.7600, 0.4522, 0.7381, 0.6829,
        0.7826, 0.8000, 0.7368, 0.6842, 0.5000, 0.7209, 0.5526, 0.7975, 0.8205,
        0.7429, 0.7059, 0.8511, 0.5417, 0.7039, 0.5732])
deterministic_tversky07 f1
tensor([0.4296, 0.4637, 0.2608, 0.1954, 0.1064, 0.1056, 0.1803, 0.2649, 0.2821,
        0.4019, 0.3204, 0.4317, 0.5053, 0.3178, 0.3953, 0.5278, 0.4885, 0.4990,
        0.4407, 0.4928, 0.3541, 0.4790, 0.4141, 0.0781, 0.1963, 0.2416, 0.1288,
        0.3740, 0.4957, 0.0966, 0.2632, 0.0786, 0.4018, 0.3954, 0.2431, 0.2373,
        0.4874, 0.4734, 0.4043, 0.3887, 0.5554, 0.2280, 0.4875, 0.6691, 0.5363,
        0.5243, 0.1600, 0.4421, 0.3396, 0.3810, 0.4559, 0.4912, 0.7172, 0.7162,
        0.3308, 0.4144, 0.5222, 0.5636, 0.7295, 0.5579])

deterministic_tversky07 bin confidences
[7.428622666338924e-06, 0.09131588041782379, 0.1962449550628662, 0.29824647307395935, 0.39906075596809387, 0.49987882375717163, 0.6006312370300293, 0.701508104801178, 0.802925169467926, 0.9076728820800781, 0.9986220002174377]
deterministic_tversky07 bin accuracies
[0.0011476973304525018, 0.12581667304039001, 0.1352226734161377, 0.1349099725484848, 0.138120636343956, 0.1470048427581787, 0.15322718024253845, 0.1575952172279358, 0.16767337918281555, 0.1706428825855255, 0.613788902759552]
deterministic_tversky07 EXPECTED CALIBRATION ERROR: note we skip the first bin due to its size
tensor(0.3789)

OUT OF DISTRIBUTION RESULTS BELOW

