begin results

reordered GED values
[0.8810217, 0.8248204, 0.8710634, 0.7750992, 0.67462844, 0.4950034, 1.0747764, 0.78575504, 1.7000972, 1.7446202, 1.4661436, 0.7520887, 0.5625422, 0.63107383, 1.3926289, 1.4158437, 0.96234107, 0.8879315, 0.93311024, 1.1347823, 0.9359807, 0.83528906, 0.7853453, 0.6617351, 0.94617707, 1.3662671, 1.1464952, 0.5467143, 1.1934247, 0.9886346, 0.54631007, 0.61124593, 0.54126126, 0.72815204, 0.43779048, 0.47031918, 1.0102484, 0.83381283, 1.6814021, 1.7163548, 1.2690271, 0.6313255, 0.4663984, 0.62036574, 1.2690735, 1.4127301, 1.0274165, 0.9631724, 0.6772124, 1.2070731, 1.1962744, 0.7258332, 0.67967635, 0.6368426, 0.829361, 1.2054678, 1.004391, 0.48598403, 1.3413726, 1.0680078, 0.5176406, 0.49972793, 0.5112638, 0.87920773, 0.34476635, 0.4628416, 1.0562932, 0.68713313, 1.6166768, 1.5866565, 1.2439904, 0.78043664, 0.47485957, 0.5850404, 1.243681, 1.2535418, 0.9136924, 0.9801361, 0.5888086, 1.1006707, 1.032754, 0.80586094, 0.6807282, 0.74124813, 0.89077616, 1.3602997, 1.0971849, 0.5798436, 1.4612093, 0.84515435]

reordered GED mean
0.9276386

reordered GED standard error
0.036474355907930536

best dice mean
0.6416283

best dice st_err
0.019877707352335506

reordered best dice mean
0.6511974

reordered best dice st_err
0.01924711812503686

best avd mean
59.237778

best avd st_err
15.305822441094366

reordered best avd mean
43.398735

reordered best avd st_err
11.79006525925916

bras score
0.7425151815017064

sUEO mean
0.49231166

sUEO standard error
0.009410637715476199

best tau for max UEO
0.53999996

max UEO
0.48230252

UEO per tau
[0.0055625364, 0.117614724, 0.15179321, 0.17645112, 0.19648989, 0.21361417, 0.22847192, 0.24199049, 0.25434905, 0.26584673, 0.27660954, 0.28658673, 0.29602563, 0.30502316, 0.31357685, 0.3217878, 0.3296303, 0.3372277, 0.34443656, 0.35142305, 0.35804334, 0.36449704, 0.37078086, 0.37691998, 0.38286388, 0.3886824, 0.39415738, 0.39955312, 0.40470055, 0.4097037, 0.4142943, 0.4189584, 0.42332146, 0.42784065, 0.43215558, 0.43632475, 0.44019708, 0.44406572, 0.44781813, 0.4509506, 0.4543682, 0.45772922, 0.46077967, 0.46373367, 0.46651155, 0.46915406, 0.4713443, 0.4735544, 0.4756084, 0.47747564, 0.47893155, 0.48004913, 0.4813327, 0.48210442, 0.48230252, 0.48206478, 0.48114237, 0.48048824, 0.47862765, 0.47601837, 0.47296605, 0.46847793, 0.46357423, 0.45658273, 0.44640076, 0.43257764, 0.40978393, 0.3723839, 0.30743247, 0.17240167]

UEO tau AUC
0.38357308506965637

mean_conf calibration curve data: 

mean_conf bin_accuracies: 
[0.0012433385709300637, 0.07446278631687164, 0.1406816840171814, 0.20331549644470215, 0.2636738717556, 0.32617929577827454, 0.39684391021728516, 0.49476704001426697, 0.6130089163780212, 0.7685478925704956, 0.949958324432373]

mean_conf bin_confidences: 
[0.00020886558922939003, 0.08795882761478424, 0.1947643756866455, 0.29694223403930664, 0.3984098434448242, 0.4995620548725128, 0.6001255512237549, 0.7009245157241821, 0.8018326163291931, 0.90590500831604, 0.9843848347663879]

mean_conf EXPECTED CALIBRATION ERROR
0.079069965

dice
[0.6926766, 0.7057604, 0.5927038, 0.68207335, 0.7931072, 0.83902, 0.35323867, 0.72204274, 0.13360325, 0.09075574, 0.30160722, 0.71832234, 0.8202609, 0.7549742, 0.37907693, 0.4099379, 0.63467973, 0.62537766, 0.60330224, 0.5800166, 0.6607797, 0.6705846, 0.35037422, 0.7193763, 0.53232896, 0.3924192, 0.48950276, 0.8157025, 0.2803477, 0.6060606, 0.8283925, 0.7967395, 0.7134178, 0.7311311, 0.87508273, 0.8507156, 0.38300467, 0.7206562, 0.16436034, 0.12236197, 0.40497985, 0.77025515, 0.8608481, 0.7710134, 0.46753246, 0.4031142, 0.6359275, 0.6398929, 0.7051011, 0.57545435, 0.5611511, 0.7275215, 0.35261336, 0.73154765, 0.5872576, 0.48144433, 0.57461023, 0.8499417, 0.22991426, 0.60102564, 0.80930847, 0.8172568, 0.69395775, 0.6209761, 0.8967205, 0.84039414, 0.3506526, 0.72639334, 0.12636165, 0.09862082, 0.39029473, 0.69382596, 0.83893293, 0.7472746, 0.42313254, 0.4381949, 0.63785464, 0.5695815, 0.71388847, 0.56650966, 0.5832443, 0.63014895, 0.4204117, 0.6636087, 0.5253082, 0.3643077, 0.4375, 0.78696364, 0.1831798, 0.6430298]

dice mean
0.5811651

dice standard error
0.021849782821992084

hd95
[13.736773, 13.523957, 12.7945175, 16.320227, 12.165525, 9.016616, 7.6811457, 9.0911665, 22.079393, 19.987484, 18.681541, 11.661903, 9.69536, 10.064764, 16.575539, 19.563347, 15.937377, 16.763054, 3.4641016, 8.774964, 8.677517, 13.601471, 12.206555, 4.8989797, 15.019978, 14.203734, 18.138357, 17.117243, 22.28002, 19.416489, 3.0, 6.880625, 7.0851398, 13.490738, 12.0415945, 9.433981, 7.3245435, 5.91608, 21.664484, 19.021038, 17.87871, 10.630146, 4.1231055, 6.212456, 13.047977, 22.699053, 14.338697, 17.233688, 3.0, 5.0990195, 7.6811457, 13.152946, 11.045361, 5.5707936, 15.264232, 10.281026, 20.024984, 11.575837, 26.774988, 17.187168, 12.083046, 5.8309517, 12.882155, 16.40122, 11.7046995, 5.7963963, 10.198039, 11.556363, 25.377155, 24.596748, 20.526808, 14.899665, 10.816654, 16.748127, 14.177447, 23.596579, 15.1657505, 17.029387, 2.0, 4.358899, 10.104432, 23.723402, 14.247807, 13.076696, 16.431677, 10.770329, 20.14944, 17.720045, 27.89265, 20.420578]

hd95 mean
13.57891

hd95 standard error
0.6281926222570804

avd
[15.014503, 11.416938, 23.989428, 80.446724, 22.8918, 1.0300916, 70.99584, 12.278761, 1202.5237, 286.6995, 245.1649, 5.828072, 3.7593985, 7.6495132, 18.707941, 27.67584, 28.156822, 63.74502, 28.06411, 29.781227, 2.4283304, 52.495663, 75.764404, 6.602193, 0.6929134, 43.75, 133.33333, 16.943075, 57.830456, 34.42623, 4.3166695, 12.18241, 20.864428, 66.58733, 9.364387, 5.1585693, 70.57642, 0.9292035, 917.0347, 185.13957, 105.31023, 4.88101, 2.2468963, 8.2958355, 17.631226, 23.24159, 8.961304, 23.20717, 17.022837, 27.205364, 31.23103, 53.5556, 78.0746, 9.236979, 18.078741, 70.92391, 48.0663, 2.990331, 63.45306, 22.404371, 7.4901896, 0.08143322, 2.129975, 117.35628, 5.739932, 4.90713, 71.74147, 40.15487, 1247.9496, 234.56487, 175.51704, 20.847498, 12.209302, 30.39352, 79.27322, 33.79205, 29.735233, 92.72908, 0.34569454, 17.254763, 21.011805, 109.250336, 71.96295, 22.456594, 17.165354, 241.57608, 194.84346, 22.212973, 30.154657, 26.04736]

avd mean
83.54615

avd standard error
21.592940233549207

recall
[0.453125, 0.515625, 0.5121951, 0.84375, 0.46341464, 0.64285713, 0.4, 0.48181817, 0.85714287, 0.9444444, 0.85294116, 0.6707317, 0.509434, 0.6756757, 0.5243902, 0.4, 0.68421054, 0.6666667, 0.6962025, 0.82051283, 0.67105263, 0.925, 0.53846157, 0.5645161, 0.7105263, 0.64705884, 0.59090906, 0.559633, 0.54320985, 0.68421054, 0.40625, 0.34375, 0.4390244, 0.875, 0.35365853, 0.53571427, 0.37777779, 0.42727274, 0.85714287, 1.0, 0.85294116, 0.5, 0.4056604, 0.5945946, 0.42682928, 0.36, 0.5394737, 0.8, 0.5949367, 0.65384614, 0.5131579, 0.9, 0.3974359, 0.5967742, 0.65789473, 0.5, 0.45454547, 0.49541286, 0.44444445, 0.57894737, 0.453125, 0.453125, 0.41463414, 0.875, 0.40243903, 0.53571427, 0.35555556, 0.5272727, 0.85714287, 0.8888889, 0.88235295, 0.6097561, 0.46226415, 0.7297297, 0.5, 0.5, 0.55263156, 0.6666667, 0.6455696, 0.8076923, 0.68421054, 0.875, 0.5641026, 0.5645161, 0.68421054, 0.5588235, 0.6363636, 0.5229358, 0.4691358, 0.68421054]

recall mean
0.6032808

recall standard error
0.017481151003099014

f1
[0.47832522, 0.53954375, 0.41584158, 0.19544984, 0.52589285, 0.30508474, 0.44787645, 0.3821022, 0.107404396, 0.11626771, 0.1504884, 0.36143735, 0.46448758, 0.4849138, 0.526889, 0.43333334, 0.62363714, 0.2857143, 0.6946889, 0.7374901, 0.69624573, 0.3288889, 0.49741602, 0.41458854, 0.47427854, 0.4099379, 0.30261883, 0.5319873, 0.27297705, 0.4031008, 0.4721734, 0.43915004, 0.36793974, 0.24561404, 0.3978052, 0.2583423, 0.46595934, 0.46597904, 0.113851994, 0.1495327, 0.2018315, 0.43925235, 0.4610586, 0.4538422, 0.5240347, 0.38066465, 0.62320554, 0.46280992, 0.6932571, 0.72429764, 0.6497452, 0.31536388, 0.4474656, 0.48060864, 0.5615349, 0.39473686, 0.29850745, 0.49379492, 0.34562698, 0.5257353, 0.42758024, 0.5115614, 0.2852349, 0.20014296, 0.4224, 0.34941763, 0.39506173, 0.39455783, 0.114832535, 0.081454545, 0.19219568, 0.41931978, 0.39278558, 0.42172176, 0.56164384, 0.4390244, 0.5833333, 0.25396827, 0.70199585, 0.7762979, 0.73957473, 0.28360957, 0.46475533, 0.35010296, 0.5615551, 0.45122987, 0.26415095, 0.43580544, 0.37959063, 0.44208288]

f1 mean
0.4195513

f1 standard error
0.01652558916899099

uncertainty thresholds
[0.0, 0.01, 0.02, 0.03, 0.04, 0.05, 0.06, 0.07, 0.08, 0.089999996, 0.1, 0.11, 0.12, 0.13, 0.14, 0.14999999, 0.16, 0.17, 0.17999999, 0.19, 0.2, 0.21, 0.22, 0.22999999, 0.24, 0.25, 0.26, 0.26999998, 0.28, 0.29, 0.29999998, 0.31, 0.32, 0.32999998, 0.34, 0.35, 0.35999998, 0.37, 0.38, 0.39, 0.4, 0.41, 0.42000002, 0.43, 0.44, 0.45000002, 0.46, 0.47, 0.48, 0.48999998, 0.5, 0.51, 0.52, 0.53, 0.53999996, 0.55, 0.56, 0.57, 0.58, 0.59, 0.6, 0.61, 0.62, 0.63, 0.64, 0.65, 0.66, 0.67, 0.68, 0.69]

mean coverage of areas missed by mean as tau increases
[0.6928684, 0.6393683, 0.62072366, 0.6055257, 0.59479487, 0.5831663, 0.5734451, 0.5647444, 0.556464, 0.5476002, 0.53916574, 0.53159815, 0.52282554, 0.51641166, 0.5097535, 0.5038089, 0.49711543, 0.49172664, 0.48607382, 0.4804748, 0.4753517, 0.4692812, 0.46373954, 0.45725447, 0.4515608, 0.44450915, 0.43859297, 0.43300503, 0.42643252, 0.41976672, 0.41284594, 0.40633586, 0.39952183, 0.3930113, 0.3874537, 0.3820934, 0.3750754, 0.36903682, 0.36194426, 0.35600322, 0.34853, 0.34208202, 0.3343283, 0.32668647, 0.31885207, 0.31108654, 0.30317858, 0.29472017, 0.28504193, 0.27663615, 0.2672022, 0.25829834, 0.24873649, 0.23949596, 0.2291033, 0.21685433, 0.2046199, 0.1919706, 0.1794218, 0.16476326, 0.15238786, 0.13621736, 0.118193544, 0.10018568, 0.080365315, 0.0564476, 0.034563657, 0.017123688, 0.0033612815, 8.152109e-06]

mean size of entirely missed lesions
[nan, 5.93617, 5.244898, 5.379661, 5.1730204, 5.0359898, 5.1334896, 5.498896, 5.5219207, 5.4186506, 5.674858, 5.7472925, 5.8989897, 5.8932676, 5.800633, 5.766513, 5.7518682, 5.69781, 5.7061343, 5.716876, 5.6785226, 5.6930294, 5.6635885, 5.9484534, 5.9468355, 5.9407406, 6.1302776, 6.1753554, 6.227642, 6.196347, 6.767001, 6.892779, 6.9021506, 6.9610524, 6.9688473, 6.9550104, 6.9323235, 6.983051, 7.0019646, 7.23518, 7.3587785, 7.381221, 7.466235, 7.456621, 7.40018, 7.44907, 7.4179754, 7.384483, 7.3635592, 7.3330536, 7.4547696, 7.4450727, 7.4074664, 7.455329, 7.7067494, 7.67582, 7.6455026, 7.852349, 7.8159823, 7.8472624, 7.8394003, 7.7611113, 7.769598, 7.8120804, 8.01054, 8.027814, 8.07972, 8.065823, 8.040277, 8.037736]

mean coverage of lesions entirely missed by the mean segmentation
[1.0, 0.83678126, 0.78018767, 0.7342833, 0.7027705, 0.6695919, 0.6414933, 0.618417, 0.59491456, 0.5704728, 0.5473504, 0.5278997, 0.5045305, 0.4883057, 0.47042638, 0.4561957, 0.44028953, 0.42883182, 0.41712463, 0.40496027, 0.39430794, 0.38189793, 0.36970222, 0.35661706, 0.3461953, 0.3318207, 0.32023412, 0.31063387, 0.2995761, 0.28720215, 0.27636328, 0.2666943, 0.25532576, 0.24331078, 0.23688641, 0.22910394, 0.21939586, 0.21130925, 0.20238617, 0.19622904, 0.18763824, 0.18102077, 0.17302474, 0.16295415, 0.1547145, 0.14891453, 0.14154957, 0.13352405, 0.12598254, 0.11834124, 0.1099347, 0.10074972, 0.09359074, 0.088007234, 0.08387506, 0.076380014, 0.06996807, 0.0632918, 0.05628869, 0.047577076, 0.043932624, 0.033860724, 0.026932165, 0.020182263, 0.013790563, 0.0075923176, 0.004858702, 0.0032232704, 0.0001572327, 0.0]

total number of missing lesions
[0.0, 188.0, 245.0, 295.0, 341.0, 389.0, 427.0, 453.0, 479.0, 504.0, 529.0, 554.0, 594.0, 609.0, 632.0, 651.0, 669.0, 685.0, 701.0, 717.0, 731.0, 746.0, 758.0, 776.0, 790.0, 810.0, 829.0, 844.0, 861.0, 876.0, 897.0, 914.0, 930.0, 950.0, 963.0, 978.0, 990.0, 1003.0, 1018.0, 1029.0, 1048.0, 1065.0, 1081.0, 1095.0, 1112.0, 1129.0, 1146.0, 1160.0, 1180.0, 1192.0, 1216.0, 1238.0, 1259.0, 1276.0, 1289.0, 1311.0, 1323.0, 1341.0, 1364.0, 1388.0, 1401.0, 1440.0, 1467.0, 1490.0, 1518.0, 1546.0, 1568.0, 1580.0, 1589.0, 1590.0]

proportion of lesions entirely missed
[0.0, 0.037037037, 0.04826635, 0.058116626, 0.06717888, 0.076635145, 0.084121354, 0.0892435, 0.09436564, 0.09929078, 0.10421592, 0.10914106, 0.11702128, 0.11997636, 0.12450749, 0.12825058, 0.13179669, 0.13494878, 0.13810086, 0.14125295, 0.14401104, 0.14696611, 0.14933018, 0.15287629, 0.15563436, 0.15957446, 0.16331758, 0.16627266, 0.16962175, 0.17257683, 0.17671394, 0.18006304, 0.18321513, 0.18715525, 0.18971631, 0.19267139, 0.19503546, 0.19759654, 0.20055161, 0.20271868, 0.20646179, 0.20981087, 0.21296297, 0.21572104, 0.21907014, 0.22241923, 0.22576833, 0.2285264, 0.2324665, 0.23483057, 0.23955871, 0.24389283, 0.24802995, 0.25137904, 0.2539401, 0.25827423, 0.2606383, 0.2641844, 0.26871553, 0.27344367, 0.27600473, 0.28368795, 0.2890071, 0.2935382, 0.29905438, 0.30457053, 0.30890465, 0.31126872, 0.31304178, 0.31323877]

num lesions:
5076

