begin results

reordered GED values
[0.4771999, 0.56950116, 0.31614333, 0.75898015, 0.8433884, 0.63988495, 0.87139463, 0.59962255, 0.55880874, 0.4303867, 0.4489131, 0.2711514, 0.78097266, 0.81480235, 1.0556859, 0.7207931, 0.48616952, 1.0391715, 0.66696703, 0.8481769, 0.63782924, 0.9150134, 0.74002767, 0.3222863, 0.6954039, 0.89195037, 0.8176213, 0.8963708, 1.0166601, 0.53612643, 0.3361058, 0.6453763, 0.59213156, 0.57213485, 0.79532653, 0.9097149, 0.75858325, 0.46012756, 0.5087756, 1.0499704, 0.67414683, 1.0193224, 0.754296, 0.4358003, 1.0234156, 0.72991353, 1.0375781, 0.70907956, 0.46782377, 0.50758433, 0.6655452, 0.34733257, 0.22405788, 0.65768605, 0.4539256, 0.30893445, 0.8774606, 0.9561031, 0.42077056, 0.8443819, 0.7323427, 0.6033091, 0.46578866, 0.33507875, 0.57244915, 0.3631813, 0.67269635, 0.9200011, 0.71210116, 0.5812393, 0.4484642, 0.69352394, 0.98582685, 0.4007272, 0.45618117, 1.0040146, 0.6679044, 1.1992211, 0.7487559, 0.7441487, 0.6355153, 0.74765295, 0.75996244, 1.2849414, 0.71606964, 0.698234, 0.57512707, 0.41118404, 0.78112763, 0.945977, 0.86685914, 0.6311738, 0.7408622, 0.4303052, 0.46348104, 0.47138435, 0.5207757, 1.0432338, 0.9219478, 0.610792, 1.05588, 1.1260208, 0.6405711, 0.47856128, 0.36955398, 1.1616964, 0.88186854, 0.75700253, 0.4189569, 0.9909673, 0.716236, 1.1095403, 0.45398527, 0.40331575, 0.5553226, 1.2653233, 0.94813746, 0.9440251, 0.9961266, 0.91490424, 0.6432413, 0.82439405, 0.8801137, 0.67299134, 0.93790966]

reordered GED mean
0.7049681

reordered GED standard error
0.021131577933243925

best dice mean
0.60353583

best dice st_err
0.015027999957069587

reordered best dice mean
0.6057897

reordered best dice st_err
0.014878457089402252

best avd mean
40.904396

best avd st_err
8.178597414878974

reordered best avd mean
34.291016

reordered best avd st_err
7.102351174767432

bras score
0.7694719918072224

sUEO mean
0.46416834

sUEO standard error
0.005977360447868564

best tau for max UEO
0.38

max UEO
0.40855005

UEO per tau
[0.0036448436, 0.15353787, 0.19465981, 0.22300635, 0.24479324, 0.2626269, 0.27770534, 0.2905902, 0.3019162, 0.31205, 0.32096168, 0.32922873, 0.33662555, 0.3435545, 0.34973496, 0.3555454, 0.36064568, 0.36547944, 0.3698827, 0.37394443, 0.3777661, 0.38138303, 0.38462073, 0.38771337, 0.3905199, 0.3930835, 0.39530104, 0.3971392, 0.39890924, 0.40067178, 0.40212294, 0.40353808, 0.404804, 0.40575767, 0.40651906, 0.4074283, 0.40808368, 0.40850177, 0.40855005, 0.4084587, 0.40812215, 0.40784293, 0.40724552, 0.40627903, 0.40546018, 0.4044357, 0.40287286, 0.40143803, 0.3994455, 0.39732113, 0.394935, 0.39203608, 0.3890062, 0.3853005, 0.38121554, 0.37653264, 0.3720025, 0.36661854, 0.36110312, 0.3542002, 0.34651563, 0.33737782, 0.32751384, 0.31615922, 0.30195636, 0.28494948, 0.26304775, 0.23481432, 0.19288895, 0.10836974]

UEO tau AUC
0.3493054211139679

mean_only calibration curve data: 

mean_only bin_accuracies: 
[0.0005049986066296697, 0.14456623792648315, 0.2494286596775055, 0.32737091183662415, 0.4010661244392395, 0.47075098752975464, 0.5382195115089417, 0.6183362007141113, 0.695010781288147, 0.8079862594604492, 0.9513779282569885]

mean_only bin_confidences: 
[0.00012591520498972386, 0.0888141393661499, 0.19529902935028076, 0.2973361015319824, 0.39843350648880005, 0.4992101788520813, 0.6002097725868225, 0.7008765935897827, 0.802543580532074, 0.9075888395309448, 0.9862842559814453]

mean_only EXPECTED CALIBRATION ERROR
0.0527523

dice
[0.79862684, 0.75517297, 0.8808965, 0.64209473, 0.60347784, 0.7212249, 0.5800562, 0.7567107, 0.74322397, 0.82447, 0.82509047, 0.9051185, 0.65110666, 0.6186369, 0.4510932, 0.6921281, 0.8080439, 0.4565307, 0.70641446, 0.58197355, 0.7173184, 0.49822065, 0.64367086, 0.8845064, 0.66486, 0.5302763, 0.60878193, 0.49940547, 0.50296247, 0.7802416, 0.87602437, 0.72383076, 0.75740397, 0.74909616, 0.6094345, 0.5820147, 0.6184249, 0.8174184, 0.79066706, 0.42984542, 0.72140104, 0.41893643, 0.5873134, 0.82066095, 0.4700632, 0.6663853, 0.47421524, 0.64437276, 0.7994268, 0.79274696, 0.68515813, 0.8641777, 0.91831255, 0.6730649, 0.82500654, 0.8890454, 0.5454908, 0.4162748, 0.8316995, 0.59560585, 0.6634567, 0.742653, 0.8148101, 0.87609416, 0.7488, 0.8646451, 0.700944, 0.46132076, 0.66734076, 0.7226978, 0.8105323, 0.7033353, 0.48376068, 0.84058195, 0.823648, 0.45277983, 0.70196223, 0.27854455, 0.6538113, 0.68250364, 0.70830476, 0.6463752, 0.614664, 0.22205773, 0.64066565, 0.6790835, 0.7463643, 0.8394766, 0.6355798, 0.43160692, 0.48257574, 0.6760158, 0.6546135, 0.8325164, 0.8135969, 0.80626667, 0.7773518, 0.4604743, 0.48552886, 0.70810676, 0.47227585, 0.25427943, 0.6939502, 0.8131362, 0.8528385, 0.0006475286, 0.5642597, 0.5396599, 0.8395143, 0.45755395, 0.6552389, 0.00016568636, 0.8171695, 0.8375063, 0.7594758, 0.22633745, 0.49754238, 0.49057028, 0.43995512, 0.48569942, 0.70495826, 0.58030206, 0.51535356, 0.6872145, 0.54586893]

dice mean
0.66025984

dice standard error
0.013957696608112318

hd95
[1.4142135, 2.236068, 1.4142135, 9.055386, 14.394403, 3.0, 11.575597, 2.236068, 4.2426405, 1.4459972, 4.2426405, 1.7320508, 6.164414, 11.419262, 22.135944, 8.602325, 1.7320508, 10.099504, 6.4031243, 16.498375, 6.3245554, 7.81025, 4.8989797, 2.236068, 14.099603, 9.0, 11.706832, 8.246211, 14.871108, 3.1622777, 1.4142135, 6.912932, 2.236068, 2.828427, 6.3363404, 7.8740077, 6.164414, 2.236068, 4.1231055, 15.106212, 5.0990195, 11.27811, 6.0, 1.4142135, 12.915965, 4.1231055, 13.601471, 3.4641016, 2.236068, 2.236068, 7.12008, 2.236068, 1.4142135, 3.7416575, 2.236068, 1.4142135, 7.071068, 10.413905, 5.0990195, 3.0, 4.582576, 2.236068, 3.7416575, 1.4142135, 1.4142135, 2.0, 7.615773, 6.3245554, 4.690416, 2.828427, 1.4142135, 3.1622777, 11.761452, 1.4142135, 1.4142135, 12.393504, 7.204135, 40.27406, 6.6744742, 5.8309517, 6.0986485, 11.18034, 7.1414285, 15.383425, 7.2352552, 2.236068, 2.0, 1.4142135, 7.071068, 19.174162, 12.489932, 5.486207, 3.1622777, 2.4494898, 2.4494898, 1.4142135, 2.0, 23.214201, 7.28011, 3.6055512, 8.0, 8.602325, 4.51079, 2.236068, 1.4142135, 36.71512, 13.313225, 5.0990195, 1.4142135, 14.874468, 3.0, 95.91011, 4.690416, 2.236068, 7.0, 76.37407, 8.485281, 9.0, 10.478532, 6.703618, 7.0, 7.3484693, 6.4031243, 5.0, 10.954452]

hd95 mean
8.0911

hd95 standard error
1.054865307223353

avd
[14.77234, 7.651566, 5.8543024, 2.841678, 4.405507, 7.903403, 42.176872, 6.3296704, 22.231615, 19.841398, 10.173372, 0.44635144, 17.410324, 26.378254, 147.6, 21.228977, 9.90886, 95.615105, 11.982992, 19.241573, 12.91806, 28.209606, 18.703384, 1.2025154, 27.70428, 17.096775, 14.986667, 55.54792, 0.9259259, 8.071617, 8.967908, 1.0447761, 21.29194, 9.831557, 9.772588, 105.90319, 33.001698, 7.3147335, 13.351536, 36.54033, 25.086723, 0.7751938, 50.904034, 13.945822, 50.139534, 6.4133987, 39.62391, 48.6123, 21.752037, 18.294798, 26.43581, 19.267263, 8.475263, 46.415123, 5.8352094, 5.6257176, 13.541667, 59.45402, 14.23926, 37.816864, 5.467326, 9.046076, 5.563472, 7.2817583, 16.792295, 5.3408237, 0.69615793, 52.77778, 0.20242915, 33.032555, 19.76655, 28.475935, 31.225296, 19.368744, 2.7170312, 8.760986, 24.572418, 417.82947, 11.7044, 29.776142, 21.044012, 10.686223, 40.839146, 234.40515, 23.739689, 2.481752, 8.315616, 0.49725652, 9.087564, 56.980057, 57.22012, 43.05869, 1.4851485, 9.495762, 14.813548, 13.161523, 17.648563, 81.111115, 58.078167, 30.498533, 124.820786, 82.841965, 27.71306, 8.870791, 15.085299, 99.71861, 15.654688, 52.382385, 0.099067114, 52.727272, 21.938192, 99.991714, 17.917051, 20.535955, 19.944979, 439.4737, 61.233295, 54.325428, 39.266388, 21.6141, 28.522232, 40.34641, 59.62299, 16.4673, 83.064514]

avd mean
35.26607

avd standard error
5.37347886588413

recall
[0.71794873, 0.7027027, 0.73333335, 0.7692308, 0.49122807, 0.7878788, 0.4848485, 0.76666665, 0.5555556, 0.5588235, 0.5862069, 0.38297874, 0.6, 0.16883117, 0.7407407, 0.75, 0.3846154, 0.6315789, 0.51282054, 0.2, 0.6034483, 0.47619048, 0.73214287, 0.6, 0.27272728, 0.47368422, 0.7875, 0.1764706, 0.5714286, 0.6666667, 0.6956522, 0.5833333, 0.7804878, 0.68604654, 0.4888889, 0.8214286, 0.225, 0.6630435, 0.23170732, 0.31944445, 0.8181818, 0.6111111, 0.10714286, 0.6956522, 0.8666667, 0.6571429, 0.8666667, 0.35869566, 0.57894737, 0.7605634, 0.61904764, 0.4871795, 0.5555556, 0.5420561, 0.5, 0.5, 0.5, 0.15625, 0.29333332, 0.75555557, 0.37777779, 0.5362319, 0.5964912, 0.7, 0.75, 0.5862069, 0.53731346, 0.3846154, 0.5090909, 0.45, 0.6363636, 0.9, 0.75, 0.6911765, 0.6956522, 0.6164383, 0.62903225, 0.875, 0.26229507, 0.5555556, 0.6060606, 0.5625, 0.2760736, 0.27659574, 0.29545453, 0.75, 0.5614035, 0.61538464, 0.5945946, 0.1097561, 0.16494845, 0.42105263, 0.72727275, 0.53125, 0.64, 0.7627119, 0.7083333, 0.53846157, 0.17857143, 0.5283019, 0.6666667, 0.2264151, 0.5641026, 0.37391305, 0.6451613, 0.015873017, 0.475, 0.3859649, 0.7659575, 0.93333334, 0.74647886, 0.014492754, 0.6666667, 0.6282051, 0.2, 1.0, 0.11564626, 0.21875, 0.41935483, 0.4074074, 0.3768116, 0.3125, 0.30337077, 0.32, 0.7692308]

recall mean
0.53640234

recall standard error
0.019043069083333433

f1
[0.6130414, 0.76360494, 0.6631717, 0.5586592, 0.3488767, 0.57475275, 0.4427673, 0.62760836, 0.64139944, 0.48510638, 0.6462513, 0.51079583, 0.4173913, 0.229653, 0.40638608, 0.76454294, 0.45774648, 0.47058824, 0.5529954, 0.25714287, 0.64973134, 0.5194805, 0.7515101, 0.7118644, 0.33802816, 0.48, 0.7664409, 0.26086956, 0.5034965, 0.7164179, 0.68085104, 0.4695122, 0.6784452, 0.72766006, 0.5594615, 0.54287964, 0.34615386, 0.7287812, 0.36090687, 0.45421904, 0.37815127, 0.53276354, 0.19162996, 0.72640383, 0.36173913, 0.5319383, 0.64115644, 0.48686928, 0.6510204, 0.7919722, 0.70828605, 0.59720606, 0.61538464, 0.68864983, 0.58666664, 0.53333336, 0.58181816, 0.23121387, 0.43532428, 0.5676127, 0.46089676, 0.5650861, 0.5906416, 0.61538464, 0.7340425, 0.6172144, 0.62257534, 0.49713194, 0.5488044, 0.5849335, 0.6426799, 0.6870229, 0.5217391, 0.75562704, 0.611465, 0.6929111, 0.68421054, 0.28, 0.363854, 0.6397775, 0.6174201, 0.5549598, 0.41384318, 0.28441203, 0.31325302, 0.62068963, 0.6123514, 0.56852794, 0.54320985, 0.192607, 0.27309832, 0.5442177, 0.52363634, 0.6219512, 0.6381766, 0.80482113, 0.7574793, 0.29166666, 0.2853437, 0.6239554, 0.30252102, 0.33901608, 0.5896618, 0.5096296, 0.7038123, 0.029850746, 0.4655776, 0.49561954, 0.6184049, 0.38847384, 0.73415023, 0.028571429, 0.7157895, 0.72334987, 0.31111112, 0.22857143, 0.20339455, 0.32672113, 0.47272727, 0.4489796, 0.5197673, 0.4532967, 0.4276018, 0.42919526, 0.5607477]

f1 mean
0.52277195

f1 standard error
0.014817540115465929

uncertainty thresholds
[0.0, 0.01, 0.02, 0.03, 0.04, 0.05, 0.06, 0.07, 0.08, 0.089999996, 0.1, 0.11, 0.12, 0.13, 0.14, 0.14999999, 0.16, 0.17, 0.17999999, 0.19, 0.2, 0.21, 0.22, 0.22999999, 0.24, 0.25, 0.26, 0.26999998, 0.28, 0.29, 0.29999998, 0.31, 0.32, 0.32999998, 0.34, 0.35, 0.35999998, 0.37, 0.38, 0.39, 0.4, 0.41, 0.42000002, 0.43, 0.44, 0.45000002, 0.46, 0.47, 0.48, 0.48999998, 0.5, 0.51, 0.52, 0.53, 0.53999996, 0.55, 0.56, 0.57, 0.58, 0.59, 0.6, 0.61, 0.62, 0.63, 0.64, 0.65, 0.66, 0.67, 0.68, 0.69]

mean coverage of areas missed by mean as tau increases
[0.87557805, 0.7760163, 0.7385587, 0.7111914, 0.68933725, 0.6711931, 0.6544996, 0.6381114, 0.6250597, 0.6123544, 0.60027915, 0.5892992, 0.5778249, 0.5680313, 0.5580449, 0.5474519, 0.5376239, 0.5290651, 0.52069855, 0.51291233, 0.50502115, 0.49714342, 0.4893073, 0.48112634, 0.47301388, 0.46607983, 0.4588245, 0.45166832, 0.4449706, 0.4372514, 0.4300472, 0.42428887, 0.41749766, 0.4103492, 0.40295115, 0.3960899, 0.38946745, 0.38249773, 0.37542373, 0.36776838, 0.36078873, 0.3537191, 0.34608635, 0.33864442, 0.33094263, 0.323658, 0.31567636, 0.30840892, 0.30149722, 0.29367712, 0.2863784, 0.2796612, 0.27189416, 0.26269045, 0.25397986, 0.24654235, 0.23784249, 0.22906703, 0.2202777, 0.21091905, 0.19955343, 0.18838476, 0.17542298, 0.16287428, 0.1495488, 0.13674627, 0.12086551, 0.102449805, 0.077319965, 0.038303744]

mean size of entirely missed lesions
[nan, 6.4740853, 6.4713025, 7.7831655, 7.6923075, 8.532744, 9.024828, 8.651584, 8.534356, 8.273845, 8.237802, 8.090364, 8.053628, 7.938297, 7.862891, 7.7495184, 7.7307153, 7.6730857, 7.6205034, 7.5624723, 7.5898438, 7.5034013, 7.45375, 7.370204, 7.3031273, 7.270644, 7.2589703, 7.2427745, 7.2404394, 7.1713324, 7.135125, 7.132117, 7.1156754, 7.103485, 7.0764623, 7.0486956, 7.041638, 7.0391955, 7.0047235, 7.0153537, 6.9851336, 6.9820085, 6.954707, 6.9464917, 6.9280963, 6.928907, 6.908021, 6.8741965, 6.860698, 6.8459687, 6.84118, 6.8505034, 6.8524494, 6.8276362, 6.808388, 6.8451905, 6.851664, 6.8589745, 6.900496, 6.904996, 6.8885894, 6.9536495, 6.9879136, 6.976883, 6.97307, 7.0154233, 7.0382786, 7.051839, 7.072499, 7.0523214]

mean coverage of lesions entirely missed by the mean segmentation
[1.0, 0.80191094, 0.7311246, 0.68165284, 0.64234215, 0.6105076, 0.5815702, 0.5533928, 0.53170335, 0.51087064, 0.4917224, 0.4751507, 0.45675707, 0.44179526, 0.4282324, 0.41204205, 0.3971616, 0.38560185, 0.37431186, 0.36340448, 0.3529451, 0.3421784, 0.33173603, 0.32081956, 0.31062895, 0.30153474, 0.29323965, 0.28509676, 0.2769409, 0.26756734, 0.25940263, 0.25332713, 0.24583608, 0.2391387, 0.2327513, 0.2256082, 0.2186675, 0.21173309, 0.20466772, 0.19746733, 0.19134258, 0.1857111, 0.17844038, 0.17152601, 0.16466345, 0.1581268, 0.1512501, 0.14523685, 0.13971804, 0.13357063, 0.1282433, 0.12423238, 0.1192107, 0.111993276, 0.10624575, 0.10186428, 0.09653987, 0.09055604, 0.08555459, 0.07970645, 0.07216841, 0.0655129, 0.05838477, 0.05169377, 0.046282765, 0.041323513, 0.035533734, 0.02957993, 0.020160284, 0.008570119]

total number of missing lesions
[0.0, 656.0, 906.0, 1093.0, 1235.0, 1359.0, 1450.0, 1547.0, 1630.0, 1709.0, 1783.0, 1837.0, 1902.0, 1961.0, 2013.0, 2076.0, 2139.0, 2181.0, 2224.0, 2265.0, 2304.0, 2352.0, 2400.0, 2450.0, 2494.0, 2531.0, 2564.0, 2595.0, 2641.0, 2679.0, 2716.0, 2740.0, 2775.0, 2812.0, 2838.0, 2875.0, 2906.0, 2934.0, 2964.0, 2996.0, 3027.0, 3057.0, 3091.0, 3121.0, 3157.0, 3193.0, 3229.0, 3267.0, 3295.0, 3324.0, 3356.0, 3378.0, 3409.0, 3452.0, 3481.0, 3514.0, 3546.0, 3588.0, 3628.0, 3663.0, 3707.0, 3754.0, 3806.0, 3850.0, 3899.0, 3955.0, 3997.0, 4051.0, 4138.0, 4243.0]

proportion of lesions entirely missed
[0.0, 0.072230786, 0.09975776, 0.12034794, 0.13598326, 0.14963664, 0.15965647, 0.17033693, 0.17947589, 0.18817441, 0.1963224, 0.20226823, 0.20942524, 0.21592161, 0.22164722, 0.228584, 0.23552081, 0.24014534, 0.24487998, 0.2493944, 0.2536886, 0.2589738, 0.26425898, 0.26976436, 0.27460912, 0.2786831, 0.28231668, 0.28573, 0.29079497, 0.29497907, 0.29905307, 0.30169567, 0.30554944, 0.30962342, 0.31248623, 0.31656024, 0.3199736, 0.3230566, 0.32635984, 0.32988328, 0.33329663, 0.33659986, 0.34034353, 0.34364676, 0.34761065, 0.35157454, 0.35553843, 0.35972252, 0.36280555, 0.3659987, 0.36952212, 0.37194452, 0.37535784, 0.3800925, 0.3832856, 0.38691917, 0.39044264, 0.39506716, 0.3994715, 0.40332526, 0.40817, 0.41334507, 0.4190707, 0.42391545, 0.42931074, 0.43547678, 0.4401013, 0.44604713, 0.45562652, 0.46718785]

num lesions:
9082

