first layer check: Conv2d(6, 64, kernel_size=(7, 7), stride=(2, 2), padding=(3, 3), bias=False)

target ys
[0.0, 4.0, 2.0, 2.0, 0.0, 6.0, 4.0, 6.0, 2.0, 3.0, 2.0, 4.0, 3.0, 2.0, 1.0, 5.0, 3.0, 1.0, 2.0, 2.0, 2.0, 3.0, 2.0, 3.0, 2.0, 5.0, 6.0, 1.0, 2.0, 1.0, 3.0, 5.0, 6.0, 1.0, 4.0, 3.0, 1.0, 3.0, 2.0, 2.0, 1.0]

for model 0: mode acc: 0.3658536672592163, run mean acc: 0.3710833787918091, top-2 acc:0.6029166579246521, mode f1: 0.3658536672592163

model 0 mode preds
[2.0, 4.0, 4.0, 2.0, 1.0, 4.0, 6.0, 6.0, 2.0, 2.0, 1.0, 2.0, 3.0, 3.0, 2.0, 4.0, 2.0, 4.0, 2.0, 4.0, 2.0, 2.0, 2.0, 4.0, 2.0, 4.0, 4.0, 1.0, 2.0, 1.0, 2.0, 2.0, 5.0, 2.0, 4.0, 4.0, 2.0, 2.0, 2.0, 2.0, 2.0]

model 0 all preds
[[2.0, 4.0, 4.0, 2.0, 1.0, 6.0, 6.0, 6.0, 2.0, 2.0, 2.0, 2.0, 3.0, 3.0, 2.0, 6.0, 2.0, 5.0, 2.0, 4.0, 2.0, 2.0, 2.0, 4.0, 2.0, 4.0, 5.0, 1.0, 2.0, 1.0, 2.0, 2.0, 3.0, 2.0, 4.0, 4.0, 2.0, 2.0, 2.0, 2.0, 2.0], [2.0, 4.0, 4.0, 2.0, 1.0, 4.0, 6.0, 4.0, 2.0, 2.0, 1.0, 2.0, 2.0, 3.0, 2.0, 4.0, 2.0, 5.0, 2.0, 4.0, 2.0, 2.0, 2.0, 4.0, 2.0, 4.0, 4.0, 1.0, 2.0, 1.0, 1.0, 2.0, 4.0, 2.0, 4.0, 4.0, 2.0, 2.0, 2.0, 2.0, 2.0], [2.0, 4.0, 4.0, 2.0, 1.0, 4.0, 6.0, 6.0, 2.0, 2.0, 1.0, 2.0, 3.0, 3.0, 2.0, 4.0, 2.0, 5.0, 2.0, 4.0, 2.0, 2.0, 2.0, 4.0, 2.0, 6.0, 5.0, 1.0, 3.0, 1.0, 2.0, 4.0, 5.0, 2.0, 4.0, 4.0, 2.0, 2.0, 2.0, 2.0, 2.0], [2.0, 5.0, 4.0, 2.0, 1.0, 4.0, 6.0, 4.0, 2.0, 2.0, 1.0, 2.0, 3.0, 4.0, 2.0, 4.0, 2.0, 3.0, 2.0, 4.0, 1.0, 2.0, 2.0, 4.0, 2.0, 4.0, 5.0, 1.0, 2.0, 1.0, 1.0, 2.0, 5.0, 2.0, 4.0, 4.0, 2.0, 2.0, 2.0, 2.0, 2.0], [2.0, 4.0, 4.0, 2.0, 1.0, 6.0, 6.0, 6.0, 2.0, 3.0, 1.0, 2.0, 4.0, 4.0, 2.0, 6.0, 2.0, 4.0, 2.0, 2.0, 2.0, 2.0, 1.0, 4.0, 2.0, 4.0, 5.0, 1.0, 3.0, 1.0, 3.0, 4.0, 5.0, 2.0, 4.0, 4.0, 2.0, 2.0, 1.0, 2.0, 2.0], [2.0, 4.0, 4.0, 2.0, 1.0, 4.0, 6.0, 4.0, 2.0, 3.0, 1.0, 2.0, 2.0, 3.0, 2.0, 6.0, 3.0, 4.0, 5.0, 5.0, 2.0, 4.0, 2.0, 2.0, 2.0, 4.0, 4.0, 1.0, 2.0, 1.0, 2.0, 2.0, 4.0, 2.0, 4.0, 4.0, 2.0, 4.0, 2.0, 2.0, 2.0], [0.0, 4.0, 4.0, 2.0, 1.0, 6.0, 6.0, 6.0, 2.0, 5.0, 1.0, 2.0, 3.0, 1.0, 2.0, 4.0, 2.0, 4.0, 2.0, 4.0, 2.0, 2.0, 2.0, 3.0, 2.0, 4.0, 4.0, 1.0, 3.0, 1.0, 1.0, 2.0, 4.0, 2.0, 4.0, 4.0, 2.0, 2.0, 2.0, 4.0, 2.0], [2.0, 4.0, 4.0, 2.0, 1.0, 4.0, 6.0, 4.0, 2.0, 2.0, 2.0, 3.0, 2.0, 3.0, 2.0, 6.0, 2.0, 4.0, 5.0, 2.0, 1.0, 2.0, 2.0, 2.0, 2.0, 4.0, 4.0, 1.0, 2.0, 1.0, 3.0, 2.0, 5.0, 2.0, 4.0, 4.0, 2.0, 2.0, 2.0, 2.0, 2.0], [2.0, 3.0, 4.0, 2.0, 1.0, 4.0, 6.0, 6.0, 2.0, 5.0, 2.0, 2.0, 3.0, 1.0, 2.0, 6.0, 3.0, 5.0, 2.0, 4.0, 2.0, 2.0, 2.0, 4.0, 2.0, 6.0, 5.0, 2.0, 3.0, 1.0, 3.0, 2.0, 5.0, 2.0, 4.0, 4.0, 2.0, 3.0, 2.0, 2.0, 2.0], [2.0, 5.0, 3.0, 2.0, 1.0, 6.0, 5.0, 6.0, 2.0, 2.0, 1.0, 2.0, 3.0, 3.0, 2.0, 6.0, 2.0, 4.0, 2.0, 4.0, 2.0, 2.0, 2.0, 2.0, 2.0, 4.0, 4.0, 1.0, 2.0, 1.0, 2.0, 2.0, 5.0, 2.0, 4.0, 4.0, 2.0, 2.0, 2.0, 2.0, 2.0], [2.0, 4.0, 4.0, 2.0, 1.0, 6.0, 6.0, 6.0, 2.0, 2.0, 1.0, 2.0, 2.0, 4.0, 2.0, 4.0, 3.0, 5.0, 2.0, 2.0, 2.0, 2.0, 2.0, 4.0, 2.0, 4.0, 4.0, 1.0, 2.0, 2.0, 1.0, 5.0, 5.0, 2.0, 4.0, 4.0, 2.0, 2.0, 2.0, 2.0, 2.0], [2.0, 4.0, 4.0, 2.0, 1.0, 6.0, 6.0, 4.0, 2.0, 2.0, 2.0, 4.0, 3.0, 4.0, 2.0, 4.0, 2.0, 5.0, 5.0, 2.0, 2.0, 1.0, 2.0, 4.0, 2.0, 4.0, 4.0, 1.0, 3.0, 1.0, 3.0, 4.0, 5.0, 2.0, 4.0, 4.0, 2.0, 2.0, 2.0, 2.0, 2.0], [2.0, 4.0, 4.0, 2.0, 1.0, 4.0, 6.0, 4.0, 2.0, 2.0, 1.0, 2.0, 3.0, 3.0, 2.0, 4.0, 2.0, 5.0, 2.0, 4.0, 2.0, 2.0, 2.0, 4.0, 2.0, 4.0, 5.0, 1.0, 3.0, 1.0, 2.0, 4.0, 5.0, 2.0, 4.0, 4.0, 2.0, 2.0, 2.0, 2.0, 2.0], [2.0, 5.0, 4.0, 2.0, 1.0, 6.0, 6.0, 4.0, 2.0, 2.0, 1.0, 2.0, 3.0, 3.0, 2.0, 6.0, 2.0, 4.0, 2.0, 2.0, 2.0, 2.0, 2.0, 4.0, 1.0, 6.0, 5.0, 2.0, 3.0, 1.0, 1.0, 2.0, 4.0, 2.0, 1.0, 4.0, 2.0, 2.0, 2.0, 2.0, 2.0], [2.0, 4.0, 4.0, 2.0, 1.0, 6.0, 6.0, 4.0, 2.0, 2.0, 2.0, 2.0, 2.0, 3.0, 2.0, 6.0, 3.0, 4.0, 5.0, 4.0, 1.0, 2.0, 2.0, 2.0, 2.0, 6.0, 4.0, 1.0, 3.0, 1.0, 2.0, 2.0, 4.0, 2.0, 4.0, 4.0, 2.0, 2.0, 2.0, 2.0, 2.0], [2.0, 4.0, 4.0, 2.0, 1.0, 6.0, 6.0, 4.0, 4.0, 6.0, 1.0, 2.0, 3.0, 3.0, 2.0, 4.0, 2.0, 5.0, 5.0, 2.0, 3.0, 2.0, 2.0, 4.0, 2.0, 4.0, 5.0, 1.0, 2.0, 1.0, 1.0, 5.0, 4.0, 2.0, 4.0, 4.0, 2.0, 3.0, 2.0, 4.0, 2.0], [2.0, 5.0, 4.0, 2.0, 1.0, 4.0, 6.0, 4.0, 2.0, 4.0, 1.0, 2.0, 3.0, 4.0, 2.0, 6.0, 2.0, 5.0, 2.0, 4.0, 1.0, 2.0, 2.0, 2.0, 2.0, 4.0, 4.0, 1.0, 3.0, 1.0, 3.0, 2.0, 5.0, 2.0, 4.0, 4.0, 2.0, 3.0, 2.0, 2.0, 2.0], [0.0, 4.0, 4.0, 2.0, 1.0, 4.0, 6.0, 4.0, 2.0, 2.0, 2.0, 2.0, 3.0, 3.0, 2.0, 6.0, 2.0, 4.0, 2.0, 4.0, 2.0, 3.0, 2.0, 2.0, 2.0, 4.0, 4.0, 1.0, 2.0, 1.0, 1.0, 2.0, 5.0, 2.0, 4.0, 4.0, 2.0, 3.0, 2.0, 4.0, 2.0], [2.0, 4.0, 4.0, 2.0, 1.0, 4.0, 5.0, 4.0, 2.0, 3.0, 1.0, 4.0, 3.0, 1.0, 2.0, 4.0, 2.0, 4.0, 2.0, 4.0, 2.0, 2.0, 2.0, 2.0, 2.0, 4.0, 4.0, 2.0, 3.0, 1.0, 3.0, 2.0, 5.0, 2.0, 4.0, 4.0, 2.0, 3.0, 2.0, 2.0, 2.0], [0.0, 4.0, 4.0, 2.0, 1.0, 4.0, 6.0, 6.0, 2.0, 4.0, 2.0, 2.0, 3.0, 3.0, 2.0, 4.0, 2.0, 4.0, 2.0, 4.0, 2.0, 2.0, 2.0, 2.0, 4.0, 4.0, 5.0, 1.0, 2.0, 1.0, 1.0, 2.0, 4.0, 2.0, 4.0, 4.0, 2.0, 2.0, 2.0, 2.0, 2.0], [0.0, 5.0, 4.0, 2.0, 1.0, 4.0, 6.0, 6.0, 2.0, 6.0, 1.0, 2.0, 3.0, 3.0, 2.0, 6.0, 2.0, 5.0, 2.0, 4.0, 2.0, 2.0, 2.0, 2.0, 2.0, 4.0, 5.0, 1.0, 3.0, 1.0, 3.0, 2.0, 4.0, 2.0, 4.0, 4.0, 2.0, 3.0, 2.0, 2.0, 2.0], [2.0, 3.0, 4.0, 2.0, 1.0, 6.0, 6.0, 4.0, 2.0, 2.0, 2.0, 2.0, 3.0, 1.0, 2.0, 4.0, 2.0, 4.0, 5.0, 4.0, 2.0, 2.0, 2.0, 2.0, 2.0, 4.0, 4.0, 2.0, 2.0, 1.0, 2.0, 2.0, 5.0, 2.0, 4.0, 4.0, 2.0, 3.0, 2.0, 2.0, 2.0], [2.0, 4.0, 4.0, 2.0, 1.0, 4.0, 6.0, 4.0, 2.0, 2.0, 2.0, 2.0, 3.0, 3.0, 2.0, 4.0, 2.0, 5.0, 2.0, 4.0, 2.0, 2.0, 2.0, 4.0, 2.0, 4.0, 4.0, 1.0, 2.0, 1.0, 2.0, 5.0, 5.0, 2.0, 1.0, 4.0, 2.0, 4.0, 2.0, 4.0, 2.0], [2.0, 4.0, 4.0, 2.0, 1.0, 4.0, 6.0, 6.0, 2.0, 4.0, 2.0, 2.0, 3.0, 3.0, 2.0, 4.0, 2.0, 4.0, 2.0, 2.0, 2.0, 2.0, 2.0, 2.0, 1.0, 4.0, 4.0, 1.0, 2.0, 1.0, 2.0, 2.0, 5.0, 2.0, 4.0, 4.0, 2.0, 3.0, 2.0, 2.0, 2.0], [2.0, 5.0, 4.0, 2.0, 2.0, 4.0, 5.0, 6.0, 2.0, 5.0, 1.0, 2.0, 3.0, 3.0, 2.0, 4.0, 2.0, 4.0, 2.0, 4.0, 4.0, 2.0, 2.0, 4.0, 2.0, 4.0, 4.0, 1.0, 2.0, 1.0, 1.0, 4.0, 5.0, 2.0, 4.0, 4.0, 2.0, 3.0, 2.0, 2.0, 2.0], [0.0, 4.0, 4.0, 2.0, 1.0, 4.0, 6.0, 6.0, 2.0, 5.0, 1.0, 3.0, 3.0, 3.0, 2.0, 6.0, 2.0, 5.0, 2.0, 2.0, 3.0, 2.0, 2.0, 2.0, 2.0, 6.0, 4.0, 1.0, 2.0, 1.0, 1.0, 2.0, 3.0, 2.0, 4.0, 4.0, 2.0, 4.0, 2.0, 4.0, 2.0], [2.0, 4.0, 4.0, 2.0, 2.0, 6.0, 6.0, 4.0, 2.0, 2.0, 2.0, 2.0, 3.0, 1.0, 2.0, 4.0, 2.0, 4.0, 5.0, 4.0, 2.0, 2.0, 2.0, 4.0, 2.0, 6.0, 4.0, 1.0, 3.0, 1.0, 1.0, 2.0, 3.0, 2.0, 4.0, 4.0, 2.0, 2.0, 2.0, 2.0, 2.0], [0.0, 4.0, 4.0, 2.0, 1.0, 6.0, 6.0, 6.0, 2.0, 6.0, 2.0, 2.0, 4.0, 3.0, 2.0, 4.0, 2.0, 5.0, 2.0, 2.0, 1.0, 2.0, 1.0, 4.0, 2.0, 4.0, 4.0, 1.0, 3.0, 1.0, 2.0, 4.0, 4.0, 2.0, 4.0, 4.0, 2.0, 3.0, 2.0, 2.0, 2.0], [2.0, 3.0, 4.0, 2.0, 1.0, 4.0, 6.0, 4.0, 2.0, 6.0, 1.0, 2.0, 3.0, 3.0, 2.0, 4.0, 3.0, 4.0, 2.0, 4.0, 4.0, 3.0, 2.0, 2.0, 2.0, 4.0, 4.0, 1.0, 2.0, 1.0, 2.0, 4.0, 5.0, 2.0, 4.0, 4.0, 2.0, 2.0, 2.0, 2.0, 2.0], [2.0, 4.0, 3.0, 2.0, 1.0, 4.0, 6.0, 4.0, 2.0, 2.0, 1.0, 2.0, 3.0, 1.0, 2.0, 6.0, 2.0, 5.0, 2.0, 4.0, 2.0, 2.0, 2.0, 2.0, 2.0, 4.0, 4.0, 1.0, 2.0, 1.0, 2.0, 4.0, 5.0, 2.0, 4.0, 4.0, 2.0, 2.0, 2.0, 2.0, 2.0], [2.0, 4.0, 4.0, 2.0, 1.0, 4.0, 6.0, 6.0, 2.0, 4.0, 2.0, 4.0, 2.0, 2.0, 2.0, 4.0, 2.0, 4.0, 2.0, 2.0, 2.0, 2.0, 2.0, 2.0, 2.0, 4.0, 4.0, 1.0, 3.0, 2.0, 1.0, 2.0, 4.0, 2.0, 4.0, 4.0, 2.0, 2.0, 2.0, 2.0, 2.0], [2.0, 5.0, 4.0, 2.0, 1.0, 6.0, 6.0, 6.0, 2.0, 2.0, 2.0, 2.0, 3.0, 3.0, 2.0, 6.0, 2.0, 4.0, 5.0, 3.0, 2.0, 3.0, 1.0, 2.0, 2.0, 6.0, 4.0, 1.0, 3.0, 1.0, 1.0, 5.0, 5.0, 2.0, 4.0, 4.0, 2.0, 2.0, 2.0, 4.0, 2.0], [2.0, 4.0, 4.0, 2.0, 1.0, 6.0, 6.0, 6.0, 2.0, 2.0, 1.0, 4.0, 3.0, 3.0, 2.0, 4.0, 2.0, 4.0, 2.0, 2.0, 2.0, 2.0, 1.0, 4.0, 2.0, 4.0, 4.0, 2.0, 3.0, 1.0, 2.0, 4.0, 5.0, 2.0, 4.0, 4.0, 2.0, 2.0, 2.0, 2.0, 2.0], [2.0, 4.0, 4.0, 2.0, 2.0, 4.0, 6.0, 4.0, 2.0, 2.0, 2.0, 2.0, 3.0, 1.0, 2.0, 4.0, 2.0, 4.0, 2.0, 2.0, 2.0, 2.0, 2.0, 2.0, 2.0, 4.0, 4.0, 1.0, 2.0, 1.0, 1.0, 2.0, 5.0, 2.0, 1.0, 4.0, 2.0, 4.0, 2.0, 2.0, 2.0], [2.0, 4.0, 4.0, 2.0, 2.0, 6.0, 5.0, 4.0, 2.0, 2.0, 1.0, 2.0, 2.0, 3.0, 2.0, 6.0, 2.0, 4.0, 2.0, 2.0, 2.0, 2.0, 2.0, 4.0, 2.0, 4.0, 4.0, 1.0, 2.0, 1.0, 1.0, 2.0, 5.0, 2.0, 4.0, 4.0, 2.0, 4.0, 1.0, 2.0, 2.0], [2.0, 4.0, 4.0, 2.0, 1.0, 6.0, 6.0, 6.0, 4.0, 2.0, 1.0, 4.0, 3.0, 3.0, 2.0, 6.0, 2.0, 5.0, 2.0, 4.0, 2.0, 2.0, 1.0, 4.0, 2.0, 4.0, 4.0, 1.0, 3.0, 1.0, 3.0, 2.0, 5.0, 2.0, 4.0, 4.0, 2.0, 3.0, 2.0, 2.0, 2.0], [2.0, 4.0, 4.0, 2.0, 1.0, 4.0, 5.0, 6.0, 2.0, 2.0, 1.0, 2.0, 3.0, 3.0, 2.0, 4.0, 2.0, 4.0, 2.0, 4.0, 3.0, 2.0, 2.0, 2.0, 2.0, 4.0, 6.0, 1.0, 3.0, 1.0, 2.0, 4.0, 5.0, 2.0, 4.0, 4.0, 2.0, 2.0, 2.0, 2.0, 2.0], [0.0, 4.0, 4.0, 2.0, 1.0, 4.0, 5.0, 4.0, 2.0, 2.0, 1.0, 2.0, 3.0, 2.0, 2.0, 6.0, 2.0, 5.0, 2.0, 2.0, 1.0, 1.0, 2.0, 4.0, 1.0, 6.0, 4.0, 1.0, 3.0, 1.0, 1.0, 4.0, 4.0, 2.0, 4.0, 4.0, 2.0, 2.0, 2.0, 2.0, 2.0], [2.0, 4.0, 4.0, 2.0, 1.0, 6.0, 5.0, 6.0, 2.0, 4.0, 2.0, 3.0, 2.0, 1.0, 2.0, 6.0, 2.0, 4.0, 2.0, 4.0, 2.0, 2.0, 2.0, 2.0, 2.0, 4.0, 4.0, 1.0, 3.0, 1.0, 2.0, 4.0, 5.0, 2.0, 6.0, 4.0, 2.0, 3.0, 2.0, 2.0, 2.0], [2.0, 4.0, 4.0, 2.0, 1.0, 4.0, 5.0, 4.0, 2.0, 5.0, 1.0, 2.0, 3.0, 1.0, 2.0, 4.0, 3.0, 5.0, 2.0, 2.0, 2.0, 2.0, 2.0, 4.0, 2.0, 4.0, 4.0, 1.0, 2.0, 1.0, 3.0, 2.0, 5.0, 2.0, 4.0, 4.0, 2.0, 2.0, 2.0, 4.0, 2.0], [2.0, 5.0, 4.0, 2.0, 1.0, 6.0, 5.0, 6.0, 2.0, 2.0, 2.0, 2.0, 3.0, 3.0, 2.0, 6.0, 2.0, 4.0, 2.0, 2.0, 1.0, 2.0, 2.0, 2.0, 2.0, 4.0, 5.0, 1.0, 3.0, 2.0, 2.0, 3.0, 2.0, 2.0, 4.0, 4.0, 2.0, 2.0, 2.0, 2.0, 2.0], [2.0, 4.0, 4.0, 2.0, 1.0, 4.0, 5.0, 4.0, 2.0, 2.0, 1.0, 5.0, 3.0, 1.0, 2.0, 6.0, 2.0, 5.0, 2.0, 3.0, 3.0, 2.0, 2.0, 4.0, 2.0, 4.0, 5.0, 1.0, 3.0, 1.0, 2.0, 5.0, 5.0, 2.0, 4.0, 4.0, 2.0, 2.0, 2.0, 2.0, 2.0], [2.0, 4.0, 3.0, 2.0, 1.0, 4.0, 6.0, 6.0, 2.0, 2.0, 1.0, 2.0, 3.0, 3.0, 2.0, 6.0, 2.0, 4.0, 2.0, 4.0, 2.0, 4.0, 2.0, 4.0, 2.0, 4.0, 4.0, 1.0, 2.0, 1.0, 2.0, 4.0, 4.0, 2.0, 4.0, 4.0, 2.0, 2.0, 2.0, 2.0, 2.0], [2.0, 4.0, 4.0, 2.0, 2.0, 4.0, 5.0, 6.0, 2.0, 4.0, 2.0, 4.0, 3.0, 3.0, 2.0, 4.0, 3.0, 4.0, 2.0, 4.0, 2.0, 2.0, 2.0, 2.0, 2.0, 6.0, 4.0, 1.0, 2.0, 1.0, 2.0, 2.0, 2.0, 2.0, 4.0, 4.0, 2.0, 4.0, 2.0, 2.0, 2.0], [2.0, 5.0, 4.0, 2.0, 1.0, 4.0, 6.0, 6.0, 2.0, 5.0, 2.0, 4.0, 3.0, 3.0, 2.0, 4.0, 3.0, 4.0, 5.0, 4.0, 2.0, 2.0, 1.0, 2.0, 2.0, 4.0, 4.0, 1.0, 2.0, 1.0, 2.0, 2.0, 6.0, 2.0, 4.0, 4.0, 2.0, 2.0, 2.0, 2.0, 2.0], [2.0, 4.0, 4.0, 2.0, 1.0, 4.0, 6.0, 6.0, 2.0, 2.0, 1.0, 3.0, 3.0, 3.0, 2.0, 4.0, 2.0, 4.0, 2.0, 5.0, 2.0, 2.0, 2.0, 4.0, 2.0, 6.0, 6.0, 1.0, 2.0, 1.0, 1.0, 2.0, 4.0, 2.0, 4.0, 4.0, 2.0, 3.0, 2.0, 2.0, 2.0], [0.0, 4.0, 4.0, 2.0, 1.0, 4.0, 5.0, 6.0, 2.0, 5.0, 1.0, 2.0, 3.0, 3.0, 2.0, 4.0, 2.0, 5.0, 5.0, 3.0, 2.0, 2.0, 2.0, 2.0, 2.0, 4.0, 4.0, 1.0, 3.0, 1.0, 1.0, 4.0, 5.0, 2.0, 4.0, 4.0, 2.0, 2.0, 2.0, 2.0, 2.0], [0.0, 4.0, 4.0, 2.0, 2.0, 6.0, 6.0, 6.0, 2.0, 2.0, 1.0, 2.0, 3.0, 3.0, 2.0, 6.0, 3.0, 5.0, 2.0, 4.0, 2.0, 1.0, 2.0, 4.0, 2.0, 6.0, 4.0, 1.0, 2.0, 1.0, 2.0, 2.0, 4.0, 2.0, 4.0, 4.0, 2.0, 2.0, 2.0, 2.0, 2.0], [0.0, 3.0, 4.0, 4.0, 1.0, 6.0, 5.0, 4.0, 2.0, 3.0, 2.0, 4.0, 3.0, 3.0, 2.0, 6.0, 2.0, 5.0, 2.0, 4.0, 3.0, 2.0, 2.0, 4.0, 2.0, 4.0, 4.0, 1.0, 3.0, 1.0, 1.0, 2.0, 4.0, 2.0, 4.0, 4.0, 2.0, 2.0, 2.0, 2.0, 2.0], [0.0, 5.0, 4.0, 2.0, 1.0, 4.0, 6.0, 6.0, 2.0, 2.0, 2.0, 2.0, 3.0, 3.0, 2.0, 6.0, 2.0, 4.0, 2.0, 4.0, 2.0, 2.0, 2.0, 2.0, 2.0, 6.0, 4.0, 2.0, 2.0, 1.0, 3.0, 2.0, 5.0, 2.0, 1.0, 4.0, 2.0, 2.0, 2.0, 2.0, 2.0]]

first layer check: Conv2d(6, 64, kernel_size=(7, 7), stride=(2, 2), padding=(3, 3), bias=False)

for model 1: mode acc: 0.2926829159259796, run mean acc: 0.2760833501815796, top-2 acc:0.44874998927116394, mode f1: 0.2926829159259796

model 1 mode preds
[1.0, 4.0, 3.0, 3.0, 1.0, 4.0, 4.0, 4.0, 3.0, 3.0, 1.0, 3.0, 3.0, 1.0, 1.0, 2.0, 1.0, 4.0, 1.0, 4.0, 1.0, 1.0, 3.0, 3.0, 1.0, 4.0, 4.0, 1.0, 1.0, 1.0, 1.0, 2.0, 4.0, 1.0, 4.0, 4.0, 1.0, 3.0, 1.0, 3.0, 2.0]

model 1 all preds
[[3.0, 4.0, 4.0, 3.0, 1.0, 4.0, 4.0, 4.0, 1.0, 3.0, 1.0, 3.0, 3.0, 1.0, 1.0, 1.0, 1.0, 4.0, 1.0, 4.0, 1.0, 1.0, 3.0, 3.0, 2.0, 3.0, 4.0, 1.0, 3.0, 1.0, 1.0, 4.0, 4.0, 1.0, 2.0, 3.0, 3.0, 3.0, 3.0, 3.0, 2.0], [3.0, 4.0, 3.0, 1.0, 1.0, 4.0, 2.0, 4.0, 3.0, 3.0, 1.0, 3.0, 3.0, 1.0, 1.0, 4.0, 1.0, 4.0, 1.0, 3.0, 3.0, 1.0, 3.0, 3.0, 2.0, 4.0, 4.0, 1.0, 3.0, 1.0, 1.0, 2.0, 4.0, 2.0, 4.0, 4.0, 1.0, 3.0, 1.0, 1.0, 1.0], [1.0, 4.0, 4.0, 1.0, 1.0, 4.0, 4.0, 4.0, 3.0, 3.0, 1.0, 2.0, 1.0, 1.0, 1.0, 4.0, 1.0, 3.0, 3.0, 4.0, 1.0, 1.0, 1.0, 3.0, 1.0, 3.0, 4.0, 1.0, 3.0, 1.0, 1.0, 4.0, 4.0, 1.0, 4.0, 2.0, 1.0, 3.0, 1.0, 1.0, 2.0], [1.0, 4.0, 3.0, 3.0, 1.0, 4.0, 4.0, 4.0, 3.0, 4.0, 1.0, 3.0, 3.0, 1.0, 1.0, 2.0, 1.0, 4.0, 3.0, 4.0, 1.0, 1.0, 3.0, 3.0, 1.0, 3.0, 4.0, 1.0, 3.0, 1.0, 1.0, 2.0, 3.0, 1.0, 2.0, 4.0, 3.0, 3.0, 1.0, 3.0, 3.0], [1.0, 3.0, 4.0, 3.0, 1.0, 3.0, 4.0, 4.0, 3.0, 3.0, 1.0, 3.0, 3.0, 1.0, 1.0, 2.0, 1.0, 3.0, 1.0, 3.0, 3.0, 1.0, 3.0, 3.0, 1.0, 3.0, 4.0, 1.0, 1.0, 1.0, 1.0, 2.0, 4.0, 1.0, 4.0, 4.0, 1.0, 4.0, 1.0, 1.0, 1.0], [1.0, 4.0, 3.0, 3.0, 1.0, 4.0, 4.0, 4.0, 2.0, 3.0, 1.0, 3.0, 1.0, 1.0, 1.0, 4.0, 1.0, 4.0, 1.0, 4.0, 1.0, 1.0, 1.0, 3.0, 1.0, 3.0, 4.0, 1.0, 1.0, 1.0, 3.0, 4.0, 4.0, 2.0, 2.0, 3.0, 3.0, 1.0, 3.0, 3.0, 1.0], [1.0, 3.0, 3.0, 1.0, 1.0, 4.0, 4.0, 4.0, 1.0, 3.0, 1.0, 3.0, 3.0, 1.0, 1.0, 4.0, 1.0, 4.0, 1.0, 4.0, 1.0, 1.0, 2.0, 3.0, 1.0, 4.0, 4.0, 1.0, 3.0, 1.0, 1.0, 2.0, 2.0, 1.0, 3.0, 4.0, 1.0, 3.0, 1.0, 3.0, 2.0], [1.0, 4.0, 3.0, 1.0, 1.0, 3.0, 4.0, 4.0, 3.0, 3.0, 1.0, 3.0, 3.0, 1.0, 1.0, 2.0, 1.0, 4.0, 1.0, 3.0, 1.0, 1.0, 3.0, 3.0, 1.0, 4.0, 3.0, 1.0, 1.0, 1.0, 1.0, 2.0, 4.0, 1.0, 1.0, 4.0, 1.0, 2.0, 3.0, 1.0, 1.0], [3.0, 4.0, 3.0, 3.0, 1.0, 4.0, 4.0, 4.0, 1.0, 3.0, 1.0, 3.0, 1.0, 1.0, 1.0, 2.0, 1.0, 4.0, 3.0, 4.0, 1.0, 1.0, 1.0, 3.0, 1.0, 4.0, 4.0, 1.0, 1.0, 1.0, 1.0, 4.0, 3.0, 1.0, 3.0, 3.0, 1.0, 4.0, 1.0, 2.0, 1.0], [1.0, 4.0, 3.0, 3.0, 1.0, 4.0, 4.0, 2.0, 2.0, 3.0, 1.0, 2.0, 3.0, 1.0, 1.0, 3.0, 1.0, 4.0, 1.0, 4.0, 1.0, 1.0, 1.0, 3.0, 1.0, 4.0, 4.0, 1.0, 3.0, 1.0, 3.0, 2.0, 4.0, 1.0, 4.0, 4.0, 3.0, 4.0, 3.0, 3.0, 1.0], [1.0, 4.0, 3.0, 3.0, 1.0, 4.0, 4.0, 4.0, 3.0, 3.0, 1.0, 3.0, 3.0, 1.0, 1.0, 2.0, 1.0, 4.0, 1.0, 4.0, 1.0, 2.0, 3.0, 1.0, 1.0, 4.0, 4.0, 1.0, 3.0, 1.0, 1.0, 4.0, 3.0, 1.0, 3.0, 4.0, 1.0, 3.0, 1.0, 1.0, 2.0], [1.0, 4.0, 3.0, 3.0, 1.0, 4.0, 4.0, 4.0, 3.0, 3.0, 1.0, 3.0, 1.0, 1.0, 1.0, 3.0, 1.0, 4.0, 3.0, 3.0, 1.0, 1.0, 1.0, 3.0, 1.0, 4.0, 4.0, 1.0, 1.0, 1.0, 1.0, 2.0, 3.0, 1.0, 3.0, 4.0, 2.0, 3.0, 3.0, 1.0, 2.0], [1.0, 4.0, 3.0, 3.0, 1.0, 4.0, 4.0, 4.0, 3.0, 3.0, 1.0, 3.0, 3.0, 1.0, 1.0, 2.0, 1.0, 4.0, 3.0, 4.0, 3.0, 1.0, 1.0, 3.0, 2.0, 3.0, 3.0, 1.0, 1.0, 1.0, 1.0, 3.0, 3.0, 1.0, 4.0, 2.0, 1.0, 3.0, 1.0, 3.0, 1.0], [1.0, 4.0, 3.0, 1.0, 1.0, 4.0, 4.0, 2.0, 3.0, 3.0, 1.0, 3.0, 1.0, 1.0, 1.0, 4.0, 1.0, 4.0, 3.0, 4.0, 1.0, 1.0, 3.0, 3.0, 3.0, 4.0, 4.0, 1.0, 1.0, 1.0, 1.0, 2.0, 4.0, 1.0, 4.0, 3.0, 1.0, 1.0, 1.0, 1.0, 3.0], [1.0, 4.0, 3.0, 1.0, 1.0, 4.0, 4.0, 4.0, 1.0, 3.0, 1.0, 3.0, 3.0, 1.0, 1.0, 4.0, 1.0, 3.0, 1.0, 3.0, 1.0, 1.0, 3.0, 2.0, 3.0, 4.0, 4.0, 1.0, 3.0, 1.0, 1.0, 1.0, 4.0, 1.0, 4.0, 4.0, 3.0, 3.0, 3.0, 2.0, 2.0], [1.0, 4.0, 3.0, 3.0, 1.0, 4.0, 4.0, 4.0, 3.0, 3.0, 1.0, 2.0, 3.0, 1.0, 1.0, 3.0, 1.0, 4.0, 1.0, 4.0, 1.0, 3.0, 3.0, 3.0, 3.0, 4.0, 4.0, 1.0, 1.0, 1.0, 1.0, 2.0, 3.0, 1.0, 4.0, 4.0, 1.0, 3.0, 1.0, 1.0, 2.0], [1.0, 4.0, 3.0, 3.0, 1.0, 4.0, 4.0, 4.0, 1.0, 4.0, 1.0, 3.0, 3.0, 1.0, 1.0, 2.0, 1.0, 4.0, 3.0, 4.0, 1.0, 1.0, 3.0, 1.0, 2.0, 3.0, 4.0, 1.0, 1.0, 1.0, 1.0, 3.0, 4.0, 1.0, 2.0, 4.0, 3.0, 1.0, 1.0, 1.0, 2.0], [1.0, 4.0, 4.0, 3.0, 1.0, 4.0, 2.0, 2.0, 3.0, 3.0, 1.0, 3.0, 3.0, 1.0, 1.0, 2.0, 2.0, 4.0, 1.0, 4.0, 1.0, 1.0, 3.0, 3.0, 1.0, 4.0, 4.0, 1.0, 1.0, 1.0, 1.0, 4.0, 3.0, 1.0, 3.0, 4.0, 3.0, 3.0, 1.0, 3.0, 2.0], [1.0, 4.0, 3.0, 3.0, 1.0, 4.0, 4.0, 4.0, 3.0, 3.0, 1.0, 2.0, 3.0, 1.0, 1.0, 2.0, 1.0, 4.0, 1.0, 3.0, 1.0, 1.0, 1.0, 2.0, 1.0, 4.0, 4.0, 1.0, 1.0, 1.0, 1.0, 3.0, 2.0, 1.0, 3.0, 2.0, 1.0, 3.0, 3.0, 3.0, 3.0], [3.0, 4.0, 4.0, 3.0, 1.0, 4.0, 4.0, 4.0, 1.0, 3.0, 1.0, 3.0, 3.0, 1.0, 1.0, 2.0, 1.0, 4.0, 1.0, 4.0, 1.0, 3.0, 3.0, 3.0, 3.0, 4.0, 4.0, 1.0, 3.0, 1.0, 1.0, 4.0, 3.0, 1.0, 2.0, 4.0, 3.0, 3.0, 1.0, 1.0, 2.0], [3.0, 3.0, 4.0, 3.0, 1.0, 4.0, 4.0, 3.0, 3.0, 3.0, 1.0, 3.0, 3.0, 1.0, 1.0, 4.0, 1.0, 4.0, 3.0, 3.0, 1.0, 1.0, 1.0, 1.0, 3.0, 4.0, 4.0, 1.0, 1.0, 1.0, 1.0, 4.0, 2.0, 1.0, 3.0, 4.0, 3.0, 4.0, 1.0, 3.0, 2.0], [1.0, 4.0, 3.0, 3.0, 1.0, 4.0, 4.0, 2.0, 3.0, 2.0, 1.0, 2.0, 3.0, 1.0, 1.0, 2.0, 1.0, 4.0, 1.0, 4.0, 1.0, 1.0, 3.0, 2.0, 1.0, 4.0, 4.0, 1.0, 3.0, 1.0, 1.0, 3.0, 2.0, 1.0, 4.0, 2.0, 3.0, 1.0, 1.0, 3.0, 2.0], [1.0, 4.0, 3.0, 1.0, 1.0, 4.0, 4.0, 4.0, 2.0, 3.0, 1.0, 3.0, 1.0, 1.0, 1.0, 3.0, 1.0, 4.0, 1.0, 4.0, 1.0, 3.0, 2.0, 3.0, 1.0, 3.0, 4.0, 1.0, 1.0, 1.0, 1.0, 2.0, 2.0, 1.0, 3.0, 4.0, 1.0, 3.0, 1.0, 2.0, 2.0], [1.0, 3.0, 4.0, 3.0, 1.0, 4.0, 4.0, 4.0, 3.0, 3.0, 1.0, 3.0, 3.0, 1.0, 1.0, 3.0, 1.0, 4.0, 1.0, 4.0, 1.0, 1.0, 1.0, 2.0, 2.0, 4.0, 3.0, 1.0, 1.0, 1.0, 1.0, 4.0, 4.0, 1.0, 3.0, 2.0, 1.0, 3.0, 1.0, 3.0, 1.0], [1.0, 4.0, 3.0, 3.0, 1.0, 4.0, 4.0, 4.0, 3.0, 3.0, 1.0, 3.0, 2.0, 3.0, 1.0, 2.0, 1.0, 4.0, 3.0, 4.0, 1.0, 1.0, 3.0, 1.0, 1.0, 4.0, 1.0, 1.0, 1.0, 1.0, 1.0, 4.0, 4.0, 1.0, 2.0, 4.0, 1.0, 3.0, 1.0, 2.0, 2.0], [1.0, 3.0, 3.0, 1.0, 1.0, 4.0, 4.0, 4.0, 3.0, 3.0, 1.0, 3.0, 3.0, 1.0, 1.0, 4.0, 2.0, 4.0, 1.0, 1.0, 1.0, 1.0, 3.0, 2.0, 3.0, 4.0, 4.0, 1.0, 3.0, 1.0, 1.0, 2.0, 3.0, 1.0, 2.0, 4.0, 3.0, 3.0, 1.0, 3.0, 1.0], [1.0, 4.0, 3.0, 3.0, 1.0, 3.0, 4.0, 4.0, 3.0, 3.0, 1.0, 3.0, 1.0, 1.0, 1.0, 4.0, 1.0, 4.0, 3.0, 4.0, 1.0, 1.0, 3.0, 3.0, 2.0, 4.0, 4.0, 1.0, 1.0, 1.0, 1.0, 2.0, 4.0, 1.0, 4.0, 4.0, 3.0, 3.0, 1.0, 2.0, 2.0], [1.0, 4.0, 3.0, 2.0, 1.0, 4.0, 4.0, 4.0, 3.0, 2.0, 1.0, 3.0, 3.0, 3.0, 1.0, 2.0, 1.0, 4.0, 1.0, 3.0, 1.0, 1.0, 1.0, 2.0, 1.0, 4.0, 4.0, 1.0, 1.0, 1.0, 1.0, 2.0, 2.0, 1.0, 4.0, 4.0, 1.0, 3.0, 1.0, 3.0, 1.0], [1.0, 4.0, 4.0, 1.0, 1.0, 4.0, 4.0, 4.0, 3.0, 3.0, 1.0, 1.0, 1.0, 1.0, 1.0, 2.0, 1.0, 4.0, 3.0, 3.0, 1.0, 1.0, 3.0, 3.0, 1.0, 3.0, 4.0, 1.0, 3.0, 1.0, 1.0, 4.0, 4.0, 1.0, 2.0, 4.0, 1.0, 1.0, 1.0, 1.0, 1.0], [1.0, 4.0, 3.0, 3.0, 1.0, 4.0, 3.0, 2.0, 3.0, 3.0, 1.0, 3.0, 3.0, 1.0, 1.0, 3.0, 1.0, 4.0, 3.0, 3.0, 3.0, 1.0, 3.0, 3.0, 3.0, 4.0, 1.0, 1.0, 1.0, 1.0, 1.0, 2.0, 3.0, 1.0, 2.0, 2.0, 2.0, 3.0, 1.0, 1.0, 2.0], [3.0, 4.0, 4.0, 3.0, 1.0, 4.0, 4.0, 4.0, 3.0, 3.0, 1.0, 3.0, 3.0, 1.0, 1.0, 4.0, 1.0, 4.0, 1.0, 3.0, 1.0, 1.0, 3.0, 3.0, 1.0, 4.0, 4.0, 1.0, 1.0, 1.0, 3.0, 4.0, 3.0, 1.0, 3.0, 4.0, 3.0, 1.0, 1.0, 3.0, 3.0], [1.0, 3.0, 4.0, 1.0, 1.0, 4.0, 4.0, 3.0, 3.0, 1.0, 1.0, 2.0, 3.0, 1.0, 1.0, 2.0, 1.0, 3.0, 1.0, 3.0, 1.0, 3.0, 3.0, 1.0, 2.0, 4.0, 4.0, 1.0, 1.0, 1.0, 1.0, 4.0, 2.0, 1.0, 4.0, 3.0, 3.0, 3.0, 3.0, 3.0, 2.0], [1.0, 3.0, 4.0, 3.0, 1.0, 4.0, 4.0, 4.0, 1.0, 3.0, 1.0, 2.0, 3.0, 1.0, 1.0, 3.0, 1.0, 4.0, 1.0, 3.0, 1.0, 3.0, 1.0, 3.0, 1.0, 4.0, 4.0, 1.0, 3.0, 1.0, 1.0, 4.0, 4.0, 2.0, 2.0, 4.0, 1.0, 3.0, 3.0, 3.0, 2.0], [3.0, 4.0, 4.0, 1.0, 1.0, 4.0, 4.0, 4.0, 3.0, 3.0, 1.0, 3.0, 3.0, 1.0, 1.0, 2.0, 1.0, 4.0, 1.0, 3.0, 1.0, 1.0, 3.0, 3.0, 1.0, 4.0, 4.0, 1.0, 3.0, 1.0, 1.0, 2.0, 4.0, 1.0, 4.0, 4.0, 1.0, 4.0, 1.0, 3.0, 1.0], [1.0, 4.0, 3.0, 3.0, 1.0, 4.0, 4.0, 2.0, 1.0, 3.0, 1.0, 3.0, 1.0, 1.0, 1.0, 2.0, 1.0, 4.0, 1.0, 3.0, 1.0, 1.0, 3.0, 3.0, 1.0, 4.0, 4.0, 1.0, 1.0, 1.0, 1.0, 2.0, 2.0, 2.0, 4.0, 2.0, 3.0, 3.0, 3.0, 3.0, 1.0], [1.0, 4.0, 3.0, 3.0, 1.0, 4.0, 4.0, 4.0, 3.0, 3.0, 1.0, 3.0, 3.0, 1.0, 1.0, 2.0, 1.0, 4.0, 3.0, 3.0, 1.0, 1.0, 3.0, 3.0, 2.0, 4.0, 4.0, 1.0, 1.0, 1.0, 1.0, 4.0, 1.0, 1.0, 4.0, 4.0, 1.0, 3.0, 1.0, 3.0, 1.0], [1.0, 4.0, 3.0, 3.0, 1.0, 4.0, 2.0, 4.0, 3.0, 3.0, 1.0, 3.0, 3.0, 1.0, 1.0, 2.0, 1.0, 3.0, 1.0, 3.0, 1.0, 1.0, 1.0, 3.0, 1.0, 4.0, 3.0, 1.0, 3.0, 1.0, 1.0, 4.0, 3.0, 1.0, 3.0, 4.0, 1.0, 3.0, 1.0, 1.0, 2.0], [1.0, 4.0, 3.0, 3.0, 1.0, 4.0, 4.0, 4.0, 3.0, 3.0, 1.0, 2.0, 3.0, 3.0, 1.0, 2.0, 1.0, 4.0, 1.0, 4.0, 1.0, 1.0, 3.0, 3.0, 1.0, 4.0, 4.0, 1.0, 1.0, 1.0, 1.0, 3.0, 2.0, 1.0, 2.0, 4.0, 3.0, 3.0, 3.0, 3.0, 2.0], [1.0, 4.0, 3.0, 1.0, 1.0, 4.0, 4.0, 4.0, 3.0, 3.0, 1.0, 3.0, 3.0, 1.0, 1.0, 2.0, 1.0, 4.0, 1.0, 4.0, 1.0, 1.0, 3.0, 3.0, 2.0, 4.0, 4.0, 1.0, 3.0, 1.0, 1.0, 2.0, 4.0, 1.0, 4.0, 4.0, 1.0, 4.0, 3.0, 3.0, 1.0], [1.0, 4.0, 3.0, 1.0, 1.0, 4.0, 4.0, 4.0, 2.0, 3.0, 1.0, 2.0, 1.0, 1.0, 1.0, 3.0, 1.0, 3.0, 1.0, 3.0, 1.0, 1.0, 3.0, 3.0, 1.0, 4.0, 4.0, 1.0, 1.0, 1.0, 1.0, 2.0, 2.0, 1.0, 2.0, 4.0, 3.0, 3.0, 3.0, 3.0, 2.0], [1.0, 4.0, 3.0, 3.0, 1.0, 4.0, 4.0, 4.0, 3.0, 3.0, 1.0, 2.0, 3.0, 1.0, 1.0, 4.0, 3.0, 4.0, 1.0, 3.0, 1.0, 3.0, 1.0, 2.0, 1.0, 4.0, 4.0, 1.0, 1.0, 1.0, 1.0, 2.0, 2.0, 1.0, 4.0, 4.0, 1.0, 4.0, 1.0, 3.0, 2.0], [1.0, 4.0, 4.0, 3.0, 1.0, 4.0, 4.0, 2.0, 2.0, 4.0, 1.0, 3.0, 3.0, 1.0, 1.0, 3.0, 1.0, 4.0, 1.0, 4.0, 1.0, 3.0, 3.0, 3.0, 1.0, 4.0, 4.0, 1.0, 3.0, 1.0, 1.0, 2.0, 3.0, 1.0, 3.0, 2.0, 3.0, 3.0, 1.0, 3.0, 1.0], [1.0, 4.0, 3.0, 2.0, 1.0, 4.0, 4.0, 4.0, 2.0, 3.0, 1.0, 3.0, 3.0, 1.0, 1.0, 4.0, 1.0, 4.0, 1.0, 4.0, 1.0, 1.0, 3.0, 3.0, 2.0, 4.0, 4.0, 1.0, 3.0, 1.0, 1.0, 4.0, 4.0, 1.0, 4.0, 4.0, 3.0, 1.0, 1.0, 3.0, 2.0], [1.0, 4.0, 3.0, 3.0, 1.0, 4.0, 4.0, 4.0, 3.0, 3.0, 1.0, 2.0, 1.0, 1.0, 1.0, 3.0, 1.0, 4.0, 1.0, 4.0, 1.0, 1.0, 3.0, 2.0, 1.0, 4.0, 4.0, 1.0, 1.0, 1.0, 1.0, 2.0, 3.0, 1.0, 4.0, 2.0, 3.0, 3.0, 1.0, 1.0, 1.0], [1.0, 4.0, 3.0, 3.0, 1.0, 4.0, 4.0, 4.0, 3.0, 3.0, 1.0, 3.0, 3.0, 1.0, 1.0, 2.0, 1.0, 4.0, 3.0, 1.0, 1.0, 1.0, 3.0, 3.0, 1.0, 3.0, 4.0, 1.0, 3.0, 1.0, 1.0, 2.0, 4.0, 1.0, 2.0, 2.0, 1.0, 3.0, 1.0, 1.0, 1.0], [1.0, 4.0, 4.0, 3.0, 1.0, 4.0, 4.0, 2.0, 3.0, 3.0, 1.0, 3.0, 3.0, 1.0, 1.0, 2.0, 1.0, 3.0, 1.0, 4.0, 1.0, 1.0, 3.0, 1.0, 1.0, 4.0, 4.0, 1.0, 3.0, 1.0, 1.0, 3.0, 4.0, 1.0, 4.0, 4.0, 2.0, 3.0, 3.0, 2.0, 1.0], [1.0, 3.0, 3.0, 3.0, 1.0, 4.0, 4.0, 4.0, 2.0, 3.0, 1.0, 3.0, 1.0, 1.0, 1.0, 3.0, 1.0, 3.0, 1.0, 4.0, 1.0, 1.0, 1.0, 3.0, 3.0, 4.0, 4.0, 1.0, 1.0, 1.0, 1.0, 4.0, 3.0, 1.0, 3.0, 4.0, 1.0, 3.0, 1.0, 3.0, 2.0], [1.0, 4.0, 3.0, 3.0, 1.0, 4.0, 4.0, 4.0, 3.0, 3.0, 1.0, 3.0, 1.0, 1.0, 1.0, 4.0, 1.0, 4.0, 1.0, 4.0, 1.0, 1.0, 3.0, 3.0, 1.0, 4.0, 3.0, 1.0, 3.0, 1.0, 1.0, 2.0, 4.0, 1.0, 2.0, 2.0, 2.0, 3.0, 1.0, 1.0, 2.0], [1.0, 4.0, 3.0, 3.0, 1.0, 4.0, 4.0, 4.0, 2.0, 3.0, 1.0, 3.0, 3.0, 1.0, 1.0, 3.0, 1.0, 3.0, 1.0, 4.0, 3.0, 3.0, 3.0, 3.0, 1.0, 3.0, 4.0, 1.0, 1.0, 1.0, 1.0, 3.0, 4.0, 1.0, 4.0, 2.0, 1.0, 2.0, 1.0, 3.0, 3.0], [1.0, 4.0, 3.0, 3.0, 1.0, 4.0, 4.0, 4.0, 2.0, 3.0, 1.0, 3.0, 1.0, 1.0, 1.0, 3.0, 1.0, 4.0, 3.0, 3.0, 1.0, 3.0, 1.0, 3.0, 1.0, 3.0, 4.0, 1.0, 1.0, 1.0, 1.0, 2.0, 4.0, 1.0, 3.0, 2.0, 3.0, 3.0, 1.0, 3.0, 2.0]]

first layer check: Conv2d(6, 64, kernel_size=(7, 7), stride=(2, 2), padding=(3, 3), bias=False)

for model 2: mode acc: 0.19512194395065308, run mean acc: 0.24441666901111603, top-2 acc:0.44841668009757996, mode f1: 0.19512194395065308

model 2 mode preds
[0.0, 3.0, 3.0, 3.0, 1.0, 3.0, 4.0, 3.0, 0.0, 3.0, 1.0, 3.0, 0.0, 1.0, 1.0, 4.0, 0.0, 3.0, 3.0, 3.0, 1.0, 1.0, 3.0, 3.0, 1.0, 3.0, 3.0, 1.0, 1.0, 1.0, 1.0, 3.0, 3.0, 0.0, 3.0, 4.0, 2.0, 3.0, 1.0, 3.0, 2.0]

model 2 all preds
[[0.0, 3.0, 3.0, 3.0, 1.0, 3.0, 4.0, 3.0, 3.0, 0.0, 1.0, 3.0, 0.0, 1.0, 1.0, 0.0, 1.0, 3.0, 3.0, 3.0, 1.0, 3.0, 1.0, 3.0, 1.0, 5.0, 3.0, 1.0, 1.0, 1.0, 1.0, 3.0, 3.0, 0.0, 4.0, 3.0, 2.0, 3.0, 1.0, 3.0, 1.0], [0.0, 3.0, 3.0, 3.0, 1.0, 3.0, 4.0, 5.0, 0.0, 3.0, 1.0, 3.0, 0.0, 1.0, 1.0, 0.0, 3.0, 3.0, 3.0, 5.0, 3.0, 1.0, 3.0, 3.0, 1.0, 4.0, 3.0, 1.0, 1.0, 1.0, 1.0, 3.0, 3.0, 0.0, 3.0, 4.0, 2.0, 3.0, 3.0, 1.0, 3.0], [0.0, 3.0, 3.0, 3.0, 1.0, 3.0, 5.0, 5.0, 2.0, 3.0, 1.0, 3.0, 3.0, 0.0, 1.0, 0.0, 0.0, 3.0, 3.0, 3.0, 1.0, 1.0, 3.0, 3.0, 1.0, 3.0, 0.0, 1.0, 1.0, 1.0, 1.0, 3.0, 3.0, 1.0, 3.0, 4.0, 2.0, 3.0, 3.0, 3.0, 2.0], [0.0, 3.0, 0.0, 2.0, 1.0, 3.0, 4.0, 3.0, 3.0, 3.0, 0.0, 3.0, 0.0, 1.0, 1.0, 4.0, 3.0, 3.0, 3.0, 1.0, 1.0, 3.0, 3.0, 3.0, 1.0, 3.0, 3.0, 1.0, 3.0, 1.0, 1.0, 3.0, 5.0, 0.0, 3.0, 4.0, 3.0, 3.0, 3.0, 3.0, 2.0], [0.0, 3.0, 3.0, 3.0, 1.0, 3.0, 3.0, 3.0, 3.0, 3.0, 1.0, 3.0, 3.0, 1.0, 1.0, 4.0, 0.0, 3.0, 3.0, 3.0, 3.0, 3.0, 1.0, 3.0, 1.0, 4.0, 3.0, 1.0, 1.0, 1.0, 1.0, 3.0, 3.0, 0.0, 3.0, 4.0, 2.0, 5.0, 1.0, 3.0, 2.0], [1.0, 3.0, 3.0, 3.0, 1.0, 3.0, 4.0, 3.0, 2.0, 3.0, 1.0, 3.0, 3.0, 0.0, 1.0, 4.0, 0.0, 3.0, 2.0, 3.0, 1.0, 1.0, 1.0, 3.0, 1.0, 3.0, 3.0, 1.0, 1.0, 1.0, 1.0, 3.0, 5.0, 0.0, 5.0, 3.0, 2.0, 3.0, 1.0, 1.0, 3.0], [0.0, 3.0, 3.0, 3.0, 1.0, 3.0, 4.0, 3.0, 0.0, 3.0, 0.0, 3.0, 0.0, 1.0, 1.0, 0.0, 2.0, 3.0, 3.0, 3.0, 0.0, 3.0, 3.0, 3.0, 1.0, 4.0, 3.0, 1.0, 1.0, 1.0, 1.0, 3.0, 5.0, 1.0, 3.0, 4.0, 3.0, 3.0, 1.0, 3.0, 1.0], [0.0, 3.0, 3.0, 3.0, 1.0, 3.0, 4.0, 3.0, 3.0, 3.0, 0.0, 3.0, 3.0, 1.0, 1.0, 0.0, 1.0, 3.0, 3.0, 3.0, 1.0, 2.0, 1.0, 3.0, 1.0, 3.0, 3.0, 1.0, 1.0, 1.0, 1.0, 3.0, 5.0, 1.0, 3.0, 4.0, 2.0, 5.0, 3.0, 3.0, 2.0], [0.0, 3.0, 3.0, 3.0, 1.0, 5.0, 5.0, 3.0, 3.0, 3.0, 1.0, 3.0, 0.0, 0.0, 1.0, 4.0, 3.0, 3.0, 3.0, 3.0, 1.0, 1.0, 3.0, 3.0, 1.0, 3.0, 3.0, 1.0, 1.0, 1.0, 1.0, 3.0, 3.0, 0.0, 3.0, 4.0, 2.0, 3.0, 3.0, 3.0, 2.0], [0.0, 3.0, 3.0, 3.0, 1.0, 4.0, 4.0, 5.0, 0.0, 3.0, 1.0, 3.0, 0.0, 1.0, 1.0, 0.0, 3.0, 3.0, 2.0, 3.0, 3.0, 1.0, 1.0, 0.0, 1.0, 5.0, 3.0, 1.0, 1.0, 1.0, 1.0, 2.0, 3.0, 0.0, 3.0, 3.0, 2.0, 3.0, 1.0, 3.0, 2.0], [0.0, 3.0, 3.0, 3.0, 1.0, 3.0, 4.0, 3.0, 0.0, 3.0, 1.0, 3.0, 3.0, 1.0, 1.0, 0.0, 3.0, 3.0, 2.0, 3.0, 1.0, 3.0, 3.0, 3.0, 1.0, 3.0, 3.0, 1.0, 3.0, 1.0, 1.0, 3.0, 5.0, 0.0, 3.0, 3.0, 3.0, 3.0, 1.0, 2.0, 2.0], [1.0, 3.0, 3.0, 3.0, 1.0, 4.0, 4.0, 3.0, 3.0, 3.0, 1.0, 3.0, 3.0, 1.0, 1.0, 4.0, 2.0, 3.0, 3.0, 1.0, 3.0, 1.0, 3.0, 3.0, 1.0, 3.0, 3.0, 1.0, 1.0, 1.0, 1.0, 3.0, 5.0, 1.0, 3.0, 3.0, 2.0, 3.0, 1.0, 1.0, 2.0], [0.0, 3.0, 3.0, 1.0, 1.0, 3.0, 4.0, 4.0, 0.0, 3.0, 0.0, 3.0, 0.0, 0.0, 1.0, 4.0, 0.0, 3.0, 3.0, 3.0, 3.0, 3.0, 3.0, 3.0, 1.0, 4.0, 3.0, 1.0, 1.0, 1.0, 1.0, 3.0, 3.0, 0.0, 4.0, 3.0, 3.0, 3.0, 1.0, 2.0, 2.0], [1.0, 3.0, 3.0, 2.0, 1.0, 3.0, 5.0, 3.0, 0.0, 3.0, 0.0, 3.0, 0.0, 1.0, 1.0, 4.0, 0.0, 3.0, 3.0, 5.0, 3.0, 3.0, 1.0, 3.0, 1.0, 4.0, 3.0, 1.0, 3.0, 1.0, 1.0, 3.0, 3.0, 1.0, 4.0, 3.0, 2.0, 3.0, 1.0, 3.0, 2.0], [0.0, 3.0, 3.0, 0.0, 1.0, 3.0, 4.0, 3.0, 2.0, 3.0, 1.0, 3.0, 0.0, 1.0, 1.0, 4.0, 3.0, 3.0, 3.0, 3.0, 3.0, 1.0, 1.0, 3.0, 1.0, 3.0, 3.0, 1.0, 3.0, 1.0, 1.0, 3.0, 3.0, 0.0, 3.0, 4.0, 2.0, 3.0, 1.0, 1.0, 3.0], [0.0, 3.0, 3.0, 3.0, 1.0, 3.0, 4.0, 4.0, 0.0, 3.0, 1.0, 3.0, 0.0, 0.0, 1.0, 4.0, 2.0, 3.0, 2.0, 3.0, 3.0, 1.0, 3.0, 3.0, 3.0, 3.0, 3.0, 1.0, 1.0, 1.0, 0.0, 3.0, 3.0, 0.0, 4.0, 3.0, 2.0, 3.0, 1.0, 3.0, 2.0], [0.0, 3.0, 3.0, 3.0, 1.0, 4.0, 5.0, 5.0, 0.0, 3.0, 1.0, 3.0, 0.0, 1.0, 2.0, 4.0, 1.0, 3.0, 3.0, 3.0, 3.0, 3.0, 3.0, 3.0, 1.0, 3.0, 3.0, 1.0, 1.0, 1.0, 1.0, 3.0, 3.0, 0.0, 4.0, 4.0, 2.0, 3.0, 3.0, 1.0, 2.0], [0.0, 3.0, 3.0, 3.0, 1.0, 3.0, 3.0, 3.0, 3.0, 0.0, 1.0, 3.0, 0.0, 1.0, 1.0, 4.0, 3.0, 3.0, 3.0, 3.0, 0.0, 3.0, 1.0, 3.0, 1.0, 3.0, 3.0, 1.0, 1.0, 1.0, 1.0, 3.0, 5.0, 0.0, 3.0, 3.0, 2.0, 3.0, 2.0, 1.0, 1.0], [0.0, 3.0, 3.0, 3.0, 1.0, 3.0, 4.0, 3.0, 3.0, 3.0, 0.0, 3.0, 3.0, 1.0, 2.0, 3.0, 0.0, 3.0, 3.0, 3.0, 0.0, 1.0, 3.0, 3.0, 3.0, 3.0, 3.0, 1.0, 1.0, 1.0, 3.0, 3.0, 0.0, 1.0, 5.0, 3.0, 3.0, 3.0, 1.0, 2.0, 2.0], [0.0, 3.0, 0.0, 3.0, 1.0, 3.0, 4.0, 3.0, 3.0, 3.0, 0.0, 3.0, 0.0, 1.0, 1.0, 0.0, 0.0, 3.0, 3.0, 3.0, 1.0, 3.0, 1.0, 3.0, 1.0, 3.0, 3.0, 1.0, 3.0, 1.0, 3.0, 3.0, 3.0, 1.0, 3.0, 4.0, 2.0, 5.0, 1.0, 3.0, 2.0], [0.0, 3.0, 3.0, 3.0, 1.0, 3.0, 4.0, 3.0, 0.0, 3.0, 1.0, 3.0, 0.0, 0.0, 1.0, 4.0, 1.0, 3.0, 3.0, 1.0, 3.0, 1.0, 3.0, 3.0, 1.0, 3.0, 3.0, 1.0, 3.0, 1.0, 1.0, 3.0, 5.0, 0.0, 3.0, 4.0, 2.0, 3.0, 3.0, 3.0, 2.0], [1.0, 3.0, 3.0, 3.0, 1.0, 5.0, 5.0, 3.0, 3.0, 3.0, 1.0, 3.0, 0.0, 1.0, 1.0, 4.0, 1.0, 3.0, 3.0, 3.0, 0.0, 3.0, 1.0, 3.0, 3.0, 3.0, 3.0, 1.0, 3.0, 1.0, 1.0, 3.0, 3.0, 1.0, 3.0, 4.0, 3.0, 3.0, 1.0, 3.0, 2.0], [0.0, 3.0, 3.0, 3.0, 1.0, 3.0, 4.0, 3.0, 0.0, 3.0, 1.0, 3.0, 0.0, 1.0, 1.0, 4.0, 1.0, 3.0, 3.0, 3.0, 1.0, 3.0, 3.0, 3.0, 1.0, 3.0, 3.0, 1.0, 3.0, 1.0, 1.0, 3.0, 5.0, 0.0, 5.0, 4.0, 3.0, 3.0, 3.0, 3.0, 2.0], [0.0, 3.0, 3.0, 1.0, 1.0, 3.0, 4.0, 5.0, 2.0, 1.0, 1.0, 3.0, 0.0, 1.0, 1.0, 0.0, 3.0, 3.0, 2.0, 3.0, 0.0, 1.0, 1.0, 3.0, 1.0, 3.0, 3.0, 1.0, 1.0, 1.0, 1.0, 5.0, 3.0, 0.0, 3.0, 3.0, 3.0, 5.0, 1.0, 3.0, 2.0], [0.0, 3.0, 0.0, 3.0, 1.0, 4.0, 5.0, 5.0, 2.0, 3.0, 1.0, 3.0, 3.0, 1.0, 1.0, 0.0, 0.0, 3.0, 3.0, 3.0, 4.0, 1.0, 3.0, 3.0, 1.0, 3.0, 3.0, 1.0, 1.0, 1.0, 1.0, 5.0, 3.0, 0.0, 3.0, 3.0, 3.0, 3.0, 1.0, 1.0, 2.0], [0.0, 3.0, 3.0, 2.0, 1.0, 3.0, 4.0, 3.0, 2.0, 3.0, 0.0, 3.0, 3.0, 1.0, 2.0, 0.0, 3.0, 3.0, 2.0, 3.0, 1.0, 1.0, 3.0, 3.0, 3.0, 3.0, 3.0, 1.0, 3.0, 1.0, 1.0, 3.0, 3.0, 1.0, 3.0, 3.0, 3.0, 3.0, 3.0, 1.0, 3.0], [0.0, 3.0, 3.0, 3.0, 1.0, 3.0, 4.0, 3.0, 0.0, 3.0, 1.0, 3.0, 0.0, 1.0, 1.0, 0.0, 2.0, 3.0, 3.0, 3.0, 1.0, 3.0, 3.0, 3.0, 3.0, 3.0, 3.0, 1.0, 1.0, 1.0, 1.0, 3.0, 3.0, 1.0, 3.0, 4.0, 2.0, 3.0, 3.0, 3.0, 2.0], [0.0, 3.0, 3.0, 3.0, 1.0, 4.0, 5.0, 3.0, 1.0, 3.0, 1.0, 3.0, 0.0, 0.0, 1.0, 4.0, 0.0, 3.0, 3.0, 3.0, 3.0, 1.0, 3.0, 3.0, 1.0, 3.0, 3.0, 1.0, 1.0, 1.0, 1.0, 3.0, 5.0, 0.0, 3.0, 4.0, 3.0, 3.0, 3.0, 3.0, 2.0], [0.0, 3.0, 0.0, 3.0, 1.0, 3.0, 4.0, 4.0, 0.0, 3.0, 1.0, 3.0, 0.0, 0.0, 1.0, 4.0, 2.0, 3.0, 2.0, 3.0, 1.0, 1.0, 3.0, 0.0, 1.0, 3.0, 3.0, 1.0, 3.0, 1.0, 1.0, 3.0, 5.0, 1.0, 5.0, 4.0, 3.0, 3.0, 3.0, 3.0, 2.0], [0.0, 3.0, 3.0, 3.0, 1.0, 3.0, 4.0, 5.0, 0.0, 3.0, 0.0, 3.0, 3.0, 0.0, 1.0, 4.0, 3.0, 3.0, 3.0, 3.0, 3.0, 3.0, 3.0, 3.0, 1.0, 3.0, 3.0, 1.0, 3.0, 1.0, 1.0, 3.0, 3.0, 1.0, 5.0, 3.0, 2.0, 3.0, 3.0, 1.0, 2.0], [0.0, 3.0, 3.0, 3.0, 1.0, 3.0, 4.0, 3.0, 2.0, 3.0, 1.0, 3.0, 0.0, 0.0, 1.0, 0.0, 2.0, 3.0, 3.0, 3.0, 3.0, 3.0, 3.0, 3.0, 1.0, 4.0, 3.0, 1.0, 3.0, 1.0, 1.0, 3.0, 3.0, 0.0, 5.0, 4.0, 3.0, 3.0, 1.0, 2.0, 2.0], [0.0, 3.0, 3.0, 3.0, 1.0, 3.0, 4.0, 3.0, 3.0, 3.0, 0.0, 3.0, 3.0, 1.0, 1.0, 4.0, 3.0, 3.0, 3.0, 3.0, 0.0, 3.0, 3.0, 3.0, 1.0, 3.0, 3.0, 1.0, 1.0, 1.0, 1.0, 3.0, 5.0, 0.0, 3.0, 3.0, 3.0, 2.0, 1.0, 2.0, 2.0], [0.0, 3.0, 3.0, 3.0, 1.0, 3.0, 4.0, 3.0, 0.0, 3.0, 1.0, 3.0, 0.0, 0.0, 1.0, 0.0, 0.0, 3.0, 3.0, 3.0, 1.0, 1.0, 1.0, 3.0, 1.0, 4.0, 3.0, 1.0, 1.0, 1.0, 1.0, 3.0, 3.0, 0.0, 3.0, 4.0, 2.0, 3.0, 3.0, 1.0, 2.0], [0.0, 3.0, 3.0, 0.0, 1.0, 3.0, 4.0, 3.0, 2.0, 3.0, 1.0, 3.0, 3.0, 0.0, 1.0, 4.0, 1.0, 3.0, 5.0, 3.0, 1.0, 1.0, 3.0, 3.0, 1.0, 3.0, 3.0, 1.0, 1.0, 1.0, 1.0, 3.0, 3.0, 0.0, 3.0, 3.0, 2.0, 3.0, 1.0, 3.0, 1.0], [0.0, 3.0, 3.0, 4.0, 1.0, 4.0, 4.0, 5.0, 0.0, 3.0, 1.0, 3.0, 3.0, 0.0, 1.0, 0.0, 1.0, 3.0, 3.0, 3.0, 1.0, 1.0, 3.0, 3.0, 1.0, 3.0, 3.0, 1.0, 3.0, 1.0, 1.0, 3.0, 3.0, 0.0, 3.0, 4.0, 3.0, 3.0, 1.0, 3.0, 2.0], [0.0, 3.0, 3.0, 3.0, 1.0, 3.0, 5.0, 3.0, 2.0, 3.0, 1.0, 3.0, 0.0, 1.0, 1.0, 4.0, 0.0, 3.0, 3.0, 3.0, 3.0, 1.0, 3.0, 3.0, 1.0, 3.0, 3.0, 1.0, 1.0, 1.0, 1.0, 3.0, 3.0, 0.0, 4.0, 3.0, 3.0, 3.0, 1.0, 1.0, 2.0], [0.0, 3.0, 3.0, 0.0, 1.0, 3.0, 5.0, 3.0, 0.0, 3.0, 0.0, 3.0, 0.0, 1.0, 1.0, 4.0, 1.0, 3.0, 3.0, 3.0, 0.0, 1.0, 3.0, 3.0, 1.0, 3.0, 3.0, 1.0, 1.0, 1.0, 1.0, 3.0, 3.0, 0.0, 4.0, 0.0, 2.0, 3.0, 3.0, 2.0, 2.0], [0.0, 3.0, 0.0, 0.0, 1.0, 3.0, 5.0, 5.0, 2.0, 3.0, 0.0, 3.0, 0.0, 1.0, 1.0, 4.0, 0.0, 3.0, 3.0, 3.0, 1.0, 3.0, 3.0, 0.0, 1.0, 3.0, 3.0, 1.0, 1.0, 1.0, 1.0, 5.0, 5.0, 0.0, 3.0, 4.0, 2.0, 2.0, 1.0, 3.0, 2.0], [0.0, 3.0, 3.0, 3.0, 1.0, 3.0, 4.0, 5.0, 0.0, 1.0, 1.0, 3.0, 3.0, 1.0, 1.0, 4.0, 0.0, 3.0, 3.0, 3.0, 1.0, 1.0, 3.0, 0.0, 1.0, 3.0, 3.0, 1.0, 1.0, 1.0, 1.0, 5.0, 1.0, 0.0, 3.0, 4.0, 3.0, 3.0, 3.0, 1.0, 2.0], [0.0, 3.0, 3.0, 2.0, 1.0, 3.0, 4.0, 3.0, 3.0, 3.0, 1.0, 3.0, 0.0, 1.0, 1.0, 4.0, 2.0, 3.0, 3.0, 3.0, 3.0, 3.0, 3.0, 3.0, 1.0, 3.0, 3.0, 1.0, 3.0, 1.0, 1.0, 3.0, 3.0, 0.0, 4.0, 4.0, 3.0, 3.0, 1.0, 1.0, 2.0], [0.0, 3.0, 3.0, 0.0, 1.0, 3.0, 5.0, 3.0, 0.0, 3.0, 0.0, 3.0, 3.0, 1.0, 1.0, 3.0, 0.0, 3.0, 3.0, 5.0, 0.0, 3.0, 1.0, 2.0, 1.0, 3.0, 3.0, 1.0, 3.0, 1.0, 1.0, 3.0, 5.0, 0.0, 3.0, 3.0, 3.0, 3.0, 3.0, 2.0, 2.0], [0.0, 3.0, 3.0, 0.0, 1.0, 3.0, 5.0, 3.0, 0.0, 3.0, 1.0, 3.0, 0.0, 1.0, 1.0, 4.0, 2.0, 3.0, 3.0, 3.0, 0.0, 3.0, 3.0, 3.0, 1.0, 3.0, 3.0, 1.0, 1.0, 1.0, 1.0, 5.0, 3.0, 0.0, 3.0, 4.0, 2.0, 3.0, 1.0, 1.0, 2.0], [0.0, 3.0, 3.0, 3.0, 1.0, 3.0, 4.0, 3.0, 0.0, 1.0, 0.0, 3.0, 3.0, 0.0, 2.0, 0.0, 1.0, 3.0, 5.0, 3.0, 1.0, 1.0, 1.0, 3.0, 1.0, 3.0, 3.0, 1.0, 1.0, 1.0, 1.0, 5.0, 3.0, 0.0, 4.0, 3.0, 2.0, 3.0, 1.0, 1.0, 2.0], [0.0, 3.0, 0.0, 3.0, 1.0, 3.0, 4.0, 3.0, 0.0, 3.0, 1.0, 3.0, 0.0, 0.0, 1.0, 4.0, 0.0, 3.0, 3.0, 3.0, 1.0, 1.0, 1.0, 3.0, 1.0, 3.0, 3.0, 1.0, 3.0, 1.0, 1.0, 3.0, 0.0, 0.0, 5.0, 3.0, 3.0, 3.0, 1.0, 2.0, 2.0], [0.0, 3.0, 3.0, 3.0, 1.0, 3.0, 5.0, 5.0, 0.0, 3.0, 0.0, 3.0, 0.0, 1.0, 1.0, 4.0, 3.0, 3.0, 3.0, 3.0, 3.0, 1.0, 1.0, 3.0, 1.0, 4.0, 3.0, 1.0, 1.0, 1.0, 1.0, 3.0, 5.0, 0.0, 3.0, 4.0, 3.0, 3.0, 1.0, 3.0, 3.0], [0.0, 3.0, 0.0, 3.0, 1.0, 3.0, 4.0, 3.0, 2.0, 3.0, 0.0, 3.0, 3.0, 1.0, 1.0, 0.0, 0.0, 3.0, 3.0, 3.0, 1.0, 3.0, 1.0, 3.0, 1.0, 4.0, 3.0, 1.0, 1.0, 1.0, 1.0, 3.0, 3.0, 0.0, 3.0, 4.0, 3.0, 3.0, 3.0, 3.0, 1.0], [0.0, 3.0, 3.0, 2.0, 1.0, 5.0, 4.0, 3.0, 0.0, 3.0, 0.0, 3.0, 0.0, 1.0, 1.0, 0.0, 1.0, 3.0, 3.0, 3.0, 3.0, 3.0, 1.0, 3.0, 1.0, 3.0, 3.0, 1.0, 1.0, 1.0, 1.0, 3.0, 3.0, 0.0, 3.0, 4.0, 3.0, 3.0, 1.0, 1.0, 1.0], [0.0, 3.0, 3.0, 3.0, 1.0, 3.0, 5.0, 3.0, 0.0, 3.0, 1.0, 3.0, 0.0, 0.0, 1.0, 4.0, 0.0, 3.0, 5.0, 3.0, 1.0, 3.0, 1.0, 2.0, 3.0, 3.0, 3.0, 1.0, 1.0, 1.0, 1.0, 3.0, 3.0, 0.0, 4.0, 4.0, 3.0, 3.0, 1.0, 3.0, 2.0], [0.0, 3.0, 3.0, 0.0, 1.0, 4.0, 4.0, 3.0, 0.0, 3.0, 0.0, 3.0, 3.0, 1.0, 1.0, 0.0, 3.0, 3.0, 3.0, 3.0, 1.0, 1.0, 3.0, 2.0, 1.0, 3.0, 3.0, 1.0, 1.0, 1.0, 1.0, 5.0, 3.0, 0.0, 3.0, 4.0, 2.0, 3.0, 3.0, 3.0, 2.0], [0.0, 3.0, 3.0, 3.0, 1.0, 3.0, 5.0, 5.0, 0.0, 3.0, 1.0, 3.0, 0.0, 1.0, 1.0, 3.0, 3.0, 3.0, 3.0, 3.0, 1.0, 2.0, 3.0, 3.0, 1.0, 3.0, 3.0, 1.0, 3.0, 1.0, 1.0, 3.0, 5.0, 1.0, 3.0, 4.0, 2.0, 3.0, 1.0, 1.0, 3.0]]

first layer check: Conv2d(6, 64, kernel_size=(7, 7), stride=(2, 2), padding=(3, 3), bias=False)

for model 3: mode acc: 0.24390244483947754, run mean acc: 0.22675001621246338, top-2 acc:0.48758333921432495, mode f1: 0.24390244483947754

model 3 mode preds
[1.0, 4.0, 3.0, 2.0, 1.0, 4.0, 4.0, 4.0, 2.0, 3.0, 1.0, 2.0, 2.0, 3.0, 1.0, 2.0, 2.0, 3.0, 2.0, 3.0, 4.0, 2.0, 2.0, 2.0, 1.0, 4.0, 3.0, 1.0, 3.0, 1.0, 2.0, 2.0, 5.0, 2.0, 5.0, 4.0, 2.0, 2.0, 1.0, 3.0, 2.0]

model 3 all preds
[[1.0, 3.0, 3.0, 4.0, 1.0, 4.0, 4.0, 5.0, 2.0, 2.0, 1.0, 2.0, 2.0, 2.0, 2.0, 2.0, 2.0, 3.0, 2.0, 2.0, 4.0, 2.0, 3.0, 2.0, 1.0, 4.0, 4.0, 1.0, 3.0, 1.0, 1.0, 5.0, 5.0, 1.0, 2.0, 4.0, 2.0, 2.0, 3.0, 4.0, 2.0], [1.0, 5.0, 2.0, 2.0, 1.0, 4.0, 4.0, 4.0, 2.0, 3.0, 1.0, 2.0, 2.0, 1.0, 1.0, 4.0, 1.0, 3.0, 3.0, 3.0, 2.0, 3.0, 2.0, 2.0, 1.0, 4.0, 3.0, 1.0, 3.0, 1.0, 3.0, 5.0, 2.0, 2.0, 2.0, 4.0, 2.0, 2.0, 1.0, 2.0, 2.0], [1.0, 4.0, 2.0, 2.0, 1.0, 4.0, 4.0, 4.0, 2.0, 3.0, 1.0, 2.0, 2.0, 2.0, 1.0, 4.0, 1.0, 3.0, 2.0, 3.0, 2.0, 2.0, 2.0, 4.0, 1.0, 4.0, 3.0, 1.0, 3.0, 1.0, 2.0, 2.0, 2.0, 2.0, 4.0, 4.0, 3.0, 2.0, 1.0, 2.0, 2.0], [1.0, 4.0, 3.0, 2.0, 1.0, 4.0, 4.0, 4.0, 2.0, 4.0, 1.0, 2.0, 2.0, 1.0, 1.0, 2.0, 1.0, 4.0, 2.0, 3.0, 4.0, 2.0, 2.0, 5.0, 1.0, 4.0, 3.0, 1.0, 3.0, 1.0, 1.0, 2.0, 3.0, 2.0, 4.0, 4.0, 2.0, 5.0, 1.0, 3.0, 2.0], [1.0, 5.0, 2.0, 1.0, 1.0, 4.0, 4.0, 2.0, 2.0, 2.0, 1.0, 2.0, 5.0, 3.0, 1.0, 2.0, 1.0, 5.0, 3.0, 3.0, 1.0, 2.0, 4.0, 4.0, 1.0, 4.0, 3.0, 1.0, 3.0, 1.0, 1.0, 2.0, 2.0, 2.0, 2.0, 2.0, 3.0, 2.0, 1.0, 3.0, 2.0], [2.0, 4.0, 3.0, 2.0, 1.0, 4.0, 4.0, 2.0, 2.0, 3.0, 1.0, 2.0, 2.0, 1.0, 1.0, 2.0, 2.0, 3.0, 3.0, 3.0, 4.0, 2.0, 1.0, 5.0, 2.0, 4.0, 4.0, 1.0, 1.0, 1.0, 2.0, 3.0, 5.0, 2.0, 4.0, 4.0, 2.0, 5.0, 1.0, 2.0, 2.0], [1.0, 5.0, 2.0, 2.0, 1.0, 4.0, 4.0, 4.0, 2.0, 3.0, 1.0, 2.0, 5.0, 2.0, 1.0, 2.0, 2.0, 3.0, 2.0, 3.0, 4.0, 2.0, 3.0, 1.0, 1.0, 4.0, 4.0, 1.0, 3.0, 1.0, 1.0, 5.0, 3.0, 2.0, 3.0, 4.0, 2.0, 2.0, 3.0, 3.0, 2.0], [1.0, 4.0, 3.0, 2.0, 1.0, 4.0, 4.0, 2.0, 2.0, 2.0, 1.0, 2.0, 2.0, 2.0, 1.0, 2.0, 1.0, 3.0, 3.0, 4.0, 4.0, 1.0, 1.0, 2.0, 1.0, 3.0, 3.0, 1.0, 3.0, 1.0, 3.0, 3.0, 3.0, 2.0, 5.0, 4.0, 3.0, 2.0, 1.0, 2.0, 2.0], [1.0, 4.0, 3.0, 4.0, 1.0, 4.0, 4.0, 4.0, 2.0, 1.0, 1.0, 2.0, 2.0, 3.0, 1.0, 2.0, 2.0, 5.0, 2.0, 3.0, 4.0, 3.0, 2.0, 2.0, 1.0, 4.0, 5.0, 1.0, 3.0, 1.0, 1.0, 5.0, 3.0, 1.0, 3.0, 4.0, 2.0, 5.0, 1.0, 3.0, 2.0], [1.0, 4.0, 5.0, 3.0, 1.0, 4.0, 4.0, 4.0, 2.0, 2.0, 1.0, 2.0, 2.0, 2.0, 1.0, 2.0, 2.0, 3.0, 2.0, 3.0, 4.0, 2.0, 2.0, 5.0, 3.0, 4.0, 4.0, 1.0, 3.0, 1.0, 1.0, 5.0, 5.0, 1.0, 3.0, 4.0, 2.0, 2.0, 1.0, 2.0, 1.0], [1.0, 4.0, 3.0, 4.0, 1.0, 4.0, 4.0, 4.0, 2.0, 2.0, 1.0, 2.0, 3.0, 3.0, 1.0, 2.0, 1.0, 5.0, 2.0, 3.0, 4.0, 2.0, 2.0, 4.0, 1.0, 4.0, 3.0, 1.0, 3.0, 1.0, 2.0, 3.0, 5.0, 2.0, 5.0, 4.0, 2.0, 2.0, 1.0, 3.0, 2.0], [1.0, 4.0, 5.0, 4.0, 1.0, 4.0, 4.0, 4.0, 2.0, 3.0, 1.0, 1.0, 2.0, 3.0, 1.0, 2.0, 1.0, 2.0, 2.0, 2.0, 1.0, 1.0, 2.0, 2.0, 1.0, 5.0, 4.0, 1.0, 1.0, 1.0, 2.0, 5.0, 5.0, 1.0, 2.0, 4.0, 2.0, 5.0, 1.0, 4.0, 2.0], [1.0, 5.0, 3.0, 2.0, 1.0, 4.0, 4.0, 4.0, 3.0, 4.0, 1.0, 2.0, 2.0, 3.0, 1.0, 2.0, 1.0, 3.0, 2.0, 5.0, 1.0, 1.0, 2.0, 3.0, 1.0, 4.0, 4.0, 1.0, 3.0, 1.0, 3.0, 4.0, 5.0, 2.0, 3.0, 4.0, 3.0, 2.0, 1.0, 4.0, 2.0], [1.0, 5.0, 3.0, 4.0, 1.0, 4.0, 4.0, 4.0, 2.0, 3.0, 1.0, 2.0, 2.0, 2.0, 1.0, 2.0, 2.0, 3.0, 3.0, 3.0, 1.0, 1.0, 2.0, 4.0, 3.0, 4.0, 4.0, 1.0, 1.0, 1.0, 2.0, 5.0, 2.0, 2.0, 5.0, 4.0, 3.0, 2.0, 1.0, 4.0, 2.0], [1.0, 3.0, 5.0, 4.0, 1.0, 4.0, 4.0, 4.0, 2.0, 3.0, 1.0, 2.0, 2.0, 2.0, 1.0, 2.0, 2.0, 4.0, 3.0, 4.0, 4.0, 1.0, 2.0, 2.0, 1.0, 5.0, 4.0, 1.0, 1.0, 1.0, 2.0, 2.0, 4.0, 1.0, 2.0, 4.0, 2.0, 5.0, 3.0, 2.0, 2.0], [1.0, 5.0, 2.0, 2.0, 1.0, 4.0, 4.0, 4.0, 2.0, 3.0, 1.0, 2.0, 5.0, 3.0, 1.0, 2.0, 2.0, 3.0, 2.0, 3.0, 2.0, 1.0, 2.0, 4.0, 1.0, 3.0, 3.0, 1.0, 3.0, 1.0, 1.0, 2.0, 3.0, 2.0, 4.0, 4.0, 2.0, 2.0, 1.0, 2.0, 2.0], [1.0, 3.0, 3.0, 4.0, 1.0, 4.0, 4.0, 5.0, 2.0, 3.0, 1.0, 2.0, 2.0, 2.0, 1.0, 4.0, 2.0, 3.0, 2.0, 2.0, 4.0, 1.0, 2.0, 3.0, 1.0, 4.0, 3.0, 1.0, 3.0, 1.0, 2.0, 5.0, 3.0, 1.0, 5.0, 4.0, 2.0, 2.0, 1.0, 3.0, 1.0], [1.0, 4.0, 3.0, 2.0, 1.0, 4.0, 4.0, 4.0, 2.0, 3.0, 1.0, 2.0, 5.0, 3.0, 1.0, 2.0, 1.0, 3.0, 2.0, 3.0, 1.0, 1.0, 2.0, 2.0, 1.0, 4.0, 3.0, 1.0, 3.0, 1.0, 1.0, 4.0, 5.0, 1.0, 5.0, 4.0, 3.0, 2.0, 1.0, 3.0, 2.0], [1.0, 5.0, 3.0, 4.0, 1.0, 2.0, 4.0, 4.0, 2.0, 4.0, 1.0, 2.0, 3.0, 3.0, 1.0, 2.0, 2.0, 5.0, 3.0, 3.0, 3.0, 5.0, 2.0, 2.0, 1.0, 4.0, 4.0, 1.0, 3.0, 1.0, 2.0, 2.0, 5.0, 2.0, 2.0, 4.0, 2.0, 4.0, 1.0, 3.0, 1.0], [1.0, 5.0, 5.0, 2.0, 1.0, 4.0, 4.0, 4.0, 2.0, 3.0, 1.0, 2.0, 2.0, 3.0, 1.0, 2.0, 1.0, 3.0, 2.0, 3.0, 4.0, 2.0, 3.0, 2.0, 1.0, 4.0, 4.0, 1.0, 3.0, 1.0, 2.0, 5.0, 3.0, 2.0, 5.0, 4.0, 2.0, 2.0, 1.0, 3.0, 2.0], [1.0, 2.0, 3.0, 4.0, 1.0, 4.0, 4.0, 5.0, 2.0, 3.0, 1.0, 2.0, 2.0, 2.0, 1.0, 4.0, 2.0, 3.0, 2.0, 3.0, 3.0, 2.0, 2.0, 4.0, 1.0, 4.0, 4.0, 1.0, 3.0, 1.0, 1.0, 2.0, 5.0, 2.0, 2.0, 4.0, 2.0, 2.0, 3.0, 2.0, 2.0], [1.0, 4.0, 3.0, 2.0, 1.0, 4.0, 4.0, 2.0, 2.0, 2.0, 1.0, 2.0, 3.0, 2.0, 1.0, 4.0, 2.0, 5.0, 3.0, 3.0, 2.0, 1.0, 2.0, 2.0, 1.0, 4.0, 3.0, 1.0, 1.0, 1.0, 2.0, 5.0, 3.0, 2.0, 5.0, 4.0, 3.0, 2.0, 1.0, 1.0, 2.0], [1.0, 4.0, 3.0, 4.0, 1.0, 4.0, 4.0, 4.0, 2.0, 1.0, 1.0, 3.0, 2.0, 2.0, 1.0, 2.0, 2.0, 3.0, 3.0, 3.0, 4.0, 2.0, 2.0, 2.0, 1.0, 3.0, 4.0, 1.0, 3.0, 1.0, 1.0, 5.0, 3.0, 2.0, 3.0, 4.0, 3.0, 2.0, 1.0, 1.0, 2.0], [1.0, 4.0, 2.0, 2.0, 1.0, 3.0, 4.0, 4.0, 2.0, 2.0, 1.0, 2.0, 3.0, 1.0, 1.0, 2.0, 1.0, 3.0, 2.0, 5.0, 1.0, 1.0, 2.0, 2.0, 1.0, 4.0, 4.0, 1.0, 3.0, 1.0, 2.0, 5.0, 5.0, 2.0, 5.0, 4.0, 2.0, 2.0, 1.0, 1.0, 2.0], [1.0, 3.0, 5.0, 2.0, 1.0, 4.0, 4.0, 5.0, 2.0, 3.0, 1.0, 2.0, 5.0, 2.0, 1.0, 2.0, 1.0, 3.0, 2.0, 5.0, 4.0, 2.0, 3.0, 3.0, 1.0, 3.0, 5.0, 1.0, 3.0, 1.0, 2.0, 2.0, 3.0, 2.0, 5.0, 4.0, 3.0, 2.0, 1.0, 3.0, 2.0], [1.0, 4.0, 3.0, 1.0, 1.0, 3.0, 4.0, 4.0, 2.0, 2.0, 1.0, 4.0, 2.0, 3.0, 1.0, 2.0, 1.0, 3.0, 2.0, 3.0, 2.0, 2.0, 2.0, 2.0, 1.0, 4.0, 5.0, 1.0, 3.0, 1.0, 2.0, 5.0, 3.0, 2.0, 5.0, 4.0, 2.0, 2.0, 3.0, 4.0, 2.0], [1.0, 5.0, 2.0, 1.0, 1.0, 4.0, 4.0, 4.0, 2.0, 3.0, 1.0, 3.0, 2.0, 1.0, 1.0, 2.0, 2.0, 3.0, 3.0, 3.0, 1.0, 2.0, 1.0, 2.0, 1.0, 3.0, 5.0, 1.0, 1.0, 1.0, 1.0, 3.0, 2.0, 1.0, 4.0, 4.0, 3.0, 2.0, 1.0, 4.0, 2.0], [1.0, 5.0, 5.0, 1.0, 1.0, 4.0, 4.0, 5.0, 2.0, 2.0, 1.0, 2.0, 2.0, 1.0, 1.0, 4.0, 1.0, 5.0, 2.0, 4.0, 4.0, 1.0, 3.0, 2.0, 1.0, 4.0, 3.0, 1.0, 3.0, 1.0, 2.0, 5.0, 2.0, 1.0, 2.0, 4.0, 3.0, 2.0, 1.0, 2.0, 1.0], [1.0, 4.0, 5.0, 1.0, 1.0, 4.0, 4.0, 4.0, 2.0, 4.0, 1.0, 2.0, 2.0, 3.0, 1.0, 4.0, 2.0, 3.0, 2.0, 3.0, 4.0, 2.0, 2.0, 2.0, 1.0, 4.0, 4.0, 1.0, 3.0, 1.0, 2.0, 5.0, 1.0, 2.0, 4.0, 4.0, 2.0, 5.0, 1.0, 2.0, 2.0], [1.0, 5.0, 3.0, 2.0, 1.0, 3.0, 4.0, 5.0, 2.0, 3.0, 1.0, 3.0, 2.0, 3.0, 1.0, 2.0, 1.0, 5.0, 3.0, 3.0, 4.0, 1.0, 3.0, 4.0, 1.0, 4.0, 3.0, 1.0, 3.0, 1.0, 1.0, 4.0, 3.0, 2.0, 5.0, 4.0, 2.0, 2.0, 3.0, 3.0, 2.0], [1.0, 4.0, 2.0, 4.0, 1.0, 4.0, 4.0, 4.0, 2.0, 1.0, 1.0, 2.0, 5.0, 3.0, 1.0, 2.0, 2.0, 3.0, 2.0, 3.0, 2.0, 1.0, 3.0, 2.0, 1.0, 4.0, 3.0, 1.0, 3.0, 1.0, 1.0, 2.0, 5.0, 2.0, 2.0, 4.0, 3.0, 5.0, 3.0, 3.0, 2.0], [1.0, 5.0, 5.0, 4.0, 1.0, 3.0, 4.0, 5.0, 1.0, 2.0, 1.0, 2.0, 2.0, 2.0, 1.0, 4.0, 2.0, 3.0, 3.0, 3.0, 4.0, 2.0, 2.0, 2.0, 1.0, 4.0, 3.0, 1.0, 3.0, 1.0, 1.0, 3.0, 5.0, 2.0, 5.0, 4.0, 3.0, 5.0, 1.0, 4.0, 2.0], [1.0, 5.0, 4.0, 4.0, 1.0, 4.0, 4.0, 4.0, 2.0, 3.0, 1.0, 2.0, 2.0, 3.0, 1.0, 4.0, 2.0, 3.0, 2.0, 3.0, 4.0, 2.0, 2.0, 2.0, 1.0, 4.0, 4.0, 1.0, 3.0, 1.0, 2.0, 2.0, 3.0, 2.0, 2.0, 4.0, 3.0, 5.0, 1.0, 4.0, 2.0], [1.0, 4.0, 3.0, 1.0, 1.0, 4.0, 4.0, 4.0, 2.0, 3.0, 1.0, 3.0, 2.0, 2.0, 1.0, 2.0, 1.0, 5.0, 3.0, 3.0, 3.0, 2.0, 2.0, 1.0, 1.0, 4.0, 4.0, 1.0, 3.0, 1.0, 2.0, 2.0, 5.0, 2.0, 5.0, 4.0, 2.0, 2.0, 1.0, 2.0, 2.0], [1.0, 4.0, 3.0, 4.0, 1.0, 4.0, 4.0, 4.0, 2.0, 3.0, 1.0, 2.0, 2.0, 1.0, 1.0, 2.0, 1.0, 4.0, 2.0, 5.0, 1.0, 2.0, 1.0, 4.0, 3.0, 4.0, 4.0, 1.0, 1.0, 1.0, 1.0, 3.0, 3.0, 2.0, 3.0, 4.0, 3.0, 5.0, 1.0, 4.0, 1.0], [1.0, 4.0, 5.0, 2.0, 1.0, 4.0, 4.0, 4.0, 2.0, 2.0, 1.0, 2.0, 2.0, 2.0, 1.0, 2.0, 2.0, 5.0, 2.0, 3.0, 2.0, 3.0, 1.0, 2.0, 1.0, 4.0, 4.0, 1.0, 3.0, 1.0, 1.0, 2.0, 5.0, 2.0, 5.0, 4.0, 2.0, 2.0, 1.0, 2.0, 2.0], [1.0, 4.0, 2.0, 4.0, 1.0, 4.0, 4.0, 5.0, 2.0, 2.0, 1.0, 2.0, 2.0, 2.0, 1.0, 2.0, 1.0, 3.0, 3.0, 3.0, 4.0, 1.0, 3.0, 3.0, 1.0, 4.0, 4.0, 1.0, 2.0, 1.0, 1.0, 2.0, 2.0, 2.0, 5.0, 4.0, 3.0, 2.0, 1.0, 2.0, 2.0], [1.0, 4.0, 2.0, 1.0, 1.0, 4.0, 4.0, 4.0, 2.0, 3.0, 1.0, 2.0, 2.0, 1.0, 1.0, 2.0, 1.0, 4.0, 2.0, 3.0, 3.0, 1.0, 1.0, 2.0, 1.0, 4.0, 3.0, 1.0, 3.0, 1.0, 2.0, 2.0, 5.0, 2.0, 4.0, 4.0, 2.0, 2.0, 1.0, 4.0, 2.0], [1.0, 5.0, 5.0, 2.0, 1.0, 3.0, 4.0, 4.0, 1.0, 3.0, 1.0, 2.0, 2.0, 1.0, 1.0, 4.0, 2.0, 3.0, 2.0, 3.0, 2.0, 2.0, 2.0, 2.0, 1.0, 4.0, 4.0, 1.0, 1.0, 1.0, 2.0, 3.0, 2.0, 1.0, 2.0, 4.0, 2.0, 2.0, 2.0, 1.0, 2.0], [1.0, 4.0, 3.0, 2.0, 1.0, 3.0, 4.0, 4.0, 2.0, 3.0, 1.0, 2.0, 2.0, 3.0, 1.0, 4.0, 2.0, 4.0, 3.0, 3.0, 3.0, 3.0, 3.0, 2.0, 1.0, 4.0, 3.0, 1.0, 3.0, 1.0, 2.0, 2.0, 2.0, 2.0, 4.0, 4.0, 3.0, 2.0, 3.0, 5.0, 2.0], [1.0, 5.0, 5.0, 1.0, 1.0, 3.0, 4.0, 4.0, 2.0, 1.0, 1.0, 2.0, 5.0, 3.0, 1.0, 2.0, 2.0, 5.0, 3.0, 4.0, 4.0, 2.0, 2.0, 2.0, 1.0, 4.0, 3.0, 1.0, 3.0, 1.0, 2.0, 2.0, 5.0, 2.0, 5.0, 4.0, 3.0, 2.0, 3.0, 2.0, 2.0], [1.0, 3.0, 2.0, 2.0, 1.0, 4.0, 4.0, 4.0, 2.0, 3.0, 1.0, 2.0, 2.0, 3.0, 1.0, 2.0, 2.0, 3.0, 3.0, 3.0, 1.0, 1.0, 2.0, 2.0, 1.0, 4.0, 5.0, 1.0, 3.0, 1.0, 3.0, 2.0, 5.0, 2.0, 5.0, 4.0, 2.0, 3.0, 1.0, 4.0, 2.0], [1.0, 5.0, 5.0, 2.0, 1.0, 4.0, 4.0, 4.0, 1.0, 3.0, 1.0, 2.0, 2.0, 2.0, 1.0, 2.0, 1.0, 3.0, 2.0, 3.0, 4.0, 2.0, 3.0, 2.0, 1.0, 3.0, 5.0, 1.0, 3.0, 1.0, 1.0, 2.0, 5.0, 2.0, 5.0, 4.0, 3.0, 2.0, 3.0, 3.0, 2.0], [1.0, 4.0, 2.0, 4.0, 1.0, 4.0, 4.0, 4.0, 2.0, 4.0, 1.0, 4.0, 2.0, 3.0, 1.0, 4.0, 2.0, 3.0, 2.0, 2.0, 4.0, 1.0, 2.0, 2.0, 1.0, 4.0, 4.0, 1.0, 3.0, 1.0, 2.0, 2.0, 5.0, 1.0, 5.0, 4.0, 2.0, 2.0, 1.0, 4.0, 2.0], [1.0, 4.0, 3.0, 4.0, 1.0, 4.0, 4.0, 4.0, 2.0, 5.0, 1.0, 4.0, 2.0, 3.0, 1.0, 2.0, 1.0, 4.0, 2.0, 4.0, 2.0, 1.0, 2.0, 2.0, 1.0, 4.0, 3.0, 1.0, 3.0, 1.0, 1.0, 2.0, 3.0, 1.0, 4.0, 4.0, 3.0, 5.0, 1.0, 2.0, 2.0], [1.0, 5.0, 5.0, 4.0, 1.0, 4.0, 4.0, 4.0, 3.0, 3.0, 1.0, 2.0, 2.0, 3.0, 1.0, 2.0, 2.0, 3.0, 2.0, 3.0, 1.0, 3.0, 3.0, 3.0, 1.0, 4.0, 5.0, 1.0, 3.0, 1.0, 2.0, 5.0, 2.0, 2.0, 5.0, 4.0, 2.0, 2.0, 1.0, 2.0, 2.0], [1.0, 5.0, 2.0, 4.0, 1.0, 4.0, 4.0, 4.0, 2.0, 4.0, 1.0, 3.0, 3.0, 3.0, 1.0, 2.0, 2.0, 5.0, 3.0, 3.0, 1.0, 1.0, 2.0, 2.0, 1.0, 3.0, 3.0, 1.0, 3.0, 1.0, 2.0, 3.0, 3.0, 2.0, 4.0, 4.0, 2.0, 2.0, 1.0, 3.0, 2.0], [1.0, 3.0, 2.0, 2.0, 1.0, 4.0, 4.0, 5.0, 2.0, 4.0, 1.0, 2.0, 2.0, 2.0, 1.0, 4.0, 2.0, 5.0, 2.0, 3.0, 1.0, 3.0, 1.0, 2.0, 1.0, 4.0, 3.0, 1.0, 3.0, 1.0, 3.0, 2.0, 5.0, 2.0, 4.0, 4.0, 3.0, 1.0, 1.0, 3.0, 2.0], [1.0, 5.0, 3.0, 2.0, 1.0, 4.0, 4.0, 4.0, 2.0, 3.0, 1.0, 3.0, 2.0, 3.0, 1.0, 4.0, 2.0, 5.0, 3.0, 3.0, 4.0, 4.0, 2.0, 4.0, 1.0, 4.0, 5.0, 1.0, 3.0, 1.0, 1.0, 4.0, 2.0, 2.0, 2.0, 4.0, 3.0, 2.0, 3.0, 3.0, 2.0], [1.0, 3.0, 2.0, 4.0, 1.0, 4.0, 4.0, 4.0, 2.0, 3.0, 1.0, 2.0, 2.0, 3.0, 1.0, 2.0, 2.0, 3.0, 3.0, 4.0, 4.0, 2.0, 2.0, 2.0, 1.0, 4.0, 3.0, 1.0, 3.0, 1.0, 2.0, 2.0, 1.0, 2.0, 4.0, 4.0, 2.0, 4.0, 1.0, 3.0, 2.0]]

first layer check: Conv2d(6, 64, kernel_size=(7, 7), stride=(2, 2), padding=(3, 3), bias=False)

for model 4: mode acc: 0.31707316637039185, run mean acc: 0.2764166593551636, top-2 acc:0.590499997138977, mode f1: 0.31707316637039185

model 4 mode preds
[1.0, 4.0, 2.0, 2.0, 1.0, 4.0, 4.0, 4.0, 2.0, 2.0, 1.0, 3.0, 4.0, 1.0, 1.0, 4.0, 2.0, 2.0, 2.0, 3.0, 1.0, 2.0, 1.0, 4.0, 1.0, 4.0, 3.0, 1.0, 2.0, 1.0, 1.0, 3.0, 4.0, 1.0, 4.0, 4.0, 2.0, 3.0, 1.0, 3.0, 2.0]

model 4 all preds
[[1.0, 3.0, 4.0, 2.0, 1.0, 4.0, 4.0, 4.0, 2.0, 2.0, 1.0, 3.0, 4.0, 1.0, 1.0, 4.0, 1.0, 2.0, 2.0, 3.0, 1.0, 2.0, 1.0, 4.0, 1.0, 4.0, 1.0, 1.0, 1.0, 1.0, 1.0, 3.0, 3.0, 1.0, 4.0, 4.0, 2.0, 3.0, 1.0, 2.0, 2.0], [0.0, 4.0, 2.0, 2.0, 1.0, 4.0, 4.0, 4.0, 4.0, 2.0, 1.0, 3.0, 4.0, 1.0, 1.0, 4.0, 1.0, 2.0, 2.0, 3.0, 1.0, 3.0, 3.0, 4.0, 2.0, 4.0, 3.0, 1.0, 2.0, 1.0, 1.0, 3.0, 5.0, 1.0, 4.0, 4.0, 2.0, 2.0, 1.0, 3.0, 2.0], [1.0, 3.0, 2.0, 2.0, 1.0, 4.0, 4.0, 4.0, 3.0, 4.0, 1.0, 3.0, 3.0, 1.0, 1.0, 4.0, 2.0, 2.0, 2.0, 3.0, 1.0, 4.0, 1.0, 4.0, 1.0, 4.0, 3.0, 1.0, 3.0, 1.0, 1.0, 3.0, 4.0, 1.0, 4.0, 4.0, 2.0, 3.0, 1.0, 4.0, 2.0], [0.0, 4.0, 2.0, 2.0, 1.0, 4.0, 4.0, 4.0, 2.0, 2.0, 1.0, 3.0, 4.0, 3.0, 2.0, 4.0, 2.0, 2.0, 2.0, 3.0, 3.0, 1.0, 1.0, 3.0, 2.0, 4.0, 4.0, 1.0, 2.0, 1.0, 1.0, 3.0, 5.0, 3.0, 4.0, 4.0, 2.0, 3.0, 1.0, 3.0, 2.0], [2.0, 3.0, 4.0, 2.0, 1.0, 4.0, 4.0, 4.0, 4.0, 2.0, 1.0, 3.0, 3.0, 1.0, 1.0, 4.0, 1.0, 2.0, 2.0, 3.0, 3.0, 2.0, 1.0, 1.0, 2.0, 4.0, 3.0, 1.0, 2.0, 1.0, 1.0, 3.0, 3.0, 0.0, 3.0, 4.0, 2.0, 2.0, 1.0, 2.0, 2.0], [0.0, 4.0, 4.0, 3.0, 1.0, 4.0, 4.0, 4.0, 3.0, 2.0, 1.0, 3.0, 4.0, 1.0, 1.0, 4.0, 2.0, 2.0, 2.0, 3.0, 3.0, 3.0, 1.0, 4.0, 2.0, 4.0, 3.0, 1.0, 2.0, 1.0, 1.0, 3.0, 4.0, 1.0, 4.0, 4.0, 2.0, 3.0, 1.0, 2.0, 2.0], [1.0, 4.0, 4.0, 3.0, 1.0, 4.0, 4.0, 4.0, 4.0, 2.0, 1.0, 2.0, 2.0, 1.0, 1.0, 4.0, 2.0, 2.0, 2.0, 3.0, 1.0, 2.0, 1.0, 4.0, 2.0, 4.0, 3.0, 1.0, 2.0, 1.0, 1.0, 3.0, 4.0, 1.0, 4.0, 4.0, 2.0, 3.0, 1.0, 4.0, 2.0], [0.0, 4.0, 4.0, 4.0, 1.0, 4.0, 4.0, 4.0, 2.0, 2.0, 1.0, 3.0, 3.0, 1.0, 1.0, 4.0, 3.0, 2.0, 2.0, 3.0, 1.0, 1.0, 2.0, 4.0, 1.0, 4.0, 3.0, 1.0, 2.0, 1.0, 1.0, 4.0, 5.0, 1.0, 4.0, 4.0, 2.0, 2.0, 3.0, 4.0, 2.0], [0.0, 4.0, 2.0, 2.0, 1.0, 4.0, 4.0, 4.0, 2.0, 3.0, 1.0, 3.0, 4.0, 3.0, 1.0, 4.0, 2.0, 3.0, 2.0, 3.0, 3.0, 2.0, 2.0, 4.0, 2.0, 4.0, 4.0, 1.0, 2.0, 1.0, 1.0, 3.0, 4.0, 3.0, 4.0, 4.0, 2.0, 2.0, 1.0, 3.0, 2.0], [1.0, 4.0, 4.0, 2.0, 1.0, 4.0, 4.0, 4.0, 2.0, 2.0, 1.0, 3.0, 2.0, 3.0, 1.0, 4.0, 1.0, 2.0, 2.0, 3.0, 1.0, 2.0, 1.0, 4.0, 1.0, 4.0, 3.0, 1.0, 2.0, 1.0, 1.0, 4.0, 4.0, 1.0, 3.0, 4.0, 2.0, 3.0, 1.0, 2.0, 2.0], [1.0, 4.0, 4.0, 2.0, 1.0, 4.0, 4.0, 4.0, 4.0, 2.0, 1.0, 3.0, 4.0, 3.0, 1.0, 4.0, 2.0, 2.0, 2.0, 2.0, 3.0, 2.0, 1.0, 3.0, 2.0, 4.0, 3.0, 1.0, 2.0, 1.0, 1.0, 3.0, 4.0, 1.0, 3.0, 4.0, 2.0, 3.0, 1.0, 4.0, 2.0], [1.0, 4.0, 3.0, 2.0, 1.0, 4.0, 4.0, 4.0, 4.0, 2.0, 1.0, 2.0, 4.0, 1.0, 2.0, 4.0, 1.0, 4.0, 3.0, 2.0, 3.0, 2.0, 1.0, 4.0, 1.0, 4.0, 4.0, 1.0, 2.0, 1.0, 1.0, 3.0, 2.0, 1.0, 3.0, 4.0, 2.0, 4.0, 1.0, 3.0, 2.0], [2.0, 4.0, 2.0, 3.0, 1.0, 4.0, 4.0, 4.0, 2.0, 2.0, 1.0, 2.0, 4.0, 1.0, 1.0, 4.0, 3.0, 2.0, 2.0, 4.0, 1.0, 3.0, 2.0, 4.0, 2.0, 4.0, 3.0, 1.0, 2.0, 1.0, 1.0, 3.0, 4.0, 1.0, 4.0, 4.0, 2.0, 3.0, 1.0, 4.0, 2.0], [1.0, 3.0, 2.0, 2.0, 1.0, 4.0, 4.0, 4.0, 3.0, 2.0, 1.0, 3.0, 4.0, 1.0, 1.0, 4.0, 2.0, 5.0, 2.0, 3.0, 3.0, 4.0, 3.0, 4.0, 1.0, 4.0, 3.0, 1.0, 2.0, 1.0, 1.0, 4.0, 3.0, 0.0, 1.0, 4.0, 2.0, 3.0, 1.0, 3.0, 2.0], [0.0, 3.0, 4.0, 4.0, 1.0, 4.0, 4.0, 4.0, 4.0, 4.0, 1.0, 3.0, 2.0, 1.0, 1.0, 4.0, 1.0, 2.0, 2.0, 2.0, 1.0, 2.0, 3.0, 4.0, 2.0, 2.0, 3.0, 1.0, 2.0, 1.0, 1.0, 3.0, 4.0, 1.0, 4.0, 4.0, 2.0, 3.0, 1.0, 3.0, 2.0], [2.0, 4.0, 2.0, 4.0, 1.0, 4.0, 4.0, 4.0, 3.0, 2.0, 1.0, 3.0, 2.0, 1.0, 2.0, 4.0, 1.0, 3.0, 2.0, 4.0, 3.0, 2.0, 2.0, 3.0, 1.0, 4.0, 3.0, 1.0, 2.0, 1.0, 1.0, 3.0, 4.0, 1.0, 4.0, 4.0, 2.0, 4.0, 2.0, 4.0, 2.0], [2.0, 3.0, 2.0, 2.0, 1.0, 4.0, 4.0, 4.0, 4.0, 2.0, 1.0, 3.0, 3.0, 1.0, 1.0, 4.0, 1.0, 2.0, 2.0, 3.0, 3.0, 2.0, 1.0, 4.0, 1.0, 4.0, 3.0, 1.0, 2.0, 1.0, 1.0, 3.0, 4.0, 1.0, 3.0, 4.0, 2.0, 4.0, 1.0, 3.0, 2.0], [1.0, 3.0, 4.0, 4.0, 1.0, 4.0, 4.0, 4.0, 4.0, 2.0, 1.0, 4.0, 4.0, 1.0, 1.0, 4.0, 2.0, 2.0, 2.0, 3.0, 3.0, 2.0, 1.0, 3.0, 2.0, 4.0, 3.0, 1.0, 2.0, 1.0, 1.0, 3.0, 4.0, 1.0, 4.0, 4.0, 2.0, 2.0, 1.0, 3.0, 2.0], [1.0, 4.0, 2.0, 2.0, 1.0, 4.0, 4.0, 4.0, 2.0, 2.0, 1.0, 2.0, 3.0, 1.0, 1.0, 4.0, 2.0, 2.0, 2.0, 2.0, 1.0, 4.0, 2.0, 4.0, 1.0, 4.0, 3.0, 1.0, 2.0, 1.0, 1.0, 2.0, 3.0, 1.0, 3.0, 4.0, 2.0, 3.0, 1.0, 3.0, 2.0], [0.0, 3.0, 2.0, 2.0, 1.0, 4.0, 4.0, 4.0, 2.0, 2.0, 1.0, 3.0, 3.0, 1.0, 1.0, 4.0, 2.0, 3.0, 2.0, 2.0, 3.0, 2.0, 1.0, 3.0, 1.0, 4.0, 4.0, 1.0, 2.0, 1.0, 1.0, 3.0, 5.0, 1.0, 4.0, 4.0, 2.0, 3.0, 1.0, 4.0, 2.0], [1.0, 3.0, 3.0, 2.0, 1.0, 4.0, 4.0, 4.0, 4.0, 2.0, 1.0, 3.0, 4.0, 1.0, 1.0, 4.0, 2.0, 2.0, 2.0, 3.0, 1.0, 3.0, 1.0, 4.0, 1.0, 4.0, 3.0, 1.0, 1.0, 1.0, 1.0, 4.0, 4.0, 1.0, 3.0, 4.0, 2.0, 2.0, 1.0, 1.0, 2.0], [1.0, 4.0, 2.0, 2.0, 1.0, 4.0, 4.0, 4.0, 2.0, 3.0, 1.0, 2.0, 2.0, 1.0, 1.0, 4.0, 2.0, 2.0, 2.0, 3.0, 3.0, 4.0, 1.0, 4.0, 1.0, 4.0, 3.0, 1.0, 2.0, 1.0, 1.0, 3.0, 3.0, 0.0, 4.0, 4.0, 2.0, 2.0, 1.0, 4.0, 2.0], [1.0, 4.0, 2.0, 2.0, 1.0, 4.0, 4.0, 4.0, 2.0, 2.0, 1.0, 3.0, 2.0, 1.0, 1.0, 4.0, 2.0, 2.0, 2.0, 3.0, 1.0, 5.0, 1.0, 4.0, 2.0, 4.0, 3.0, 1.0, 2.0, 1.0, 1.0, 4.0, 4.0, 1.0, 3.0, 4.0, 2.0, 4.0, 1.0, 4.0, 2.0], [1.0, 3.0, 2.0, 2.0, 1.0, 4.0, 4.0, 4.0, 3.0, 2.0, 1.0, 3.0, 4.0, 1.0, 1.0, 4.0, 2.0, 4.0, 2.0, 3.0, 3.0, 3.0, 2.0, 4.0, 1.0, 4.0, 3.0, 1.0, 2.0, 1.0, 1.0, 3.0, 2.0, 0.0, 4.0, 4.0, 2.0, 4.0, 1.0, 3.0, 2.0], [1.0, 3.0, 4.0, 2.0, 1.0, 4.0, 4.0, 4.0, 4.0, 3.0, 1.0, 3.0, 4.0, 1.0, 1.0, 4.0, 2.0, 2.0, 2.0, 3.0, 3.0, 3.0, 2.0, 4.0, 1.0, 4.0, 3.0, 1.0, 1.0, 1.0, 1.0, 3.0, 2.0, 1.0, 4.0, 4.0, 2.0, 3.0, 1.0, 3.0, 2.0], [2.0, 3.0, 4.0, 2.0, 1.0, 4.0, 4.0, 4.0, 3.0, 2.0, 1.0, 3.0, 4.0, 3.0, 1.0, 4.0, 2.0, 2.0, 2.0, 3.0, 1.0, 4.0, 3.0, 4.0, 1.0, 4.0, 3.0, 1.0, 2.0, 1.0, 1.0, 3.0, 4.0, 0.0, 3.0, 4.0, 2.0, 3.0, 1.0, 2.0, 2.0], [0.0, 4.0, 3.0, 4.0, 1.0, 4.0, 4.0, 4.0, 2.0, 2.0, 1.0, 3.0, 4.0, 1.0, 1.0, 4.0, 2.0, 2.0, 2.0, 2.0, 1.0, 2.0, 1.0, 3.0, 2.0, 4.0, 3.0, 1.0, 2.0, 1.0, 1.0, 3.0, 3.0, 1.0, 4.0, 4.0, 2.0, 4.0, 1.0, 3.0, 2.0], [2.0, 3.0, 2.0, 2.0, 1.0, 4.0, 4.0, 4.0, 2.0, 2.0, 1.0, 3.0, 4.0, 3.0, 1.0, 4.0, 2.0, 2.0, 2.0, 3.0, 3.0, 4.0, 2.0, 4.0, 2.0, 4.0, 4.0, 1.0, 2.0, 1.0, 1.0, 3.0, 3.0, 1.0, 4.0, 4.0, 2.0, 3.0, 1.0, 3.0, 2.0], [1.0, 4.0, 2.0, 2.0, 1.0, 4.0, 4.0, 4.0, 2.0, 4.0, 1.0, 3.0, 4.0, 1.0, 1.0, 4.0, 2.0, 2.0, 2.0, 3.0, 1.0, 2.0, 2.0, 4.0, 1.0, 4.0, 4.0, 1.0, 3.0, 1.0, 3.0, 3.0, 3.0, 1.0, 4.0, 4.0, 2.0, 2.0, 1.0, 4.0, 2.0], [1.0, 3.0, 4.0, 2.0, 1.0, 4.0, 4.0, 4.0, 2.0, 2.0, 1.0, 3.0, 2.0, 1.0, 1.0, 4.0, 2.0, 2.0, 2.0, 2.0, 3.0, 2.0, 2.0, 3.0, 1.0, 4.0, 2.0, 1.0, 2.0, 1.0, 1.0, 3.0, 4.0, 1.0, 3.0, 4.0, 2.0, 3.0, 1.0, 4.0, 2.0], [1.0, 3.0, 2.0, 4.0, 1.0, 4.0, 4.0, 4.0, 2.0, 2.0, 1.0, 3.0, 4.0, 1.0, 1.0, 4.0, 2.0, 3.0, 2.0, 2.0, 1.0, 2.0, 2.0, 4.0, 1.0, 2.0, 3.0, 1.0, 2.0, 1.0, 1.0, 4.0, 4.0, 1.0, 4.0, 4.0, 2.0, 3.0, 1.0, 4.0, 2.0], [2.0, 4.0, 2.0, 3.0, 1.0, 4.0, 4.0, 4.0, 4.0, 2.0, 1.0, 3.0, 4.0, 3.0, 1.0, 4.0, 1.0, 2.0, 2.0, 2.0, 3.0, 4.0, 1.0, 3.0, 1.0, 4.0, 4.0, 1.0, 2.0, 1.0, 1.0, 3.0, 4.0, 0.0, 4.0, 4.0, 2.0, 3.0, 1.0, 3.0, 2.0], [0.0, 4.0, 2.0, 3.0, 1.0, 4.0, 4.0, 4.0, 2.0, 2.0, 1.0, 3.0, 4.0, 3.0, 1.0, 4.0, 3.0, 5.0, 2.0, 3.0, 3.0, 2.0, 1.0, 4.0, 1.0, 3.0, 3.0, 1.0, 2.0, 1.0, 1.0, 3.0, 3.0, 1.0, 3.0, 4.0, 2.0, 2.0, 2.0, 4.0, 2.0], [0.0, 4.0, 2.0, 2.0, 1.0, 4.0, 4.0, 4.0, 4.0, 2.0, 1.0, 3.0, 4.0, 3.0, 1.0, 4.0, 1.0, 4.0, 2.0, 4.0, 3.0, 4.0, 2.0, 4.0, 1.0, 4.0, 2.0, 1.0, 2.0, 1.0, 1.0, 3.0, 3.0, 1.0, 3.0, 4.0, 2.0, 4.0, 1.0, 3.0, 2.0], [2.0, 4.0, 3.0, 2.0, 1.0, 3.0, 4.0, 4.0, 4.0, 2.0, 1.0, 2.0, 2.0, 3.0, 1.0, 4.0, 1.0, 2.0, 2.0, 3.0, 3.0, 2.0, 3.0, 2.0, 2.0, 4.0, 3.0, 1.0, 2.0, 1.0, 1.0, 3.0, 4.0, 1.0, 4.0, 4.0, 2.0, 3.0, 1.0, 3.0, 2.0], [2.0, 3.0, 2.0, 2.0, 1.0, 4.0, 4.0, 4.0, 2.0, 2.0, 1.0, 3.0, 4.0, 1.0, 1.0, 4.0, 2.0, 2.0, 2.0, 4.0, 1.0, 2.0, 2.0, 3.0, 2.0, 4.0, 0.0, 1.0, 2.0, 1.0, 1.0, 3.0, 5.0, 1.0, 4.0, 4.0, 2.0, 3.0, 1.0, 3.0, 2.0], [0.0, 4.0, 2.0, 2.0, 1.0, 4.0, 4.0, 4.0, 3.0, 2.0, 1.0, 2.0, 4.0, 1.0, 1.0, 4.0, 1.0, 2.0, 2.0, 1.0, 1.0, 4.0, 2.0, 3.0, 1.0, 4.0, 3.0, 1.0, 2.0, 1.0, 1.0, 3.0, 3.0, 0.0, 3.0, 4.0, 2.0, 3.0, 2.0, 4.0, 2.0], [0.0, 3.0, 2.0, 2.0, 1.0, 4.0, 4.0, 4.0, 4.0, 2.0, 1.0, 2.0, 4.0, 3.0, 1.0, 4.0, 1.0, 4.0, 2.0, 3.0, 3.0, 3.0, 1.0, 4.0, 2.0, 4.0, 3.0, 1.0, 2.0, 1.0, 1.0, 3.0, 4.0, 1.0, 4.0, 4.0, 2.0, 2.0, 1.0, 4.0, 2.0], [2.0, 4.0, 3.0, 2.0, 1.0, 4.0, 4.0, 4.0, 4.0, 4.0, 1.0, 2.0, 4.0, 3.0, 1.0, 4.0, 2.0, 5.0, 2.0, 3.0, 1.0, 2.0, 1.0, 4.0, 1.0, 4.0, 3.0, 1.0, 2.0, 1.0, 1.0, 3.0, 4.0, 1.0, 4.0, 4.0, 2.0, 4.0, 2.0, 3.0, 2.0], [0.0, 4.0, 2.0, 2.0, 1.0, 4.0, 4.0, 4.0, 4.0, 2.0, 1.0, 3.0, 4.0, 1.0, 1.0, 4.0, 3.0, 2.0, 2.0, 4.0, 3.0, 2.0, 1.0, 4.0, 2.0, 4.0, 3.0, 1.0, 2.0, 1.0, 1.0, 4.0, 4.0, 1.0, 3.0, 4.0, 2.0, 4.0, 1.0, 3.0, 2.0], [0.0, 4.0, 2.0, 2.0, 1.0, 4.0, 4.0, 4.0, 2.0, 2.0, 1.0, 3.0, 4.0, 1.0, 1.0, 4.0, 1.0, 2.0, 2.0, 3.0, 1.0, 2.0, 2.0, 3.0, 1.0, 4.0, 4.0, 1.0, 2.0, 1.0, 1.0, 3.0, 5.0, 3.0, 4.0, 4.0, 2.0, 4.0, 1.0, 4.0, 2.0], [0.0, 2.0, 4.0, 2.0, 1.0, 4.0, 4.0, 4.0, 2.0, 2.0, 1.0, 2.0, 4.0, 1.0, 1.0, 4.0, 1.0, 2.0, 2.0, 4.0, 1.0, 2.0, 2.0, 3.0, 2.0, 4.0, 3.0, 1.0, 2.0, 1.0, 1.0, 3.0, 4.0, 1.0, 4.0, 4.0, 2.0, 2.0, 1.0, 3.0, 2.0], [2.0, 3.0, 2.0, 2.0, 1.0, 4.0, 4.0, 4.0, 2.0, 2.0, 1.0, 3.0, 3.0, 1.0, 1.0, 4.0, 3.0, 2.0, 2.0, 3.0, 3.0, 1.0, 1.0, 4.0, 1.0, 4.0, 3.0, 1.0, 2.0, 1.0, 1.0, 3.0, 5.0, 1.0, 2.0, 4.0, 2.0, 2.0, 1.0, 3.0, 2.0], [1.0, 4.0, 3.0, 2.0, 1.0, 4.0, 4.0, 4.0, 2.0, 2.0, 1.0, 3.0, 2.0, 1.0, 1.0, 4.0, 2.0, 2.0, 2.0, 3.0, 1.0, 2.0, 1.0, 3.0, 1.0, 4.0, 3.0, 1.0, 2.0, 1.0, 1.0, 3.0, 4.0, 1.0, 3.0, 4.0, 2.0, 4.0, 1.0, 3.0, 2.0], [0.0, 4.0, 2.0, 2.0, 1.0, 4.0, 4.0, 4.0, 3.0, 2.0, 1.0, 3.0, 2.0, 1.0, 2.0, 4.0, 1.0, 2.0, 2.0, 2.0, 1.0, 2.0, 1.0, 4.0, 1.0, 2.0, 3.0, 1.0, 2.0, 1.0, 1.0, 4.0, 5.0, 3.0, 4.0, 4.0, 2.0, 2.0, 1.0, 4.0, 2.0], [0.0, 3.0, 4.0, 4.0, 1.0, 4.0, 4.0, 4.0, 2.0, 2.0, 1.0, 2.0, 2.0, 3.0, 1.0, 4.0, 2.0, 2.0, 2.0, 4.0, 1.0, 3.0, 1.0, 4.0, 2.0, 4.0, 3.0, 1.0, 2.0, 1.0, 1.0, 3.0, 3.0, 0.0, 4.0, 4.0, 2.0, 3.0, 2.0, 3.0, 2.0], [1.0, 4.0, 3.0, 1.0, 1.0, 4.0, 4.0, 4.0, 1.0, 2.0, 1.0, 3.0, 4.0, 1.0, 1.0, 4.0, 1.0, 2.0, 2.0, 4.0, 1.0, 4.0, 3.0, 3.0, 2.0, 4.0, 3.0, 1.0, 1.0, 1.0, 1.0, 3.0, 4.0, 1.0, 3.0, 4.0, 2.0, 3.0, 1.0, 4.0, 2.0], [1.0, 3.0, 4.0, 2.0, 1.0, 4.0, 4.0, 4.0, 3.0, 2.0, 1.0, 3.0, 2.0, 1.0, 1.0, 4.0, 2.0, 4.0, 2.0, 4.0, 1.0, 2.0, 1.0, 4.0, 1.0, 4.0, 4.0, 1.0, 1.0, 1.0, 1.0, 3.0, 3.0, 1.0, 4.0, 4.0, 2.0, 3.0, 2.0, 1.0, 2.0], [1.0, 3.0, 4.0, 2.0, 1.0, 4.0, 4.0, 4.0, 3.0, 3.0, 1.0, 3.0, 3.0, 1.0, 1.0, 4.0, 3.0, 2.0, 2.0, 3.0, 3.0, 1.0, 2.0, 4.0, 1.0, 4.0, 3.0, 1.0, 2.0, 1.0, 1.0, 3.0, 4.0, 1.0, 4.0, 4.0, 2.0, 2.0, 1.0, 2.0, 2.0], [1.0, 4.0, 4.0, 2.0, 1.0, 4.0, 4.0, 4.0, 4.0, 2.0, 1.0, 3.0, 2.0, 1.0, 2.0, 4.0, 2.0, 2.0, 2.0, 4.0, 1.0, 2.0, 2.0, 2.0, 1.0, 4.0, 4.0, 1.0, 2.0, 1.0, 1.0, 3.0, 4.0, 1.0, 4.0, 4.0, 2.0, 4.0, 1.0, 3.0, 2.0]]

