first layer check: Conv2d(6, 64, kernel_size=(7, 7), stride=(2, 2), padding=(3, 3), bias=False)

target ys
[4.0, 2.0, 2.0, 2.0, 0.0, 0.0, 1.0, 2.0, 4.0, 1.0, 2.0, 4.0, 3.0, 3.0, 4.0, 1.0, 5.0, 6.0, 3.0, 2.0, 1.0, 1.0, 2.0, 4.0, 2.0, 1.0, 2.0, 6.0, 1.0, 3.0, 1.0, 2.0, 2.0, 1.0, 2.0, 4.0, 5.0, 1.0, 1.0, 1.0]

for model 0: mode acc: 0.25, run mean acc: 0.27541667222976685, top-2 acc:0.5870833396911621, mode f1: 0.25

model 0 mode preds
[5.0, 4.0, 0.0, 4.0, 3.0, 2.0, 2.0, 2.0, 3.0, 1.0, 3.0, 2.0, 5.0, 4.0, 2.0, 2.0, 4.0, 4.0, 3.0, 2.0, 0.0, 0.0, 3.0, 4.0, 4.0, 0.0, 1.0, 4.0, 1.0, 3.0, 2.0, 2.0, 3.0, 1.0, 3.0, 3.0, 4.0, 0.0, 1.0, 2.0]

model 0 all preds
[[5.0, 4.0, 0.0, 4.0, 2.0, 2.0, 2.0, 3.0, 3.0, 1.0, 3.0, 2.0, 5.0, 5.0, 2.0, 2.0, 4.0, 4.0, 3.0, 2.0, 0.0, 1.0, 1.0, 5.0, 4.0, 0.0, 1.0, 4.0, 1.0, 3.0, 2.0, 2.0, 3.0, 1.0, 2.0, 3.0, 4.0, 0.0, 2.0, 2.0], [5.0, 4.0, 0.0, 4.0, 2.0, 2.0, 2.0, 2.0, 3.0, 1.0, 3.0, 2.0, 5.0, 4.0, 2.0, 1.0, 2.0, 4.0, 3.0, 3.0, 1.0, 0.0, 3.0, 3.0, 1.0, 1.0, 2.0, 3.0, 1.0, 2.0, 3.0, 2.0, 2.0, 1.0, 1.0, 3.0, 4.0, 1.0, 1.0, 2.0], [5.0, 4.0, 0.0, 4.0, 3.0, 2.0, 2.0, 2.0, 3.0, 1.0, 3.0, 2.0, 5.0, 2.0, 2.0, 2.0, 4.0, 4.0, 3.0, 2.0, 0.0, 1.0, 4.0, 4.0, 3.0, 1.0, 1.0, 4.0, 1.0, 3.0, 2.0, 2.0, 3.0, 1.0, 2.0, 2.0, 4.0, 1.0, 1.0, 2.0], [5.0, 4.0, 2.0, 4.0, 3.0, 2.0, 2.0, 2.0, 2.0, 1.0, 3.0, 2.0, 5.0, 3.0, 2.0, 2.0, 5.0, 3.0, 3.0, 3.0, 0.0, 0.0, 3.0, 4.0, 1.0, 0.0, 1.0, 4.0, 1.0, 3.0, 2.0, 2.0, 3.0, 0.0, 3.0, 3.0, 4.0, 1.0, 1.0, 2.0], [5.0, 1.0, 0.0, 0.0, 2.0, 2.0, 2.0, 2.0, 3.0, 1.0, 2.0, 2.0, 5.0, 4.0, 2.0, 2.0, 2.0, 4.0, 3.0, 3.0, 1.0, 0.0, 1.0, 5.0, 2.0, 0.0, 2.0, 5.0, 1.0, 3.0, 2.0, 2.0, 3.0, 1.0, 1.0, 3.0, 4.0, 0.0, 1.0, 3.0], [5.0, 4.0, 0.0, 4.0, 2.0, 3.0, 2.0, 5.0, 3.0, 1.0, 1.0, 3.0, 5.0, 4.0, 2.0, 2.0, 5.0, 4.0, 3.0, 2.0, 0.0, 0.0, 3.0, 4.0, 4.0, 0.0, 2.0, 4.0, 1.0, 2.0, 2.0, 2.0, 3.0, 1.0, 1.0, 3.0, 4.0, 1.0, 1.0, 2.0], [5.0, 2.0, 0.0, 0.0, 2.0, 2.0, 2.0, 2.0, 2.0, 1.0, 3.0, 2.0, 5.0, 4.0, 2.0, 1.0, 4.0, 3.0, 3.0, 2.0, 1.0, 1.0, 3.0, 4.0, 3.0, 0.0, 3.0, 3.0, 1.0, 3.0, 2.0, 2.0, 3.0, 1.0, 2.0, 3.0, 4.0, 0.0, 2.0, 2.0], [5.0, 4.0, 4.0, 4.0, 2.0, 2.0, 2.0, 2.0, 3.0, 1.0, 3.0, 2.0, 5.0, 2.0, 2.0, 2.0, 4.0, 4.0, 1.0, 2.0, 1.0, 0.0, 3.0, 4.0, 4.0, 1.0, 3.0, 5.0, 1.0, 2.0, 2.0, 2.0, 3.0, 0.0, 3.0, 3.0, 4.0, 0.0, 1.0, 2.0], [5.0, 4.0, 0.0, 4.0, 3.0, 2.0, 2.0, 2.0, 3.0, 1.0, 1.0, 3.0, 5.0, 5.0, 2.0, 2.0, 2.0, 4.0, 3.0, 3.0, 1.0, 1.0, 3.0, 3.0, 3.0, 0.0, 2.0, 4.0, 1.0, 2.0, 2.0, 2.0, 3.0, 0.0, 3.0, 3.0, 5.0, 1.0, 1.0, 2.0], [5.0, 3.0, 0.0, 4.0, 3.0, 2.0, 2.0, 5.0, 3.0, 1.0, 1.0, 2.0, 5.0, 3.0, 3.0, 2.0, 3.0, 3.0, 3.0, 3.0, 0.0, 1.0, 3.0, 5.0, 3.0, 0.0, 2.0, 4.0, 1.0, 2.0, 1.0, 2.0, 3.0, 1.0, 3.0, 3.0, 4.0, 1.0, 2.0, 3.0], [5.0, 4.0, 4.0, 4.0, 3.0, 2.0, 2.0, 2.0, 2.0, 1.0, 1.0, 2.0, 5.0, 5.0, 2.0, 2.0, 3.0, 4.0, 2.0, 3.0, 0.0, 0.0, 1.0, 4.0, 2.0, 0.0, 1.0, 3.0, 1.0, 3.0, 2.0, 2.0, 3.0, 1.0, 1.0, 3.0, 4.0, 0.0, 1.0, 2.0], [5.0, 4.0, 0.0, 4.0, 2.0, 3.0, 2.0, 2.0, 3.0, 1.0, 3.0, 2.0, 5.0, 4.0, 2.0, 2.0, 3.0, 4.0, 3.0, 2.0, 1.0, 1.0, 3.0, 4.0, 4.0, 0.0, 2.0, 3.0, 1.0, 3.0, 2.0, 2.0, 2.0, 1.0, 1.0, 3.0, 4.0, 0.0, 1.0, 3.0], [5.0, 4.0, 0.0, 4.0, 2.0, 2.0, 2.0, 2.0, 3.0, 1.0, 3.0, 3.0, 5.0, 5.0, 2.0, 2.0, 3.0, 4.0, 3.0, 3.0, 0.0, 2.0, 3.0, 4.0, 2.0, 0.0, 2.0, 4.0, 1.0, 3.0, 2.0, 2.0, 3.0, 1.0, 3.0, 3.0, 4.0, 0.0, 1.0, 2.0], [5.0, 4.0, 0.0, 0.0, 2.0, 3.0, 2.0, 2.0, 3.0, 1.0, 3.0, 2.0, 5.0, 4.0, 2.0, 2.0, 4.0, 4.0, 2.0, 3.0, 0.0, 0.0, 3.0, 3.0, 4.0, 1.0, 2.0, 5.0, 1.0, 3.0, 2.0, 2.0, 3.0, 1.0, 1.0, 3.0, 4.0, 1.0, 1.0, 2.0], [5.0, 3.0, 0.0, 0.0, 3.0, 2.0, 2.0, 5.0, 3.0, 1.0, 1.0, 2.0, 5.0, 4.0, 2.0, 2.0, 5.0, 4.0, 2.0, 2.0, 0.0, 1.0, 3.0, 2.0, 4.0, 1.0, 1.0, 4.0, 1.0, 3.0, 2.0, 2.0, 3.0, 1.0, 1.0, 3.0, 5.0, 1.0, 1.0, 2.0], [5.0, 4.0, 0.0, 4.0, 3.0, 5.0, 2.0, 3.0, 3.0, 1.0, 1.0, 2.0, 5.0, 4.0, 3.0, 2.0, 4.0, 4.0, 2.0, 3.0, 0.0, 2.0, 4.0, 4.0, 4.0, 0.0, 1.0, 4.0, 1.0, 2.0, 2.0, 2.0, 3.0, 1.0, 3.0, 3.0, 4.0, 0.0, 1.0, 2.0], [5.0, 2.0, 0.0, 4.0, 2.0, 3.0, 2.0, 2.0, 3.0, 1.0, 1.0, 2.0, 5.0, 4.0, 2.0, 2.0, 5.0, 4.0, 2.0, 3.0, 1.0, 1.0, 3.0, 4.0, 4.0, 0.0, 1.0, 4.0, 1.0, 3.0, 2.0, 2.0, 3.0, 0.0, 3.0, 3.0, 4.0, 1.0, 1.0, 2.0], [5.0, 4.0, 0.0, 0.0, 2.0, 5.0, 2.0, 2.0, 2.0, 1.0, 1.0, 2.0, 5.0, 4.0, 2.0, 2.0, 3.0, 4.0, 3.0, 2.0, 0.0, 0.0, 1.0, 3.0, 3.0, 1.0, 1.0, 4.0, 1.0, 3.0, 1.0, 2.0, 3.0, 0.0, 3.0, 3.0, 5.0, 0.0, 1.0, 2.0], [5.0, 3.0, 0.0, 4.0, 2.0, 2.0, 2.0, 3.0, 3.0, 1.0, 1.0, 2.0, 5.0, 3.0, 2.0, 2.0, 2.0, 4.0, 3.0, 2.0, 0.0, 0.0, 3.0, 4.0, 3.0, 0.0, 1.0, 4.0, 1.0, 2.0, 2.0, 2.0, 3.0, 1.0, 3.0, 3.0, 4.0, 0.0, 1.0, 2.0], [5.0, 4.0, 0.0, 0.0, 3.0, 2.0, 2.0, 2.0, 3.0, 1.0, 1.0, 2.0, 5.0, 4.0, 2.0, 2.0, 4.0, 4.0, 2.0, 2.0, 4.0, 0.0, 3.0, 5.0, 4.0, 0.0, 2.0, 5.0, 1.0, 3.0, 2.0, 2.0, 3.0, 1.0, 3.0, 2.0, 4.0, 1.0, 2.0, 3.0], [5.0, 3.0, 0.0, 0.0, 3.0, 2.0, 2.0, 5.0, 2.0, 1.0, 3.0, 3.0, 5.0, 4.0, 2.0, 1.0, 2.0, 4.0, 3.0, 2.0, 0.0, 2.0, 3.0, 4.0, 4.0, 2.0, 3.0, 2.0, 1.0, 2.0, 2.0, 2.0, 3.0, 1.0, 3.0, 3.0, 4.0, 1.0, 1.0, 3.0], [5.0, 4.0, 4.0, 4.0, 3.0, 5.0, 2.0, 2.0, 2.0, 1.0, 3.0, 2.0, 5.0, 4.0, 2.0, 2.0, 3.0, 4.0, 3.0, 2.0, 0.0, 2.0, 3.0, 5.0, 2.0, 0.0, 2.0, 5.0, 1.0, 2.0, 2.0, 2.0, 3.0, 0.0, 3.0, 2.0, 3.0, 0.0, 1.0, 3.0], [5.0, 4.0, 0.0, 4.0, 3.0, 2.0, 2.0, 2.0, 2.0, 1.0, 1.0, 2.0, 5.0, 4.0, 2.0, 3.0, 3.0, 4.0, 3.0, 3.0, 1.0, 2.0, 3.0, 2.0, 4.0, 0.0, 3.0, 5.0, 1.0, 2.0, 2.0, 2.0, 3.0, 1.0, 1.0, 2.0, 4.0, 1.0, 2.0, 2.0], [5.0, 4.0, 4.0, 4.0, 3.0, 2.0, 2.0, 2.0, 2.0, 1.0, 3.0, 2.0, 5.0, 3.0, 2.0, 2.0, 5.0, 4.0, 3.0, 2.0, 0.0, 0.0, 1.0, 4.0, 3.0, 0.0, 1.0, 5.0, 1.0, 3.0, 2.0, 2.0, 3.0, 1.0, 3.0, 3.0, 4.0, 0.0, 3.0, 2.0], [5.0, 4.0, 0.0, 4.0, 3.0, 3.0, 2.0, 2.0, 3.0, 1.0, 3.0, 2.0, 5.0, 4.0, 2.0, 2.0, 4.0, 4.0, 3.0, 3.0, 0.0, 2.0, 1.0, 4.0, 4.0, 0.0, 2.0, 5.0, 1.0, 2.0, 2.0, 2.0, 3.0, 1.0, 1.0, 3.0, 4.0, 0.0, 1.0, 2.0], [5.0, 4.0, 0.0, 0.0, 3.0, 2.0, 2.0, 2.0, 3.0, 1.0, 3.0, 2.0, 5.0, 2.0, 2.0, 2.0, 3.0, 4.0, 2.0, 3.0, 0.0, 0.0, 3.0, 4.0, 4.0, 0.0, 2.0, 4.0, 1.0, 2.0, 3.0, 2.0, 3.0, 1.0, 2.0, 5.0, 4.0, 0.0, 1.0, 2.0], [5.0, 4.0, 0.0, 4.0, 3.0, 5.0, 2.0, 3.0, 3.0, 1.0, 3.0, 2.0, 5.0, 4.0, 2.0, 2.0, 2.0, 3.0, 2.0, 3.0, 0.0, 0.0, 1.0, 4.0, 4.0, 0.0, 1.0, 3.0, 1.0, 3.0, 2.0, 2.0, 3.0, 1.0, 1.0, 2.0, 4.0, 0.0, 1.0, 2.0], [5.0, 4.0, 0.0, 4.0, 2.0, 5.0, 2.0, 2.0, 2.0, 2.0, 3.0, 2.0, 5.0, 5.0, 2.0, 2.0, 5.0, 4.0, 3.0, 3.0, 0.0, 0.0, 3.0, 5.0, 1.0, 0.0, 1.0, 5.0, 1.0, 3.0, 2.0, 2.0, 4.0, 0.0, 3.0, 3.0, 4.0, 1.0, 1.0, 2.0], [5.0, 4.0, 0.0, 0.0, 2.0, 2.0, 2.0, 2.0, 3.0, 1.0, 2.0, 2.0, 5.0, 4.0, 2.0, 2.0, 3.0, 3.0, 2.0, 3.0, 1.0, 0.0, 3.0, 2.0, 3.0, 0.0, 1.0, 4.0, 1.0, 3.0, 2.0, 2.0, 3.0, 1.0, 3.0, 3.0, 4.0, 0.0, 1.0, 2.0], [5.0, 4.0, 2.0, 0.0, 2.0, 3.0, 2.0, 2.0, 3.0, 2.0, 3.0, 3.0, 5.0, 2.0, 2.0, 2.0, 3.0, 4.0, 3.0, 2.0, 1.0, 3.0, 1.0, 4.0, 4.0, 1.0, 3.0, 4.0, 1.0, 2.0, 1.0, 1.0, 3.0, 1.0, 1.0, 3.0, 4.0, 1.0, 1.0, 2.0], [5.0, 4.0, 4.0, 0.0, 3.0, 3.0, 2.0, 2.0, 3.0, 1.0, 1.0, 2.0, 5.0, 4.0, 2.0, 2.0, 5.0, 4.0, 2.0, 2.0, 0.0, 0.0, 1.0, 4.0, 4.0, 0.0, 2.0, 3.0, 1.0, 3.0, 2.0, 2.0, 3.0, 0.0, 1.0, 3.0, 4.0, 1.0, 1.0, 3.0], [5.0, 4.0, 4.0, 0.0, 2.0, 2.0, 2.0, 2.0, 3.0, 2.0, 3.0, 2.0, 5.0, 4.0, 2.0, 2.0, 2.0, 4.0, 3.0, 3.0, 0.0, 3.0, 3.0, 4.0, 4.0, 0.0, 1.0, 4.0, 1.0, 3.0, 2.0, 2.0, 3.0, 1.0, 1.0, 3.0, 4.0, 1.0, 1.0, 3.0], [5.0, 4.0, 0.0, 0.0, 2.0, 3.0, 2.0, 2.0, 2.0, 1.0, 2.0, 2.0, 5.0, 2.0, 2.0, 3.0, 2.0, 3.0, 1.0, 3.0, 0.0, 0.0, 1.0, 4.0, 1.0, 1.0, 3.0, 5.0, 1.0, 2.0, 2.0, 2.0, 3.0, 0.0, 1.0, 3.0, 4.0, 0.0, 1.0, 2.0], [5.0, 4.0, 0.0, 4.0, 3.0, 2.0, 2.0, 3.0, 3.0, 1.0, 3.0, 2.0, 5.0, 3.0, 2.0, 2.0, 5.0, 4.0, 3.0, 3.0, 0.0, 0.0, 3.0, 4.0, 2.0, 0.0, 1.0, 4.0, 1.0, 3.0, 1.0, 2.0, 3.0, 0.0, 1.0, 3.0, 4.0, 0.0, 1.0, 2.0], [5.0, 4.0, 0.0, 4.0, 3.0, 2.0, 2.0, 5.0, 2.0, 2.0, 2.0, 2.0, 5.0, 3.0, 2.0, 2.0, 4.0, 4.0, 2.0, 2.0, 1.0, 2.0, 1.0, 4.0, 2.0, 1.0, 2.0, 5.0, 1.0, 2.0, 2.0, 2.0, 2.0, 1.0, 3.0, 3.0, 4.0, 0.0, 1.0, 2.0], [5.0, 4.0, 0.0, 4.0, 3.0, 2.0, 2.0, 2.0, 3.0, 1.0, 1.0, 2.0, 5.0, 2.0, 3.0, 2.0, 4.0, 3.0, 3.0, 2.0, 0.0, 4.0, 3.0, 4.0, 2.0, 0.0, 3.0, 5.0, 1.0, 2.0, 2.0, 2.0, 3.0, 1.0, 3.0, 5.0, 4.0, 0.0, 1.0, 2.0], [5.0, 4.0, 0.0, 4.0, 2.0, 2.0, 2.0, 4.0, 3.0, 1.0, 1.0, 2.0, 5.0, 4.0, 2.0, 2.0, 5.0, 4.0, 3.0, 3.0, 4.0, 2.0, 1.0, 3.0, 0.0, 0.0, 1.0, 4.0, 1.0, 2.0, 1.0, 2.0, 3.0, 1.0, 3.0, 3.0, 5.0, 1.0, 1.0, 2.0], [5.0, 4.0, 0.0, 0.0, 3.0, 2.0, 2.0, 3.0, 3.0, 1.0, 3.0, 3.0, 5.0, 2.0, 2.0, 2.0, 4.0, 3.0, 3.0, 3.0, 0.0, 2.0, 3.0, 3.0, 2.0, 0.0, 1.0, 4.0, 1.0, 3.0, 2.0, 2.0, 3.0, 1.0, 3.0, 3.0, 4.0, 0.0, 1.0, 3.0], [5.0, 2.0, 0.0, 4.0, 3.0, 2.0, 2.0, 2.0, 3.0, 1.0, 3.0, 2.0, 5.0, 3.0, 2.0, 2.0, 5.0, 4.0, 2.0, 2.0, 0.0, 3.0, 1.0, 4.0, 2.0, 1.0, 1.0, 4.0, 1.0, 2.0, 2.0, 2.0, 3.0, 1.0, 1.0, 3.0, 4.0, 0.0, 1.0, 3.0], [5.0, 4.0, 0.0, 4.0, 3.0, 2.0, 2.0, 2.0, 3.0, 1.0, 3.0, 3.0, 5.0, 4.0, 2.0, 2.0, 2.0, 5.0, 3.0, 2.0, 1.0, 2.0, 3.0, 5.0, 2.0, 0.0, 3.0, 3.0, 1.0, 3.0, 2.0, 2.0, 3.0, 0.0, 3.0, 3.0, 5.0, 1.0, 2.0, 2.0], [5.0, 4.0, 4.0, 0.0, 3.0, 2.0, 2.0, 2.0, 3.0, 1.0, 3.0, 3.0, 5.0, 4.0, 2.0, 2.0, 4.0, 4.0, 3.0, 3.0, 1.0, 0.0, 1.0, 4.0, 0.0, 1.0, 2.0, 5.0, 1.0, 3.0, 2.0, 2.0, 3.0, 0.0, 2.0, 2.0, 3.0, 1.0, 1.0, 2.0], [5.0, 4.0, 0.0, 0.0, 2.0, 2.0, 2.0, 2.0, 3.0, 1.0, 3.0, 2.0, 5.0, 5.0, 2.0, 2.0, 2.0, 4.0, 3.0, 3.0, 1.0, 1.0, 1.0, 5.0, 4.0, 0.0, 1.0, 4.0, 1.0, 2.0, 2.0, 2.0, 3.0, 0.0, 3.0, 2.0, 4.0, 0.0, 1.0, 2.0], [5.0, 4.0, 4.0, 4.0, 3.0, 3.0, 2.0, 3.0, 3.0, 1.0, 3.0, 2.0, 5.0, 4.0, 2.0, 2.0, 5.0, 4.0, 3.0, 2.0, 0.0, 1.0, 3.0, 4.0, 3.0, 0.0, 1.0, 5.0, 1.0, 2.0, 2.0, 2.0, 3.0, 1.0, 3.0, 3.0, 4.0, 1.0, 1.0, 2.0], [5.0, 2.0, 0.0, 4.0, 3.0, 5.0, 2.0, 5.0, 2.0, 1.0, 3.0, 2.0, 5.0, 4.0, 2.0, 2.0, 2.0, 4.0, 3.0, 2.0, 0.0, 0.0, 3.0, 4.0, 0.0, 0.0, 3.0, 4.0, 1.0, 3.0, 2.0, 2.0, 3.0, 1.0, 3.0, 3.0, 3.0, 0.0, 1.0, 2.0], [5.0, 4.0, 0.0, 4.0, 3.0, 5.0, 2.0, 2.0, 3.0, 1.0, 1.0, 2.0, 5.0, 2.0, 2.0, 2.0, 2.0, 4.0, 2.0, 2.0, 0.0, 2.0, 1.0, 5.0, 4.0, 0.0, 1.0, 4.0, 1.0, 2.0, 2.0, 2.0, 3.0, 0.0, 3.0, 3.0, 4.0, 1.0, 1.0, 2.0], [5.0, 4.0, 0.0, 4.0, 2.0, 3.0, 2.0, 2.0, 3.0, 1.0, 3.0, 2.0, 5.0, 4.0, 2.0, 2.0, 5.0, 4.0, 2.0, 2.0, 1.0, 0.0, 3.0, 4.0, 0.0, 0.0, 2.0, 4.0, 1.0, 2.0, 2.0, 2.0, 3.0, 0.0, 3.0, 3.0, 4.0, 1.0, 2.0, 2.0], [5.0, 4.0, 0.0, 4.0, 2.0, 3.0, 2.0, 2.0, 3.0, 1.0, 3.0, 3.0, 5.0, 4.0, 2.0, 2.0, 4.0, 4.0, 3.0, 2.0, 1.0, 0.0, 1.0, 4.0, 4.0, 1.0, 2.0, 5.0, 1.0, 3.0, 2.0, 1.0, 3.0, 1.0, 1.0, 2.0, 4.0, 0.0, 3.0, 2.0], [5.0, 4.0, 4.0, 4.0, 2.0, 4.0, 2.0, 2.0, 3.0, 1.0, 2.0, 3.0, 5.0, 4.0, 2.0, 2.0, 2.0, 4.0, 3.0, 2.0, 0.0, 0.0, 3.0, 4.0, 1.0, 1.0, 3.0, 4.0, 1.0, 3.0, 2.0, 2.0, 3.0, 1.0, 2.0, 2.0, 4.0, 1.0, 1.0, 3.0], [5.0, 4.0, 0.0, 4.0, 2.0, 5.0, 2.0, 3.0, 3.0, 1.0, 3.0, 2.0, 5.0, 2.0, 2.0, 2.0, 5.0, 4.0, 2.0, 3.0, 0.0, 1.0, 1.0, 5.0, 4.0, 1.0, 2.0, 4.0, 1.0, 3.0, 2.0, 2.0, 3.0, 1.0, 1.0, 3.0, 4.0, 0.0, 1.0, 2.0], [5.0, 4.0, 0.0, 4.0, 3.0, 2.0, 2.0, 2.0, 2.0, 1.0, 2.0, 2.0, 5.0, 4.0, 2.0, 2.0, 4.0, 4.0, 3.0, 2.0, 0.0, 0.0, 1.0, 4.0, 2.0, 0.0, 3.0, 4.0, 1.0, 2.0, 1.0, 2.0, 3.0, 1.0, 1.0, 3.0, 5.0, 0.0, 1.0, 2.0]]

first layer check: Conv2d(6, 64, kernel_size=(7, 7), stride=(2, 2), padding=(3, 3), bias=False)

for model 1: mode acc: 0.4000000059604645, run mean acc: 0.4625000059604645, top-2 acc:0.6495833396911621, mode f1: 0.4000000059604645

model 1 mode preds
[5.0, 0.0, 4.0, 0.0, 1.0, 3.0, 2.0, 2.0, 2.0, 1.0, 1.0, 2.0, 5.0, 5.0, 0.0, 1.0, 5.0, 4.0, 3.0, 3.0, 1.0, 0.0, 3.0, 4.0, 1.0, 1.0, 1.0, 4.0, 1.0, 3.0, 1.0, 3.0, 1.0, 1.0, 1.0, 2.0, 5.0, 1.0, 1.0, 1.0]

model 1 all preds
[[5.0, 0.0, 4.0, 0.0, 1.0, 3.0, 2.0, 2.0, 2.0, 1.0, 3.0, 3.0, 5.0, 5.0, 0.0, 1.0, 5.0, 5.0, 1.0, 3.0, 1.0, 1.0, 3.0, 3.0, 0.0, 1.0, 1.0, 3.0, 1.0, 2.0, 1.0, 2.0, 3.0, 1.0, 3.0, 2.0, 5.0, 1.0, 1.0, 2.0], [5.0, 1.0, 0.0, 0.0, 2.0, 4.0, 2.0, 1.0, 2.0, 1.0, 1.0, 2.0, 5.0, 5.0, 4.0, 1.0, 3.0, 3.0, 3.0, 3.0, 1.0, 1.0, 3.0, 4.0, 1.0, 1.0, 1.0, 6.0, 1.0, 3.0, 1.0, 3.0, 1.0, 1.0, 3.0, 2.0, 5.0, 1.0, 1.0, 2.0], [5.0, 4.0, 4.0, 0.0, 1.0, 3.0, 2.0, 2.0, 2.0, 1.0, 1.0, 2.0, 5.0, 5.0, 0.0, 1.0, 2.0, 3.0, 1.0, 2.0, 1.0, 0.0, 3.0, 4.0, 1.0, 1.0, 1.0, 3.0, 1.0, 3.0, 1.0, 2.0, 1.0, 1.0, 1.0, 2.0, 5.0, 1.0, 1.0, 1.0], [5.0, 0.0, 4.0, 4.0, 1.0, 3.0, 2.0, 2.0, 2.0, 1.0, 3.0, 2.0, 5.0, 3.0, 0.0, 1.0, 5.0, 4.0, 3.0, 3.0, 1.0, 0.0, 3.0, 4.0, 0.0, 1.0, 1.0, 5.0, 1.0, 3.0, 1.0, 3.0, 1.0, 1.0, 1.0, 2.0, 5.0, 1.0, 1.0, 1.0], [5.0, 4.0, 4.0, 0.0, 1.0, 3.0, 2.0, 5.0, 3.0, 1.0, 1.0, 2.0, 5.0, 3.0, 0.0, 1.0, 4.0, 4.0, 3.0, 3.0, 1.0, 0.0, 3.0, 2.0, 1.0, 1.0, 1.0, 4.0, 1.0, 3.0, 1.0, 3.0, 1.0, 1.0, 1.0, 2.0, 5.0, 1.0, 1.0, 1.0], [5.0, 0.0, 4.0, 4.0, 1.0, 3.0, 2.0, 2.0, 2.0, 1.0, 1.0, 2.0, 5.0, 5.0, 1.0, 1.0, 4.0, 3.0, 1.0, 3.0, 1.0, 0.0, 3.0, 4.0, 1.0, 1.0, 1.0, 4.0, 1.0, 3.0, 1.0, 3.0, 3.0, 1.0, 1.0, 2.0, 5.0, 1.0, 1.0, 2.0], [5.0, 1.0, 4.0, 4.0, 1.0, 2.0, 2.0, 2.0, 3.0, 1.0, 1.0, 2.0, 5.0, 5.0, 1.0, 1.0, 2.0, 4.0, 3.0, 3.0, 1.0, 1.0, 1.0, 2.0, 1.0, 1.0, 1.0, 6.0, 1.0, 3.0, 1.0, 2.0, 1.0, 1.0, 3.0, 2.0, 5.0, 1.0, 1.0, 1.0], [5.0, 1.0, 4.0, 0.0, 1.0, 4.0, 1.0, 2.0, 2.0, 1.0, 1.0, 2.0, 5.0, 5.0, 1.0, 1.0, 2.0, 4.0, 3.0, 3.0, 1.0, 1.0, 3.0, 4.0, 1.0, 1.0, 3.0, 3.0, 1.0, 3.0, 1.0, 2.0, 3.0, 1.0, 1.0, 2.0, 5.0, 1.0, 1.0, 1.0], [5.0, 4.0, 4.0, 0.0, 1.0, 2.0, 2.0, 2.0, 2.0, 1.0, 1.0, 2.0, 5.0, 5.0, 0.0, 1.0, 5.0, 5.0, 1.0, 3.0, 1.0, 0.0, 3.0, 2.0, 0.0, 0.0, 3.0, 3.0, 1.0, 3.0, 1.0, 2.0, 1.0, 1.0, 3.0, 2.0, 5.0, 1.0, 1.0, 2.0], [5.0, 0.0, 4.0, 0.0, 1.0, 4.0, 2.0, 4.0, 2.0, 1.0, 3.0, 2.0, 5.0, 5.0, 2.0, 1.0, 5.0, 5.0, 3.0, 3.0, 1.0, 1.0, 1.0, 4.0, 0.0, 1.0, 1.0, 4.0, 1.0, 3.0, 1.0, 2.0, 1.0, 1.0, 3.0, 2.0, 5.0, 1.0, 1.0, 1.0], [5.0, 4.0, 0.0, 0.0, 3.0, 3.0, 2.0, 2.0, 2.0, 1.0, 3.0, 2.0, 5.0, 5.0, 0.0, 2.0, 2.0, 3.0, 3.0, 2.0, 1.0, 0.0, 3.0, 4.0, 1.0, 1.0, 1.0, 3.0, 1.0, 2.0, 1.0, 2.0, 3.0, 1.0, 3.0, 3.0, 5.0, 1.0, 1.0, 1.0], [5.0, 0.0, 4.0, 4.0, 2.0, 3.0, 2.0, 2.0, 2.0, 1.0, 3.0, 2.0, 5.0, 3.0, 1.0, 1.0, 2.0, 3.0, 3.0, 3.0, 1.0, 0.0, 3.0, 3.0, 1.0, 1.0, 1.0, 5.0, 1.0, 3.0, 1.0, 1.0, 1.0, 1.0, 1.0, 2.0, 5.0, 1.0, 1.0, 1.0], [5.0, 0.0, 4.0, 4.0, 1.0, 3.0, 2.0, 2.0, 5.0, 1.0, 1.0, 2.0, 5.0, 3.0, 1.0, 1.0, 2.0, 5.0, 3.0, 3.0, 1.0, 0.0, 3.0, 2.0, 0.0, 1.0, 1.0, 4.0, 1.0, 3.0, 1.0, 3.0, 2.0, 0.0, 3.0, 3.0, 5.0, 1.0, 1.0, 1.0], [5.0, 4.0, 0.0, 4.0, 1.0, 4.0, 2.0, 4.0, 3.0, 1.0, 1.0, 2.0, 5.0, 5.0, 0.0, 1.0, 5.0, 5.0, 1.0, 3.0, 1.0, 1.0, 3.0, 4.0, 4.0, 1.0, 1.0, 4.0, 1.0, 1.0, 1.0, 2.0, 1.0, 1.0, 3.0, 2.0, 5.0, 1.0, 1.0, 1.0], [5.0, 0.0, 0.0, 0.0, 1.0, 4.0, 2.0, 2.0, 3.0, 1.0, 1.0, 3.0, 5.0, 5.0, 0.0, 1.0, 5.0, 5.0, 3.0, 3.0, 1.0, 0.0, 1.0, 4.0, 1.0, 1.0, 1.0, 3.0, 1.0, 3.0, 1.0, 3.0, 3.0, 1.0, 3.0, 2.0, 5.0, 1.0, 1.0, 1.0], [5.0, 4.0, 0.0, 4.0, 1.0, 2.0, 2.0, 5.0, 2.0, 1.0, 2.0, 2.0, 5.0, 5.0, 0.0, 1.0, 5.0, 4.0, 3.0, 2.0, 1.0, 1.0, 3.0, 2.0, 1.0, 1.0, 1.0, 3.0, 1.0, 3.0, 1.0, 3.0, 3.0, 1.0, 3.0, 2.0, 5.0, 1.0, 1.0, 1.0], [5.0, 1.0, 4.0, 0.0, 1.0, 3.0, 2.0, 1.0, 5.0, 1.0, 3.0, 2.0, 5.0, 5.0, 0.0, 1.0, 5.0, 5.0, 3.0, 3.0, 1.0, 1.0, 2.0, 0.0, 1.0, 1.0, 1.0, 4.0, 1.0, 2.0, 1.0, 3.0, 1.0, 1.0, 1.0, 2.0, 3.0, 1.0, 1.0, 1.0], [5.0, 0.0, 4.0, 0.0, 2.0, 4.0, 2.0, 2.0, 2.0, 1.0, 2.0, 1.0, 5.0, 5.0, 0.0, 1.0, 4.0, 4.0, 1.0, 3.0, 1.0, 0.0, 1.0, 2.0, 4.0, 1.0, 1.0, 4.0, 1.0, 3.0, 1.0, 2.0, 3.0, 1.0, 1.0, 2.0, 5.0, 1.0, 1.0, 2.0], [5.0, 0.0, 4.0, 4.0, 1.0, 3.0, 2.0, 2.0, 2.0, 1.0, 3.0, 2.0, 5.0, 5.0, 0.0, 1.0, 5.0, 3.0, 3.0, 3.0, 1.0, 0.0, 3.0, 2.0, 0.0, 1.0, 1.0, 5.0, 1.0, 1.0, 1.0, 3.0, 3.0, 1.0, 1.0, 2.0, 5.0, 1.0, 1.0, 1.0], [5.0, 2.0, 4.0, 4.0, 1.0, 4.0, 2.0, 4.0, 2.0, 1.0, 3.0, 2.0, 5.0, 3.0, 0.0, 2.0, 2.0, 4.0, 3.0, 3.0, 1.0, 0.0, 3.0, 2.0, 0.0, 1.0, 1.0, 5.0, 1.0, 3.0, 1.0, 2.0, 3.0, 1.0, 2.0, 2.0, 5.0, 1.0, 1.0, 2.0], [5.0, 4.0, 4.0, 4.0, 1.0, 3.0, 2.0, 2.0, 2.0, 1.0, 1.0, 3.0, 5.0, 3.0, 1.0, 1.0, 2.0, 4.0, 3.0, 3.0, 1.0, 1.0, 1.0, 5.0, 0.0, 1.0, 3.0, 5.0, 1.0, 3.0, 1.0, 3.0, 3.0, 1.0, 1.0, 2.0, 5.0, 1.0, 1.0, 1.0], [5.0, 0.0, 4.0, 4.0, 1.0, 3.0, 2.0, 2.0, 2.0, 1.0, 3.0, 2.0, 5.0, 5.0, 0.0, 1.0, 5.0, 5.0, 3.0, 3.0, 1.0, 1.0, 3.0, 3.0, 1.0, 1.0, 3.0, 4.0, 1.0, 2.0, 1.0, 3.0, 1.0, 1.0, 3.0, 2.0, 5.0, 1.0, 1.0, 3.0], [5.0, 4.0, 4.0, 0.0, 1.0, 4.0, 2.0, 4.0, 3.0, 1.0, 1.0, 3.0, 5.0, 3.0, 1.0, 3.0, 5.0, 5.0, 3.0, 3.0, 1.0, 1.0, 4.0, 4.0, 0.0, 1.0, 1.0, 6.0, 1.0, 3.0, 1.0, 3.0, 1.0, 1.0, 1.0, 3.0, 3.0, 1.0, 1.0, 1.0], [5.0, 4.0, 4.0, 0.0, 1.0, 4.0, 2.0, 2.0, 2.0, 1.0, 1.0, 2.0, 5.0, 3.0, 0.0, 2.0, 3.0, 5.0, 3.0, 3.0, 1.0, 1.0, 3.0, 3.0, 1.0, 1.0, 1.0, 6.0, 1.0, 3.0, 1.0, 3.0, 3.0, 1.0, 3.0, 3.0, 5.0, 1.0, 1.0, 1.0], [5.0, 0.0, 4.0, 4.0, 1.0, 3.0, 2.0, 3.0, 2.0, 1.0, 1.0, 2.0, 5.0, 3.0, 1.0, 1.0, 4.0, 5.0, 3.0, 3.0, 1.0, 0.0, 1.0, 2.0, 0.0, 1.0, 1.0, 3.0, 1.0, 3.0, 1.0, 3.0, 3.0, 0.0, 3.0, 2.0, 5.0, 1.0, 1.0, 1.0], [5.0, 0.0, 4.0, 4.0, 1.0, 3.0, 2.0, 5.0, 2.0, 1.0, 1.0, 2.0, 5.0, 5.0, 1.0, 1.0, 2.0, 3.0, 3.0, 3.0, 1.0, 0.0, 3.0, 2.0, 0.0, 1.0, 1.0, 5.0, 1.0, 3.0, 1.0, 2.0, 1.0, 1.0, 1.0, 2.0, 5.0, 1.0, 1.0, 1.0], [5.0, 1.0, 4.0, 4.0, 1.0, 3.0, 2.0, 2.0, 2.0, 1.0, 1.0, 3.0, 5.0, 2.0, 1.0, 1.0, 3.0, 4.0, 1.0, 1.0, 1.0, 0.0, 1.0, 4.0, 0.0, 1.0, 2.0, 6.0, 1.0, 3.0, 1.0, 3.0, 3.0, 1.0, 1.0, 3.0, 3.0, 1.0, 1.0, 1.0], [5.0, 0.0, 4.0, 0.0, 1.0, 3.0, 2.0, 2.0, 3.0, 1.0, 1.0, 2.0, 5.0, 5.0, 4.0, 1.0, 5.0, 4.0, 3.0, 3.0, 1.0, 1.0, 3.0, 2.0, 0.0, 1.0, 1.0, 4.0, 1.0, 3.0, 1.0, 3.0, 2.0, 1.0, 3.0, 2.0, 5.0, 1.0, 1.0, 1.0], [5.0, 4.0, 4.0, 0.0, 1.0, 2.0, 1.0, 2.0, 3.0, 1.0, 1.0, 2.0, 5.0, 3.0, 1.0, 1.0, 5.0, 3.0, 3.0, 3.0, 1.0, 0.0, 3.0, 4.0, 0.0, 0.0, 1.0, 4.0, 1.0, 2.0, 1.0, 3.0, 1.0, 1.0, 1.0, 2.0, 3.0, 1.0, 1.0, 1.0], [5.0, 0.0, 4.0, 0.0, 1.0, 2.0, 1.0, 2.0, 2.0, 1.0, 3.0, 1.0, 5.0, 3.0, 0.0, 1.0, 2.0, 5.0, 3.0, 3.0, 1.0, 0.0, 3.0, 2.0, 1.0, 0.0, 1.0, 3.0, 1.0, 2.0, 1.0, 2.0, 3.0, 1.0, 3.0, 3.0, 5.0, 1.0, 1.0, 1.0], [5.0, 1.0, 4.0, 0.0, 1.0, 2.0, 2.0, 2.0, 3.0, 1.0, 1.0, 2.0, 5.0, 3.0, 1.0, 2.0, 3.0, 4.0, 3.0, 3.0, 1.0, 0.0, 1.0, 4.0, 0.0, 1.0, 1.0, 3.0, 1.0, 1.0, 1.0, 2.0, 1.0, 0.0, 3.0, 2.0, 5.0, 1.0, 1.0, 1.0], [5.0, 4.0, 4.0, 0.0, 1.0, 4.0, 2.0, 2.0, 2.0, 1.0, 1.0, 2.0, 5.0, 3.0, 0.0, 1.0, 5.0, 4.0, 3.0, 3.0, 1.0, 1.0, 3.0, 4.0, 0.0, 1.0, 3.0, 4.0, 1.0, 3.0, 1.0, 3.0, 3.0, 0.0, 3.0, 2.0, 5.0, 1.0, 1.0, 1.0], [5.0, 4.0, 4.0, 0.0, 1.0, 4.0, 2.0, 2.0, 3.0, 1.0, 3.0, 3.0, 5.0, 4.0, 2.0, 1.0, 3.0, 5.0, 3.0, 3.0, 1.0, 0.0, 3.0, 2.0, 1.0, 1.0, 3.0, 5.0, 1.0, 2.0, 1.0, 2.0, 1.0, 1.0, 1.0, 2.0, 5.0, 1.0, 1.0, 2.0], [5.0, 4.0, 4.0, 0.0, 1.0, 3.0, 2.0, 0.0, 2.0, 1.0, 3.0, 2.0, 5.0, 4.0, 0.0, 1.0, 5.0, 4.0, 3.0, 2.0, 1.0, 0.0, 1.0, 4.0, 1.0, 1.0, 3.0, 5.0, 1.0, 3.0, 1.0, 3.0, 1.0, 1.0, 1.0, 2.0, 5.0, 1.0, 1.0, 2.0], [5.0, 4.0, 4.0, 4.0, 1.0, 2.0, 2.0, 0.0, 2.0, 1.0, 3.0, 2.0, 5.0, 3.0, 0.0, 1.0, 5.0, 4.0, 3.0, 2.0, 1.0, 0.0, 1.0, 3.0, 1.0, 1.0, 3.0, 4.0, 1.0, 3.0, 1.0, 3.0, 3.0, 0.0, 1.0, 2.0, 5.0, 1.0, 1.0, 1.0], [5.0, 2.0, 0.0, 4.0, 1.0, 4.0, 2.0, 2.0, 2.0, 1.0, 1.0, 2.0, 5.0, 3.0, 1.0, 1.0, 5.0, 5.0, 3.0, 3.0, 1.0, 0.0, 3.0, 0.0, 1.0, 1.0, 1.0, 4.0, 1.0, 3.0, 1.0, 2.0, 1.0, 0.0, 1.0, 2.0, 5.0, 1.0, 1.0, 1.0], [5.0, 0.0, 4.0, 4.0, 1.0, 2.0, 2.0, 0.0, 2.0, 1.0, 3.0, 2.0, 5.0, 3.0, 0.0, 1.0, 4.0, 3.0, 3.0, 3.0, 1.0, 0.0, 3.0, 3.0, 0.0, 1.0, 3.0, 6.0, 1.0, 2.0, 1.0, 2.0, 2.0, 0.0, 1.0, 2.0, 3.0, 1.0, 1.0, 1.0], [5.0, 4.0, 4.0, 0.0, 1.0, 3.0, 2.0, 2.0, 3.0, 1.0, 2.0, 3.0, 5.0, 4.0, 0.0, 1.0, 5.0, 4.0, 3.0, 3.0, 1.0, 1.0, 3.0, 2.0, 1.0, 0.0, 1.0, 4.0, 1.0, 3.0, 1.0, 3.0, 3.0, 1.0, 3.0, 3.0, 5.0, 1.0, 1.0, 2.0], [5.0, 4.0, 0.0, 0.0, 1.0, 2.0, 2.0, 2.0, 2.0, 1.0, 3.0, 2.0, 5.0, 5.0, 4.0, 1.0, 2.0, 4.0, 3.0, 3.0, 1.0, 1.0, 3.0, 3.0, 0.0, 1.0, 1.0, 3.0, 1.0, 3.0, 1.0, 3.0, 3.0, 1.0, 3.0, 2.0, 3.0, 1.0, 1.0, 1.0], [5.0, 1.0, 0.0, 0.0, 1.0, 4.0, 2.0, 2.0, 2.0, 1.0, 1.0, 2.0, 5.0, 3.0, 0.0, 2.0, 5.0, 4.0, 3.0, 3.0, 1.0, 0.0, 1.0, 4.0, 1.0, 1.0, 3.0, 4.0, 1.0, 3.0, 1.0, 3.0, 3.0, 1.0, 1.0, 2.0, 5.0, 1.0, 1.0, 2.0], [5.0, 0.0, 0.0, 0.0, 1.0, 4.0, 2.0, 2.0, 2.0, 1.0, 3.0, 2.0, 5.0, 5.0, 0.0, 1.0, 2.0, 5.0, 3.0, 3.0, 1.0, 1.0, 1.0, 4.0, 3.0, 1.0, 1.0, 4.0, 1.0, 3.0, 1.0, 3.0, 1.0, 1.0, 1.0, 2.0, 5.0, 1.0, 1.0, 1.0], [5.0, 1.0, 4.0, 0.0, 3.0, 3.0, 2.0, 3.0, 3.0, 1.0, 2.0, 2.0, 5.0, 3.0, 2.0, 3.0, 2.0, 3.0, 3.0, 3.0, 1.0, 0.0, 3.0, 5.0, 1.0, 1.0, 1.0, 4.0, 1.0, 3.0, 1.0, 3.0, 2.0, 1.0, 3.0, 2.0, 5.0, 1.0, 1.0, 2.0], [5.0, 0.0, 4.0, 4.0, 1.0, 3.0, 2.0, 2.0, 3.0, 1.0, 3.0, 2.0, 5.0, 3.0, 0.0, 1.0, 5.0, 5.0, 3.0, 3.0, 1.0, 0.0, 1.0, 4.0, 0.0, 1.0, 3.0, 4.0, 1.0, 3.0, 1.0, 2.0, 1.0, 1.0, 1.0, 2.0, 5.0, 1.0, 1.0, 1.0], [5.0, 4.0, 4.0, 4.0, 1.0, 4.0, 2.0, 2.0, 2.0, 1.0, 3.0, 2.0, 5.0, 5.0, 0.0, 2.0, 5.0, 5.0, 3.0, 3.0, 1.0, 1.0, 3.0, 3.0, 1.0, 1.0, 3.0, 4.0, 1.0, 2.0, 1.0, 3.0, 1.0, 1.0, 1.0, 2.0, 3.0, 1.0, 1.0, 1.0], [5.0, 1.0, 4.0, 0.0, 2.0, 2.0, 2.0, 2.0, 2.0, 1.0, 2.0, 3.0, 5.0, 2.0, 0.0, 1.0, 2.0, 4.0, 3.0, 3.0, 1.0, 0.0, 1.0, 4.0, 0.0, 1.0, 1.0, 4.0, 1.0, 3.0, 1.0, 3.0, 3.0, 1.0, 3.0, 3.0, 3.0, 1.0, 1.0, 1.0], [5.0, 1.0, 0.0, 0.0, 1.0, 3.0, 2.0, 3.0, 2.0, 1.0, 3.0, 2.0, 5.0, 5.0, 0.0, 1.0, 5.0, 5.0, 3.0, 2.0, 1.0, 0.0, 3.0, 4.0, 1.0, 1.0, 1.0, 5.0, 1.0, 1.0, 1.0, 2.0, 1.0, 1.0, 3.0, 2.0, 3.0, 1.0, 1.0, 1.0], [5.0, 0.0, 4.0, 0.0, 1.0, 3.0, 2.0, 5.0, 2.0, 1.0, 2.0, 1.0, 5.0, 3.0, 4.0, 2.0, 5.0, 4.0, 1.0, 3.0, 1.0, 1.0, 3.0, 1.0, 1.0, 1.0, 1.0, 5.0, 1.0, 2.0, 1.0, 2.0, 1.0, 1.0, 3.0, 2.0, 5.0, 1.0, 1.0, 1.0], [5.0, 0.0, 4.0, 0.0, 1.0, 3.0, 2.0, 2.0, 3.0, 1.0, 3.0, 2.0, 5.0, 5.0, 0.0, 1.0, 2.0, 5.0, 2.0, 3.0, 1.0, 0.0, 3.0, 3.0, 1.0, 1.0, 1.0, 6.0, 1.0, 3.0, 1.0, 2.0, 1.0, 1.0, 3.0, 2.0, 5.0, 1.0, 1.0, 3.0], [5.0, 4.0, 4.0, 4.0, 1.0, 4.0, 2.0, 3.0, 2.0, 1.0, 1.0, 2.0, 5.0, 3.0, 0.0, 1.0, 5.0, 3.0, 3.0, 3.0, 1.0, 0.0, 3.0, 3.0, 1.0, 1.0, 1.0, 4.0, 1.0, 3.0, 1.0, 2.0, 1.0, 1.0, 1.0, 2.0, 3.0, 1.0, 1.0, 2.0], [5.0, 0.0, 4.0, 4.0, 3.0, 3.0, 2.0, 2.0, 2.0, 1.0, 1.0, 1.0, 5.0, 5.0, 1.0, 1.0, 5.0, 3.0, 3.0, 3.0, 1.0, 0.0, 3.0, 5.0, 0.0, 1.0, 1.0, 4.0, 1.0, 3.0, 1.0, 2.0, 1.0, 1.0, 1.0, 2.0, 5.0, 1.0, 1.0, 1.0]]

first layer check: Conv2d(6, 64, kernel_size=(7, 7), stride=(2, 2), padding=(3, 3), bias=False)

for model 2: mode acc: 0.375, run mean acc: 0.3445833623409271, top-2 acc:0.5225000381469727, mode f1: 0.375

model 2 mode preds
[5.0, 4.0, 4.0, 4.0, 1.0, 4.0, 2.0, 2.0, 2.0, 1.0, 2.0, 2.0, 5.0, 4.0, 3.0, 2.0, 5.0, 4.0, 3.0, 3.0, 1.0, 0.0, 1.0, 4.0, 1.0, 1.0, 1.0, 4.0, 1.0, 3.0, 3.0, 2.0, 3.0, 1.0, 2.0, 2.0, 4.0, 1.0, 1.0, 3.0]

model 2 all preds
[[5.0, 3.0, 5.0, 4.0, 2.0, 3.0, 2.0, 5.0, 2.0, 1.0, 2.0, 2.0, 5.0, 4.0, 3.0, 2.0, 5.0, 4.0, 3.0, 3.0, 3.0, 0.0, 1.0, 4.0, 3.0, 1.0, 1.0, 4.0, 1.0, 3.0, 3.0, 2.0, 3.0, 1.0, 2.0, 2.0, 4.0, 1.0, 1.0, 3.0], [5.0, 3.0, 4.0, 3.0, 1.0, 3.0, 3.0, 5.0, 2.0, 1.0, 1.0, 2.0, 5.0, 4.0, 3.0, 2.0, 2.0, 4.0, 3.0, 3.0, 3.0, 3.0, 1.0, 3.0, 1.0, 1.0, 3.0, 4.0, 1.0, 3.0, 1.0, 2.0, 3.0, 1.0, 2.0, 2.0, 4.0, 1.0, 3.0, 3.0], [5.0, 1.0, 4.0, 4.0, 1.0, 2.0, 2.0, 2.0, 2.0, 1.0, 2.0, 2.0, 5.0, 4.0, 3.0, 2.0, 5.0, 4.0, 2.0, 3.0, 1.0, 0.0, 3.0, 4.0, 1.0, 1.0, 3.0, 4.0, 1.0, 3.0, 3.0, 2.0, 3.0, 1.0, 2.0, 2.0, 4.0, 1.0, 1.0, 3.0], [5.0, 3.0, 2.0, 3.0, 1.0, 2.0, 3.0, 5.0, 2.0, 1.0, 2.0, 2.0, 5.0, 4.0, 3.0, 2.0, 5.0, 4.0, 3.0, 3.0, 1.0, 3.0, 1.0, 4.0, 1.0, 1.0, 1.0, 4.0, 1.0, 2.0, 3.0, 2.0, 3.0, 1.0, 2.0, 2.0, 4.0, 1.0, 1.0, 1.0], [5.0, 4.0, 0.0, 4.0, 1.0, 2.0, 2.0, 2.0, 2.0, 1.0, 2.0, 2.0, 5.0, 4.0, 3.0, 3.0, 5.0, 4.0, 3.0, 3.0, 1.0, 0.0, 3.0, 4.0, 3.0, 1.0, 3.0, 4.0, 1.0, 3.0, 2.0, 2.0, 3.0, 1.0, 1.0, 2.0, 4.0, 1.0, 1.0, 3.0], [5.0, 3.0, 4.0, 4.0, 1.0, 3.0, 3.0, 2.0, 2.0, 1.0, 2.0, 2.0, 5.0, 4.0, 3.0, 2.0, 2.0, 4.0, 2.0, 3.0, 1.0, 0.0, 1.0, 4.0, 1.0, 1.0, 1.0, 4.0, 1.0, 3.0, 3.0, 2.0, 3.0, 0.0, 2.0, 2.0, 4.0, 1.0, 1.0, 3.0], [5.0, 4.0, 0.0, 3.0, 2.0, 4.0, 2.0, 2.0, 2.0, 1.0, 2.0, 2.0, 5.0, 4.0, 3.0, 3.0, 5.0, 4.0, 2.0, 3.0, 1.0, 3.0, 1.0, 4.0, 1.0, 1.0, 3.0, 4.0, 1.0, 3.0, 3.0, 2.0, 3.0, 1.0, 1.0, 2.0, 4.0, 1.0, 1.0, 3.0], [5.0, 4.0, 4.0, 3.0, 2.0, 4.0, 3.0, 3.0, 2.0, 1.0, 2.0, 2.0, 5.0, 4.0, 3.0, 3.0, 4.0, 4.0, 2.0, 3.0, 0.0, 3.0, 1.0, 5.0, 3.0, 1.0, 1.0, 4.0, 1.0, 2.0, 3.0, 2.0, 3.0, 0.0, 2.0, 2.0, 4.0, 1.0, 1.0, 3.0], [5.0, 4.0, 4.0, 4.0, 3.0, 4.0, 3.0, 2.0, 2.0, 1.0, 2.0, 2.0, 5.0, 4.0, 3.0, 3.0, 5.0, 4.0, 3.0, 4.0, 0.0, 3.0, 1.0, 4.0, 1.0, 1.0, 1.0, 4.0, 1.0, 3.0, 3.0, 2.0, 3.0, 1.0, 2.0, 2.0, 4.0, 1.0, 1.0, 3.0], [5.0, 3.0, 2.0, 4.0, 3.0, 2.0, 2.0, 2.0, 2.0, 1.0, 1.0, 2.0, 5.0, 4.0, 3.0, 3.0, 5.0, 4.0, 3.0, 3.0, 1.0, 0.0, 1.0, 4.0, 2.0, 1.0, 3.0, 4.0, 1.0, 2.0, 2.0, 2.0, 3.0, 1.0, 1.0, 2.0, 4.0, 1.0, 1.0, 3.0], [5.0, 4.0, 2.0, 4.0, 2.0, 4.0, 2.0, 2.0, 2.0, 1.0, 1.0, 2.0, 5.0, 4.0, 3.0, 3.0, 5.0, 4.0, 3.0, 3.0, 1.0, 0.0, 3.0, 4.0, 3.0, 1.0, 1.0, 4.0, 1.0, 3.0, 3.0, 2.0, 3.0, 1.0, 2.0, 2.0, 4.0, 1.0, 1.0, 3.0], [5.0, 0.0, 4.0, 4.0, 1.0, 4.0, 2.0, 2.0, 2.0, 1.0, 1.0, 2.0, 5.0, 3.0, 3.0, 2.0, 4.0, 4.0, 2.0, 2.0, 3.0, 3.0, 1.0, 5.0, 1.0, 3.0, 3.0, 4.0, 1.0, 3.0, 1.0, 2.0, 3.0, 1.0, 2.0, 2.0, 4.0, 1.0, 1.0, 3.0], [5.0, 4.0, 2.0, 2.0, 1.0, 4.0, 2.0, 5.0, 2.0, 1.0, 2.0, 2.0, 5.0, 4.0, 2.0, 3.0, 5.0, 4.0, 2.0, 4.0, 1.0, 3.0, 1.0, 3.0, 1.0, 1.0, 1.0, 4.0, 1.0, 3.0, 3.0, 2.0, 3.0, 1.0, 1.0, 2.0, 4.0, 1.0, 1.0, 3.0], [5.0, 3.0, 4.0, 0.0, 1.0, 3.0, 2.0, 3.0, 2.0, 1.0, 1.0, 2.0, 5.0, 2.0, 3.0, 3.0, 3.0, 4.0, 2.0, 3.0, 1.0, 0.0, 1.0, 4.0, 1.0, 3.0, 3.0, 4.0, 1.0, 2.0, 3.0, 2.0, 3.0, 1.0, 2.0, 2.0, 4.0, 1.0, 1.0, 3.0], [5.0, 3.0, 4.0, 4.0, 1.0, 2.0, 2.0, 2.0, 2.0, 1.0, 1.0, 2.0, 5.0, 4.0, 3.0, 3.0, 5.0, 4.0, 3.0, 3.0, 1.0, 0.0, 1.0, 4.0, 4.0, 1.0, 1.0, 4.0, 1.0, 3.0, 3.0, 2.0, 3.0, 1.0, 1.0, 2.0, 4.0, 1.0, 1.0, 3.0], [5.0, 4.0, 4.0, 3.0, 2.0, 3.0, 2.0, 2.0, 2.0, 1.0, 2.0, 2.0, 5.0, 4.0, 3.0, 3.0, 4.0, 4.0, 3.0, 2.0, 1.0, 3.0, 1.0, 4.0, 3.0, 1.0, 1.0, 4.0, 1.0, 2.0, 3.0, 2.0, 1.0, 1.0, 1.0, 2.0, 4.0, 1.0, 1.0, 3.0], [5.0, 3.0, 4.0, 3.0, 1.0, 2.0, 2.0, 2.0, 2.0, 1.0, 2.0, 2.0, 5.0, 4.0, 2.0, 2.0, 2.0, 4.0, 3.0, 3.0, 1.0, 3.0, 1.0, 4.0, 1.0, 1.0, 1.0, 4.0, 1.0, 3.0, 3.0, 2.0, 4.0, 1.0, 2.0, 2.0, 4.0, 1.0, 1.0, 3.0], [5.0, 3.0, 0.0, 4.0, 2.0, 3.0, 2.0, 2.0, 2.0, 1.0, 2.0, 2.0, 5.0, 4.0, 3.0, 2.0, 2.0, 4.0, 2.0, 3.0, 1.0, 3.0, 1.0, 4.0, 3.0, 3.0, 1.0, 4.0, 1.0, 2.0, 3.0, 2.0, 3.0, 1.0, 1.0, 2.0, 4.0, 1.0, 1.0, 3.0], [5.0, 3.0, 2.0, 4.0, 1.0, 2.0, 2.0, 3.0, 2.0, 1.0, 1.0, 2.0, 5.0, 4.0, 3.0, 2.0, 5.0, 4.0, 3.0, 3.0, 3.0, 0.0, 3.0, 4.0, 1.0, 1.0, 1.0, 4.0, 1.0, 2.0, 3.0, 2.0, 3.0, 1.0, 1.0, 2.0, 4.0, 1.0, 1.0, 3.0], [5.0, 1.0, 4.0, 3.0, 2.0, 4.0, 3.0, 5.0, 2.0, 1.0, 2.0, 2.0, 5.0, 4.0, 3.0, 2.0, 5.0, 4.0, 3.0, 3.0, 1.0, 0.0, 1.0, 4.0, 1.0, 1.0, 1.0, 4.0, 1.0, 3.0, 3.0, 2.0, 3.0, 1.0, 2.0, 2.0, 4.0, 1.0, 1.0, 2.0], [5.0, 4.0, 2.0, 3.0, 1.0, 2.0, 3.0, 2.0, 2.0, 1.0, 2.0, 2.0, 5.0, 4.0, 2.0, 2.0, 2.0, 4.0, 3.0, 3.0, 1.0, 0.0, 1.0, 3.0, 3.0, 1.0, 1.0, 4.0, 1.0, 2.0, 1.0, 2.0, 4.0, 1.0, 1.0, 2.0, 4.0, 1.0, 1.0, 2.0], [5.0, 3.0, 4.0, 4.0, 1.0, 4.0, 3.0, 5.0, 2.0, 3.0, 2.0, 2.0, 5.0, 4.0, 2.0, 2.0, 4.0, 4.0, 2.0, 3.0, 1.0, 2.0, 1.0, 4.0, 1.0, 0.0, 1.0, 4.0, 1.0, 4.0, 3.0, 2.0, 3.0, 1.0, 1.0, 2.0, 4.0, 1.0, 1.0, 1.0], [5.0, 0.0, 2.0, 3.0, 2.0, 2.0, 2.0, 2.0, 2.0, 1.0, 2.0, 2.0, 5.0, 4.0, 3.0, 3.0, 5.0, 4.0, 3.0, 3.0, 3.0, 3.0, 1.0, 4.0, 1.0, 1.0, 1.0, 4.0, 1.0, 2.0, 2.0, 2.0, 1.0, 1.0, 2.0, 2.0, 4.0, 1.0, 1.0, 3.0], [5.0, 2.0, 4.0, 3.0, 1.0, 4.0, 3.0, 3.0, 2.0, 1.0, 2.0, 2.0, 5.0, 4.0, 3.0, 3.0, 5.0, 4.0, 3.0, 3.0, 1.0, 0.0, 1.0, 5.0, 1.0, 1.0, 1.0, 4.0, 1.0, 2.0, 3.0, 2.0, 3.0, 0.0, 2.0, 2.0, 4.0, 1.0, 1.0, 3.0], [5.0, 4.0, 2.0, 3.0, 3.0, 4.0, 2.0, 2.0, 2.0, 1.0, 1.0, 2.0, 5.0, 4.0, 3.0, 2.0, 2.0, 4.0, 3.0, 3.0, 1.0, 0.0, 1.0, 5.0, 1.0, 1.0, 3.0, 4.0, 1.0, 3.0, 1.0, 2.0, 3.0, 1.0, 2.0, 2.0, 4.0, 1.0, 1.0, 3.0], [5.0, 3.0, 4.0, 3.0, 2.0, 3.0, 3.0, 2.0, 2.0, 1.0, 1.0, 2.0, 5.0, 4.0, 2.0, 2.0, 4.0, 4.0, 3.0, 3.0, 1.0, 0.0, 1.0, 4.0, 4.0, 1.0, 1.0, 4.0, 1.0, 3.0, 3.0, 2.0, 1.0, 1.0, 2.0, 2.0, 4.0, 1.0, 1.0, 2.0], [5.0, 3.0, 2.0, 4.0, 3.0, 4.0, 2.0, 2.0, 2.0, 1.0, 2.0, 3.0, 5.0, 4.0, 3.0, 2.0, 2.0, 3.0, 3.0, 3.0, 1.0, 0.0, 2.0, 4.0, 1.0, 1.0, 3.0, 4.0, 1.0, 3.0, 3.0, 2.0, 1.0, 0.0, 1.0, 2.0, 4.0, 1.0, 1.0, 3.0], [5.0, 4.0, 2.0, 4.0, 2.0, 4.0, 3.0, 5.0, 2.0, 1.0, 2.0, 2.0, 5.0, 4.0, 3.0, 2.0, 2.0, 4.0, 3.0, 2.0, 1.0, 3.0, 1.0, 4.0, 4.0, 1.0, 2.0, 4.0, 1.0, 3.0, 3.0, 2.0, 3.0, 1.0, 2.0, 2.0, 4.0, 1.0, 1.0, 3.0], [5.0, 3.0, 2.0, 3.0, 3.0, 3.0, 2.0, 2.0, 2.0, 1.0, 2.0, 2.0, 5.0, 4.0, 3.0, 3.0, 3.0, 4.0, 3.0, 3.0, 1.0, 3.0, 3.0, 4.0, 1.0, 1.0, 1.0, 4.0, 1.0, 2.0, 2.0, 2.0, 1.0, 0.0, 2.0, 2.0, 4.0, 1.0, 1.0, 2.0], [5.0, 1.0, 4.0, 4.0, 3.0, 3.0, 3.0, 2.0, 2.0, 3.0, 2.0, 2.0, 5.0, 4.0, 3.0, 2.0, 2.0, 4.0, 3.0, 3.0, 1.0, 0.0, 3.0, 4.0, 3.0, 1.0, 3.0, 4.0, 1.0, 3.0, 0.0, 2.0, 1.0, 1.0, 2.0, 2.0, 4.0, 1.0, 1.0, 3.0], [5.0, 1.0, 2.0, 3.0, 1.0, 4.0, 2.0, 3.0, 2.0, 1.0, 2.0, 2.0, 5.0, 4.0, 3.0, 2.0, 5.0, 4.0, 2.0, 3.0, 1.0, 0.0, 1.0, 4.0, 3.0, 1.0, 1.0, 4.0, 1.0, 2.0, 3.0, 2.0, 3.0, 1.0, 1.0, 2.0, 4.0, 1.0, 1.0, 3.0], [5.0, 3.0, 2.0, 4.0, 1.0, 3.0, 3.0, 3.0, 2.0, 1.0, 2.0, 2.0, 5.0, 4.0, 3.0, 2.0, 5.0, 4.0, 2.0, 4.0, 1.0, 0.0, 1.0, 2.0, 1.0, 1.0, 2.0, 4.0, 1.0, 3.0, 2.0, 2.0, 3.0, 1.0, 1.0, 2.0, 4.0, 1.0, 1.0, 2.0], [5.0, 4.0, 4.0, 3.0, 1.0, 4.0, 2.0, 3.0, 2.0, 1.0, 1.0, 2.0, 5.0, 4.0, 3.0, 2.0, 3.0, 4.0, 3.0, 2.0, 1.0, 3.0, 1.0, 4.0, 1.0, 1.0, 3.0, 4.0, 1.0, 3.0, 2.0, 2.0, 1.0, 1.0, 1.0, 2.0, 4.0, 1.0, 1.0, 2.0], [5.0, 4.0, 2.0, 4.0, 1.0, 3.0, 2.0, 3.0, 2.0, 1.0, 1.0, 2.0, 5.0, 4.0, 3.0, 2.0, 2.0, 4.0, 2.0, 3.0, 1.0, 0.0, 1.0, 4.0, 3.0, 1.0, 1.0, 4.0, 1.0, 3.0, 3.0, 2.0, 3.0, 1.0, 1.0, 2.0, 4.0, 1.0, 1.0, 1.0], [5.0, 4.0, 2.0, 3.0, 1.0, 4.0, 2.0, 2.0, 2.0, 1.0, 2.0, 2.0, 5.0, 4.0, 3.0, 3.0, 5.0, 4.0, 3.0, 2.0, 1.0, 3.0, 1.0, 5.0, 4.0, 1.0, 1.0, 4.0, 1.0, 3.0, 3.0, 2.0, 4.0, 0.0, 1.0, 2.0, 4.0, 1.0, 1.0, 3.0], [5.0, 4.0, 0.0, 4.0, 1.0, 4.0, 2.0, 5.0, 2.0, 1.0, 1.0, 2.0, 5.0, 3.0, 2.0, 3.0, 4.0, 4.0, 2.0, 3.0, 1.0, 3.0, 1.0, 4.0, 1.0, 1.0, 1.0, 4.0, 1.0, 3.0, 0.0, 2.0, 3.0, 1.0, 2.0, 2.0, 4.0, 1.0, 1.0, 3.0], [5.0, 3.0, 4.0, 3.0, 1.0, 4.0, 2.0, 3.0, 2.0, 3.0, 2.0, 2.0, 5.0, 4.0, 3.0, 2.0, 2.0, 4.0, 3.0, 3.0, 0.0, 0.0, 1.0, 4.0, 3.0, 1.0, 1.0, 4.0, 1.0, 2.0, 3.0, 2.0, 3.0, 1.0, 2.0, 2.0, 4.0, 1.0, 1.0, 3.0], [5.0, 4.0, 0.0, 3.0, 2.0, 3.0, 2.0, 2.0, 2.0, 1.0, 2.0, 2.0, 5.0, 4.0, 2.0, 3.0, 3.0, 4.0, 3.0, 3.0, 1.0, 3.0, 3.0, 4.0, 1.0, 1.0, 1.0, 3.0, 1.0, 3.0, 2.0, 2.0, 3.0, 1.0, 1.0, 2.0, 4.0, 1.0, 1.0, 3.0], [5.0, 4.0, 4.0, 3.0, 2.0, 2.0, 2.0, 2.0, 2.0, 3.0, 1.0, 2.0, 5.0, 4.0, 3.0, 3.0, 5.0, 4.0, 3.0, 3.0, 1.0, 0.0, 1.0, 4.0, 1.0, 1.0, 1.0, 4.0, 1.0, 2.0, 3.0, 2.0, 3.0, 1.0, 2.0, 2.0, 4.0, 1.0, 1.0, 3.0], [5.0, 4.0, 4.0, 3.0, 1.0, 3.0, 3.0, 2.0, 2.0, 2.0, 1.0, 2.0, 5.0, 4.0, 3.0, 3.0, 4.0, 4.0, 3.0, 2.0, 1.0, 3.0, 1.0, 4.0, 0.0, 1.0, 3.0, 4.0, 1.0, 3.0, 2.0, 2.0, 3.0, 1.0, 2.0, 2.0, 4.0, 1.0, 1.0, 3.0], [5.0, 0.0, 2.0, 4.0, 1.0, 2.0, 3.0, 3.0, 2.0, 1.0, 2.0, 2.0, 5.0, 4.0, 3.0, 3.0, 4.0, 4.0, 2.0, 2.0, 1.0, 3.0, 1.0, 4.0, 4.0, 3.0, 1.0, 4.0, 1.0, 3.0, 3.0, 2.0, 3.0, 0.0, 1.0, 2.0, 4.0, 1.0, 1.0, 3.0], [5.0, 4.0, 0.0, 3.0, 2.0, 4.0, 2.0, 2.0, 2.0, 1.0, 1.0, 2.0, 5.0, 4.0, 2.0, 2.0, 5.0, 4.0, 2.0, 2.0, 3.0, 3.0, 1.0, 4.0, 1.0, 1.0, 3.0, 4.0, 1.0, 3.0, 3.0, 2.0, 3.0, 1.0, 1.0, 2.0, 4.0, 1.0, 1.0, 3.0], [5.0, 3.0, 2.0, 4.0, 2.0, 3.0, 3.0, 3.0, 2.0, 1.0, 2.0, 2.0, 5.0, 4.0, 3.0, 2.0, 3.0, 4.0, 3.0, 3.0, 1.0, 3.0, 1.0, 4.0, 3.0, 1.0, 3.0, 4.0, 1.0, 3.0, 3.0, 2.0, 1.0, 1.0, 2.0, 2.0, 4.0, 1.0, 1.0, 3.0], [5.0, 3.0, 2.0, 3.0, 1.0, 3.0, 3.0, 2.0, 2.0, 1.0, 2.0, 2.0, 5.0, 4.0, 3.0, 2.0, 2.0, 4.0, 1.0, 3.0, 3.0, 2.0, 1.0, 5.0, 1.0, 1.0, 1.0, 4.0, 1.0, 3.0, 1.0, 2.0, 1.0, 1.0, 1.0, 2.0, 4.0, 1.0, 1.0, 3.0], [5.0, 3.0, 4.0, 4.0, 3.0, 4.0, 2.0, 2.0, 2.0, 1.0, 1.0, 2.0, 5.0, 4.0, 3.0, 2.0, 2.0, 4.0, 3.0, 3.0, 1.0, 0.0, 2.0, 5.0, 4.0, 1.0, 3.0, 4.0, 1.0, 3.0, 2.0, 2.0, 3.0, 1.0, 2.0, 2.0, 4.0, 1.0, 1.0, 3.0], [5.0, 4.0, 4.0, 4.0, 1.0, 2.0, 3.0, 2.0, 2.0, 1.0, 2.0, 2.0, 5.0, 4.0, 2.0, 2.0, 2.0, 4.0, 3.0, 3.0, 3.0, 0.0, 1.0, 4.0, 1.0, 3.0, 1.0, 4.0, 1.0, 2.0, 1.0, 2.0, 1.0, 1.0, 1.0, 2.0, 4.0, 1.0, 3.0, 3.0], [5.0, 4.0, 2.0, 4.0, 2.0, 2.0, 3.0, 3.0, 2.0, 1.0, 1.0, 2.0, 5.0, 4.0, 2.0, 2.0, 2.0, 4.0, 3.0, 3.0, 1.0, 0.0, 1.0, 2.0, 3.0, 1.0, 1.0, 4.0, 1.0, 2.0, 3.0, 2.0, 1.0, 1.0, 2.0, 2.0, 4.0, 1.0, 1.0, 3.0], [5.0, 1.0, 4.0, 3.0, 2.0, 3.0, 3.0, 3.0, 2.0, 1.0, 1.0, 2.0, 5.0, 4.0, 3.0, 3.0, 2.0, 4.0, 3.0, 2.0, 1.0, 0.0, 1.0, 5.0, 3.0, 1.0, 1.0, 4.0, 1.0, 3.0, 3.0, 2.0, 3.0, 1.0, 2.0, 2.0, 4.0, 1.0, 1.0, 3.0], [5.0, 4.0, 4.0, 4.0, 2.0, 4.0, 2.0, 3.0, 2.0, 1.0, 2.0, 2.0, 5.0, 4.0, 3.0, 3.0, 5.0, 4.0, 3.0, 2.0, 1.0, 0.0, 1.0, 4.0, 1.0, 1.0, 3.0, 4.0, 1.0, 2.0, 3.0, 2.0, 3.0, 1.0, 2.0, 2.0, 4.0, 1.0, 1.0, 3.0], [5.0, 1.0, 2.0, 4.0, 2.0, 4.0, 2.0, 2.0, 2.0, 1.0, 1.0, 2.0, 5.0, 4.0, 3.0, 2.0, 4.0, 4.0, 2.0, 3.0, 1.0, 0.0, 1.0, 4.0, 1.0, 1.0, 1.0, 4.0, 1.0, 2.0, 3.0, 2.0, 3.0, 1.0, 1.0, 2.0, 4.0, 1.0, 1.0, 3.0]]

first layer check: Conv2d(6, 64, kernel_size=(7, 7), stride=(2, 2), padding=(3, 3), bias=False)

for model 3: mode acc: 0.3499999940395355, run mean acc: 0.34833335876464844, top-2 acc:0.5837500095367432, mode f1: 0.3499999940395355

model 3 mode preds
[5.0, 4.0, 4.0, 0.0, 1.0, 3.0, 2.0, 3.0, 5.0, 1.0, 3.0, 3.0, 5.0, 4.0, 4.0, 1.0, 5.0, 4.0, 3.0, 3.0, 1.0, 0.0, 1.0, 4.0, 1.0, 1.0, 1.0, 4.0, 1.0, 3.0, 2.0, 2.0, 1.0, 1.0, 1.0, 5.0, 4.0, 1.0, 1.0, 3.0]

model 3 all preds
[[5.0, 4.0, 4.0, 0.0, 3.0, 2.0, 2.0, 3.0, 5.0, 1.0, 3.0, 3.0, 5.0, 4.0, 4.0, 1.0, 4.0, 4.0, 3.0, 3.0, 1.0, 0.0, 3.0, 4.0, 1.0, 1.0, 1.0, 4.0, 1.0, 3.0, 1.0, 2.0, 4.0, 0.0, 1.0, 5.0, 6.0, 1.0, 1.0, 1.0], [5.0, 3.0, 4.0, 4.0, 3.0, 3.0, 2.0, 3.0, 3.0, 1.0, 3.0, 2.0, 5.0, 4.0, 4.0, 1.0, 5.0, 4.0, 2.0, 3.0, 1.0, 0.0, 1.0, 4.0, 1.0, 1.0, 1.0, 4.0, 1.0, 3.0, 2.0, 2.0, 1.0, 1.0, 1.0, 5.0, 4.0, 1.0, 1.0, 2.0], [5.0, 4.0, 4.0, 4.0, 2.0, 4.0, 3.0, 2.0, 5.0, 1.0, 3.0, 3.0, 5.0, 4.0, 4.0, 2.0, 4.0, 4.0, 2.0, 3.0, 1.0, 0.0, 3.0, 4.0, 1.0, 1.0, 1.0, 4.0, 1.0, 3.0, 2.0, 2.0, 1.0, 0.0, 1.0, 5.0, 6.0, 1.0, 1.0, 3.0], [5.0, 3.0, 4.0, 0.0, 2.0, 4.0, 2.0, 5.0, 3.0, 1.0, 3.0, 3.0, 5.0, 4.0, 4.0, 1.0, 5.0, 4.0, 3.0, 3.0, 1.0, 0.0, 4.0, 4.0, 1.0, 1.0, 1.0, 4.0, 1.0, 3.0, 2.0, 2.0, 3.0, 1.0, 1.0, 5.0, 6.0, 1.0, 1.0, 1.0], [5.0, 3.0, 4.0, 4.0, 1.0, 4.0, 2.0, 5.0, 3.0, 1.0, 4.0, 3.0, 5.0, 4.0, 4.0, 2.0, 5.0, 4.0, 3.0, 3.0, 1.0, 0.0, 4.0, 4.0, 1.0, 1.0, 1.0, 4.0, 1.0, 3.0, 2.0, 2.0, 3.0, 1.0, 3.0, 3.0, 4.0, 1.0, 1.0, 1.0], [5.0, 4.0, 4.0, 0.0, 3.0, 4.0, 2.0, 3.0, 3.0, 1.0, 3.0, 3.0, 5.0, 4.0, 4.0, 2.0, 5.0, 4.0, 3.0, 3.0, 1.0, 0.0, 3.0, 4.0, 1.0, 1.0, 2.0, 4.0, 1.0, 3.0, 1.0, 2.0, 3.0, 1.0, 1.0, 5.0, 4.0, 1.0, 1.0, 3.0], [5.0, 0.0, 4.0, 0.0, 1.0, 2.0, 2.0, 3.0, 5.0, 0.0, 3.0, 3.0, 5.0, 4.0, 4.0, 2.0, 4.0, 4.0, 3.0, 3.0, 1.0, 0.0, 3.0, 4.0, 1.0, 1.0, 2.0, 4.0, 1.0, 3.0, 1.0, 2.0, 1.0, 0.0, 1.0, 5.0, 6.0, 1.0, 1.0, 2.0], [5.0, 0.0, 4.0, 0.0, 1.0, 3.0, 2.0, 5.0, 5.0, 1.0, 3.0, 2.0, 5.0, 4.0, 2.0, 2.0, 5.0, 4.0, 3.0, 3.0, 1.0, 0.0, 4.0, 4.0, 1.0, 1.0, 1.0, 4.0, 1.0, 3.0, 2.0, 2.0, 4.0, 0.0, 3.0, 5.0, 4.0, 1.0, 2.0, 1.0], [5.0, 4.0, 4.0, 0.0, 1.0, 4.0, 2.0, 2.0, 5.0, 1.0, 3.0, 3.0, 5.0, 4.0, 5.0, 1.0, 5.0, 4.0, 2.0, 4.0, 1.0, 0.0, 1.0, 4.0, 1.0, 1.0, 1.0, 4.0, 1.0, 3.0, 2.0, 2.0, 1.0, 1.0, 1.0, 5.0, 6.0, 1.0, 1.0, 2.0], [5.0, 4.0, 4.0, 4.0, 1.0, 2.0, 2.0, 3.0, 5.0, 1.0, 3.0, 3.0, 5.0, 4.0, 3.0, 1.0, 4.0, 4.0, 3.0, 3.0, 1.0, 0.0, 4.0, 4.0, 1.0, 1.0, 2.0, 4.0, 1.0, 3.0, 2.0, 1.0, 1.0, 1.0, 1.0, 4.0, 4.0, 1.0, 1.0, 3.0], [5.0, 4.0, 4.0, 0.0, 1.0, 3.0, 2.0, 3.0, 5.0, 0.0, 4.0, 3.0, 5.0, 4.0, 5.0, 1.0, 4.0, 4.0, 3.0, 4.0, 1.0, 0.0, 1.0, 4.0, 1.0, 1.0, 3.0, 4.0, 1.0, 3.0, 1.0, 3.0, 2.0, 1.0, 1.0, 3.0, 6.0, 1.0, 1.0, 1.0], [5.0, 3.0, 4.0, 0.0, 1.0, 3.0, 2.0, 5.0, 3.0, 1.0, 4.0, 3.0, 5.0, 4.0, 5.0, 1.0, 5.0, 5.0, 3.0, 3.0, 1.0, 0.0, 1.0, 4.0, 1.0, 1.0, 1.0, 4.0, 1.0, 3.0, 2.0, 2.0, 1.0, 1.0, 3.0, 5.0, 4.0, 1.0, 1.0, 3.0], [5.0, 4.0, 4.0, 0.0, 2.0, 2.0, 2.0, 3.0, 5.0, 1.0, 3.0, 3.0, 5.0, 4.0, 4.0, 1.0, 4.0, 4.0, 3.0, 3.0, 1.0, 0.0, 3.0, 4.0, 3.0, 1.0, 1.0, 4.0, 1.0, 3.0, 2.0, 2.0, 1.0, 1.0, 1.0, 3.0, 4.0, 1.0, 1.0, 3.0], [5.0, 4.0, 4.0, 0.0, 1.0, 2.0, 2.0, 5.0, 5.0, 1.0, 2.0, 2.0, 5.0, 4.0, 4.0, 2.0, 3.0, 4.0, 5.0, 3.0, 1.0, 2.0, 1.0, 4.0, 3.0, 1.0, 2.0, 6.0, 1.0, 3.0, 1.0, 1.0, 3.0, 0.0, 3.0, 4.0, 4.0, 1.0, 1.0, 3.0], [5.0, 3.0, 4.0, 0.0, 3.0, 4.0, 2.0, 3.0, 3.0, 1.0, 3.0, 3.0, 5.0, 4.0, 2.0, 1.0, 3.0, 4.0, 2.0, 4.0, 1.0, 0.0, 1.0, 4.0, 1.0, 1.0, 1.0, 4.0, 1.0, 3.0, 2.0, 2.0, 1.0, 0.0, 1.0, 3.0, 4.0, 1.0, 1.0, 3.0], [5.0, 1.0, 4.0, 0.0, 2.0, 3.0, 2.0, 2.0, 5.0, 1.0, 3.0, 3.0, 5.0, 4.0, 2.0, 1.0, 5.0, 4.0, 3.0, 4.0, 1.0, 0.0, 1.0, 4.0, 4.0, 0.0, 1.0, 4.0, 1.0, 3.0, 2.0, 1.0, 3.0, 1.0, 1.0, 5.0, 4.0, 1.0, 1.0, 3.0], [5.0, 3.0, 4.0, 4.0, 1.0, 2.0, 2.0, 3.0, 5.0, 1.0, 4.0, 3.0, 5.0, 4.0, 2.0, 2.0, 5.0, 4.0, 3.0, 4.0, 1.0, 0.0, 3.0, 4.0, 1.0, 1.0, 3.0, 4.0, 1.0, 3.0, 1.0, 1.0, 2.0, 0.0, 1.0, 5.0, 4.0, 1.0, 1.0, 3.0], [5.0, 3.0, 4.0, 0.0, 1.0, 4.0, 2.0, 3.0, 5.0, 1.0, 3.0, 2.0, 5.0, 4.0, 4.0, 2.0, 5.0, 4.0, 3.0, 3.0, 1.0, 0.0, 1.0, 4.0, 3.0, 1.0, 1.0, 4.0, 1.0, 3.0, 2.0, 2.0, 1.0, 1.0, 1.0, 4.0, 4.0, 1.0, 1.0, 3.0], [5.0, 3.0, 4.0, 0.0, 2.0, 3.0, 2.0, 2.0, 5.0, 1.0, 3.0, 3.0, 5.0, 4.0, 4.0, 2.0, 4.0, 4.0, 3.0, 4.0, 1.0, 0.0, 3.0, 3.0, 1.0, 1.0, 2.0, 4.0, 1.0, 3.0, 1.0, 1.0, 4.0, 1.0, 1.0, 5.0, 4.0, 1.0, 1.0, 3.0], [5.0, 3.0, 4.0, 0.0, 3.0, 2.0, 2.0, 5.0, 5.0, 1.0, 3.0, 2.0, 5.0, 4.0, 4.0, 1.0, 4.0, 4.0, 3.0, 4.0, 1.0, 0.0, 1.0, 4.0, 1.0, 1.0, 1.0, 4.0, 1.0, 4.0, 1.0, 1.0, 1.0, 1.0, 1.0, 5.0, 6.0, 1.0, 1.0, 2.0], [5.0, 4.0, 4.0, 0.0, 1.0, 4.0, 2.0, 3.0, 5.0, 1.0, 3.0, 3.0, 5.0, 4.0, 3.0, 1.0, 4.0, 4.0, 2.0, 3.0, 1.0, 0.0, 3.0, 2.0, 2.0, 1.0, 1.0, 4.0, 1.0, 3.0, 1.0, 1.0, 4.0, 0.0, 1.0, 5.0, 6.0, 1.0, 1.0, 3.0], [5.0, 4.0, 4.0, 0.0, 2.0, 3.0, 3.0, 5.0, 5.0, 1.0, 3.0, 3.0, 5.0, 4.0, 2.0, 1.0, 5.0, 6.0, 3.0, 3.0, 1.0, 0.0, 4.0, 4.0, 1.0, 1.0, 1.0, 4.0, 1.0, 3.0, 2.0, 1.0, 1.0, 1.0, 1.0, 5.0, 4.0, 1.0, 1.0, 2.0], [5.0, 4.0, 4.0, 4.0, 1.0, 2.0, 2.0, 3.0, 5.0, 1.0, 4.0, 3.0, 5.0, 4.0, 2.0, 1.0, 4.0, 4.0, 2.0, 4.0, 1.0, 0.0, 1.0, 4.0, 4.0, 1.0, 1.0, 4.0, 1.0, 4.0, 1.0, 1.0, 1.0, 1.0, 1.0, 5.0, 6.0, 1.0, 1.0, 3.0], [5.0, 4.0, 4.0, 0.0, 1.0, 3.0, 2.0, 3.0, 5.0, 1.0, 3.0, 3.0, 5.0, 4.0, 4.0, 1.0, 3.0, 4.0, 3.0, 4.0, 1.0, 0.0, 1.0, 4.0, 1.0, 1.0, 1.0, 4.0, 1.0, 3.0, 2.0, 2.0, 4.0, 1.0, 3.0, 5.0, 4.0, 1.0, 1.0, 3.0], [5.0, 1.0, 4.0, 4.0, 3.0, 4.0, 2.0, 5.0, 5.0, 1.0, 3.0, 3.0, 5.0, 4.0, 5.0, 1.0, 2.0, 4.0, 3.0, 3.0, 1.0, 0.0, 1.0, 4.0, 1.0, 1.0, 3.0, 4.0, 1.0, 3.0, 2.0, 2.0, 1.0, 0.0, 1.0, 5.0, 6.0, 1.0, 1.0, 2.0], [5.0, 4.0, 4.0, 4.0, 1.0, 3.0, 2.0, 3.0, 5.0, 1.0, 4.0, 3.0, 5.0, 4.0, 4.0, 1.0, 4.0, 5.0, 3.0, 3.0, 1.0, 0.0, 4.0, 4.0, 1.0, 1.0, 1.0, 4.0, 1.0, 3.0, 2.0, 2.0, 1.0, 1.0, 1.0, 3.0, 6.0, 1.0, 2.0, 1.0], [5.0, 0.0, 4.0, 4.0, 2.0, 2.0, 2.0, 3.0, 5.0, 1.0, 3.0, 3.0, 5.0, 4.0, 3.0, 1.0, 5.0, 4.0, 3.0, 3.0, 1.0, 0.0, 4.0, 3.0, 1.0, 1.0, 1.0, 4.0, 1.0, 3.0, 2.0, 1.0, 1.0, 0.0, 1.0, 5.0, 4.0, 1.0, 1.0, 1.0], [5.0, 4.0, 4.0, 0.0, 3.0, 3.0, 2.0, 5.0, 5.0, 1.0, 4.0, 3.0, 5.0, 4.0, 4.0, 1.0, 4.0, 4.0, 2.0, 3.0, 1.0, 0.0, 4.0, 4.0, 1.0, 1.0, 1.0, 4.0, 1.0, 3.0, 2.0, 2.0, 1.0, 1.0, 1.0, 3.0, 6.0, 1.0, 1.0, 3.0], [5.0, 4.0, 4.0, 4.0, 1.0, 2.0, 2.0, 3.0, 5.0, 1.0, 4.0, 2.0, 5.0, 4.0, 4.0, 2.0, 5.0, 5.0, 3.0, 2.0, 1.0, 0.0, 4.0, 4.0, 1.0, 1.0, 3.0, 4.0, 1.0, 3.0, 1.0, 2.0, 3.0, 1.0, 1.0, 3.0, 6.0, 1.0, 1.0, 3.0], [5.0, 1.0, 4.0, 0.0, 3.0, 3.0, 2.0, 5.0, 5.0, 1.0, 3.0, 3.0, 5.0, 3.0, 4.0, 1.0, 5.0, 4.0, 3.0, 3.0, 1.0, 0.0, 4.0, 4.0, 1.0, 1.0, 1.0, 4.0, 1.0, 3.0, 1.0, 2.0, 4.0, 0.0, 1.0, 3.0, 4.0, 1.0, 1.0, 2.0], [5.0, 1.0, 4.0, 0.0, 3.0, 3.0, 2.0, 5.0, 5.0, 1.0, 4.0, 3.0, 5.0, 4.0, 4.0, 1.0, 4.0, 4.0, 2.0, 3.0, 1.0, 0.0, 1.0, 4.0, 3.0, 1.0, 1.0, 4.0, 1.0, 3.0, 2.0, 1.0, 1.0, 1.0, 1.0, 5.0, 4.0, 1.0, 1.0, 3.0], [5.0, 3.0, 4.0, 0.0, 3.0, 3.0, 2.0, 2.0, 3.0, 1.0, 3.0, 3.0, 5.0, 4.0, 4.0, 2.0, 2.0, 4.0, 3.0, 3.0, 1.0, 0.0, 3.0, 2.0, 1.0, 1.0, 2.0, 4.0, 1.0, 3.0, 2.0, 3.0, 1.0, 1.0, 3.0, 5.0, 4.0, 1.0, 1.0, 3.0], [5.0, 3.0, 4.0, 0.0, 2.0, 3.0, 2.0, 5.0, 5.0, 1.0, 4.0, 3.0, 5.0, 4.0, 4.0, 2.0, 5.0, 4.0, 3.0, 3.0, 1.0, 0.0, 4.0, 4.0, 3.0, 1.0, 1.0, 4.0, 1.0, 3.0, 2.0, 3.0, 1.0, 0.0, 1.0, 3.0, 6.0, 1.0, 1.0, 2.0], [5.0, 4.0, 4.0, 0.0, 3.0, 2.0, 2.0, 5.0, 3.0, 1.0, 3.0, 1.0, 5.0, 4.0, 4.0, 2.0, 5.0, 4.0, 3.0, 3.0, 1.0, 0.0, 1.0, 4.0, 1.0, 1.0, 1.0, 4.0, 1.0, 3.0, 2.0, 1.0, 2.0, 1.0, 2.0, 5.0, 6.0, 1.0, 1.0, 3.0], [5.0, 4.0, 4.0, 0.0, 3.0, 4.0, 2.0, 5.0, 5.0, 1.0, 4.0, 3.0, 5.0, 3.0, 4.0, 2.0, 4.0, 4.0, 3.0, 4.0, 1.0, 0.0, 4.0, 3.0, 3.0, 1.0, 1.0, 4.0, 1.0, 3.0, 2.0, 2.0, 1.0, 1.0, 1.0, 5.0, 4.0, 1.0, 1.0, 3.0], [5.0, 4.0, 4.0, 0.0, 3.0, 2.0, 2.0, 2.0, 3.0, 1.0, 3.0, 3.0, 5.0, 4.0, 4.0, 1.0, 3.0, 4.0, 3.0, 3.0, 1.0, 0.0, 1.0, 4.0, 1.0, 1.0, 1.0, 4.0, 1.0, 4.0, 2.0, 1.0, 1.0, 1.0, 1.0, 3.0, 4.0, 1.0, 1.0, 1.0], [5.0, 0.0, 4.0, 0.0, 1.0, 2.0, 2.0, 3.0, 5.0, 1.0, 4.0, 3.0, 5.0, 4.0, 4.0, 2.0, 4.0, 3.0, 3.0, 4.0, 1.0, 0.0, 1.0, 4.0, 1.0, 1.0, 1.0, 4.0, 1.0, 3.0, 2.0, 2.0, 3.0, 1.0, 1.0, 4.0, 6.0, 1.0, 1.0, 3.0], [5.0, 1.0, 4.0, 0.0, 1.0, 3.0, 2.0, 3.0, 3.0, 1.0, 4.0, 3.0, 5.0, 4.0, 3.0, 2.0, 5.0, 4.0, 2.0, 3.0, 1.0, 0.0, 1.0, 4.0, 1.0, 1.0, 1.0, 4.0, 1.0, 3.0, 2.0, 2.0, 1.0, 1.0, 1.0, 5.0, 4.0, 1.0, 1.0, 3.0], [5.0, 4.0, 4.0, 3.0, 3.0, 2.0, 2.0, 3.0, 3.0, 1.0, 4.0, 1.0, 5.0, 4.0, 4.0, 2.0, 5.0, 4.0, 3.0, 3.0, 1.0, 0.0, 1.0, 4.0, 1.0, 1.0, 1.0, 4.0, 1.0, 4.0, 2.0, 1.0, 3.0, 1.0, 1.0, 3.0, 6.0, 1.0, 1.0, 3.0], [5.0, 4.0, 4.0, 4.0, 2.0, 3.0, 0.0, 3.0, 3.0, 1.0, 3.0, 3.0, 5.0, 4.0, 4.0, 1.0, 4.0, 3.0, 3.0, 3.0, 1.0, 0.0, 4.0, 4.0, 1.0, 1.0, 1.0, 4.0, 1.0, 3.0, 2.0, 2.0, 1.0, 1.0, 1.0, 5.0, 4.0, 1.0, 1.0, 3.0], [5.0, 4.0, 4.0, 0.0, 1.0, 3.0, 2.0, 5.0, 5.0, 1.0, 3.0, 3.0, 5.0, 4.0, 4.0, 1.0, 5.0, 4.0, 3.0, 4.0, 1.0, 0.0, 3.0, 4.0, 1.0, 1.0, 1.0, 4.0, 1.0, 3.0, 1.0, 2.0, 1.0, 0.0, 1.0, 4.0, 4.0, 1.0, 1.0, 3.0], [5.0, 4.0, 4.0, 0.0, 2.0, 3.0, 2.0, 2.0, 5.0, 1.0, 3.0, 3.0, 5.0, 4.0, 4.0, 2.0, 4.0, 4.0, 3.0, 3.0, 1.0, 0.0, 1.0, 5.0, 4.0, 1.0, 1.0, 6.0, 1.0, 3.0, 1.0, 1.0, 1.0, 1.0, 1.0, 5.0, 6.0, 1.0, 1.0, 3.0], [5.0, 0.0, 4.0, 4.0, 3.0, 2.0, 2.0, 3.0, 5.0, 1.0, 2.0, 3.0, 5.0, 4.0, 4.0, 1.0, 5.0, 4.0, 3.0, 4.0, 1.0, 0.0, 3.0, 4.0, 1.0, 1.0, 1.0, 4.0, 1.0, 3.0, 1.0, 1.0, 1.0, 1.0, 1.0, 5.0, 4.0, 1.0, 1.0, 3.0], [5.0, 1.0, 4.0, 0.0, 3.0, 3.0, 2.0, 3.0, 3.0, 1.0, 4.0, 3.0, 5.0, 4.0, 5.0, 2.0, 4.0, 4.0, 2.0, 3.0, 1.0, 0.0, 1.0, 4.0, 2.0, 2.0, 1.0, 4.0, 1.0, 3.0, 1.0, 2.0, 1.0, 1.0, 1.0, 3.0, 4.0, 1.0, 1.0, 3.0], [5.0, 3.0, 4.0, 0.0, 1.0, 4.0, 2.0, 3.0, 5.0, 1.0, 4.0, 3.0, 5.0, 4.0, 4.0, 1.0, 5.0, 4.0, 2.0, 3.0, 1.0, 0.0, 1.0, 4.0, 1.0, 1.0, 1.0, 4.0, 1.0, 3.0, 2.0, 2.0, 1.0, 0.0, 1.0, 3.0, 4.0, 1.0, 1.0, 2.0], [5.0, 4.0, 4.0, 4.0, 3.0, 4.0, 2.0, 2.0, 3.0, 1.0, 4.0, 3.0, 5.0, 4.0, 3.0, 2.0, 4.0, 4.0, 3.0, 3.0, 1.0, 0.0, 1.0, 4.0, 1.0, 1.0, 1.0, 4.0, 1.0, 3.0, 2.0, 1.0, 1.0, 0.0, 1.0, 5.0, 4.0, 1.0, 1.0, 3.0], [5.0, 3.0, 4.0, 0.0, 2.0, 2.0, 2.0, 5.0, 5.0, 1.0, 4.0, 3.0, 5.0, 4.0, 4.0, 2.0, 4.0, 4.0, 3.0, 4.0, 1.0, 0.0, 1.0, 4.0, 1.0, 1.0, 1.0, 4.0, 1.0, 3.0, 2.0, 2.0, 1.0, 1.0, 1.0, 4.0, 4.0, 1.0, 1.0, 3.0], [5.0, 3.0, 4.0, 0.0, 3.0, 4.0, 2.0, 2.0, 5.0, 1.0, 3.0, 3.0, 5.0, 4.0, 3.0, 2.0, 5.0, 4.0, 3.0, 3.0, 1.0, 0.0, 1.0, 4.0, 1.0, 1.0, 1.0, 4.0, 1.0, 3.0, 2.0, 1.0, 1.0, 1.0, 1.0, 3.0, 4.0, 1.0, 1.0, 3.0], [5.0, 4.0, 0.0, 4.0, 1.0, 2.0, 2.0, 3.0, 3.0, 1.0, 4.0, 3.0, 5.0, 4.0, 3.0, 2.0, 2.0, 4.0, 2.0, 3.0, 1.0, 0.0, 1.0, 4.0, 4.0, 1.0, 1.0, 4.0, 1.0, 3.0, 2.0, 2.0, 1.0, 1.0, 1.0, 3.0, 6.0, 1.0, 1.0, 2.0], [5.0, 4.0, 4.0, 4.0, 3.0, 3.0, 2.0, 5.0, 5.0, 1.0, 4.0, 3.0, 5.0, 4.0, 4.0, 1.0, 3.0, 4.0, 3.0, 4.0, 1.0, 0.0, 3.0, 3.0, 2.0, 1.0, 1.0, 4.0, 1.0, 5.0, 2.0, 1.0, 3.0, 1.0, 1.0, 4.0, 4.0, 1.0, 1.0, 3.0]]

first layer check: Conv2d(6, 64, kernel_size=(7, 7), stride=(2, 2), padding=(3, 3), bias=False)

for model 4: mode acc: 0.32499998807907104, run mean acc: 0.35499998927116394, top-2 acc:0.5833332538604736, mode f1: 0.32499998807907104

model 4 mode preds
[5.0, 1.0, 3.0, 3.0, 1.0, 3.0, 2.0, 3.0, 1.0, 1.0, 1.0, 1.0, 5.0, 3.0, 3.0, 1.0, 3.0, 3.0, 3.0, 3.0, 1.0, 1.0, 1.0, 3.0, 3.0, 1.0, 1.0, 3.0, 1.0, 3.0, 3.0, 2.0, 1.0, 1.0, 1.0, 2.0, 3.0, 1.0, 1.0, 2.0]

model 4 all preds
[[5.0, 3.0, 3.0, 3.0, 1.0, 3.0, 2.0, 3.0, 1.0, 1.0, 1.0, 2.0, 5.0, 3.0, 3.0, 1.0, 2.0, 3.0, 1.0, 3.0, 1.0, 3.0, 1.0, 3.0, 2.0, 1.0, 1.0, 3.0, 1.0, 3.0, 1.0, 3.0, 1.0, 1.0, 1.0, 3.0, 3.0, 1.0, 1.0, 1.0], [5.0, 3.0, 3.0, 3.0, 1.0, 3.0, 2.0, 3.0, 1.0, 1.0, 1.0, 3.0, 5.0, 3.0, 3.0, 1.0, 3.0, 2.0, 3.0, 3.0, 1.0, 1.0, 1.0, 3.0, 3.0, 1.0, 1.0, 3.0, 1.0, 3.0, 2.0, 1.0, 2.0, 1.0, 1.0, 3.0, 3.0, 1.0, 1.0, 2.0], [5.0, 1.0, 3.0, 3.0, 1.0, 2.0, 3.0, 2.0, 1.0, 1.0, 1.0, 3.0, 5.0, 3.0, 3.0, 1.0, 3.0, 3.0, 3.0, 3.0, 1.0, 3.0, 1.0, 3.0, 3.0, 1.0, 1.0, 3.0, 1.0, 3.0, 3.0, 2.0, 1.0, 1.0, 1.0, 2.0, 3.0, 1.0, 1.0, 1.0], [5.0, 2.0, 3.0, 3.0, 1.0, 3.0, 2.0, 3.0, 1.0, 1.0, 1.0, 2.0, 5.0, 2.0, 3.0, 2.0, 3.0, 3.0, 3.0, 3.0, 1.0, 1.0, 1.0, 3.0, 1.0, 1.0, 1.0, 3.0, 1.0, 3.0, 1.0, 1.0, 2.0, 1.0, 1.0, 2.0, 3.0, 1.0, 1.0, 2.0], [5.0, 1.0, 3.0, 3.0, 1.0, 3.0, 3.0, 3.0, 1.0, 1.0, 2.0, 1.0, 5.0, 3.0, 3.0, 2.0, 3.0, 3.0, 1.0, 3.0, 1.0, 3.0, 1.0, 3.0, 3.0, 1.0, 1.0, 3.0, 1.0, 3.0, 3.0, 2.0, 1.0, 1.0, 1.0, 2.0, 3.0, 1.0, 1.0, 3.0], [5.0, 1.0, 3.0, 3.0, 1.0, 3.0, 3.0, 3.0, 1.0, 1.0, 1.0, 3.0, 5.0, 3.0, 1.0, 1.0, 1.0, 3.0, 1.0, 1.0, 1.0, 3.0, 1.0, 3.0, 3.0, 1.0, 1.0, 3.0, 1.0, 3.0, 3.0, 3.0, 1.0, 1.0, 2.0, 2.0, 3.0, 1.0, 1.0, 1.0], [5.0, 1.0, 3.0, 1.0, 1.0, 3.0, 3.0, 3.0, 1.0, 1.0, 2.0, 1.0, 5.0, 3.0, 3.0, 2.0, 3.0, 3.0, 2.0, 3.0, 1.0, 1.0, 1.0, 3.0, 3.0, 1.0, 1.0, 3.0, 1.0, 3.0, 2.0, 2.0, 2.0, 1.0, 1.0, 2.0, 3.0, 1.0, 1.0, 2.0], [5.0, 3.0, 3.0, 3.0, 1.0, 3.0, 2.0, 3.0, 1.0, 1.0, 1.0, 2.0, 5.0, 3.0, 3.0, 1.0, 3.0, 3.0, 1.0, 3.0, 1.0, 3.0, 1.0, 3.0, 1.0, 1.0, 1.0, 3.0, 1.0, 3.0, 3.0, 1.0, 1.0, 1.0, 1.0, 2.0, 3.0, 1.0, 1.0, 1.0], [5.0, 1.0, 3.0, 3.0, 1.0, 3.0, 3.0, 3.0, 1.0, 1.0, 1.0, 3.0, 5.0, 2.0, 2.0, 2.0, 2.0, 3.0, 1.0, 3.0, 1.0, 1.0, 1.0, 3.0, 1.0, 1.0, 1.0, 3.0, 1.0, 3.0, 3.0, 1.0, 1.0, 1.0, 1.0, 2.0, 2.0, 1.0, 1.0, 2.0], [5.0, 3.0, 3.0, 3.0, 1.0, 3.0, 2.0, 3.0, 1.0, 1.0, 1.0, 1.0, 5.0, 3.0, 3.0, 2.0, 3.0, 1.0, 1.0, 1.0, 1.0, 2.0, 1.0, 1.0, 3.0, 1.0, 1.0, 3.0, 1.0, 3.0, 3.0, 2.0, 1.0, 1.0, 2.0, 2.0, 3.0, 1.0, 1.0, 3.0], [5.0, 1.0, 3.0, 1.0, 1.0, 3.0, 3.0, 3.0, 1.0, 1.0, 1.0, 2.0, 5.0, 2.0, 3.0, 2.0, 2.0, 3.0, 3.0, 1.0, 1.0, 2.0, 1.0, 3.0, 1.0, 1.0, 1.0, 3.0, 1.0, 3.0, 1.0, 2.0, 1.0, 1.0, 1.0, 2.0, 2.0, 1.0, 1.0, 2.0], [5.0, 1.0, 3.0, 2.0, 1.0, 3.0, 3.0, 1.0, 1.0, 1.0, 2.0, 1.0, 5.0, 3.0, 3.0, 2.0, 2.0, 3.0, 3.0, 3.0, 1.0, 1.0, 1.0, 3.0, 1.0, 1.0, 1.0, 3.0, 1.0, 3.0, 3.0, 2.0, 2.0, 1.0, 1.0, 3.0, 3.0, 1.0, 1.0, 2.0], [5.0, 3.0, 3.0, 3.0, 1.0, 3.0, 2.0, 3.0, 1.0, 1.0, 1.0, 2.0, 5.0, 3.0, 3.0, 2.0, 3.0, 2.0, 3.0, 3.0, 1.0, 1.0, 1.0, 3.0, 1.0, 1.0, 1.0, 3.0, 1.0, 3.0, 3.0, 1.0, 1.0, 1.0, 1.0, 3.0, 3.0, 1.0, 1.0, 2.0], [5.0, 1.0, 3.0, 3.0, 1.0, 3.0, 2.0, 3.0, 1.0, 1.0, 1.0, 2.0, 5.0, 3.0, 2.0, 1.0, 3.0, 3.0, 3.0, 3.0, 1.0, 1.0, 1.0, 3.0, 3.0, 1.0, 1.0, 3.0, 1.0, 3.0, 1.0, 2.0, 1.0, 1.0, 1.0, 2.0, 3.0, 1.0, 1.0, 2.0], [5.0, 3.0, 3.0, 1.0, 1.0, 3.0, 2.0, 3.0, 1.0, 1.0, 1.0, 2.0, 5.0, 1.0, 3.0, 2.0, 3.0, 3.0, 3.0, 3.0, 1.0, 1.0, 1.0, 3.0, 2.0, 1.0, 1.0, 3.0, 1.0, 3.0, 2.0, 2.0, 1.0, 1.0, 1.0, 2.0, 3.0, 1.0, 1.0, 3.0], [5.0, 3.0, 3.0, 3.0, 1.0, 3.0, 3.0, 3.0, 1.0, 1.0, 1.0, 2.0, 5.0, 2.0, 3.0, 2.0, 3.0, 3.0, 3.0, 3.0, 1.0, 3.0, 1.0, 3.0, 1.0, 1.0, 1.0, 3.0, 1.0, 3.0, 1.0, 2.0, 1.0, 1.0, 1.0, 2.0, 3.0, 1.0, 1.0, 2.0], [5.0, 1.0, 3.0, 3.0, 1.0, 3.0, 2.0, 3.0, 1.0, 1.0, 2.0, 1.0, 5.0, 3.0, 3.0, 2.0, 2.0, 3.0, 1.0, 3.0, 1.0, 1.0, 3.0, 3.0, 2.0, 1.0, 1.0, 3.0, 1.0, 1.0, 3.0, 2.0, 1.0, 1.0, 1.0, 2.0, 3.0, 1.0, 1.0, 1.0], [5.0, 3.0, 3.0, 3.0, 1.0, 3.0, 2.0, 1.0, 1.0, 1.0, 1.0, 1.0, 5.0, 3.0, 2.0, 2.0, 3.0, 3.0, 1.0, 1.0, 1.0, 3.0, 1.0, 3.0, 3.0, 1.0, 1.0, 3.0, 1.0, 3.0, 3.0, 1.0, 2.0, 1.0, 1.0, 2.0, 3.0, 1.0, 1.0, 1.0], [5.0, 1.0, 3.0, 1.0, 1.0, 3.0, 3.0, 2.0, 1.0, 1.0, 1.0, 2.0, 5.0, 3.0, 3.0, 2.0, 3.0, 2.0, 1.0, 3.0, 1.0, 1.0, 1.0, 3.0, 1.0, 1.0, 1.0, 3.0, 1.0, 3.0, 3.0, 1.0, 2.0, 1.0, 2.0, 3.0, 3.0, 1.0, 1.0, 3.0], [5.0, 1.0, 3.0, 1.0, 1.0, 3.0, 3.0, 3.0, 1.0, 1.0, 1.0, 2.0, 5.0, 3.0, 3.0, 1.0, 3.0, 3.0, 3.0, 3.0, 1.0, 1.0, 1.0, 3.0, 2.0, 1.0, 1.0, 3.0, 1.0, 3.0, 1.0, 1.0, 2.0, 1.0, 1.0, 2.0, 3.0, 1.0, 1.0, 3.0], [5.0, 3.0, 3.0, 3.0, 1.0, 3.0, 5.0, 3.0, 1.0, 1.0, 1.0, 1.0, 5.0, 3.0, 3.0, 1.0, 3.0, 3.0, 3.0, 3.0, 1.0, 3.0, 1.0, 3.0, 1.0, 1.0, 1.0, 3.0, 1.0, 3.0, 3.0, 2.0, 2.0, 1.0, 1.0, 2.0, 3.0, 1.0, 1.0, 3.0], [5.0, 1.0, 3.0, 3.0, 1.0, 3.0, 2.0, 3.0, 1.0, 1.0, 1.0, 3.0, 5.0, 3.0, 3.0, 1.0, 3.0, 1.0, 3.0, 3.0, 1.0, 1.0, 1.0, 3.0, 3.0, 1.0, 1.0, 1.0, 1.0, 1.0, 3.0, 3.0, 1.0, 1.0, 1.0, 3.0, 3.0, 1.0, 1.0, 3.0], [5.0, 1.0, 3.0, 1.0, 1.0, 3.0, 3.0, 3.0, 1.0, 1.0, 1.0, 1.0, 5.0, 3.0, 3.0, 2.0, 3.0, 3.0, 1.0, 3.0, 1.0, 3.0, 1.0, 3.0, 3.0, 1.0, 1.0, 3.0, 1.0, 3.0, 3.0, 2.0, 1.0, 1.0, 1.0, 2.0, 3.0, 1.0, 1.0, 2.0], [5.0, 3.0, 3.0, 3.0, 1.0, 3.0, 2.0, 3.0, 1.0, 1.0, 2.0, 1.0, 5.0, 3.0, 3.0, 2.0, 3.0, 3.0, 2.0, 3.0, 1.0, 2.0, 1.0, 3.0, 2.0, 1.0, 1.0, 3.0, 1.0, 3.0, 3.0, 2.0, 1.0, 1.0, 1.0, 2.0, 3.0, 1.0, 1.0, 3.0], [5.0, 2.0, 3.0, 3.0, 1.0, 3.0, 2.0, 3.0, 1.0, 1.0, 1.0, 2.0, 5.0, 3.0, 3.0, 2.0, 3.0, 3.0, 1.0, 3.0, 1.0, 1.0, 3.0, 3.0, 2.0, 1.0, 2.0, 3.0, 1.0, 2.0, 2.0, 2.0, 2.0, 1.0, 1.0, 2.0, 3.0, 1.0, 1.0, 3.0], [5.0, 1.0, 3.0, 1.0, 1.0, 3.0, 3.0, 3.0, 1.0, 1.0, 2.0, 1.0, 5.0, 3.0, 3.0, 2.0, 3.0, 2.0, 2.0, 3.0, 1.0, 1.0, 1.0, 1.0, 1.0, 1.0, 1.0, 3.0, 1.0, 3.0, 3.0, 2.0, 2.0, 1.0, 2.0, 3.0, 3.0, 1.0, 1.0, 3.0], [5.0, 1.0, 3.0, 3.0, 1.0, 3.0, 3.0, 3.0, 1.0, 1.0, 2.0, 2.0, 5.0, 3.0, 3.0, 2.0, 3.0, 3.0, 3.0, 3.0, 1.0, 2.0, 1.0, 3.0, 3.0, 1.0, 1.0, 3.0, 1.0, 3.0, 2.0, 2.0, 1.0, 1.0, 1.0, 2.0, 2.0, 1.0, 1.0, 2.0], [5.0, 3.0, 3.0, 1.0, 1.0, 3.0, 2.0, 3.0, 1.0, 1.0, 2.0, 1.0, 5.0, 3.0, 3.0, 1.0, 3.0, 2.0, 3.0, 3.0, 1.0, 1.0, 1.0, 3.0, 3.0, 1.0, 2.0, 3.0, 1.0, 3.0, 1.0, 2.0, 2.0, 1.0, 1.0, 2.0, 3.0, 1.0, 1.0, 2.0], [5.0, 3.0, 3.0, 3.0, 1.0, 3.0, 3.0, 3.0, 1.0, 1.0, 1.0, 3.0, 5.0, 3.0, 3.0, 1.0, 3.0, 3.0, 1.0, 3.0, 1.0, 1.0, 1.0, 3.0, 3.0, 1.0, 1.0, 3.0, 1.0, 2.0, 1.0, 1.0, 2.0, 1.0, 1.0, 3.0, 3.0, 1.0, 1.0, 2.0], [5.0, 3.0, 3.0, 3.0, 1.0, 3.0, 2.0, 3.0, 1.0, 1.0, 1.0, 1.0, 5.0, 2.0, 3.0, 1.0, 3.0, 2.0, 2.0, 3.0, 1.0, 2.0, 1.0, 3.0, 3.0, 1.0, 1.0, 3.0, 1.0, 3.0, 3.0, 3.0, 1.0, 1.0, 1.0, 2.0, 3.0, 1.0, 1.0, 2.0], [5.0, 1.0, 3.0, 1.0, 1.0, 3.0, 3.0, 3.0, 1.0, 1.0, 2.0, 2.0, 5.0, 3.0, 3.0, 2.0, 3.0, 3.0, 3.0, 3.0, 1.0, 1.0, 1.0, 3.0, 3.0, 1.0, 1.0, 3.0, 1.0, 3.0, 3.0, 2.0, 2.0, 1.0, 3.0, 3.0, 3.0, 1.0, 1.0, 2.0], [5.0, 1.0, 3.0, 3.0, 1.0, 3.0, 3.0, 3.0, 1.0, 1.0, 1.0, 1.0, 5.0, 3.0, 3.0, 1.0, 3.0, 2.0, 3.0, 3.0, 1.0, 1.0, 1.0, 3.0, 3.0, 1.0, 1.0, 3.0, 1.0, 3.0, 3.0, 2.0, 1.0, 1.0, 1.0, 2.0, 2.0, 1.0, 1.0, 1.0], [5.0, 2.0, 3.0, 3.0, 1.0, 3.0, 3.0, 3.0, 1.0, 1.0, 1.0, 1.0, 5.0, 3.0, 3.0, 2.0, 2.0, 3.0, 3.0, 3.0, 1.0, 1.0, 1.0, 3.0, 2.0, 1.0, 1.0, 3.0, 1.0, 3.0, 1.0, 2.0, 1.0, 1.0, 1.0, 3.0, 2.0, 1.0, 1.0, 3.0], [5.0, 1.0, 3.0, 2.0, 1.0, 3.0, 2.0, 3.0, 1.0, 1.0, 2.0, 2.0, 5.0, 3.0, 3.0, 1.0, 3.0, 2.0, 1.0, 2.0, 1.0, 3.0, 1.0, 3.0, 3.0, 1.0, 1.0, 3.0, 1.0, 3.0, 1.0, 2.0, 1.0, 1.0, 1.0, 3.0, 3.0, 1.0, 1.0, 3.0], [5.0, 1.0, 3.0, 3.0, 1.0, 3.0, 3.0, 3.0, 1.0, 1.0, 1.0, 2.0, 5.0, 2.0, 3.0, 1.0, 3.0, 2.0, 3.0, 3.0, 1.0, 1.0, 1.0, 3.0, 1.0, 1.0, 1.0, 3.0, 1.0, 3.0, 3.0, 2.0, 2.0, 1.0, 1.0, 2.0, 3.0, 1.0, 1.0, 2.0], [5.0, 2.0, 3.0, 3.0, 1.0, 3.0, 2.0, 2.0, 1.0, 1.0, 1.0, 1.0, 5.0, 3.0, 3.0, 2.0, 3.0, 3.0, 3.0, 3.0, 1.0, 1.0, 1.0, 3.0, 1.0, 1.0, 1.0, 3.0, 1.0, 1.0, 3.0, 3.0, 1.0, 1.0, 1.0, 2.0, 3.0, 1.0, 1.0, 2.0], [5.0, 3.0, 3.0, 3.0, 1.0, 3.0, 2.0, 3.0, 1.0, 1.0, 2.0, 2.0, 5.0, 1.0, 3.0, 1.0, 3.0, 3.0, 3.0, 2.0, 1.0, 3.0, 1.0, 3.0, 1.0, 1.0, 1.0, 3.0, 1.0, 3.0, 1.0, 2.0, 2.0, 1.0, 3.0, 2.0, 3.0, 1.0, 1.0, 3.0], [5.0, 3.0, 3.0, 3.0, 1.0, 3.0, 3.0, 3.0, 1.0, 1.0, 2.0, 1.0, 5.0, 3.0, 3.0, 1.0, 3.0, 3.0, 3.0, 3.0, 1.0, 2.0, 2.0, 2.0, 1.0, 1.0, 1.0, 2.0, 1.0, 3.0, 1.0, 1.0, 1.0, 1.0, 3.0, 2.0, 2.0, 1.0, 1.0, 1.0], [5.0, 3.0, 3.0, 3.0, 1.0, 3.0, 3.0, 3.0, 1.0, 1.0, 1.0, 2.0, 5.0, 3.0, 3.0, 1.0, 2.0, 3.0, 3.0, 3.0, 1.0, 3.0, 1.0, 3.0, 3.0, 1.0, 1.0, 3.0, 1.0, 3.0, 2.0, 2.0, 1.0, 1.0, 1.0, 2.0, 3.0, 1.0, 1.0, 3.0], [5.0, 3.0, 3.0, 3.0, 1.0, 3.0, 3.0, 3.0, 1.0, 1.0, 1.0, 2.0, 5.0, 2.0, 3.0, 1.0, 3.0, 3.0, 3.0, 3.0, 1.0, 1.0, 1.0, 3.0, 2.0, 1.0, 1.0, 3.0, 1.0, 3.0, 3.0, 1.0, 2.0, 1.0, 2.0, 2.0, 2.0, 1.0, 1.0, 3.0], [5.0, 1.0, 3.0, 1.0, 1.0, 3.0, 2.0, 3.0, 1.0, 1.0, 1.0, 3.0, 5.0, 2.0, 3.0, 1.0, 2.0, 3.0, 3.0, 3.0, 1.0, 2.0, 1.0, 3.0, 2.0, 1.0, 1.0, 2.0, 1.0, 3.0, 2.0, 2.0, 1.0, 1.0, 1.0, 2.0, 3.0, 1.0, 1.0, 2.0], [5.0, 2.0, 3.0, 3.0, 1.0, 3.0, 2.0, 3.0, 1.0, 1.0, 1.0, 1.0, 5.0, 3.0, 3.0, 1.0, 3.0, 3.0, 1.0, 3.0, 1.0, 2.0, 2.0, 3.0, 1.0, 1.0, 1.0, 3.0, 1.0, 1.0, 1.0, 1.0, 2.0, 1.0, 1.0, 2.0, 3.0, 1.0, 1.0, 3.0], [5.0, 1.0, 3.0, 1.0, 1.0, 3.0, 3.0, 3.0, 1.0, 1.0, 1.0, 1.0, 5.0, 2.0, 3.0, 2.0, 3.0, 3.0, 3.0, 1.0, 1.0, 1.0, 1.0, 3.0, 1.0, 1.0, 1.0, 3.0, 1.0, 3.0, 2.0, 2.0, 1.0, 1.0, 1.0, 3.0, 3.0, 1.0, 1.0, 3.0], [5.0, 3.0, 3.0, 3.0, 1.0, 3.0, 2.0, 1.0, 1.0, 1.0, 1.0, 1.0, 5.0, 3.0, 3.0, 1.0, 3.0, 2.0, 2.0, 3.0, 1.0, 1.0, 1.0, 3.0, 3.0, 1.0, 1.0, 3.0, 1.0, 3.0, 2.0, 1.0, 1.0, 1.0, 1.0, 2.0, 3.0, 1.0, 1.0, 1.0], [5.0, 3.0, 3.0, 1.0, 1.0, 3.0, 3.0, 3.0, 1.0, 1.0, 1.0, 1.0, 5.0, 1.0, 3.0, 1.0, 3.0, 2.0, 3.0, 3.0, 1.0, 1.0, 1.0, 3.0, 1.0, 1.0, 1.0, 3.0, 1.0, 3.0, 3.0, 2.0, 2.0, 1.0, 3.0, 2.0, 3.0, 1.0, 1.0, 3.0], [5.0, 1.0, 3.0, 1.0, 1.0, 3.0, 2.0, 3.0, 1.0, 1.0, 1.0, 1.0, 5.0, 1.0, 3.0, 2.0, 3.0, 3.0, 1.0, 2.0, 1.0, 1.0, 1.0, 3.0, 3.0, 1.0, 1.0, 2.0, 1.0, 3.0, 3.0, 1.0, 2.0, 1.0, 1.0, 2.0, 3.0, 1.0, 1.0, 1.0], [5.0, 1.0, 3.0, 1.0, 2.0, 2.0, 2.0, 3.0, 1.0, 1.0, 2.0, 1.0, 5.0, 3.0, 3.0, 1.0, 3.0, 2.0, 2.0, 3.0, 1.0, 2.0, 1.0, 3.0, 1.0, 1.0, 1.0, 3.0, 1.0, 3.0, 3.0, 1.0, 1.0, 1.0, 3.0, 3.0, 3.0, 1.0, 1.0, 2.0], [5.0, 1.0, 3.0, 2.0, 1.0, 3.0, 3.0, 1.0, 1.0, 1.0, 1.0, 3.0, 5.0, 3.0, 3.0, 1.0, 3.0, 3.0, 1.0, 3.0, 1.0, 1.0, 1.0, 3.0, 3.0, 1.0, 1.0, 3.0, 1.0, 1.0, 2.0, 2.0, 1.0, 1.0, 1.0, 2.0, 3.0, 1.0, 1.0, 1.0], [5.0, 3.0, 3.0, 3.0, 1.0, 3.0, 2.0, 1.0, 1.0, 1.0, 2.0, 2.0, 5.0, 3.0, 2.0, 1.0, 3.0, 3.0, 1.0, 3.0, 1.0, 1.0, 1.0, 3.0, 2.0, 1.0, 1.0, 3.0, 1.0, 3.0, 3.0, 2.0, 1.0, 1.0, 1.0, 2.0, 3.0, 1.0, 1.0, 2.0], [5.0, 1.0, 3.0, 3.0, 2.0, 3.0, 2.0, 3.0, 1.0, 1.0, 1.0, 1.0, 5.0, 3.0, 3.0, 1.0, 3.0, 3.0, 2.0, 3.0, 1.0, 2.0, 1.0, 3.0, 3.0, 1.0, 1.0, 2.0, 1.0, 3.0, 2.0, 1.0, 1.0, 1.0, 1.0, 1.0, 3.0, 1.0, 1.0, 2.0]]

