first layer check: Conv2d(9, 64, kernel_size=(7, 7), stride=(2, 2), padding=(3, 3), bias=False)

target ys
[6.0, 4.0, 0.0, 4.0, 6.0, 4.0, 4.0, 0.0, 2.0, 4.0, 3.0, 1.0, 2.0, 5.0, 6.0, 6.0, 4.0, 3.0, 5.0, 2.0, 3.0, 5.0, 3.0, 1.0, 3.0, 1.0, 3.0, 1.0, 3.0, 2.0, 1.0, 1.0, 3.0, 5.0, 1.0, 3.0, 2.0, 5.0, 3.0, 5.0, 3.0, 1.0]

for model 0: mode acc: 0.3571428656578064, run mean acc: 0.3175000250339508, top-2 acc:0.5120833516120911, mode f1: 0.3571428656578064

model 0 mode preds
[3.0, 3.0, 3.0, 4.0, 4.0, 4.0, 3.0, 1.0, 2.0, 3.0, 3.0, 2.0, 1.0, 3.0, 4.0, 4.0, 3.0, 3.0, 5.0, 2.0, 3.0, 3.0, 3.0, 3.0, 3.0, 3.0, 2.0, 1.0, 2.0, 2.0, 3.0, 2.0, 3.0, 3.0, 2.0, 2.0, 2.0, 4.0, 2.0, 2.0, 3.0, 3.0]

model 0 all preds
[[5.0, 3.0, 3.0, 4.0, 3.0, 4.0, 3.0, 1.0, 3.0, 5.0, 3.0, 5.0, 1.0, 3.0, 4.0, 4.0, 3.0, 3.0, 3.0, 2.0, 3.0, 3.0, 3.0, 5.0, 1.0, 3.0, 2.0, 1.0, 5.0, 2.0, 3.0, 2.0, 2.0, 3.0, 2.0, 2.0, 2.0, 4.0, 2.0, 3.0, 3.0, 1.0], [3.0, 3.0, 3.0, 3.0, 4.0, 4.0, 5.0, 1.0, 3.0, 5.0, 3.0, 3.0, 1.0, 3.0, 4.0, 4.0, 3.0, 3.0, 3.0, 2.0, 3.0, 3.0, 4.0, 3.0, 3.0, 3.0, 2.0, 1.0, 4.0, 2.0, 3.0, 2.0, 2.0, 3.0, 2.0, 2.0, 2.0, 4.0, 4.0, 3.0, 3.0, 3.0], [5.0, 2.0, 3.0, 4.0, 3.0, 4.0, 5.0, 2.0, 2.0, 5.0, 3.0, 2.0, 1.0, 3.0, 4.0, 2.0, 2.0, 3.0, 5.0, 4.0, 3.0, 3.0, 3.0, 3.0, 3.0, 3.0, 2.0, 1.0, 2.0, 2.0, 3.0, 2.0, 2.0, 3.0, 2.0, 2.0, 4.0, 4.0, 2.0, 2.0, 3.0, 3.0], [3.0, 3.0, 3.0, 4.0, 3.0, 4.0, 3.0, 1.0, 2.0, 3.0, 3.0, 5.0, 1.0, 3.0, 2.0, 4.0, 3.0, 3.0, 5.0, 2.0, 3.0, 3.0, 3.0, 5.0, 3.0, 3.0, 2.0, 1.0, 2.0, 2.0, 3.0, 2.0, 3.0, 3.0, 2.0, 2.0, 4.0, 4.0, 2.0, 2.0, 3.0, 1.0], [5.0, 3.0, 3.0, 4.0, 3.0, 4.0, 3.0, 1.0, 2.0, 4.0, 3.0, 2.0, 1.0, 3.0, 2.0, 4.0, 2.0, 3.0, 5.0, 2.0, 3.0, 3.0, 3.0, 3.0, 3.0, 3.0, 2.0, 1.0, 3.0, 2.0, 3.0, 2.0, 3.0, 3.0, 2.0, 2.0, 2.0, 4.0, 2.0, 2.0, 3.0, 3.0], [3.0, 3.0, 3.0, 4.0, 4.0, 4.0, 5.0, 2.0, 2.0, 3.0, 3.0, 2.0, 1.0, 3.0, 4.0, 4.0, 3.0, 3.0, 3.0, 4.0, 3.0, 3.0, 4.0, 3.0, 3.0, 3.0, 2.0, 1.0, 4.0, 2.0, 3.0, 2.0, 3.0, 3.0, 2.0, 2.0, 2.0, 4.0, 2.0, 2.0, 2.0, 3.0], [4.0, 3.0, 3.0, 4.0, 3.0, 4.0, 3.0, 1.0, 2.0, 3.0, 3.0, 3.0, 1.0, 3.0, 4.0, 2.0, 3.0, 3.0, 5.0, 2.0, 3.0, 3.0, 4.0, 5.0, 3.0, 3.0, 2.0, 1.0, 4.0, 2.0, 3.0, 2.0, 2.0, 2.0, 2.0, 2.0, 2.0, 4.0, 2.0, 3.0, 2.0, 3.0], [3.0, 3.0, 3.0, 4.0, 4.0, 4.0, 5.0, 1.0, 2.0, 3.0, 3.0, 4.0, 3.0, 3.0, 4.0, 2.0, 3.0, 3.0, 3.0, 2.0, 3.0, 3.0, 3.0, 5.0, 2.0, 3.0, 2.0, 1.0, 5.0, 3.0, 3.0, 2.0, 3.0, 3.0, 2.0, 2.0, 2.0, 4.0, 3.0, 1.0, 3.0, 1.0], [4.0, 3.0, 3.0, 3.0, 3.0, 4.0, 3.0, 2.0, 3.0, 4.0, 3.0, 3.0, 1.0, 3.0, 4.0, 2.0, 3.0, 3.0, 3.0, 2.0, 3.0, 3.0, 3.0, 3.0, 3.0, 3.0, 2.0, 1.0, 2.0, 2.0, 3.0, 2.0, 2.0, 3.0, 2.0, 2.0, 2.0, 4.0, 2.0, 2.0, 3.0, 3.0], [5.0, 3.0, 3.0, 4.0, 4.0, 4.0, 5.0, 1.0, 2.0, 3.0, 3.0, 3.0, 1.0, 3.0, 4.0, 4.0, 2.0, 3.0, 5.0, 2.0, 3.0, 3.0, 3.0, 5.0, 3.0, 3.0, 2.0, 1.0, 2.0, 2.0, 3.0, 2.0, 3.0, 3.0, 2.0, 2.0, 2.0, 4.0, 2.0, 3.0, 3.0, 3.0], [5.0, 3.0, 3.0, 4.0, 4.0, 4.0, 5.0, 1.0, 3.0, 3.0, 3.0, 3.0, 1.0, 3.0, 2.0, 4.0, 3.0, 3.0, 5.0, 2.0, 3.0, 3.0, 2.0, 3.0, 3.0, 3.0, 2.0, 1.0, 2.0, 2.0, 3.0, 2.0, 3.0, 3.0, 2.0, 2.0, 2.0, 5.0, 2.0, 3.0, 2.0, 3.0], [4.0, 3.0, 3.0, 4.0, 4.0, 4.0, 3.0, 1.0, 3.0, 5.0, 3.0, 3.0, 1.0, 3.0, 4.0, 4.0, 3.0, 3.0, 5.0, 2.0, 3.0, 3.0, 4.0, 5.0, 1.0, 3.0, 2.0, 1.0, 5.0, 3.0, 3.0, 2.0, 2.0, 3.0, 2.0, 2.0, 2.0, 4.0, 3.0, 2.0, 3.0, 3.0], [5.0, 3.0, 3.0, 4.0, 4.0, 4.0, 2.0, 2.0, 2.0, 3.0, 3.0, 2.0, 1.0, 3.0, 4.0, 2.0, 3.0, 3.0, 3.0, 2.0, 3.0, 3.0, 3.0, 3.0, 3.0, 3.0, 2.0, 1.0, 2.0, 2.0, 3.0, 2.0, 3.0, 3.0, 2.0, 2.0, 2.0, 4.0, 2.0, 2.0, 3.0, 1.0], [3.0, 3.0, 3.0, 4.0, 4.0, 2.0, 2.0, 1.0, 2.0, 5.0, 3.0, 2.0, 1.0, 3.0, 4.0, 4.0, 3.0, 3.0, 5.0, 4.0, 3.0, 3.0, 3.0, 3.0, 1.0, 3.0, 2.0, 1.0, 2.0, 2.0, 3.0, 2.0, 2.0, 3.0, 2.0, 2.0, 2.0, 5.0, 2.0, 3.0, 3.0, 3.0], [4.0, 3.0, 3.0, 4.0, 3.0, 5.0, 3.0, 1.0, 3.0, 3.0, 3.0, 5.0, 1.0, 3.0, 4.0, 4.0, 3.0, 3.0, 5.0, 2.0, 2.0, 3.0, 2.0, 3.0, 3.0, 3.0, 2.0, 1.0, 2.0, 3.0, 3.0, 2.0, 2.0, 3.0, 2.0, 2.0, 2.0, 4.0, 2.0, 2.0, 3.0, 1.0], [5.0, 3.0, 3.0, 4.0, 4.0, 4.0, 2.0, 2.0, 3.0, 3.0, 3.0, 4.0, 1.0, 3.0, 2.0, 4.0, 2.0, 3.0, 2.0, 4.0, 3.0, 3.0, 3.0, 5.0, 1.0, 3.0, 2.0, 1.0, 4.0, 2.0, 3.0, 2.0, 2.0, 3.0, 2.0, 2.0, 2.0, 3.0, 2.0, 2.0, 3.0, 3.0], [4.0, 3.0, 3.0, 4.0, 4.0, 4.0, 3.0, 1.0, 3.0, 5.0, 3.0, 2.0, 1.0, 3.0, 4.0, 2.0, 3.0, 3.0, 5.0, 2.0, 3.0, 3.0, 4.0, 3.0, 3.0, 3.0, 2.0, 1.0, 5.0, 2.0, 3.0, 2.0, 3.0, 3.0, 2.0, 2.0, 2.0, 4.0, 2.0, 2.0, 3.0, 2.0], [5.0, 3.0, 3.0, 4.0, 4.0, 2.0, 3.0, 1.0, 2.0, 3.0, 3.0, 2.0, 1.0, 3.0, 4.0, 4.0, 3.0, 3.0, 3.0, 2.0, 3.0, 3.0, 4.0, 3.0, 3.0, 3.0, 2.0, 1.0, 2.0, 2.0, 3.0, 2.0, 2.0, 3.0, 2.0, 2.0, 4.0, 2.0, 2.0, 2.0, 3.0, 2.0], [5.0, 3.0, 3.0, 4.0, 3.0, 4.0, 5.0, 1.0, 2.0, 5.0, 3.0, 3.0, 1.0, 3.0, 4.0, 4.0, 2.0, 3.0, 5.0, 4.0, 3.0, 3.0, 4.0, 3.0, 3.0, 3.0, 2.0, 1.0, 2.0, 2.0, 3.0, 2.0, 2.0, 3.0, 2.0, 2.0, 2.0, 4.0, 2.0, 3.0, 3.0, 3.0], [3.0, 3.0, 3.0, 4.0, 4.0, 4.0, 3.0, 1.0, 2.0, 3.0, 3.0, 2.0, 1.0, 3.0, 4.0, 4.0, 3.0, 3.0, 3.0, 4.0, 3.0, 3.0, 4.0, 3.0, 3.0, 3.0, 2.0, 2.0, 2.0, 2.0, 3.0, 2.0, 2.0, 3.0, 2.0, 2.0, 2.0, 4.0, 2.0, 3.0, 3.0, 3.0], [5.0, 3.0, 3.0, 4.0, 3.0, 4.0, 3.0, 2.0, 3.0, 3.0, 3.0, 2.0, 1.0, 3.0, 2.0, 4.0, 3.0, 3.0, 3.0, 2.0, 3.0, 3.0, 4.0, 5.0, 3.0, 3.0, 2.0, 1.0, 2.0, 2.0, 3.0, 2.0, 2.0, 3.0, 2.0, 2.0, 2.0, 5.0, 3.0, 2.0, 3.0, 3.0], [3.0, 3.0, 3.0, 4.0, 4.0, 4.0, 3.0, 2.0, 3.0, 3.0, 3.0, 2.0, 1.0, 3.0, 4.0, 4.0, 3.0, 3.0, 5.0, 2.0, 3.0, 3.0, 4.0, 3.0, 3.0, 3.0, 2.0, 1.0, 2.0, 3.0, 3.0, 2.0, 3.0, 3.0, 2.0, 2.0, 2.0, 4.0, 3.0, 2.0, 3.0, 1.0], [3.0, 2.0, 3.0, 3.0, 4.0, 2.0, 5.0, 1.0, 3.0, 5.0, 3.0, 3.0, 1.0, 3.0, 2.0, 2.0, 3.0, 3.0, 5.0, 2.0, 3.0, 3.0, 3.0, 3.0, 3.0, 3.0, 2.0, 1.0, 2.0, 2.0, 3.0, 2.0, 3.0, 3.0, 2.0, 2.0, 2.0, 5.0, 2.0, 2.0, 2.0, 3.0], [5.0, 3.0, 3.0, 4.0, 3.0, 4.0, 2.0, 2.0, 2.0, 3.0, 3.0, 3.0, 1.0, 3.0, 2.0, 4.0, 2.0, 3.0, 3.0, 2.0, 3.0, 3.0, 4.0, 3.0, 3.0, 3.0, 2.0, 1.0, 2.0, 2.0, 3.0, 2.0, 3.0, 3.0, 2.0, 2.0, 2.0, 4.0, 3.0, 2.0, 3.0, 1.0], [5.0, 3.0, 3.0, 4.0, 4.0, 4.0, 5.0, 1.0, 3.0, 3.0, 3.0, 2.0, 1.0, 3.0, 4.0, 4.0, 3.0, 3.0, 4.0, 2.0, 2.0, 3.0, 4.0, 5.0, 3.0, 3.0, 2.0, 1.0, 4.0, 2.0, 3.0, 2.0, 3.0, 3.0, 2.0, 2.0, 2.0, 3.0, 2.0, 2.0, 2.0, 2.0], [3.0, 2.0, 3.0, 4.0, 4.0, 4.0, 3.0, 1.0, 3.0, 3.0, 2.0, 5.0, 3.0, 3.0, 2.0, 4.0, 3.0, 3.0, 5.0, 4.0, 3.0, 3.0, 3.0, 5.0, 3.0, 3.0, 2.0, 1.0, 2.0, 2.0, 3.0, 2.0, 3.0, 3.0, 2.0, 1.0, 2.0, 4.0, 2.0, 2.0, 3.0, 3.0], [3.0, 3.0, 3.0, 4.0, 4.0, 4.0, 3.0, 1.0, 2.0, 3.0, 3.0, 4.0, 1.0, 3.0, 4.0, 3.0, 3.0, 3.0, 4.0, 2.0, 3.0, 3.0, 3.0, 3.0, 3.0, 3.0, 2.0, 2.0, 2.0, 2.0, 3.0, 2.0, 2.0, 3.0, 2.0, 2.0, 2.0, 5.0, 2.0, 2.0, 3.0, 1.0], [3.0, 3.0, 3.0, 4.0, 4.0, 4.0, 3.0, 1.0, 3.0, 4.0, 3.0, 3.0, 1.0, 3.0, 2.0, 4.0, 2.0, 3.0, 5.0, 2.0, 3.0, 3.0, 4.0, 5.0, 3.0, 3.0, 2.0, 1.0, 2.0, 3.0, 3.0, 2.0, 2.0, 3.0, 2.0, 2.0, 2.0, 4.0, 2.0, 3.0, 2.0, 3.0], [4.0, 3.0, 3.0, 4.0, 4.0, 4.0, 3.0, 1.0, 2.0, 4.0, 3.0, 3.0, 1.0, 3.0, 4.0, 2.0, 3.0, 3.0, 5.0, 2.0, 3.0, 3.0, 4.0, 5.0, 3.0, 3.0, 2.0, 1.0, 2.0, 2.0, 3.0, 2.0, 3.0, 3.0, 2.0, 2.0, 2.0, 4.0, 3.0, 3.0, 3.0, 2.0], [3.0, 3.0, 3.0, 4.0, 3.0, 4.0, 5.0, 1.0, 2.0, 3.0, 3.0, 2.0, 3.0, 3.0, 2.0, 4.0, 3.0, 3.0, 5.0, 2.0, 3.0, 3.0, 3.0, 5.0, 3.0, 3.0, 2.0, 1.0, 2.0, 2.0, 3.0, 2.0, 3.0, 3.0, 2.0, 2.0, 2.0, 5.0, 2.0, 2.0, 3.0, 1.0], [5.0, 3.0, 3.0, 4.0, 4.0, 4.0, 3.0, 1.0, 2.0, 3.0, 3.0, 2.0, 1.0, 3.0, 4.0, 2.0, 3.0, 3.0, 5.0, 2.0, 3.0, 3.0, 4.0, 3.0, 3.0, 3.0, 2.0, 1.0, 2.0, 2.0, 3.0, 2.0, 2.0, 3.0, 2.0, 3.0, 2.0, 5.0, 2.0, 3.0, 2.0, 3.0], [3.0, 3.0, 3.0, 4.0, 3.0, 4.0, 3.0, 2.0, 3.0, 3.0, 3.0, 2.0, 3.0, 3.0, 4.0, 5.0, 2.0, 2.0, 5.0, 2.0, 3.0, 3.0, 4.0, 3.0, 3.0, 3.0, 2.0, 1.0, 2.0, 2.0, 3.0, 2.0, 2.0, 3.0, 2.0, 2.0, 2.0, 5.0, 2.0, 3.0, 3.0, 3.0], [5.0, 3.0, 3.0, 4.0, 3.0, 4.0, 3.0, 1.0, 3.0, 3.0, 3.0, 2.0, 1.0, 3.0, 4.0, 2.0, 4.0, 3.0, 3.0, 2.0, 3.0, 3.0, 4.0, 5.0, 1.0, 3.0, 2.0, 1.0, 2.0, 2.0, 3.0, 2.0, 2.0, 3.0, 2.0, 2.0, 2.0, 4.0, 3.0, 3.0, 3.0, 1.0], [3.0, 3.0, 3.0, 4.0, 4.0, 4.0, 2.0, 2.0, 2.0, 3.0, 3.0, 5.0, 1.0, 3.0, 2.0, 2.0, 3.0, 3.0, 5.0, 2.0, 3.0, 3.0, 3.0, 5.0, 3.0, 3.0, 2.0, 1.0, 2.0, 2.0, 3.0, 2.0, 2.0, 3.0, 2.0, 2.0, 2.0, 4.0, 3.0, 2.0, 3.0, 1.0], [3.0, 3.0, 3.0, 4.0, 3.0, 4.0, 2.0, 1.0, 3.0, 3.0, 3.0, 3.0, 1.0, 3.0, 4.0, 4.0, 3.0, 2.0, 6.0, 2.0, 3.0, 3.0, 3.0, 3.0, 2.0, 3.0, 2.0, 2.0, 2.0, 3.0, 3.0, 2.0, 2.0, 3.0, 2.0, 2.0, 2.0, 5.0, 3.0, 3.0, 3.0, 3.0], [5.0, 3.0, 3.0, 4.0, 4.0, 2.0, 3.0, 2.0, 2.0, 3.0, 3.0, 5.0, 1.0, 3.0, 4.0, 4.0, 3.0, 3.0, 3.0, 2.0, 3.0, 3.0, 4.0, 5.0, 1.0, 3.0, 2.0, 1.0, 2.0, 3.0, 3.0, 2.0, 3.0, 3.0, 2.0, 2.0, 2.0, 4.0, 3.0, 2.0, 3.0, 2.0], [3.0, 3.0, 3.0, 3.0, 4.0, 4.0, 5.0, 1.0, 3.0, 3.0, 3.0, 3.0, 3.0, 3.0, 4.0, 4.0, 3.0, 3.0, 4.0, 4.0, 2.0, 3.0, 3.0, 3.0, 3.0, 3.0, 2.0, 1.0, 4.0, 2.0, 3.0, 2.0, 3.0, 3.0, 2.0, 2.0, 2.0, 4.0, 4.0, 2.0, 3.0, 1.0], [3.0, 3.0, 3.0, 4.0, 4.0, 4.0, 3.0, 1.0, 2.0, 4.0, 3.0, 5.0, 1.0, 3.0, 4.0, 4.0, 3.0, 3.0, 3.0, 2.0, 3.0, 3.0, 3.0, 5.0, 3.0, 3.0, 2.0, 1.0, 4.0, 2.0, 3.0, 2.0, 3.0, 3.0, 2.0, 2.0, 2.0, 4.0, 3.0, 3.0, 3.0, 3.0], [4.0, 3.0, 3.0, 4.0, 4.0, 4.0, 3.0, 1.0, 2.0, 3.0, 3.0, 3.0, 1.0, 3.0, 4.0, 4.0, 3.0, 3.0, 3.0, 2.0, 3.0, 3.0, 4.0, 5.0, 3.0, 3.0, 2.0, 1.0, 2.0, 2.0, 3.0, 2.0, 2.0, 3.0, 2.0, 2.0, 2.0, 4.0, 2.0, 2.0, 3.0, 3.0], [4.0, 2.0, 3.0, 4.0, 4.0, 4.0, 2.0, 2.0, 2.0, 5.0, 3.0, 2.0, 1.0, 3.0, 4.0, 4.0, 3.0, 3.0, 5.0, 4.0, 3.0, 3.0, 2.0, 5.0, 3.0, 3.0, 2.0, 1.0, 2.0, 2.0, 3.0, 2.0, 3.0, 3.0, 2.0, 2.0, 2.0, 5.0, 2.0, 2.0, 2.0, 1.0], [4.0, 3.0, 3.0, 4.0, 4.0, 2.0, 3.0, 1.0, 3.0, 3.0, 3.0, 3.0, 1.0, 3.0, 4.0, 2.0, 3.0, 3.0, 5.0, 2.0, 3.0, 3.0, 3.0, 1.0, 3.0, 3.0, 2.0, 1.0, 2.0, 3.0, 3.0, 2.0, 3.0, 3.0, 2.0, 2.0, 2.0, 4.0, 2.0, 3.0, 3.0, 3.0], [3.0, 2.0, 3.0, 4.0, 4.0, 4.0, 2.0, 2.0, 2.0, 3.0, 3.0, 2.0, 1.0, 3.0, 4.0, 4.0, 2.0, 3.0, 5.0, 4.0, 3.0, 3.0, 4.0, 5.0, 3.0, 3.0, 2.0, 1.0, 2.0, 2.0, 2.0, 2.0, 3.0, 3.0, 2.0, 2.0, 2.0, 4.0, 2.0, 3.0, 2.0, 1.0], [3.0, 3.0, 3.0, 4.0, 4.0, 2.0, 3.0, 1.0, 3.0, 3.0, 3.0, 3.0, 3.0, 3.0, 4.0, 4.0, 3.0, 3.0, 5.0, 2.0, 2.0, 3.0, 3.0, 3.0, 3.0, 3.0, 2.0, 1.0, 2.0, 2.0, 3.0, 2.0, 3.0, 3.0, 2.0, 2.0, 2.0, 4.0, 2.0, 3.0, 2.0, 3.0], [5.0, 3.0, 3.0, 4.0, 3.0, 4.0, 3.0, 1.0, 2.0, 3.0, 3.0, 2.0, 1.0, 3.0, 2.0, 4.0, 3.0, 3.0, 3.0, 2.0, 3.0, 3.0, 3.0, 3.0, 3.0, 3.0, 2.0, 1.0, 4.0, 2.0, 3.0, 2.0, 2.0, 3.0, 2.0, 2.0, 3.0, 4.0, 2.0, 2.0, 3.0, 3.0], [3.0, 3.0, 3.0, 4.0, 3.0, 4.0, 2.0, 1.0, 2.0, 3.0, 3.0, 2.0, 1.0, 3.0, 2.0, 4.0, 2.0, 3.0, 5.0, 2.0, 3.0, 3.0, 3.0, 3.0, 3.0, 3.0, 2.0, 1.0, 2.0, 2.0, 3.0, 2.0, 3.0, 2.0, 2.0, 2.0, 2.0, 4.0, 2.0, 3.0, 3.0, 3.0], [3.0, 2.0, 3.0, 4.0, 4.0, 4.0, 3.0, 2.0, 2.0, 3.0, 3.0, 3.0, 1.0, 3.0, 4.0, 2.0, 2.0, 3.0, 6.0, 2.0, 3.0, 3.0, 3.0, 2.0, 3.0, 3.0, 2.0, 1.0, 5.0, 2.0, 3.0, 2.0, 3.0, 3.0, 2.0, 2.0, 2.0, 4.0, 2.0, 2.0, 3.0, 1.0], [5.0, 3.0, 3.0, 4.0, 4.0, 4.0, 3.0, 1.0, 3.0, 3.0, 3.0, 3.0, 1.0, 3.0, 4.0, 4.0, 3.0, 2.0, 5.0, 2.0, 3.0, 3.0, 3.0, 3.0, 3.0, 3.0, 2.0, 2.0, 2.0, 2.0, 3.0, 2.0, 3.0, 3.0, 2.0, 2.0, 2.0, 4.0, 2.0, 2.0, 2.0, 2.0], [5.0, 3.0, 3.0, 4.0, 4.0, 4.0, 2.0, 1.0, 2.0, 3.0, 3.0, 4.0, 1.0, 3.0, 2.0, 2.0, 3.0, 3.0, 3.0, 2.0, 3.0, 3.0, 3.0, 3.0, 3.0, 3.0, 2.0, 2.0, 2.0, 2.0, 3.0, 2.0, 3.0, 3.0, 2.0, 2.0, 2.0, 4.0, 2.0, 2.0, 2.0, 1.0], [5.0, 2.0, 3.0, 4.0, 4.0, 4.0, 2.0, 1.0, 2.0, 3.0, 3.0, 2.0, 1.0, 3.0, 4.0, 4.0, 3.0, 3.0, 5.0, 4.0, 3.0, 3.0, 3.0, 5.0, 3.0, 3.0, 2.0, 1.0, 2.0, 2.0, 3.0, 2.0, 3.0, 3.0, 2.0, 2.0, 2.0, 5.0, 2.0, 2.0, 2.0, 3.0], [5.0, 3.0, 3.0, 3.0, 3.0, 4.0, 5.0, 1.0, 2.0, 4.0, 3.0, 2.0, 1.0, 3.0, 4.0, 4.0, 2.0, 3.0, 5.0, 2.0, 3.0, 3.0, 4.0, 3.0, 1.0, 3.0, 2.0, 1.0, 2.0, 2.0, 3.0, 2.0, 3.0, 3.0, 2.0, 2.0, 2.0, 4.0, 2.0, 2.0, 3.0, 1.0]]

first layer check: Conv2d(9, 64, kernel_size=(7, 7), stride=(2, 2), padding=(3, 3), bias=False)

for model 1: mode acc: 0.2857142984867096, run mean acc: 0.27666667103767395, top-2 acc:0.49958333373069763, mode f1: 0.2857142984867096

model 1 mode preds
[4.0, 2.0, 2.0, 4.0, 4.0, 4.0, 4.0, 2.0, 2.0, 4.0, 3.0, 4.0, 1.0, 4.0, 4.0, 4.0, 4.0, 4.0, 4.0, 2.0, 2.0, 3.0, 4.0, 4.0, 2.0, 3.0, 4.0, 1.0, 2.0, 4.0, 1.0, 2.0, 4.0, 4.0, 2.0, 2.0, 2.0, 4.0, 2.0, 2.0, 2.0, 1.0]

model 1 all preds
[[4.0, 4.0, 1.0, 4.0, 4.0, 4.0, 4.0, 2.0, 2.0, 4.0, 3.0, 4.0, 1.0, 4.0, 4.0, 4.0, 2.0, 4.0, 4.0, 2.0, 3.0, 3.0, 4.0, 4.0, 2.0, 3.0, 4.0, 1.0, 2.0, 2.0, 1.0, 2.0, 4.0, 2.0, 2.0, 2.0, 2.0, 4.0, 4.0, 2.0, 2.0, 2.0], [4.0, 2.0, 1.0, 4.0, 4.0, 4.0, 4.0, 1.0, 4.0, 4.0, 3.0, 2.0, 1.0, 4.0, 4.0, 4.0, 4.0, 4.0, 4.0, 2.0, 1.0, 3.0, 3.0, 4.0, 2.0, 3.0, 4.0, 1.0, 2.0, 2.0, 1.0, 2.0, 4.0, 4.0, 2.0, 2.0, 2.0, 4.0, 2.0, 2.0, 2.0, 1.0], [4.0, 2.0, 1.0, 4.0, 4.0, 4.0, 4.0, 2.0, 2.0, 4.0, 3.0, 4.0, 1.0, 4.0, 4.0, 4.0, 4.0, 4.0, 4.0, 2.0, 2.0, 3.0, 4.0, 4.0, 2.0, 3.0, 4.0, 1.0, 2.0, 2.0, 1.0, 1.0, 2.0, 4.0, 2.0, 2.0, 2.0, 4.0, 4.0, 4.0, 2.0, 1.0], [4.0, 2.0, 3.0, 4.0, 4.0, 4.0, 5.0, 1.0, 2.0, 4.0, 3.0, 4.0, 2.0, 4.0, 4.0, 4.0, 4.0, 2.0, 4.0, 4.0, 2.0, 3.0, 4.0, 4.0, 2.0, 3.0, 4.0, 1.0, 2.0, 4.0, 1.0, 2.0, 4.0, 4.0, 2.0, 2.0, 2.0, 4.0, 4.0, 2.0, 2.0, 1.0], [5.0, 2.0, 2.0, 4.0, 4.0, 4.0, 4.0, 2.0, 2.0, 4.0, 4.0, 4.0, 3.0, 4.0, 4.0, 4.0, 4.0, 3.0, 2.0, 2.0, 3.0, 3.0, 4.0, 1.0, 2.0, 3.0, 2.0, 1.0, 4.0, 2.0, 1.0, 2.0, 4.0, 4.0, 2.0, 2.0, 2.0, 4.0, 4.0, 2.0, 2.0, 2.0], [4.0, 2.0, 1.0, 4.0, 4.0, 4.0, 2.0, 1.0, 2.0, 4.0, 3.0, 2.0, 1.0, 4.0, 4.0, 4.0, 2.0, 3.0, 4.0, 4.0, 2.0, 3.0, 4.0, 4.0, 2.0, 3.0, 4.0, 1.0, 2.0, 2.0, 1.0, 2.0, 4.0, 4.0, 2.0, 2.0, 2.0, 4.0, 4.0, 2.0, 1.0, 2.0], [4.0, 2.0, 2.0, 4.0, 4.0, 4.0, 4.0, 2.0, 2.0, 4.0, 4.0, 2.0, 1.0, 4.0, 4.0, 4.0, 2.0, 4.0, 4.0, 4.0, 2.0, 3.0, 4.0, 3.0, 2.0, 3.0, 4.0, 1.0, 4.0, 4.0, 3.0, 2.0, 3.0, 3.0, 2.0, 2.0, 2.0, 4.0, 4.0, 2.0, 2.0, 2.0], [4.0, 2.0, 1.0, 4.0, 6.0, 4.0, 4.0, 2.0, 2.0, 4.0, 3.0, 2.0, 1.0, 4.0, 4.0, 4.0, 2.0, 3.0, 4.0, 4.0, 3.0, 3.0, 1.0, 4.0, 2.0, 3.0, 4.0, 1.0, 2.0, 4.0, 1.0, 2.0, 2.0, 4.0, 2.0, 2.0, 2.0, 4.0, 2.0, 2.0, 2.0, 2.0], [4.0, 4.0, 2.0, 4.0, 4.0, 4.0, 4.0, 1.0, 2.0, 4.0, 3.0, 2.0, 1.0, 4.0, 4.0, 4.0, 4.0, 4.0, 4.0, 4.0, 3.0, 3.0, 4.0, 6.0, 2.0, 3.0, 4.0, 1.0, 4.0, 4.0, 1.0, 2.0, 4.0, 4.0, 2.0, 2.0, 2.0, 4.0, 4.0, 4.0, 2.0, 1.0], [4.0, 2.0, 1.0, 4.0, 4.0, 4.0, 4.0, 2.0, 2.0, 4.0, 3.0, 4.0, 3.0, 4.0, 4.0, 4.0, 4.0, 4.0, 4.0, 2.0, 2.0, 3.0, 4.0, 4.0, 2.0, 3.0, 4.0, 1.0, 2.0, 4.0, 1.0, 2.0, 4.0, 4.0, 2.0, 2.0, 2.0, 4.0, 4.0, 2.0, 4.0, 2.0], [4.0, 2.0, 2.0, 4.0, 4.0, 4.0, 4.0, 2.0, 2.0, 4.0, 4.0, 2.0, 1.0, 3.0, 4.0, 4.0, 4.0, 3.0, 4.0, 2.0, 2.0, 3.0, 4.0, 4.0, 2.0, 3.0, 4.0, 1.0, 4.0, 2.0, 1.0, 2.0, 4.0, 4.0, 2.0, 2.0, 2.0, 4.0, 4.0, 4.0, 2.0, 1.0], [4.0, 2.0, 2.0, 4.0, 4.0, 4.0, 5.0, 1.0, 2.0, 4.0, 4.0, 4.0, 1.0, 4.0, 4.0, 4.0, 4.0, 4.0, 4.0, 2.0, 3.0, 3.0, 3.0, 4.0, 2.0, 3.0, 4.0, 1.0, 4.0, 4.0, 1.0, 2.0, 4.0, 4.0, 2.0, 2.0, 2.0, 4.0, 2.0, 3.0, 2.0, 1.0], [4.0, 2.0, 1.0, 4.0, 4.0, 4.0, 2.0, 2.0, 2.0, 4.0, 3.0, 1.0, 1.0, 4.0, 4.0, 4.0, 4.0, 3.0, 4.0, 2.0, 2.0, 3.0, 4.0, 4.0, 2.0, 3.0, 4.0, 1.0, 2.0, 2.0, 3.0, 2.0, 4.0, 4.0, 2.0, 2.0, 2.0, 4.0, 2.0, 2.0, 2.0, 2.0], [4.0, 2.0, 2.0, 4.0, 4.0, 4.0, 5.0, 2.0, 2.0, 4.0, 3.0, 4.0, 3.0, 4.0, 4.0, 4.0, 4.0, 4.0, 4.0, 4.0, 2.0, 3.0, 4.0, 4.0, 2.0, 3.0, 4.0, 1.0, 4.0, 2.0, 3.0, 2.0, 2.0, 4.0, 2.0, 2.0, 2.0, 4.0, 2.0, 3.0, 2.0, 1.0], [4.0, 2.0, 3.0, 4.0, 4.0, 4.0, 4.0, 2.0, 2.0, 4.0, 4.0, 4.0, 1.0, 4.0, 4.0, 4.0, 4.0, 4.0, 4.0, 4.0, 2.0, 3.0, 4.0, 4.0, 2.0, 3.0, 4.0, 1.0, 4.0, 4.0, 1.0, 2.0, 2.0, 4.0, 2.0, 2.0, 2.0, 4.0, 4.0, 2.0, 2.0, 1.0], [4.0, 2.0, 2.0, 4.0, 4.0, 4.0, 4.0, 1.0, 2.0, 4.0, 3.0, 4.0, 1.0, 4.0, 4.0, 4.0, 4.0, 4.0, 4.0, 2.0, 2.0, 3.0, 4.0, 6.0, 2.0, 3.0, 2.0, 1.0, 2.0, 2.0, 1.0, 2.0, 2.0, 4.0, 2.0, 2.0, 2.0, 4.0, 4.0, 2.0, 2.0, 2.0], [4.0, 3.0, 2.0, 4.0, 4.0, 4.0, 2.0, 2.0, 2.0, 4.0, 4.0, 4.0, 3.0, 4.0, 5.0, 4.0, 4.0, 3.0, 4.0, 2.0, 3.0, 3.0, 4.0, 4.0, 2.0, 3.0, 4.0, 1.0, 2.0, 4.0, 3.0, 2.0, 4.0, 4.0, 2.0, 2.0, 2.0, 4.0, 2.0, 2.0, 2.0, 1.0], [4.0, 4.0, 1.0, 4.0, 4.0, 4.0, 5.0, 2.0, 2.0, 4.0, 3.0, 4.0, 1.0, 4.0, 4.0, 4.0, 2.0, 3.0, 4.0, 2.0, 2.0, 3.0, 4.0, 4.0, 2.0, 3.0, 4.0, 1.0, 4.0, 4.0, 1.0, 1.0, 4.0, 4.0, 2.0, 2.0, 2.0, 4.0, 2.0, 3.0, 4.0, 1.0], [4.0, 2.0, 1.0, 4.0, 4.0, 4.0, 2.0, 1.0, 2.0, 4.0, 3.0, 4.0, 1.0, 3.0, 4.0, 2.0, 2.0, 4.0, 4.0, 2.0, 2.0, 3.0, 3.0, 4.0, 2.0, 3.0, 4.0, 1.0, 4.0, 4.0, 1.0, 2.0, 4.0, 4.0, 2.0, 2.0, 2.0, 4.0, 2.0, 2.0, 2.0, 1.0], [4.0, 4.0, 2.0, 4.0, 4.0, 4.0, 4.0, 2.0, 2.0, 4.0, 4.0, 2.0, 3.0, 4.0, 4.0, 4.0, 4.0, 4.0, 4.0, 2.0, 3.0, 3.0, 4.0, 4.0, 2.0, 3.0, 4.0, 1.0, 4.0, 4.0, 2.0, 1.0, 2.0, 4.0, 2.0, 2.0, 2.0, 4.0, 4.0, 4.0, 2.0, 1.0], [4.0, 2.0, 3.0, 4.0, 4.0, 4.0, 2.0, 2.0, 2.0, 4.0, 3.0, 4.0, 1.0, 4.0, 4.0, 4.0, 4.0, 4.0, 4.0, 2.0, 3.0, 3.0, 3.0, 4.0, 2.0, 3.0, 4.0, 1.0, 2.0, 2.0, 1.0, 2.0, 2.0, 4.0, 2.0, 2.0, 2.0, 4.0, 2.0, 2.0, 2.0, 2.0], [4.0, 2.0, 2.0, 4.0, 4.0, 4.0, 4.0, 2.0, 2.0, 4.0, 3.0, 4.0, 1.0, 4.0, 4.0, 4.0, 2.0, 3.0, 4.0, 4.0, 2.0, 3.0, 4.0, 4.0, 2.0, 3.0, 2.0, 1.0, 2.0, 2.0, 2.0, 2.0, 2.0, 4.0, 2.0, 2.0, 2.0, 4.0, 3.0, 2.0, 3.0, 1.0], [4.0, 2.0, 1.0, 4.0, 4.0, 4.0, 4.0, 2.0, 2.0, 4.0, 3.0, 2.0, 3.0, 4.0, 4.0, 4.0, 4.0, 4.0, 4.0, 2.0, 2.0, 3.0, 3.0, 4.0, 2.0, 3.0, 4.0, 1.0, 4.0, 2.0, 1.0, 1.0, 2.0, 2.0, 2.0, 2.0, 2.0, 4.0, 2.0, 2.0, 2.0, 2.0], [4.0, 4.0, 2.0, 4.0, 4.0, 4.0, 2.0, 2.0, 2.0, 4.0, 4.0, 4.0, 1.0, 4.0, 4.0, 4.0, 4.0, 3.0, 4.0, 2.0, 3.0, 3.0, 1.0, 4.0, 2.0, 3.0, 4.0, 1.0, 2.0, 2.0, 1.0, 2.0, 4.0, 4.0, 2.0, 2.0, 2.0, 4.0, 2.0, 4.0, 4.0, 1.0], [4.0, 4.0, 1.0, 4.0, 4.0, 4.0, 2.0, 2.0, 2.0, 4.0, 3.0, 4.0, 1.0, 2.0, 4.0, 2.0, 4.0, 3.0, 4.0, 2.0, 2.0, 3.0, 4.0, 4.0, 2.0, 3.0, 4.0, 1.0, 2.0, 2.0, 2.0, 2.0, 4.0, 4.0, 2.0, 2.0, 2.0, 4.0, 4.0, 2.0, 4.0, 2.0], [4.0, 4.0, 1.0, 4.0, 4.0, 4.0, 4.0, 1.0, 2.0, 4.0, 4.0, 4.0, 1.0, 4.0, 4.0, 4.0, 4.0, 3.0, 4.0, 2.0, 2.0, 3.0, 4.0, 4.0, 2.0, 3.0, 4.0, 1.0, 4.0, 4.0, 1.0, 1.0, 2.0, 4.0, 2.0, 2.0, 2.0, 4.0, 4.0, 1.0, 4.0, 1.0], [4.0, 2.0, 3.0, 4.0, 4.0, 4.0, 2.0, 2.0, 2.0, 4.0, 3.0, 1.0, 1.0, 4.0, 4.0, 4.0, 4.0, 2.0, 4.0, 4.0, 3.0, 3.0, 4.0, 4.0, 2.0, 3.0, 4.0, 1.0, 2.0, 4.0, 3.0, 2.0, 4.0, 3.0, 2.0, 2.0, 2.0, 4.0, 4.0, 2.0, 2.0, 1.0], [4.0, 2.0, 2.0, 4.0, 4.0, 4.0, 4.0, 2.0, 2.0, 4.0, 3.0, 4.0, 1.0, 4.0, 4.0, 4.0, 4.0, 4.0, 4.0, 4.0, 3.0, 3.0, 4.0, 4.0, 2.0, 3.0, 4.0, 1.0, 4.0, 4.0, 1.0, 2.0, 3.0, 4.0, 2.0, 2.0, 2.0, 4.0, 2.0, 2.0, 2.0, 1.0], [4.0, 4.0, 2.0, 4.0, 4.0, 4.0, 2.0, 1.0, 2.0, 4.0, 3.0, 4.0, 1.0, 4.0, 4.0, 4.0, 4.0, 3.0, 4.0, 2.0, 2.0, 3.0, 4.0, 4.0, 2.0, 3.0, 4.0, 1.0, 2.0, 2.0, 1.0, 2.0, 4.0, 4.0, 2.0, 2.0, 2.0, 4.0, 4.0, 2.0, 3.0, 2.0], [4.0, 2.0, 2.0, 4.0, 4.0, 4.0, 2.0, 2.0, 2.0, 4.0, 3.0, 2.0, 1.0, 4.0, 4.0, 2.0, 4.0, 3.0, 5.0, 2.0, 2.0, 3.0, 4.0, 4.0, 2.0, 3.0, 4.0, 1.0, 2.0, 4.0, 1.0, 1.0, 4.0, 4.0, 2.0, 2.0, 2.0, 4.0, 2.0, 4.0, 2.0, 2.0], [4.0, 2.0, 1.0, 4.0, 4.0, 3.0, 2.0, 1.0, 4.0, 4.0, 4.0, 4.0, 1.0, 4.0, 4.0, 4.0, 4.0, 4.0, 4.0, 4.0, 3.0, 3.0, 3.0, 4.0, 2.0, 3.0, 4.0, 1.0, 4.0, 4.0, 3.0, 2.0, 4.0, 4.0, 2.0, 2.0, 2.0, 4.0, 2.0, 2.0, 2.0, 2.0], [4.0, 2.0, 2.0, 4.0, 4.0, 4.0, 2.0, 1.0, 2.0, 4.0, 4.0, 4.0, 1.0, 4.0, 4.0, 4.0, 4.0, 4.0, 4.0, 4.0, 2.0, 3.0, 4.0, 4.0, 2.0, 3.0, 4.0, 1.0, 4.0, 4.0, 2.0, 2.0, 4.0, 4.0, 2.0, 2.0, 2.0, 4.0, 2.0, 1.0, 4.0, 1.0], [4.0, 2.0, 1.0, 4.0, 4.0, 4.0, 2.0, 2.0, 2.0, 4.0, 3.0, 2.0, 1.0, 4.0, 4.0, 2.0, 4.0, 4.0, 4.0, 2.0, 3.0, 3.0, 4.0, 4.0, 2.0, 3.0, 4.0, 1.0, 2.0, 4.0, 3.0, 2.0, 4.0, 4.0, 2.0, 2.0, 2.0, 4.0, 2.0, 2.0, 2.0, 1.0], [4.0, 2.0, 1.0, 4.0, 4.0, 4.0, 2.0, 2.0, 2.0, 4.0, 3.0, 4.0, 1.0, 4.0, 4.0, 4.0, 4.0, 3.0, 4.0, 2.0, 2.0, 3.0, 4.0, 4.0, 2.0, 3.0, 4.0, 1.0, 2.0, 4.0, 1.0, 2.0, 4.0, 4.0, 2.0, 2.0, 2.0, 4.0, 4.0, 2.0, 2.0, 2.0], [4.0, 2.0, 2.0, 4.0, 4.0, 4.0, 2.0, 1.0, 4.0, 4.0, 4.0, 4.0, 1.0, 4.0, 4.0, 4.0, 4.0, 3.0, 4.0, 4.0, 2.0, 3.0, 4.0, 4.0, 2.0, 3.0, 4.0, 1.0, 4.0, 4.0, 3.0, 2.0, 4.0, 4.0, 2.0, 2.0, 4.0, 4.0, 2.0, 2.0, 2.0, 2.0], [4.0, 2.0, 2.0, 4.0, 5.0, 4.0, 2.0, 1.0, 4.0, 4.0, 4.0, 4.0, 3.0, 4.0, 4.0, 4.0, 4.0, 4.0, 4.0, 2.0, 2.0, 3.0, 4.0, 4.0, 2.0, 3.0, 4.0, 1.0, 2.0, 2.0, 1.0, 2.0, 2.0, 4.0, 2.0, 2.0, 2.0, 4.0, 2.0, 4.0, 2.0, 1.0], [4.0, 2.0, 2.0, 4.0, 4.0, 4.0, 4.0, 1.0, 2.0, 4.0, 3.0, 4.0, 1.0, 4.0, 4.0, 2.0, 2.0, 3.0, 4.0, 4.0, 2.0, 3.0, 3.0, 4.0, 2.0, 3.0, 4.0, 1.0, 2.0, 2.0, 1.0, 2.0, 4.0, 4.0, 2.0, 2.0, 2.0, 4.0, 2.0, 2.0, 2.0, 1.0], [4.0, 4.0, 2.0, 4.0, 4.0, 4.0, 5.0, 1.0, 2.0, 4.0, 4.0, 2.0, 1.0, 4.0, 4.0, 4.0, 4.0, 4.0, 4.0, 4.0, 2.0, 3.0, 1.0, 4.0, 2.0, 3.0, 4.0, 1.0, 2.0, 4.0, 3.0, 2.0, 2.0, 4.0, 2.0, 2.0, 2.0, 4.0, 2.0, 2.0, 4.0, 2.0], [4.0, 2.0, 2.0, 4.0, 3.0, 4.0, 5.0, 2.0, 2.0, 4.0, 3.0, 4.0, 1.0, 4.0, 4.0, 2.0, 4.0, 2.0, 4.0, 4.0, 2.0, 3.0, 3.0, 4.0, 2.0, 3.0, 2.0, 1.0, 2.0, 2.0, 1.0, 2.0, 2.0, 4.0, 2.0, 2.0, 2.0, 4.0, 2.0, 2.0, 2.0, 2.0], [4.0, 2.0, 3.0, 4.0, 4.0, 4.0, 4.0, 2.0, 2.0, 4.0, 4.0, 4.0, 1.0, 4.0, 4.0, 2.0, 2.0, 4.0, 4.0, 2.0, 3.0, 3.0, 4.0, 4.0, 2.0, 3.0, 4.0, 1.0, 4.0, 4.0, 3.0, 2.0, 3.0, 4.0, 2.0, 2.0, 2.0, 4.0, 2.0, 2.0, 2.0, 1.0], [4.0, 2.0, 2.0, 4.0, 4.0, 4.0, 4.0, 1.0, 2.0, 4.0, 4.0, 4.0, 1.0, 4.0, 4.0, 4.0, 2.0, 3.0, 4.0, 2.0, 2.0, 3.0, 4.0, 4.0, 2.0, 3.0, 4.0, 1.0, 4.0, 2.0, 1.0, 2.0, 2.0, 4.0, 2.0, 2.0, 2.0, 4.0, 4.0, 2.0, 2.0, 1.0], [4.0, 4.0, 2.0, 4.0, 4.0, 4.0, 2.0, 1.0, 2.0, 4.0, 4.0, 4.0, 1.0, 4.0, 4.0, 4.0, 4.0, 3.0, 4.0, 2.0, 2.0, 3.0, 4.0, 4.0, 2.0, 3.0, 2.0, 1.0, 2.0, 4.0, 1.0, 1.0, 4.0, 4.0, 2.0, 2.0, 2.0, 4.0, 4.0, 2.0, 2.0, 2.0], [4.0, 4.0, 2.0, 4.0, 4.0, 4.0, 4.0, 2.0, 2.0, 4.0, 4.0, 2.0, 3.0, 4.0, 4.0, 4.0, 4.0, 4.0, 4.0, 4.0, 2.0, 3.0, 4.0, 4.0, 2.0, 3.0, 4.0, 1.0, 2.0, 2.0, 1.0, 2.0, 4.0, 2.0, 2.0, 2.0, 2.0, 4.0, 2.0, 4.0, 2.0, 1.0], [4.0, 4.0, 2.0, 4.0, 4.0, 4.0, 4.0, 2.0, 2.0, 3.0, 3.0, 4.0, 1.0, 4.0, 4.0, 4.0, 2.0, 4.0, 4.0, 4.0, 3.0, 3.0, 4.0, 4.0, 2.0, 3.0, 4.0, 1.0, 2.0, 2.0, 1.0, 1.0, 2.0, 3.0, 2.0, 2.0, 2.0, 4.0, 2.0, 1.0, 2.0, 1.0], [4.0, 4.0, 2.0, 4.0, 4.0, 4.0, 5.0, 2.0, 2.0, 4.0, 4.0, 2.0, 1.0, 4.0, 4.0, 4.0, 4.0, 4.0, 4.0, 4.0, 3.0, 3.0, 4.0, 4.0, 2.0, 3.0, 2.0, 1.0, 2.0, 4.0, 3.0, 2.0, 4.0, 4.0, 2.0, 2.0, 2.0, 4.0, 2.0, 2.0, 2.0, 1.0], [4.0, 4.0, 2.0, 4.0, 4.0, 4.0, 4.0, 2.0, 2.0, 4.0, 3.0, 2.0, 1.0, 4.0, 4.0, 4.0, 4.0, 3.0, 4.0, 2.0, 3.0, 3.0, 3.0, 4.0, 2.0, 3.0, 4.0, 1.0, 2.0, 4.0, 1.0, 1.0, 4.0, 4.0, 2.0, 2.0, 2.0, 4.0, 2.0, 2.0, 4.0, 1.0], [4.0, 2.0, 2.0, 4.0, 4.0, 4.0, 4.0, 2.0, 2.0, 4.0, 3.0, 4.0, 1.0, 4.0, 4.0, 2.0, 4.0, 4.0, 4.0, 2.0, 2.0, 3.0, 4.0, 4.0, 2.0, 3.0, 4.0, 1.0, 4.0, 4.0, 1.0, 2.0, 2.0, 4.0, 2.0, 2.0, 2.0, 4.0, 4.0, 2.0, 2.0, 2.0], [4.0, 2.0, 3.0, 4.0, 4.0, 4.0, 4.0, 1.0, 2.0, 4.0, 4.0, 4.0, 1.0, 4.0, 4.0, 4.0, 4.0, 3.0, 4.0, 4.0, 2.0, 3.0, 4.0, 4.0, 2.0, 3.0, 2.0, 1.0, 4.0, 2.0, 3.0, 2.0, 2.0, 4.0, 2.0, 2.0, 2.0, 4.0, 4.0, 4.0, 2.0, 1.0], [4.0, 4.0, 1.0, 4.0, 4.0, 4.0, 2.0, 2.0, 4.0, 4.0, 4.0, 4.0, 3.0, 4.0, 4.0, 4.0, 2.0, 3.0, 4.0, 4.0, 2.0, 3.0, 4.0, 4.0, 2.0, 3.0, 2.0, 1.0, 2.0, 2.0, 1.0, 2.0, 4.0, 3.0, 2.0, 2.0, 2.0, 4.0, 4.0, 2.0, 4.0, 2.0], [4.0, 2.0, 2.0, 4.0, 4.0, 4.0, 3.0, 2.0, 2.0, 4.0, 3.0, 4.0, 1.0, 4.0, 4.0, 4.0, 4.0, 3.0, 4.0, 4.0, 3.0, 3.0, 4.0, 4.0, 2.0, 3.0, 4.0, 1.0, 2.0, 2.0, 1.0, 2.0, 4.0, 3.0, 2.0, 1.0, 2.0, 4.0, 2.0, 2.0, 4.0, 1.0]]

first layer check: Conv2d(9, 64, kernel_size=(7, 7), stride=(2, 2), padding=(3, 3), bias=False)

for model 2: mode acc: 0.261904776096344, run mean acc: 0.27791666984558105, top-2 acc:0.47708335518836975, mode f1: 0.261904776096344

model 2 mode preds
[5.0, 3.0, 1.0, 4.0, 6.0, 6.0, 4.0, 1.0, 4.0, 3.0, 3.0, 4.0, 1.0, 3.0, 5.0, 6.0, 4.0, 3.0, 4.0, 3.0, 3.0, 3.0, 6.0, 6.0, 1.0, 3.0, 5.0, 1.0, 4.0, 1.0, 1.0, 2.0, 5.0, 2.0, 4.0, 2.0, 5.0, 4.0, 2.0, 2.0, 4.0, 1.0]

model 2 all preds
[[5.0, 2.0, 1.0, 4.0, 6.0, 4.0, 4.0, 1.0, 3.0, 4.0, 3.0, 3.0, 1.0, 3.0, 5.0, 6.0, 4.0, 3.0, 4.0, 3.0, 3.0, 3.0, 6.0, 6.0, 4.0, 3.0, 5.0, 1.0, 4.0, 3.0, 1.0, 2.0, 3.0, 6.0, 4.0, 5.0, 5.0, 4.0, 3.0, 2.0, 4.0, 1.0], [5.0, 3.0, 1.0, 4.0, 6.0, 6.0, 4.0, 1.0, 4.0, 3.0, 3.0, 4.0, 1.0, 3.0, 5.0, 6.0, 4.0, 3.0, 4.0, 3.0, 3.0, 3.0, 6.0, 4.0, 1.0, 3.0, 4.0, 1.0, 4.0, 1.0, 1.0, 2.0, 3.0, 2.0, 4.0, 2.0, 2.0, 5.0, 2.0, 2.0, 4.0, 1.0], [3.0, 2.0, 1.0, 4.0, 4.0, 4.0, 4.0, 1.0, 4.0, 5.0, 3.0, 3.0, 1.0, 3.0, 5.0, 6.0, 4.0, 3.0, 4.0, 2.0, 3.0, 3.0, 6.0, 6.0, 1.0, 3.0, 5.0, 1.0, 4.0, 1.0, 3.0, 2.0, 3.0, 3.0, 4.0, 2.0, 6.0, 4.0, 3.0, 2.0, 4.0, 1.0], [4.0, 0.0, 1.0, 4.0, 6.0, 6.0, 5.0, 1.0, 3.0, 5.0, 3.0, 3.0, 1.0, 3.0, 6.0, 6.0, 3.0, 3.0, 4.0, 3.0, 3.0, 3.0, 6.0, 3.0, 1.0, 3.0, 5.0, 1.0, 4.0, 1.0, 1.0, 2.0, 3.0, 5.0, 4.0, 2.0, 5.0, 4.0, 2.0, 2.0, 4.0, 1.0], [5.0, 3.0, 1.0, 4.0, 6.0, 4.0, 5.0, 1.0, 3.0, 5.0, 3.0, 4.0, 1.0, 3.0, 4.0, 6.0, 5.0, 3.0, 4.0, 3.0, 3.0, 3.0, 1.0, 5.0, 1.0, 3.0, 5.0, 1.0, 4.0, 2.0, 1.0, 2.0, 3.0, 2.0, 4.0, 4.0, 3.0, 4.0, 2.0, 1.0, 4.0, 1.0], [5.0, 2.0, 1.0, 4.0, 3.0, 6.0, 4.0, 1.0, 4.0, 4.0, 3.0, 4.0, 1.0, 3.0, 2.0, 6.0, 4.0, 3.0, 4.0, 3.0, 3.0, 3.0, 4.0, 6.0, 2.0, 3.0, 4.0, 1.0, 4.0, 3.0, 1.0, 2.0, 5.0, 3.0, 4.0, 2.0, 4.0, 4.0, 1.0, 3.0, 2.0, 1.0], [5.0, 3.0, 1.0, 5.0, 6.0, 6.0, 4.0, 1.0, 3.0, 3.0, 3.0, 5.0, 1.0, 5.0, 5.0, 6.0, 4.0, 3.0, 4.0, 3.0, 3.0, 3.0, 6.0, 5.0, 1.0, 3.0, 5.0, 1.0, 4.0, 1.0, 1.0, 2.0, 4.0, 2.0, 4.0, 2.0, 6.0, 4.0, 2.0, 2.0, 2.0, 1.0], [4.0, 3.0, 1.0, 4.0, 6.0, 4.0, 5.0, 1.0, 3.0, 5.0, 3.0, 5.0, 1.0, 3.0, 4.0, 6.0, 5.0, 3.0, 4.0, 3.0, 2.0, 3.0, 3.0, 6.0, 1.0, 3.0, 4.0, 1.0, 4.0, 1.0, 1.0, 2.0, 1.0, 3.0, 4.0, 2.0, 2.0, 4.0, 1.0, 4.0, 4.0, 1.0], [5.0, 0.0, 1.0, 4.0, 3.0, 6.0, 5.0, 1.0, 3.0, 3.0, 3.0, 4.0, 1.0, 3.0, 5.0, 5.0, 4.0, 3.0, 4.0, 3.0, 2.0, 3.0, 4.0, 5.0, 1.0, 3.0, 4.0, 1.0, 4.0, 3.0, 1.0, 4.0, 4.0, 3.0, 4.0, 5.0, 2.0, 4.0, 1.0, 2.0, 4.0, 1.0], [6.0, 3.0, 1.0, 4.0, 3.0, 6.0, 5.0, 1.0, 3.0, 3.0, 3.0, 5.0, 1.0, 3.0, 5.0, 6.0, 4.0, 3.0, 4.0, 2.0, 3.0, 3.0, 6.0, 6.0, 2.0, 3.0, 4.0, 1.0, 4.0, 1.0, 1.0, 2.0, 1.0, 4.0, 4.0, 3.0, 2.0, 4.0, 2.0, 2.0, 4.0, 1.0], [4.0, 3.0, 1.0, 4.0, 6.0, 6.0, 3.0, 2.0, 4.0, 3.0, 3.0, 4.0, 1.0, 3.0, 5.0, 6.0, 3.0, 3.0, 4.0, 3.0, 3.0, 3.0, 4.0, 3.0, 1.0, 3.0, 5.0, 1.0, 4.0, 1.0, 1.0, 2.0, 2.0, 5.0, 4.0, 5.0, 3.0, 4.0, 3.0, 2.0, 4.0, 1.0], [5.0, 3.0, 1.0, 6.0, 6.0, 6.0, 6.0, 1.0, 4.0, 3.0, 3.0, 3.0, 1.0, 5.0, 5.0, 6.0, 3.0, 5.0, 4.0, 2.0, 3.0, 3.0, 1.0, 6.0, 2.0, 3.0, 5.0, 1.0, 4.0, 3.0, 1.0, 2.0, 2.0, 3.0, 4.0, 5.0, 5.0, 4.0, 3.0, 2.0, 2.0, 1.0], [4.0, 2.0, 1.0, 4.0, 6.0, 6.0, 3.0, 1.0, 4.0, 5.0, 3.0, 3.0, 1.0, 3.0, 5.0, 6.0, 4.0, 5.0, 4.0, 3.0, 2.0, 3.0, 4.0, 4.0, 1.0, 3.0, 5.0, 1.0, 4.0, 0.0, 1.0, 2.0, 2.0, 2.0, 4.0, 3.0, 2.0, 4.0, 4.0, 1.0, 4.0, 1.0], [4.0, 2.0, 1.0, 4.0, 3.0, 6.0, 4.0, 1.0, 4.0, 3.0, 3.0, 4.0, 1.0, 3.0, 5.0, 6.0, 4.0, 3.0, 4.0, 0.0, 3.0, 3.0, 3.0, 6.0, 1.0, 3.0, 5.0, 1.0, 4.0, 1.0, 1.0, 2.0, 4.0, 3.0, 4.0, 2.0, 4.0, 4.0, 3.0, 2.0, 4.0, 1.0], [5.0, 3.0, 1.0, 4.0, 6.0, 6.0, 5.0, 1.0, 3.0, 3.0, 3.0, 4.0, 1.0, 3.0, 5.0, 6.0, 3.0, 3.0, 4.0, 2.0, 2.0, 3.0, 6.0, 4.0, 1.0, 3.0, 4.0, 1.0, 4.0, 1.0, 1.0, 2.0, 5.0, 2.0, 4.0, 2.0, 5.0, 4.0, 3.0, 2.0, 2.0, 1.0], [4.0, 0.0, 1.0, 5.0, 6.0, 3.0, 4.0, 1.0, 4.0, 3.0, 3.0, 4.0, 1.0, 3.0, 5.0, 5.0, 4.0, 3.0, 4.0, 3.0, 2.0, 3.0, 6.0, 5.0, 4.0, 3.0, 4.0, 1.0, 4.0, 3.0, 1.0, 2.0, 5.0, 5.0, 4.0, 4.0, 4.0, 4.0, 3.0, 2.0, 4.0, 1.0], [5.0, 3.0, 1.0, 4.0, 6.0, 6.0, 4.0, 2.0, 4.0, 5.0, 3.0, 5.0, 1.0, 3.0, 5.0, 5.0, 4.0, 3.0, 4.0, 2.0, 2.0, 3.0, 1.0, 6.0, 1.0, 3.0, 4.0, 1.0, 4.0, 1.0, 1.0, 2.0, 5.0, 5.0, 4.0, 5.0, 5.0, 4.0, 3.0, 2.0, 4.0, 1.0], [5.0, 3.0, 1.0, 4.0, 3.0, 4.0, 5.0, 1.0, 4.0, 3.0, 3.0, 4.0, 1.0, 3.0, 5.0, 6.0, 4.0, 3.0, 3.0, 3.0, 2.0, 3.0, 4.0, 4.0, 2.0, 3.0, 4.0, 1.0, 4.0, 3.0, 1.0, 2.0, 1.0, 2.0, 4.0, 5.0, 5.0, 4.0, 3.0, 2.0, 2.0, 1.0], [4.0, 3.0, 1.0, 4.0, 6.0, 6.0, 5.0, 1.0, 3.0, 4.0, 3.0, 4.0, 1.0, 5.0, 4.0, 6.0, 3.0, 3.0, 4.0, 3.0, 3.0, 3.0, 6.0, 5.0, 2.0, 3.0, 5.0, 1.0, 4.0, 1.0, 1.0, 2.0, 3.0, 3.0, 4.0, 3.0, 3.0, 4.0, 3.0, 1.0, 4.0, 1.0], [4.0, 3.0, 1.0, 4.0, 6.0, 4.0, 5.0, 1.0, 3.0, 4.0, 3.0, 3.0, 1.0, 3.0, 5.0, 6.0, 4.0, 5.0, 4.0, 2.0, 2.0, 3.0, 6.0, 6.0, 4.0, 3.0, 5.0, 1.0, 4.0, 3.0, 1.0, 2.0, 4.0, 5.0, 4.0, 5.0, 2.0, 4.0, 2.0, 2.0, 4.0, 1.0], [4.0, 3.0, 1.0, 4.0, 6.0, 6.0, 5.0, 1.0, 4.0, 3.0, 3.0, 4.0, 1.0, 3.0, 5.0, 5.0, 4.0, 3.0, 4.0, 3.0, 2.0, 3.0, 6.0, 4.0, 2.0, 3.0, 5.0, 1.0, 4.0, 3.0, 1.0, 2.0, 2.0, 5.0, 4.0, 2.0, 2.0, 4.0, 3.0, 2.0, 4.0, 1.0], [5.0, 0.0, 1.0, 4.0, 6.0, 6.0, 5.0, 2.0, 3.0, 4.0, 3.0, 4.0, 1.0, 3.0, 6.0, 6.0, 3.0, 2.0, 4.0, 3.0, 3.0, 3.0, 6.0, 6.0, 2.0, 3.0, 5.0, 1.0, 4.0, 1.0, 1.0, 2.0, 2.0, 4.0, 4.0, 3.0, 2.0, 5.0, 2.0, 2.0, 4.0, 1.0], [5.0, 2.0, 1.0, 6.0, 4.0, 6.0, 5.0, 1.0, 4.0, 3.0, 3.0, 3.0, 1.0, 5.0, 5.0, 6.0, 4.0, 3.0, 5.0, 2.0, 3.0, 3.0, 6.0, 6.0, 3.0, 3.0, 4.0, 1.0, 4.0, 3.0, 1.0, 2.0, 5.0, 5.0, 4.0, 3.0, 2.0, 4.0, 2.0, 1.0, 4.0, 1.0], [6.0, 3.0, 1.0, 5.0, 6.0, 3.0, 5.0, 1.0, 4.0, 5.0, 3.0, 5.0, 1.0, 3.0, 5.0, 6.0, 4.0, 3.0, 4.0, 3.0, 2.0, 3.0, 6.0, 6.0, 4.0, 3.0, 4.0, 1.0, 4.0, 1.0, 1.0, 4.0, 5.0, 2.0, 4.0, 5.0, 6.0, 5.0, 2.0, 2.0, 4.0, 1.0], [4.0, 0.0, 1.0, 4.0, 6.0, 6.0, 4.0, 1.0, 4.0, 4.0, 3.0, 4.0, 1.0, 3.0, 5.0, 6.0, 4.0, 3.0, 5.0, 2.0, 2.0, 3.0, 6.0, 6.0, 2.0, 3.0, 5.0, 1.0, 4.0, 3.0, 1.0, 2.0, 4.0, 5.0, 4.0, 2.0, 3.0, 6.0, 2.0, 1.0, 4.0, 1.0], [5.0, 3.0, 1.0, 4.0, 6.0, 6.0, 4.0, 1.0, 3.0, 3.0, 3.0, 5.0, 1.0, 3.0, 5.0, 6.0, 5.0, 3.0, 4.0, 2.0, 3.0, 3.0, 1.0, 5.0, 2.0, 3.0, 4.0, 1.0, 4.0, 1.0, 1.0, 2.0, 5.0, 3.0, 4.0, 5.0, 6.0, 4.0, 2.0, 3.0, 4.0, 1.0], [6.0, 2.0, 1.0, 4.0, 6.0, 6.0, 4.0, 1.0, 4.0, 4.0, 3.0, 4.0, 1.0, 3.0, 5.0, 5.0, 4.0, 3.0, 4.0, 0.0, 3.0, 3.0, 6.0, 4.0, 1.0, 3.0, 5.0, 1.0, 4.0, 1.0, 1.0, 2.0, 5.0, 5.0, 4.0, 3.0, 4.0, 4.0, 2.0, 2.0, 4.0, 1.0], [4.0, 0.0, 1.0, 4.0, 6.0, 4.0, 4.0, 1.0, 4.0, 5.0, 3.0, 5.0, 1.0, 3.0, 5.0, 6.0, 4.0, 3.0, 4.0, 2.0, 3.0, 3.0, 6.0, 6.0, 1.0, 3.0, 4.0, 1.0, 4.0, 1.0, 1.0, 2.0, 5.0, 5.0, 4.0, 2.0, 5.0, 4.0, 2.0, 2.0, 4.0, 1.0], [5.0, 0.0, 1.0, 6.0, 6.0, 6.0, 5.0, 1.0, 4.0, 3.0, 3.0, 4.0, 1.0, 3.0, 5.0, 5.0, 3.0, 5.0, 4.0, 3.0, 3.0, 3.0, 6.0, 6.0, 2.0, 3.0, 4.0, 1.0, 4.0, 1.0, 1.0, 2.0, 3.0, 6.0, 4.0, 3.0, 4.0, 4.0, 2.0, 2.0, 4.0, 1.0], [5.0, 3.0, 1.0, 4.0, 6.0, 6.0, 3.0, 1.0, 4.0, 5.0, 3.0, 2.0, 1.0, 3.0, 5.0, 6.0, 4.0, 5.0, 4.0, 3.0, 1.0, 3.0, 6.0, 3.0, 2.0, 3.0, 4.0, 1.0, 4.0, 1.0, 1.0, 2.0, 4.0, 2.0, 4.0, 5.0, 4.0, 4.0, 2.0, 4.0, 4.0, 1.0], [4.0, 0.0, 1.0, 4.0, 6.0, 5.0, 5.0, 1.0, 4.0, 3.0, 3.0, 4.0, 1.0, 3.0, 4.0, 5.0, 4.0, 3.0, 4.0, 3.0, 2.0, 3.0, 4.0, 4.0, 1.0, 3.0, 4.0, 1.0, 4.0, 2.0, 1.0, 2.0, 2.0, 2.0, 4.0, 2.0, 4.0, 4.0, 2.0, 2.0, 4.0, 1.0], [5.0, 3.0, 1.0, 4.0, 6.0, 5.0, 4.0, 1.0, 4.0, 4.0, 3.0, 4.0, 1.0, 3.0, 5.0, 6.0, 4.0, 3.0, 4.0, 3.0, 3.0, 3.0, 6.0, 6.0, 2.0, 3.0, 4.0, 1.0, 4.0, 3.0, 1.0, 2.0, 5.0, 3.0, 4.0, 5.0, 5.0, 6.0, 2.0, 2.0, 4.0, 1.0], [4.0, 2.0, 1.0, 4.0, 3.0, 6.0, 4.0, 2.0, 4.0, 4.0, 3.0, 5.0, 1.0, 3.0, 5.0, 6.0, 4.0, 3.0, 3.0, 3.0, 2.0, 3.0, 4.0, 6.0, 3.0, 3.0, 4.0, 1.0, 4.0, 1.0, 1.0, 2.0, 5.0, 2.0, 4.0, 5.0, 5.0, 4.0, 2.0, 2.0, 4.0, 1.0], [4.0, 0.0, 1.0, 4.0, 6.0, 6.0, 4.0, 2.0, 3.0, 4.0, 3.0, 4.0, 1.0, 5.0, 5.0, 6.0, 4.0, 3.0, 4.0, 3.0, 3.0, 3.0, 4.0, 4.0, 6.0, 3.0, 5.0, 1.0, 4.0, 4.0, 1.0, 2.0, 1.0, 3.0, 4.0, 5.0, 2.0, 6.0, 6.0, 1.0, 4.0, 1.0], [4.0, 3.0, 1.0, 4.0, 6.0, 3.0, 5.0, 1.0, 3.0, 3.0, 3.0, 3.0, 1.0, 3.0, 5.0, 6.0, 3.0, 3.0, 5.0, 5.0, 2.0, 3.0, 6.0, 4.0, 2.0, 3.0, 5.0, 1.0, 4.0, 3.0, 1.0, 2.0, 4.0, 2.0, 4.0, 3.0, 2.0, 4.0, 3.0, 4.0, 4.0, 1.0], [5.0, 3.0, 1.0, 4.0, 6.0, 6.0, 4.0, 1.0, 3.0, 3.0, 3.0, 4.0, 1.0, 3.0, 5.0, 6.0, 3.0, 5.0, 5.0, 3.0, 3.0, 3.0, 4.0, 6.0, 2.0, 3.0, 4.0, 1.0, 4.0, 3.0, 1.0, 4.0, 5.0, 2.0, 4.0, 5.0, 3.0, 6.0, 1.0, 2.0, 4.0, 1.0], [4.0, 2.0, 1.0, 4.0, 6.0, 6.0, 2.0, 1.0, 4.0, 5.0, 3.0, 5.0, 1.0, 3.0, 5.0, 6.0, 4.0, 5.0, 4.0, 2.0, 2.0, 3.0, 6.0, 5.0, 3.0, 3.0, 5.0, 1.0, 4.0, 3.0, 1.0, 2.0, 3.0, 2.0, 4.0, 2.0, 2.0, 4.0, 2.0, 2.0, 4.0, 1.0], [5.0, 3.0, 1.0, 4.0, 6.0, 3.0, 4.0, 1.0, 3.0, 3.0, 3.0, 4.0, 1.0, 3.0, 6.0, 6.0, 5.0, 3.0, 4.0, 2.0, 2.0, 3.0, 6.0, 6.0, 4.0, 3.0, 4.0, 1.0, 4.0, 1.0, 1.0, 2.0, 2.0, 5.0, 4.0, 5.0, 5.0, 6.0, 2.0, 1.0, 4.0, 1.0], [4.0, 2.0, 1.0, 4.0, 6.0, 6.0, 4.0, 1.0, 4.0, 3.0, 3.0, 4.0, 1.0, 3.0, 5.0, 6.0, 4.0, 5.0, 4.0, 3.0, 3.0, 3.0, 1.0, 6.0, 2.0, 3.0, 5.0, 1.0, 4.0, 4.0, 1.0, 2.0, 1.0, 2.0, 4.0, 5.0, 2.0, 4.0, 2.0, 2.0, 4.0, 1.0], [4.0, 2.0, 1.0, 5.0, 6.0, 6.0, 4.0, 6.0, 3.0, 3.0, 3.0, 3.0, 1.0, 3.0, 5.0, 6.0, 4.0, 5.0, 6.0, 2.0, 2.0, 3.0, 4.0, 4.0, 1.0, 3.0, 5.0, 1.0, 5.0, 1.0, 1.0, 2.0, 4.0, 5.0, 4.0, 4.0, 5.0, 4.0, 3.0, 2.0, 4.0, 1.0], [5.0, 2.0, 1.0, 4.0, 6.0, 5.0, 5.0, 1.0, 4.0, 3.0, 3.0, 5.0, 1.0, 3.0, 5.0, 6.0, 4.0, 3.0, 5.0, 3.0, 3.0, 3.0, 6.0, 6.0, 1.0, 3.0, 5.0, 1.0, 4.0, 3.0, 1.0, 2.0, 3.0, 2.0, 4.0, 2.0, 6.0, 4.0, 2.0, 2.0, 4.0, 1.0], [5.0, 0.0, 1.0, 4.0, 6.0, 6.0, 4.0, 1.0, 4.0, 3.0, 3.0, 5.0, 1.0, 5.0, 5.0, 6.0, 5.0, 3.0, 5.0, 2.0, 2.0, 3.0, 6.0, 2.0, 1.0, 3.0, 5.0, 1.0, 4.0, 1.0, 1.0, 2.0, 5.0, 3.0, 4.0, 2.0, 3.0, 5.0, 3.0, 2.0, 4.0, 1.0], [4.0, 3.0, 1.0, 4.0, 6.0, 5.0, 4.0, 2.0, 4.0, 3.0, 3.0, 4.0, 1.0, 3.0, 5.0, 6.0, 4.0, 3.0, 4.0, 2.0, 2.0, 3.0, 6.0, 6.0, 1.0, 3.0, 5.0, 1.0, 4.0, 3.0, 1.0, 2.0, 4.0, 2.0, 4.0, 4.0, 5.0, 4.0, 3.0, 2.0, 4.0, 1.0], [4.0, 2.0, 1.0, 4.0, 6.0, 6.0, 4.0, 1.0, 4.0, 5.0, 3.0, 3.0, 1.0, 3.0, 5.0, 5.0, 4.0, 3.0, 4.0, 3.0, 3.0, 3.0, 3.0, 6.0, 4.0, 3.0, 5.0, 1.0, 4.0, 4.0, 1.0, 2.0, 4.0, 3.0, 4.0, 2.0, 3.0, 6.0, 2.0, 2.0, 4.0, 1.0], [5.0, 3.0, 1.0, 4.0, 6.0, 6.0, 5.0, 1.0, 4.0, 3.0, 3.0, 5.0, 1.0, 3.0, 4.0, 6.0, 4.0, 3.0, 4.0, 3.0, 3.0, 3.0, 6.0, 5.0, 2.0, 3.0, 5.0, 2.0, 4.0, 3.0, 1.0, 2.0, 2.0, 5.0, 4.0, 5.0, 5.0, 4.0, 1.0, 2.0, 4.0, 1.0], [5.0, 0.0, 1.0, 4.0, 6.0, 6.0, 5.0, 1.0, 4.0, 5.0, 3.0, 4.0, 1.0, 3.0, 5.0, 6.0, 4.0, 5.0, 6.0, 3.0, 3.0, 3.0, 3.0, 4.0, 1.0, 3.0, 4.0, 1.0, 4.0, 1.0, 1.0, 2.0, 4.0, 2.0, 4.0, 2.0, 4.0, 6.0, 2.0, 2.0, 4.0, 1.0], [5.0, 3.0, 1.0, 4.0, 6.0, 6.0, 4.0, 1.0, 4.0, 5.0, 3.0, 3.0, 1.0, 3.0, 6.0, 6.0, 3.0, 3.0, 5.0, 2.0, 3.0, 3.0, 1.0, 3.0, 1.0, 3.0, 5.0, 1.0, 4.0, 1.0, 1.0, 2.0, 2.0, 6.0, 4.0, 2.0, 4.0, 4.0, 2.0, 2.0, 4.0, 1.0], [6.0, 3.0, 1.0, 4.0, 6.0, 6.0, 5.0, 1.0, 3.0, 3.0, 3.0, 4.0, 1.0, 3.0, 6.0, 5.0, 4.0, 3.0, 4.0, 2.0, 2.0, 3.0, 6.0, 4.0, 2.0, 3.0, 4.0, 1.0, 4.0, 3.0, 1.0, 2.0, 3.0, 5.0, 4.0, 3.0, 3.0, 5.0, 2.0, 2.0, 4.0, 1.0], [4.0, 2.0, 1.0, 4.0, 6.0, 6.0, 4.0, 1.0, 4.0, 4.0, 3.0, 4.0, 1.0, 3.0, 6.0, 6.0, 4.0, 3.0, 4.0, 3.0, 3.0, 3.0, 4.0, 3.0, 1.0, 3.0, 5.0, 1.0, 4.0, 3.0, 1.0, 2.0, 5.0, 2.0, 4.0, 3.0, 6.0, 4.0, 1.0, 2.0, 4.0, 1.0], [4.0, 3.0, 1.0, 4.0, 6.0, 3.0, 4.0, 1.0, 4.0, 5.0, 3.0, 3.0, 1.0, 5.0, 5.0, 5.0, 3.0, 3.0, 4.0, 0.0, 2.0, 3.0, 1.0, 6.0, 4.0, 3.0, 5.0, 1.0, 4.0, 1.0, 1.0, 2.0, 1.0, 4.0, 4.0, 5.0, 5.0, 4.0, 2.0, 2.0, 4.0, 1.0]]

first layer check: Conv2d(9, 64, kernel_size=(7, 7), stride=(2, 2), padding=(3, 3), bias=False)

for model 3: mode acc: 0.261904776096344, run mean acc: 0.26374998688697815, top-2 acc:0.5149999856948853, mode f1: 0.261904776096344

model 3 mode preds
[4.0, 3.0, 1.0, 4.0, 6.0, 6.0, 3.0, 2.0, 4.0, 4.0, 4.0, 4.0, 1.0, 4.0, 4.0, 6.0, 4.0, 3.0, 6.0, 4.0, 3.0, 4.0, 4.0, 6.0, 2.0, 4.0, 4.0, 1.0, 4.0, 3.0, 2.0, 2.0, 4.0, 3.0, 1.0, 2.0, 4.0, 4.0, 4.0, 4.0, 3.0, 1.0]

model 3 all preds
[[4.0, 3.0, 1.0, 4.0, 4.0, 6.0, 6.0, 1.0, 4.0, 4.0, 4.0, 4.0, 1.0, 4.0, 6.0, 6.0, 4.0, 4.0, 4.0, 3.0, 3.0, 4.0, 4.0, 6.0, 2.0, 4.0, 4.0, 3.0, 4.0, 3.0, 2.0, 2.0, 4.0, 4.0, 1.0, 3.0, 3.0, 4.0, 4.0, 6.0, 3.0, 1.0], [4.0, 2.0, 1.0, 4.0, 4.0, 4.0, 3.0, 2.0, 4.0, 4.0, 4.0, 4.0, 1.0, 4.0, 4.0, 6.0, 4.0, 3.0, 6.0, 4.0, 3.0, 4.0, 4.0, 4.0, 2.0, 4.0, 4.0, 1.0, 4.0, 4.0, 2.0, 2.0, 4.0, 3.0, 1.0, 4.0, 3.0, 4.0, 4.0, 4.0, 3.0, 1.0], [4.0, 3.0, 1.0, 4.0, 4.0, 4.0, 4.0, 1.0, 4.0, 4.0, 4.0, 4.0, 1.0, 6.0, 4.0, 6.0, 4.0, 3.0, 6.0, 2.0, 3.0, 4.0, 6.0, 6.0, 3.0, 4.0, 2.0, 3.0, 4.0, 2.0, 2.0, 3.0, 4.0, 4.0, 1.0, 2.0, 3.0, 4.0, 4.0, 4.0, 3.0, 1.0], [4.0, 4.0, 3.0, 4.0, 6.0, 4.0, 6.0, 2.0, 4.0, 4.0, 4.0, 3.0, 1.0, 4.0, 4.0, 6.0, 4.0, 4.0, 6.0, 4.0, 3.0, 4.0, 4.0, 3.0, 2.0, 4.0, 4.0, 3.0, 4.0, 2.0, 2.0, 2.0, 3.0, 3.0, 1.0, 6.0, 4.0, 6.0, 4.0, 4.0, 3.0, 1.0], [4.0, 3.0, 4.0, 4.0, 4.0, 4.0, 4.0, 1.0, 3.0, 4.0, 4.0, 4.0, 1.0, 3.0, 4.0, 6.0, 4.0, 3.0, 3.0, 4.0, 3.0, 4.0, 6.0, 3.0, 2.0, 4.0, 4.0, 3.0, 4.0, 4.0, 2.0, 2.0, 4.0, 4.0, 1.0, 2.0, 4.0, 4.0, 4.0, 4.0, 3.0, 1.0], [4.0, 4.0, 3.0, 4.0, 6.0, 3.0, 3.0, 2.0, 4.0, 4.0, 3.0, 4.0, 1.0, 4.0, 4.0, 6.0, 4.0, 3.0, 6.0, 4.0, 3.0, 4.0, 4.0, 3.0, 3.0, 4.0, 4.0, 1.0, 4.0, 3.0, 1.0, 2.0, 4.0, 3.0, 1.0, 3.0, 4.0, 4.0, 4.0, 4.0, 3.0, 1.0], [3.0, 3.0, 1.0, 4.0, 6.0, 4.0, 3.0, 2.0, 4.0, 4.0, 4.0, 4.0, 1.0, 4.0, 4.0, 6.0, 4.0, 3.0, 4.0, 4.0, 3.0, 4.0, 4.0, 4.0, 2.0, 4.0, 4.0, 3.0, 4.0, 4.0, 2.0, 2.0, 3.0, 4.0, 1.0, 6.0, 4.0, 4.0, 4.0, 2.0, 3.0, 1.0], [4.0, 3.0, 1.0, 4.0, 4.0, 6.0, 3.0, 2.0, 4.0, 4.0, 4.0, 4.0, 1.0, 4.0, 4.0, 6.0, 4.0, 3.0, 6.0, 4.0, 3.0, 4.0, 4.0, 3.0, 3.0, 4.0, 4.0, 3.0, 4.0, 3.0, 2.0, 2.0, 3.0, 3.0, 1.0, 4.0, 4.0, 4.0, 3.0, 4.0, 2.0, 1.0], [6.0, 3.0, 1.0, 4.0, 1.0, 4.0, 6.0, 2.0, 4.0, 4.0, 4.0, 4.0, 1.0, 4.0, 4.0, 6.0, 4.0, 3.0, 4.0, 4.0, 3.0, 4.0, 4.0, 6.0, 4.0, 4.0, 4.0, 2.0, 4.0, 3.0, 1.0, 2.0, 3.0, 4.0, 1.0, 2.0, 4.0, 4.0, 4.0, 6.0, 4.0, 1.0], [4.0, 3.0, 3.0, 4.0, 6.0, 6.0, 3.0, 2.0, 4.0, 4.0, 4.0, 4.0, 1.0, 3.0, 4.0, 4.0, 4.0, 4.0, 4.0, 4.0, 3.0, 4.0, 6.0, 6.0, 2.0, 4.0, 2.0, 2.0, 4.0, 3.0, 2.0, 2.0, 4.0, 3.0, 1.0, 2.0, 4.0, 6.0, 4.0, 2.0, 4.0, 2.0], [4.0, 2.0, 1.0, 4.0, 6.0, 6.0, 4.0, 2.0, 4.0, 4.0, 4.0, 4.0, 1.0, 4.0, 4.0, 6.0, 4.0, 3.0, 6.0, 4.0, 3.0, 4.0, 6.0, 3.0, 4.0, 4.0, 4.0, 1.0, 4.0, 4.0, 2.0, 2.0, 3.0, 3.0, 1.0, 2.0, 4.0, 4.0, 3.0, 6.0, 3.0, 1.0], [4.0, 4.0, 3.0, 4.0, 6.0, 6.0, 3.0, 2.0, 4.0, 4.0, 4.0, 4.0, 1.0, 6.0, 4.0, 6.0, 4.0, 3.0, 6.0, 4.0, 3.0, 4.0, 2.0, 6.0, 3.0, 4.0, 4.0, 1.0, 4.0, 3.0, 2.0, 2.0, 4.0, 3.0, 1.0, 2.0, 4.0, 4.0, 4.0, 4.0, 4.0, 1.0], [4.0, 3.0, 1.0, 6.0, 4.0, 4.0, 3.0, 2.0, 4.0, 4.0, 4.0, 4.0, 1.0, 4.0, 4.0, 6.0, 4.0, 3.0, 6.0, 4.0, 3.0, 4.0, 3.0, 3.0, 2.0, 4.0, 4.0, 1.0, 4.0, 3.0, 2.0, 2.0, 4.0, 4.0, 1.0, 2.0, 4.0, 4.0, 3.0, 4.0, 3.0, 1.0], [4.0, 3.0, 1.0, 4.0, 6.0, 3.0, 3.0, 2.0, 4.0, 4.0, 4.0, 4.0, 1.0, 4.0, 4.0, 6.0, 4.0, 3.0, 4.0, 4.0, 3.0, 4.0, 3.0, 6.0, 4.0, 4.0, 4.0, 3.0, 4.0, 2.0, 2.0, 3.0, 3.0, 3.0, 1.0, 2.0, 4.0, 4.0, 4.0, 2.0, 3.0, 1.0], [4.0, 3.0, 3.0, 4.0, 6.0, 6.0, 3.0, 1.0, 4.0, 4.0, 4.0, 4.0, 1.0, 4.0, 4.0, 6.0, 4.0, 4.0, 4.0, 4.0, 3.0, 4.0, 4.0, 6.0, 3.0, 4.0, 4.0, 1.0, 4.0, 4.0, 2.0, 3.0, 4.0, 4.0, 1.0, 4.0, 4.0, 4.0, 3.0, 4.0, 4.0, 1.0], [4.0, 2.0, 1.0, 4.0, 6.0, 3.0, 3.0, 2.0, 3.0, 4.0, 4.0, 4.0, 1.0, 4.0, 4.0, 6.0, 4.0, 3.0, 3.0, 3.0, 3.0, 4.0, 4.0, 6.0, 2.0, 4.0, 4.0, 1.0, 4.0, 3.0, 1.0, 2.0, 4.0, 4.0, 1.0, 4.0, 4.0, 4.0, 4.0, 3.0, 3.0, 1.0], [4.0, 3.0, 1.0, 6.0, 3.0, 4.0, 3.0, 2.0, 4.0, 3.0, 4.0, 4.0, 1.0, 4.0, 4.0, 6.0, 3.0, 3.0, 4.0, 4.0, 3.0, 4.0, 4.0, 6.0, 4.0, 4.0, 4.0, 2.0, 4.0, 3.0, 2.0, 2.0, 3.0, 3.0, 1.0, 2.0, 3.0, 4.0, 4.0, 4.0, 3.0, 3.0], [4.0, 2.0, 1.0, 4.0, 6.0, 6.0, 3.0, 2.0, 4.0, 4.0, 4.0, 4.0, 1.0, 6.0, 4.0, 6.0, 4.0, 3.0, 6.0, 4.0, 3.0, 4.0, 4.0, 6.0, 4.0, 4.0, 4.0, 1.0, 4.0, 3.0, 2.0, 2.0, 4.0, 6.0, 1.0, 4.0, 4.0, 4.0, 4.0, 3.0, 3.0, 1.0], [4.0, 3.0, 3.0, 4.0, 1.0, 6.0, 3.0, 1.0, 4.0, 4.0, 4.0, 4.0, 1.0, 4.0, 4.0, 6.0, 3.0, 3.0, 6.0, 4.0, 3.0, 4.0, 4.0, 6.0, 4.0, 4.0, 4.0, 3.0, 4.0, 3.0, 2.0, 2.0, 4.0, 4.0, 1.0, 4.0, 4.0, 4.0, 4.0, 3.0, 4.0, 1.0], [4.0, 3.0, 1.0, 4.0, 6.0, 6.0, 3.0, 2.0, 4.0, 4.0, 4.0, 4.0, 1.0, 6.0, 4.0, 6.0, 4.0, 3.0, 6.0, 4.0, 3.0, 4.0, 4.0, 4.0, 4.0, 4.0, 4.0, 2.0, 4.0, 3.0, 2.0, 2.0, 4.0, 3.0, 1.0, 4.0, 4.0, 4.0, 4.0, 4.0, 4.0, 2.0], [6.0, 3.0, 3.0, 4.0, 6.0, 6.0, 4.0, 2.0, 3.0, 4.0, 4.0, 4.0, 1.0, 6.0, 4.0, 6.0, 4.0, 3.0, 6.0, 4.0, 3.0, 4.0, 4.0, 6.0, 2.0, 4.0, 4.0, 2.0, 4.0, 4.0, 1.0, 2.0, 4.0, 3.0, 1.0, 3.0, 4.0, 4.0, 4.0, 4.0, 3.0, 1.0], [4.0, 3.0, 3.0, 4.0, 6.0, 4.0, 3.0, 1.0, 3.0, 4.0, 4.0, 3.0, 1.0, 6.0, 4.0, 6.0, 4.0, 3.0, 6.0, 2.0, 3.0, 4.0, 4.0, 4.0, 2.0, 4.0, 4.0, 2.0, 4.0, 3.0, 2.0, 3.0, 4.0, 3.0, 1.0, 2.0, 4.0, 4.0, 4.0, 3.0, 2.0, 1.0], [3.0, 3.0, 1.0, 4.0, 4.0, 4.0, 3.0, 2.0, 4.0, 4.0, 3.0, 4.0, 1.0, 4.0, 4.0, 6.0, 4.0, 3.0, 4.0, 4.0, 3.0, 4.0, 4.0, 6.0, 4.0, 4.0, 4.0, 1.0, 4.0, 2.0, 1.0, 2.0, 3.0, 3.0, 1.0, 2.0, 3.0, 6.0, 4.0, 4.0, 4.0, 1.0], [6.0, 3.0, 3.0, 4.0, 4.0, 6.0, 3.0, 2.0, 4.0, 4.0, 4.0, 4.0, 1.0, 4.0, 4.0, 6.0, 4.0, 4.0, 6.0, 3.0, 3.0, 4.0, 4.0, 6.0, 2.0, 4.0, 4.0, 1.0, 4.0, 4.0, 2.0, 3.0, 4.0, 4.0, 1.0, 2.0, 4.0, 4.0, 4.0, 3.0, 3.0, 2.0], [4.0, 3.0, 1.0, 4.0, 6.0, 6.0, 4.0, 2.0, 3.0, 4.0, 4.0, 4.0, 1.0, 4.0, 4.0, 6.0, 4.0, 3.0, 4.0, 3.0, 3.0, 4.0, 2.0, 6.0, 4.0, 4.0, 4.0, 2.0, 4.0, 3.0, 2.0, 2.0, 3.0, 3.0, 1.0, 2.0, 4.0, 4.0, 4.0, 4.0, 4.0, 1.0], [4.0, 3.0, 3.0, 4.0, 6.0, 4.0, 4.0, 2.0, 4.0, 4.0, 4.0, 4.0, 1.0, 4.0, 4.0, 6.0, 4.0, 4.0, 6.0, 2.0, 3.0, 4.0, 4.0, 3.0, 2.0, 4.0, 2.0, 3.0, 4.0, 3.0, 1.0, 2.0, 3.0, 3.0, 1.0, 2.0, 4.0, 4.0, 4.0, 2.0, 3.0, 1.0], [4.0, 3.0, 1.0, 4.0, 4.0, 4.0, 3.0, 1.0, 4.0, 4.0, 4.0, 4.0, 1.0, 4.0, 4.0, 6.0, 4.0, 3.0, 4.0, 4.0, 3.0, 4.0, 3.0, 6.0, 3.0, 4.0, 4.0, 3.0, 4.0, 4.0, 1.0, 3.0, 4.0, 4.0, 1.0, 2.0, 2.0, 4.0, 4.0, 4.0, 4.0, 2.0], [4.0, 3.0, 3.0, 4.0, 6.0, 4.0, 4.0, 1.0, 4.0, 4.0, 4.0, 4.0, 1.0, 4.0, 4.0, 6.0, 4.0, 3.0, 4.0, 4.0, 3.0, 4.0, 2.0, 6.0, 3.0, 4.0, 4.0, 1.0, 4.0, 3.0, 1.0, 2.0, 3.0, 4.0, 1.0, 2.0, 4.0, 4.0, 4.0, 4.0, 4.0, 1.0], [6.0, 3.0, 1.0, 4.0, 6.0, 6.0, 3.0, 1.0, 4.0, 4.0, 4.0, 4.0, 1.0, 4.0, 4.0, 6.0, 4.0, 3.0, 3.0, 4.0, 3.0, 4.0, 6.0, 4.0, 4.0, 4.0, 5.0, 3.0, 4.0, 3.0, 2.0, 2.0, 4.0, 4.0, 1.0, 2.0, 3.0, 6.0, 4.0, 4.0, 2.0, 1.0], [4.0, 3.0, 3.0, 4.0, 6.0, 6.0, 6.0, 2.0, 4.0, 4.0, 4.0, 4.0, 1.0, 4.0, 4.0, 4.0, 4.0, 3.0, 4.0, 4.0, 3.0, 4.0, 6.0, 6.0, 2.0, 4.0, 4.0, 2.0, 4.0, 3.0, 2.0, 2.0, 4.0, 4.0, 1.0, 4.0, 4.0, 4.0, 4.0, 4.0, 2.0, 1.0], [4.0, 3.0, 1.0, 6.0, 6.0, 6.0, 6.0, 2.0, 3.0, 4.0, 4.0, 3.0, 1.0, 4.0, 4.0, 6.0, 4.0, 3.0, 4.0, 3.0, 3.0, 4.0, 4.0, 3.0, 3.0, 4.0, 4.0, 2.0, 4.0, 4.0, 2.0, 2.0, 4.0, 2.0, 1.0, 6.0, 4.0, 4.0, 4.0, 2.0, 2.0, 1.0], [4.0, 2.0, 1.0, 4.0, 6.0, 4.0, 3.0, 2.0, 4.0, 4.0, 4.0, 4.0, 1.0, 4.0, 4.0, 4.0, 4.0, 4.0, 6.0, 2.0, 3.0, 4.0, 4.0, 6.0, 2.0, 4.0, 4.0, 1.0, 4.0, 3.0, 2.0, 2.0, 4.0, 3.0, 1.0, 2.0, 4.0, 4.0, 4.0, 6.0, 3.0, 1.0], [4.0, 3.0, 3.0, 4.0, 6.0, 6.0, 4.0, 2.0, 4.0, 4.0, 4.0, 4.0, 1.0, 4.0, 4.0, 4.0, 4.0, 4.0, 3.0, 4.0, 3.0, 4.0, 6.0, 3.0, 2.0, 4.0, 4.0, 1.0, 4.0, 3.0, 2.0, 3.0, 3.0, 4.0, 1.0, 2.0, 4.0, 4.0, 3.0, 4.0, 3.0, 1.0], [3.0, 3.0, 1.0, 4.0, 6.0, 6.0, 3.0, 2.0, 4.0, 4.0, 4.0, 4.0, 1.0, 4.0, 4.0, 6.0, 4.0, 3.0, 6.0, 3.0, 3.0, 4.0, 2.0, 6.0, 4.0, 4.0, 4.0, 1.0, 4.0, 3.0, 2.0, 2.0, 3.0, 6.0, 1.0, 2.0, 4.0, 4.0, 4.0, 4.0, 4.0, 2.0], [4.0, 3.0, 1.0, 4.0, 6.0, 6.0, 6.0, 2.0, 4.0, 4.0, 4.0, 4.0, 1.0, 4.0, 4.0, 6.0, 4.0, 4.0, 4.0, 4.0, 3.0, 4.0, 4.0, 6.0, 4.0, 4.0, 2.0, 3.0, 4.0, 4.0, 2.0, 2.0, 4.0, 4.0, 1.0, 2.0, 2.0, 4.0, 4.0, 3.0, 4.0, 1.0], [4.0, 3.0, 1.0, 4.0, 6.0, 6.0, 4.0, 1.0, 4.0, 4.0, 4.0, 4.0, 1.0, 4.0, 4.0, 6.0, 4.0, 4.0, 4.0, 4.0, 3.0, 4.0, 4.0, 6.0, 4.0, 4.0, 4.0, 2.0, 4.0, 3.0, 2.0, 2.0, 4.0, 4.0, 1.0, 4.0, 4.0, 4.0, 4.0, 4.0, 4.0, 3.0], [4.0, 3.0, 1.0, 4.0, 4.0, 6.0, 4.0, 2.0, 4.0, 4.0, 4.0, 4.0, 1.0, 4.0, 4.0, 6.0, 4.0, 4.0, 4.0, 2.0, 3.0, 4.0, 4.0, 6.0, 2.0, 4.0, 4.0, 3.0, 4.0, 3.0, 2.0, 2.0, 3.0, 4.0, 1.0, 2.0, 2.0, 4.0, 3.0, 4.0, 3.0, 1.0], [4.0, 4.0, 1.0, 4.0, 6.0, 6.0, 3.0, 1.0, 4.0, 4.0, 4.0, 4.0, 1.0, 4.0, 4.0, 6.0, 4.0, 4.0, 4.0, 4.0, 3.0, 4.0, 6.0, 6.0, 2.0, 4.0, 4.0, 2.0, 4.0, 3.0, 2.0, 2.0, 3.0, 3.0, 1.0, 2.0, 4.0, 4.0, 4.0, 4.0, 3.0, 2.0], [4.0, 3.0, 3.0, 4.0, 6.0, 6.0, 3.0, 2.0, 4.0, 4.0, 4.0, 4.0, 1.0, 4.0, 4.0, 6.0, 4.0, 4.0, 4.0, 4.0, 3.0, 4.0, 6.0, 3.0, 4.0, 4.0, 4.0, 1.0, 4.0, 3.0, 2.0, 2.0, 3.0, 3.0, 1.0, 2.0, 3.0, 4.0, 4.0, 4.0, 3.0, 1.0], [4.0, 3.0, 1.0, 4.0, 4.0, 6.0, 6.0, 2.0, 4.0, 4.0, 4.0, 4.0, 1.0, 4.0, 4.0, 6.0, 4.0, 4.0, 6.0, 4.0, 3.0, 4.0, 3.0, 6.0, 4.0, 4.0, 4.0, 1.0, 4.0, 4.0, 2.0, 2.0, 3.0, 3.0, 1.0, 4.0, 2.0, 4.0, 4.0, 4.0, 4.0, 1.0], [6.0, 3.0, 1.0, 4.0, 6.0, 6.0, 6.0, 1.0, 4.0, 4.0, 3.0, 4.0, 1.0, 4.0, 4.0, 4.0, 4.0, 4.0, 6.0, 4.0, 3.0, 4.0, 4.0, 4.0, 3.0, 4.0, 4.0, 1.0, 4.0, 3.0, 2.0, 3.0, 4.0, 4.0, 1.0, 4.0, 4.0, 4.0, 4.0, 4.0, 4.0, 1.0], [6.0, 4.0, 2.0, 4.0, 6.0, 6.0, 3.0, 2.0, 4.0, 4.0, 4.0, 4.0, 1.0, 3.0, 4.0, 6.0, 4.0, 3.0, 6.0, 4.0, 3.0, 4.0, 2.0, 6.0, 2.0, 4.0, 4.0, 3.0, 4.0, 4.0, 1.0, 2.0, 3.0, 4.0, 1.0, 2.0, 4.0, 4.0, 4.0, 4.0, 4.0, 2.0], [4.0, 3.0, 1.0, 4.0, 4.0, 6.0, 6.0, 2.0, 4.0, 4.0, 4.0, 4.0, 1.0, 4.0, 4.0, 6.0, 4.0, 4.0, 6.0, 4.0, 3.0, 4.0, 4.0, 6.0, 4.0, 4.0, 4.0, 3.0, 4.0, 3.0, 2.0, 2.0, 4.0, 4.0, 1.0, 2.0, 4.0, 4.0, 4.0, 6.0, 3.0, 1.0], [6.0, 2.0, 1.0, 6.0, 6.0, 4.0, 3.0, 1.0, 4.0, 4.0, 3.0, 3.0, 1.0, 4.0, 4.0, 6.0, 3.0, 4.0, 4.0, 3.0, 3.0, 4.0, 4.0, 6.0, 4.0, 4.0, 2.0, 1.0, 4.0, 4.0, 2.0, 2.0, 4.0, 4.0, 1.0, 4.0, 3.0, 4.0, 4.0, 2.0, 3.0, 1.0], [4.0, 3.0, 3.0, 6.0, 6.0, 6.0, 4.0, 1.0, 4.0, 4.0, 4.0, 4.0, 1.0, 4.0, 4.0, 6.0, 4.0, 3.0, 6.0, 4.0, 3.0, 4.0, 6.0, 6.0, 4.0, 4.0, 4.0, 3.0, 4.0, 3.0, 2.0, 2.0, 3.0, 3.0, 1.0, 4.0, 4.0, 4.0, 4.0, 2.0, 3.0, 1.0], [4.0, 4.0, 1.0, 4.0, 6.0, 6.0, 4.0, 1.0, 4.0, 4.0, 4.0, 4.0, 1.0, 4.0, 4.0, 6.0, 4.0, 3.0, 6.0, 4.0, 3.0, 4.0, 6.0, 6.0, 2.0, 4.0, 4.0, 2.0, 4.0, 3.0, 1.0, 3.0, 4.0, 3.0, 1.0, 3.0, 3.0, 6.0, 4.0, 2.0, 2.0, 1.0], [4.0, 2.0, 3.0, 4.0, 6.0, 4.0, 6.0, 2.0, 4.0, 4.0, 4.0, 4.0, 1.0, 4.0, 4.0, 6.0, 4.0, 3.0, 6.0, 2.0, 3.0, 4.0, 6.0, 6.0, 2.0, 4.0, 4.0, 3.0, 4.0, 2.0, 3.0, 3.0, 3.0, 3.0, 1.0, 4.0, 4.0, 4.0, 4.0, 4.0, 3.0, 1.0], [6.0, 3.0, 1.0, 4.0, 6.0, 6.0, 3.0, 1.0, 4.0, 4.0, 4.0, 4.0, 1.0, 4.0, 4.0, 6.0, 4.0, 4.0, 4.0, 4.0, 3.0, 4.0, 4.0, 6.0, 2.0, 4.0, 4.0, 2.0, 4.0, 3.0, 1.0, 3.0, 4.0, 4.0, 1.0, 3.0, 4.0, 4.0, 4.0, 4.0, 3.0, 2.0], [4.0, 3.0, 3.0, 4.0, 4.0, 3.0, 3.0, 1.0, 4.0, 4.0, 3.0, 4.0, 1.0, 4.0, 4.0, 6.0, 3.0, 3.0, 6.0, 4.0, 3.0, 4.0, 4.0, 3.0, 2.0, 4.0, 4.0, 2.0, 4.0, 3.0, 2.0, 2.0, 4.0, 2.0, 1.0, 2.0, 4.0, 4.0, 3.0, 4.0, 2.0, 1.0], [4.0, 3.0, 3.0, 6.0, 4.0, 6.0, 3.0, 1.0, 4.0, 4.0, 4.0, 4.0, 1.0, 4.0, 4.0, 6.0, 4.0, 4.0, 4.0, 2.0, 3.0, 4.0, 2.0, 6.0, 4.0, 4.0, 4.0, 3.0, 4.0, 2.0, 2.0, 3.0, 3.0, 3.0, 1.0, 2.0, 4.0, 4.0, 3.0, 3.0, 4.0, 1.0]]

first layer check: Conv2d(9, 64, kernel_size=(7, 7), stride=(2, 2), padding=(3, 3), bias=False)

for model 4: mode acc: 0.2142857164144516, run mean acc: 0.20625001192092896, top-2 acc:0.4724999964237213, mode f1: 0.2142857164144516

model 4 mode preds
[1.0, 3.0, 3.0, 1.0, 3.0, 3.0, 1.0, 1.0, 2.0, 1.0, 1.0, 1.0, 1.0, 3.0, 3.0, 1.0, 3.0, 1.0, 1.0, 1.0, 1.0, 3.0, 3.0, 1.0, 1.0, 3.0, 1.0, 1.0, 3.0, 1.0, 3.0, 1.0, 3.0, 3.0, 3.0, 1.0, 1.0, 3.0, 1.0, 3.0, 1.0, 1.0]

model 4 all preds
[[1.0, 3.0, 3.0, 1.0, 3.0, 1.0, 1.0, 1.0, 2.0, 1.0, 1.0, 1.0, 1.0, 3.0, 3.0, 3.0, 1.0, 1.0, 1.0, 1.0, 1.0, 3.0, 3.0, 1.0, 1.0, 3.0, 3.0, 1.0, 1.0, 1.0, 3.0, 1.0, 3.0, 3.0, 1.0, 1.0, 1.0, 3.0, 1.0, 3.0, 1.0, 3.0], [1.0, 3.0, 3.0, 1.0, 3.0, 3.0, 3.0, 3.0, 2.0, 1.0, 1.0, 1.0, 1.0, 3.0, 3.0, 3.0, 1.0, 1.0, 1.0, 1.0, 1.0, 3.0, 1.0, 1.0, 1.0, 3.0, 1.0, 3.0, 3.0, 1.0, 3.0, 1.0, 3.0, 3.0, 3.0, 1.0, 1.0, 3.0, 3.0, 3.0, 1.0, 1.0], [1.0, 3.0, 3.0, 3.0, 3.0, 3.0, 1.0, 3.0, 3.0, 1.0, 1.0, 1.0, 1.0, 3.0, 3.0, 1.0, 3.0, 1.0, 1.0, 1.0, 1.0, 3.0, 3.0, 1.0, 3.0, 3.0, 1.0, 1.0, 3.0, 1.0, 3.0, 1.0, 3.0, 3.0, 1.0, 2.0, 1.0, 3.0, 1.0, 2.0, 1.0, 1.0], [3.0, 3.0, 3.0, 3.0, 3.0, 3.0, 1.0, 1.0, 3.0, 3.0, 3.0, 1.0, 1.0, 1.0, 3.0, 1.0, 3.0, 1.0, 1.0, 1.0, 1.0, 3.0, 3.0, 3.0, 1.0, 3.0, 1.0, 3.0, 3.0, 1.0, 3.0, 1.0, 3.0, 2.0, 3.0, 1.0, 1.0, 1.0, 1.0, 2.0, 1.0, 1.0], [3.0, 3.0, 1.0, 1.0, 3.0, 3.0, 2.0, 3.0, 3.0, 1.0, 1.0, 1.0, 3.0, 3.0, 1.0, 1.0, 3.0, 3.0, 1.0, 1.0, 1.0, 3.0, 3.0, 1.0, 1.0, 3.0, 1.0, 1.0, 3.0, 1.0, 3.0, 1.0, 1.0, 3.0, 3.0, 3.0, 1.0, 3.0, 3.0, 3.0, 1.0, 1.0], [1.0, 3.0, 1.0, 1.0, 3.0, 3.0, 3.0, 3.0, 2.0, 1.0, 1.0, 1.0, 1.0, 1.0, 3.0, 1.0, 1.0, 3.0, 1.0, 1.0, 1.0, 3.0, 3.0, 1.0, 1.0, 3.0, 1.0, 1.0, 1.0, 1.0, 3.0, 1.0, 3.0, 2.0, 3.0, 3.0, 1.0, 3.0, 1.0, 3.0, 3.0, 1.0], [1.0, 3.0, 3.0, 3.0, 3.0, 3.0, 3.0, 3.0, 2.0, 1.0, 1.0, 3.0, 1.0, 1.0, 1.0, 1.0, 1.0, 3.0, 1.0, 1.0, 1.0, 3.0, 3.0, 1.0, 1.0, 3.0, 1.0, 1.0, 1.0, 1.0, 3.0, 1.0, 3.0, 3.0, 1.0, 1.0, 1.0, 3.0, 1.0, 3.0, 1.0, 1.0], [1.0, 3.0, 3.0, 1.0, 3.0, 3.0, 1.0, 1.0, 2.0, 1.0, 1.0, 1.0, 1.0, 1.0, 3.0, 3.0, 3.0, 1.0, 1.0, 1.0, 1.0, 3.0, 3.0, 1.0, 3.0, 3.0, 1.0, 1.0, 1.0, 1.0, 3.0, 1.0, 3.0, 3.0, 3.0, 1.0, 1.0, 3.0, 1.0, 2.0, 1.0, 1.0], [1.0, 1.0, 3.0, 1.0, 3.0, 3.0, 1.0, 3.0, 2.0, 1.0, 1.0, 1.0, 1.0, 1.0, 3.0, 3.0, 1.0, 1.0, 1.0, 1.0, 1.0, 3.0, 1.0, 1.0, 1.0, 3.0, 1.0, 1.0, 3.0, 1.0, 3.0, 1.0, 3.0, 3.0, 3.0, 1.0, 1.0, 3.0, 1.0, 3.0, 1.0, 1.0], [1.0, 3.0, 1.0, 1.0, 3.0, 3.0, 1.0, 1.0, 2.0, 1.0, 1.0, 1.0, 1.0, 1.0, 1.0, 1.0, 3.0, 3.0, 3.0, 1.0, 1.0, 3.0, 3.0, 1.0, 3.0, 3.0, 1.0, 1.0, 3.0, 1.0, 3.0, 1.0, 3.0, 3.0, 1.0, 1.0, 1.0, 3.0, 1.0, 2.0, 1.0, 1.0], [1.0, 3.0, 1.0, 3.0, 3.0, 3.0, 3.0, 1.0, 2.0, 1.0, 1.0, 1.0, 1.0, 1.0, 3.0, 3.0, 1.0, 3.0, 1.0, 1.0, 1.0, 3.0, 3.0, 1.0, 1.0, 3.0, 1.0, 1.0, 1.0, 1.0, 3.0, 1.0, 2.0, 3.0, 3.0, 2.0, 1.0, 1.0, 3.0, 3.0, 3.0, 1.0], [1.0, 1.0, 3.0, 3.0, 3.0, 3.0, 3.0, 1.0, 2.0, 1.0, 1.0, 1.0, 1.0, 1.0, 3.0, 1.0, 1.0, 1.0, 1.0, 1.0, 1.0, 3.0, 3.0, 1.0, 1.0, 3.0, 1.0, 1.0, 3.0, 1.0, 3.0, 1.0, 3.0, 2.0, 3.0, 1.0, 1.0, 3.0, 1.0, 3.0, 1.0, 1.0], [3.0, 3.0, 3.0, 1.0, 3.0, 3.0, 1.0, 1.0, 2.0, 1.0, 1.0, 1.0, 1.0, 3.0, 3.0, 1.0, 1.0, 3.0, 1.0, 1.0, 1.0, 3.0, 2.0, 1.0, 1.0, 3.0, 1.0, 1.0, 3.0, 1.0, 3.0, 1.0, 3.0, 3.0, 1.0, 2.0, 1.0, 3.0, 1.0, 3.0, 1.0, 3.0], [3.0, 3.0, 1.0, 1.0, 3.0, 3.0, 1.0, 1.0, 2.0, 3.0, 1.0, 1.0, 1.0, 3.0, 3.0, 1.0, 1.0, 1.0, 1.0, 1.0, 1.0, 3.0, 3.0, 1.0, 1.0, 3.0, 1.0, 3.0, 3.0, 1.0, 3.0, 1.0, 3.0, 3.0, 3.0, 1.0, 1.0, 3.0, 1.0, 2.0, 1.0, 1.0], [1.0, 3.0, 3.0, 3.0, 3.0, 1.0, 1.0, 1.0, 3.0, 1.0, 1.0, 1.0, 1.0, 3.0, 3.0, 1.0, 1.0, 3.0, 1.0, 1.0, 1.0, 3.0, 3.0, 1.0, 3.0, 3.0, 1.0, 1.0, 1.0, 1.0, 3.0, 1.0, 3.0, 3.0, 3.0, 1.0, 1.0, 3.0, 3.0, 3.0, 1.0, 1.0], [3.0, 3.0, 3.0, 1.0, 3.0, 1.0, 1.0, 3.0, 3.0, 1.0, 1.0, 1.0, 1.0, 3.0, 1.0, 3.0, 3.0, 1.0, 1.0, 1.0, 1.0, 3.0, 3.0, 1.0, 1.0, 3.0, 1.0, 1.0, 3.0, 1.0, 3.0, 1.0, 3.0, 2.0, 3.0, 1.0, 1.0, 3.0, 1.0, 3.0, 1.0, 1.0], [1.0, 3.0, 3.0, 3.0, 3.0, 3.0, 1.0, 1.0, 3.0, 1.0, 1.0, 1.0, 1.0, 1.0, 3.0, 3.0, 3.0, 1.0, 1.0, 1.0, 1.0, 3.0, 3.0, 1.0, 1.0, 3.0, 1.0, 1.0, 3.0, 1.0, 3.0, 1.0, 3.0, 3.0, 1.0, 1.0, 1.0, 3.0, 1.0, 3.0, 1.0, 1.0], [3.0, 3.0, 3.0, 3.0, 3.0, 3.0, 3.0, 1.0, 2.0, 1.0, 1.0, 1.0, 1.0, 3.0, 3.0, 3.0, 3.0, 1.0, 1.0, 1.0, 1.0, 3.0, 1.0, 1.0, 1.0, 3.0, 1.0, 1.0, 1.0, 1.0, 3.0, 1.0, 1.0, 3.0, 1.0, 1.0, 1.0, 3.0, 1.0, 3.0, 1.0, 1.0], [3.0, 3.0, 3.0, 3.0, 3.0, 3.0, 1.0, 1.0, 3.0, 1.0, 3.0, 1.0, 1.0, 1.0, 3.0, 1.0, 1.0, 1.0, 1.0, 1.0, 1.0, 3.0, 1.0, 1.0, 1.0, 3.0, 1.0, 1.0, 1.0, 1.0, 3.0, 1.0, 1.0, 3.0, 1.0, 2.0, 1.0, 3.0, 1.0, 3.0, 1.0, 1.0], [1.0, 3.0, 3.0, 1.0, 3.0, 3.0, 3.0, 1.0, 2.0, 3.0, 3.0, 1.0, 1.0, 3.0, 3.0, 1.0, 3.0, 1.0, 1.0, 1.0, 1.0, 3.0, 3.0, 1.0, 1.0, 3.0, 1.0, 1.0, 1.0, 1.0, 3.0, 1.0, 3.0, 3.0, 1.0, 1.0, 1.0, 3.0, 3.0, 3.0, 1.0, 1.0], [1.0, 3.0, 3.0, 1.0, 3.0, 3.0, 1.0, 1.0, 2.0, 1.0, 1.0, 1.0, 1.0, 3.0, 3.0, 3.0, 3.0, 3.0, 3.0, 1.0, 1.0, 3.0, 3.0, 1.0, 3.0, 3.0, 1.0, 1.0, 3.0, 1.0, 3.0, 1.0, 1.0, 3.0, 3.0, 1.0, 1.0, 1.0, 3.0, 3.0, 1.0, 1.0], [1.0, 3.0, 3.0, 1.0, 3.0, 3.0, 3.0, 1.0, 3.0, 1.0, 1.0, 1.0, 1.0, 3.0, 3.0, 1.0, 3.0, 1.0, 1.0, 1.0, 1.0, 3.0, 3.0, 3.0, 1.0, 3.0, 1.0, 1.0, 3.0, 3.0, 3.0, 1.0, 2.0, 3.0, 1.0, 2.0, 1.0, 1.0, 1.0, 2.0, 3.0, 1.0], [1.0, 3.0, 3.0, 1.0, 3.0, 3.0, 1.0, 1.0, 3.0, 1.0, 1.0, 1.0, 1.0, 3.0, 3.0, 1.0, 1.0, 1.0, 1.0, 1.0, 1.0, 3.0, 3.0, 1.0, 1.0, 3.0, 1.0, 1.0, 3.0, 3.0, 3.0, 1.0, 3.0, 3.0, 1.0, 2.0, 1.0, 3.0, 1.0, 3.0, 3.0, 1.0], [1.0, 3.0, 3.0, 1.0, 3.0, 3.0, 3.0, 3.0, 3.0, 3.0, 1.0, 1.0, 1.0, 1.0, 3.0, 1.0, 1.0, 1.0, 1.0, 1.0, 1.0, 3.0, 3.0, 1.0, 1.0, 3.0, 1.0, 1.0, 1.0, 3.0, 3.0, 1.0, 3.0, 2.0, 3.0, 2.0, 1.0, 3.0, 1.0, 3.0, 3.0, 1.0], [1.0, 3.0, 3.0, 3.0, 3.0, 3.0, 1.0, 1.0, 2.0, 3.0, 1.0, 1.0, 1.0, 3.0, 3.0, 3.0, 3.0, 3.0, 1.0, 1.0, 1.0, 3.0, 3.0, 1.0, 1.0, 3.0, 3.0, 1.0, 1.0, 1.0, 3.0, 1.0, 3.0, 3.0, 1.0, 2.0, 1.0, 1.0, 1.0, 3.0, 1.0, 1.0], [1.0, 3.0, 3.0, 1.0, 3.0, 1.0, 1.0, 1.0, 3.0, 1.0, 1.0, 1.0, 1.0, 3.0, 3.0, 1.0, 3.0, 3.0, 1.0, 1.0, 1.0, 3.0, 1.0, 1.0, 1.0, 3.0, 1.0, 3.0, 3.0, 3.0, 3.0, 1.0, 3.0, 3.0, 3.0, 2.0, 1.0, 3.0, 1.0, 3.0, 3.0, 3.0], [1.0, 3.0, 3.0, 3.0, 3.0, 3.0, 1.0, 1.0, 3.0, 1.0, 1.0, 1.0, 3.0, 3.0, 3.0, 1.0, 1.0, 1.0, 1.0, 1.0, 1.0, 3.0, 1.0, 3.0, 1.0, 3.0, 1.0, 3.0, 1.0, 3.0, 3.0, 1.0, 3.0, 3.0, 3.0, 1.0, 1.0, 3.0, 1.0, 3.0, 3.0, 1.0], [1.0, 3.0, 3.0, 1.0, 3.0, 3.0, 1.0, 1.0, 2.0, 1.0, 1.0, 3.0, 1.0, 3.0, 3.0, 1.0, 1.0, 3.0, 1.0, 1.0, 1.0, 3.0, 3.0, 1.0, 1.0, 3.0, 1.0, 3.0, 3.0, 1.0, 3.0, 1.0, 1.0, 3.0, 1.0, 2.0, 1.0, 1.0, 1.0, 2.0, 1.0, 1.0], [1.0, 3.0, 3.0, 1.0, 3.0, 3.0, 3.0, 3.0, 2.0, 1.0, 3.0, 1.0, 3.0, 3.0, 3.0, 1.0, 3.0, 1.0, 1.0, 1.0, 1.0, 3.0, 1.0, 1.0, 1.0, 3.0, 1.0, 1.0, 1.0, 1.0, 3.0, 1.0, 1.0, 3.0, 3.0, 1.0, 1.0, 3.0, 3.0, 3.0, 3.0, 1.0], [3.0, 3.0, 3.0, 1.0, 3.0, 3.0, 3.0, 1.0, 3.0, 1.0, 1.0, 1.0, 1.0, 3.0, 3.0, 1.0, 1.0, 1.0, 1.0, 1.0, 1.0, 3.0, 3.0, 1.0, 1.0, 3.0, 1.0, 1.0, 1.0, 1.0, 3.0, 1.0, 3.0, 3.0, 1.0, 1.0, 1.0, 3.0, 1.0, 3.0, 1.0, 1.0], [1.0, 3.0, 3.0, 1.0, 3.0, 3.0, 1.0, 1.0, 2.0, 3.0, 3.0, 1.0, 1.0, 1.0, 3.0, 3.0, 1.0, 1.0, 1.0, 1.0, 1.0, 3.0, 1.0, 1.0, 1.0, 3.0, 1.0, 1.0, 1.0, 1.0, 3.0, 1.0, 2.0, 3.0, 3.0, 1.0, 1.0, 3.0, 1.0, 3.0, 1.0, 1.0], [1.0, 3.0, 3.0, 1.0, 3.0, 3.0, 3.0, 1.0, 2.0, 1.0, 1.0, 1.0, 1.0, 3.0, 3.0, 3.0, 3.0, 1.0, 1.0, 1.0, 1.0, 3.0, 3.0, 1.0, 1.0, 3.0, 3.0, 1.0, 1.0, 1.0, 3.0, 1.0, 3.0, 3.0, 3.0, 2.0, 1.0, 3.0, 1.0, 3.0, 1.0, 1.0], [1.0, 3.0, 1.0, 1.0, 3.0, 3.0, 1.0, 3.0, 2.0, 1.0, 1.0, 1.0, 3.0, 3.0, 3.0, 3.0, 1.0, 1.0, 1.0, 1.0, 3.0, 3.0, 3.0, 1.0, 3.0, 3.0, 1.0, 1.0, 3.0, 3.0, 3.0, 1.0, 3.0, 3.0, 3.0, 3.0, 1.0, 3.0, 1.0, 3.0, 1.0, 1.0], [1.0, 3.0, 3.0, 1.0, 3.0, 3.0, 1.0, 1.0, 2.0, 1.0, 3.0, 1.0, 1.0, 1.0, 3.0, 3.0, 1.0, 1.0, 1.0, 1.0, 1.0, 3.0, 1.0, 1.0, 3.0, 3.0, 1.0, 3.0, 1.0, 1.0, 3.0, 1.0, 1.0, 3.0, 3.0, 2.0, 1.0, 3.0, 1.0, 3.0, 1.0, 1.0], [1.0, 3.0, 3.0, 3.0, 3.0, 3.0, 1.0, 1.0, 2.0, 1.0, 3.0, 1.0, 1.0, 3.0, 3.0, 1.0, 3.0, 1.0, 1.0, 1.0, 1.0, 3.0, 3.0, 3.0, 1.0, 3.0, 1.0, 1.0, 1.0, 2.0, 3.0, 1.0, 1.0, 3.0, 1.0, 2.0, 1.0, 3.0, 1.0, 3.0, 1.0, 3.0], [1.0, 3.0, 3.0, 3.0, 3.0, 3.0, 1.0, 1.0, 3.0, 1.0, 1.0, 1.0, 1.0, 1.0, 3.0, 3.0, 1.0, 1.0, 1.0, 1.0, 1.0, 3.0, 3.0, 1.0, 1.0, 3.0, 1.0, 1.0, 1.0, 1.0, 3.0, 1.0, 3.0, 1.0, 3.0, 1.0, 1.0, 2.0, 1.0, 3.0, 1.0, 1.0], [3.0, 3.0, 3.0, 1.0, 3.0, 3.0, 3.0, 1.0, 2.0, 1.0, 1.0, 1.0, 1.0, 3.0, 3.0, 1.0, 3.0, 1.0, 1.0, 1.0, 1.0, 3.0, 3.0, 1.0, 1.0, 3.0, 1.0, 1.0, 3.0, 1.0, 3.0, 1.0, 3.0, 3.0, 1.0, 1.0, 1.0, 3.0, 1.0, 1.0, 1.0, 1.0], [1.0, 3.0, 3.0, 1.0, 3.0, 3.0, 1.0, 1.0, 2.0, 1.0, 3.0, 1.0, 1.0, 3.0, 3.0, 1.0, 3.0, 1.0, 1.0, 1.0, 1.0, 3.0, 1.0, 1.0, 3.0, 3.0, 1.0, 1.0, 3.0, 1.0, 3.0, 1.0, 1.0, 3.0, 1.0, 1.0, 1.0, 3.0, 3.0, 3.0, 1.0, 1.0], [1.0, 3.0, 3.0, 1.0, 3.0, 3.0, 1.0, 3.0, 2.0, 1.0, 1.0, 1.0, 1.0, 3.0, 3.0, 1.0, 3.0, 1.0, 1.0, 1.0, 1.0, 3.0, 3.0, 1.0, 3.0, 3.0, 1.0, 3.0, 1.0, 1.0, 3.0, 1.0, 3.0, 3.0, 1.0, 1.0, 1.0, 3.0, 1.0, 3.0, 1.0, 3.0], [1.0, 3.0, 3.0, 1.0, 3.0, 3.0, 1.0, 1.0, 2.0, 1.0, 3.0, 1.0, 1.0, 3.0, 3.0, 3.0, 3.0, 1.0, 1.0, 1.0, 1.0, 3.0, 3.0, 1.0, 1.0, 3.0, 1.0, 1.0, 3.0, 1.0, 3.0, 1.0, 1.0, 3.0, 1.0, 2.0, 1.0, 3.0, 1.0, 2.0, 1.0, 1.0], [3.0, 3.0, 3.0, 1.0, 3.0, 3.0, 1.0, 1.0, 3.0, 3.0, 3.0, 1.0, 1.0, 3.0, 3.0, 3.0, 1.0, 1.0, 1.0, 1.0, 1.0, 3.0, 3.0, 1.0, 1.0, 3.0, 1.0, 3.0, 1.0, 1.0, 3.0, 1.0, 1.0, 3.0, 3.0, 2.0, 1.0, 3.0, 1.0, 3.0, 1.0, 1.0], [3.0, 3.0, 3.0, 1.0, 3.0, 3.0, 1.0, 1.0, 2.0, 3.0, 3.0, 1.0, 1.0, 1.0, 1.0, 1.0, 3.0, 1.0, 1.0, 1.0, 1.0, 3.0, 3.0, 1.0, 1.0, 3.0, 1.0, 1.0, 3.0, 1.0, 3.0, 1.0, 1.0, 3.0, 3.0, 1.0, 1.0, 3.0, 1.0, 3.0, 1.0, 1.0], [1.0, 3.0, 1.0, 3.0, 3.0, 3.0, 1.0, 1.0, 2.0, 1.0, 1.0, 1.0, 1.0, 3.0, 3.0, 1.0, 3.0, 1.0, 1.0, 1.0, 1.0, 3.0, 3.0, 3.0, 3.0, 3.0, 1.0, 1.0, 3.0, 1.0, 3.0, 1.0, 3.0, 3.0, 3.0, 1.0, 1.0, 3.0, 1.0, 3.0, 1.0, 1.0], [1.0, 3.0, 3.0, 3.0, 3.0, 3.0, 1.0, 3.0, 3.0, 1.0, 1.0, 1.0, 1.0, 3.0, 3.0, 3.0, 3.0, 1.0, 1.0, 1.0, 1.0, 3.0, 1.0, 1.0, 3.0, 3.0, 1.0, 1.0, 3.0, 1.0, 3.0, 1.0, 3.0, 3.0, 3.0, 1.0, 1.0, 3.0, 1.0, 3.0, 1.0, 1.0], [1.0, 3.0, 1.0, 1.0, 3.0, 1.0, 1.0, 1.0, 3.0, 3.0, 1.0, 1.0, 1.0, 1.0, 1.0, 1.0, 3.0, 1.0, 1.0, 1.0, 1.0, 3.0, 3.0, 1.0, 1.0, 3.0, 1.0, 1.0, 3.0, 1.0, 3.0, 1.0, 3.0, 3.0, 3.0, 1.0, 1.0, 3.0, 1.0, 3.0, 1.0, 1.0], [1.0, 3.0, 3.0, 1.0, 3.0, 3.0, 3.0, 1.0, 3.0, 3.0, 1.0, 1.0, 1.0, 1.0, 3.0, 3.0, 1.0, 1.0, 1.0, 1.0, 1.0, 3.0, 3.0, 1.0, 1.0, 3.0, 1.0, 1.0, 1.0, 1.0, 3.0, 1.0, 3.0, 2.0, 3.0, 1.0, 1.0, 3.0, 3.0, 3.0, 1.0, 3.0], [1.0, 2.0, 3.0, 3.0, 3.0, 3.0, 1.0, 1.0, 2.0, 1.0, 1.0, 1.0, 1.0, 1.0, 3.0, 3.0, 1.0, 1.0, 3.0, 1.0, 1.0, 3.0, 1.0, 1.0, 1.0, 3.0, 1.0, 1.0, 3.0, 1.0, 3.0, 1.0, 1.0, 3.0, 3.0, 1.0, 1.0, 3.0, 3.0, 2.0, 1.0, 3.0], [1.0, 3.0, 3.0, 3.0, 3.0, 3.0, 3.0, 3.0, 2.0, 1.0, 3.0, 1.0, 1.0, 1.0, 1.0, 3.0, 3.0, 1.0, 1.0, 1.0, 1.0, 3.0, 3.0, 1.0, 3.0, 3.0, 1.0, 1.0, 1.0, 1.0, 3.0, 1.0, 1.0, 3.0, 3.0, 1.0, 1.0, 1.0, 1.0, 2.0, 1.0, 3.0], [3.0, 3.0, 3.0, 1.0, 3.0, 3.0, 1.0, 3.0, 2.0, 1.0, 1.0, 1.0, 3.0, 1.0, 3.0, 3.0, 3.0, 3.0, 1.0, 1.0, 1.0, 3.0, 3.0, 1.0, 1.0, 3.0, 1.0, 1.0, 3.0, 1.0, 3.0, 1.0, 3.0, 3.0, 1.0, 1.0, 1.0, 3.0, 1.0, 3.0, 1.0, 3.0], [1.0, 3.0, 3.0, 3.0, 3.0, 3.0, 1.0, 1.0, 3.0, 1.0, 1.0, 1.0, 3.0, 3.0, 1.0, 1.0, 3.0, 1.0, 1.0, 1.0, 1.0, 3.0, 3.0, 1.0, 1.0, 3.0, 1.0, 1.0, 3.0, 1.0, 3.0, 1.0, 3.0, 3.0, 1.0, 1.0, 1.0, 3.0, 1.0, 3.0, 1.0, 1.0]]

