first layer check: Conv2d(9, 64, kernel_size=(7, 7), stride=(2, 2), padding=(3, 3), bias=False)

target ys
[4.0, 2.0, 2.0, 0.0, 4.0, 0.0, 4.0, 0.0, 3.0, 1.0, 3.0, 2.0, 2.0, 5.0, 3.0, 2.0, 3.0, 2.0, 4.0, 4.0, 3.0, 2.0, 1.0, 2.0, 1.0, 3.0, 1.0, 1.0, 1.0, 1.0, 3.0, 1.0, 3.0, 1.0, 1.0, 3.0, 2.0, 4.0, 1.0]

for model 0: mode acc: 0.4871794879436493, run mean acc: 0.4508333206176758, top-2 acc:0.6479167342185974, mode f1: 0.4871794879436493

model 0 mode preds
[4.0, 2.0, 4.0, 0.0, 4.0, 3.0, 6.0, 0.0, 4.0, 1.0, 3.0, 6.0, 5.0, 4.0, 6.0, 2.0, 2.0, 2.0, 4.0, 4.0, 2.0, 1.0, 1.0, 1.0, 1.0, 2.0, 1.0, 1.0, 1.0, 3.0, 1.0, 2.0, 2.0, 2.0, 1.0, 4.0, 2.0, 5.0, 1.0]

model 0 all preds
[[4.0, 2.0, 4.0, 0.0, 4.0, 3.0, 6.0, 0.0, 4.0, 1.0, 3.0, 6.0, 6.0, 4.0, 3.0, 2.0, 2.0, 2.0, 4.0, 3.0, 2.0, 1.0, 1.0, 2.0, 1.0, 1.0, 1.0, 1.0, 1.0, 1.0, 1.0, 2.0, 2.0, 2.0, 2.0, 4.0, 2.0, 5.0, 1.0], [3.0, 2.0, 4.0, 0.0, 4.0, 2.0, 6.0, 0.0, 4.0, 1.0, 4.0, 4.0, 5.0, 4.0, 6.0, 2.0, 2.0, 2.0, 5.0, 3.0, 2.0, 1.0, 1.0, 1.0, 1.0, 2.0, 1.0, 1.0, 1.0, 3.0, 0.0, 2.0, 2.0, 1.0, 1.0, 4.0, 2.0, 6.0, 1.0], [4.0, 2.0, 4.0, 0.0, 6.0, 3.0, 6.0, 0.0, 1.0, 1.0, 3.0, 6.0, 6.0, 6.0, 6.0, 2.0, 2.0, 2.0, 5.0, 4.0, 2.0, 1.0, 4.0, 1.0, 1.0, 4.0, 1.0, 1.0, 1.0, 2.0, 1.0, 2.0, 1.0, 2.0, 2.0, 4.0, 2.0, 5.0, 1.0], [4.0, 2.0, 4.0, 1.0, 6.0, 3.0, 4.0, 0.0, 1.0, 1.0, 3.0, 6.0, 1.0, 3.0, 6.0, 2.0, 2.0, 4.0, 4.0, 2.0, 2.0, 1.0, 1.0, 1.0, 1.0, 4.0, 1.0, 1.0, 1.0, 2.0, 1.0, 2.0, 2.0, 1.0, 2.0, 4.0, 2.0, 5.0, 1.0], [4.0, 3.0, 4.0, 0.0, 5.0, 3.0, 6.0, 0.0, 4.0, 1.0, 3.0, 4.0, 5.0, 5.0, 5.0, 2.0, 2.0, 2.0, 4.0, 2.0, 2.0, 1.0, 4.0, 2.0, 1.0, 2.0, 1.0, 1.0, 1.0, 1.0, 1.0, 2.0, 2.0, 2.0, 1.0, 4.0, 2.0, 5.0, 1.0], [4.0, 2.0, 4.0, 0.0, 6.0, 4.0, 6.0, 0.0, 4.0, 1.0, 4.0, 6.0, 4.0, 4.0, 3.0, 2.0, 2.0, 4.0, 4.0, 4.0, 1.0, 1.0, 4.0, 1.0, 1.0, 2.0, 1.0, 1.0, 1.0, 3.0, 1.0, 2.0, 2.0, 2.0, 1.0, 2.0, 2.0, 5.0, 1.0], [3.0, 2.0, 4.0, 1.0, 6.0, 3.0, 6.0, 0.0, 4.0, 0.0, 2.0, 6.0, 5.0, 6.0, 5.0, 2.0, 2.0, 4.0, 4.0, 4.0, 2.0, 1.0, 1.0, 1.0, 1.0, 2.0, 1.0, 1.0, 0.0, 3.0, 1.0, 1.0, 1.0, 1.0, 1.0, 4.0, 2.0, 6.0, 2.0], [3.0, 2.0, 4.0, 1.0, 6.0, 3.0, 6.0, 0.0, 2.0, 1.0, 2.0, 6.0, 5.0, 3.0, 3.0, 2.0, 2.0, 2.0, 4.0, 4.0, 1.0, 1.0, 1.0, 1.0, 1.0, 2.0, 1.0, 1.0, 1.0, 2.0, 1.0, 2.0, 2.0, 1.0, 1.0, 1.0, 2.0, 5.0, 1.0], [4.0, 4.0, 4.0, 0.0, 4.0, 5.0, 6.0, 0.0, 4.0, 1.0, 1.0, 4.0, 4.0, 4.0, 3.0, 2.0, 2.0, 2.0, 5.0, 4.0, 2.0, 1.0, 1.0, 1.0, 1.0, 2.0, 1.0, 1.0, 1.0, 2.0, 1.0, 1.0, 2.0, 2.0, 2.0, 4.0, 2.0, 5.0, 1.0], [4.0, 4.0, 4.0, 0.0, 6.0, 2.0, 6.0, 0.0, 4.0, 0.0, 2.0, 6.0, 2.0, 6.0, 6.0, 2.0, 2.0, 2.0, 4.0, 4.0, 2.0, 1.0, 1.0, 2.0, 1.0, 2.0, 1.0, 1.0, 0.0, 2.0, 1.0, 2.0, 2.0, 1.0, 1.0, 4.0, 2.0, 5.0, 2.0], [2.0, 4.0, 4.0, 0.0, 4.0, 2.0, 6.0, 0.0, 1.0, 0.0, 2.0, 6.0, 5.0, 6.0, 6.0, 2.0, 2.0, 2.0, 4.0, 4.0, 2.0, 1.0, 1.0, 1.0, 1.0, 2.0, 1.0, 1.0, 1.0, 1.0, 1.0, 2.0, 2.0, 2.0, 1.0, 4.0, 2.0, 5.0, 2.0], [4.0, 2.0, 4.0, 0.0, 4.0, 3.0, 6.0, 0.0, 4.0, 1.0, 4.0, 4.0, 3.0, 6.0, 3.0, 2.0, 2.0, 2.0, 4.0, 4.0, 2.0, 1.0, 1.0, 2.0, 1.0, 2.0, 1.0, 1.0, 0.0, 3.0, 1.0, 2.0, 2.0, 2.0, 1.0, 4.0, 2.0, 5.0, 1.0], [3.0, 4.0, 4.0, 1.0, 6.0, 3.0, 6.0, 0.0, 1.0, 1.0, 3.0, 6.0, 1.0, 4.0, 3.0, 2.0, 2.0, 4.0, 5.0, 3.0, 2.0, 1.0, 4.0, 2.0, 1.0, 2.0, 1.0, 1.0, 1.0, 1.0, 1.0, 2.0, 2.0, 2.0, 1.0, 2.0, 2.0, 5.0, 1.0], [4.0, 4.0, 4.0, 1.0, 3.0, 4.0, 4.0, 0.0, 4.0, 1.0, 3.0, 6.0, 2.0, 4.0, 6.0, 2.0, 2.0, 2.0, 5.0, 2.0, 2.0, 1.0, 1.0, 2.0, 1.0, 2.0, 1.0, 1.0, 1.0, 6.0, 1.0, 2.0, 2.0, 2.0, 4.0, 4.0, 2.0, 5.0, 1.0], [3.0, 4.0, 4.0, 0.0, 6.0, 2.0, 6.0, 0.0, 4.0, 0.0, 3.0, 6.0, 5.0, 4.0, 6.0, 2.0, 2.0, 4.0, 5.0, 4.0, 2.0, 1.0, 2.0, 1.0, 1.0, 4.0, 1.0, 1.0, 2.0, 3.0, 1.0, 2.0, 2.0, 2.0, 1.0, 4.0, 2.0, 6.0, 1.0], [3.0, 2.0, 4.0, 1.0, 6.0, 3.0, 6.0, 0.0, 4.0, 1.0, 1.0, 6.0, 1.0, 6.0, 6.0, 2.0, 2.0, 4.0, 5.0, 2.0, 2.0, 1.0, 1.0, 1.0, 1.0, 2.0, 1.0, 1.0, 1.0, 2.0, 1.0, 2.0, 2.0, 1.0, 2.0, 4.0, 2.0, 5.0, 1.0], [3.0, 2.0, 4.0, 0.0, 3.0, 4.0, 6.0, 0.0, 4.0, 1.0, 3.0, 6.0, 4.0, 4.0, 3.0, 2.0, 2.0, 2.0, 4.0, 4.0, 2.0, 1.0, 1.0, 2.0, 1.0, 1.0, 1.0, 1.0, 1.0, 3.0, 1.0, 2.0, 1.0, 1.0, 1.0, 4.0, 2.0, 5.0, 2.0], [3.0, 2.0, 4.0, 0.0, 6.0, 2.0, 4.0, 0.0, 4.0, 1.0, 4.0, 6.0, 3.0, 4.0, 3.0, 2.0, 2.0, 2.0, 4.0, 3.0, 1.0, 1.0, 4.0, 1.0, 1.0, 4.0, 1.0, 1.0, 1.0, 1.0, 2.0, 1.0, 2.0, 1.0, 2.0, 4.0, 2.0, 5.0, 1.0], [4.0, 4.0, 4.0, 0.0, 4.0, 2.0, 6.0, 0.0, 1.0, 1.0, 2.0, 6.0, 5.0, 4.0, 4.0, 2.0, 2.0, 2.0, 5.0, 4.0, 1.0, 1.0, 1.0, 2.0, 1.0, 1.0, 1.0, 1.0, 1.0, 2.0, 1.0, 2.0, 2.0, 2.0, 1.0, 4.0, 2.0, 6.0, 1.0], [3.0, 2.0, 4.0, 0.0, 4.0, 2.0, 6.0, 0.0, 4.0, 1.0, 2.0, 6.0, 1.0, 4.0, 6.0, 2.0, 2.0, 2.0, 4.0, 4.0, 1.0, 1.0, 1.0, 1.0, 1.0, 2.0, 1.0, 1.0, 1.0, 1.0, 1.0, 2.0, 2.0, 2.0, 1.0, 2.0, 2.0, 5.0, 1.0], [4.0, 2.0, 4.0, 0.0, 4.0, 3.0, 4.0, 0.0, 4.0, 1.0, 2.0, 3.0, 5.0, 4.0, 6.0, 2.0, 2.0, 4.0, 4.0, 2.0, 2.0, 1.0, 1.0, 2.0, 1.0, 2.0, 1.0, 1.0, 1.0, 1.0, 1.0, 2.0, 2.0, 2.0, 1.0, 3.0, 2.0, 5.0, 1.0], [4.0, 4.0, 4.0, 1.0, 6.0, 2.0, 6.0, 2.0, 2.0, 1.0, 3.0, 6.0, 6.0, 6.0, 5.0, 2.0, 2.0, 2.0, 4.0, 4.0, 2.0, 1.0, 4.0, 2.0, 1.0, 2.0, 1.0, 1.0, 1.0, 3.0, 1.0, 2.0, 2.0, 1.0, 1.0, 4.0, 2.0, 5.0, 2.0], [4.0, 3.0, 4.0, 0.0, 3.0, 2.0, 6.0, 0.0, 2.0, 1.0, 3.0, 6.0, 3.0, 6.0, 3.0, 2.0, 4.0, 4.0, 4.0, 4.0, 1.0, 1.0, 1.0, 2.0, 1.0, 1.0, 1.0, 1.0, 1.0, 3.0, 1.0, 2.0, 2.0, 2.0, 1.0, 4.0, 2.0, 5.0, 1.0], [4.0, 4.0, 4.0, 0.0, 6.0, 3.0, 6.0, 2.0, 2.0, 1.0, 3.0, 3.0, 6.0, 6.0, 3.0, 2.0, 2.0, 2.0, 5.0, 4.0, 2.0, 1.0, 1.0, 2.0, 1.0, 2.0, 1.0, 1.0, 1.0, 3.0, 1.0, 1.0, 2.0, 2.0, 1.0, 4.0, 2.0, 5.0, 1.0], [4.0, 4.0, 4.0, 0.0, 4.0, 2.0, 6.0, 0.0, 4.0, 1.0, 1.0, 6.0, 5.0, 6.0, 3.0, 2.0, 2.0, 4.0, 4.0, 2.0, 2.0, 1.0, 2.0, 1.0, 2.0, 2.0, 1.0, 1.0, 1.0, 2.0, 1.0, 2.0, 2.0, 1.0, 1.0, 4.0, 2.0, 5.0, 1.0], [4.0, 4.0, 4.0, 0.0, 3.0, 2.0, 6.0, 2.0, 4.0, 1.0, 3.0, 6.0, 6.0, 4.0, 5.0, 2.0, 2.0, 2.0, 4.0, 4.0, 2.0, 1.0, 4.0, 2.0, 1.0, 2.0, 1.0, 1.0, 1.0, 2.0, 1.0, 2.0, 2.0, 2.0, 4.0, 4.0, 2.0, 5.0, 1.0], [4.0, 4.0, 4.0, 1.0, 6.0, 2.0, 6.0, 0.0, 1.0, 1.0, 2.0, 6.0, 1.0, 4.0, 3.0, 2.0, 4.0, 4.0, 5.0, 2.0, 1.0, 1.0, 1.0, 2.0, 1.0, 1.0, 1.0, 1.0, 1.0, 3.0, 1.0, 1.0, 2.0, 2.0, 2.0, 4.0, 2.0, 5.0, 1.0], [4.0, 4.0, 4.0, 1.0, 3.0, 4.0, 6.0, 0.0, 4.0, 1.0, 3.0, 4.0, 3.0, 4.0, 6.0, 2.0, 2.0, 2.0, 4.0, 2.0, 1.0, 1.0, 1.0, 1.0, 1.0, 2.0, 1.0, 1.0, 1.0, 3.0, 1.0, 2.0, 1.0, 1.0, 2.0, 4.0, 2.0, 5.0, 1.0], [4.0, 4.0, 4.0, 0.0, 6.0, 3.0, 6.0, 0.0, 2.0, 1.0, 3.0, 6.0, 3.0, 3.0, 6.0, 2.0, 2.0, 2.0, 5.0, 2.0, 2.0, 1.0, 1.0, 1.0, 1.0, 2.0, 1.0, 1.0, 1.0, 3.0, 1.0, 2.0, 2.0, 1.0, 1.0, 4.0, 2.0, 5.0, 1.0], [4.0, 2.0, 4.0, 1.0, 4.0, 2.0, 4.0, 0.0, 4.0, 1.0, 0.0, 6.0, 2.0, 6.0, 6.0, 2.0, 4.0, 2.0, 4.0, 4.0, 2.0, 1.0, 4.0, 1.0, 1.0, 2.0, 1.0, 1.0, 1.0, 2.0, 1.0, 2.0, 2.0, 2.0, 1.0, 4.0, 2.0, 5.0, 1.0], [4.0, 2.0, 4.0, 1.0, 4.0, 4.0, 6.0, 2.0, 4.0, 0.0, 2.0, 6.0, 1.0, 4.0, 5.0, 2.0, 2.0, 2.0, 4.0, 4.0, 2.0, 1.0, 1.0, 2.0, 1.0, 4.0, 1.0, 1.0, 1.0, 1.0, 1.0, 2.0, 2.0, 1.0, 2.0, 4.0, 2.0, 5.0, 1.0], [4.0, 2.0, 4.0, 1.0, 3.0, 3.0, 6.0, 0.0, 1.0, 1.0, 0.0, 4.0, 5.0, 4.0, 6.0, 2.0, 2.0, 2.0, 5.0, 3.0, 2.0, 1.0, 2.0, 2.0, 1.0, 2.0, 1.0, 1.0, 1.0, 1.0, 1.0, 2.0, 2.0, 1.0, 1.0, 4.0, 2.0, 5.0, 1.0], [4.0, 2.0, 4.0, 0.0, 4.0, 3.0, 6.0, 0.0, 1.0, 1.0, 3.0, 6.0, 1.0, 4.0, 6.0, 2.0, 2.0, 2.0, 4.0, 2.0, 1.0, 1.0, 1.0, 2.0, 1.0, 2.0, 1.0, 1.0, 1.0, 4.0, 1.0, 1.0, 2.0, 1.0, 1.0, 4.0, 2.0, 5.0, 2.0], [4.0, 4.0, 4.0, 1.0, 3.0, 4.0, 6.0, 0.0, 1.0, 1.0, 2.0, 4.0, 6.0, 4.0, 6.0, 2.0, 2.0, 2.0, 4.0, 4.0, 1.0, 1.0, 4.0, 1.0, 1.0, 2.0, 1.0, 1.0, 1.0, 2.0, 1.0, 2.0, 2.0, 2.0, 1.0, 4.0, 2.0, 6.0, 1.0], [2.0, 3.0, 4.0, 0.0, 6.0, 3.0, 6.0, 0.0, 4.0, 2.0, 2.0, 6.0, 2.0, 4.0, 4.0, 2.0, 2.0, 2.0, 5.0, 4.0, 1.0, 1.0, 1.0, 1.0, 1.0, 2.0, 1.0, 1.0, 1.0, 1.0, 1.0, 2.0, 2.0, 2.0, 1.0, 4.0, 2.0, 5.0, 1.0], [4.0, 4.0, 4.0, 0.0, 4.0, 4.0, 6.0, 0.0, 1.0, 1.0, 4.0, 6.0, 5.0, 4.0, 3.0, 2.0, 2.0, 2.0, 4.0, 4.0, 2.0, 1.0, 4.0, 1.0, 1.0, 2.0, 1.0, 1.0, 1.0, 3.0, 1.0, 2.0, 2.0, 2.0, 1.0, 4.0, 2.0, 5.0, 1.0], [2.0, 2.0, 4.0, 0.0, 3.0, 3.0, 6.0, 0.0, 4.0, 1.0, 4.0, 6.0, 5.0, 6.0, 2.0, 2.0, 2.0, 4.0, 4.0, 4.0, 2.0, 1.0, 4.0, 1.0, 1.0, 1.0, 1.0, 1.0, 1.0, 2.0, 1.0, 2.0, 2.0, 1.0, 1.0, 4.0, 2.0, 6.0, 2.0], [4.0, 2.0, 4.0, 0.0, 5.0, 2.0, 6.0, 0.0, 4.0, 0.0, 2.0, 6.0, 5.0, 4.0, 6.0, 2.0, 2.0, 2.0, 4.0, 2.0, 2.0, 1.0, 2.0, 1.0, 1.0, 2.0, 1.0, 1.0, 1.0, 1.0, 1.0, 1.0, 2.0, 2.0, 2.0, 4.0, 2.0, 5.0, 1.0], [3.0, 2.0, 4.0, 0.0, 4.0, 3.0, 6.0, 2.0, 4.0, 0.0, 2.0, 6.0, 3.0, 6.0, 5.0, 2.0, 2.0, 2.0, 5.0, 3.0, 2.0, 1.0, 1.0, 1.0, 1.0, 1.0, 1.0, 1.0, 1.0, 3.0, 1.0, 2.0, 2.0, 2.0, 4.0, 4.0, 2.0, 5.0, 2.0], [3.0, 2.0, 4.0, 0.0, 4.0, 2.0, 6.0, 0.0, 4.0, 1.0, 1.0, 6.0, 5.0, 4.0, 5.0, 2.0, 2.0, 2.0, 4.0, 3.0, 2.0, 1.0, 1.0, 2.0, 1.0, 2.0, 1.0, 1.0, 1.0, 3.0, 1.0, 2.0, 2.0, 2.0, 1.0, 4.0, 2.0, 5.0, 1.0], [3.0, 2.0, 4.0, 0.0, 3.0, 3.0, 6.0, 0.0, 4.0, 1.0, 2.0, 6.0, 6.0, 6.0, 6.0, 2.0, 2.0, 2.0, 4.0, 4.0, 2.0, 1.0, 1.0, 1.0, 1.0, 1.0, 1.0, 1.0, 1.0, 1.0, 1.0, 1.0, 2.0, 1.0, 4.0, 2.0, 2.0, 5.0, 1.0], [4.0, 4.0, 4.0, 0.0, 4.0, 4.0, 6.0, 0.0, 1.0, 1.0, 3.0, 3.0, 4.0, 4.0, 3.0, 2.0, 2.0, 2.0, 4.0, 2.0, 2.0, 1.0, 1.0, 2.0, 1.0, 2.0, 1.0, 1.0, 1.0, 3.0, 1.0, 2.0, 2.0, 1.0, 1.0, 2.0, 2.0, 5.0, 1.0], [4.0, 4.0, 4.0, 0.0, 4.0, 2.0, 6.0, 0.0, 2.0, 1.0, 4.0, 4.0, 2.0, 5.0, 6.0, 2.0, 2.0, 2.0, 4.0, 4.0, 1.0, 1.0, 1.0, 1.0, 1.0, 2.0, 1.0, 1.0, 1.0, 4.0, 1.0, 2.0, 2.0, 2.0, 4.0, 4.0, 2.0, 6.0, 1.0], [4.0, 4.0, 4.0, 0.0, 4.0, 2.0, 6.0, 0.0, 1.0, 0.0, 1.0, 6.0, 5.0, 6.0, 6.0, 2.0, 2.0, 2.0, 4.0, 2.0, 1.0, 1.0, 1.0, 1.0, 1.0, 2.0, 1.0, 1.0, 1.0, 3.0, 1.0, 2.0, 2.0, 2.0, 1.0, 4.0, 2.0, 5.0, 1.0], [4.0, 4.0, 4.0, 1.0, 3.0, 3.0, 6.0, 0.0, 4.0, 1.0, 3.0, 4.0, 4.0, 6.0, 3.0, 2.0, 2.0, 2.0, 4.0, 3.0, 1.0, 1.0, 4.0, 2.0, 1.0, 4.0, 1.0, 1.0, 1.0, 2.0, 1.0, 2.0, 2.0, 1.0, 1.0, 4.0, 2.0, 5.0, 1.0], [4.0, 2.0, 4.0, 0.0, 4.0, 3.0, 6.0, 0.0, 1.0, 1.0, 4.0, 6.0, 6.0, 4.0, 6.0, 2.0, 2.0, 2.0, 5.0, 4.0, 2.0, 1.0, 1.0, 1.0, 1.0, 4.0, 1.0, 1.0, 2.0, 1.0, 1.0, 2.0, 2.0, 1.0, 1.0, 4.0, 2.0, 6.0, 1.0], [4.0, 2.0, 4.0, 0.0, 4.0, 3.0, 6.0, 0.0, 4.0, 1.0, 4.0, 6.0, 5.0, 4.0, 6.0, 2.0, 2.0, 4.0, 4.0, 2.0, 1.0, 1.0, 1.0, 1.0, 1.0, 1.0, 1.0, 1.0, 1.0, 3.0, 1.0, 1.0, 1.0, 2.0, 4.0, 4.0, 2.0, 5.0, 1.0], [4.0, 4.0, 4.0, 1.0, 6.0, 3.0, 6.0, 0.0, 4.0, 1.0, 1.0, 6.0, 3.0, 6.0, 6.0, 2.0, 2.0, 2.0, 4.0, 6.0, 1.0, 1.0, 1.0, 1.0, 1.0, 1.0, 1.0, 1.0, 1.0, 1.0, 1.0, 2.0, 2.0, 2.0, 1.0, 4.0, 2.0, 6.0, 1.0], [4.0, 4.0, 4.0, 0.0, 6.0, 4.0, 6.0, 0.0, 2.0, 1.0, 1.0, 6.0, 4.0, 6.0, 5.0, 2.0, 2.0, 4.0, 4.0, 4.0, 2.0, 1.0, 1.0, 1.0, 1.0, 2.0, 1.0, 1.0, 2.0, 6.0, 1.0, 2.0, 2.0, 1.0, 1.0, 4.0, 2.0, 5.0, 2.0], [3.0, 4.0, 4.0, 0.0, 4.0, 2.0, 6.0, 0.0, 1.0, 1.0, 2.0, 4.0, 4.0, 6.0, 5.0, 2.0, 2.0, 2.0, 5.0, 4.0, 2.0, 1.0, 1.0, 1.0, 1.0, 2.0, 1.0, 1.0, 1.0, 3.0, 1.0, 2.0, 2.0, 2.0, 2.0, 3.0, 2.0, 5.0, 1.0]]

first layer check: Conv2d(9, 64, kernel_size=(7, 7), stride=(2, 2), padding=(3, 3), bias=False)

for model 1: mode acc: 0.38461539149284363, run mean acc: 0.46875, top-2 acc:0.6516666412353516, mode f1: 0.38461539149284363

model 1 mode preds
[4.0, 2.0, 4.0, 1.0, 4.0, 4.0, 6.0, 2.0, 2.0, 1.0, 2.0, 4.0, 4.0, 4.0, 4.0, 2.0, 2.0, 2.0, 4.0, 4.0, 1.0, 1.0, 2.0, 2.0, 1.0, 1.0, 1.0, 1.0, 1.0, 2.0, 1.0, 2.0, 2.0, 2.0, 2.0, 3.0, 4.0, 4.0, 2.0]

model 1 all preds
[[2.0, 2.0, 4.0, 2.0, 4.0, 6.0, 4.0, 4.0, 2.0, 1.0, 3.0, 4.0, 2.0, 4.0, 4.0, 2.0, 2.0, 1.0, 6.0, 4.0, 1.0, 1.0, 2.0, 2.0, 1.0, 1.0, 2.0, 1.0, 1.0, 2.0, 1.0, 3.0, 2.0, 2.0, 1.0, 2.0, 4.0, 4.0, 1.0], [4.0, 4.0, 4.0, 1.0, 4.0, 4.0, 6.0, 1.0, 2.0, 1.0, 3.0, 4.0, 2.0, 4.0, 4.0, 2.0, 2.0, 2.0, 6.0, 4.0, 1.0, 2.0, 1.0, 2.0, 1.0, 1.0, 2.0, 1.0, 1.0, 4.0, 2.0, 2.0, 1.0, 2.0, 1.0, 3.0, 4.0, 4.0, 2.0], [3.0, 2.0, 2.0, 1.0, 4.0, 4.0, 6.0, 1.0, 1.0, 1.0, 4.0, 6.0, 6.0, 4.0, 2.0, 2.0, 2.0, 2.0, 4.0, 4.0, 2.0, 1.0, 1.0, 2.0, 1.0, 2.0, 1.0, 1.0, 1.0, 2.0, 1.0, 3.0, 2.0, 1.0, 1.0, 3.0, 4.0, 4.0, 1.0], [4.0, 2.0, 4.0, 2.0, 4.0, 6.0, 6.0, 2.0, 1.0, 1.0, 4.0, 4.0, 4.0, 4.0, 4.0, 2.0, 2.0, 2.0, 4.0, 4.0, 1.0, 1.0, 2.0, 2.0, 1.0, 1.0, 2.0, 1.0, 1.0, 2.0, 1.0, 2.0, 1.0, 1.0, 2.0, 3.0, 2.0, 4.0, 2.0], [4.0, 2.0, 2.0, 2.0, 4.0, 4.0, 6.0, 4.0, 1.0, 1.0, 4.0, 4.0, 4.0, 4.0, 4.0, 2.0, 2.0, 2.0, 4.0, 4.0, 2.0, 1.0, 1.0, 2.0, 1.0, 1.0, 1.0, 1.0, 1.0, 4.0, 2.0, 2.0, 1.0, 2.0, 1.0, 3.0, 4.0, 4.0, 2.0], [4.0, 4.0, 2.0, 3.0, 4.0, 4.0, 4.0, 3.0, 2.0, 1.0, 3.0, 4.0, 4.0, 4.0, 4.0, 2.0, 2.0, 2.0, 4.0, 4.0, 1.0, 1.0, 2.0, 2.0, 1.0, 1.0, 2.0, 1.0, 1.0, 2.0, 1.0, 2.0, 2.0, 2.0, 1.0, 3.0, 4.0, 4.0, 1.0], [4.0, 4.0, 4.0, 1.0, 4.0, 4.0, 4.0, 2.0, 2.0, 1.0, 2.0, 4.0, 4.0, 4.0, 4.0, 2.0, 2.0, 2.0, 4.0, 4.0, 1.0, 1.0, 2.0, 2.0, 1.0, 1.0, 1.0, 1.0, 1.0, 2.0, 2.0, 2.0, 2.0, 2.0, 2.0, 3.0, 2.0, 4.0, 2.0], [4.0, 2.0, 2.0, 3.0, 4.0, 4.0, 6.0, 2.0, 2.0, 1.0, 2.0, 4.0, 2.0, 4.0, 4.0, 2.0, 2.0, 2.0, 6.0, 4.0, 1.0, 1.0, 2.0, 2.0, 1.0, 2.0, 1.0, 1.0, 1.0, 2.0, 2.0, 2.0, 1.0, 1.0, 2.0, 3.0, 4.0, 4.0, 1.0], [4.0, 2.0, 2.0, 1.0, 4.0, 4.0, 2.0, 1.0, 1.0, 1.0, 2.0, 4.0, 4.0, 4.0, 4.0, 2.0, 2.0, 2.0, 4.0, 4.0, 2.0, 1.0, 1.0, 2.0, 1.0, 1.0, 1.0, 1.0, 1.0, 4.0, 1.0, 2.0, 2.0, 1.0, 2.0, 3.0, 4.0, 4.0, 1.0], [4.0, 2.0, 4.0, 2.0, 4.0, 2.0, 4.0, 2.0, 1.0, 1.0, 2.0, 4.0, 4.0, 4.0, 4.0, 2.0, 2.0, 2.0, 4.0, 4.0, 1.0, 1.0, 2.0, 2.0, 1.0, 1.0, 1.0, 1.0, 1.0, 2.0, 1.0, 2.0, 2.0, 2.0, 2.0, 4.0, 4.0, 4.0, 2.0], [4.0, 2.0, 4.0, 1.0, 2.0, 4.0, 4.0, 2.0, 2.0, 1.0, 2.0, 4.0, 6.0, 6.0, 4.0, 2.0, 2.0, 2.0, 4.0, 4.0, 1.0, 1.0, 2.0, 2.0, 1.0, 1.0, 1.0, 1.0, 1.0, 2.0, 1.0, 2.0, 2.0, 1.0, 1.0, 3.0, 2.0, 4.0, 2.0], [3.0, 4.0, 2.0, 1.0, 4.0, 4.0, 4.0, 2.0, 2.0, 1.0, 4.0, 4.0, 4.0, 4.0, 2.0, 2.0, 2.0, 2.0, 4.0, 4.0, 1.0, 1.0, 1.0, 2.0, 1.0, 1.0, 1.0, 1.0, 1.0, 3.0, 1.0, 2.0, 1.0, 2.0, 1.0, 3.0, 2.0, 4.0, 2.0], [4.0, 4.0, 2.0, 2.0, 4.0, 4.0, 4.0, 1.0, 2.0, 1.0, 3.0, 4.0, 4.0, 4.0, 4.0, 2.0, 2.0, 2.0, 4.0, 4.0, 1.0, 1.0, 2.0, 2.0, 1.0, 2.0, 1.0, 1.0, 1.0, 1.0, 2.0, 2.0, 2.0, 2.0, 2.0, 3.0, 4.0, 4.0, 1.0], [4.0, 2.0, 2.0, 1.0, 4.0, 4.0, 6.0, 2.0, 2.0, 1.0, 2.0, 4.0, 4.0, 4.0, 4.0, 2.0, 2.0, 2.0, 4.0, 4.0, 2.0, 1.0, 1.0, 2.0, 1.0, 2.0, 1.0, 1.0, 1.0, 2.0, 2.0, 3.0, 2.0, 2.0, 1.0, 3.0, 4.0, 4.0, 2.0], [4.0, 2.0, 4.0, 2.0, 4.0, 4.0, 4.0, 1.0, 2.0, 1.0, 3.0, 4.0, 4.0, 4.0, 4.0, 2.0, 2.0, 2.0, 4.0, 4.0, 1.0, 1.0, 2.0, 2.0, 1.0, 1.0, 1.0, 1.0, 1.0, 2.0, 1.0, 2.0, 1.0, 2.0, 2.0, 3.0, 4.0, 4.0, 1.0], [4.0, 4.0, 2.0, 2.0, 4.0, 2.0, 4.0, 4.0, 2.0, 2.0, 3.0, 4.0, 2.0, 4.0, 4.0, 2.0, 2.0, 2.0, 4.0, 4.0, 1.0, 2.0, 2.0, 2.0, 1.0, 1.0, 1.0, 1.0, 1.0, 2.0, 2.0, 2.0, 2.0, 1.0, 1.0, 2.0, 4.0, 4.0, 1.0], [3.0, 2.0, 4.0, 1.0, 4.0, 4.0, 4.0, 1.0, 1.0, 1.0, 2.0, 2.0, 2.0, 4.0, 4.0, 2.0, 2.0, 2.0, 4.0, 2.0, 1.0, 1.0, 2.0, 2.0, 1.0, 1.0, 1.0, 1.0, 1.0, 2.0, 1.0, 3.0, 2.0, 2.0, 2.0, 3.0, 4.0, 4.0, 2.0], [4.0, 2.0, 2.0, 2.0, 4.0, 4.0, 4.0, 2.0, 2.0, 1.0, 2.0, 4.0, 4.0, 4.0, 4.0, 2.0, 2.0, 2.0, 4.0, 4.0, 1.0, 1.0, 2.0, 2.0, 1.0, 1.0, 1.0, 1.0, 1.0, 2.0, 2.0, 2.0, 1.0, 1.0, 2.0, 3.0, 2.0, 4.0, 2.0], [4.0, 2.0, 1.0, 1.0, 4.0, 2.0, 4.0, 2.0, 2.0, 1.0, 3.0, 4.0, 6.0, 4.0, 4.0, 2.0, 2.0, 2.0, 4.0, 4.0, 2.0, 1.0, 1.0, 2.0, 1.0, 1.0, 1.0, 1.0, 1.0, 4.0, 2.0, 2.0, 2.0, 1.0, 2.0, 3.0, 4.0, 4.0, 2.0], [4.0, 1.0, 4.0, 1.0, 4.0, 4.0, 6.0, 2.0, 1.0, 1.0, 2.0, 4.0, 6.0, 4.0, 4.0, 2.0, 2.0, 2.0, 4.0, 4.0, 1.0, 1.0, 2.0, 2.0, 1.0, 2.0, 1.0, 1.0, 1.0, 4.0, 1.0, 2.0, 2.0, 2.0, 1.0, 3.0, 4.0, 4.0, 1.0], [4.0, 4.0, 2.0, 1.0, 4.0, 4.0, 4.0, 2.0, 2.0, 1.0, 3.0, 4.0, 2.0, 4.0, 4.0, 2.0, 2.0, 2.0, 4.0, 4.0, 1.0, 1.0, 2.0, 2.0, 1.0, 2.0, 1.0, 1.0, 1.0, 1.0, 2.0, 3.0, 2.0, 1.0, 2.0, 3.0, 4.0, 4.0, 1.0], [4.0, 4.0, 2.0, 1.0, 6.0, 4.0, 6.0, 4.0, 2.0, 1.0, 2.0, 4.0, 2.0, 4.0, 4.0, 2.0, 2.0, 1.0, 4.0, 4.0, 2.0, 2.0, 2.0, 2.0, 1.0, 1.0, 2.0, 1.0, 1.0, 4.0, 2.0, 2.0, 2.0, 1.0, 2.0, 2.0, 4.0, 4.0, 2.0], [4.0, 2.0, 4.0, 1.0, 4.0, 4.0, 6.0, 1.0, 2.0, 2.0, 2.0, 4.0, 4.0, 4.0, 4.0, 2.0, 2.0, 2.0, 6.0, 4.0, 2.0, 1.0, 2.0, 2.0, 1.0, 1.0, 1.0, 1.0, 1.0, 2.0, 2.0, 2.0, 2.0, 1.0, 2.0, 3.0, 4.0, 4.0, 2.0], [3.0, 2.0, 4.0, 1.0, 4.0, 4.0, 6.0, 2.0, 2.0, 1.0, 2.0, 4.0, 4.0, 4.0, 4.0, 2.0, 2.0, 2.0, 4.0, 4.0, 2.0, 1.0, 2.0, 2.0, 1.0, 1.0, 1.0, 1.0, 1.0, 2.0, 2.0, 2.0, 2.0, 1.0, 2.0, 3.0, 4.0, 4.0, 1.0], [4.0, 2.0, 4.0, 2.0, 4.0, 4.0, 6.0, 4.0, 1.0, 1.0, 3.0, 4.0, 6.0, 4.0, 4.0, 2.0, 2.0, 3.0, 6.0, 4.0, 1.0, 1.0, 1.0, 2.0, 1.0, 2.0, 1.0, 1.0, 1.0, 2.0, 2.0, 3.0, 2.0, 1.0, 2.0, 3.0, 4.0, 4.0, 2.0], [4.0, 2.0, 2.0, 1.0, 2.0, 4.0, 6.0, 2.0, 2.0, 1.0, 3.0, 4.0, 4.0, 4.0, 4.0, 2.0, 2.0, 2.0, 4.0, 4.0, 1.0, 1.0, 1.0, 2.0, 1.0, 1.0, 1.0, 1.0, 1.0, 2.0, 1.0, 2.0, 2.0, 2.0, 1.0, 3.0, 4.0, 4.0, 1.0], [4.0, 2.0, 4.0, 1.0, 4.0, 4.0, 6.0, 1.0, 1.0, 1.0, 1.0, 4.0, 4.0, 2.0, 4.0, 2.0, 2.0, 2.0, 4.0, 4.0, 2.0, 1.0, 1.0, 2.0, 1.0, 1.0, 1.0, 1.0, 1.0, 4.0, 2.0, 2.0, 2.0, 1.0, 2.0, 3.0, 4.0, 4.0, 2.0], [4.0, 2.0, 2.0, 3.0, 4.0, 4.0, 6.0, 2.0, 2.0, 2.0, 2.0, 4.0, 2.0, 4.0, 4.0, 2.0, 2.0, 2.0, 4.0, 2.0, 1.0, 1.0, 2.0, 2.0, 1.0, 2.0, 1.0, 1.0, 1.0, 2.0, 1.0, 2.0, 2.0, 2.0, 1.0, 2.0, 2.0, 4.0, 2.0], [4.0, 4.0, 4.0, 3.0, 4.0, 4.0, 6.0, 4.0, 2.0, 1.0, 3.0, 6.0, 4.0, 4.0, 4.0, 2.0, 2.0, 2.0, 4.0, 4.0, 1.0, 1.0, 2.0, 1.0, 1.0, 1.0, 1.0, 1.0, 1.0, 4.0, 2.0, 2.0, 2.0, 1.0, 2.0, 2.0, 4.0, 4.0, 1.0], [2.0, 2.0, 2.0, 1.0, 4.0, 4.0, 4.0, 2.0, 2.0, 1.0, 2.0, 4.0, 4.0, 4.0, 4.0, 2.0, 2.0, 2.0, 4.0, 4.0, 2.0, 1.0, 1.0, 2.0, 1.0, 1.0, 1.0, 1.0, 1.0, 4.0, 2.0, 2.0, 2.0, 2.0, 3.0, 3.0, 4.0, 4.0, 2.0], [4.0, 4.0, 3.0, 1.0, 4.0, 4.0, 4.0, 2.0, 2.0, 1.0, 2.0, 4.0, 4.0, 4.0, 4.0, 2.0, 2.0, 2.0, 4.0, 4.0, 2.0, 1.0, 2.0, 2.0, 1.0, 1.0, 1.0, 1.0, 1.0, 4.0, 1.0, 2.0, 2.0, 2.0, 2.0, 3.0, 4.0, 4.0, 2.0], [4.0, 2.0, 2.0, 1.0, 4.0, 4.0, 4.0, 2.0, 2.0, 1.0, 4.0, 6.0, 2.0, 4.0, 4.0, 2.0, 2.0, 2.0, 4.0, 4.0, 1.0, 1.0, 2.0, 2.0, 1.0, 1.0, 1.0, 1.0, 1.0, 2.0, 1.0, 2.0, 2.0, 2.0, 1.0, 3.0, 2.0, 4.0, 2.0], [2.0, 4.0, 4.0, 2.0, 4.0, 4.0, 6.0, 2.0, 1.0, 1.0, 2.0, 4.0, 4.0, 4.0, 4.0, 2.0, 2.0, 2.0, 4.0, 4.0, 1.0, 1.0, 1.0, 2.0, 1.0, 1.0, 2.0, 1.0, 1.0, 4.0, 1.0, 2.0, 1.0, 2.0, 1.0, 3.0, 4.0, 4.0, 2.0], [4.0, 2.0, 4.0, 1.0, 4.0, 4.0, 4.0, 1.0, 1.0, 2.0, 2.0, 4.0, 2.0, 4.0, 4.0, 2.0, 2.0, 3.0, 6.0, 2.0, 1.0, 1.0, 1.0, 2.0, 1.0, 1.0, 2.0, 1.0, 1.0, 4.0, 2.0, 3.0, 2.0, 1.0, 2.0, 3.0, 2.0, 4.0, 1.0], [4.0, 2.0, 2.0, 2.0, 4.0, 3.0, 4.0, 2.0, 2.0, 2.0, 4.0, 4.0, 4.0, 4.0, 4.0, 2.0, 2.0, 2.0, 4.0, 4.0, 1.0, 1.0, 2.0, 2.0, 1.0, 1.0, 1.0, 1.0, 2.0, 2.0, 1.0, 3.0, 1.0, 1.0, 1.0, 3.0, 2.0, 4.0, 2.0], [4.0, 2.0, 2.0, 3.0, 4.0, 2.0, 6.0, 1.0, 2.0, 1.0, 3.0, 6.0, 2.0, 4.0, 2.0, 2.0, 2.0, 2.0, 4.0, 4.0, 1.0, 1.0, 2.0, 2.0, 1.0, 1.0, 1.0, 1.0, 1.0, 2.0, 1.0, 2.0, 2.0, 1.0, 1.0, 3.0, 2.0, 4.0, 1.0], [4.0, 2.0, 4.0, 3.0, 4.0, 2.0, 6.0, 4.0, 1.0, 2.0, 2.0, 6.0, 6.0, 3.0, 4.0, 2.0, 2.0, 2.0, 4.0, 4.0, 1.0, 1.0, 2.0, 2.0, 1.0, 1.0, 1.0, 1.0, 1.0, 1.0, 1.0, 2.0, 2.0, 2.0, 1.0, 2.0, 4.0, 4.0, 2.0], [4.0, 4.0, 4.0, 3.0, 4.0, 4.0, 4.0, 1.0, 2.0, 1.0, 3.0, 4.0, 4.0, 4.0, 4.0, 2.0, 2.0, 2.0, 4.0, 4.0, 1.0, 1.0, 1.0, 2.0, 1.0, 1.0, 1.0, 1.0, 1.0, 2.0, 2.0, 2.0, 1.0, 2.0, 1.0, 2.0, 4.0, 4.0, 1.0], [4.0, 2.0, 4.0, 1.0, 4.0, 4.0, 4.0, 1.0, 2.0, 1.0, 2.0, 4.0, 4.0, 4.0, 4.0, 2.0, 2.0, 2.0, 4.0, 4.0, 1.0, 1.0, 1.0, 2.0, 1.0, 2.0, 1.0, 1.0, 1.0, 2.0, 1.0, 3.0, 1.0, 2.0, 3.0, 3.0, 4.0, 4.0, 1.0], [4.0, 2.0, 2.0, 3.0, 4.0, 4.0, 6.0, 2.0, 1.0, 1.0, 2.0, 4.0, 4.0, 4.0, 4.0, 2.0, 2.0, 2.0, 6.0, 4.0, 1.0, 1.0, 1.0, 2.0, 1.0, 1.0, 1.0, 1.0, 1.0, 2.0, 1.0, 2.0, 2.0, 2.0, 2.0, 3.0, 2.0, 4.0, 1.0], [4.0, 2.0, 2.0, 1.0, 4.0, 4.0, 6.0, 1.0, 2.0, 1.0, 2.0, 6.0, 2.0, 4.0, 4.0, 2.0, 2.0, 2.0, 4.0, 4.0, 1.0, 1.0, 2.0, 2.0, 1.0, 1.0, 1.0, 1.0, 1.0, 2.0, 1.0, 3.0, 1.0, 2.0, 2.0, 3.0, 4.0, 4.0, 2.0], [1.0, 2.0, 4.0, 3.0, 4.0, 4.0, 4.0, 1.0, 3.0, 1.0, 4.0, 4.0, 4.0, 4.0, 4.0, 2.0, 2.0, 2.0, 6.0, 4.0, 2.0, 1.0, 1.0, 2.0, 1.0, 2.0, 1.0, 1.0, 1.0, 2.0, 2.0, 3.0, 2.0, 2.0, 1.0, 3.0, 2.0, 4.0, 2.0], [4.0, 2.0, 3.0, 1.0, 4.0, 2.0, 6.0, 3.0, 1.0, 1.0, 3.0, 4.0, 4.0, 4.0, 4.0, 2.0, 2.0, 3.0, 4.0, 4.0, 1.0, 1.0, 1.0, 2.0, 1.0, 1.0, 1.0, 1.0, 1.0, 2.0, 2.0, 2.0, 2.0, 1.0, 1.0, 3.0, 4.0, 4.0, 1.0], [4.0, 2.0, 4.0, 1.0, 4.0, 2.0, 6.0, 4.0, 1.0, 1.0, 3.0, 4.0, 2.0, 4.0, 2.0, 2.0, 2.0, 2.0, 4.0, 4.0, 1.0, 1.0, 2.0, 2.0, 1.0, 1.0, 1.0, 1.0, 1.0, 4.0, 2.0, 2.0, 2.0, 1.0, 2.0, 2.0, 4.0, 4.0, 1.0], [4.0, 2.0, 2.0, 2.0, 4.0, 4.0, 6.0, 2.0, 2.0, 2.0, 3.0, 6.0, 4.0, 4.0, 4.0, 2.0, 2.0, 2.0, 4.0, 4.0, 1.0, 1.0, 2.0, 2.0, 1.0, 2.0, 1.0, 1.0, 1.0, 2.0, 1.0, 2.0, 2.0, 2.0, 2.0, 3.0, 4.0, 4.0, 2.0], [4.0, 4.0, 4.0, 3.0, 6.0, 2.0, 6.0, 4.0, 1.0, 2.0, 2.0, 4.0, 4.0, 6.0, 4.0, 2.0, 2.0, 2.0, 4.0, 4.0, 1.0, 1.0, 2.0, 2.0, 1.0, 1.0, 1.0, 1.0, 1.0, 2.0, 1.0, 2.0, 2.0, 2.0, 1.0, 2.0, 4.0, 4.0, 2.0], [4.0, 1.0, 4.0, 1.0, 4.0, 4.0, 6.0, 2.0, 1.0, 1.0, 3.0, 6.0, 4.0, 4.0, 4.0, 2.0, 2.0, 2.0, 4.0, 4.0, 1.0, 1.0, 2.0, 2.0, 1.0, 1.0, 1.0, 1.0, 1.0, 1.0, 2.0, 2.0, 1.0, 1.0, 2.0, 3.0, 2.0, 4.0, 2.0], [4.0, 2.0, 4.0, 2.0, 4.0, 4.0, 4.0, 1.0, 1.0, 1.0, 2.0, 2.0, 6.0, 4.0, 1.0, 2.0, 2.0, 2.0, 4.0, 4.0, 2.0, 1.0, 1.0, 2.0, 1.0, 1.0, 1.0, 1.0, 1.0, 2.0, 2.0, 2.0, 2.0, 2.0, 1.0, 3.0, 4.0, 4.0, 1.0], [4.0, 1.0, 2.0, 1.0, 4.0, 4.0, 6.0, 1.0, 1.0, 1.0, 4.0, 4.0, 4.0, 4.0, 4.0, 2.0, 2.0, 2.0, 4.0, 4.0, 2.0, 1.0, 2.0, 2.0, 1.0, 1.0, 1.0, 1.0, 1.0, 1.0, 1.0, 3.0, 1.0, 1.0, 2.0, 2.0, 2.0, 4.0, 1.0], [4.0, 4.0, 4.0, 2.0, 1.0, 4.0, 6.0, 2.0, 2.0, 1.0, 2.0, 4.0, 4.0, 4.0, 2.0, 2.0, 2.0, 2.0, 4.0, 4.0, 1.0, 1.0, 1.0, 2.0, 1.0, 1.0, 1.0, 1.0, 1.0, 2.0, 1.0, 2.0, 2.0, 1.0, 1.0, 3.0, 4.0, 4.0, 1.0]]

first layer check: Conv2d(9, 64, kernel_size=(7, 7), stride=(2, 2), padding=(3, 3), bias=False)

for model 2: mode acc: 0.5128205418586731, run mean acc: 0.5125000476837158, top-2 acc:0.7337499856948853, mode f1: 0.5128205418586731

model 2 mode preds
[3.0, 3.0, 4.0, 3.0, 3.0, 3.0, 4.0, 3.0, 1.0, 1.0, 3.0, 6.0, 3.0, 4.0, 3.0, 1.0, 3.0, 1.0, 4.0, 3.0, 1.0, 1.0, 1.0, 1.0, 1.0, 3.0, 1.0, 1.0, 1.0, 1.0, 1.0, 1.0, 1.0, 1.0, 1.0, 3.0, 2.0, 4.0, 1.0]

model 2 all preds
[[3.0, 3.0, 4.0, 3.0, 3.0, 3.0, 4.0, 1.0, 1.0, 1.0, 3.0, 3.0, 1.0, 4.0, 6.0, 1.0, 2.0, 1.0, 4.0, 3.0, 1.0, 1.0, 1.0, 1.0, 1.0, 3.0, 1.0, 1.0, 1.0, 4.0, 1.0, 1.0, 1.0, 1.0, 1.0, 1.0, 2.0, 4.0, 1.0], [3.0, 3.0, 4.0, 3.0, 3.0, 3.0, 4.0, 3.0, 1.0, 1.0, 3.0, 6.0, 3.0, 4.0, 3.0, 1.0, 3.0, 2.0, 4.0, 3.0, 1.0, 1.0, 1.0, 1.0, 1.0, 3.0, 1.0, 1.0, 1.0, 1.0, 3.0, 1.0, 1.0, 1.0, 1.0, 3.0, 2.0, 5.0, 1.0], [3.0, 3.0, 3.0, 3.0, 3.0, 2.0, 4.0, 3.0, 3.0, 1.0, 3.0, 6.0, 2.0, 4.0, 6.0, 1.0, 3.0, 2.0, 4.0, 3.0, 1.0, 1.0, 1.0, 1.0, 1.0, 3.0, 1.0, 1.0, 1.0, 1.0, 1.0, 1.0, 3.0, 1.0, 3.0, 3.0, 3.0, 4.0, 1.0], [3.0, 3.0, 4.0, 1.0, 3.0, 3.0, 4.0, 3.0, 3.0, 1.0, 3.0, 4.0, 4.0, 4.0, 3.0, 1.0, 3.0, 1.0, 4.0, 3.0, 1.0, 1.0, 1.0, 1.0, 1.0, 3.0, 1.0, 1.0, 1.0, 1.0, 0.0, 1.0, 1.0, 1.0, 1.0, 3.0, 2.0, 3.0, 1.0], [3.0, 3.0, 4.0, 3.0, 3.0, 3.0, 4.0, 0.0, 1.0, 1.0, 3.0, 4.0, 3.0, 4.0, 3.0, 1.0, 3.0, 3.0, 4.0, 4.0, 1.0, 1.0, 1.0, 1.0, 1.0, 3.0, 1.0, 1.0, 1.0, 1.0, 1.0, 3.0, 1.0, 1.0, 1.0, 3.0, 2.0, 5.0, 1.0], [3.0, 3.0, 4.0, 3.0, 2.0, 3.0, 4.0, 3.0, 1.0, 1.0, 3.0, 1.0, 3.0, 4.0, 3.0, 1.0, 3.0, 1.0, 4.0, 4.0, 3.0, 1.0, 1.0, 1.0, 1.0, 1.0, 1.0, 1.0, 1.0, 2.0, 3.0, 3.0, 1.0, 1.0, 1.0, 3.0, 2.0, 3.0, 1.0], [4.0, 3.0, 4.0, 3.0, 3.0, 3.0, 4.0, 3.0, 3.0, 1.0, 3.0, 6.0, 3.0, 4.0, 3.0, 1.0, 3.0, 1.0, 4.0, 3.0, 1.0, 1.0, 1.0, 1.0, 1.0, 3.0, 1.0, 1.0, 1.0, 1.0, 1.0, 1.0, 1.0, 1.0, 1.0, 3.0, 3.0, 3.0, 1.0], [3.0, 3.0, 1.0, 3.0, 3.0, 3.0, 4.0, 0.0, 1.0, 1.0, 1.0, 3.0, 2.0, 6.0, 4.0, 1.0, 3.0, 1.0, 4.0, 5.0, 1.0, 1.0, 1.0, 1.0, 1.0, 3.0, 1.0, 1.0, 1.0, 1.0, 3.0, 3.0, 1.0, 1.0, 1.0, 3.0, 2.0, 4.0, 1.0], [3.0, 3.0, 4.0, 3.0, 3.0, 2.0, 4.0, 3.0, 1.0, 1.0, 3.0, 6.0, 3.0, 4.0, 5.0, 1.0, 3.0, 1.0, 5.0, 3.0, 1.0, 1.0, 1.0, 1.0, 1.0, 1.0, 1.0, 1.0, 1.0, 3.0, 1.0, 3.0, 1.0, 1.0, 1.0, 3.0, 3.0, 4.0, 1.0], [3.0, 3.0, 3.0, 0.0, 3.0, 3.0, 4.0, 3.0, 1.0, 1.0, 1.0, 4.0, 1.0, 4.0, 3.0, 1.0, 3.0, 1.0, 5.0, 4.0, 1.0, 1.0, 1.0, 1.0, 1.0, 2.0, 1.0, 1.0, 0.0, 1.0, 1.0, 3.0, 1.0, 1.0, 1.0, 1.0, 2.0, 4.0, 1.0], [3.0, 3.0, 4.0, 1.0, 3.0, 3.0, 4.0, 3.0, 1.0, 1.0, 3.0, 6.0, 5.0, 4.0, 4.0, 1.0, 3.0, 1.0, 4.0, 4.0, 1.0, 1.0, 2.0, 3.0, 1.0, 3.0, 1.0, 1.0, 1.0, 1.0, 3.0, 1.0, 1.0, 1.0, 1.0, 3.0, 2.0, 4.0, 1.0], [3.0, 3.0, 4.0, 1.0, 3.0, 3.0, 4.0, 3.0, 1.0, 1.0, 3.0, 3.0, 3.0, 3.0, 6.0, 1.0, 1.0, 1.0, 4.0, 3.0, 1.0, 1.0, 1.0, 1.0, 1.0, 3.0, 1.0, 1.0, 1.0, 1.0, 1.0, 1.0, 1.0, 1.0, 1.0, 2.0, 2.0, 3.0, 1.0], [3.0, 3.0, 4.0, 1.0, 3.0, 3.0, 4.0, 4.0, 1.0, 1.0, 1.0, 1.0, 1.0, 4.0, 3.0, 1.0, 3.0, 1.0, 4.0, 4.0, 1.0, 1.0, 1.0, 1.0, 1.0, 2.0, 1.0, 1.0, 1.0, 4.0, 1.0, 3.0, 1.0, 1.0, 1.0, 3.0, 2.0, 4.0, 1.0], [3.0, 3.0, 4.0, 3.0, 4.0, 3.0, 4.0, 3.0, 3.0, 1.0, 1.0, 4.0, 3.0, 4.0, 3.0, 1.0, 2.0, 1.0, 5.0, 4.0, 1.0, 1.0, 1.0, 3.0, 1.0, 3.0, 1.0, 1.0, 1.0, 3.0, 1.0, 1.0, 1.0, 1.0, 1.0, 3.0, 3.0, 3.0, 1.0], [3.0, 3.0, 3.0, 3.0, 3.0, 3.0, 4.0, 0.0, 1.0, 1.0, 3.0, 1.0, 3.0, 4.0, 4.0, 1.0, 1.0, 1.0, 4.0, 4.0, 3.0, 1.0, 1.0, 3.0, 1.0, 5.0, 1.0, 1.0, 1.0, 3.0, 3.0, 1.0, 3.0, 1.0, 1.0, 3.0, 2.0, 4.0, 1.0], [3.0, 3.0, 4.0, 1.0, 5.0, 3.0, 4.0, 3.0, 3.0, 1.0, 1.0, 6.0, 1.0, 4.0, 6.0, 1.0, 3.0, 1.0, 4.0, 3.0, 1.0, 1.0, 1.0, 3.0, 1.0, 1.0, 1.0, 1.0, 1.0, 1.0, 1.0, 1.0, 1.0, 1.0, 1.0, 3.0, 3.0, 5.0, 1.0], [3.0, 3.0, 3.0, 0.0, 1.0, 3.0, 4.0, 3.0, 1.0, 1.0, 3.0, 4.0, 1.0, 4.0, 6.0, 1.0, 3.0, 3.0, 4.0, 3.0, 1.0, 1.0, 2.0, 1.0, 1.0, 3.0, 1.0, 1.0, 1.0, 1.0, 1.0, 3.0, 1.0, 1.0, 1.0, 3.0, 2.0, 3.0, 1.0], [3.0, 3.0, 4.0, 3.0, 3.0, 3.0, 4.0, 0.0, 1.0, 1.0, 3.0, 6.0, 3.0, 4.0, 5.0, 1.0, 3.0, 1.0, 4.0, 4.0, 1.0, 1.0, 1.0, 3.0, 1.0, 3.0, 1.0, 1.0, 1.0, 3.0, 1.0, 3.0, 1.0, 1.0, 1.0, 3.0, 2.0, 4.0, 1.0], [3.0, 3.0, 4.0, 3.0, 3.0, 3.0, 4.0, 3.0, 1.0, 1.0, 3.0, 3.0, 3.0, 4.0, 3.0, 1.0, 3.0, 1.0, 4.0, 3.0, 1.0, 1.0, 1.0, 1.0, 1.0, 1.0, 1.0, 1.0, 1.0, 1.0, 1.0, 1.0, 1.0, 1.0, 1.0, 3.0, 3.0, 5.0, 1.0], [3.0, 3.0, 4.0, 1.0, 1.0, 3.0, 4.0, 3.0, 1.0, 1.0, 3.0, 1.0, 2.0, 4.0, 5.0, 1.0, 3.0, 1.0, 4.0, 4.0, 1.0, 1.0, 1.0, 1.0, 1.0, 3.0, 1.0, 1.0, 3.0, 1.0, 1.0, 1.0, 2.0, 1.0, 1.0, 3.0, 2.0, 4.0, 1.0], [3.0, 3.0, 3.0, 3.0, 2.0, 3.0, 4.0, 3.0, 1.0, 1.0, 3.0, 3.0, 3.0, 4.0, 5.0, 1.0, 1.0, 3.0, 4.0, 3.0, 1.0, 1.0, 1.0, 1.0, 1.0, 2.0, 1.0, 1.0, 1.0, 1.0, 1.0, 3.0, 1.0, 1.0, 1.0, 3.0, 3.0, 5.0, 1.0], [4.0, 3.0, 3.0, 3.0, 3.0, 3.0, 4.0, 0.0, 1.0, 1.0, 3.0, 6.0, 3.0, 4.0, 3.0, 1.0, 3.0, 1.0, 4.0, 3.0, 1.0, 1.0, 1.0, 3.0, 1.0, 2.0, 1.0, 1.0, 1.0, 3.0, 1.0, 1.0, 1.0, 1.0, 1.0, 3.0, 2.0, 5.0, 1.0], [3.0, 3.0, 3.0, 3.0, 3.0, 3.0, 4.0, 0.0, 1.0, 1.0, 3.0, 4.0, 2.0, 4.0, 3.0, 1.0, 3.0, 3.0, 4.0, 3.0, 1.0, 1.0, 2.0, 1.0, 1.0, 3.0, 1.0, 1.0, 0.0, 1.0, 1.0, 1.0, 3.0, 1.0, 1.0, 1.0, 3.0, 4.0, 1.0], [4.0, 3.0, 4.0, 1.0, 2.0, 3.0, 4.0, 0.0, 1.0, 1.0, 3.0, 1.0, 1.0, 4.0, 5.0, 1.0, 3.0, 1.0, 4.0, 4.0, 3.0, 1.0, 1.0, 1.0, 1.0, 3.0, 1.0, 1.0, 3.0, 1.0, 1.0, 1.0, 3.0, 1.0, 1.0, 3.0, 3.0, 5.0, 1.0], [3.0, 3.0, 4.0, 1.0, 3.0, 3.0, 6.0, 4.0, 1.0, 1.0, 3.0, 6.0, 3.0, 4.0, 3.0, 1.0, 3.0, 1.0, 4.0, 3.0, 1.0, 1.0, 2.0, 1.0, 1.0, 1.0, 1.0, 1.0, 1.0, 1.0, 1.0, 1.0, 1.0, 1.0, 1.0, 3.0, 2.0, 5.0, 1.0], [3.0, 3.0, 3.0, 3.0, 3.0, 3.0, 4.0, 0.0, 1.0, 1.0, 3.0, 4.0, 5.0, 4.0, 4.0, 1.0, 1.0, 1.0, 4.0, 5.0, 1.0, 1.0, 1.0, 1.0, 1.0, 3.0, 1.0, 1.0, 1.0, 4.0, 1.0, 1.0, 1.0, 1.0, 1.0, 3.0, 3.0, 3.0, 1.0], [3.0, 3.0, 3.0, 3.0, 3.0, 3.0, 4.0, 3.0, 3.0, 1.0, 3.0, 6.0, 2.0, 4.0, 3.0, 1.0, 3.0, 1.0, 4.0, 4.0, 1.0, 1.0, 2.0, 1.0, 1.0, 1.0, 1.0, 1.0, 1.0, 1.0, 0.0, 3.0, 1.0, 1.0, 1.0, 3.0, 2.0, 5.0, 1.0], [3.0, 2.0, 4.0, 1.0, 3.0, 3.0, 4.0, 4.0, 1.0, 1.0, 3.0, 4.0, 1.0, 4.0, 3.0, 1.0, 3.0, 1.0, 4.0, 4.0, 1.0, 1.0, 1.0, 1.0, 1.0, 4.0, 1.0, 1.0, 1.0, 1.0, 1.0, 1.0, 1.0, 1.0, 1.0, 3.0, 3.0, 4.0, 1.0], [3.0, 3.0, 1.0, 1.0, 3.0, 3.0, 4.0, 3.0, 1.0, 1.0, 3.0, 5.0, 4.0, 4.0, 4.0, 1.0, 3.0, 2.0, 4.0, 4.0, 1.0, 1.0, 1.0, 1.0, 1.0, 1.0, 1.0, 1.0, 1.0, 1.0, 1.0, 3.0, 1.0, 3.0, 1.0, 3.0, 2.0, 5.0, 1.0], [3.0, 3.0, 4.0, 3.0, 3.0, 3.0, 4.0, 0.0, 1.0, 1.0, 1.0, 6.0, 3.0, 4.0, 3.0, 1.0, 3.0, 3.0, 4.0, 3.0, 3.0, 1.0, 1.0, 1.0, 1.0, 3.0, 1.0, 1.0, 1.0, 1.0, 1.0, 1.0, 1.0, 1.0, 1.0, 3.0, 2.0, 5.0, 1.0], [3.0, 4.0, 4.0, 0.0, 3.0, 3.0, 4.0, 0.0, 1.0, 1.0, 3.0, 6.0, 1.0, 4.0, 3.0, 1.0, 3.0, 1.0, 4.0, 3.0, 1.0, 1.0, 1.0, 3.0, 1.0, 3.0, 1.0, 1.0, 1.0, 1.0, 1.0, 1.0, 1.0, 1.0, 1.0, 3.0, 2.0, 4.0, 1.0], [3.0, 3.0, 4.0, 3.0, 3.0, 2.0, 4.0, 0.0, 1.0, 3.0, 1.0, 6.0, 3.0, 4.0, 3.0, 1.0, 3.0, 1.0, 4.0, 3.0, 1.0, 1.0, 1.0, 3.0, 1.0, 3.0, 1.0, 1.0, 1.0, 1.0, 1.0, 1.0, 1.0, 1.0, 1.0, 1.0, 2.0, 4.0, 1.0], [3.0, 3.0, 4.0, 3.0, 3.0, 3.0, 4.0, 3.0, 1.0, 1.0, 3.0, 3.0, 1.0, 4.0, 3.0, 1.0, 2.0, 1.0, 4.0, 2.0, 1.0, 1.0, 1.0, 1.0, 1.0, 3.0, 1.0, 1.0, 1.0, 1.0, 3.0, 1.0, 1.0, 1.0, 1.0, 3.0, 2.0, 3.0, 1.0], [3.0, 3.0, 4.0, 3.0, 3.0, 3.0, 4.0, 3.0, 1.0, 1.0, 1.0, 4.0, 3.0, 4.0, 1.0, 1.0, 3.0, 1.0, 3.0, 3.0, 1.0, 1.0, 1.0, 1.0, 1.0, 3.0, 1.0, 1.0, 1.0, 3.0, 1.0, 3.0, 1.0, 3.0, 1.0, 3.0, 3.0, 4.0, 1.0], [3.0, 3.0, 4.0, 3.0, 1.0, 3.0, 4.0, 0.0, 1.0, 1.0, 1.0, 1.0, 3.0, 4.0, 3.0, 1.0, 3.0, 1.0, 4.0, 3.0, 3.0, 1.0, 1.0, 3.0, 1.0, 3.0, 1.0, 1.0, 1.0, 1.0, 1.0, 1.0, 1.0, 3.0, 1.0, 3.0, 2.0, 4.0, 1.0], [3.0, 3.0, 4.0, 1.0, 6.0, 3.0, 4.0, 3.0, 1.0, 1.0, 3.0, 4.0, 4.0, 4.0, 5.0, 1.0, 3.0, 1.0, 4.0, 3.0, 1.0, 1.0, 1.0, 1.0, 1.0, 1.0, 1.0, 1.0, 1.0, 2.0, 1.0, 3.0, 1.0, 1.0, 1.0, 3.0, 2.0, 3.0, 1.0], [3.0, 3.0, 4.0, 3.0, 3.0, 3.0, 4.0, 3.0, 1.0, 1.0, 3.0, 2.0, 3.0, 4.0, 3.0, 1.0, 3.0, 1.0, 4.0, 4.0, 1.0, 1.0, 1.0, 3.0, 1.0, 3.0, 1.0, 1.0, 1.0, 1.0, 1.0, 3.0, 1.0, 1.0, 1.0, 3.0, 2.0, 4.0, 1.0], [3.0, 3.0, 4.0, 1.0, 3.0, 2.0, 4.0, 3.0, 1.0, 1.0, 1.0, 4.0, 4.0, 4.0, 3.0, 1.0, 3.0, 3.0, 4.0, 3.0, 1.0, 1.0, 1.0, 3.0, 1.0, 1.0, 1.0, 1.0, 1.0, 3.0, 3.0, 1.0, 1.0, 1.0, 1.0, 3.0, 3.0, 4.0, 1.0], [3.0, 3.0, 0.0, 1.0, 3.0, 3.0, 4.0, 3.0, 3.0, 1.0, 3.0, 3.0, 3.0, 4.0, 3.0, 1.0, 3.0, 3.0, 5.0, 3.0, 1.0, 1.0, 1.0, 3.0, 1.0, 3.0, 1.0, 1.0, 3.0, 3.0, 1.0, 3.0, 1.0, 1.0, 1.0, 3.0, 2.0, 5.0, 1.0], [3.0, 3.0, 4.0, 3.0, 3.0, 3.0, 4.0, 3.0, 3.0, 3.0, 3.0, 6.0, 3.0, 4.0, 3.0, 1.0, 3.0, 1.0, 4.0, 4.0, 1.0, 1.0, 1.0, 1.0, 1.0, 3.0, 1.0, 1.0, 1.0, 1.0, 1.0, 3.0, 1.0, 1.0, 1.0, 3.0, 2.0, 5.0, 1.0], [3.0, 3.0, 3.0, 3.0, 3.0, 3.0, 4.0, 0.0, 1.0, 1.0, 3.0, 3.0, 3.0, 4.0, 4.0, 1.0, 3.0, 1.0, 4.0, 3.0, 3.0, 1.0, 1.0, 3.0, 1.0, 3.0, 1.0, 1.0, 1.0, 4.0, 1.0, 1.0, 3.0, 3.0, 1.0, 3.0, 2.0, 3.0, 1.0], [3.0, 3.0, 2.0, 3.0, 2.0, 3.0, 4.0, 3.0, 1.0, 1.0, 3.0, 3.0, 4.0, 4.0, 3.0, 1.0, 2.0, 1.0, 4.0, 2.0, 1.0, 1.0, 1.0, 1.0, 1.0, 3.0, 1.0, 1.0, 1.0, 1.0, 1.0, 1.0, 1.0, 1.0, 1.0, 3.0, 2.0, 3.0, 1.0], [3.0, 3.0, 3.0, 3.0, 3.0, 2.0, 3.0, 3.0, 3.0, 1.0, 3.0, 3.0, 3.0, 4.0, 3.0, 1.0, 2.0, 1.0, 4.0, 3.0, 1.0, 1.0, 1.0, 1.0, 1.0, 3.0, 1.0, 1.0, 1.0, 1.0, 1.0, 3.0, 1.0, 3.0, 1.0, 3.0, 2.0, 4.0, 1.0], [3.0, 3.0, 0.0, 3.0, 3.0, 3.0, 6.0, 0.0, 3.0, 1.0, 3.0, 3.0, 3.0, 4.0, 3.0, 1.0, 1.0, 1.0, 4.0, 3.0, 1.0, 1.0, 1.0, 1.0, 1.0, 3.0, 1.0, 1.0, 1.0, 1.0, 1.0, 3.0, 1.0, 1.0, 3.0, 3.0, 3.0, 4.0, 1.0], [3.0, 3.0, 4.0, 1.0, 3.0, 3.0, 4.0, 0.0, 1.0, 1.0, 3.0, 4.0, 4.0, 4.0, 6.0, 1.0, 1.0, 3.0, 4.0, 3.0, 1.0, 1.0, 1.0, 1.0, 1.0, 3.0, 1.0, 1.0, 1.0, 1.0, 3.0, 1.0, 1.0, 1.0, 1.0, 1.0, 3.0, 5.0, 1.0], [3.0, 3.0, 4.0, 3.0, 3.0, 3.0, 4.0, 3.0, 1.0, 1.0, 3.0, 6.0, 2.0, 4.0, 3.0, 1.0, 3.0, 1.0, 4.0, 5.0, 3.0, 1.0, 1.0, 1.0, 1.0, 3.0, 1.0, 1.0, 1.0, 1.0, 1.0, 1.0, 1.0, 1.0, 1.0, 3.0, 3.0, 4.0, 1.0], [3.0, 3.0, 3.0, 3.0, 2.0, 3.0, 4.0, 0.0, 1.0, 1.0, 3.0, 6.0, 4.0, 4.0, 4.0, 1.0, 3.0, 3.0, 4.0, 4.0, 1.0, 1.0, 1.0, 1.0, 1.0, 3.0, 1.0, 1.0, 1.0, 1.0, 1.0, 3.0, 1.0, 1.0, 1.0, 3.0, 3.0, 4.0, 1.0], [3.0, 3.0, 4.0, 3.0, 3.0, 3.0, 4.0, 3.0, 1.0, 1.0, 3.0, 3.0, 1.0, 4.0, 4.0, 1.0, 2.0, 3.0, 4.0, 3.0, 1.0, 1.0, 1.0, 1.0, 1.0, 3.0, 1.0, 1.0, 1.0, 4.0, 1.0, 1.0, 3.0, 1.0, 1.0, 1.0, 2.0, 5.0, 1.0], [3.0, 3.0, 0.0, 3.0, 3.0, 3.0, 4.0, 0.0, 1.0, 1.0, 3.0, 3.0, 3.0, 4.0, 3.0, 1.0, 3.0, 1.0, 4.0, 3.0, 1.0, 1.0, 1.0, 3.0, 1.0, 3.0, 1.0, 1.0, 1.0, 1.0, 3.0, 1.0, 1.0, 1.0, 1.0, 3.0, 2.0, 3.0, 1.0], [3.0, 3.0, 3.0, 1.0, 3.0, 3.0, 4.0, 4.0, 1.0, 1.0, 3.0, 4.0, 3.0, 4.0, 3.0, 1.0, 2.0, 1.0, 4.0, 3.0, 1.0, 1.0, 1.0, 1.0, 1.0, 3.0, 1.0, 1.0, 3.0, 3.0, 3.0, 1.0, 1.0, 1.0, 1.0, 3.0, 2.0, 4.0, 1.0]]

first layer check: Conv2d(9, 64, kernel_size=(7, 7), stride=(2, 2), padding=(3, 3), bias=False)

for model 3: mode acc: 0.4615384638309479, run mean acc: 0.40416663885116577, top-2 acc:0.6050000190734863, mode f1: 0.4615384638309479

model 3 mode preds
[4.0, 3.0, 4.0, 0.0, 3.0, 4.0, 4.0, 0.0, 3.0, 0.0, 4.0, 6.0, 4.0, 4.0, 3.0, 0.0, 3.0, 4.0, 5.0, 4.0, 3.0, 1.0, 2.0, 3.0, 1.0, 3.0, 1.0, 1.0, 3.0, 3.0, 0.0, 3.0, 3.0, 1.0, 1.0, 4.0, 3.0, 4.0, 1.0]

model 3 all preds
[[3.0, 3.0, 3.0, 0.0, 4.0, 3.0, 6.0, 0.0, 3.0, 0.0, 4.0, 6.0, 5.0, 4.0, 3.0, 0.0, 3.0, 5.0, 5.0, 4.0, 3.0, 1.0, 1.0, 3.0, 1.0, 3.0, 1.0, 3.0, 3.0, 2.0, 0.0, 3.0, 3.0, 1.0, 1.0, 3.0, 3.0, 3.0, 3.0], [0.0, 3.0, 3.0, 3.0, 4.0, 3.0, 6.0, 0.0, 3.0, 3.0, 3.0, 3.0, 4.0, 4.0, 1.0, 0.0, 3.0, 3.0, 5.0, 4.0, 3.0, 1.0, 2.0, 3.0, 1.0, 3.0, 1.0, 1.0, 3.0, 4.0, 0.0, 3.0, 2.0, 2.0, 0.0, 4.0, 3.0, 3.0, 1.0], [4.0, 3.0, 3.0, 0.0, 3.0, 4.0, 4.0, 0.0, 3.0, 0.0, 4.0, 6.0, 4.0, 4.0, 3.0, 0.0, 3.0, 3.0, 5.0, 4.0, 3.0, 1.0, 2.0, 3.0, 1.0, 3.0, 0.0, 1.0, 0.0, 3.0, 0.0, 3.0, 3.0, 3.0, 1.0, 4.0, 3.0, 4.0, 1.0], [4.0, 3.0, 3.0, 0.0, 3.0, 3.0, 4.0, 0.0, 3.0, 3.0, 3.0, 6.0, 3.0, 4.0, 3.0, 0.0, 3.0, 3.0, 5.0, 4.0, 3.0, 1.0, 2.0, 3.0, 1.0, 3.0, 1.0, 1.0, 1.0, 4.0, 1.0, 3.0, 3.0, 3.0, 1.0, 3.0, 3.0, 4.0, 3.0], [4.0, 3.0, 4.0, 3.0, 2.0, 4.0, 6.0, 4.0, 3.0, 1.0, 4.0, 6.0, 4.0, 6.0, 3.0, 0.0, 3.0, 3.0, 5.0, 4.0, 3.0, 1.0, 2.0, 3.0, 1.0, 3.0, 0.0, 3.0, 1.0, 4.0, 0.0, 3.0, 3.0, 1.0, 1.0, 4.0, 3.0, 3.0, 1.0], [4.0, 3.0, 3.0, 0.0, 3.0, 4.0, 4.0, 0.0, 3.0, 0.0, 3.0, 6.0, 1.0, 4.0, 3.0, 0.0, 3.0, 2.0, 5.0, 4.0, 3.0, 1.0, 2.0, 3.0, 1.0, 3.0, 0.0, 1.0, 1.0, 3.0, 0.0, 3.0, 2.0, 1.0, 1.0, 4.0, 3.0, 3.0, 1.0], [4.0, 3.0, 0.0, 3.0, 4.0, 4.0, 6.0, 0.0, 3.0, 0.0, 4.0, 4.0, 5.0, 6.0, 3.0, 0.0, 3.0, 2.0, 5.0, 4.0, 3.0, 1.0, 1.0, 3.0, 1.0, 3.0, 1.0, 1.0, 1.0, 4.0, 0.0, 3.0, 3.0, 1.0, 0.0, 4.0, 3.0, 3.0, 1.0], [4.0, 3.0, 4.0, 0.0, 2.0, 3.0, 6.0, 0.0, 3.0, 0.0, 4.0, 3.0, 1.0, 6.0, 3.0, 0.0, 3.0, 2.0, 5.0, 4.0, 3.0, 3.0, 2.0, 3.0, 1.0, 3.0, 0.0, 1.0, 3.0, 3.0, 0.0, 3.0, 3.0, 3.0, 1.0, 4.0, 3.0, 4.0, 3.0], [4.0, 3.0, 4.0, 0.0, 3.0, 4.0, 4.0, 3.0, 3.0, 3.0, 3.0, 6.0, 4.0, 4.0, 3.0, 0.0, 3.0, 4.0, 5.0, 4.0, 3.0, 3.0, 2.0, 3.0, 1.0, 3.0, 1.0, 1.0, 0.0, 3.0, 0.0, 3.0, 3.0, 3.0, 3.0, 4.0, 3.0, 4.0, 3.0], [4.0, 3.0, 4.0, 3.0, 3.0, 4.0, 4.0, 4.0, 3.0, 0.0, 4.0, 6.0, 4.0, 4.0, 4.0, 0.0, 3.0, 4.0, 5.0, 4.0, 3.0, 1.0, 2.0, 3.0, 3.0, 3.0, 1.0, 0.0, 1.0, 3.0, 0.0, 3.0, 3.0, 1.0, 1.0, 4.0, 3.0, 4.0, 3.0], [0.0, 3.0, 4.0, 3.0, 3.0, 3.0, 6.0, 0.0, 3.0, 1.0, 4.0, 6.0, 5.0, 4.0, 6.0, 0.0, 3.0, 4.0, 5.0, 4.0, 3.0, 1.0, 2.0, 0.0, 1.0, 1.0, 1.0, 1.0, 0.0, 3.0, 3.0, 3.0, 3.0, 1.0, 1.0, 3.0, 3.0, 3.0, 1.0], [1.0, 3.0, 4.0, 0.0, 3.0, 4.0, 6.0, 0.0, 3.0, 3.0, 3.0, 5.0, 3.0, 6.0, 3.0, 0.0, 3.0, 3.0, 4.0, 4.0, 3.0, 1.0, 2.0, 3.0, 1.0, 1.0, 0.0, 1.0, 3.0, 3.0, 0.0, 3.0, 3.0, 1.0, 1.0, 3.0, 3.0, 4.0, 1.0], [4.0, 3.0, 3.0, 0.0, 3.0, 4.0, 6.0, 0.0, 3.0, 3.0, 3.0, 6.0, 5.0, 4.0, 3.0, 0.0, 3.0, 3.0, 5.0, 4.0, 2.0, 1.0, 2.0, 3.0, 1.0, 1.0, 0.0, 3.0, 3.0, 3.0, 0.0, 0.0, 3.0, 1.0, 0.0, 4.0, 3.0, 3.0, 1.0], [3.0, 3.0, 4.0, 0.0, 3.0, 4.0, 4.0, 4.0, 3.0, 0.0, 4.0, 6.0, 3.0, 4.0, 3.0, 0.0, 3.0, 2.0, 5.0, 4.0, 3.0, 1.0, 2.0, 3.0, 1.0, 3.0, 1.0, 1.0, 1.0, 3.0, 0.0, 3.0, 3.0, 1.0, 1.0, 4.0, 3.0, 3.0, 3.0], [0.0, 3.0, 3.0, 0.0, 3.0, 4.0, 6.0, 4.0, 3.0, 0.0, 1.0, 6.0, 4.0, 4.0, 3.0, 0.0, 3.0, 2.0, 5.0, 4.0, 3.0, 1.0, 2.0, 3.0, 1.0, 3.0, 1.0, 3.0, 3.0, 3.0, 3.0, 3.0, 3.0, 1.0, 1.0, 4.0, 3.0, 3.0, 1.0], [4.0, 3.0, 4.0, 0.0, 3.0, 4.0, 6.0, 0.0, 3.0, 1.0, 3.0, 6.0, 4.0, 4.0, 1.0, 0.0, 3.0, 3.0, 5.0, 4.0, 3.0, 1.0, 2.0, 0.0, 1.0, 3.0, 1.0, 1.0, 3.0, 3.0, 0.0, 3.0, 3.0, 1.0, 3.0, 4.0, 3.0, 3.0, 1.0], [4.0, 3.0, 4.0, 3.0, 3.0, 5.0, 6.0, 4.0, 3.0, 0.0, 4.0, 6.0, 4.0, 4.0, 3.0, 0.0, 3.0, 4.0, 5.0, 4.0, 3.0, 1.0, 2.0, 3.0, 1.0, 1.0, 0.0, 1.0, 3.0, 3.0, 0.0, 1.0, 3.0, 1.0, 1.0, 3.0, 3.0, 3.0, 1.0], [4.0, 3.0, 3.0, 0.0, 4.0, 4.0, 4.0, 0.0, 3.0, 0.0, 1.0, 3.0, 4.0, 4.0, 3.0, 0.0, 3.0, 3.0, 5.0, 4.0, 3.0, 1.0, 1.0, 0.0, 1.0, 1.0, 3.0, 1.0, 3.0, 1.0, 3.0, 3.0, 3.0, 3.0, 1.0, 4.0, 3.0, 4.0, 3.0], [4.0, 3.0, 3.0, 0.0, 2.0, 4.0, 4.0, 0.0, 3.0, 0.0, 4.0, 6.0, 4.0, 6.0, 3.0, 0.0, 2.0, 4.0, 5.0, 4.0, 3.0, 1.0, 1.0, 1.0, 1.0, 3.0, 3.0, 1.0, 1.0, 3.0, 0.0, 3.0, 3.0, 1.0, 1.0, 4.0, 3.0, 4.0, 3.0], [4.0, 3.0, 4.0, 3.0, 2.0, 3.0, 6.0, 4.0, 3.0, 0.0, 4.0, 6.0, 1.0, 4.0, 3.0, 0.0, 3.0, 2.0, 5.0, 4.0, 3.0, 1.0, 1.0, 3.0, 1.0, 3.0, 2.0, 3.0, 3.0, 3.0, 0.0, 3.0, 3.0, 1.0, 0.0, 3.0, 3.0, 4.0, 1.0], [4.0, 3.0, 4.0, 0.0, 3.0, 3.0, 4.0, 4.0, 3.0, 3.0, 3.0, 6.0, 6.0, 4.0, 6.0, 0.0, 3.0, 4.0, 5.0, 4.0, 3.0, 1.0, 2.0, 3.0, 1.0, 3.0, 1.0, 1.0, 3.0, 3.0, 3.0, 3.0, 3.0, 1.0, 1.0, 4.0, 3.0, 4.0, 3.0], [4.0, 3.0, 4.0, 0.0, 3.0, 4.0, 6.0, 0.0, 3.0, 3.0, 4.0, 6.0, 4.0, 4.0, 3.0, 0.0, 2.0, 4.0, 5.0, 4.0, 3.0, 1.0, 2.0, 3.0, 1.0, 3.0, 2.0, 1.0, 1.0, 1.0, 0.0, 3.0, 3.0, 1.0, 3.0, 4.0, 3.0, 3.0, 3.0], [4.0, 3.0, 4.0, 0.0, 3.0, 4.0, 4.0, 4.0, 3.0, 1.0, 3.0, 6.0, 3.0, 6.0, 1.0, 0.0, 3.0, 4.0, 5.0, 4.0, 3.0, 1.0, 2.0, 3.0, 0.0, 3.0, 2.0, 1.0, 3.0, 3.0, 0.0, 3.0, 3.0, 3.0, 3.0, 4.0, 3.0, 4.0, 1.0], [4.0, 3.0, 4.0, 0.0, 3.0, 4.0, 4.0, 0.0, 3.0, 0.0, 3.0, 5.0, 5.0, 4.0, 3.0, 0.0, 3.0, 2.0, 5.0, 4.0, 3.0, 1.0, 1.0, 3.0, 1.0, 1.0, 1.0, 3.0, 0.0, 4.0, 3.0, 3.0, 3.0, 1.0, 1.0, 4.0, 3.0, 3.0, 1.0], [4.0, 4.0, 4.0, 3.0, 3.0, 4.0, 4.0, 0.0, 3.0, 3.0, 4.0, 6.0, 4.0, 4.0, 6.0, 0.0, 3.0, 4.0, 5.0, 4.0, 3.0, 1.0, 2.0, 0.0, 0.0, 1.0, 1.0, 1.0, 3.0, 3.0, 0.0, 3.0, 3.0, 3.0, 0.0, 3.0, 3.0, 3.0, 3.0], [4.0, 3.0, 3.0, 0.0, 3.0, 4.0, 6.0, 0.0, 0.0, 0.0, 4.0, 6.0, 6.0, 4.0, 6.0, 0.0, 3.0, 4.0, 5.0, 4.0, 3.0, 1.0, 1.0, 3.0, 1.0, 3.0, 0.0, 3.0, 3.0, 1.0, 3.0, 3.0, 3.0, 1.0, 1.0, 4.0, 3.0, 3.0, 3.0], [4.0, 3.0, 4.0, 3.0, 2.0, 4.0, 4.0, 0.0, 3.0, 0.0, 3.0, 6.0, 3.0, 4.0, 3.0, 0.0, 3.0, 4.0, 5.0, 4.0, 2.0, 1.0, 1.0, 3.0, 1.0, 3.0, 3.0, 1.0, 0.0, 3.0, 1.0, 3.0, 3.0, 3.0, 1.0, 3.0, 3.0, 4.0, 1.0], [3.0, 3.0, 3.0, 0.0, 4.0, 4.0, 4.0, 4.0, 3.0, 0.0, 4.0, 6.0, 3.0, 4.0, 3.0, 0.0, 3.0, 2.0, 5.0, 4.0, 3.0, 1.0, 2.0, 3.0, 0.0, 1.0, 0.0, 0.0, 3.0, 1.0, 1.0, 3.0, 3.0, 1.0, 1.0, 4.0, 3.0, 4.0, 1.0], [4.0, 4.0, 4.0, 0.0, 4.0, 3.0, 4.0, 0.0, 3.0, 0.0, 4.0, 6.0, 5.0, 4.0, 3.0, 0.0, 3.0, 4.0, 5.0, 4.0, 3.0, 1.0, 2.0, 3.0, 1.0, 1.0, 1.0, 1.0, 1.0, 3.0, 0.0, 3.0, 3.0, 3.0, 1.0, 3.0, 3.0, 3.0, 1.0], [4.0, 3.0, 4.0, 0.0, 3.0, 4.0, 6.0, 4.0, 3.0, 0.0, 4.0, 6.0, 3.0, 4.0, 3.0, 0.0, 3.0, 2.0, 5.0, 4.0, 3.0, 1.0, 2.0, 0.0, 0.0, 3.0, 1.0, 1.0, 3.0, 4.0, 0.0, 3.0, 3.0, 3.0, 3.0, 4.0, 3.0, 3.0, 1.0], [3.0, 3.0, 4.0, 0.0, 3.0, 3.0, 4.0, 0.0, 3.0, 0.0, 4.0, 6.0, 5.0, 4.0, 3.0, 0.0, 3.0, 3.0, 5.0, 4.0, 3.0, 1.0, 2.0, 0.0, 1.0, 3.0, 1.0, 1.0, 3.0, 3.0, 0.0, 3.0, 3.0, 1.0, 1.0, 4.0, 3.0, 4.0, 1.0], [3.0, 3.0, 3.0, 0.0, 3.0, 3.0, 6.0, 0.0, 3.0, 3.0, 4.0, 6.0, 3.0, 6.0, 3.0, 0.0, 3.0, 2.0, 5.0, 4.0, 3.0, 1.0, 1.0, 3.0, 1.0, 3.0, 3.0, 1.0, 3.0, 1.0, 1.0, 3.0, 3.0, 1.0, 1.0, 3.0, 3.0, 3.0, 1.0], [4.0, 3.0, 4.0, 0.0, 4.0, 3.0, 4.0, 0.0, 3.0, 0.0, 4.0, 6.0, 4.0, 6.0, 3.0, 0.0, 3.0, 3.0, 5.0, 4.0, 3.0, 1.0, 2.0, 3.0, 1.0, 1.0, 0.0, 1.0, 3.0, 3.0, 0.0, 3.0, 3.0, 1.0, 0.0, 4.0, 3.0, 3.0, 3.0], [4.0, 3.0, 3.0, 0.0, 4.0, 3.0, 6.0, 0.0, 3.0, 1.0, 3.0, 6.0, 4.0, 4.0, 6.0, 0.0, 3.0, 5.0, 5.0, 4.0, 3.0, 1.0, 2.0, 3.0, 1.0, 3.0, 3.0, 3.0, 1.0, 1.0, 3.0, 3.0, 3.0, 3.0, 1.0, 4.0, 3.0, 4.0, 1.0], [4.0, 3.0, 3.0, 0.0, 4.0, 3.0, 4.0, 0.0, 3.0, 0.0, 4.0, 6.0, 5.0, 6.0, 3.0, 0.0, 2.0, 4.0, 4.0, 4.0, 3.0, 1.0, 1.0, 3.0, 1.0, 3.0, 1.0, 1.0, 1.0, 1.0, 0.0, 3.0, 3.0, 3.0, 3.0, 4.0, 3.0, 3.0, 3.0], [4.0, 3.0, 3.0, 0.0, 3.0, 4.0, 6.0, 0.0, 3.0, 1.0, 4.0, 6.0, 4.0, 4.0, 4.0, 0.0, 3.0, 4.0, 5.0, 3.0, 3.0, 1.0, 1.0, 3.0, 1.0, 1.0, 1.0, 3.0, 3.0, 4.0, 1.0, 4.0, 3.0, 1.0, 1.0, 4.0, 3.0, 4.0, 1.0], [0.0, 3.0, 3.0, 3.0, 3.0, 3.0, 6.0, 0.0, 3.0, 0.0, 3.0, 6.0, 1.0, 4.0, 4.0, 0.0, 3.0, 3.0, 5.0, 4.0, 1.0, 1.0, 2.0, 0.0, 1.0, 1.0, 1.0, 1.0, 3.0, 3.0, 0.0, 3.0, 3.0, 1.0, 3.0, 3.0, 3.0, 3.0, 1.0], [3.0, 3.0, 4.0, 0.0, 2.0, 4.0, 4.0, 0.0, 3.0, 1.0, 3.0, 6.0, 3.0, 6.0, 4.0, 0.0, 3.0, 4.0, 5.0, 4.0, 3.0, 1.0, 1.0, 0.0, 1.0, 3.0, 2.0, 1.0, 3.0, 3.0, 1.0, 3.0, 3.0, 1.0, 1.0, 4.0, 3.0, 4.0, 1.0], [4.0, 3.0, 4.0, 3.0, 2.0, 4.0, 4.0, 0.0, 3.0, 3.0, 3.0, 6.0, 3.0, 4.0, 3.0, 0.0, 3.0, 3.0, 5.0, 4.0, 3.0, 1.0, 2.0, 3.0, 1.0, 3.0, 1.0, 0.0, 0.0, 3.0, 0.0, 3.0, 3.0, 1.0, 0.0, 4.0, 3.0, 4.0, 1.0], [0.0, 3.0, 4.0, 3.0, 3.0, 4.0, 4.0, 0.0, 3.0, 1.0, 3.0, 5.0, 3.0, 4.0, 3.0, 0.0, 3.0, 2.0, 5.0, 4.0, 3.0, 1.0, 2.0, 3.0, 1.0, 3.0, 0.0, 1.0, 1.0, 1.0, 0.0, 3.0, 3.0, 1.0, 0.0, 4.0, 3.0, 4.0, 1.0], [4.0, 3.0, 4.0, 3.0, 2.0, 4.0, 4.0, 0.0, 3.0, 1.0, 4.0, 6.0, 4.0, 6.0, 3.0, 0.0, 3.0, 4.0, 5.0, 4.0, 3.0, 1.0, 1.0, 3.0, 1.0, 3.0, 1.0, 1.0, 3.0, 3.0, 0.0, 3.0, 3.0, 3.0, 1.0, 3.0, 3.0, 3.0, 1.0], [0.0, 3.0, 4.0, 0.0, 4.0, 4.0, 6.0, 0.0, 3.0, 0.0, 4.0, 6.0, 3.0, 4.0, 3.0, 0.0, 3.0, 4.0, 5.0, 4.0, 3.0, 1.0, 2.0, 3.0, 1.0, 3.0, 1.0, 1.0, 3.0, 3.0, 0.0, 3.0, 3.0, 3.0, 1.0, 4.0, 3.0, 4.0, 1.0], [4.0, 3.0, 4.0, 3.0, 2.0, 4.0, 4.0, 4.0, 3.0, 3.0, 4.0, 6.0, 4.0, 4.0, 1.0, 0.0, 3.0, 2.0, 5.0, 4.0, 3.0, 1.0, 1.0, 3.0, 0.0, 1.0, 1.0, 1.0, 1.0, 3.0, 0.0, 3.0, 3.0, 1.0, 3.0, 4.0, 3.0, 4.0, 1.0], [4.0, 3.0, 4.0, 3.0, 3.0, 4.0, 4.0, 4.0, 3.0, 0.0, 4.0, 6.0, 3.0, 6.0, 3.0, 0.0, 3.0, 4.0, 5.0, 4.0, 3.0, 1.0, 2.0, 3.0, 1.0, 1.0, 1.0, 1.0, 3.0, 3.0, 0.0, 3.0, 3.0, 3.0, 1.0, 4.0, 3.0, 4.0, 3.0], [4.0, 3.0, 3.0, 3.0, 4.0, 4.0, 6.0, 0.0, 3.0, 0.0, 3.0, 6.0, 4.0, 4.0, 3.0, 0.0, 3.0, 4.0, 5.0, 4.0, 3.0, 1.0, 2.0, 3.0, 1.0, 3.0, 1.0, 0.0, 3.0, 4.0, 0.0, 3.0, 3.0, 1.0, 1.0, 4.0, 3.0, 4.0, 1.0], [4.0, 3.0, 4.0, 3.0, 3.0, 4.0, 6.0, 0.0, 4.0, 1.0, 4.0, 5.0, 4.0, 6.0, 1.0, 0.0, 2.0, 2.0, 5.0, 4.0, 2.0, 1.0, 2.0, 3.0, 1.0, 1.0, 0.0, 3.0, 3.0, 3.0, 0.0, 3.0, 3.0, 3.0, 0.0, 4.0, 3.0, 4.0, 1.0], [4.0, 4.0, 4.0, 3.0, 4.0, 4.0, 4.0, 0.0, 4.0, 3.0, 4.0, 4.0, 4.0, 4.0, 4.0, 0.0, 3.0, 3.0, 5.0, 4.0, 3.0, 1.0, 2.0, 3.0, 1.0, 3.0, 2.0, 3.0, 1.0, 3.0, 0.0, 3.0, 3.0, 3.0, 0.0, 4.0, 3.0, 4.0, 1.0], [4.0, 3.0, 4.0, 0.0, 4.0, 4.0, 4.0, 0.0, 3.0, 3.0, 4.0, 6.0, 4.0, 4.0, 3.0, 0.0, 3.0, 4.0, 5.0, 4.0, 3.0, 1.0, 2.0, 3.0, 1.0, 3.0, 1.0, 1.0, 0.0, 3.0, 0.0, 3.0, 3.0, 1.0, 1.0, 4.0, 3.0, 4.0, 3.0], [4.0, 3.0, 4.0, 3.0, 3.0, 4.0, 6.0, 0.0, 3.0, 0.0, 3.0, 6.0, 4.0, 4.0, 3.0, 0.0, 3.0, 2.0, 5.0, 4.0, 3.0, 1.0, 1.0, 3.0, 1.0, 3.0, 3.0, 1.0, 1.0, 1.0, 0.0, 3.0, 3.0, 1.0, 1.0, 3.0, 3.0, 4.0, 1.0], [4.0, 3.0, 3.0, 3.0, 3.0, 3.0, 4.0, 0.0, 3.0, 3.0, 4.0, 3.0, 5.0, 4.0, 1.0, 0.0, 3.0, 4.0, 5.0, 4.0, 3.0, 1.0, 2.0, 3.0, 1.0, 3.0, 1.0, 1.0, 3.0, 3.0, 0.0, 3.0, 3.0, 2.0, 1.0, 4.0, 3.0, 4.0, 1.0]]

first layer check: Conv2d(9, 64, kernel_size=(7, 7), stride=(2, 2), padding=(3, 3), bias=False)

for model 4: mode acc: 0.3333333432674408, run mean acc: 0.29124999046325684, top-2 acc:0.5875000357627869, mode f1: 0.3333333432674408

model 4 mode preds
[4.0, 4.0, 4.0, 0.0, 4.0, 4.0, 6.0, 2.0, 2.0, 1.0, 4.0, 6.0, 6.0, 6.0, 6.0, 2.0, 2.0, 2.0, 6.0, 6.0, 3.0, 1.0, 2.0, 2.0, 1.0, 4.0, 1.0, 1.0, 1.0, 2.0, 1.0, 2.0, 1.0, 2.0, 1.0, 4.0, 6.0, 6.0, 2.0]

model 4 all preds
[[4.0, 4.0, 2.0, 0.0, 4.0, 4.0, 6.0, 0.0, 1.0, 1.0, 4.0, 3.0, 4.0, 6.0, 4.0, 2.0, 1.0, 2.0, 6.0, 6.0, 2.0, 1.0, 4.0, 2.0, 1.0, 4.0, 1.0, 1.0, 1.0, 6.0, 1.0, 2.0, 2.0, 2.0, 1.0, 4.0, 6.0, 6.0, 2.0], [6.0, 4.0, 4.0, 0.0, 4.0, 6.0, 6.0, 2.0, 3.0, 1.0, 4.0, 6.0, 6.0, 6.0, 6.0, 2.0, 2.0, 2.0, 6.0, 6.0, 2.0, 1.0, 1.0, 2.0, 1.0, 4.0, 1.0, 1.0, 1.0, 4.0, 1.0, 2.0, 1.0, 2.0, 4.0, 6.0, 4.0, 6.0, 2.0], [4.0, 4.0, 4.0, 0.0, 2.0, 6.0, 4.0, 1.0, 3.0, 1.0, 4.0, 4.0, 4.0, 6.0, 6.0, 2.0, 2.0, 2.0, 6.0, 6.0, 3.0, 1.0, 2.0, 2.0, 1.0, 4.0, 2.0, 1.0, 1.0, 2.0, 1.0, 4.0, 2.0, 2.0, 2.0, 4.0, 4.0, 6.0, 1.0], [4.0, 4.0, 4.0, 2.0, 4.0, 4.0, 6.0, 2.0, 3.0, 1.0, 4.0, 4.0, 6.0, 6.0, 6.0, 2.0, 2.0, 2.0, 6.0, 4.0, 2.0, 1.0, 1.0, 2.0, 1.0, 4.0, 1.0, 1.0, 1.0, 2.0, 2.0, 2.0, 1.0, 2.0, 1.0, 4.0, 4.0, 6.0, 1.0], [4.0, 4.0, 4.0, 0.0, 4.0, 3.0, 6.0, 0.0, 3.0, 2.0, 6.0, 6.0, 6.0, 6.0, 6.0, 2.0, 2.0, 2.0, 6.0, 6.0, 3.0, 1.0, 4.0, 2.0, 1.0, 4.0, 1.0, 1.0, 1.0, 2.0, 2.0, 2.0, 2.0, 2.0, 1.0, 4.0, 6.0, 6.0, 2.0], [6.0, 4.0, 4.0, 3.0, 4.0, 4.0, 4.0, 1.0, 1.0, 1.0, 6.0, 6.0, 6.0, 6.0, 6.0, 2.0, 2.0, 2.0, 6.0, 4.0, 2.0, 1.0, 2.0, 2.0, 1.0, 3.0, 1.0, 1.0, 1.0, 2.0, 1.0, 3.0, 1.0, 2.0, 1.0, 6.0, 6.0, 6.0, 2.0], [4.0, 4.0, 4.0, 2.0, 2.0, 4.0, 6.0, 2.0, 2.0, 1.0, 4.0, 6.0, 6.0, 6.0, 6.0, 1.0, 3.0, 2.0, 6.0, 6.0, 2.0, 1.0, 2.0, 2.0, 1.0, 3.0, 2.0, 3.0, 1.0, 6.0, 1.0, 2.0, 1.0, 2.0, 2.0, 4.0, 4.0, 6.0, 2.0], [4.0, 4.0, 6.0, 0.0, 4.0, 2.0, 6.0, 2.0, 2.0, 1.0, 4.0, 6.0, 6.0, 6.0, 4.0, 1.0, 2.0, 2.0, 6.0, 6.0, 1.0, 1.0, 4.0, 2.0, 1.0, 4.0, 1.0, 1.0, 1.0, 2.0, 2.0, 3.0, 2.0, 2.0, 1.0, 6.0, 4.0, 6.0, 1.0], [4.0, 4.0, 2.0, 2.0, 6.0, 6.0, 6.0, 0.0, 3.0, 1.0, 6.0, 6.0, 4.0, 6.0, 6.0, 1.0, 2.0, 2.0, 6.0, 6.0, 2.0, 1.0, 2.0, 2.0, 1.0, 4.0, 1.0, 1.0, 1.0, 6.0, 1.0, 2.0, 1.0, 1.0, 1.0, 4.0, 4.0, 6.0, 1.0], [4.0, 4.0, 4.0, 0.0, 6.0, 3.0, 6.0, 2.0, 2.0, 1.0, 6.0, 3.0, 6.0, 6.0, 4.0, 1.0, 2.0, 2.0, 6.0, 6.0, 3.0, 1.0, 1.0, 2.0, 1.0, 2.0, 1.0, 1.0, 1.0, 2.0, 2.0, 2.0, 1.0, 2.0, 2.0, 4.0, 6.0, 6.0, 1.0], [6.0, 4.0, 2.0, 0.0, 4.0, 3.0, 6.0, 2.0, 2.0, 1.0, 4.0, 6.0, 2.0, 6.0, 6.0, 2.0, 2.0, 1.0, 6.0, 4.0, 1.0, 1.0, 2.0, 2.0, 1.0, 4.0, 1.0, 1.0, 1.0, 4.0, 1.0, 0.0, 1.0, 1.0, 1.0, 6.0, 4.0, 6.0, 1.0], [4.0, 4.0, 4.0, 0.0, 4.0, 6.0, 6.0, 2.0, 4.0, 1.0, 3.0, 6.0, 6.0, 6.0, 4.0, 2.0, 2.0, 2.0, 6.0, 6.0, 4.0, 1.0, 2.0, 2.0, 1.0, 4.0, 1.0, 1.0, 1.0, 2.0, 1.0, 2.0, 2.0, 1.0, 2.0, 4.0, 6.0, 6.0, 2.0], [4.0, 4.0, 2.0, 2.0, 4.0, 6.0, 6.0, 4.0, 2.0, 1.0, 4.0, 6.0, 4.0, 6.0, 2.0, 1.0, 2.0, 2.0, 6.0, 4.0, 4.0, 2.0, 2.0, 2.0, 1.0, 4.0, 1.0, 3.0, 1.0, 2.0, 1.0, 2.0, 1.0, 2.0, 1.0, 6.0, 4.0, 6.0, 1.0], [4.0, 2.0, 2.0, 0.0, 4.0, 3.0, 6.0, 2.0, 1.0, 1.0, 4.0, 4.0, 3.0, 6.0, 6.0, 2.0, 2.0, 2.0, 6.0, 4.0, 3.0, 1.0, 2.0, 4.0, 1.0, 4.0, 1.0, 1.0, 1.0, 2.0, 2.0, 3.0, 1.0, 1.0, 2.0, 4.0, 4.0, 6.0, 1.0], [4.0, 4.0, 2.0, 1.0, 6.0, 4.0, 6.0, 2.0, 3.0, 1.0, 1.0, 6.0, 6.0, 6.0, 4.0, 2.0, 2.0, 2.0, 6.0, 4.0, 1.0, 1.0, 2.0, 2.0, 1.0, 4.0, 1.0, 1.0, 1.0, 2.0, 2.0, 2.0, 1.0, 1.0, 2.0, 6.0, 6.0, 6.0, 2.0], [2.0, 4.0, 2.0, 0.0, 6.0, 6.0, 6.0, 2.0, 3.0, 1.0, 4.0, 3.0, 4.0, 6.0, 6.0, 1.0, 2.0, 2.0, 6.0, 6.0, 1.0, 1.0, 1.0, 2.0, 1.0, 4.0, 1.0, 1.0, 0.0, 4.0, 1.0, 4.0, 1.0, 2.0, 1.0, 6.0, 4.0, 6.0, 2.0], [4.0, 4.0, 4.0, 0.0, 4.0, 3.0, 6.0, 0.0, 2.0, 2.0, 6.0, 6.0, 4.0, 6.0, 4.0, 2.0, 2.0, 2.0, 6.0, 6.0, 1.0, 1.0, 1.0, 2.0, 1.0, 4.0, 1.0, 3.0, 1.0, 4.0, 2.0, 2.0, 2.0, 2.0, 2.0, 4.0, 6.0, 6.0, 2.0], [4.0, 4.0, 4.0, 0.0, 4.0, 4.0, 6.0, 2.0, 3.0, 1.0, 6.0, 6.0, 6.0, 6.0, 3.0, 2.0, 2.0, 2.0, 6.0, 6.0, 1.0, 1.0, 2.0, 2.0, 1.0, 2.0, 1.0, 3.0, 1.0, 2.0, 1.0, 2.0, 1.0, 1.0, 2.0, 4.0, 6.0, 6.0, 2.0], [4.0, 4.0, 4.0, 1.0, 4.0, 3.0, 6.0, 2.0, 3.0, 1.0, 6.0, 6.0, 4.0, 6.0, 3.0, 1.0, 2.0, 2.0, 6.0, 6.0, 2.0, 1.0, 1.0, 2.0, 1.0, 4.0, 1.0, 1.0, 1.0, 4.0, 2.0, 4.0, 1.0, 2.0, 1.0, 4.0, 6.0, 6.0, 2.0], [4.0, 4.0, 1.0, 0.0, 6.0, 4.0, 6.0, 2.0, 1.0, 1.0, 4.0, 6.0, 4.0, 4.0, 4.0, 2.0, 2.0, 2.0, 6.0, 4.0, 3.0, 1.0, 2.0, 4.0, 1.0, 4.0, 1.0, 1.0, 1.0, 2.0, 1.0, 2.0, 2.0, 2.0, 1.0, 4.0, 6.0, 6.0, 1.0], [4.0, 4.0, 4.0, 0.0, 4.0, 4.0, 6.0, 2.0, 3.0, 1.0, 4.0, 6.0, 6.0, 6.0, 3.0, 2.0, 2.0, 2.0, 6.0, 6.0, 3.0, 1.0, 1.0, 2.0, 1.0, 4.0, 1.0, 1.0, 1.0, 2.0, 1.0, 2.0, 2.0, 2.0, 2.0, 4.0, 6.0, 6.0, 1.0], [6.0, 6.0, 4.0, 3.0, 6.0, 6.0, 4.0, 0.0, 3.0, 1.0, 3.0, 6.0, 6.0, 6.0, 6.0, 2.0, 2.0, 2.0, 6.0, 6.0, 3.0, 1.0, 4.0, 2.0, 1.0, 4.0, 1.0, 1.0, 3.0, 2.0, 2.0, 2.0, 1.0, 2.0, 2.0, 4.0, 6.0, 6.0, 2.0], [6.0, 4.0, 1.0, 0.0, 2.0, 6.0, 6.0, 1.0, 2.0, 1.0, 6.0, 6.0, 6.0, 6.0, 6.0, 1.0, 2.0, 2.0, 6.0, 6.0, 3.0, 1.0, 2.0, 2.0, 1.0, 3.0, 1.0, 1.0, 1.0, 1.0, 1.0, 2.0, 1.0, 2.0, 2.0, 4.0, 6.0, 6.0, 1.0], [4.0, 4.0, 4.0, 2.0, 6.0, 4.0, 6.0, 2.0, 1.0, 1.0, 4.0, 6.0, 6.0, 6.0, 6.0, 2.0, 2.0, 2.0, 6.0, 6.0, 1.0, 1.0, 2.0, 2.0, 1.0, 4.0, 1.0, 1.0, 1.0, 2.0, 1.0, 2.0, 1.0, 1.0, 2.0, 4.0, 6.0, 6.0, 2.0], [6.0, 4.0, 6.0, 1.0, 6.0, 4.0, 6.0, 4.0, 3.0, 1.0, 4.0, 4.0, 4.0, 6.0, 6.0, 2.0, 2.0, 2.0, 6.0, 6.0, 3.0, 1.0, 4.0, 2.0, 1.0, 1.0, 1.0, 3.0, 1.0, 2.0, 1.0, 4.0, 4.0, 2.0, 2.0, 4.0, 4.0, 6.0, 1.0], [4.0, 4.0, 4.0, 0.0, 4.0, 3.0, 6.0, 4.0, 2.0, 1.0, 3.0, 6.0, 6.0, 6.0, 4.0, 2.0, 2.0, 2.0, 6.0, 6.0, 2.0, 1.0, 1.0, 2.0, 1.0, 4.0, 1.0, 1.0, 1.0, 2.0, 2.0, 4.0, 1.0, 2.0, 1.0, 6.0, 4.0, 6.0, 2.0], [6.0, 4.0, 1.0, 0.0, 4.0, 6.0, 6.0, 2.0, 2.0, 1.0, 1.0, 6.0, 6.0, 6.0, 4.0, 2.0, 2.0, 2.0, 6.0, 6.0, 4.0, 1.0, 2.0, 2.0, 1.0, 4.0, 1.0, 1.0, 1.0, 2.0, 2.0, 2.0, 1.0, 2.0, 1.0, 6.0, 6.0, 6.0, 1.0], [4.0, 4.0, 2.0, 0.0, 6.0, 4.0, 6.0, 2.0, 1.0, 1.0, 6.0, 6.0, 6.0, 6.0, 1.0, 1.0, 2.0, 2.0, 6.0, 6.0, 1.0, 1.0, 4.0, 2.0, 1.0, 3.0, 1.0, 1.0, 1.0, 4.0, 1.0, 2.0, 1.0, 2.0, 1.0, 6.0, 6.0, 6.0, 2.0], [4.0, 4.0, 2.0, 3.0, 4.0, 3.0, 6.0, 1.0, 3.0, 1.0, 4.0, 6.0, 4.0, 6.0, 4.0, 1.0, 2.0, 2.0, 6.0, 4.0, 3.0, 1.0, 4.0, 4.0, 1.0, 4.0, 1.0, 1.0, 1.0, 2.0, 3.0, 2.0, 2.0, 2.0, 1.0, 6.0, 6.0, 6.0, 2.0], [4.0, 4.0, 4.0, 0.0, 6.0, 3.0, 6.0, 2.0, 3.0, 1.0, 3.0, 6.0, 4.0, 6.0, 2.0, 2.0, 2.0, 2.0, 6.0, 4.0, 1.0, 1.0, 2.0, 2.0, 1.0, 2.0, 1.0, 1.0, 1.0, 2.0, 2.0, 4.0, 1.0, 2.0, 2.0, 6.0, 4.0, 6.0, 2.0], [6.0, 4.0, 2.0, 1.0, 4.0, 4.0, 6.0, 4.0, 1.0, 1.0, 4.0, 6.0, 6.0, 6.0, 2.0, 2.0, 2.0, 2.0, 6.0, 4.0, 3.0, 2.0, 2.0, 2.0, 1.0, 4.0, 1.0, 1.0, 1.0, 2.0, 1.0, 2.0, 2.0, 1.0, 1.0, 6.0, 4.0, 6.0, 1.0], [6.0, 4.0, 2.0, 0.0, 2.0, 3.0, 6.0, 1.0, 2.0, 1.0, 4.0, 6.0, 6.0, 6.0, 4.0, 2.0, 3.0, 2.0, 6.0, 6.0, 3.0, 1.0, 2.0, 2.0, 1.0, 4.0, 1.0, 3.0, 1.0, 2.0, 2.0, 4.0, 1.0, 2.0, 1.0, 4.0, 6.0, 6.0, 2.0], [6.0, 4.0, 2.0, 2.0, 4.0, 4.0, 6.0, 1.0, 1.0, 1.0, 6.0, 6.0, 6.0, 6.0, 2.0, 2.0, 2.0, 2.0, 6.0, 6.0, 2.0, 1.0, 1.0, 2.0, 1.0, 4.0, 1.0, 1.0, 1.0, 2.0, 2.0, 2.0, 1.0, 2.0, 1.0, 6.0, 4.0, 6.0, 1.0], [4.0, 4.0, 4.0, 0.0, 2.0, 2.0, 6.0, 0.0, 2.0, 1.0, 4.0, 6.0, 6.0, 6.0, 4.0, 1.0, 2.0, 2.0, 6.0, 2.0, 3.0, 1.0, 2.0, 2.0, 1.0, 2.0, 1.0, 1.0, 1.0, 2.0, 2.0, 2.0, 1.0, 2.0, 2.0, 4.0, 4.0, 6.0, 1.0], [4.0, 4.0, 1.0, 0.0, 6.0, 3.0, 6.0, 4.0, 1.0, 1.0, 4.0, 6.0, 6.0, 6.0, 6.0, 2.0, 2.0, 2.0, 6.0, 6.0, 1.0, 2.0, 2.0, 2.0, 1.0, 4.0, 1.0, 1.0, 1.0, 2.0, 1.0, 2.0, 1.0, 1.0, 1.0, 6.0, 6.0, 6.0, 2.0], [4.0, 4.0, 2.0, 3.0, 6.0, 4.0, 6.0, 2.0, 4.0, 1.0, 3.0, 6.0, 6.0, 6.0, 4.0, 2.0, 2.0, 1.0, 6.0, 6.0, 3.0, 2.0, 2.0, 2.0, 1.0, 2.0, 1.0, 1.0, 0.0, 2.0, 1.0, 2.0, 1.0, 1.0, 2.0, 4.0, 6.0, 6.0, 2.0], [4.0, 4.0, 4.0, 0.0, 6.0, 4.0, 6.0, 2.0, 1.0, 1.0, 4.0, 6.0, 6.0, 6.0, 6.0, 2.0, 2.0, 2.0, 6.0, 6.0, 1.0, 1.0, 4.0, 2.0, 1.0, 3.0, 1.0, 1.0, 1.0, 4.0, 1.0, 2.0, 1.0, 1.0, 1.0, 4.0, 6.0, 6.0, 1.0], [6.0, 4.0, 1.0, 0.0, 4.0, 4.0, 6.0, 1.0, 1.0, 1.0, 1.0, 6.0, 1.0, 6.0, 6.0, 2.0, 2.0, 2.0, 6.0, 6.0, 1.0, 1.0, 2.0, 2.0, 1.0, 4.0, 1.0, 1.0, 1.0, 4.0, 2.0, 2.0, 1.0, 1.0, 2.0, 6.0, 6.0, 6.0, 2.0], [4.0, 4.0, 4.0, 0.0, 6.0, 4.0, 4.0, 2.0, 3.0, 1.0, 6.0, 6.0, 1.0, 4.0, 6.0, 2.0, 2.0, 2.0, 6.0, 6.0, 2.0, 1.0, 2.0, 2.0, 1.0, 4.0, 2.0, 1.0, 1.0, 1.0, 1.0, 3.0, 2.0, 2.0, 2.0, 6.0, 4.0, 6.0, 2.0], [4.0, 4.0, 4.0, 2.0, 6.0, 4.0, 6.0, 2.0, 2.0, 1.0, 6.0, 6.0, 4.0, 4.0, 4.0, 1.0, 2.0, 2.0, 6.0, 6.0, 2.0, 1.0, 2.0, 2.0, 1.0, 3.0, 1.0, 1.0, 1.0, 6.0, 1.0, 4.0, 2.0, 1.0, 1.0, 4.0, 4.0, 6.0, 2.0], [4.0, 4.0, 4.0, 3.0, 4.0, 3.0, 6.0, 1.0, 4.0, 1.0, 4.0, 6.0, 4.0, 6.0, 6.0, 1.0, 2.0, 2.0, 6.0, 6.0, 3.0, 1.0, 1.0, 2.0, 1.0, 4.0, 1.0, 1.0, 2.0, 2.0, 2.0, 2.0, 1.0, 2.0, 1.0, 4.0, 6.0, 6.0, 2.0], [4.0, 4.0, 2.0, 2.0, 4.0, 6.0, 6.0, 0.0, 2.0, 1.0, 4.0, 6.0, 3.0, 6.0, 1.0, 2.0, 2.0, 2.0, 6.0, 4.0, 2.0, 1.0, 2.0, 4.0, 1.0, 3.0, 1.0, 1.0, 1.0, 1.0, 2.0, 2.0, 1.0, 2.0, 1.0, 6.0, 4.0, 6.0, 1.0], [4.0, 4.0, 4.0, 0.0, 6.0, 4.0, 6.0, 0.0, 2.0, 1.0, 3.0, 6.0, 6.0, 6.0, 6.0, 2.0, 2.0, 2.0, 6.0, 6.0, 1.0, 2.0, 2.0, 2.0, 1.0, 4.0, 1.0, 1.0, 1.0, 4.0, 2.0, 3.0, 1.0, 2.0, 1.0, 6.0, 6.0, 6.0, 2.0], [4.0, 4.0, 4.0, 0.0, 4.0, 4.0, 6.0, 2.0, 2.0, 1.0, 3.0, 6.0, 6.0, 6.0, 6.0, 1.0, 3.0, 2.0, 6.0, 6.0, 3.0, 1.0, 2.0, 2.0, 1.0, 1.0, 1.0, 1.0, 1.0, 4.0, 1.0, 2.0, 1.0, 2.0, 2.0, 6.0, 6.0, 6.0, 2.0], [6.0, 4.0, 4.0, 0.0, 6.0, 2.0, 6.0, 2.0, 2.0, 1.0, 4.0, 6.0, 4.0, 6.0, 4.0, 2.0, 2.0, 1.0, 6.0, 6.0, 3.0, 1.0, 4.0, 2.0, 1.0, 3.0, 1.0, 1.0, 1.0, 2.0, 1.0, 4.0, 1.0, 1.0, 1.0, 6.0, 6.0, 6.0, 2.0], [4.0, 4.0, 2.0, 1.0, 4.0, 3.0, 6.0, 2.0, 2.0, 2.0, 4.0, 6.0, 6.0, 6.0, 6.0, 2.0, 3.0, 2.0, 6.0, 4.0, 4.0, 1.0, 2.0, 2.0, 1.0, 2.0, 1.0, 1.0, 1.0, 2.0, 1.0, 3.0, 2.0, 2.0, 1.0, 4.0, 6.0, 6.0, 2.0], [4.0, 4.0, 4.0, 1.0, 6.0, 3.0, 6.0, 2.0, 3.0, 1.0, 4.0, 6.0, 6.0, 6.0, 6.0, 2.0, 2.0, 2.0, 6.0, 6.0, 2.0, 1.0, 2.0, 2.0, 1.0, 4.0, 1.0, 1.0, 1.0, 2.0, 2.0, 2.0, 4.0, 2.0, 2.0, 6.0, 6.0, 6.0, 2.0], [6.0, 4.0, 4.0, 0.0, 4.0, 3.0, 6.0, 2.0, 2.0, 1.0, 4.0, 6.0, 4.0, 6.0, 6.0, 2.0, 2.0, 2.0, 6.0, 6.0, 3.0, 1.0, 2.0, 2.0, 1.0, 3.0, 1.0, 1.0, 1.0, 2.0, 2.0, 4.0, 1.0, 1.0, 1.0, 6.0, 6.0, 6.0, 2.0], [4.0, 4.0, 2.0, 1.0, 6.0, 4.0, 6.0, 0.0, 2.0, 1.0, 4.0, 6.0, 6.0, 6.0, 6.0, 2.0, 2.0, 2.0, 6.0, 6.0, 4.0, 1.0, 1.0, 2.0, 1.0, 4.0, 1.0, 1.0, 1.0, 2.0, 1.0, 2.0, 1.0, 1.0, 2.0, 6.0, 6.0, 6.0, 1.0], [6.0, 4.0, 4.0, 0.0, 4.0, 4.0, 6.0, 1.0, 2.0, 1.0, 6.0, 4.0, 2.0, 6.0, 6.0, 1.0, 2.0, 2.0, 6.0, 6.0, 3.0, 1.0, 2.0, 2.0, 1.0, 1.0, 1.0, 3.0, 1.0, 2.0, 2.0, 3.0, 2.0, 1.0, 1.0, 4.0, 6.0, 6.0, 1.0]]

