first layer check: Conv2d(9, 64, kernel_size=(7, 7), stride=(2, 2), padding=(3, 3), bias=False)

target ys
[4.0, 2.0, 2.0, 2.0, 0.0, 0.0, 1.0, 2.0, 4.0, 1.0, 2.0, 4.0, 3.0, 3.0, 4.0, 1.0, 5.0, 6.0, 3.0, 2.0, 1.0, 1.0, 2.0, 4.0, 2.0, 1.0, 2.0, 6.0, 1.0, 3.0, 1.0, 2.0, 2.0, 1.0, 2.0, 4.0, 5.0, 1.0, 1.0, 1.0]

for model 0: mode acc: 0.3499999940395355, run mean acc: 0.41958335041999817, top-2 acc:0.6316666603088379, mode f1: 0.3499999940395355

model 0 mode preds
[5.0, 0.0, 4.0, 0.0, 1.0, 4.0, 3.0, 3.0, 5.0, 1.0, 1.0, 3.0, 5.0, 4.0, 0.0, 1.0, 4.0, 5.0, 3.0, 3.0, 1.0, 1.0, 1.0, 3.0, 1.0, 1.0, 1.0, 5.0, 1.0, 3.0, 1.0, 3.0, 1.0, 1.0, 1.0, 3.0, 5.0, 1.0, 1.0, 1.0]

model 0 all preds
[[5.0, 0.0, 4.0, 0.0, 3.0, 4.0, 3.0, 3.0, 5.0, 1.0, 1.0, 3.0, 5.0, 5.0, 0.0, 1.0, 4.0, 5.0, 3.0, 4.0, 1.0, 0.0, 1.0, 3.0, 1.0, 0.0, 1.0, 5.0, 1.0, 3.0, 1.0, 3.0, 1.0, 1.0, 3.0, 3.0, 5.0, 1.0, 1.0, 1.0], [5.0, 0.0, 4.0, 0.0, 1.0, 4.0, 4.0, 3.0, 2.0, 1.0, 1.0, 3.0, 5.0, 5.0, 0.0, 1.0, 4.0, 4.0, 1.0, 3.0, 1.0, 1.0, 1.0, 3.0, 1.0, 1.0, 1.0, 4.0, 1.0, 3.0, 1.0, 3.0, 1.0, 1.0, 1.0, 3.0, 4.0, 1.0, 1.0, 1.0], [5.0, 0.0, 4.0, 0.0, 3.0, 3.0, 3.0, 3.0, 2.0, 1.0, 1.0, 3.0, 5.0, 3.0, 0.0, 1.0, 4.0, 4.0, 1.0, 4.0, 1.0, 2.0, 1.0, 3.0, 1.0, 1.0, 1.0, 4.0, 1.0, 3.0, 1.0, 3.0, 3.0, 1.0, 1.0, 3.0, 5.0, 1.0, 1.0, 1.0], [5.0, 0.0, 4.0, 0.0, 1.0, 4.0, 3.0, 3.0, 2.0, 1.0, 2.0, 3.0, 5.0, 4.0, 0.0, 1.0, 4.0, 5.0, 3.0, 4.0, 1.0, 0.0, 1.0, 3.0, 1.0, 1.0, 1.0, 5.0, 1.0, 3.0, 1.0, 3.0, 1.0, 1.0, 1.0, 3.0, 5.0, 1.0, 1.0, 1.0], [5.0, 4.0, 4.0, 0.0, 1.0, 4.0, 2.0, 3.0, 3.0, 1.0, 1.0, 3.0, 5.0, 3.0, 4.0, 1.0, 5.0, 4.0, 1.0, 2.0, 1.0, 0.0, 1.0, 3.0, 1.0, 1.0, 1.0, 5.0, 1.0, 4.0, 1.0, 3.0, 3.0, 1.0, 3.0, 3.0, 5.0, 1.0, 1.0, 1.0], [5.0, 0.0, 4.0, 4.0, 1.0, 4.0, 3.0, 3.0, 5.0, 1.0, 1.0, 3.0, 5.0, 4.0, 0.0, 1.0, 4.0, 3.0, 3.0, 3.0, 1.0, 1.0, 1.0, 4.0, 1.0, 1.0, 1.0, 3.0, 1.0, 3.0, 0.0, 3.0, 1.0, 1.0, 1.0, 3.0, 5.0, 1.0, 1.0, 1.0], [5.0, 0.0, 4.0, 4.0, 1.0, 3.0, 2.0, 2.0, 5.0, 1.0, 2.0, 3.0, 5.0, 4.0, 0.0, 1.0, 4.0, 5.0, 1.0, 4.0, 1.0, 0.0, 1.0, 3.0, 1.0, 1.0, 1.0, 4.0, 1.0, 3.0, 1.0, 3.0, 1.0, 1.0, 1.0, 3.0, 5.0, 1.0, 1.0, 1.0], [5.0, 0.0, 4.0, 0.0, 3.0, 4.0, 2.0, 3.0, 2.0, 1.0, 1.0, 3.0, 5.0, 5.0, 0.0, 1.0, 4.0, 4.0, 3.0, 3.0, 1.0, 1.0, 1.0, 5.0, 1.0, 1.0, 1.0, 5.0, 1.0, 3.0, 1.0, 3.0, 1.0, 1.0, 3.0, 3.0, 5.0, 1.0, 1.0, 1.0], [5.0, 1.0, 4.0, 3.0, 1.0, 4.0, 2.0, 3.0, 3.0, 1.0, 1.0, 3.0, 5.0, 5.0, 0.0, 1.0, 4.0, 4.0, 1.0, 2.0, 1.0, 0.0, 1.0, 3.0, 1.0, 1.0, 1.0, 5.0, 1.0, 3.0, 1.0, 2.0, 1.0, 1.0, 1.0, 3.0, 4.0, 1.0, 1.0, 1.0], [5.0, 3.0, 4.0, 4.0, 1.0, 4.0, 2.0, 4.0, 5.0, 1.0, 2.0, 3.0, 5.0, 5.0, 0.0, 1.0, 4.0, 4.0, 1.0, 3.0, 1.0, 0.0, 3.0, 4.0, 3.0, 1.0, 1.0, 3.0, 1.0, 3.0, 1.0, 3.0, 3.0, 1.0, 1.0, 3.0, 5.0, 1.0, 1.0, 1.0], [5.0, 0.0, 4.0, 4.0, 1.0, 3.0, 3.0, 3.0, 5.0, 1.0, 2.0, 3.0, 5.0, 4.0, 0.0, 1.0, 4.0, 5.0, 1.0, 3.0, 1.0, 1.0, 3.0, 3.0, 1.0, 1.0, 1.0, 5.0, 1.0, 4.0, 1.0, 3.0, 1.0, 1.0, 1.0, 3.0, 4.0, 1.0, 1.0, 1.0], [5.0, 0.0, 4.0, 3.0, 1.0, 4.0, 3.0, 3.0, 2.0, 1.0, 1.0, 3.0, 5.0, 4.0, 0.0, 1.0, 4.0, 4.0, 3.0, 4.0, 1.0, 1.0, 3.0, 3.0, 1.0, 1.0, 1.0, 5.0, 1.0, 4.0, 1.0, 3.0, 1.0, 1.0, 1.0, 3.0, 5.0, 1.0, 1.0, 1.0], [5.0, 0.0, 4.0, 4.0, 3.0, 4.0, 3.0, 4.0, 3.0, 1.0, 1.0, 3.0, 5.0, 4.0, 1.0, 1.0, 4.0, 5.0, 1.0, 4.0, 1.0, 1.0, 1.0, 5.0, 1.0, 1.0, 1.0, 5.0, 1.0, 4.0, 1.0, 3.0, 3.0, 1.0, 3.0, 3.0, 5.0, 1.0, 1.0, 2.0], [5.0, 1.0, 4.0, 0.0, 3.0, 3.0, 3.0, 3.0, 5.0, 1.0, 1.0, 3.0, 5.0, 5.0, 0.0, 1.0, 5.0, 5.0, 3.0, 3.0, 1.0, 1.0, 3.0, 3.0, 1.0, 1.0, 1.0, 5.0, 1.0, 3.0, 1.0, 3.0, 1.0, 1.0, 1.0, 3.0, 4.0, 1.0, 1.0, 1.0], [5.0, 0.0, 4.0, 4.0, 1.0, 4.0, 4.0, 3.0, 2.0, 1.0, 1.0, 3.0, 5.0, 5.0, 0.0, 3.0, 4.0, 4.0, 3.0, 4.0, 1.0, 1.0, 3.0, 3.0, 1.0, 1.0, 1.0, 5.0, 1.0, 3.0, 1.0, 3.0, 3.0, 1.0, 1.0, 3.0, 4.0, 1.0, 1.0, 1.0], [5.0, 4.0, 4.0, 4.0, 1.0, 4.0, 3.0, 3.0, 5.0, 1.0, 1.0, 3.0, 5.0, 5.0, 0.0, 1.0, 4.0, 4.0, 1.0, 3.0, 1.0, 0.0, 3.0, 3.0, 3.0, 1.0, 1.0, 5.0, 1.0, 3.0, 1.0, 3.0, 3.0, 1.0, 1.0, 3.0, 4.0, 1.0, 1.0, 1.0], [5.0, 0.0, 4.0, 4.0, 1.0, 3.0, 4.0, 3.0, 5.0, 1.0, 1.0, 3.0, 5.0, 3.0, 0.0, 1.0, 4.0, 5.0, 3.0, 3.0, 1.0, 1.0, 1.0, 3.0, 1.0, 1.0, 1.0, 5.0, 1.0, 3.0, 1.0, 3.0, 1.0, 1.0, 1.0, 3.0, 5.0, 1.0, 1.0, 1.0], [5.0, 0.0, 4.0, 0.0, 1.0, 4.0, 3.0, 3.0, 3.0, 1.0, 1.0, 3.0, 5.0, 5.0, 0.0, 1.0, 4.0, 5.0, 3.0, 2.0, 1.0, 1.0, 1.0, 5.0, 1.0, 1.0, 1.0, 5.0, 1.0, 4.0, 1.0, 3.0, 3.0, 1.0, 1.0, 3.0, 5.0, 1.0, 1.0, 1.0], [5.0, 0.0, 4.0, 4.0, 1.0, 3.0, 2.0, 3.0, 3.0, 1.0, 2.0, 3.0, 5.0, 4.0, 0.0, 1.0, 2.0, 4.0, 3.0, 3.0, 1.0, 1.0, 5.0, 3.0, 1.0, 1.0, 1.0, 5.0, 1.0, 3.0, 1.0, 3.0, 3.0, 1.0, 1.0, 3.0, 5.0, 1.0, 1.0, 1.0], [5.0, 1.0, 4.0, 4.0, 1.0, 3.0, 3.0, 3.0, 5.0, 1.0, 1.0, 3.0, 5.0, 4.0, 0.0, 1.0, 4.0, 4.0, 1.0, 4.0, 1.0, 0.0, 1.0, 3.0, 1.0, 1.0, 1.0, 5.0, 1.0, 4.0, 1.0, 3.0, 1.0, 1.0, 1.0, 3.0, 5.0, 1.0, 1.0, 2.0], [5.0, 0.0, 4.0, 0.0, 1.0, 4.0, 3.0, 5.0, 5.0, 1.0, 1.0, 3.0, 5.0, 4.0, 0.0, 1.0, 4.0, 4.0, 1.0, 1.0, 1.0, 0.0, 3.0, 5.0, 1.0, 0.0, 1.0, 5.0, 1.0, 3.0, 1.0, 3.0, 1.0, 1.0, 1.0, 3.0, 4.0, 1.0, 1.0, 1.0], [5.0, 2.0, 4.0, 3.0, 1.0, 3.0, 4.0, 3.0, 5.0, 1.0, 2.0, 3.0, 5.0, 5.0, 0.0, 1.0, 4.0, 4.0, 3.0, 2.0, 1.0, 0.0, 1.0, 5.0, 1.0, 1.0, 1.0, 3.0, 1.0, 3.0, 1.0, 2.0, 3.0, 1.0, 1.0, 3.0, 5.0, 1.0, 1.0, 1.0], [5.0, 4.0, 4.0, 0.0, 2.0, 3.0, 3.0, 4.0, 2.0, 1.0, 2.0, 3.0, 5.0, 4.0, 2.0, 1.0, 4.0, 5.0, 1.0, 3.0, 1.0, 0.0, 3.0, 4.0, 3.0, 1.0, 1.0, 5.0, 1.0, 3.0, 1.0, 3.0, 1.0, 1.0, 1.0, 3.0, 5.0, 1.0, 1.0, 2.0], [5.0, 0.0, 4.0, 0.0, 1.0, 3.0, 2.0, 3.0, 3.0, 1.0, 1.0, 3.0, 5.0, 5.0, 0.0, 1.0, 5.0, 4.0, 3.0, 3.0, 1.0, 1.0, 1.0, 3.0, 1.0, 1.0, 1.0, 5.0, 1.0, 3.0, 1.0, 3.0, 1.0, 1.0, 1.0, 3.0, 5.0, 1.0, 1.0, 1.0], [5.0, 0.0, 4.0, 0.0, 1.0, 3.0, 3.0, 3.0, 2.0, 1.0, 1.0, 3.0, 5.0, 3.0, 2.0, 1.0, 3.0, 4.0, 3.0, 4.0, 1.0, 1.0, 5.0, 5.0, 1.0, 1.0, 1.0, 3.0, 1.0, 3.0, 1.0, 3.0, 3.0, 1.0, 1.0, 3.0, 5.0, 1.0, 1.0, 1.0], [5.0, 0.0, 4.0, 4.0, 1.0, 3.0, 2.0, 3.0, 3.0, 1.0, 1.0, 3.0, 5.0, 4.0, 1.0, 1.0, 4.0, 5.0, 3.0, 3.0, 1.0, 1.0, 1.0, 3.0, 1.0, 1.0, 1.0, 5.0, 1.0, 4.0, 0.0, 3.0, 1.0, 1.0, 1.0, 3.0, 4.0, 1.0, 1.0, 3.0], [5.0, 0.0, 4.0, 0.0, 1.0, 3.0, 3.0, 3.0, 2.0, 1.0, 1.0, 3.0, 5.0, 5.0, 0.0, 1.0, 4.0, 3.0, 3.0, 4.0, 1.0, 0.0, 1.0, 4.0, 1.0, 1.0, 1.0, 4.0, 1.0, 4.0, 1.0, 3.0, 3.0, 1.0, 1.0, 3.0, 5.0, 1.0, 1.0, 1.0], [5.0, 4.0, 4.0, 0.0, 1.0, 4.0, 2.0, 3.0, 5.0, 1.0, 1.0, 3.0, 5.0, 5.0, 0.0, 1.0, 4.0, 4.0, 1.0, 3.0, 1.0, 1.0, 1.0, 5.0, 1.0, 0.0, 1.0, 5.0, 1.0, 3.0, 1.0, 3.0, 1.0, 1.0, 1.0, 3.0, 5.0, 1.0, 1.0, 1.0], [5.0, 4.0, 4.0, 4.0, 1.0, 4.0, 4.0, 3.0, 3.0, 1.0, 1.0, 3.0, 5.0, 4.0, 0.0, 1.0, 4.0, 5.0, 1.0, 3.0, 1.0, 1.0, 3.0, 3.0, 1.0, 1.0, 1.0, 4.0, 1.0, 4.0, 1.0, 3.0, 1.0, 0.0, 1.0, 3.0, 4.0, 1.0, 1.0, 1.0], [5.0, 0.0, 4.0, 0.0, 1.0, 4.0, 3.0, 5.0, 3.0, 1.0, 1.0, 3.0, 5.0, 4.0, 0.0, 1.0, 4.0, 5.0, 1.0, 4.0, 1.0, 1.0, 1.0, 3.0, 1.0, 1.0, 1.0, 5.0, 1.0, 3.0, 1.0, 3.0, 1.0, 1.0, 1.0, 3.0, 4.0, 1.0, 1.0, 1.0], [5.0, 4.0, 4.0, 0.0, 3.0, 4.0, 4.0, 3.0, 5.0, 1.0, 1.0, 3.0, 5.0, 4.0, 0.0, 1.0, 4.0, 5.0, 3.0, 3.0, 1.0, 1.0, 3.0, 3.0, 1.0, 1.0, 1.0, 5.0, 1.0, 3.0, 1.0, 3.0, 1.0, 1.0, 3.0, 3.0, 5.0, 1.0, 1.0, 1.0], [5.0, 0.0, 4.0, 0.0, 3.0, 4.0, 2.0, 4.0, 5.0, 1.0, 1.0, 3.0, 5.0, 5.0, 0.0, 1.0, 4.0, 4.0, 3.0, 3.0, 1.0, 1.0, 1.0, 3.0, 1.0, 1.0, 1.0, 4.0, 1.0, 3.0, 1.0, 2.0, 1.0, 1.0, 1.0, 3.0, 4.0, 1.0, 1.0, 1.0], [5.0, 0.0, 4.0, 4.0, 1.0, 4.0, 3.0, 5.0, 3.0, 1.0, 1.0, 3.0, 5.0, 4.0, 4.0, 1.0, 4.0, 5.0, 1.0, 3.0, 1.0, 0.0, 1.0, 5.0, 1.0, 1.0, 1.0, 3.0, 1.0, 3.0, 1.0, 3.0, 1.0, 1.0, 1.0, 3.0, 4.0, 1.0, 1.0, 1.0], [5.0, 0.0, 4.0, 0.0, 2.0, 3.0, 2.0, 3.0, 5.0, 1.0, 1.0, 3.0, 5.0, 4.0, 0.0, 1.0, 4.0, 5.0, 3.0, 4.0, 1.0, 1.0, 1.0, 3.0, 1.0, 1.0, 1.0, 3.0, 1.0, 3.0, 1.0, 2.0, 1.0, 1.0, 1.0, 3.0, 4.0, 1.0, 1.0, 1.0], [5.0, 0.0, 4.0, 0.0, 1.0, 3.0, 2.0, 4.0, 5.0, 1.0, 1.0, 3.0, 5.0, 5.0, 0.0, 1.0, 4.0, 5.0, 3.0, 3.0, 1.0, 1.0, 3.0, 3.0, 1.0, 1.0, 1.0, 5.0, 1.0, 3.0, 1.0, 3.0, 1.0, 1.0, 1.0, 3.0, 5.0, 1.0, 1.0, 1.0], [5.0, 4.0, 4.0, 4.0, 3.0, 3.0, 4.0, 4.0, 5.0, 1.0, 2.0, 3.0, 5.0, 4.0, 4.0, 1.0, 5.0, 4.0, 3.0, 1.0, 1.0, 0.0, 1.0, 5.0, 1.0, 1.0, 1.0, 5.0, 1.0, 3.0, 1.0, 3.0, 1.0, 1.0, 1.0, 3.0, 5.0, 1.0, 1.0, 4.0], [5.0, 0.0, 4.0, 0.0, 1.0, 3.0, 4.0, 3.0, 5.0, 1.0, 1.0, 3.0, 5.0, 5.0, 1.0, 1.0, 4.0, 4.0, 3.0, 4.0, 1.0, 1.0, 3.0, 5.0, 1.0, 1.0, 1.0, 5.0, 1.0, 3.0, 1.0, 3.0, 3.0, 0.0, 1.0, 3.0, 4.0, 1.0, 1.0, 1.0], [5.0, 0.0, 4.0, 0.0, 1.0, 3.0, 3.0, 3.0, 3.0, 1.0, 1.0, 3.0, 5.0, 5.0, 0.0, 1.0, 4.0, 5.0, 3.0, 3.0, 1.0, 1.0, 1.0, 4.0, 3.0, 0.0, 1.0, 5.0, 1.0, 3.0, 1.0, 3.0, 1.0, 0.0, 1.0, 3.0, 4.0, 1.0, 1.0, 3.0], [5.0, 0.0, 4.0, 0.0, 3.0, 4.0, 3.0, 3.0, 5.0, 1.0, 1.0, 3.0, 5.0, 3.0, 4.0, 1.0, 4.0, 4.0, 3.0, 2.0, 1.0, 1.0, 3.0, 3.0, 1.0, 1.0, 1.0, 4.0, 1.0, 3.0, 1.0, 3.0, 3.0, 1.0, 1.0, 3.0, 5.0, 1.0, 1.0, 1.0], [5.0, 0.0, 4.0, 0.0, 1.0, 4.0, 2.0, 3.0, 2.0, 1.0, 2.0, 3.0, 5.0, 5.0, 0.0, 1.0, 4.0, 4.0, 3.0, 1.0, 1.0, 1.0, 1.0, 5.0, 1.0, 1.0, 1.0, 4.0, 1.0, 3.0, 1.0, 5.0, 1.0, 1.0, 1.0, 3.0, 4.0, 1.0, 1.0, 1.0], [5.0, 0.0, 4.0, 4.0, 3.0, 3.0, 3.0, 3.0, 2.0, 1.0, 1.0, 3.0, 5.0, 4.0, 0.0, 1.0, 4.0, 5.0, 1.0, 4.0, 1.0, 1.0, 1.0, 5.0, 1.0, 1.0, 1.0, 4.0, 1.0, 3.0, 1.0, 4.0, 1.0, 1.0, 1.0, 3.0, 5.0, 1.0, 1.0, 1.0], [5.0, 0.0, 4.0, 0.0, 3.0, 3.0, 3.0, 2.0, 2.0, 1.0, 1.0, 3.0, 5.0, 3.0, 0.0, 1.0, 4.0, 5.0, 3.0, 4.0, 1.0, 2.0, 3.0, 5.0, 1.0, 1.0, 1.0, 3.0, 1.0, 3.0, 1.0, 3.0, 1.0, 1.0, 1.0, 3.0, 5.0, 1.0, 1.0, 3.0], [5.0, 4.0, 4.0, 4.0, 3.0, 3.0, 4.0, 3.0, 2.0, 1.0, 1.0, 3.0, 5.0, 4.0, 0.0, 1.0, 4.0, 5.0, 3.0, 4.0, 1.0, 1.0, 1.0, 5.0, 1.0, 1.0, 1.0, 5.0, 1.0, 3.0, 1.0, 3.0, 3.0, 1.0, 1.0, 3.0, 5.0, 1.0, 1.0, 1.0], [5.0, 1.0, 4.0, 0.0, 3.0, 4.0, 4.0, 2.0, 5.0, 1.0, 1.0, 3.0, 5.0, 3.0, 0.0, 1.0, 5.0, 5.0, 3.0, 4.0, 1.0, 1.0, 3.0, 5.0, 1.0, 1.0, 1.0, 5.0, 1.0, 3.0, 1.0, 3.0, 3.0, 0.0, 1.0, 3.0, 5.0, 1.0, 1.0, 1.0], [5.0, 2.0, 4.0, 4.0, 1.0, 4.0, 4.0, 2.0, 5.0, 1.0, 1.0, 3.0, 5.0, 4.0, 0.0, 1.0, 5.0, 5.0, 3.0, 4.0, 1.0, 0.0, 1.0, 5.0, 1.0, 1.0, 1.0, 5.0, 1.0, 3.0, 1.0, 3.0, 3.0, 1.0, 1.0, 3.0, 5.0, 1.0, 1.0, 1.0], [5.0, 1.0, 4.0, 4.0, 1.0, 3.0, 3.0, 4.0, 2.0, 1.0, 1.0, 3.0, 5.0, 5.0, 0.0, 1.0, 4.0, 4.0, 1.0, 3.0, 1.0, 1.0, 3.0, 3.0, 1.0, 1.0, 1.0, 5.0, 1.0, 3.0, 1.0, 3.0, 1.0, 1.0, 1.0, 3.0, 4.0, 1.0, 1.0, 1.0], [5.0, 0.0, 4.0, 4.0, 1.0, 4.0, 4.0, 3.0, 3.0, 1.0, 1.0, 3.0, 5.0, 3.0, 0.0, 1.0, 4.0, 5.0, 3.0, 3.0, 1.0, 1.0, 3.0, 5.0, 1.0, 1.0, 1.0, 5.0, 1.0, 3.0, 1.0, 3.0, 1.0, 1.0, 1.0, 3.0, 5.0, 1.0, 1.0, 3.0], [5.0, 4.0, 4.0, 4.0, 3.0, 3.0, 2.0, 3.0, 5.0, 1.0, 1.0, 3.0, 5.0, 4.0, 0.0, 1.0, 5.0, 5.0, 1.0, 1.0, 1.0, 2.0, 1.0, 5.0, 1.0, 1.0, 1.0, 5.0, 1.0, 3.0, 0.0, 3.0, 3.0, 1.0, 1.0, 3.0, 5.0, 1.0, 1.0, 1.0], [5.0, 1.0, 4.0, 4.0, 1.0, 4.0, 4.0, 2.0, 5.0, 1.0, 1.0, 3.0, 5.0, 5.0, 0.0, 1.0, 4.0, 3.0, 1.0, 3.0, 1.0, 0.0, 1.0, 5.0, 1.0, 1.0, 1.0, 5.0, 1.0, 3.0, 1.0, 3.0, 3.0, 1.0, 1.0, 3.0, 4.0, 1.0, 1.0, 1.0], [5.0, 0.0, 4.0, 0.0, 1.0, 3.0, 3.0, 3.0, 2.0, 1.0, 1.0, 1.0, 5.0, 4.0, 2.0, 1.0, 4.0, 4.0, 1.0, 3.0, 0.0, 1.0, 2.0, 3.0, 1.0, 1.0, 1.0, 5.0, 1.0, 3.0, 1.0, 3.0, 3.0, 1.0, 3.0, 3.0, 5.0, 1.0, 1.0, 3.0]]

first layer check: Conv2d(9, 64, kernel_size=(7, 7), stride=(2, 2), padding=(3, 3), bias=False)

for model 1: mode acc: 0.3499999940395355, run mean acc: 0.3774999976158142, top-2 acc:0.5954166650772095, mode f1: 0.3499999940395355

model 1 mode preds
[5.0, 4.0, 4.0, 4.0, 2.0, 4.0, 2.0, 4.0, 2.0, 1.0, 1.0, 3.0, 5.0, 4.0, 4.0, 1.0, 6.0, 4.0, 1.0, 4.0, 1.0, 1.0, 1.0, 4.0, 1.0, 1.0, 1.0, 6.0, 1.0, 4.0, 1.0, 2.0, 1.0, 1.0, 1.0, 3.0, 4.0, 1.0, 1.0, 2.0]

model 1 all preds
[[5.0, 2.0, 4.0, 0.0, 2.0, 4.0, 1.0, 4.0, 2.0, 1.0, 4.0, 2.0, 5.0, 4.0, 4.0, 1.0, 6.0, 4.0, 1.0, 4.0, 1.0, 0.0, 1.0, 4.0, 1.0, 1.0, 1.0, 4.0, 1.0, 4.0, 1.0, 2.0, 1.0, 1.0, 1.0, 6.0, 4.0, 1.0, 1.0, 1.0], [5.0, 4.0, 4.0, 4.0, 2.0, 4.0, 2.0, 5.0, 6.0, 1.0, 1.0, 2.0, 5.0, 4.0, 4.0, 3.0, 6.0, 6.0, 1.0, 4.0, 1.0, 0.0, 2.0, 0.0, 1.0, 1.0, 1.0, 4.0, 1.0, 4.0, 1.0, 2.0, 1.0, 1.0, 1.0, 3.0, 6.0, 1.0, 1.0, 1.0], [5.0, 4.0, 4.0, 4.0, 5.0, 4.0, 1.0, 4.0, 2.0, 1.0, 1.0, 2.0, 5.0, 6.0, 1.0, 1.0, 6.0, 4.0, 1.0, 4.0, 1.0, 1.0, 4.0, 4.0, 1.0, 1.0, 2.0, 6.0, 1.0, 4.0, 1.0, 2.0, 1.0, 1.0, 1.0, 6.0, 6.0, 1.0, 1.0, 3.0], [5.0, 4.0, 4.0, 4.0, 2.0, 4.0, 1.0, 0.0, 6.0, 1.0, 1.0, 3.0, 5.0, 4.0, 0.0, 1.0, 6.0, 4.0, 1.0, 4.0, 1.0, 1.0, 1.0, 4.0, 1.0, 1.0, 1.0, 4.0, 1.0, 4.0, 2.0, 2.0, 1.0, 1.0, 1.0, 4.0, 4.0, 1.0, 1.0, 1.0], [5.0, 4.0, 4.0, 4.0, 2.0, 4.0, 2.0, 4.0, 2.0, 1.0, 3.0, 3.0, 5.0, 4.0, 4.0, 1.0, 4.0, 4.0, 1.0, 4.0, 1.0, 0.0, 1.0, 4.0, 1.0, 1.0, 1.0, 4.0, 1.0, 5.0, 1.0, 3.0, 1.0, 1.0, 1.0, 3.0, 6.0, 1.0, 1.0, 2.0], [5.0, 4.0, 4.0, 4.0, 2.0, 4.0, 2.0, 4.0, 2.0, 1.0, 1.0, 4.0, 5.0, 6.0, 4.0, 1.0, 6.0, 4.0, 1.0, 4.0, 1.0, 1.0, 1.0, 4.0, 1.0, 1.0, 1.0, 4.0, 1.0, 3.0, 2.0, 2.0, 3.0, 1.0, 1.0, 4.0, 4.0, 1.0, 1.0, 2.0], [5.0, 4.0, 4.0, 4.0, 2.0, 4.0, 1.0, 0.0, 2.0, 1.0, 1.0, 2.0, 5.0, 4.0, 1.0, 3.0, 5.0, 4.0, 1.0, 3.0, 1.0, 1.0, 1.0, 4.0, 1.0, 1.0, 3.0, 6.0, 1.0, 4.0, 2.0, 6.0, 1.0, 1.0, 1.0, 4.0, 4.0, 1.0, 1.0, 2.0], [5.0, 1.0, 5.0, 4.0, 2.0, 2.0, 2.0, 0.0, 2.0, 1.0, 3.0, 3.0, 5.0, 6.0, 4.0, 1.0, 4.0, 4.0, 1.0, 3.0, 1.0, 0.0, 1.0, 4.0, 1.0, 1.0, 1.0, 6.0, 1.0, 3.0, 1.0, 2.0, 1.0, 1.0, 1.0, 3.0, 4.0, 1.0, 1.0, 2.0], [5.0, 1.0, 4.0, 4.0, 2.0, 4.0, 2.0, 0.0, 6.0, 1.0, 1.0, 2.0, 5.0, 4.0, 1.0, 3.0, 6.0, 4.0, 1.0, 3.0, 1.0, 1.0, 1.0, 4.0, 1.0, 1.0, 2.0, 4.0, 1.0, 4.0, 1.0, 2.0, 1.0, 1.0, 1.0, 3.0, 4.0, 1.0, 1.0, 2.0], [5.0, 1.0, 4.0, 4.0, 2.0, 4.0, 2.0, 4.0, 6.0, 1.0, 1.0, 2.0, 5.0, 4.0, 1.0, 1.0, 4.0, 6.0, 1.0, 4.0, 1.0, 0.0, 1.0, 4.0, 1.0, 1.0, 1.0, 6.0, 1.0, 2.0, 1.0, 2.0, 1.0, 1.0, 1.0, 3.0, 4.0, 1.0, 1.0, 1.0], [5.0, 4.0, 5.0, 0.0, 2.0, 2.0, 2.0, 4.0, 2.0, 1.0, 1.0, 3.0, 5.0, 6.0, 1.0, 1.0, 4.0, 6.0, 1.0, 3.0, 1.0, 1.0, 1.0, 4.0, 1.0, 1.0, 1.0, 4.0, 1.0, 5.0, 1.0, 2.0, 2.0, 1.0, 1.0, 4.0, 4.0, 1.0, 1.0, 2.0], [5.0, 4.0, 4.0, 4.0, 2.0, 4.0, 1.0, 0.0, 6.0, 1.0, 4.0, 2.0, 5.0, 4.0, 4.0, 2.0, 6.0, 6.0, 1.0, 4.0, 1.0, 0.0, 1.0, 4.0, 1.0, 1.0, 1.0, 4.0, 1.0, 2.0, 1.0, 2.0, 2.0, 1.0, 1.0, 3.0, 6.0, 1.0, 1.0, 1.0], [5.0, 1.0, 4.0, 4.0, 2.0, 4.0, 2.0, 4.0, 2.0, 1.0, 1.0, 3.0, 5.0, 4.0, 4.0, 1.0, 4.0, 4.0, 1.0, 4.0, 1.0, 0.0, 1.0, 4.0, 1.0, 1.0, 1.0, 6.0, 1.0, 2.0, 1.0, 2.0, 1.0, 1.0, 1.0, 3.0, 4.0, 1.0, 1.0, 2.0], [5.0, 1.0, 5.0, 0.0, 4.0, 4.0, 2.0, 4.0, 6.0, 1.0, 1.0, 3.0, 5.0, 4.0, 1.0, 1.0, 6.0, 6.0, 1.0, 4.0, 1.0, 1.0, 1.0, 4.0, 3.0, 1.0, 1.0, 6.0, 1.0, 5.0, 1.0, 3.0, 1.0, 1.0, 1.0, 3.0, 4.0, 1.0, 1.0, 1.0], [5.0, 4.0, 4.0, 0.0, 2.0, 4.0, 2.0, 4.0, 2.0, 1.0, 1.0, 1.0, 5.0, 6.0, 0.0, 2.0, 6.0, 6.0, 2.0, 4.0, 1.0, 1.0, 1.0, 4.0, 1.0, 1.0, 1.0, 6.0, 1.0, 4.0, 1.0, 3.0, 1.0, 1.0, 1.0, 4.0, 4.0, 1.0, 1.0, 1.0], [5.0, 4.0, 4.0, 4.0, 2.0, 4.0, 1.0, 0.0, 2.0, 1.0, 1.0, 2.0, 5.0, 4.0, 1.0, 1.0, 4.0, 6.0, 1.0, 3.0, 1.0, 1.0, 1.0, 4.0, 1.0, 1.0, 1.0, 6.0, 1.0, 5.0, 1.0, 6.0, 1.0, 1.0, 1.0, 3.0, 6.0, 1.0, 1.0, 2.0], [5.0, 4.0, 4.0, 4.0, 2.0, 4.0, 2.0, 4.0, 6.0, 1.0, 1.0, 3.0, 5.0, 4.0, 4.0, 1.0, 6.0, 4.0, 1.0, 3.0, 1.0, 1.0, 1.0, 4.0, 1.0, 1.0, 1.0, 4.0, 1.0, 5.0, 1.0, 2.0, 1.0, 1.0, 1.0, 4.0, 6.0, 1.0, 1.0, 2.0], [5.0, 4.0, 4.0, 0.0, 2.0, 4.0, 2.0, 4.0, 2.0, 1.0, 1.0, 1.0, 5.0, 4.0, 0.0, 1.0, 4.0, 6.0, 1.0, 3.0, 1.0, 0.0, 1.0, 4.0, 1.0, 1.0, 2.0, 6.0, 1.0, 5.0, 1.0, 2.0, 1.0, 1.0, 1.0, 3.0, 6.0, 1.0, 1.0, 1.0], [5.0, 4.0, 5.0, 4.0, 2.0, 3.0, 2.0, 4.0, 6.0, 1.0, 1.0, 3.0, 5.0, 4.0, 4.0, 1.0, 6.0, 5.0, 1.0, 4.0, 1.0, 0.0, 1.0, 4.0, 1.0, 1.0, 1.0, 6.0, 1.0, 4.0, 1.0, 2.0, 1.0, 1.0, 1.0, 3.0, 6.0, 1.0, 1.0, 1.0], [5.0, 4.0, 5.0, 4.0, 2.0, 2.0, 2.0, 4.0, 2.0, 1.0, 4.0, 3.0, 5.0, 4.0, 4.0, 3.0, 4.0, 4.0, 1.0, 3.0, 1.0, 1.0, 1.0, 4.0, 1.0, 1.0, 1.0, 6.0, 1.0, 2.0, 1.0, 2.0, 1.0, 1.0, 1.0, 3.0, 6.0, 1.0, 1.0, 1.0], [5.0, 4.0, 4.0, 0.0, 2.0, 4.0, 2.0, 5.0, 6.0, 1.0, 1.0, 2.0, 5.0, 4.0, 4.0, 1.0, 6.0, 4.0, 1.0, 4.0, 1.0, 1.0, 1.0, 4.0, 1.0, 1.0, 1.0, 6.0, 1.0, 2.0, 1.0, 2.0, 1.0, 1.0, 1.0, 4.0, 4.0, 1.0, 1.0, 2.0], [5.0, 0.0, 4.0, 4.0, 2.0, 4.0, 2.0, 5.0, 6.0, 1.0, 1.0, 4.0, 5.0, 6.0, 0.0, 3.0, 6.0, 6.0, 1.0, 3.0, 1.0, 0.0, 1.0, 4.0, 1.0, 1.0, 1.0, 6.0, 1.0, 3.0, 2.0, 2.0, 1.0, 1.0, 1.0, 3.0, 6.0, 1.0, 1.0, 2.0], [5.0, 4.0, 5.0, 4.0, 2.0, 4.0, 1.0, 5.0, 6.0, 1.0, 1.0, 3.0, 5.0, 6.0, 0.0, 1.0, 4.0, 6.0, 1.0, 3.0, 1.0, 0.0, 1.0, 4.0, 1.0, 1.0, 1.0, 6.0, 1.0, 4.0, 1.0, 2.0, 1.0, 1.0, 1.0, 3.0, 6.0, 1.0, 1.0, 2.0], [5.0, 4.0, 4.0, 4.0, 2.0, 4.0, 2.0, 5.0, 6.0, 1.0, 1.0, 2.0, 5.0, 4.0, 4.0, 1.0, 6.0, 4.0, 1.0, 4.0, 1.0, 1.0, 1.0, 4.0, 4.0, 1.0, 1.0, 4.0, 1.0, 5.0, 2.0, 2.0, 1.0, 1.0, 1.0, 3.0, 4.0, 1.0, 1.0, 2.0], [5.0, 4.0, 4.0, 4.0, 2.0, 4.0, 2.0, 5.0, 2.0, 1.0, 1.0, 3.0, 5.0, 4.0, 4.0, 1.0, 4.0, 4.0, 2.0, 4.0, 1.0, 1.0, 1.0, 1.0, 1.0, 1.0, 1.0, 6.0, 1.0, 2.0, 2.0, 2.0, 1.0, 1.0, 1.0, 3.0, 4.0, 1.0, 1.0, 2.0], [5.0, 1.0, 4.0, 1.0, 2.0, 4.0, 1.0, 5.0, 2.0, 1.0, 4.0, 3.0, 5.0, 6.0, 1.0, 3.0, 4.0, 4.0, 1.0, 4.0, 1.0, 1.0, 1.0, 4.0, 1.0, 1.0, 1.0, 6.0, 1.0, 2.0, 1.0, 2.0, 1.0, 1.0, 1.0, 3.0, 3.0, 1.0, 1.0, 2.0], [5.0, 0.0, 5.0, 0.0, 2.0, 4.0, 1.0, 0.0, 6.0, 1.0, 1.0, 1.0, 5.0, 4.0, 1.0, 1.0, 6.0, 4.0, 1.0, 3.0, 1.0, 0.0, 1.0, 4.0, 0.0, 1.0, 1.0, 4.0, 1.0, 4.0, 1.0, 2.0, 4.0, 1.0, 1.0, 6.0, 6.0, 1.0, 1.0, 2.0], [5.0, 0.0, 4.0, 4.0, 1.0, 4.0, 2.0, 0.0, 2.0, 1.0, 1.0, 3.0, 5.0, 4.0, 1.0, 2.0, 6.0, 6.0, 1.0, 4.0, 1.0, 0.0, 1.0, 4.0, 1.0, 1.0, 1.0, 4.0, 1.0, 2.0, 1.0, 2.0, 1.0, 1.0, 1.0, 3.0, 4.0, 1.0, 1.0, 2.0], [5.0, 4.0, 4.0, 4.0, 2.0, 4.0, 2.0, 5.0, 2.0, 1.0, 1.0, 3.0, 5.0, 6.0, 4.0, 2.0, 5.0, 4.0, 2.0, 4.0, 1.0, 0.0, 4.0, 0.0, 4.0, 1.0, 1.0, 6.0, 1.0, 3.0, 1.0, 2.0, 1.0, 1.0, 1.0, 3.0, 6.0, 1.0, 1.0, 2.0], [5.0, 0.0, 4.0, 0.0, 2.0, 4.0, 1.0, 4.0, 6.0, 1.0, 4.0, 1.0, 5.0, 4.0, 4.0, 1.0, 6.0, 1.0, 1.0, 3.0, 1.0, 1.0, 1.0, 4.0, 1.0, 1.0, 1.0, 4.0, 1.0, 2.0, 1.0, 2.0, 1.0, 1.0, 1.0, 3.0, 4.0, 1.0, 1.0, 3.0], [5.0, 4.0, 4.0, 4.0, 2.0, 4.0, 2.0, 4.0, 6.0, 1.0, 1.0, 1.0, 5.0, 4.0, 0.0, 1.0, 4.0, 6.0, 1.0, 4.0, 1.0, 1.0, 1.0, 4.0, 1.0, 1.0, 1.0, 6.0, 1.0, 4.0, 1.0, 2.0, 1.0, 1.0, 1.0, 3.0, 6.0, 1.0, 1.0, 2.0], [5.0, 2.0, 4.0, 0.0, 2.0, 4.0, 1.0, 4.0, 2.0, 1.0, 1.0, 3.0, 5.0, 6.0, 0.0, 1.0, 4.0, 4.0, 1.0, 4.0, 1.0, 0.0, 1.0, 4.0, 1.0, 1.0, 1.0, 4.0, 1.0, 3.0, 1.0, 2.0, 1.0, 1.0, 1.0, 3.0, 6.0, 1.0, 1.0, 1.0], [5.0, 1.0, 4.0, 4.0, 2.0, 4.0, 2.0, 4.0, 2.0, 1.0, 5.0, 2.0, 5.0, 4.0, 4.0, 1.0, 6.0, 4.0, 1.0, 3.0, 1.0, 1.0, 1.0, 4.0, 0.0, 1.0, 1.0, 6.0, 1.0, 2.0, 1.0, 3.0, 1.0, 1.0, 1.0, 3.0, 6.0, 1.0, 1.0, 2.0], [5.0, 4.0, 5.0, 0.0, 2.0, 4.0, 2.0, 5.0, 2.0, 1.0, 5.0, 3.0, 5.0, 4.0, 1.0, 1.0, 4.0, 4.0, 2.0, 3.0, 1.0, 1.0, 1.0, 4.0, 4.0, 1.0, 1.0, 6.0, 1.0, 2.0, 2.0, 2.0, 1.0, 1.0, 1.0, 4.0, 6.0, 1.0, 1.0, 2.0], [5.0, 0.0, 4.0, 0.0, 2.0, 4.0, 4.0, 5.0, 6.0, 1.0, 1.0, 3.0, 5.0, 4.0, 4.0, 2.0, 2.0, 4.0, 1.0, 3.0, 1.0, 0.0, 1.0, 4.0, 1.0, 1.0, 1.0, 6.0, 1.0, 4.0, 1.0, 2.0, 1.0, 1.0, 1.0, 4.0, 6.0, 1.0, 1.0, 2.0], [5.0, 0.0, 4.0, 0.0, 4.0, 4.0, 1.0, 4.0, 2.0, 1.0, 1.0, 3.0, 5.0, 4.0, 1.0, 4.0, 6.0, 6.0, 1.0, 4.0, 1.0, 0.0, 1.0, 4.0, 1.0, 1.0, 1.0, 6.0, 1.0, 4.0, 2.0, 2.0, 3.0, 1.0, 1.0, 3.0, 4.0, 1.0, 1.0, 1.0], [5.0, 1.0, 5.0, 0.0, 2.0, 4.0, 1.0, 0.0, 6.0, 1.0, 1.0, 4.0, 5.0, 4.0, 1.0, 1.0, 6.0, 4.0, 1.0, 3.0, 1.0, 1.0, 1.0, 4.0, 0.0, 1.0, 2.0, 6.0, 1.0, 4.0, 1.0, 2.0, 1.0, 1.0, 1.0, 3.0, 3.0, 1.0, 1.0, 2.0], [5.0, 0.0, 4.0, 4.0, 1.0, 4.0, 2.0, 4.0, 2.0, 1.0, 3.0, 3.0, 5.0, 4.0, 4.0, 1.0, 4.0, 4.0, 1.0, 4.0, 1.0, 0.0, 1.0, 4.0, 1.0, 1.0, 1.0, 4.0, 1.0, 4.0, 1.0, 2.0, 1.0, 1.0, 1.0, 3.0, 4.0, 1.0, 1.0, 2.0], [5.0, 1.0, 4.0, 0.0, 2.0, 4.0, 2.0, 4.0, 2.0, 1.0, 1.0, 4.0, 5.0, 6.0, 1.0, 1.0, 4.0, 4.0, 1.0, 3.0, 1.0, 1.0, 1.0, 4.0, 1.0, 1.0, 1.0, 4.0, 1.0, 2.0, 1.0, 2.0, 1.0, 1.0, 1.0, 4.0, 6.0, 1.0, 1.0, 2.0], [5.0, 4.0, 4.0, 4.0, 2.0, 4.0, 2.0, 4.0, 2.0, 1.0, 1.0, 3.0, 5.0, 4.0, 4.0, 1.0, 4.0, 6.0, 1.0, 4.0, 1.0, 1.0, 4.0, 4.0, 1.0, 1.0, 1.0, 6.0, 1.0, 4.0, 1.0, 2.0, 1.0, 1.0, 1.0, 3.0, 4.0, 1.0, 1.0, 2.0], [5.0, 0.0, 4.0, 4.0, 2.0, 4.0, 2.0, 4.0, 6.0, 1.0, 1.0, 4.0, 5.0, 4.0, 4.0, 1.0, 4.0, 6.0, 1.0, 4.0, 1.0, 1.0, 1.0, 4.0, 1.0, 1.0, 1.0, 6.0, 1.0, 2.0, 1.0, 2.0, 1.0, 1.0, 1.0, 3.0, 4.0, 1.0, 1.0, 2.0], [5.0, 4.0, 4.0, 4.0, 1.0, 4.0, 2.0, 5.0, 6.0, 1.0, 5.0, 2.0, 5.0, 4.0, 1.0, 3.0, 4.0, 4.0, 1.0, 4.0, 1.0, 0.0, 1.0, 4.0, 1.0, 1.0, 2.0, 4.0, 1.0, 5.0, 2.0, 2.0, 1.0, 1.0, 1.0, 3.0, 4.0, 1.0, 1.0, 2.0], [5.0, 1.0, 5.0, 0.0, 5.0, 4.0, 2.0, 4.0, 2.0, 1.0, 4.0, 1.0, 5.0, 4.0, 4.0, 3.0, 4.0, 4.0, 1.0, 4.0, 1.0, 1.0, 4.0, 4.0, 1.0, 1.0, 1.0, 4.0, 1.0, 5.0, 1.0, 6.0, 1.0, 1.0, 1.0, 4.0, 4.0, 1.0, 1.0, 2.0], [5.0, 4.0, 5.0, 1.0, 2.0, 4.0, 2.0, 4.0, 2.0, 1.0, 4.0, 4.0, 5.0, 4.0, 1.0, 1.0, 6.0, 4.0, 1.0, 3.0, 1.0, 1.0, 1.0, 4.0, 1.0, 1.0, 1.0, 4.0, 1.0, 5.0, 1.0, 2.0, 4.0, 1.0, 1.0, 4.0, 3.0, 1.0, 1.0, 2.0], [5.0, 0.0, 4.0, 4.0, 2.0, 4.0, 2.0, 4.0, 2.0, 1.0, 1.0, 3.0, 5.0, 4.0, 4.0, 1.0, 6.0, 4.0, 1.0, 3.0, 1.0, 1.0, 1.0, 4.0, 1.0, 1.0, 2.0, 6.0, 1.0, 2.0, 1.0, 2.0, 1.0, 1.0, 1.0, 3.0, 4.0, 1.0, 1.0, 3.0], [5.0, 0.0, 4.0, 4.0, 2.0, 2.0, 1.0, 4.0, 6.0, 1.0, 1.0, 3.0, 5.0, 4.0, 0.0, 3.0, 6.0, 4.0, 1.0, 4.0, 1.0, 1.0, 1.0, 4.0, 1.0, 1.0, 1.0, 6.0, 1.0, 4.0, 1.0, 2.0, 1.0, 1.0, 1.0, 3.0, 6.0, 1.0, 1.0, 2.0], [5.0, 4.0, 5.0, 4.0, 2.0, 2.0, 3.0, 6.0, 2.0, 1.0, 4.0, 1.0, 5.0, 6.0, 4.0, 3.0, 6.0, 6.0, 1.0, 3.0, 1.0, 0.0, 4.0, 4.0, 1.0, 1.0, 1.0, 4.0, 1.0, 2.0, 1.0, 2.0, 4.0, 1.0, 1.0, 3.0, 6.0, 1.0, 1.0, 2.0], [5.0, 4.0, 4.0, 0.0, 2.0, 4.0, 1.0, 4.0, 2.0, 1.0, 1.0, 4.0, 5.0, 4.0, 0.0, 3.0, 6.0, 4.0, 2.0, 4.0, 1.0, 1.0, 1.0, 4.0, 1.0, 1.0, 1.0, 6.0, 1.0, 3.0, 1.0, 2.0, 1.0, 1.0, 1.0, 4.0, 6.0, 1.0, 1.0, 2.0], [5.0, 4.0, 4.0, 0.0, 2.0, 4.0, 2.0, 0.0, 6.0, 1.0, 4.0, 4.0, 5.0, 4.0, 0.0, 3.0, 6.0, 4.0, 1.0, 3.0, 1.0, 0.0, 1.0, 4.0, 4.0, 1.0, 1.0, 6.0, 1.0, 2.0, 1.0, 2.0, 1.0, 1.0, 1.0, 3.0, 4.0, 1.0, 1.0, 1.0], [5.0, 0.0, 4.0, 0.0, 2.0, 4.0, 1.0, 5.0, 2.0, 1.0, 1.0, 3.0, 5.0, 4.0, 4.0, 1.0, 6.0, 6.0, 1.0, 3.0, 1.0, 0.0, 1.0, 4.0, 1.0, 1.0, 1.0, 4.0, 1.0, 4.0, 1.0, 2.0, 4.0, 1.0, 1.0, 3.0, 4.0, 1.0, 1.0, 5.0]]

first layer check: Conv2d(9, 64, kernel_size=(7, 7), stride=(2, 2), padding=(3, 3), bias=False)

for model 2: mode acc: 0.30000001192092896, run mean acc: 0.30833330750465393, top-2 acc:0.4749999940395355, mode f1: 0.30000001192092896

model 2 mode preds
[5.0, 4.0, 4.0, 4.0, 3.0, 2.0, 2.0, 2.0, 3.0, 1.0, 3.0, 3.0, 5.0, 4.0, 4.0, 3.0, 5.0, 5.0, 3.0, 3.0, 1.0, 3.0, 3.0, 3.0, 3.0, 1.0, 3.0, 4.0, 1.0, 3.0, 1.0, 3.0, 3.0, 0.0, 3.0, 3.0, 5.0, 1.0, 3.0, 3.0]

model 2 all preds
[[5.0, 4.0, 4.0, 4.0, 3.0, 2.0, 2.0, 2.0, 3.0, 1.0, 3.0, 3.0, 5.0, 3.0, 3.0, 3.0, 5.0, 5.0, 3.0, 3.0, 1.0, 1.0, 3.0, 3.0, 3.0, 3.0, 3.0, 4.0, 1.0, 3.0, 1.0, 3.0, 3.0, 0.0, 3.0, 3.0, 4.0, 1.0, 3.0, 3.0], [5.0, 3.0, 4.0, 4.0, 3.0, 2.0, 2.0, 2.0, 3.0, 1.0, 3.0, 3.0, 5.0, 4.0, 3.0, 3.0, 5.0, 3.0, 3.0, 3.0, 1.0, 1.0, 3.0, 3.0, 3.0, 3.0, 3.0, 4.0, 1.0, 2.0, 1.0, 3.0, 1.0, 1.0, 3.0, 3.0, 4.0, 1.0, 3.0, 2.0], [5.0, 4.0, 4.0, 4.0, 3.0, 2.0, 2.0, 5.0, 3.0, 1.0, 3.0, 3.0, 5.0, 5.0, 3.0, 3.0, 4.0, 3.0, 3.0, 3.0, 1.0, 1.0, 3.0, 3.0, 3.0, 3.0, 3.0, 4.0, 1.0, 3.0, 1.0, 3.0, 3.0, 0.0, 1.0, 3.0, 5.0, 1.0, 1.0, 3.0], [5.0, 3.0, 4.0, 4.0, 3.0, 2.0, 2.0, 2.0, 3.0, 1.0, 3.0, 3.0, 5.0, 4.0, 3.0, 3.0, 3.0, 4.0, 3.0, 3.0, 0.0, 0.0, 3.0, 3.0, 3.0, 0.0, 1.0, 3.0, 1.0, 3.0, 1.0, 3.0, 1.0, 0.0, 3.0, 3.0, 5.0, 1.0, 3.0, 3.0], [5.0, 4.0, 4.0, 4.0, 3.0, 2.0, 2.0, 2.0, 3.0, 1.0, 3.0, 3.0, 5.0, 4.0, 4.0, 3.0, 5.0, 5.0, 3.0, 3.0, 1.0, 3.0, 3.0, 2.0, 4.0, 1.0, 3.0, 4.0, 1.0, 3.0, 1.0, 2.0, 3.0, 0.0, 3.0, 3.0, 3.0, 1.0, 3.0, 1.0], [5.0, 4.0, 4.0, 4.0, 3.0, 2.0, 2.0, 5.0, 3.0, 1.0, 3.0, 3.0, 5.0, 2.0, 3.0, 3.0, 5.0, 4.0, 3.0, 3.0, 1.0, 1.0, 3.0, 3.0, 3.0, 1.0, 3.0, 5.0, 1.0, 3.0, 1.0, 3.0, 4.0, 1.0, 3.0, 3.0, 4.0, 1.0, 3.0, 2.0], [5.0, 4.0, 4.0, 0.0, 3.0, 2.0, 2.0, 3.0, 3.0, 1.0, 3.0, 3.0, 5.0, 3.0, 4.0, 3.0, 5.0, 3.0, 3.0, 3.0, 1.0, 3.0, 4.0, 3.0, 4.0, 1.0, 3.0, 4.0, 1.0, 3.0, 1.0, 3.0, 4.0, 0.0, 3.0, 3.0, 5.0, 1.0, 3.0, 2.0], [5.0, 4.0, 4.0, 4.0, 3.0, 2.0, 2.0, 4.0, 3.0, 1.0, 3.0, 3.0, 5.0, 4.0, 4.0, 3.0, 5.0, 4.0, 3.0, 4.0, 1.0, 3.0, 4.0, 5.0, 3.0, 3.0, 1.0, 5.0, 1.0, 3.0, 1.0, 3.0, 4.0, 1.0, 3.0, 3.0, 3.0, 1.0, 3.0, 3.0], [5.0, 4.0, 4.0, 4.0, 3.0, 2.0, 2.0, 5.0, 3.0, 1.0, 3.0, 2.0, 5.0, 4.0, 2.0, 3.0, 5.0, 5.0, 3.0, 3.0, 1.0, 1.0, 3.0, 5.0, 3.0, 1.0, 3.0, 5.0, 1.0, 3.0, 1.0, 3.0, 3.0, 1.0, 3.0, 3.0, 5.0, 1.0, 3.0, 2.0], [5.0, 3.0, 4.0, 4.0, 3.0, 2.0, 2.0, 2.0, 3.0, 1.0, 3.0, 2.0, 5.0, 4.0, 3.0, 3.0, 5.0, 4.0, 3.0, 3.0, 3.0, 3.0, 3.0, 5.0, 3.0, 1.0, 3.0, 4.0, 1.0, 3.0, 1.0, 3.0, 3.0, 0.0, 3.0, 3.0, 5.0, 1.0, 3.0, 2.0], [5.0, 4.0, 4.0, 4.0, 3.0, 4.0, 2.0, 5.0, 3.0, 1.0, 3.0, 3.0, 5.0, 4.0, 4.0, 3.0, 5.0, 5.0, 3.0, 3.0, 1.0, 1.0, 4.0, 2.0, 4.0, 1.0, 3.0, 5.0, 1.0, 3.0, 1.0, 3.0, 3.0, 1.0, 1.0, 3.0, 5.0, 1.0, 3.0, 3.0], [5.0, 4.0, 4.0, 4.0, 3.0, 2.0, 4.0, 2.0, 3.0, 1.0, 3.0, 3.0, 5.0, 3.0, 4.0, 3.0, 5.0, 3.0, 3.0, 3.0, 1.0, 1.0, 4.0, 2.0, 4.0, 1.0, 3.0, 4.0, 1.0, 3.0, 1.0, 3.0, 4.0, 0.0, 3.0, 5.0, 4.0, 1.0, 3.0, 3.0], [5.0, 3.0, 4.0, 4.0, 3.0, 2.0, 2.0, 2.0, 3.0, 1.0, 3.0, 3.0, 5.0, 3.0, 4.0, 3.0, 5.0, 5.0, 3.0, 3.0, 1.0, 3.0, 4.0, 3.0, 4.0, 1.0, 3.0, 5.0, 1.0, 3.0, 1.0, 3.0, 3.0, 1.0, 3.0, 3.0, 5.0, 1.0, 3.0, 2.0], [5.0, 4.0, 4.0, 4.0, 3.0, 3.0, 2.0, 2.0, 3.0, 1.0, 3.0, 3.0, 5.0, 5.0, 4.0, 3.0, 3.0, 3.0, 3.0, 3.0, 0.0, 3.0, 4.0, 3.0, 3.0, 0.0, 3.0, 4.0, 1.0, 3.0, 1.0, 3.0, 1.0, 1.0, 3.0, 3.0, 3.0, 1.0, 3.0, 2.0], [5.0, 3.0, 4.0, 4.0, 3.0, 2.0, 2.0, 5.0, 3.0, 1.0, 3.0, 3.0, 5.0, 4.0, 4.0, 3.0, 5.0, 3.0, 3.0, 3.0, 1.0, 1.0, 4.0, 3.0, 3.0, 1.0, 3.0, 4.0, 1.0, 2.0, 1.0, 3.0, 4.0, 0.0, 3.0, 3.0, 3.0, 1.0, 3.0, 3.0], [5.0, 4.0, 4.0, 4.0, 3.0, 4.0, 2.0, 2.0, 3.0, 1.0, 3.0, 3.0, 5.0, 4.0, 4.0, 3.0, 5.0, 5.0, 3.0, 3.0, 1.0, 3.0, 3.0, 5.0, 3.0, 1.0, 3.0, 5.0, 1.0, 3.0, 1.0, 3.0, 3.0, 1.0, 3.0, 3.0, 4.0, 1.0, 3.0, 3.0], [5.0, 4.0, 4.0, 4.0, 3.0, 2.0, 2.0, 3.0, 3.0, 1.0, 3.0, 3.0, 5.0, 4.0, 4.0, 3.0, 5.0, 5.0, 3.0, 3.0, 1.0, 3.0, 3.0, 3.0, 3.0, 1.0, 3.0, 6.0, 1.0, 3.0, 2.0, 3.0, 3.0, 0.0, 3.0, 3.0, 4.0, 1.0, 3.0, 2.0], [5.0, 3.0, 4.0, 3.0, 3.0, 2.0, 2.0, 2.0, 3.0, 1.0, 3.0, 3.0, 5.0, 4.0, 2.0, 3.0, 3.0, 5.0, 3.0, 3.0, 1.0, 3.0, 3.0, 5.0, 3.0, 1.0, 3.0, 5.0, 1.0, 3.0, 1.0, 3.0, 3.0, 1.0, 3.0, 3.0, 5.0, 1.0, 3.0, 3.0], [5.0, 3.0, 4.0, 1.0, 3.0, 2.0, 2.0, 2.0, 5.0, 1.0, 3.0, 3.0, 5.0, 6.0, 3.0, 3.0, 5.0, 4.0, 3.0, 3.0, 1.0, 3.0, 4.0, 3.0, 3.0, 3.0, 3.0, 5.0, 1.0, 3.0, 1.0, 3.0, 4.0, 0.0, 3.0, 3.0, 5.0, 1.0, 3.0, 2.0], [5.0, 4.0, 4.0, 3.0, 3.0, 2.0, 2.0, 2.0, 3.0, 1.0, 3.0, 3.0, 5.0, 4.0, 3.0, 3.0, 3.0, 3.0, 3.0, 3.0, 3.0, 1.0, 3.0, 5.0, 3.0, 1.0, 3.0, 3.0, 1.0, 3.0, 1.0, 3.0, 3.0, 1.0, 3.0, 3.0, 5.0, 1.0, 3.0, 2.0], [5.0, 3.0, 4.0, 3.0, 3.0, 2.0, 2.0, 3.0, 3.0, 1.0, 3.0, 3.0, 5.0, 4.0, 3.0, 3.0, 4.0, 5.0, 3.0, 3.0, 1.0, 3.0, 3.0, 5.0, 3.0, 3.0, 3.0, 5.0, 1.0, 2.0, 3.0, 3.0, 3.0, 0.0, 4.0, 3.0, 5.0, 1.0, 3.0, 2.0], [5.0, 3.0, 4.0, 4.0, 3.0, 3.0, 2.0, 2.0, 3.0, 1.0, 3.0, 3.0, 5.0, 4.0, 4.0, 3.0, 5.0, 3.0, 3.0, 3.0, 1.0, 0.0, 3.0, 3.0, 3.0, 1.0, 3.0, 5.0, 1.0, 2.0, 1.0, 3.0, 3.0, 0.0, 1.0, 3.0, 5.0, 1.0, 3.0, 1.0], [5.0, 3.0, 4.0, 4.0, 3.0, 2.0, 2.0, 2.0, 3.0, 1.0, 3.0, 3.0, 5.0, 4.0, 3.0, 3.0, 5.0, 4.0, 3.0, 3.0, 1.0, 1.0, 3.0, 3.0, 3.0, 1.0, 3.0, 5.0, 1.0, 3.0, 1.0, 3.0, 1.0, 1.0, 3.0, 3.0, 3.0, 1.0, 3.0, 2.0], [5.0, 4.0, 4.0, 3.0, 3.0, 2.0, 2.0, 2.0, 3.0, 1.0, 3.0, 3.0, 5.0, 5.0, 4.0, 3.0, 5.0, 5.0, 4.0, 3.0, 1.0, 1.0, 3.0, 3.0, 3.0, 0.0, 3.0, 5.0, 1.0, 3.0, 1.0, 3.0, 3.0, 0.0, 3.0, 3.0, 5.0, 1.0, 3.0, 3.0], [5.0, 4.0, 4.0, 4.0, 3.0, 2.0, 2.0, 5.0, 3.0, 1.0, 3.0, 3.0, 5.0, 3.0, 3.0, 3.0, 5.0, 4.0, 3.0, 3.0, 1.0, 3.0, 3.0, 3.0, 3.0, 1.0, 3.0, 4.0, 1.0, 3.0, 1.0, 3.0, 3.0, 0.0, 3.0, 3.0, 5.0, 1.0, 3.0, 2.0], [5.0, 3.0, 4.0, 4.0, 3.0, 2.0, 2.0, 2.0, 3.0, 1.0, 3.0, 3.0, 5.0, 4.0, 4.0, 1.0, 5.0, 4.0, 3.0, 3.0, 1.0, 3.0, 3.0, 3.0, 3.0, 1.0, 3.0, 3.0, 1.0, 3.0, 1.0, 3.0, 4.0, 1.0, 3.0, 3.0, 5.0, 1.0, 3.0, 1.0], [5.0, 4.0, 4.0, 4.0, 3.0, 2.0, 2.0, 2.0, 3.0, 1.0, 3.0, 3.0, 5.0, 4.0, 3.0, 3.0, 5.0, 4.0, 3.0, 3.0, 1.0, 3.0, 4.0, 3.0, 3.0, 1.0, 1.0, 5.0, 1.0, 3.0, 1.0, 3.0, 1.0, 1.0, 3.0, 3.0, 3.0, 1.0, 3.0, 3.0], [5.0, 3.0, 4.0, 4.0, 3.0, 2.0, 2.0, 2.0, 3.0, 1.0, 3.0, 3.0, 5.0, 4.0, 3.0, 3.0, 5.0, 5.0, 3.0, 3.0, 1.0, 0.0, 3.0, 5.0, 3.0, 1.0, 3.0, 4.0, 1.0, 2.0, 1.0, 3.0, 1.0, 0.0, 3.0, 3.0, 5.0, 1.0, 3.0, 3.0], [5.0, 4.0, 4.0, 4.0, 3.0, 2.0, 2.0, 2.0, 3.0, 1.0, 3.0, 3.0, 5.0, 4.0, 4.0, 3.0, 5.0, 5.0, 3.0, 3.0, 1.0, 0.0, 4.0, 5.0, 1.0, 1.0, 3.0, 5.0, 1.0, 3.0, 1.0, 3.0, 3.0, 1.0, 3.0, 3.0, 5.0, 1.0, 3.0, 3.0], [5.0, 4.0, 4.0, 4.0, 3.0, 2.0, 2.0, 3.0, 3.0, 1.0, 3.0, 3.0, 5.0, 3.0, 4.0, 3.0, 3.0, 5.0, 3.0, 3.0, 1.0, 3.0, 3.0, 5.0, 3.0, 1.0, 3.0, 5.0, 1.0, 3.0, 1.0, 3.0, 3.0, 1.0, 3.0, 3.0, 5.0, 1.0, 3.0, 1.0], [5.0, 4.0, 4.0, 4.0, 3.0, 2.0, 2.0, 2.0, 3.0, 1.0, 3.0, 3.0, 5.0, 5.0, 4.0, 1.0, 5.0, 6.0, 3.0, 3.0, 1.0, 1.0, 3.0, 3.0, 1.0, 1.0, 1.0, 4.0, 1.0, 3.0, 2.0, 3.0, 3.0, 1.0, 4.0, 3.0, 5.0, 1.0, 3.0, 3.0], [5.0, 3.0, 4.0, 4.0, 3.0, 2.0, 2.0, 3.0, 3.0, 1.0, 3.0, 3.0, 5.0, 4.0, 3.0, 3.0, 3.0, 5.0, 3.0, 3.0, 1.0, 1.0, 3.0, 3.0, 3.0, 3.0, 3.0, 6.0, 1.0, 3.0, 1.0, 3.0, 4.0, 1.0, 3.0, 3.0, 4.0, 1.0, 3.0, 2.0], [5.0, 3.0, 4.0, 4.0, 3.0, 2.0, 2.0, 5.0, 3.0, 1.0, 3.0, 3.0, 5.0, 4.0, 4.0, 3.0, 5.0, 3.0, 3.0, 3.0, 1.0, 0.0, 4.0, 5.0, 1.0, 1.0, 1.0, 5.0, 1.0, 3.0, 1.0, 3.0, 3.0, 0.0, 3.0, 5.0, 5.0, 1.0, 3.0, 2.0], [5.0, 3.0, 4.0, 4.0, 3.0, 3.0, 2.0, 2.0, 5.0, 1.0, 3.0, 3.0, 5.0, 4.0, 4.0, 3.0, 3.0, 5.0, 3.0, 3.0, 1.0, 3.0, 4.0, 3.0, 3.0, 1.0, 3.0, 6.0, 1.0, 3.0, 3.0, 3.0, 4.0, 1.0, 3.0, 3.0, 4.0, 1.0, 3.0, 2.0], [5.0, 4.0, 4.0, 4.0, 3.0, 2.0, 2.0, 3.0, 3.0, 1.0, 3.0, 3.0, 5.0, 4.0, 3.0, 3.0, 5.0, 5.0, 3.0, 3.0, 1.0, 1.0, 3.0, 5.0, 3.0, 1.0, 3.0, 3.0, 1.0, 3.0, 1.0, 3.0, 3.0, 1.0, 3.0, 3.0, 5.0, 1.0, 3.0, 1.0], [5.0, 4.0, 4.0, 4.0, 3.0, 2.0, 2.0, 2.0, 3.0, 1.0, 3.0, 3.0, 5.0, 4.0, 3.0, 3.0, 3.0, 4.0, 3.0, 3.0, 1.0, 0.0, 3.0, 2.0, 3.0, 1.0, 3.0, 3.0, 1.0, 2.0, 1.0, 3.0, 4.0, 0.0, 3.0, 3.0, 5.0, 1.0, 3.0, 3.0], [5.0, 4.0, 4.0, 4.0, 3.0, 2.0, 2.0, 2.0, 3.0, 1.0, 3.0, 3.0, 5.0, 3.0, 4.0, 3.0, 5.0, 3.0, 3.0, 3.0, 1.0, 0.0, 4.0, 3.0, 3.0, 1.0, 1.0, 5.0, 1.0, 3.0, 1.0, 3.0, 1.0, 0.0, 3.0, 3.0, 5.0, 1.0, 3.0, 1.0], [5.0, 4.0, 4.0, 3.0, 3.0, 2.0, 2.0, 2.0, 5.0, 1.0, 3.0, 3.0, 5.0, 4.0, 4.0, 1.0, 3.0, 4.0, 3.0, 3.0, 1.0, 3.0, 3.0, 3.0, 3.0, 1.0, 3.0, 6.0, 1.0, 3.0, 1.0, 3.0, 3.0, 1.0, 3.0, 3.0, 3.0, 1.0, 3.0, 3.0], [5.0, 4.0, 4.0, 3.0, 3.0, 2.0, 2.0, 3.0, 3.0, 1.0, 3.0, 3.0, 5.0, 5.0, 4.0, 3.0, 5.0, 5.0, 3.0, 3.0, 1.0, 1.0, 4.0, 5.0, 3.0, 1.0, 3.0, 4.0, 1.0, 3.0, 1.0, 3.0, 4.0, 0.0, 3.0, 3.0, 5.0, 1.0, 3.0, 1.0], [5.0, 4.0, 4.0, 3.0, 3.0, 2.0, 2.0, 3.0, 3.0, 1.0, 3.0, 3.0, 5.0, 3.0, 3.0, 3.0, 5.0, 5.0, 3.0, 3.0, 1.0, 0.0, 3.0, 3.0, 4.0, 1.0, 3.0, 4.0, 1.0, 3.0, 1.0, 3.0, 1.0, 0.0, 3.0, 3.0, 5.0, 1.0, 3.0, 1.0], [5.0, 3.0, 4.0, 4.0, 3.0, 2.0, 2.0, 3.0, 5.0, 1.0, 3.0, 3.0, 5.0, 6.0, 4.0, 3.0, 5.0, 5.0, 3.0, 3.0, 1.0, 3.0, 3.0, 5.0, 3.0, 1.0, 3.0, 3.0, 1.0, 3.0, 1.0, 3.0, 4.0, 1.0, 3.0, 3.0, 3.0, 1.0, 3.0, 3.0], [5.0, 4.0, 4.0, 4.0, 3.0, 4.0, 2.0, 2.0, 3.0, 1.0, 3.0, 3.0, 5.0, 3.0, 3.0, 3.0, 5.0, 3.0, 3.0, 3.0, 1.0, 0.0, 3.0, 5.0, 4.0, 1.0, 3.0, 5.0, 1.0, 3.0, 3.0, 3.0, 4.0, 0.0, 3.0, 3.0, 5.0, 1.0, 3.0, 2.0], [5.0, 3.0, 4.0, 4.0, 3.0, 2.0, 2.0, 2.0, 3.0, 1.0, 3.0, 3.0, 5.0, 3.0, 4.0, 3.0, 3.0, 3.0, 3.0, 3.0, 3.0, 3.0, 3.0, 3.0, 3.0, 1.0, 1.0, 6.0, 1.0, 3.0, 1.0, 3.0, 1.0, 0.0, 1.0, 5.0, 3.0, 1.0, 3.0, 3.0], [5.0, 3.0, 4.0, 4.0, 3.0, 4.0, 2.0, 3.0, 3.0, 1.0, 3.0, 3.0, 5.0, 4.0, 4.0, 3.0, 5.0, 3.0, 3.0, 3.0, 1.0, 3.0, 4.0, 3.0, 3.0, 1.0, 1.0, 4.0, 1.0, 3.0, 1.0, 3.0, 3.0, 0.0, 1.0, 3.0, 3.0, 1.0, 3.0, 3.0], [5.0, 3.0, 4.0, 4.0, 3.0, 4.0, 2.0, 2.0, 3.0, 1.0, 3.0, 3.0, 5.0, 3.0, 3.0, 3.0, 3.0, 5.0, 3.0, 3.0, 3.0, 1.0, 3.0, 3.0, 3.0, 3.0, 3.0, 6.0, 1.0, 3.0, 1.0, 3.0, 1.0, 0.0, 3.0, 3.0, 5.0, 1.0, 3.0, 2.0], [5.0, 3.0, 4.0, 4.0, 3.0, 2.0, 2.0, 2.0, 3.0, 1.0, 3.0, 3.0, 5.0, 5.0, 4.0, 3.0, 3.0, 5.0, 3.0, 3.0, 1.0, 3.0, 4.0, 3.0, 3.0, 1.0, 3.0, 3.0, 1.0, 3.0, 2.0, 3.0, 4.0, 0.0, 3.0, 3.0, 4.0, 1.0, 1.0, 3.0], [5.0, 4.0, 4.0, 4.0, 3.0, 3.0, 2.0, 2.0, 3.0, 1.0, 3.0, 2.0, 5.0, 4.0, 4.0, 3.0, 3.0, 5.0, 3.0, 3.0, 0.0, 1.0, 3.0, 3.0, 4.0, 1.0, 3.0, 4.0, 1.0, 3.0, 1.0, 3.0, 3.0, 0.0, 3.0, 3.0, 3.0, 1.0, 3.0, 3.0], [5.0, 3.0, 4.0, 4.0, 3.0, 4.0, 2.0, 2.0, 3.0, 1.0, 3.0, 3.0, 5.0, 4.0, 2.0, 3.0, 3.0, 5.0, 3.0, 3.0, 1.0, 3.0, 3.0, 3.0, 3.0, 0.0, 3.0, 4.0, 1.0, 3.0, 1.0, 3.0, 4.0, 0.0, 3.0, 5.0, 5.0, 1.0, 3.0, 3.0], [5.0, 4.0, 4.0, 4.0, 3.0, 2.0, 2.0, 3.0, 3.0, 1.0, 3.0, 3.0, 5.0, 4.0, 4.0, 3.0, 3.0, 3.0, 3.0, 3.0, 3.0, 1.0, 3.0, 5.0, 3.0, 1.0, 3.0, 6.0, 1.0, 3.0, 1.0, 3.0, 3.0, 0.0, 1.0, 3.0, 5.0, 1.0, 3.0, 3.0], [5.0, 3.0, 4.0, 4.0, 3.0, 2.0, 2.0, 5.0, 3.0, 1.0, 3.0, 3.0, 5.0, 5.0, 5.0, 3.0, 5.0, 5.0, 3.0, 3.0, 1.0, 1.0, 3.0, 3.0, 3.0, 1.0, 3.0, 4.0, 1.0, 2.0, 1.0, 3.0, 1.0, 1.0, 3.0, 3.0, 5.0, 1.0, 3.0, 2.0]]

first layer check: Conv2d(9, 64, kernel_size=(7, 7), stride=(2, 2), padding=(3, 3), bias=False)

for model 3: mode acc: 0.3499999940395355, run mean acc: 0.4454166293144226, top-2 acc:0.6512500047683716, mode f1: 0.3499999940395355

model 3 mode preds
[5.0, 2.0, 5.0, 4.0, 2.0, 2.0, 2.0, 2.0, 2.0, 1.0, 1.0, 2.0, 5.0, 6.0, 2.0, 2.0, 2.0, 4.0, 1.0, 1.0, 1.0, 1.0, 1.0, 4.0, 1.0, 1.0, 1.0, 4.0, 1.0, 2.0, 1.0, 2.0, 1.0, 1.0, 1.0, 3.0, 4.0, 1.0, 1.0, 1.0]

model 3 all preds
[[5.0, 1.0, 4.0, 4.0, 2.0, 1.0, 2.0, 2.0, 2.0, 1.0, 1.0, 2.0, 5.0, 6.0, 2.0, 1.0, 2.0, 4.0, 1.0, 1.0, 1.0, 2.0, 3.0, 4.0, 2.0, 1.0, 1.0, 4.0, 1.0, 1.0, 1.0, 2.0, 3.0, 1.0, 1.0, 3.0, 5.0, 1.0, 1.0, 1.0], [5.0, 2.0, 5.0, 4.0, 2.0, 2.0, 2.0, 2.0, 2.0, 1.0, 2.0, 2.0, 5.0, 6.0, 2.0, 2.0, 2.0, 4.0, 1.0, 2.0, 1.0, 1.0, 1.0, 4.0, 1.0, 1.0, 1.0, 4.0, 1.0, 1.0, 1.0, 2.0, 1.0, 1.0, 1.0, 1.0, 5.0, 1.0, 1.0, 1.0], [5.0, 2.0, 4.0, 4.0, 1.0, 2.0, 2.0, 2.0, 2.0, 1.0, 2.0, 2.0, 5.0, 5.0, 2.0, 2.0, 2.0, 1.0, 1.0, 2.0, 1.0, 1.0, 1.0, 2.0, 1.0, 1.0, 1.0, 4.0, 1.0, 2.0, 1.0, 2.0, 2.0, 1.0, 1.0, 3.0, 1.0, 1.0, 1.0, 1.0], [5.0, 4.0, 5.0, 2.0, 1.0, 2.0, 2.0, 2.0, 2.0, 1.0, 1.0, 1.0, 5.0, 5.0, 3.0, 1.0, 2.0, 4.0, 1.0, 1.0, 1.0, 2.0, 1.0, 4.0, 3.0, 1.0, 1.0, 4.0, 1.0, 1.0, 1.0, 1.0, 1.0, 1.0, 1.0, 3.0, 5.0, 1.0, 1.0, 1.0], [5.0, 4.0, 5.0, 4.0, 2.0, 2.0, 2.0, 2.0, 2.0, 1.0, 1.0, 2.0, 5.0, 3.0, 1.0, 2.0, 4.0, 4.0, 1.0, 3.0, 1.0, 1.0, 1.0, 4.0, 1.0, 1.0, 1.0, 4.0, 1.0, 2.0, 1.0, 2.0, 1.0, 1.0, 1.0, 3.0, 5.0, 1.0, 1.0, 1.0], [5.0, 2.0, 5.0, 4.0, 1.0, 3.0, 2.0, 2.0, 2.0, 1.0, 1.0, 2.0, 5.0, 5.0, 2.0, 2.0, 2.0, 4.0, 2.0, 3.0, 1.0, 1.0, 1.0, 4.0, 2.0, 1.0, 1.0, 4.0, 1.0, 2.0, 1.0, 2.0, 3.0, 1.0, 1.0, 3.0, 4.0, 1.0, 1.0, 1.0], [5.0, 3.0, 5.0, 4.0, 1.0, 1.0, 2.0, 2.0, 2.0, 1.0, 1.0, 2.0, 5.0, 5.0, 2.0, 1.0, 2.0, 4.0, 1.0, 2.0, 1.0, 1.0, 3.0, 4.0, 1.0, 1.0, 3.0, 6.0, 1.0, 1.0, 1.0, 2.0, 1.0, 1.0, 1.0, 3.0, 4.0, 1.0, 1.0, 1.0], [5.0, 2.0, 2.0, 2.0, 2.0, 2.0, 2.0, 2.0, 2.0, 1.0, 1.0, 2.0, 5.0, 3.0, 2.0, 1.0, 2.0, 4.0, 1.0, 1.0, 1.0, 1.0, 1.0, 4.0, 3.0, 1.0, 1.0, 4.0, 1.0, 2.0, 2.0, 2.0, 1.0, 1.0, 1.0, 3.0, 4.0, 1.0, 1.0, 1.0], [5.0, 4.0, 5.0, 4.0, 1.0, 2.0, 2.0, 2.0, 2.0, 1.0, 1.0, 2.0, 5.0, 5.0, 2.0, 2.0, 2.0, 4.0, 1.0, 1.0, 1.0, 1.0, 1.0, 4.0, 1.0, 1.0, 1.0, 4.0, 1.0, 2.0, 1.0, 2.0, 1.0, 1.0, 1.0, 3.0, 3.0, 1.0, 1.0, 1.0], [5.0, 2.0, 4.0, 4.0, 1.0, 3.0, 2.0, 2.0, 3.0, 1.0, 1.0, 2.0, 5.0, 3.0, 2.0, 2.0, 2.0, 5.0, 1.0, 1.0, 1.0, 1.0, 1.0, 4.0, 3.0, 1.0, 1.0, 4.0, 1.0, 2.0, 2.0, 1.0, 1.0, 1.0, 1.0, 3.0, 5.0, 1.0, 1.0, 1.0], [5.0, 4.0, 5.0, 2.0, 1.0, 2.0, 2.0, 2.0, 2.0, 1.0, 1.0, 2.0, 5.0, 2.0, 2.0, 2.0, 2.0, 4.0, 1.0, 3.0, 1.0, 1.0, 3.0, 4.0, 3.0, 1.0, 1.0, 4.0, 1.0, 1.0, 1.0, 2.0, 3.0, 1.0, 1.0, 1.0, 5.0, 1.0, 1.0, 1.0], [5.0, 2.0, 2.0, 4.0, 2.0, 2.0, 2.0, 2.0, 2.0, 1.0, 1.0, 2.0, 5.0, 5.0, 4.0, 2.0, 2.0, 4.0, 1.0, 3.0, 1.0, 2.0, 1.0, 4.0, 3.0, 1.0, 1.0, 4.0, 1.0, 1.0, 1.0, 2.0, 1.0, 1.0, 1.0, 3.0, 3.0, 1.0, 1.0, 1.0], [5.0, 3.0, 5.0, 4.0, 1.0, 1.0, 1.0, 2.0, 2.0, 1.0, 1.0, 2.0, 5.0, 6.0, 2.0, 1.0, 2.0, 4.0, 1.0, 2.0, 1.0, 1.0, 1.0, 4.0, 1.0, 1.0, 1.0, 4.0, 1.0, 2.0, 1.0, 1.0, 1.0, 1.0, 1.0, 3.0, 4.0, 1.0, 1.0, 1.0], [5.0, 1.0, 5.0, 2.0, 2.0, 2.0, 2.0, 2.0, 2.0, 1.0, 1.0, 2.0, 5.0, 4.0, 2.0, 1.0, 2.0, 5.0, 1.0, 3.0, 1.0, 1.0, 1.0, 1.0, 4.0, 1.0, 1.0, 6.0, 1.0, 3.0, 1.0, 2.0, 1.0, 1.0, 1.0, 3.0, 4.0, 1.0, 1.0, 1.0], [5.0, 4.0, 5.0, 4.0, 1.0, 2.0, 2.0, 2.0, 2.0, 1.0, 2.0, 2.0, 5.0, 5.0, 2.0, 1.0, 2.0, 3.0, 1.0, 3.0, 1.0, 4.0, 1.0, 4.0, 2.0, 1.0, 1.0, 4.0, 1.0, 1.0, 1.0, 2.0, 1.0, 1.0, 1.0, 1.0, 4.0, 1.0, 1.0, 1.0], [5.0, 2.0, 5.0, 4.0, 1.0, 2.0, 2.0, 2.0, 2.0, 1.0, 2.0, 2.0, 5.0, 6.0, 2.0, 1.0, 2.0, 4.0, 1.0, 1.0, 1.0, 2.0, 1.0, 3.0, 1.0, 1.0, 1.0, 4.0, 1.0, 1.0, 1.0, 1.0, 1.0, 1.0, 1.0, 3.0, 4.0, 1.0, 1.0, 1.0], [5.0, 1.0, 5.0, 2.0, 1.0, 2.0, 2.0, 2.0, 2.0, 1.0, 1.0, 2.0, 5.0, 3.0, 2.0, 1.0, 2.0, 4.0, 1.0, 2.0, 1.0, 2.0, 1.0, 4.0, 1.0, 1.0, 1.0, 5.0, 1.0, 1.0, 2.0, 2.0, 3.0, 1.0, 1.0, 3.0, 5.0, 1.0, 1.0, 1.0], [5.0, 2.0, 5.0, 4.0, 2.0, 2.0, 2.0, 2.0, 2.0, 1.0, 1.0, 2.0, 5.0, 6.0, 4.0, 2.0, 2.0, 4.0, 2.0, 2.0, 1.0, 1.0, 3.0, 1.0, 1.0, 1.0, 1.0, 4.0, 1.0, 2.0, 1.0, 1.0, 1.0, 1.0, 1.0, 3.0, 3.0, 1.0, 1.0, 1.0], [5.0, 4.0, 5.0, 4.0, 1.0, 3.0, 2.0, 2.0, 2.0, 1.0, 2.0, 2.0, 5.0, 3.0, 2.0, 1.0, 4.0, 4.0, 2.0, 1.0, 1.0, 1.0, 1.0, 4.0, 1.0, 1.0, 1.0, 4.0, 1.0, 2.0, 2.0, 1.0, 3.0, 1.0, 1.0, 3.0, 4.0, 1.0, 1.0, 1.0], [5.0, 3.0, 5.0, 4.0, 1.0, 1.0, 2.0, 2.0, 2.0, 1.0, 2.0, 2.0, 5.0, 5.0, 3.0, 2.0, 2.0, 4.0, 1.0, 2.0, 1.0, 2.0, 1.0, 4.0, 1.0, 1.0, 1.0, 4.0, 1.0, 2.0, 1.0, 2.0, 3.0, 1.0, 1.0, 3.0, 4.0, 1.0, 1.0, 1.0], [5.0, 2.0, 5.0, 4.0, 2.0, 2.0, 2.0, 2.0, 2.0, 1.0, 1.0, 2.0, 5.0, 6.0, 2.0, 1.0, 2.0, 4.0, 1.0, 1.0, 1.0, 1.0, 3.0, 4.0, 1.0, 1.0, 1.0, 4.0, 1.0, 2.0, 1.0, 2.0, 3.0, 1.0, 1.0, 1.0, 4.0, 1.0, 1.0, 1.0], [5.0, 2.0, 4.0, 4.0, 2.0, 2.0, 2.0, 2.0, 2.0, 1.0, 1.0, 2.0, 5.0, 6.0, 2.0, 2.0, 2.0, 4.0, 1.0, 2.0, 1.0, 2.0, 1.0, 4.0, 1.0, 1.0, 1.0, 3.0, 1.0, 1.0, 1.0, 2.0, 3.0, 1.0, 1.0, 3.0, 5.0, 1.0, 1.0, 1.0], [5.0, 2.0, 2.0, 4.0, 1.0, 2.0, 2.0, 2.0, 2.0, 1.0, 2.0, 2.0, 5.0, 3.0, 2.0, 2.0, 2.0, 4.0, 1.0, 3.0, 1.0, 1.0, 3.0, 1.0, 1.0, 1.0, 1.0, 4.0, 1.0, 2.0, 2.0, 1.0, 3.0, 1.0, 1.0, 3.0, 5.0, 1.0, 1.0, 2.0], [5.0, 2.0, 4.0, 4.0, 1.0, 2.0, 2.0, 2.0, 2.0, 1.0, 1.0, 2.0, 5.0, 6.0, 4.0, 1.0, 4.0, 4.0, 2.0, 2.0, 1.0, 1.0, 1.0, 4.0, 1.0, 1.0, 1.0, 6.0, 1.0, 3.0, 1.0, 2.0, 3.0, 1.0, 1.0, 1.0, 1.0, 1.0, 1.0, 1.0], [5.0, 1.0, 5.0, 4.0, 2.0, 2.0, 2.0, 2.0, 2.0, 1.0, 1.0, 2.0, 5.0, 5.0, 2.0, 2.0, 2.0, 5.0, 1.0, 2.0, 1.0, 1.0, 1.0, 4.0, 1.0, 1.0, 1.0, 5.0, 1.0, 2.0, 2.0, 2.0, 1.0, 1.0, 1.0, 1.0, 5.0, 1.0, 1.0, 1.0], [5.0, 1.0, 5.0, 4.0, 1.0, 2.0, 2.0, 2.0, 2.0, 1.0, 2.0, 2.0, 5.0, 3.0, 2.0, 2.0, 2.0, 4.0, 1.0, 1.0, 1.0, 2.0, 1.0, 4.0, 4.0, 1.0, 1.0, 4.0, 1.0, 2.0, 1.0, 1.0, 3.0, 1.0, 1.0, 3.0, 4.0, 1.0, 1.0, 1.0], [5.0, 2.0, 5.0, 3.0, 2.0, 2.0, 2.0, 2.0, 2.0, 1.0, 1.0, 2.0, 5.0, 5.0, 2.0, 2.0, 2.0, 4.0, 1.0, 1.0, 1.0, 1.0, 1.0, 4.0, 4.0, 1.0, 1.0, 3.0, 1.0, 2.0, 1.0, 2.0, 1.0, 1.0, 1.0, 1.0, 4.0, 1.0, 1.0, 1.0], [5.0, 2.0, 4.0, 4.0, 2.0, 2.0, 2.0, 2.0, 2.0, 1.0, 1.0, 2.0, 5.0, 6.0, 2.0, 1.0, 4.0, 4.0, 1.0, 1.0, 1.0, 2.0, 1.0, 4.0, 2.0, 1.0, 2.0, 4.0, 1.0, 2.0, 1.0, 2.0, 1.0, 1.0, 1.0, 3.0, 4.0, 1.0, 1.0, 1.0], [5.0, 2.0, 2.0, 4.0, 2.0, 1.0, 2.0, 2.0, 2.0, 1.0, 1.0, 2.0, 5.0, 3.0, 2.0, 1.0, 2.0, 3.0, 2.0, 3.0, 1.0, 2.0, 1.0, 4.0, 1.0, 1.0, 1.0, 4.0, 1.0, 1.0, 2.0, 2.0, 3.0, 1.0, 1.0, 3.0, 3.0, 1.0, 1.0, 1.0], [5.0, 4.0, 4.0, 4.0, 1.0, 2.0, 2.0, 2.0, 2.0, 1.0, 1.0, 2.0, 5.0, 4.0, 2.0, 2.0, 2.0, 4.0, 3.0, 3.0, 1.0, 1.0, 1.0, 4.0, 3.0, 1.0, 1.0, 4.0, 1.0, 3.0, 1.0, 1.0, 1.0, 1.0, 1.0, 3.0, 4.0, 1.0, 1.0, 1.0], [5.0, 2.0, 5.0, 4.0, 1.0, 1.0, 2.0, 2.0, 2.0, 1.0, 1.0, 2.0, 5.0, 2.0, 2.0, 1.0, 2.0, 4.0, 3.0, 3.0, 1.0, 3.0, 1.0, 4.0, 3.0, 1.0, 1.0, 4.0, 1.0, 1.0, 1.0, 2.0, 3.0, 1.0, 1.0, 3.0, 4.0, 1.0, 1.0, 2.0], [5.0, 2.0, 5.0, 4.0, 2.0, 2.0, 2.0, 2.0, 2.0, 1.0, 1.0, 2.0, 5.0, 2.0, 4.0, 2.0, 2.0, 4.0, 1.0, 1.0, 1.0, 1.0, 1.0, 4.0, 1.0, 1.0, 3.0, 4.0, 1.0, 1.0, 1.0, 1.0, 1.0, 1.0, 1.0, 3.0, 3.0, 1.0, 1.0, 2.0], [5.0, 2.0, 4.0, 4.0, 2.0, 2.0, 2.0, 2.0, 2.0, 1.0, 2.0, 2.0, 5.0, 6.0, 2.0, 1.0, 2.0, 4.0, 1.0, 2.0, 1.0, 4.0, 1.0, 4.0, 3.0, 1.0, 1.0, 6.0, 1.0, 1.0, 1.0, 2.0, 3.0, 1.0, 1.0, 3.0, 4.0, 1.0, 1.0, 1.0], [5.0, 1.0, 5.0, 4.0, 2.0, 2.0, 2.0, 2.0, 2.0, 1.0, 1.0, 2.0, 5.0, 3.0, 2.0, 1.0, 2.0, 4.0, 1.0, 3.0, 1.0, 1.0, 1.0, 4.0, 2.0, 1.0, 1.0, 4.0, 1.0, 2.0, 1.0, 2.0, 1.0, 1.0, 1.0, 3.0, 5.0, 1.0, 1.0, 1.0], [5.0, 2.0, 5.0, 2.0, 2.0, 1.0, 2.0, 2.0, 2.0, 1.0, 1.0, 2.0, 5.0, 6.0, 2.0, 1.0, 4.0, 3.0, 1.0, 3.0, 1.0, 1.0, 3.0, 4.0, 1.0, 1.0, 1.0, 4.0, 1.0, 2.0, 1.0, 2.0, 1.0, 1.0, 1.0, 1.0, 3.0, 1.0, 1.0, 1.0], [5.0, 4.0, 5.0, 4.0, 2.0, 1.0, 2.0, 2.0, 2.0, 1.0, 2.0, 2.0, 5.0, 6.0, 2.0, 2.0, 2.0, 3.0, 1.0, 1.0, 1.0, 1.0, 1.0, 4.0, 1.0, 1.0, 1.0, 4.0, 1.0, 1.0, 1.0, 2.0, 3.0, 1.0, 1.0, 3.0, 4.0, 1.0, 1.0, 1.0], [5.0, 2.0, 5.0, 4.0, 2.0, 1.0, 2.0, 2.0, 2.0, 1.0, 2.0, 2.0, 5.0, 6.0, 3.0, 2.0, 2.0, 4.0, 1.0, 2.0, 1.0, 1.0, 1.0, 4.0, 3.0, 1.0, 1.0, 6.0, 1.0, 3.0, 1.0, 1.0, 3.0, 1.0, 1.0, 1.0, 5.0, 1.0, 1.0, 1.0], [5.0, 4.0, 5.0, 4.0, 2.0, 2.0, 2.0, 2.0, 2.0, 1.0, 1.0, 2.0, 5.0, 6.0, 4.0, 2.0, 2.0, 4.0, 1.0, 1.0, 1.0, 1.0, 1.0, 4.0, 2.0, 1.0, 1.0, 6.0, 1.0, 2.0, 1.0, 1.0, 3.0, 1.0, 1.0, 3.0, 3.0, 1.0, 1.0, 1.0], [5.0, 2.0, 5.0, 4.0, 2.0, 2.0, 2.0, 2.0, 2.0, 1.0, 1.0, 1.0, 5.0, 6.0, 4.0, 2.0, 5.0, 4.0, 1.0, 2.0, 1.0, 2.0, 1.0, 4.0, 1.0, 1.0, 1.0, 4.0, 1.0, 2.0, 1.0, 2.0, 3.0, 1.0, 3.0, 3.0, 4.0, 1.0, 1.0, 2.0], [5.0, 1.0, 4.0, 2.0, 2.0, 2.0, 2.0, 2.0, 2.0, 1.0, 1.0, 2.0, 5.0, 2.0, 4.0, 1.0, 2.0, 4.0, 2.0, 1.0, 1.0, 2.0, 1.0, 4.0, 1.0, 1.0, 1.0, 5.0, 1.0, 1.0, 1.0, 1.0, 1.0, 1.0, 1.0, 3.0, 4.0, 1.0, 1.0, 1.0], [5.0, 2.0, 4.0, 4.0, 1.0, 2.0, 2.0, 2.0, 2.0, 1.0, 1.0, 2.0, 5.0, 2.0, 2.0, 2.0, 5.0, 4.0, 1.0, 1.0, 1.0, 1.0, 1.0, 4.0, 1.0, 1.0, 3.0, 5.0, 1.0, 1.0, 1.0, 1.0, 3.0, 1.0, 1.0, 1.0, 5.0, 1.0, 1.0, 1.0], [5.0, 4.0, 5.0, 4.0, 2.0, 2.0, 2.0, 2.0, 2.0, 1.0, 1.0, 2.0, 5.0, 6.0, 2.0, 1.0, 2.0, 4.0, 1.0, 1.0, 1.0, 1.0, 1.0, 4.0, 3.0, 1.0, 1.0, 4.0, 1.0, 1.0, 1.0, 1.0, 1.0, 1.0, 1.0, 3.0, 5.0, 1.0, 1.0, 2.0], [5.0, 3.0, 5.0, 4.0, 2.0, 2.0, 2.0, 2.0, 2.0, 1.0, 1.0, 2.0, 5.0, 6.0, 2.0, 2.0, 2.0, 5.0, 1.0, 2.0, 1.0, 1.0, 1.0, 4.0, 1.0, 1.0, 1.0, 6.0, 1.0, 1.0, 1.0, 1.0, 1.0, 1.0, 1.0, 3.0, 1.0, 1.0, 1.0, 1.0], [5.0, 2.0, 4.0, 4.0, 2.0, 2.0, 2.0, 2.0, 2.0, 1.0, 1.0, 2.0, 5.0, 3.0, 1.0, 2.0, 5.0, 4.0, 2.0, 3.0, 1.0, 1.0, 1.0, 4.0, 1.0, 1.0, 1.0, 3.0, 1.0, 2.0, 1.0, 1.0, 3.0, 1.0, 1.0, 3.0, 4.0, 1.0, 1.0, 1.0], [5.0, 2.0, 5.0, 4.0, 2.0, 2.0, 2.0, 2.0, 3.0, 1.0, 2.0, 2.0, 5.0, 3.0, 2.0, 1.0, 2.0, 4.0, 1.0, 3.0, 1.0, 2.0, 1.0, 4.0, 1.0, 1.0, 1.0, 5.0, 1.0, 1.0, 1.0, 1.0, 1.0, 1.0, 1.0, 3.0, 5.0, 1.0, 1.0, 1.0], [5.0, 1.0, 5.0, 4.0, 2.0, 1.0, 2.0, 2.0, 2.0, 1.0, 2.0, 2.0, 5.0, 6.0, 5.0, 2.0, 2.0, 4.0, 1.0, 2.0, 1.0, 1.0, 3.0, 4.0, 1.0, 1.0, 1.0, 4.0, 1.0, 3.0, 1.0, 2.0, 3.0, 1.0, 1.0, 3.0, 4.0, 1.0, 1.0, 2.0], [5.0, 2.0, 5.0, 4.0, 2.0, 2.0, 2.0, 2.0, 2.0, 1.0, 1.0, 2.0, 5.0, 5.0, 2.0, 2.0, 2.0, 4.0, 1.0, 2.0, 1.0, 1.0, 1.0, 4.0, 2.0, 1.0, 1.0, 4.0, 1.0, 2.0, 1.0, 2.0, 1.0, 1.0, 1.0, 3.0, 5.0, 1.0, 1.0, 1.0], [5.0, 3.0, 5.0, 4.0, 2.0, 2.0, 2.0, 2.0, 2.0, 1.0, 1.0, 2.0, 5.0, 3.0, 2.0, 1.0, 2.0, 4.0, 1.0, 1.0, 1.0, 1.0, 1.0, 4.0, 3.0, 1.0, 1.0, 4.0, 1.0, 2.0, 1.0, 2.0, 3.0, 1.0, 1.0, 3.0, 4.0, 1.0, 1.0, 1.0], [5.0, 4.0, 5.0, 4.0, 2.0, 2.0, 2.0, 2.0, 2.0, 1.0, 2.0, 2.0, 5.0, 6.0, 4.0, 1.0, 2.0, 3.0, 1.0, 1.0, 1.0, 1.0, 1.0, 1.0, 1.0, 1.0, 1.0, 6.0, 1.0, 2.0, 1.0, 2.0, 1.0, 1.0, 1.0, 3.0, 4.0, 1.0, 1.0, 1.0], [5.0, 2.0, 5.0, 4.0, 2.0, 2.0, 2.0, 2.0, 2.0, 1.0, 2.0, 2.0, 5.0, 5.0, 4.0, 1.0, 4.0, 4.0, 1.0, 3.0, 1.0, 2.0, 1.0, 4.0, 2.0, 1.0, 1.0, 4.0, 1.0, 1.0, 2.0, 1.0, 1.0, 1.0, 1.0, 3.0, 4.0, 1.0, 1.0, 2.0]]

first layer check: Conv2d(9, 64, kernel_size=(7, 7), stride=(2, 2), padding=(3, 3), bias=False)

for model 4: mode acc: 0.4000000059604645, run mean acc: 0.49125000834465027, top-2 acc:0.6804165840148926, mode f1: 0.4000000059604645

model 4 mode preds
[2.0, 3.0, 2.0, 3.0, 2.0, 3.0, 2.0, 3.0, 2.0, 1.0, 2.0, 2.0, 2.0, 5.0, 1.0, 1.0, 3.0, 5.0, 1.0, 3.0, 1.0, 1.0, 3.0, 3.0, 1.0, 1.0, 2.0, 5.0, 1.0, 3.0, 1.0, 3.0, 1.0, 1.0, 1.0, 3.0, 5.0, 1.0, 1.0, 1.0]

model 4 all preds
[[2.0, 3.0, 3.0, 1.0, 2.0, 2.0, 2.0, 3.0, 2.0, 1.0, 2.0, 2.0, 2.0, 5.0, 2.0, 1.0, 5.0, 5.0, 3.0, 3.0, 1.0, 1.0, 3.0, 3.0, 1.0, 1.0, 1.0, 5.0, 1.0, 3.0, 1.0, 3.0, 1.0, 1.0, 1.0, 3.0, 3.0, 1.0, 1.0, 1.0], [2.0, 3.0, 2.0, 3.0, 2.0, 2.0, 1.0, 2.0, 2.0, 1.0, 2.0, 2.0, 2.0, 5.0, 2.0, 1.0, 5.0, 5.0, 1.0, 3.0, 1.0, 1.0, 1.0, 2.0, 3.0, 1.0, 2.0, 5.0, 1.0, 3.0, 2.0, 2.0, 1.0, 1.0, 1.0, 3.0, 5.0, 1.0, 1.0, 1.0], [2.0, 3.0, 2.0, 1.0, 2.0, 5.0, 2.0, 3.0, 2.0, 1.0, 2.0, 2.0, 2.0, 5.0, 2.0, 1.0, 5.0, 3.0, 1.0, 3.0, 1.0, 1.0, 3.0, 3.0, 1.0, 1.0, 2.0, 5.0, 1.0, 3.0, 2.0, 3.0, 1.0, 1.0, 1.0, 3.0, 5.0, 1.0, 1.0, 1.0], [2.0, 3.0, 5.0, 3.0, 1.0, 3.0, 2.0, 3.0, 2.0, 1.0, 2.0, 2.0, 2.0, 5.0, 2.0, 1.0, 5.0, 3.0, 1.0, 3.0, 1.0, 1.0, 3.0, 3.0, 3.0, 1.0, 1.0, 5.0, 1.0, 3.0, 1.0, 2.0, 3.0, 1.0, 1.0, 3.0, 3.0, 1.0, 1.0, 1.0], [2.0, 3.0, 1.0, 1.0, 2.0, 3.0, 2.0, 2.0, 2.0, 1.0, 2.0, 3.0, 2.0, 5.0, 2.0, 1.0, 5.0, 5.0, 1.0, 3.0, 1.0, 1.0, 1.0, 2.0, 2.0, 1.0, 2.0, 5.0, 1.0, 3.0, 1.0, 2.0, 1.0, 1.0, 1.0, 3.0, 3.0, 1.0, 1.0, 1.0], [2.0, 1.0, 1.0, 2.0, 1.0, 1.0, 2.0, 3.0, 2.0, 1.0, 2.0, 1.0, 2.0, 5.0, 1.0, 1.0, 3.0, 5.0, 3.0, 3.0, 1.0, 1.0, 3.0, 3.0, 2.0, 1.0, 2.0, 5.0, 1.0, 1.0, 1.0, 3.0, 1.0, 1.0, 1.0, 3.0, 3.0, 1.0, 1.0, 1.0], [2.0, 3.0, 2.0, 3.0, 2.0, 3.0, 2.0, 3.0, 2.0, 1.0, 2.0, 2.0, 2.0, 5.0, 1.0, 1.0, 5.0, 5.0, 1.0, 2.0, 1.0, 1.0, 2.0, 2.0, 3.0, 1.0, 2.0, 5.0, 1.0, 3.0, 1.0, 2.0, 1.0, 1.0, 1.0, 3.0, 5.0, 1.0, 1.0, 1.0], [2.0, 1.0, 1.0, 1.0, 1.0, 3.0, 2.0, 3.0, 2.0, 1.0, 2.0, 2.0, 2.0, 5.0, 2.0, 1.0, 5.0, 5.0, 2.0, 3.0, 1.0, 1.0, 3.0, 3.0, 2.0, 1.0, 2.0, 5.0, 1.0, 3.0, 2.0, 3.0, 1.0, 1.0, 1.0, 3.0, 5.0, 1.0, 1.0, 1.0], [2.0, 1.0, 2.0, 3.0, 1.0, 3.0, 2.0, 3.0, 2.0, 1.0, 2.0, 2.0, 2.0, 3.0, 2.0, 1.0, 5.0, 5.0, 2.0, 3.0, 1.0, 1.0, 3.0, 2.0, 1.0, 1.0, 1.0, 5.0, 1.0, 3.0, 1.0, 2.0, 1.0, 1.0, 1.0, 3.0, 3.0, 1.0, 1.0, 1.0], [2.0, 3.0, 5.0, 3.0, 2.0, 3.0, 2.0, 3.0, 2.0, 1.0, 2.0, 2.0, 2.0, 2.0, 2.0, 1.0, 5.0, 5.0, 3.0, 3.0, 1.0, 1.0, 3.0, 3.0, 1.0, 1.0, 2.0, 3.0, 1.0, 3.0, 2.0, 2.0, 1.0, 1.0, 1.0, 3.0, 5.0, 1.0, 1.0, 1.0], [2.0, 3.0, 5.0, 2.0, 1.0, 1.0, 1.0, 3.0, 2.0, 1.0, 2.0, 1.0, 2.0, 5.0, 2.0, 1.0, 3.0, 5.0, 3.0, 3.0, 1.0, 1.0, 1.0, 3.0, 3.0, 1.0, 2.0, 5.0, 1.0, 3.0, 2.0, 3.0, 1.0, 1.0, 1.0, 3.0, 3.0, 1.0, 1.0, 1.0], [2.0, 3.0, 2.0, 1.0, 1.0, 3.0, 2.0, 3.0, 2.0, 1.0, 2.0, 2.0, 2.0, 5.0, 3.0, 1.0, 3.0, 5.0, 1.0, 2.0, 1.0, 1.0, 1.0, 2.0, 1.0, 1.0, 2.0, 2.0, 1.0, 3.0, 1.0, 2.0, 1.0, 1.0, 1.0, 3.0, 5.0, 1.0, 1.0, 2.0], [2.0, 3.0, 2.0, 1.0, 2.0, 3.0, 2.0, 3.0, 2.0, 1.0, 2.0, 2.0, 2.0, 3.0, 1.0, 1.0, 2.0, 5.0, 3.0, 3.0, 1.0, 1.0, 3.0, 3.0, 2.0, 1.0, 1.0, 3.0, 1.0, 1.0, 1.0, 2.0, 1.0, 1.0, 1.0, 3.0, 5.0, 1.0, 1.0, 1.0], [2.0, 3.0, 2.0, 1.0, 3.0, 5.0, 2.0, 3.0, 2.0, 1.0, 2.0, 2.0, 2.0, 3.0, 1.0, 1.0, 5.0, 3.0, 1.0, 3.0, 1.0, 1.0, 1.0, 3.0, 1.0, 1.0, 2.0, 5.0, 1.0, 3.0, 1.0, 3.0, 1.0, 1.0, 1.0, 3.0, 5.0, 1.0, 1.0, 1.0], [2.0, 3.0, 2.0, 3.0, 1.0, 2.0, 2.0, 3.0, 2.0, 1.0, 2.0, 2.0, 2.0, 2.0, 1.0, 1.0, 3.0, 3.0, 3.0, 3.0, 1.0, 1.0, 1.0, 2.0, 1.0, 1.0, 1.0, 5.0, 1.0, 3.0, 1.0, 3.0, 1.0, 1.0, 1.0, 3.0, 5.0, 1.0, 1.0, 1.0], [2.0, 3.0, 5.0, 3.0, 2.0, 5.0, 2.0, 3.0, 2.0, 1.0, 1.0, 1.0, 2.0, 2.0, 1.0, 1.0, 3.0, 5.0, 1.0, 3.0, 1.0, 1.0, 3.0, 3.0, 1.0, 1.0, 2.0, 5.0, 1.0, 1.0, 1.0, 3.0, 1.0, 1.0, 1.0, 2.0, 5.0, 1.0, 1.0, 1.0], [2.0, 3.0, 2.0, 3.0, 3.0, 2.0, 2.0, 3.0, 2.0, 1.0, 2.0, 1.0, 2.0, 5.0, 3.0, 1.0, 5.0, 5.0, 2.0, 3.0, 1.0, 1.0, 3.0, 5.0, 1.0, 1.0, 2.0, 5.0, 1.0, 3.0, 1.0, 2.0, 1.0, 1.0, 1.0, 3.0, 5.0, 1.0, 1.0, 1.0], [2.0, 3.0, 5.0, 3.0, 2.0, 3.0, 2.0, 3.0, 2.0, 1.0, 2.0, 1.0, 2.0, 2.0, 2.0, 1.0, 2.0, 3.0, 1.0, 3.0, 1.0, 1.0, 3.0, 2.0, 1.0, 1.0, 2.0, 5.0, 1.0, 3.0, 1.0, 3.0, 1.0, 1.0, 1.0, 3.0, 5.0, 1.0, 1.0, 2.0], [2.0, 3.0, 1.0, 3.0, 2.0, 1.0, 1.0, 3.0, 2.0, 1.0, 2.0, 2.0, 2.0, 5.0, 1.0, 1.0, 3.0, 3.0, 3.0, 3.0, 1.0, 1.0, 3.0, 3.0, 1.0, 1.0, 2.0, 3.0, 1.0, 3.0, 1.0, 2.0, 1.0, 1.0, 1.0, 3.0, 5.0, 1.0, 1.0, 1.0], [2.0, 3.0, 1.0, 3.0, 2.0, 3.0, 2.0, 3.0, 2.0, 1.0, 2.0, 2.0, 2.0, 5.0, 1.0, 1.0, 5.0, 3.0, 3.0, 3.0, 1.0, 1.0, 1.0, 3.0, 1.0, 1.0, 1.0, 5.0, 1.0, 3.0, 1.0, 2.0, 1.0, 1.0, 1.0, 3.0, 5.0, 1.0, 1.0, 1.0], [2.0, 1.0, 2.0, 1.0, 1.0, 5.0, 2.0, 3.0, 2.0, 1.0, 2.0, 2.0, 2.0, 5.0, 3.0, 1.0, 5.0, 5.0, 3.0, 3.0, 1.0, 1.0, 3.0, 3.0, 2.0, 1.0, 1.0, 3.0, 1.0, 1.0, 1.0, 2.0, 1.0, 1.0, 1.0, 3.0, 5.0, 1.0, 1.0, 1.0], [2.0, 3.0, 2.0, 3.0, 1.0, 3.0, 2.0, 3.0, 2.0, 1.0, 2.0, 2.0, 2.0, 5.0, 1.0, 1.0, 5.0, 5.0, 3.0, 3.0, 1.0, 1.0, 3.0, 3.0, 1.0, 1.0, 1.0, 5.0, 1.0, 3.0, 2.0, 3.0, 1.0, 1.0, 1.0, 3.0, 5.0, 1.0, 1.0, 1.0], [2.0, 1.0, 2.0, 3.0, 2.0, 3.0, 2.0, 3.0, 2.0, 1.0, 2.0, 1.0, 2.0, 5.0, 1.0, 1.0, 3.0, 3.0, 1.0, 3.0, 1.0, 1.0, 1.0, 2.0, 1.0, 1.0, 1.0, 3.0, 1.0, 2.0, 2.0, 3.0, 1.0, 1.0, 1.0, 3.0, 5.0, 1.0, 1.0, 1.0], [2.0, 3.0, 2.0, 3.0, 2.0, 1.0, 2.0, 3.0, 2.0, 1.0, 2.0, 1.0, 2.0, 5.0, 2.0, 1.0, 5.0, 5.0, 3.0, 3.0, 1.0, 1.0, 1.0, 3.0, 2.0, 1.0, 1.0, 5.0, 1.0, 1.0, 1.0, 3.0, 1.0, 1.0, 1.0, 3.0, 5.0, 1.0, 1.0, 1.0], [2.0, 3.0, 2.0, 1.0, 1.0, 5.0, 2.0, 3.0, 2.0, 1.0, 2.0, 2.0, 2.0, 5.0, 2.0, 1.0, 3.0, 3.0, 3.0, 3.0, 1.0, 1.0, 1.0, 3.0, 3.0, 1.0, 1.0, 5.0, 1.0, 1.0, 2.0, 2.0, 1.0, 1.0, 1.0, 3.0, 3.0, 1.0, 1.0, 2.0], [2.0, 3.0, 1.0, 3.0, 2.0, 3.0, 2.0, 3.0, 2.0, 1.0, 2.0, 2.0, 2.0, 3.0, 2.0, 1.0, 5.0, 3.0, 3.0, 3.0, 1.0, 1.0, 2.0, 3.0, 1.0, 1.0, 2.0, 5.0, 1.0, 1.0, 1.0, 3.0, 1.0, 1.0, 1.0, 3.0, 5.0, 1.0, 1.0, 1.0], [2.0, 3.0, 2.0, 3.0, 3.0, 2.0, 2.0, 3.0, 2.0, 1.0, 2.0, 2.0, 2.0, 5.0, 1.0, 1.0, 3.0, 5.0, 2.0, 3.0, 1.0, 1.0, 3.0, 3.0, 1.0, 1.0, 2.0, 5.0, 1.0, 3.0, 1.0, 2.0, 1.0, 1.0, 1.0, 3.0, 5.0, 1.0, 1.0, 1.0], [2.0, 3.0, 2.0, 3.0, 3.0, 3.0, 2.0, 3.0, 2.0, 1.0, 2.0, 2.0, 2.0, 5.0, 1.0, 1.0, 5.0, 5.0, 1.0, 3.0, 1.0, 1.0, 1.0, 2.0, 1.0, 1.0, 1.0, 5.0, 1.0, 2.0, 1.0, 3.0, 1.0, 1.0, 1.0, 3.0, 5.0, 1.0, 1.0, 1.0], [2.0, 1.0, 2.0, 3.0, 2.0, 3.0, 2.0, 3.0, 2.0, 1.0, 2.0, 2.0, 2.0, 3.0, 1.0, 1.0, 5.0, 3.0, 1.0, 3.0, 1.0, 1.0, 3.0, 5.0, 1.0, 1.0, 1.0, 5.0, 1.0, 3.0, 1.0, 2.0, 1.0, 1.0, 1.0, 3.0, 5.0, 1.0, 1.0, 1.0], [2.0, 3.0, 5.0, 3.0, 2.0, 2.0, 2.0, 3.0, 2.0, 1.0, 2.0, 2.0, 2.0, 5.0, 1.0, 1.0, 3.0, 5.0, 1.0, 3.0, 1.0, 1.0, 2.0, 3.0, 3.0, 1.0, 2.0, 3.0, 1.0, 3.0, 1.0, 3.0, 1.0, 1.0, 1.0, 3.0, 5.0, 1.0, 1.0, 1.0], [2.0, 3.0, 5.0, 3.0, 1.0, 3.0, 2.0, 3.0, 2.0, 1.0, 2.0, 2.0, 2.0, 5.0, 1.0, 1.0, 5.0, 5.0, 2.0, 3.0, 1.0, 1.0, 3.0, 2.0, 3.0, 1.0, 2.0, 3.0, 1.0, 3.0, 1.0, 2.0, 1.0, 1.0, 1.0, 3.0, 5.0, 1.0, 1.0, 1.0], [2.0, 1.0, 1.0, 0.0, 2.0, 1.0, 2.0, 2.0, 2.0, 1.0, 2.0, 2.0, 2.0, 5.0, 1.0, 1.0, 3.0, 5.0, 1.0, 3.0, 1.0, 1.0, 3.0, 3.0, 1.0, 1.0, 1.0, 5.0, 1.0, 3.0, 1.0, 2.0, 1.0, 1.0, 1.0, 3.0, 5.0, 1.0, 1.0, 1.0], [2.0, 3.0, 1.0, 3.0, 2.0, 3.0, 2.0, 3.0, 2.0, 1.0, 2.0, 2.0, 2.0, 5.0, 1.0, 1.0, 3.0, 3.0, 1.0, 3.0, 1.0, 1.0, 1.0, 2.0, 1.0, 1.0, 2.0, 3.0, 1.0, 3.0, 2.0, 3.0, 1.0, 1.0, 1.0, 3.0, 3.0, 1.0, 1.0, 1.0], [2.0, 3.0, 1.0, 3.0, 2.0, 1.0, 2.0, 3.0, 2.0, 1.0, 2.0, 1.0, 2.0, 5.0, 1.0, 1.0, 2.0, 5.0, 3.0, 3.0, 1.0, 1.0, 3.0, 2.0, 2.0, 1.0, 2.0, 5.0, 1.0, 3.0, 1.0, 3.0, 1.0, 1.0, 1.0, 3.0, 5.0, 1.0, 1.0, 2.0], [2.0, 3.0, 2.0, 3.0, 2.0, 5.0, 2.0, 1.0, 2.0, 1.0, 2.0, 1.0, 2.0, 2.0, 2.0, 1.0, 5.0, 5.0, 1.0, 3.0, 1.0, 1.0, 1.0, 3.0, 2.0, 1.0, 2.0, 3.0, 1.0, 3.0, 1.0, 2.0, 3.0, 1.0, 1.0, 2.0, 5.0, 1.0, 1.0, 1.0], [2.0, 3.0, 2.0, 3.0, 3.0, 2.0, 2.0, 3.0, 2.0, 1.0, 2.0, 2.0, 2.0, 3.0, 1.0, 1.0, 2.0, 5.0, 2.0, 3.0, 1.0, 1.0, 3.0, 3.0, 1.0, 1.0, 2.0, 5.0, 1.0, 3.0, 1.0, 3.0, 1.0, 1.0, 1.0, 3.0, 5.0, 1.0, 1.0, 1.0], [2.0, 1.0, 2.0, 1.0, 1.0, 3.0, 2.0, 3.0, 2.0, 1.0, 2.0, 2.0, 2.0, 5.0, 1.0, 1.0, 5.0, 5.0, 2.0, 3.0, 1.0, 3.0, 3.0, 3.0, 3.0, 1.0, 2.0, 5.0, 1.0, 3.0, 1.0, 3.0, 1.0, 1.0, 1.0, 3.0, 5.0, 1.0, 1.0, 1.0], [2.0, 1.0, 2.0, 3.0, 1.0, 3.0, 2.0, 3.0, 2.0, 1.0, 2.0, 2.0, 2.0, 5.0, 1.0, 1.0, 3.0, 3.0, 2.0, 3.0, 1.0, 1.0, 3.0, 2.0, 1.0, 1.0, 2.0, 3.0, 1.0, 2.0, 2.0, 3.0, 1.0, 1.0, 1.0, 3.0, 3.0, 1.0, 1.0, 1.0], [2.0, 3.0, 2.0, 3.0, 2.0, 3.0, 2.0, 3.0, 2.0, 1.0, 2.0, 1.0, 2.0, 2.0, 1.0, 1.0, 2.0, 4.0, 1.0, 3.0, 1.0, 1.0, 3.0, 3.0, 2.0, 1.0, 2.0, 3.0, 1.0, 3.0, 1.0, 3.0, 1.0, 1.0, 1.0, 2.0, 5.0, 1.0, 1.0, 2.0], [2.0, 1.0, 2.0, 3.0, 3.0, 2.0, 2.0, 3.0, 2.0, 1.0, 2.0, 2.0, 2.0, 5.0, 1.0, 1.0, 2.0, 5.0, 1.0, 3.0, 1.0, 1.0, 3.0, 3.0, 3.0, 1.0, 1.0, 3.0, 1.0, 2.0, 2.0, 3.0, 1.0, 1.0, 1.0, 3.0, 5.0, 1.0, 1.0, 1.0], [2.0, 0.0, 2.0, 1.0, 1.0, 3.0, 2.0, 3.0, 2.0, 1.0, 2.0, 2.0, 2.0, 3.0, 2.0, 1.0, 3.0, 3.0, 3.0, 3.0, 1.0, 1.0, 1.0, 3.0, 1.0, 1.0, 1.0, 5.0, 1.0, 3.0, 1.0, 2.0, 1.0, 1.0, 1.0, 3.0, 5.0, 1.0, 1.0, 1.0], [2.0, 3.0, 1.0, 3.0, 1.0, 1.0, 2.0, 3.0, 2.0, 1.0, 2.0, 2.0, 2.0, 5.0, 2.0, 1.0, 3.0, 3.0, 3.0, 3.0, 1.0, 1.0, 3.0, 3.0, 2.0, 1.0, 2.0, 5.0, 1.0, 2.0, 1.0, 2.0, 1.0, 1.0, 1.0, 3.0, 5.0, 1.0, 1.0, 1.0], [2.0, 1.0, 2.0, 3.0, 2.0, 3.0, 2.0, 3.0, 2.0, 1.0, 2.0, 2.0, 2.0, 5.0, 3.0, 1.0, 3.0, 5.0, 2.0, 3.0, 1.0, 1.0, 3.0, 1.0, 3.0, 1.0, 2.0, 3.0, 1.0, 3.0, 1.0, 3.0, 1.0, 1.0, 1.0, 3.0, 5.0, 1.0, 1.0, 1.0], [2.0, 3.0, 5.0, 3.0, 2.0, 1.0, 2.0, 1.0, 2.0, 1.0, 1.0, 2.0, 2.0, 5.0, 3.0, 1.0, 3.0, 5.0, 1.0, 3.0, 1.0, 1.0, 1.0, 3.0, 1.0, 1.0, 2.0, 3.0, 1.0, 3.0, 1.0, 3.0, 1.0, 1.0, 1.0, 3.0, 5.0, 1.0, 1.0, 1.0], [2.0, 3.0, 2.0, 3.0, 2.0, 2.0, 2.0, 3.0, 2.0, 1.0, 2.0, 2.0, 2.0, 2.0, 3.0, 1.0, 3.0, 5.0, 1.0, 3.0, 1.0, 1.0, 3.0, 2.0, 1.0, 1.0, 2.0, 3.0, 1.0, 3.0, 1.0, 3.0, 1.0, 1.0, 1.0, 3.0, 5.0, 1.0, 1.0, 2.0], [2.0, 3.0, 1.0, 1.0, 1.0, 5.0, 2.0, 3.0, 2.0, 1.0, 2.0, 2.0, 2.0, 5.0, 2.0, 1.0, 3.0, 4.0, 3.0, 3.0, 1.0, 1.0, 3.0, 3.0, 1.0, 1.0, 2.0, 5.0, 1.0, 3.0, 2.0, 3.0, 1.0, 1.0, 1.0, 3.0, 3.0, 1.0, 1.0, 1.0], [2.0, 3.0, 2.0, 2.0, 3.0, 3.0, 2.0, 3.0, 2.0, 1.0, 2.0, 2.0, 2.0, 2.0, 1.0, 1.0, 3.0, 3.0, 3.0, 3.0, 1.0, 1.0, 3.0, 3.0, 3.0, 1.0, 1.0, 5.0, 1.0, 3.0, 1.0, 2.0, 1.0, 1.0, 1.0, 3.0, 5.0, 1.0, 1.0, 1.0], [2.0, 3.0, 5.0, 3.0, 2.0, 2.0, 2.0, 3.0, 2.0, 1.0, 2.0, 2.0, 2.0, 5.0, 2.0, 1.0, 3.0, 3.0, 3.0, 3.0, 1.0, 1.0, 3.0, 2.0, 3.0, 1.0, 1.0, 3.0, 1.0, 3.0, 2.0, 3.0, 1.0, 1.0, 1.0, 3.0, 5.0, 1.0, 1.0, 1.0], [2.0, 3.0, 2.0, 3.0, 1.0, 2.0, 2.0, 3.0, 2.0, 1.0, 2.0, 2.0, 2.0, 3.0, 2.0, 1.0, 5.0, 5.0, 1.0, 3.0, 1.0, 1.0, 3.0, 3.0, 2.0, 1.0, 2.0, 3.0, 1.0, 3.0, 2.0, 2.0, 1.0, 1.0, 1.0, 3.0, 5.0, 1.0, 2.0, 1.0], [2.0, 3.0, 2.0, 3.0, 2.0, 1.0, 2.0, 3.0, 2.0, 1.0, 2.0, 1.0, 2.0, 5.0, 2.0, 1.0, 3.0, 3.0, 3.0, 3.0, 1.0, 1.0, 3.0, 2.0, 2.0, 1.0, 2.0, 3.0, 1.0, 3.0, 1.0, 3.0, 1.0, 1.0, 1.0, 3.0, 5.0, 1.0, 1.0, 1.0]]

