first layer check: Conv2d(9, 64, kernel_size=(7, 7), stride=(2, 2), padding=(3, 3), bias=False)

target ys
[2.0, 4.0, 4.0, 0.0, 2.0, 0.0, 2.0, 4.0, 2.0, 1.0, 4.0, 5.0, 2.0, 5.0, 3.0, 5.0, 3.0, 2.0, 4.0, 4.0, 1.0, 5.0, 3.0, 5.0, 4.0, 1.0, 1.0, 2.0, 1.0, 4.0, 1.0, 1.0, 2.0, 5.0, 1.0, 4.0, 1.0, 3.0, 3.0, 3.0, 2.0, 4.0]

for model 0: mode acc: 0.3333333432674408, run mean acc: 0.3633333444595337, top-2 acc:0.6324999928474426, mode f1: 0.3333333432674408

model 0 mode preds
[1.0, 3.0, 3.0, 3.0, 3.0, 1.0, 3.0, 3.0, 1.0, 3.0, 3.0, 3.0, 1.0, 3.0, 3.0, 3.0, 3.0, 1.0, 3.0, 3.0, 1.0, 3.0, 3.0, 3.0, 3.0, 1.0, 1.0, 3.0, 1.0, 3.0, 1.0, 1.0, 1.0, 3.0, 1.0, 3.0, 1.0, 3.0, 3.0, 3.0, 3.0, 3.0]

model 0 all preds
[[1.0, 3.0, 3.0, 3.0, 3.0, 1.0, 3.0, 3.0, 1.0, 1.0, 1.0, 2.0, 1.0, 3.0, 3.0, 3.0, 3.0, 1.0, 1.0, 3.0, 1.0, 3.0, 3.0, 3.0, 3.0, 1.0, 1.0, 2.0, 1.0, 3.0, 1.0, 1.0, 1.0, 3.0, 1.0, 3.0, 1.0, 3.0, 3.0, 3.0, 3.0, 3.0], [1.0, 3.0, 3.0, 1.0, 3.0, 1.0, 3.0, 3.0, 1.0, 3.0, 3.0, 3.0, 1.0, 3.0, 1.0, 3.0, 4.0, 3.0, 3.0, 1.0, 1.0, 3.0, 4.0, 3.0, 3.0, 1.0, 1.0, 3.0, 1.0, 5.0, 1.0, 1.0, 3.0, 3.0, 1.0, 3.0, 1.0, 3.0, 3.0, 3.0, 3.0, 1.0], [1.0, 6.0, 6.0, 2.0, 3.0, 3.0, 3.0, 3.0, 1.0, 3.0, 3.0, 3.0, 1.0, 3.0, 3.0, 3.0, 4.0, 1.0, 1.0, 3.0, 1.0, 3.0, 3.0, 3.0, 3.0, 1.0, 1.0, 3.0, 1.0, 3.0, 1.0, 1.0, 3.0, 3.0, 1.0, 2.0, 1.0, 3.0, 3.0, 3.0, 3.0, 3.0], [1.0, 3.0, 3.0, 3.0, 3.0, 1.0, 3.0, 3.0, 1.0, 1.0, 3.0, 3.0, 1.0, 3.0, 3.0, 3.0, 4.0, 1.0, 3.0, 3.0, 1.0, 3.0, 3.0, 3.0, 3.0, 1.0, 1.0, 3.0, 1.0, 3.0, 1.0, 1.0, 1.0, 4.0, 1.0, 3.0, 1.0, 3.0, 3.0, 3.0, 3.0, 3.0], [1.0, 3.0, 3.0, 2.0, 3.0, 1.0, 3.0, 3.0, 1.0, 3.0, 3.0, 3.0, 1.0, 3.0, 3.0, 3.0, 3.0, 1.0, 3.0, 3.0, 1.0, 3.0, 3.0, 6.0, 3.0, 1.0, 1.0, 1.0, 1.0, 3.0, 1.0, 3.0, 3.0, 3.0, 1.0, 1.0, 1.0, 3.0, 3.0, 3.0, 3.0, 3.0], [1.0, 3.0, 3.0, 2.0, 3.0, 1.0, 3.0, 3.0, 1.0, 1.0, 1.0, 3.0, 1.0, 3.0, 3.0, 3.0, 3.0, 1.0, 1.0, 6.0, 1.0, 6.0, 3.0, 3.0, 3.0, 1.0, 1.0, 3.0, 1.0, 3.0, 1.0, 1.0, 3.0, 3.0, 1.0, 3.0, 1.0, 3.0, 3.0, 3.0, 3.0, 3.0], [1.0, 6.0, 3.0, 3.0, 3.0, 1.0, 3.0, 3.0, 1.0, 3.0, 1.0, 3.0, 1.0, 3.0, 3.0, 3.0, 3.0, 1.0, 3.0, 6.0, 1.0, 3.0, 3.0, 3.0, 3.0, 1.0, 1.0, 1.0, 1.0, 3.0, 1.0, 1.0, 3.0, 3.0, 1.0, 3.0, 1.0, 3.0, 3.0, 3.0, 3.0, 3.0], [1.0, 6.0, 6.0, 2.0, 3.0, 3.0, 3.0, 3.0, 1.0, 3.0, 3.0, 4.0, 1.0, 3.0, 3.0, 3.0, 3.0, 1.0, 3.0, 3.0, 1.0, 3.0, 6.0, 3.0, 3.0, 1.0, 1.0, 2.0, 1.0, 5.0, 1.0, 2.0, 1.0, 3.0, 1.0, 3.0, 1.0, 3.0, 1.0, 3.0, 3.0, 3.0], [1.0, 6.0, 3.0, 1.0, 3.0, 1.0, 3.0, 3.0, 1.0, 3.0, 1.0, 3.0, 1.0, 3.0, 2.0, 3.0, 3.0, 1.0, 3.0, 3.0, 1.0, 6.0, 3.0, 3.0, 6.0, 1.0, 1.0, 1.0, 1.0, 3.0, 1.0, 1.0, 1.0, 3.0, 1.0, 3.0, 1.0, 3.0, 3.0, 3.0, 3.0, 3.0], [1.0, 6.0, 3.0, 1.0, 3.0, 1.0, 3.0, 6.0, 1.0, 1.0, 3.0, 3.0, 1.0, 3.0, 3.0, 3.0, 3.0, 1.0, 3.0, 3.0, 1.0, 3.0, 3.0, 3.0, 3.0, 1.0, 1.0, 1.0, 1.0, 5.0, 1.0, 1.0, 2.0, 3.0, 1.0, 3.0, 1.0, 1.0, 3.0, 3.0, 3.0, 3.0], [1.0, 3.0, 3.0, 3.0, 3.0, 1.0, 3.0, 4.0, 1.0, 1.0, 1.0, 5.0, 1.0, 3.0, 3.0, 3.0, 3.0, 1.0, 1.0, 3.0, 1.0, 3.0, 3.0, 3.0, 3.0, 1.0, 1.0, 1.0, 1.0, 3.0, 1.0, 1.0, 3.0, 3.0, 1.0, 3.0, 1.0, 3.0, 3.0, 3.0, 1.0, 1.0], [1.0, 4.0, 3.0, 3.0, 3.0, 1.0, 3.0, 3.0, 1.0, 1.0, 3.0, 3.0, 1.0, 3.0, 3.0, 3.0, 3.0, 1.0, 3.0, 3.0, 1.0, 3.0, 3.0, 3.0, 3.0, 1.0, 1.0, 3.0, 1.0, 3.0, 1.0, 1.0, 1.0, 3.0, 1.0, 3.0, 1.0, 1.0, 3.0, 3.0, 3.0, 3.0], [1.0, 3.0, 1.0, 2.0, 3.0, 1.0, 3.0, 3.0, 1.0, 3.0, 1.0, 3.0, 1.0, 3.0, 3.0, 3.0, 3.0, 3.0, 3.0, 3.0, 1.0, 3.0, 3.0, 6.0, 3.0, 1.0, 1.0, 3.0, 1.0, 3.0, 1.0, 1.0, 1.0, 3.0, 1.0, 1.0, 1.0, 3.0, 3.0, 3.0, 3.0, 3.0], [1.0, 3.0, 3.0, 3.0, 3.0, 1.0, 3.0, 3.0, 1.0, 3.0, 1.0, 3.0, 1.0, 3.0, 3.0, 3.0, 3.0, 1.0, 3.0, 1.0, 1.0, 3.0, 3.0, 3.0, 3.0, 1.0, 1.0, 3.0, 1.0, 3.0, 1.0, 1.0, 3.0, 3.0, 1.0, 1.0, 1.0, 3.0, 3.0, 2.0, 3.0, 3.0], [1.0, 4.0, 6.0, 1.0, 3.0, 3.0, 3.0, 3.0, 1.0, 1.0, 3.0, 3.0, 1.0, 1.0, 3.0, 3.0, 3.0, 3.0, 1.0, 2.0, 1.0, 3.0, 3.0, 3.0, 3.0, 1.0, 1.0, 1.0, 1.0, 5.0, 1.0, 1.0, 3.0, 3.0, 1.0, 3.0, 1.0, 3.0, 3.0, 3.0, 3.0, 3.0], [1.0, 3.0, 6.0, 2.0, 3.0, 1.0, 3.0, 3.0, 1.0, 3.0, 1.0, 3.0, 1.0, 3.0, 3.0, 3.0, 3.0, 3.0, 3.0, 3.0, 1.0, 3.0, 3.0, 6.0, 3.0, 1.0, 1.0, 3.0, 1.0, 5.0, 1.0, 1.0, 1.0, 3.0, 1.0, 3.0, 1.0, 3.0, 3.0, 3.0, 3.0, 3.0], [1.0, 6.0, 3.0, 3.0, 3.0, 1.0, 3.0, 3.0, 1.0, 3.0, 3.0, 3.0, 1.0, 3.0, 3.0, 3.0, 3.0, 1.0, 3.0, 3.0, 1.0, 3.0, 3.0, 3.0, 3.0, 1.0, 1.0, 3.0, 1.0, 3.0, 1.0, 2.0, 3.0, 3.0, 1.0, 3.0, 1.0, 3.0, 3.0, 3.0, 3.0, 1.0], [1.0, 4.0, 6.0, 1.0, 3.0, 1.0, 3.0, 3.0, 1.0, 1.0, 1.0, 3.0, 1.0, 3.0, 3.0, 3.0, 3.0, 1.0, 3.0, 3.0, 1.0, 3.0, 3.0, 3.0, 3.0, 1.0, 1.0, 2.0, 1.0, 3.0, 1.0, 1.0, 3.0, 3.0, 1.0, 3.0, 1.0, 3.0, 3.0, 3.0, 3.0, 3.0], [1.0, 6.0, 3.0, 3.0, 3.0, 1.0, 3.0, 3.0, 1.0, 3.0, 3.0, 3.0, 1.0, 3.0, 3.0, 3.0, 3.0, 1.0, 3.0, 3.0, 1.0, 3.0, 3.0, 3.0, 3.0, 1.0, 1.0, 1.0, 1.0, 3.0, 1.0, 1.0, 1.0, 3.0, 1.0, 1.0, 1.0, 3.0, 3.0, 3.0, 3.0, 3.0], [1.0, 1.0, 4.0, 3.0, 3.0, 1.0, 3.0, 3.0, 1.0, 1.0, 3.0, 3.0, 1.0, 3.0, 3.0, 3.0, 3.0, 1.0, 1.0, 3.0, 1.0, 3.0, 3.0, 3.0, 3.0, 1.0, 1.0, 3.0, 1.0, 3.0, 1.0, 1.0, 1.0, 3.0, 1.0, 3.0, 1.0, 3.0, 3.0, 2.0, 3.0, 3.0], [1.0, 3.0, 1.0, 2.0, 3.0, 1.0, 3.0, 3.0, 1.0, 3.0, 3.0, 3.0, 1.0, 3.0, 3.0, 3.0, 4.0, 1.0, 3.0, 3.0, 1.0, 3.0, 3.0, 3.0, 3.0, 1.0, 1.0, 3.0, 1.0, 3.0, 1.0, 2.0, 1.0, 6.0, 1.0, 3.0, 1.0, 3.0, 3.0, 3.0, 3.0, 3.0], [1.0, 6.0, 1.0, 3.0, 3.0, 3.0, 3.0, 3.0, 1.0, 1.0, 3.0, 3.0, 1.0, 3.0, 3.0, 3.0, 4.0, 1.0, 3.0, 3.0, 1.0, 3.0, 3.0, 3.0, 3.0, 1.0, 1.0, 3.0, 1.0, 3.0, 1.0, 1.0, 1.0, 3.0, 1.0, 1.0, 1.0, 3.0, 3.0, 3.0, 3.0, 3.0], [1.0, 4.0, 3.0, 3.0, 3.0, 2.0, 3.0, 3.0, 1.0, 3.0, 3.0, 3.0, 1.0, 3.0, 3.0, 3.0, 4.0, 1.0, 2.0, 3.0, 1.0, 3.0, 3.0, 3.0, 3.0, 1.0, 1.0, 2.0, 1.0, 3.0, 1.0, 1.0, 1.0, 3.0, 1.0, 3.0, 1.0, 3.0, 3.0, 3.0, 3.0, 3.0], [1.0, 4.0, 3.0, 1.0, 3.0, 1.0, 3.0, 3.0, 1.0, 1.0, 1.0, 3.0, 1.0, 3.0, 2.0, 3.0, 3.0, 1.0, 1.0, 3.0, 1.0, 3.0, 6.0, 3.0, 3.0, 1.0, 1.0, 3.0, 1.0, 3.0, 1.0, 1.0, 2.0, 3.0, 1.0, 1.0, 1.0, 2.0, 3.0, 2.0, 3.0, 3.0], [1.0, 3.0, 3.0, 3.0, 3.0, 1.0, 3.0, 3.0, 1.0, 3.0, 3.0, 3.0, 1.0, 3.0, 3.0, 3.0, 3.0, 1.0, 1.0, 3.0, 1.0, 3.0, 6.0, 3.0, 3.0, 1.0, 1.0, 3.0, 1.0, 5.0, 1.0, 1.0, 3.0, 3.0, 1.0, 1.0, 1.0, 3.0, 3.0, 3.0, 3.0, 6.0], [1.0, 6.0, 6.0, 2.0, 3.0, 1.0, 3.0, 3.0, 1.0, 3.0, 1.0, 3.0, 1.0, 3.0, 3.0, 3.0, 3.0, 1.0, 3.0, 3.0, 1.0, 3.0, 6.0, 3.0, 3.0, 1.0, 1.0, 1.0, 1.0, 3.0, 1.0, 1.0, 3.0, 3.0, 1.0, 1.0, 1.0, 1.0, 3.0, 3.0, 3.0, 3.0], [1.0, 6.0, 6.0, 1.0, 3.0, 1.0, 3.0, 3.0, 1.0, 3.0, 1.0, 3.0, 1.0, 3.0, 3.0, 3.0, 3.0, 1.0, 3.0, 3.0, 1.0, 3.0, 3.0, 3.0, 3.0, 1.0, 1.0, 2.0, 1.0, 3.0, 1.0, 1.0, 1.0, 3.0, 1.0, 1.0, 1.0, 3.0, 3.0, 3.0, 3.0, 3.0], [1.0, 3.0, 3.0, 3.0, 3.0, 1.0, 3.0, 3.0, 1.0, 3.0, 3.0, 3.0, 1.0, 3.0, 3.0, 3.0, 4.0, 1.0, 1.0, 3.0, 1.0, 3.0, 4.0, 3.0, 3.0, 1.0, 1.0, 3.0, 1.0, 5.0, 1.0, 1.0, 1.0, 3.0, 1.0, 3.0, 1.0, 3.0, 3.0, 3.0, 3.0, 3.0], [1.0, 6.0, 4.0, 2.0, 3.0, 1.0, 3.0, 3.0, 1.0, 3.0, 3.0, 3.0, 1.0, 3.0, 3.0, 3.0, 3.0, 1.0, 1.0, 3.0, 1.0, 6.0, 4.0, 3.0, 3.0, 1.0, 1.0, 3.0, 1.0, 3.0, 1.0, 2.0, 1.0, 3.0, 1.0, 3.0, 1.0, 3.0, 3.0, 3.0, 3.0, 3.0], [1.0, 3.0, 3.0, 3.0, 3.0, 2.0, 1.0, 4.0, 1.0, 1.0, 3.0, 3.0, 1.0, 3.0, 3.0, 3.0, 3.0, 3.0, 3.0, 2.0, 1.0, 3.0, 6.0, 2.0, 3.0, 1.0, 1.0, 3.0, 1.0, 3.0, 1.0, 1.0, 1.0, 3.0, 1.0, 3.0, 1.0, 3.0, 3.0, 3.0, 3.0, 3.0], [1.0, 3.0, 3.0, 3.0, 3.0, 1.0, 3.0, 3.0, 1.0, 1.0, 3.0, 3.0, 1.0, 3.0, 3.0, 3.0, 3.0, 3.0, 3.0, 3.0, 1.0, 3.0, 6.0, 3.0, 3.0, 1.0, 1.0, 3.0, 1.0, 5.0, 1.0, 1.0, 1.0, 3.0, 1.0, 3.0, 1.0, 2.0, 3.0, 3.0, 3.0, 3.0], [1.0, 3.0, 3.0, 2.0, 3.0, 1.0, 3.0, 3.0, 1.0, 1.0, 3.0, 3.0, 1.0, 3.0, 3.0, 3.0, 3.0, 1.0, 3.0, 3.0, 1.0, 3.0, 6.0, 3.0, 3.0, 1.0, 1.0, 3.0, 1.0, 3.0, 1.0, 2.0, 1.0, 3.0, 1.0, 1.0, 1.0, 3.0, 3.0, 3.0, 3.0, 3.0], [1.0, 3.0, 4.0, 3.0, 3.0, 1.0, 3.0, 3.0, 1.0, 1.0, 1.0, 3.0, 1.0, 3.0, 3.0, 3.0, 3.0, 3.0, 3.0, 5.0, 1.0, 3.0, 3.0, 3.0, 3.0, 1.0, 1.0, 1.0, 1.0, 3.0, 1.0, 1.0, 1.0, 3.0, 1.0, 3.0, 1.0, 3.0, 3.0, 3.0, 2.0, 3.0], [1.0, 3.0, 3.0, 1.0, 3.0, 1.0, 3.0, 3.0, 1.0, 2.0, 3.0, 3.0, 1.0, 3.0, 1.0, 3.0, 3.0, 3.0, 3.0, 3.0, 1.0, 6.0, 3.0, 3.0, 3.0, 1.0, 1.0, 3.0, 1.0, 3.0, 1.0, 1.0, 3.0, 6.0, 1.0, 1.0, 1.0, 3.0, 4.0, 3.0, 3.0, 3.0], [1.0, 6.0, 1.0, 1.0, 3.0, 1.0, 1.0, 3.0, 1.0, 3.0, 3.0, 3.0, 1.0, 3.0, 3.0, 3.0, 3.0, 1.0, 3.0, 2.0, 1.0, 3.0, 4.0, 3.0, 3.0, 1.0, 1.0, 3.0, 1.0, 3.0, 1.0, 1.0, 3.0, 3.0, 1.0, 3.0, 1.0, 3.0, 3.0, 3.0, 3.0, 3.0], [1.0, 6.0, 6.0, 1.0, 3.0, 1.0, 3.0, 3.0, 1.0, 1.0, 3.0, 3.0, 1.0, 3.0, 3.0, 3.0, 3.0, 1.0, 3.0, 3.0, 1.0, 3.0, 6.0, 3.0, 3.0, 1.0, 1.0, 1.0, 1.0, 3.0, 1.0, 1.0, 1.0, 3.0, 1.0, 1.0, 1.0, 3.0, 3.0, 3.0, 3.0, 3.0], [1.0, 4.0, 3.0, 1.0, 3.0, 1.0, 3.0, 3.0, 1.0, 3.0, 3.0, 3.0, 1.0, 3.0, 3.0, 3.0, 3.0, 1.0, 3.0, 3.0, 1.0, 3.0, 6.0, 3.0, 3.0, 1.0, 1.0, 1.0, 1.0, 3.0, 1.0, 1.0, 2.0, 3.0, 1.0, 1.0, 1.0, 3.0, 3.0, 3.0, 3.0, 3.0], [1.0, 6.0, 6.0, 3.0, 3.0, 1.0, 3.0, 3.0, 1.0, 3.0, 1.0, 3.0, 1.0, 3.0, 3.0, 3.0, 3.0, 3.0, 3.0, 3.0, 1.0, 6.0, 3.0, 4.0, 3.0, 1.0, 1.0, 3.0, 1.0, 3.0, 1.0, 1.0, 1.0, 3.0, 1.0, 3.0, 1.0, 1.0, 3.0, 3.0, 3.0, 3.0], [1.0, 3.0, 6.0, 3.0, 3.0, 1.0, 3.0, 3.0, 1.0, 3.0, 1.0, 3.0, 1.0, 3.0, 3.0, 3.0, 3.0, 1.0, 1.0, 3.0, 1.0, 3.0, 6.0, 3.0, 3.0, 1.0, 1.0, 3.0, 1.0, 5.0, 1.0, 1.0, 1.0, 3.0, 1.0, 1.0, 1.0, 3.0, 3.0, 3.0, 3.0, 3.0], [1.0, 3.0, 3.0, 1.0, 3.0, 1.0, 3.0, 3.0, 1.0, 1.0, 3.0, 3.0, 1.0, 3.0, 3.0, 3.0, 3.0, 3.0, 3.0, 3.0, 1.0, 6.0, 3.0, 3.0, 3.0, 1.0, 1.0, 3.0, 1.0, 3.0, 1.0, 2.0, 1.0, 3.0, 1.0, 3.0, 1.0, 3.0, 3.0, 3.0, 3.0, 3.0], [1.0, 3.0, 3.0, 3.0, 3.0, 1.0, 3.0, 3.0, 1.0, 3.0, 1.0, 6.0, 1.0, 3.0, 3.0, 3.0, 3.0, 3.0, 3.0, 1.0, 1.0, 3.0, 3.0, 3.0, 3.0, 1.0, 1.0, 3.0, 1.0, 3.0, 1.0, 1.0, 3.0, 3.0, 1.0, 3.0, 1.0, 1.0, 3.0, 3.0, 3.0, 3.0], [1.0, 6.0, 3.0, 2.0, 3.0, 3.0, 3.0, 3.0, 1.0, 3.0, 1.0, 3.0, 1.0, 3.0, 3.0, 3.0, 3.0, 1.0, 3.0, 3.0, 1.0, 3.0, 3.0, 4.0, 3.0, 1.0, 1.0, 3.0, 1.0, 3.0, 1.0, 2.0, 3.0, 3.0, 1.0, 1.0, 1.0, 3.0, 3.0, 3.0, 3.0, 3.0], [1.0, 6.0, 1.0, 3.0, 3.0, 2.0, 3.0, 3.0, 1.0, 1.0, 3.0, 3.0, 1.0, 3.0, 1.0, 3.0, 3.0, 1.0, 3.0, 3.0, 1.0, 6.0, 3.0, 6.0, 3.0, 1.0, 1.0, 3.0, 1.0, 3.0, 1.0, 1.0, 3.0, 3.0, 1.0, 3.0, 1.0, 3.0, 3.0, 1.0, 3.0, 3.0], [1.0, 6.0, 3.0, 2.0, 3.0, 1.0, 3.0, 3.0, 1.0, 3.0, 1.0, 3.0, 1.0, 3.0, 3.0, 3.0, 3.0, 1.0, 1.0, 6.0, 1.0, 6.0, 6.0, 3.0, 3.0, 1.0, 1.0, 3.0, 1.0, 3.0, 1.0, 1.0, 3.0, 3.0, 1.0, 1.0, 1.0, 3.0, 3.0, 3.0, 3.0, 3.0], [1.0, 3.0, 3.0, 1.0, 3.0, 1.0, 3.0, 3.0, 1.0, 3.0, 3.0, 3.0, 1.0, 3.0, 3.0, 3.0, 4.0, 1.0, 1.0, 1.0, 1.0, 3.0, 6.0, 3.0, 3.0, 1.0, 1.0, 3.0, 1.0, 3.0, 1.0, 3.0, 1.0, 6.0, 1.0, 3.0, 1.0, 3.0, 3.0, 3.0, 3.0, 3.0], [1.0, 4.0, 6.0, 3.0, 3.0, 1.0, 3.0, 3.0, 1.0, 3.0, 1.0, 3.0, 1.0, 3.0, 3.0, 3.0, 3.0, 1.0, 3.0, 3.0, 1.0, 3.0, 4.0, 3.0, 3.0, 1.0, 1.0, 1.0, 1.0, 3.0, 1.0, 1.0, 1.0, 3.0, 1.0, 3.0, 1.0, 3.0, 3.0, 3.0, 3.0, 3.0], [1.0, 3.0, 3.0, 1.0, 3.0, 1.0, 3.0, 3.0, 1.0, 1.0, 1.0, 3.0, 1.0, 3.0, 3.0, 3.0, 2.0, 3.0, 3.0, 3.0, 1.0, 3.0, 3.0, 3.0, 3.0, 1.0, 1.0, 3.0, 1.0, 3.0, 1.0, 1.0, 3.0, 3.0, 1.0, 3.0, 1.0, 3.0, 3.0, 3.0, 3.0, 3.0], [1.0, 6.0, 3.0, 2.0, 3.0, 1.0, 3.0, 3.0, 1.0, 3.0, 3.0, 3.0, 1.0, 3.0, 3.0, 3.0, 4.0, 1.0, 1.0, 1.0, 1.0, 3.0, 6.0, 3.0, 3.0, 1.0, 1.0, 3.0, 1.0, 3.0, 1.0, 1.0, 1.0, 3.0, 1.0, 2.0, 1.0, 3.0, 3.0, 2.0, 3.0, 3.0], [1.0, 6.0, 3.0, 3.0, 3.0, 1.0, 3.0, 3.0, 1.0, 3.0, 3.0, 3.0, 1.0, 3.0, 3.0, 3.0, 3.0, 1.0, 3.0, 3.0, 1.0, 3.0, 3.0, 3.0, 3.0, 1.0, 1.0, 3.0, 1.0, 3.0, 1.0, 1.0, 3.0, 3.0, 1.0, 3.0, 1.0, 1.0, 3.0, 3.0, 3.0, 3.0], [1.0, 4.0, 4.0, 1.0, 3.0, 1.0, 3.0, 3.0, 1.0, 3.0, 3.0, 3.0, 1.0, 3.0, 3.0, 3.0, 3.0, 1.0, 3.0, 3.0, 1.0, 3.0, 4.0, 3.0, 3.0, 1.0, 1.0, 3.0, 1.0, 3.0, 1.0, 1.0, 3.0, 5.0, 1.0, 3.0, 1.0, 3.0, 3.0, 3.0, 3.0, 3.0]]

first layer check: Conv2d(9, 64, kernel_size=(7, 7), stride=(2, 2), padding=(3, 3), bias=False)

for model 1: mode acc: 0.5476190447807312, run mean acc: 0.45750001072883606, top-2 acc:0.6770833730697632, mode f1: 0.5476190447807312

model 1 mode preds
[3.0, 4.0, 4.0, 2.0, 3.0, 2.0, 2.0, 2.0, 2.0, 3.0, 4.0, 4.0, 3.0, 3.0, 3.0, 2.0, 2.0, 3.0, 2.0, 4.0, 1.0, 2.0, 2.0, 4.0, 4.0, 1.0, 1.0, 2.0, 1.0, 4.0, 1.0, 1.0, 2.0, 2.0, 1.0, 2.0, 1.0, 3.0, 3.0, 2.0, 2.0, 4.0]

model 1 all preds
[[1.0, 4.0, 4.0, 2.0, 1.0, 2.0, 3.0, 2.0, 2.0, 3.0, 4.0, 4.0, 3.0, 3.0, 3.0, 2.0, 6.0, 3.0, 2.0, 4.0, 3.0, 2.0, 2.0, 2.0, 6.0, 1.0, 1.0, 2.0, 1.0, 4.0, 1.0, 1.0, 3.0, 2.0, 1.0, 2.0, 1.0, 4.0, 4.0, 2.0, 2.0, 2.0], [3.0, 2.0, 2.0, 2.0, 2.0, 3.0, 2.0, 4.0, 2.0, 3.0, 4.0, 4.0, 3.0, 3.0, 3.0, 2.0, 6.0, 1.0, 3.0, 4.0, 1.0, 2.0, 4.0, 4.0, 6.0, 1.0, 1.0, 2.0, 1.0, 4.0, 1.0, 3.0, 3.0, 3.0, 1.0, 2.0, 1.0, 4.0, 3.0, 2.0, 2.0, 4.0], [1.0, 4.0, 2.0, 1.0, 3.0, 3.0, 2.0, 2.0, 2.0, 3.0, 4.0, 4.0, 3.0, 2.0, 3.0, 2.0, 2.0, 3.0, 2.0, 2.0, 1.0, 2.0, 4.0, 2.0, 4.0, 1.0, 1.0, 3.0, 1.0, 4.0, 1.0, 3.0, 3.0, 2.0, 1.0, 2.0, 1.0, 3.0, 3.0, 2.0, 2.0, 4.0], [1.0, 2.0, 2.0, 2.0, 3.0, 2.0, 2.0, 4.0, 2.0, 3.0, 3.0, 4.0, 3.0, 3.0, 3.0, 4.0, 6.0, 3.0, 2.0, 2.0, 3.0, 2.0, 2.0, 2.0, 4.0, 1.0, 1.0, 2.0, 1.0, 4.0, 1.0, 1.0, 2.0, 3.0, 1.0, 6.0, 1.0, 4.0, 4.0, 2.0, 2.0, 2.0], [1.0, 4.0, 4.0, 2.0, 3.0, 2.0, 2.0, 4.0, 2.0, 3.0, 4.0, 4.0, 3.0, 3.0, 3.0, 4.0, 2.0, 3.0, 3.0, 2.0, 3.0, 2.0, 2.0, 4.0, 5.0, 1.0, 1.0, 3.0, 1.0, 4.0, 1.0, 1.0, 2.0, 2.0, 1.0, 2.0, 1.0, 3.0, 3.0, 2.0, 2.0, 4.0], [1.0, 4.0, 4.0, 2.0, 3.0, 2.0, 2.0, 2.0, 2.0, 3.0, 4.0, 4.0, 3.0, 3.0, 3.0, 2.0, 2.0, 3.0, 1.0, 4.0, 1.0, 2.0, 2.0, 4.0, 2.0, 1.0, 1.0, 2.0, 1.0, 4.0, 1.0, 1.0, 2.0, 2.0, 1.0, 2.0, 1.0, 2.0, 4.0, 3.0, 3.0, 4.0], [3.0, 4.0, 4.0, 2.0, 3.0, 2.0, 2.0, 2.0, 2.0, 3.0, 4.0, 4.0, 3.0, 3.0, 3.0, 4.0, 6.0, 3.0, 2.0, 3.0, 3.0, 2.0, 2.0, 2.0, 5.0, 1.0, 1.0, 2.0, 1.0, 4.0, 1.0, 1.0, 3.0, 4.0, 1.0, 2.0, 1.0, 2.0, 3.0, 2.0, 2.0, 2.0], [3.0, 2.0, 4.0, 2.0, 2.0, 2.0, 2.0, 2.0, 2.0, 3.0, 4.0, 4.0, 3.0, 3.0, 3.0, 2.0, 6.0, 3.0, 2.0, 4.0, 2.0, 2.0, 4.0, 1.0, 2.0, 1.0, 1.0, 2.0, 1.0, 4.0, 1.0, 1.0, 2.0, 4.0, 1.0, 2.0, 1.0, 4.0, 3.0, 2.0, 2.0, 5.0], [3.0, 4.0, 4.0, 2.0, 4.0, 3.0, 2.0, 4.0, 2.0, 3.0, 4.0, 4.0, 3.0, 3.0, 3.0, 2.0, 4.0, 3.0, 2.0, 2.0, 1.0, 6.0, 2.0, 4.0, 4.0, 1.0, 1.0, 1.0, 1.0, 4.0, 1.0, 1.0, 3.0, 2.0, 1.0, 2.0, 1.0, 4.0, 3.0, 2.0, 2.0, 2.0], [1.0, 3.0, 4.0, 2.0, 3.0, 3.0, 4.0, 2.0, 2.0, 3.0, 4.0, 4.0, 3.0, 3.0, 3.0, 4.0, 4.0, 3.0, 1.0, 4.0, 1.0, 2.0, 2.0, 4.0, 3.0, 1.0, 1.0, 3.0, 1.0, 4.0, 1.0, 1.0, 2.0, 2.0, 1.0, 4.0, 1.0, 3.0, 4.0, 2.0, 4.0, 2.0], [2.0, 2.0, 2.0, 2.0, 2.0, 2.0, 3.0, 4.0, 2.0, 3.0, 4.0, 4.0, 3.0, 3.0, 3.0, 2.0, 2.0, 3.0, 1.0, 4.0, 1.0, 2.0, 2.0, 4.0, 4.0, 1.0, 1.0, 2.0, 1.0, 4.0, 1.0, 3.0, 1.0, 2.0, 1.0, 4.0, 1.0, 3.0, 3.0, 2.0, 3.0, 4.0], [1.0, 2.0, 4.0, 3.0, 3.0, 1.0, 2.0, 2.0, 2.0, 3.0, 3.0, 4.0, 3.0, 3.0, 3.0, 2.0, 6.0, 1.0, 2.0, 3.0, 2.0, 2.0, 6.0, 6.0, 2.0, 1.0, 1.0, 3.0, 1.0, 4.0, 1.0, 1.0, 2.0, 3.0, 1.0, 2.0, 1.0, 4.0, 3.0, 2.0, 2.0, 4.0], [3.0, 4.0, 1.0, 2.0, 1.0, 2.0, 3.0, 4.0, 2.0, 3.0, 4.0, 4.0, 3.0, 3.0, 3.0, 4.0, 2.0, 3.0, 3.0, 4.0, 1.0, 6.0, 4.0, 2.0, 2.0, 1.0, 1.0, 4.0, 1.0, 4.0, 1.0, 1.0, 2.0, 4.0, 1.0, 2.0, 1.0, 3.0, 2.0, 2.0, 4.0, 2.0], [3.0, 2.0, 3.0, 2.0, 2.0, 2.0, 2.0, 2.0, 2.0, 3.0, 4.0, 4.0, 3.0, 3.0, 3.0, 2.0, 2.0, 3.0, 1.0, 2.0, 1.0, 2.0, 4.0, 4.0, 2.0, 1.0, 1.0, 3.0, 1.0, 4.0, 1.0, 1.0, 3.0, 2.0, 1.0, 2.0, 1.0, 4.0, 3.0, 2.0, 2.0, 4.0], [3.0, 4.0, 3.0, 2.0, 3.0, 2.0, 2.0, 2.0, 2.0, 3.0, 4.0, 4.0, 3.0, 3.0, 3.0, 2.0, 4.0, 3.0, 1.0, 2.0, 1.0, 2.0, 4.0, 4.0, 4.0, 1.0, 1.0, 2.0, 1.0, 4.0, 1.0, 3.0, 2.0, 1.0, 1.0, 2.0, 1.0, 4.0, 3.0, 2.0, 3.0, 4.0], [1.0, 2.0, 4.0, 2.0, 3.0, 2.0, 2.0, 4.0, 2.0, 3.0, 3.0, 4.0, 3.0, 3.0, 3.0, 2.0, 2.0, 3.0, 2.0, 2.0, 3.0, 6.0, 2.0, 4.0, 4.0, 1.0, 1.0, 2.0, 1.0, 4.0, 1.0, 1.0, 2.0, 2.0, 1.0, 2.0, 1.0, 4.0, 3.0, 2.0, 2.0, 4.0], [3.0, 4.0, 2.0, 2.0, 1.0, 3.0, 3.0, 4.0, 2.0, 3.0, 3.0, 4.0, 3.0, 3.0, 3.0, 4.0, 2.0, 1.0, 2.0, 4.0, 2.0, 2.0, 2.0, 4.0, 3.0, 1.0, 1.0, 3.0, 1.0, 4.0, 1.0, 1.0, 2.0, 2.0, 1.0, 2.0, 1.0, 4.0, 1.0, 2.0, 2.0, 4.0], [1.0, 4.0, 1.0, 2.0, 3.0, 2.0, 2.0, 2.0, 2.0, 3.0, 4.0, 4.0, 3.0, 3.0, 3.0, 2.0, 4.0, 3.0, 3.0, 2.0, 2.0, 6.0, 6.0, 4.0, 4.0, 1.0, 1.0, 2.0, 1.0, 4.0, 1.0, 1.0, 3.0, 2.0, 1.0, 6.0, 1.0, 3.0, 4.0, 2.0, 3.0, 2.0], [1.0, 4.0, 4.0, 2.0, 2.0, 3.0, 2.0, 2.0, 2.0, 3.0, 3.0, 3.0, 3.0, 3.0, 3.0, 4.0, 6.0, 3.0, 1.0, 2.0, 1.0, 2.0, 2.0, 4.0, 4.0, 1.0, 1.0, 4.0, 1.0, 4.0, 1.0, 1.0, 3.0, 2.0, 1.0, 2.0, 1.0, 3.0, 2.0, 2.0, 2.0, 4.0], [3.0, 2.0, 3.0, 2.0, 3.0, 3.0, 3.0, 2.0, 2.0, 3.0, 4.0, 4.0, 3.0, 3.0, 3.0, 2.0, 2.0, 3.0, 1.0, 3.0, 1.0, 5.0, 4.0, 4.0, 3.0, 1.0, 1.0, 2.0, 1.0, 4.0, 1.0, 3.0, 2.0, 2.0, 1.0, 2.0, 2.0, 4.0, 2.0, 2.0, 2.0, 4.0], [1.0, 4.0, 2.0, 2.0, 3.0, 3.0, 2.0, 2.0, 2.0, 3.0, 3.0, 4.0, 3.0, 3.0, 3.0, 2.0, 2.0, 1.0, 2.0, 2.0, 2.0, 2.0, 2.0, 4.0, 4.0, 1.0, 1.0, 2.0, 1.0, 4.0, 1.0, 1.0, 3.0, 4.0, 1.0, 2.0, 1.0, 4.0, 3.0, 2.0, 2.0, 4.0], [3.0, 2.0, 4.0, 2.0, 3.0, 2.0, 2.0, 4.0, 2.0, 3.0, 4.0, 4.0, 3.0, 3.0, 3.0, 2.0, 6.0, 1.0, 2.0, 3.0, 1.0, 6.0, 2.0, 2.0, 2.0, 1.0, 1.0, 4.0, 1.0, 4.0, 1.0, 3.0, 3.0, 4.0, 1.0, 4.0, 1.0, 2.0, 1.0, 2.0, 2.0, 4.0], [3.0, 2.0, 4.0, 2.0, 2.0, 3.0, 2.0, 2.0, 2.0, 3.0, 4.0, 4.0, 3.0, 3.0, 3.0, 2.0, 6.0, 3.0, 2.0, 4.0, 1.0, 2.0, 2.0, 2.0, 5.0, 1.0, 1.0, 4.0, 1.0, 4.0, 1.0, 1.0, 1.0, 2.0, 1.0, 2.0, 1.0, 1.0, 3.0, 1.0, 2.0, 4.0], [2.0, 4.0, 4.0, 2.0, 3.0, 2.0, 2.0, 4.0, 2.0, 3.0, 4.0, 4.0, 3.0, 3.0, 3.0, 2.0, 6.0, 3.0, 3.0, 3.0, 3.0, 6.0, 4.0, 6.0, 5.0, 1.0, 1.0, 3.0, 1.0, 4.0, 1.0, 1.0, 2.0, 2.0, 1.0, 2.0, 1.0, 3.0, 4.0, 2.0, 4.0, 3.0], [3.0, 4.0, 2.0, 2.0, 2.0, 2.0, 3.0, 4.0, 2.0, 3.0, 3.0, 4.0, 3.0, 3.0, 3.0, 2.0, 4.0, 3.0, 2.0, 4.0, 1.0, 2.0, 2.0, 4.0, 2.0, 1.0, 1.0, 2.0, 1.0, 3.0, 1.0, 1.0, 3.0, 2.0, 1.0, 2.0, 1.0, 4.0, 4.0, 2.0, 3.0, 4.0], [3.0, 3.0, 4.0, 2.0, 3.0, 2.0, 2.0, 4.0, 2.0, 3.0, 4.0, 3.0, 3.0, 3.0, 3.0, 2.0, 6.0, 3.0, 1.0, 3.0, 2.0, 2.0, 4.0, 4.0, 4.0, 1.0, 1.0, 2.0, 1.0, 4.0, 1.0, 1.0, 2.0, 4.0, 1.0, 2.0, 1.0, 3.0, 2.0, 2.0, 2.0, 4.0], [3.0, 4.0, 1.0, 2.0, 2.0, 2.0, 3.0, 2.0, 2.0, 3.0, 4.0, 4.0, 3.0, 3.0, 3.0, 2.0, 2.0, 3.0, 2.0, 4.0, 1.0, 2.0, 4.0, 4.0, 5.0, 1.0, 1.0, 3.0, 1.0, 4.0, 1.0, 1.0, 3.0, 5.0, 1.0, 2.0, 1.0, 3.0, 3.0, 2.0, 2.0, 4.0], [3.0, 4.0, 4.0, 2.0, 3.0, 2.0, 2.0, 2.0, 2.0, 3.0, 4.0, 4.0, 3.0, 3.0, 3.0, 4.0, 4.0, 1.0, 2.0, 2.0, 3.0, 2.0, 2.0, 4.0, 2.0, 1.0, 1.0, 1.0, 1.0, 4.0, 1.0, 1.0, 2.0, 2.0, 1.0, 2.0, 1.0, 4.0, 4.0, 3.0, 3.0, 4.0], [1.0, 2.0, 4.0, 2.0, 4.0, 2.0, 4.0, 2.0, 2.0, 3.0, 4.0, 4.0, 3.0, 3.0, 3.0, 2.0, 2.0, 3.0, 2.0, 2.0, 1.0, 5.0, 2.0, 4.0, 5.0, 1.0, 1.0, 4.0, 1.0, 4.0, 1.0, 2.0, 2.0, 2.0, 1.0, 4.0, 1.0, 4.0, 4.0, 3.0, 2.0, 4.0], [3.0, 2.0, 4.0, 2.0, 3.0, 2.0, 4.0, 4.0, 2.0, 3.0, 3.0, 4.0, 3.0, 3.0, 3.0, 2.0, 2.0, 3.0, 2.0, 2.0, 3.0, 2.0, 2.0, 4.0, 2.0, 1.0, 1.0, 2.0, 1.0, 4.0, 1.0, 1.0, 3.0, 4.0, 1.0, 4.0, 1.0, 3.0, 3.0, 2.0, 3.0, 4.0], [3.0, 4.0, 2.0, 2.0, 3.0, 3.0, 2.0, 2.0, 2.0, 3.0, 4.0, 4.0, 3.0, 3.0, 3.0, 2.0, 6.0, 1.0, 1.0, 4.0, 1.0, 6.0, 4.0, 4.0, 5.0, 1.0, 1.0, 4.0, 1.0, 4.0, 1.0, 1.0, 2.0, 2.0, 1.0, 2.0, 1.0, 1.0, 3.0, 3.0, 2.0, 4.0], [3.0, 3.0, 4.0, 2.0, 3.0, 2.0, 3.0, 4.0, 2.0, 3.0, 4.0, 4.0, 3.0, 3.0, 3.0, 2.0, 2.0, 3.0, 3.0, 2.0, 1.0, 2.0, 4.0, 4.0, 3.0, 1.0, 1.0, 3.0, 1.0, 4.0, 1.0, 1.0, 2.0, 5.0, 1.0, 2.0, 1.0, 3.0, 3.0, 2.0, 3.0, 2.0], [2.0, 2.0, 2.0, 2.0, 1.0, 3.0, 4.0, 2.0, 2.0, 3.0, 4.0, 4.0, 3.0, 3.0, 3.0, 2.0, 2.0, 3.0, 2.0, 2.0, 2.0, 2.0, 2.0, 4.0, 4.0, 1.0, 1.0, 4.0, 1.0, 4.0, 1.0, 1.0, 2.0, 4.0, 1.0, 2.0, 1.0, 3.0, 3.0, 2.0, 2.0, 4.0], [3.0, 4.0, 4.0, 2.0, 3.0, 3.0, 2.0, 4.0, 2.0, 3.0, 4.0, 4.0, 3.0, 3.0, 3.0, 2.0, 2.0, 3.0, 3.0, 3.0, 3.0, 2.0, 4.0, 2.0, 4.0, 1.0, 1.0, 4.0, 1.0, 4.0, 1.0, 1.0, 2.0, 2.0, 1.0, 2.0, 1.0, 3.0, 3.0, 2.0, 2.0, 4.0], [3.0, 4.0, 4.0, 2.0, 1.0, 2.0, 4.0, 2.0, 2.0, 3.0, 4.0, 4.0, 3.0, 3.0, 3.0, 2.0, 3.0, 3.0, 2.0, 4.0, 1.0, 6.0, 2.0, 4.0, 4.0, 1.0, 1.0, 4.0, 1.0, 2.0, 1.0, 1.0, 2.0, 4.0, 1.0, 2.0, 1.0, 3.0, 3.0, 2.0, 2.0, 2.0], [3.0, 3.0, 2.0, 2.0, 1.0, 3.0, 3.0, 4.0, 2.0, 3.0, 4.0, 4.0, 3.0, 3.0, 3.0, 2.0, 6.0, 3.0, 1.0, 3.0, 3.0, 2.0, 4.0, 4.0, 4.0, 1.0, 1.0, 2.0, 1.0, 4.0, 1.0, 1.0, 3.0, 4.0, 1.0, 2.0, 1.0, 3.0, 3.0, 2.0, 2.0, 4.0], [3.0, 4.0, 4.0, 2.0, 2.0, 2.0, 2.0, 2.0, 2.0, 3.0, 4.0, 4.0, 3.0, 3.0, 3.0, 2.0, 6.0, 3.0, 1.0, 2.0, 2.0, 2.0, 4.0, 3.0, 3.0, 1.0, 1.0, 2.0, 1.0, 4.0, 1.0, 1.0, 3.0, 4.0, 1.0, 2.0, 1.0, 2.0, 3.0, 2.0, 2.0, 4.0], [1.0, 4.0, 4.0, 1.0, 2.0, 2.0, 3.0, 4.0, 2.0, 3.0, 4.0, 4.0, 3.0, 3.0, 3.0, 2.0, 6.0, 3.0, 2.0, 4.0, 1.0, 6.0, 2.0, 4.0, 2.0, 1.0, 1.0, 2.0, 1.0, 4.0, 1.0, 1.0, 2.0, 2.0, 1.0, 2.0, 1.0, 2.0, 3.0, 2.0, 2.0, 4.0], [1.0, 4.0, 4.0, 2.0, 1.0, 2.0, 2.0, 4.0, 2.0, 3.0, 3.0, 4.0, 3.0, 3.0, 3.0, 2.0, 2.0, 3.0, 3.0, 4.0, 2.0, 6.0, 2.0, 4.0, 2.0, 1.0, 1.0, 3.0, 1.0, 4.0, 1.0, 1.0, 2.0, 2.0, 1.0, 4.0, 1.0, 4.0, 3.0, 2.0, 2.0, 4.0], [3.0, 4.0, 2.0, 2.0, 3.0, 2.0, 2.0, 4.0, 2.0, 3.0, 4.0, 4.0, 3.0, 3.0, 3.0, 4.0, 2.0, 3.0, 3.0, 2.0, 3.0, 6.0, 4.0, 4.0, 4.0, 1.0, 1.0, 3.0, 1.0, 2.0, 1.0, 1.0, 2.0, 2.0, 1.0, 4.0, 1.0, 3.0, 2.0, 2.0, 2.0, 4.0], [3.0, 4.0, 3.0, 2.0, 2.0, 3.0, 2.0, 2.0, 2.0, 3.0, 4.0, 6.0, 3.0, 3.0, 3.0, 2.0, 2.0, 1.0, 2.0, 4.0, 1.0, 2.0, 4.0, 2.0, 4.0, 1.0, 1.0, 4.0, 1.0, 2.0, 1.0, 1.0, 1.0, 2.0, 1.0, 2.0, 1.0, 3.0, 3.0, 2.0, 3.0, 4.0], [1.0, 2.0, 4.0, 2.0, 2.0, 3.0, 3.0, 4.0, 2.0, 3.0, 4.0, 4.0, 3.0, 3.0, 3.0, 2.0, 2.0, 1.0, 2.0, 4.0, 3.0, 2.0, 4.0, 4.0, 5.0, 1.0, 1.0, 4.0, 1.0, 4.0, 1.0, 1.0, 3.0, 3.0, 1.0, 2.0, 1.0, 4.0, 3.0, 2.0, 2.0, 3.0], [1.0, 4.0, 4.0, 2.0, 3.0, 2.0, 4.0, 2.0, 2.0, 3.0, 3.0, 4.0, 3.0, 3.0, 3.0, 2.0, 6.0, 3.0, 2.0, 2.0, 1.0, 5.0, 4.0, 4.0, 6.0, 1.0, 1.0, 4.0, 1.0, 2.0, 1.0, 1.0, 2.0, 4.0, 1.0, 4.0, 1.0, 3.0, 2.0, 3.0, 2.0, 4.0], [1.0, 2.0, 4.0, 2.0, 3.0, 2.0, 3.0, 2.0, 2.0, 3.0, 4.0, 4.0, 3.0, 3.0, 3.0, 2.0, 4.0, 3.0, 1.0, 4.0, 1.0, 2.0, 2.0, 6.0, 3.0, 1.0, 1.0, 1.0, 1.0, 4.0, 1.0, 1.0, 3.0, 4.0, 1.0, 4.0, 1.0, 3.0, 2.0, 3.0, 2.0, 4.0], [3.0, 4.0, 4.0, 2.0, 2.0, 2.0, 2.0, 4.0, 2.0, 3.0, 3.0, 4.0, 3.0, 3.0, 3.0, 2.0, 4.0, 1.0, 3.0, 2.0, 1.0, 6.0, 4.0, 6.0, 6.0, 1.0, 1.0, 2.0, 1.0, 4.0, 1.0, 1.0, 2.0, 4.0, 1.0, 4.0, 1.0, 1.0, 3.0, 3.0, 3.0, 5.0], [3.0, 2.0, 4.0, 2.0, 3.0, 2.0, 2.0, 2.0, 2.0, 3.0, 4.0, 4.0, 3.0, 3.0, 3.0, 4.0, 6.0, 3.0, 1.0, 2.0, 3.0, 2.0, 2.0, 4.0, 2.0, 1.0, 1.0, 2.0, 1.0, 4.0, 1.0, 1.0, 3.0, 3.0, 1.0, 4.0, 1.0, 3.0, 2.0, 2.0, 2.0, 4.0], [1.0, 4.0, 4.0, 2.0, 3.0, 2.0, 3.0, 4.0, 2.0, 3.0, 4.0, 4.0, 3.0, 3.0, 3.0, 2.0, 2.0, 1.0, 3.0, 4.0, 3.0, 2.0, 4.0, 4.0, 5.0, 1.0, 1.0, 4.0, 1.0, 4.0, 1.0, 1.0, 2.0, 4.0, 1.0, 2.0, 1.0, 3.0, 2.0, 3.0, 3.0, 4.0], [1.0, 2.0, 4.0, 2.0, 1.0, 2.0, 3.0, 2.0, 2.0, 3.0, 4.0, 4.0, 3.0, 3.0, 3.0, 4.0, 2.0, 3.0, 2.0, 4.0, 1.0, 2.0, 4.0, 4.0, 2.0, 1.0, 1.0, 3.0, 1.0, 4.0, 1.0, 1.0, 2.0, 2.0, 1.0, 2.0, 1.0, 1.0, 3.0, 1.0, 2.0, 5.0], [3.0, 4.0, 1.0, 2.0, 3.0, 2.0, 2.0, 4.0, 2.0, 3.0, 4.0, 4.0, 3.0, 3.0, 3.0, 2.0, 4.0, 1.0, 3.0, 4.0, 1.0, 2.0, 4.0, 4.0, 2.0, 1.0, 1.0, 3.0, 1.0, 4.0, 1.0, 3.0, 3.0, 2.0, 1.0, 2.0, 1.0, 3.0, 3.0, 2.0, 2.0, 4.0], [3.0, 4.0, 2.0, 2.0, 4.0, 3.0, 3.0, 2.0, 2.0, 3.0, 4.0, 3.0, 3.0, 3.0, 3.0, 2.0, 6.0, 1.0, 2.0, 4.0, 2.0, 2.0, 4.0, 4.0, 2.0, 1.0, 1.0, 3.0, 1.0, 4.0, 1.0, 1.0, 2.0, 2.0, 1.0, 2.0, 1.0, 3.0, 3.0, 2.0, 2.0, 4.0]]

first layer check: Conv2d(9, 64, kernel_size=(7, 7), stride=(2, 2), padding=(3, 3), bias=False)

for model 2: mode acc: 0.523809552192688, run mean acc: 0.4566666781902313, top-2 acc:0.6187499761581421, mode f1: 0.523809552192688

model 2 mode preds
[1.0, 4.0, 4.0, 2.0, 2.0, 2.0, 4.0, 4.0, 2.0, 2.0, 4.0, 4.0, 2.0, 2.0, 2.0, 4.0, 4.0, 2.0, 2.0, 4.0, 2.0, 4.0, 4.0, 4.0, 4.0, 1.0, 1.0, 2.0, 1.0, 4.0, 1.0, 1.0, 2.0, 4.0, 1.0, 4.0, 1.0, 2.0, 2.0, 2.0, 4.0, 4.0]

model 2 all preds
[[1.0, 2.0, 4.0, 2.0, 2.0, 2.0, 2.0, 4.0, 1.0, 2.0, 4.0, 4.0, 2.0, 2.0, 4.0, 4.0, 4.0, 2.0, 2.0, 4.0, 2.0, 6.0, 6.0, 2.0, 4.0, 1.0, 2.0, 2.0, 1.0, 4.0, 1.0, 2.0, 2.0, 4.0, 1.0, 4.0, 1.0, 4.0, 2.0, 2.0, 4.0, 4.0], [1.0, 4.0, 4.0, 2.0, 2.0, 2.0, 4.0, 4.0, 2.0, 2.0, 4.0, 4.0, 1.0, 2.0, 2.0, 4.0, 4.0, 2.0, 2.0, 4.0, 2.0, 4.0, 4.0, 4.0, 4.0, 1.0, 1.0, 2.0, 1.0, 4.0, 1.0, 1.0, 2.0, 4.0, 1.0, 2.0, 1.0, 4.0, 4.0, 2.0, 4.0, 4.0], [1.0, 4.0, 2.0, 2.0, 2.0, 2.0, 3.0, 4.0, 1.0, 2.0, 4.0, 2.0, 2.0, 2.0, 2.0, 4.0, 4.0, 2.0, 2.0, 4.0, 1.0, 6.0, 4.0, 4.0, 2.0, 1.0, 1.0, 2.0, 1.0, 4.0, 1.0, 2.0, 2.0, 4.0, 1.0, 4.0, 1.0, 2.0, 4.0, 2.0, 4.0, 4.0], [1.0, 4.0, 4.0, 2.0, 2.0, 2.0, 4.0, 4.0, 2.0, 2.0, 4.0, 2.0, 2.0, 2.0, 4.0, 4.0, 4.0, 2.0, 4.0, 4.0, 2.0, 4.0, 4.0, 4.0, 4.0, 1.0, 1.0, 2.0, 1.0, 4.0, 1.0, 1.0, 2.0, 4.0, 1.0, 4.0, 1.0, 2.0, 2.0, 2.0, 2.0, 2.0], [1.0, 4.0, 4.0, 2.0, 2.0, 2.0, 4.0, 4.0, 1.0, 2.0, 2.0, 2.0, 2.0, 2.0, 2.0, 4.0, 2.0, 2.0, 2.0, 4.0, 2.0, 6.0, 4.0, 4.0, 4.0, 1.0, 1.0, 2.0, 1.0, 4.0, 1.0, 2.0, 2.0, 4.0, 1.0, 2.0, 1.0, 1.0, 2.0, 2.0, 4.0, 4.0], [1.0, 2.0, 6.0, 2.0, 2.0, 1.0, 4.0, 2.0, 1.0, 2.0, 2.0, 4.0, 2.0, 2.0, 2.0, 4.0, 4.0, 2.0, 2.0, 4.0, 2.0, 6.0, 4.0, 4.0, 4.0, 1.0, 1.0, 2.0, 1.0, 4.0, 1.0, 1.0, 2.0, 4.0, 1.0, 4.0, 1.0, 2.0, 2.0, 2.0, 4.0, 2.0], [1.0, 4.0, 4.0, 2.0, 1.0, 2.0, 4.0, 4.0, 2.0, 2.0, 4.0, 4.0, 2.0, 2.0, 2.0, 4.0, 4.0, 2.0, 2.0, 2.0, 1.0, 6.0, 4.0, 4.0, 4.0, 1.0, 1.0, 2.0, 1.0, 4.0, 1.0, 1.0, 2.0, 2.0, 1.0, 2.0, 1.0, 2.0, 4.0, 2.0, 4.0, 4.0], [1.0, 2.0, 2.0, 2.0, 1.0, 2.0, 4.0, 2.0, 2.0, 2.0, 4.0, 4.0, 2.0, 2.0, 2.0, 4.0, 4.0, 2.0, 2.0, 4.0, 1.0, 6.0, 4.0, 4.0, 4.0, 1.0, 2.0, 2.0, 1.0, 4.0, 1.0, 1.0, 2.0, 4.0, 1.0, 1.0, 1.0, 2.0, 4.0, 2.0, 4.0, 4.0], [1.0, 4.0, 4.0, 2.0, 2.0, 2.0, 3.0, 4.0, 2.0, 2.0, 2.0, 2.0, 2.0, 2.0, 2.0, 4.0, 4.0, 2.0, 2.0, 4.0, 2.0, 4.0, 4.0, 2.0, 2.0, 1.0, 1.0, 1.0, 1.0, 4.0, 1.0, 2.0, 2.0, 2.0, 1.0, 4.0, 1.0, 4.0, 4.0, 2.0, 4.0, 4.0], [1.0, 4.0, 2.0, 2.0, 2.0, 2.0, 4.0, 4.0, 2.0, 2.0, 4.0, 4.0, 2.0, 2.0, 4.0, 4.0, 4.0, 2.0, 2.0, 4.0, 1.0, 4.0, 4.0, 4.0, 4.0, 1.0, 1.0, 2.0, 1.0, 4.0, 1.0, 1.0, 2.0, 4.0, 1.0, 4.0, 1.0, 2.0, 2.0, 2.0, 2.0, 4.0], [1.0, 4.0, 4.0, 2.0, 1.0, 2.0, 4.0, 4.0, 2.0, 2.0, 4.0, 6.0, 2.0, 2.0, 2.0, 4.0, 4.0, 2.0, 2.0, 4.0, 2.0, 4.0, 4.0, 4.0, 4.0, 1.0, 1.0, 2.0, 1.0, 4.0, 1.0, 2.0, 2.0, 2.0, 1.0, 4.0, 1.0, 2.0, 2.0, 2.0, 4.0, 4.0], [1.0, 4.0, 4.0, 2.0, 1.0, 2.0, 4.0, 4.0, 2.0, 2.0, 2.0, 2.0, 2.0, 2.0, 2.0, 4.0, 4.0, 2.0, 2.0, 4.0, 1.0, 6.0, 4.0, 2.0, 4.0, 1.0, 1.0, 2.0, 1.0, 4.0, 1.0, 1.0, 2.0, 4.0, 1.0, 4.0, 1.0, 4.0, 2.0, 2.0, 4.0, 4.0], [1.0, 4.0, 2.0, 2.0, 2.0, 2.0, 4.0, 4.0, 2.0, 2.0, 4.0, 4.0, 2.0, 2.0, 2.0, 4.0, 4.0, 2.0, 2.0, 4.0, 2.0, 4.0, 4.0, 4.0, 4.0, 1.0, 1.0, 2.0, 1.0, 4.0, 1.0, 1.0, 2.0, 4.0, 1.0, 4.0, 1.0, 2.0, 2.0, 2.0, 4.0, 4.0], [1.0, 4.0, 4.0, 2.0, 2.0, 2.0, 4.0, 4.0, 2.0, 2.0, 2.0, 4.0, 2.0, 2.0, 2.0, 4.0, 4.0, 2.0, 2.0, 4.0, 2.0, 4.0, 4.0, 4.0, 4.0, 1.0, 1.0, 2.0, 1.0, 4.0, 1.0, 2.0, 2.0, 4.0, 1.0, 4.0, 1.0, 4.0, 4.0, 2.0, 4.0, 4.0], [1.0, 4.0, 2.0, 2.0, 2.0, 2.0, 4.0, 4.0, 2.0, 2.0, 4.0, 4.0, 2.0, 2.0, 2.0, 4.0, 2.0, 2.0, 2.0, 4.0, 1.0, 6.0, 4.0, 2.0, 4.0, 1.0, 1.0, 2.0, 1.0, 2.0, 1.0, 2.0, 2.0, 4.0, 1.0, 4.0, 1.0, 4.0, 2.0, 2.0, 4.0, 4.0], [1.0, 4.0, 4.0, 2.0, 2.0, 2.0, 4.0, 4.0, 2.0, 2.0, 4.0, 4.0, 2.0, 4.0, 2.0, 4.0, 4.0, 2.0, 2.0, 4.0, 1.0, 4.0, 4.0, 4.0, 4.0, 1.0, 1.0, 2.0, 1.0, 4.0, 1.0, 1.0, 2.0, 4.0, 1.0, 4.0, 1.0, 2.0, 2.0, 2.0, 4.0, 4.0], [1.0, 4.0, 1.0, 2.0, 2.0, 2.0, 4.0, 4.0, 2.0, 2.0, 2.0, 4.0, 2.0, 4.0, 4.0, 4.0, 2.0, 2.0, 2.0, 4.0, 2.0, 6.0, 4.0, 4.0, 4.0, 1.0, 1.0, 2.0, 1.0, 4.0, 1.0, 2.0, 2.0, 4.0, 1.0, 4.0, 1.0, 2.0, 2.0, 2.0, 4.0, 4.0], [1.0, 4.0, 2.0, 2.0, 2.0, 2.0, 4.0, 4.0, 2.0, 2.0, 4.0, 4.0, 2.0, 4.0, 2.0, 4.0, 4.0, 2.0, 2.0, 4.0, 2.0, 4.0, 2.0, 4.0, 2.0, 1.0, 1.0, 2.0, 1.0, 4.0, 1.0, 1.0, 2.0, 4.0, 1.0, 4.0, 1.0, 2.0, 2.0, 1.0, 4.0, 4.0], [1.0, 4.0, 4.0, 4.0, 2.0, 2.0, 4.0, 4.0, 2.0, 2.0, 4.0, 4.0, 2.0, 2.0, 2.0, 4.0, 4.0, 2.0, 2.0, 2.0, 2.0, 6.0, 4.0, 4.0, 4.0, 1.0, 1.0, 2.0, 1.0, 4.0, 1.0, 2.0, 2.0, 4.0, 1.0, 4.0, 1.0, 2.0, 4.0, 2.0, 2.0, 4.0], [1.0, 4.0, 4.0, 2.0, 2.0, 2.0, 4.0, 4.0, 1.0, 2.0, 4.0, 2.0, 2.0, 2.0, 4.0, 4.0, 2.0, 2.0, 2.0, 4.0, 1.0, 4.0, 2.0, 4.0, 4.0, 1.0, 2.0, 2.0, 1.0, 4.0, 1.0, 2.0, 2.0, 4.0, 1.0, 4.0, 1.0, 2.0, 2.0, 2.0, 4.0, 4.0], [1.0, 4.0, 4.0, 2.0, 2.0, 2.0, 4.0, 4.0, 2.0, 2.0, 2.0, 6.0, 2.0, 2.0, 4.0, 4.0, 4.0, 2.0, 2.0, 4.0, 2.0, 6.0, 6.0, 4.0, 2.0, 1.0, 1.0, 2.0, 1.0, 4.0, 1.0, 1.0, 2.0, 4.0, 1.0, 4.0, 2.0, 2.0, 2.0, 2.0, 4.0, 2.0], [1.0, 4.0, 4.0, 4.0, 2.0, 2.0, 4.0, 2.0, 2.0, 2.0, 4.0, 4.0, 2.0, 4.0, 4.0, 4.0, 4.0, 2.0, 2.0, 2.0, 2.0, 2.0, 6.0, 4.0, 4.0, 1.0, 1.0, 4.0, 1.0, 4.0, 1.0, 1.0, 2.0, 4.0, 1.0, 4.0, 1.0, 4.0, 2.0, 2.0, 4.0, 4.0], [1.0, 4.0, 4.0, 2.0, 1.0, 2.0, 4.0, 4.0, 2.0, 2.0, 4.0, 4.0, 2.0, 2.0, 2.0, 4.0, 2.0, 2.0, 2.0, 4.0, 1.0, 4.0, 4.0, 2.0, 4.0, 1.0, 1.0, 2.0, 1.0, 4.0, 1.0, 2.0, 2.0, 4.0, 1.0, 2.0, 1.0, 2.0, 2.0, 2.0, 4.0, 4.0], [1.0, 4.0, 4.0, 2.0, 2.0, 2.0, 2.0, 4.0, 1.0, 2.0, 2.0, 4.0, 1.0, 2.0, 2.0, 4.0, 4.0, 2.0, 2.0, 4.0, 2.0, 6.0, 4.0, 4.0, 4.0, 1.0, 1.0, 2.0, 1.0, 4.0, 1.0, 2.0, 2.0, 4.0, 1.0, 4.0, 1.0, 2.0, 4.0, 2.0, 2.0, 4.0], [1.0, 4.0, 4.0, 2.0, 2.0, 2.0, 2.0, 4.0, 1.0, 2.0, 2.0, 4.0, 2.0, 2.0, 2.0, 4.0, 2.0, 2.0, 2.0, 4.0, 1.0, 6.0, 4.0, 2.0, 4.0, 1.0, 1.0, 2.0, 1.0, 4.0, 1.0, 1.0, 2.0, 4.0, 1.0, 2.0, 1.0, 4.0, 2.0, 2.0, 4.0, 4.0], [1.0, 4.0, 4.0, 2.0, 1.0, 1.0, 3.0, 4.0, 1.0, 2.0, 2.0, 4.0, 2.0, 2.0, 2.0, 4.0, 4.0, 2.0, 1.0, 4.0, 1.0, 4.0, 6.0, 2.0, 2.0, 1.0, 1.0, 2.0, 1.0, 4.0, 1.0, 2.0, 2.0, 2.0, 1.0, 4.0, 1.0, 2.0, 4.0, 2.0, 2.0, 4.0], [1.0, 4.0, 2.0, 2.0, 2.0, 2.0, 2.0, 4.0, 2.0, 2.0, 4.0, 4.0, 2.0, 2.0, 2.0, 4.0, 4.0, 2.0, 2.0, 4.0, 2.0, 6.0, 4.0, 4.0, 4.0, 1.0, 1.0, 2.0, 1.0, 4.0, 1.0, 1.0, 1.0, 4.0, 1.0, 4.0, 1.0, 1.0, 2.0, 2.0, 4.0, 2.0], [1.0, 2.0, 4.0, 2.0, 2.0, 2.0, 4.0, 4.0, 2.0, 2.0, 4.0, 4.0, 2.0, 2.0, 2.0, 4.0, 4.0, 2.0, 2.0, 4.0, 2.0, 6.0, 4.0, 4.0, 4.0, 1.0, 1.0, 2.0, 1.0, 4.0, 1.0, 2.0, 2.0, 4.0, 1.0, 4.0, 1.0, 2.0, 4.0, 2.0, 4.0, 4.0], [1.0, 2.0, 4.0, 2.0, 2.0, 1.0, 3.0, 2.0, 1.0, 2.0, 4.0, 4.0, 2.0, 3.0, 2.0, 4.0, 4.0, 2.0, 2.0, 4.0, 1.0, 4.0, 4.0, 2.0, 4.0, 1.0, 1.0, 2.0, 1.0, 4.0, 1.0, 2.0, 2.0, 2.0, 1.0, 2.0, 1.0, 1.0, 2.0, 2.0, 4.0, 4.0], [1.0, 4.0, 4.0, 2.0, 2.0, 2.0, 2.0, 4.0, 1.0, 2.0, 4.0, 4.0, 2.0, 2.0, 2.0, 4.0, 4.0, 2.0, 2.0, 4.0, 2.0, 4.0, 4.0, 4.0, 4.0, 1.0, 1.0, 2.0, 1.0, 4.0, 1.0, 1.0, 2.0, 4.0, 1.0, 2.0, 1.0, 2.0, 4.0, 2.0, 4.0, 4.0], [1.0, 4.0, 2.0, 2.0, 2.0, 2.0, 4.0, 4.0, 2.0, 2.0, 4.0, 4.0, 2.0, 3.0, 2.0, 4.0, 4.0, 2.0, 2.0, 4.0, 1.0, 4.0, 4.0, 4.0, 4.0, 1.0, 1.0, 2.0, 1.0, 4.0, 1.0, 1.0, 2.0, 4.0, 1.0, 4.0, 1.0, 2.0, 2.0, 2.0, 4.0, 4.0], [1.0, 2.0, 2.0, 2.0, 2.0, 2.0, 4.0, 4.0, 1.0, 2.0, 4.0, 2.0, 2.0, 2.0, 2.0, 4.0, 4.0, 2.0, 2.0, 2.0, 2.0, 4.0, 4.0, 2.0, 4.0, 1.0, 1.0, 2.0, 1.0, 4.0, 1.0, 1.0, 2.0, 4.0, 1.0, 2.0, 1.0, 2.0, 4.0, 2.0, 4.0, 4.0], [1.0, 4.0, 2.0, 2.0, 2.0, 2.0, 4.0, 4.0, 2.0, 2.0, 4.0, 4.0, 2.0, 4.0, 2.0, 4.0, 4.0, 2.0, 2.0, 2.0, 1.0, 6.0, 6.0, 4.0, 4.0, 1.0, 1.0, 1.0, 1.0, 4.0, 1.0, 2.0, 2.0, 4.0, 1.0, 4.0, 1.0, 4.0, 2.0, 2.0, 4.0, 4.0], [1.0, 4.0, 4.0, 1.0, 2.0, 2.0, 4.0, 4.0, 1.0, 2.0, 4.0, 2.0, 2.0, 2.0, 2.0, 4.0, 4.0, 2.0, 2.0, 4.0, 1.0, 4.0, 4.0, 4.0, 4.0, 1.0, 1.0, 2.0, 1.0, 4.0, 1.0, 1.0, 2.0, 4.0, 1.0, 4.0, 1.0, 2.0, 4.0, 2.0, 4.0, 4.0], [1.0, 2.0, 4.0, 2.0, 2.0, 2.0, 4.0, 4.0, 1.0, 2.0, 2.0, 2.0, 2.0, 4.0, 2.0, 4.0, 4.0, 2.0, 2.0, 2.0, 2.0, 6.0, 4.0, 4.0, 2.0, 1.0, 1.0, 2.0, 1.0, 4.0, 1.0, 2.0, 2.0, 4.0, 1.0, 4.0, 1.0, 4.0, 4.0, 2.0, 4.0, 4.0], [1.0, 4.0, 4.0, 2.0, 2.0, 2.0, 4.0, 2.0, 2.0, 2.0, 4.0, 4.0, 2.0, 4.0, 2.0, 4.0, 4.0, 2.0, 2.0, 2.0, 1.0, 6.0, 4.0, 2.0, 4.0, 1.0, 1.0, 2.0, 1.0, 4.0, 1.0, 2.0, 2.0, 4.0, 1.0, 4.0, 1.0, 2.0, 2.0, 1.0, 4.0, 4.0], [1.0, 4.0, 1.0, 2.0, 2.0, 2.0, 4.0, 4.0, 2.0, 2.0, 4.0, 6.0, 2.0, 2.0, 2.0, 4.0, 4.0, 2.0, 2.0, 4.0, 2.0, 6.0, 2.0, 2.0, 4.0, 1.0, 1.0, 2.0, 1.0, 4.0, 1.0, 2.0, 2.0, 4.0, 1.0, 4.0, 1.0, 4.0, 2.0, 2.0, 4.0, 4.0], [1.0, 2.0, 2.0, 2.0, 2.0, 2.0, 2.0, 4.0, 2.0, 2.0, 4.0, 4.0, 2.0, 2.0, 4.0, 4.0, 4.0, 2.0, 2.0, 4.0, 2.0, 4.0, 6.0, 4.0, 4.0, 1.0, 1.0, 2.0, 1.0, 4.0, 2.0, 1.0, 2.0, 4.0, 1.0, 2.0, 1.0, 2.0, 4.0, 2.0, 4.0, 4.0], [1.0, 4.0, 4.0, 2.0, 2.0, 2.0, 2.0, 4.0, 2.0, 2.0, 4.0, 2.0, 2.0, 4.0, 2.0, 4.0, 4.0, 2.0, 2.0, 4.0, 2.0, 4.0, 6.0, 2.0, 4.0, 1.0, 1.0, 2.0, 1.0, 4.0, 1.0, 2.0, 2.0, 4.0, 1.0, 4.0, 1.0, 2.0, 2.0, 2.0, 4.0, 4.0], [1.0, 4.0, 6.0, 2.0, 2.0, 2.0, 4.0, 2.0, 2.0, 2.0, 2.0, 4.0, 2.0, 2.0, 4.0, 4.0, 4.0, 2.0, 2.0, 2.0, 1.0, 6.0, 4.0, 2.0, 4.0, 1.0, 1.0, 2.0, 1.0, 4.0, 2.0, 1.0, 2.0, 4.0, 1.0, 2.0, 1.0, 2.0, 2.0, 2.0, 4.0, 4.0], [1.0, 4.0, 2.0, 2.0, 2.0, 2.0, 1.0, 4.0, 2.0, 2.0, 4.0, 4.0, 2.0, 2.0, 2.0, 4.0, 4.0, 2.0, 2.0, 4.0, 2.0, 4.0, 4.0, 4.0, 4.0, 1.0, 1.0, 2.0, 1.0, 4.0, 1.0, 1.0, 2.0, 4.0, 1.0, 4.0, 1.0, 2.0, 2.0, 2.0, 2.0, 4.0], [1.0, 4.0, 2.0, 2.0, 4.0, 2.0, 4.0, 4.0, 1.0, 2.0, 4.0, 4.0, 2.0, 3.0, 2.0, 4.0, 4.0, 2.0, 2.0, 4.0, 1.0, 4.0, 2.0, 2.0, 4.0, 1.0, 1.0, 2.0, 1.0, 4.0, 1.0, 1.0, 2.0, 4.0, 1.0, 4.0, 1.0, 4.0, 2.0, 2.0, 4.0, 4.0], [1.0, 4.0, 4.0, 2.0, 2.0, 2.0, 4.0, 4.0, 1.0, 2.0, 4.0, 4.0, 2.0, 4.0, 2.0, 4.0, 4.0, 2.0, 2.0, 4.0, 2.0, 4.0, 4.0, 4.0, 4.0, 1.0, 1.0, 2.0, 1.0, 4.0, 1.0, 2.0, 2.0, 4.0, 1.0, 2.0, 1.0, 2.0, 2.0, 2.0, 4.0, 4.0], [1.0, 4.0, 4.0, 2.0, 2.0, 2.0, 2.0, 4.0, 2.0, 2.0, 4.0, 4.0, 2.0, 2.0, 4.0, 4.0, 2.0, 2.0, 1.0, 4.0, 1.0, 4.0, 4.0, 4.0, 4.0, 1.0, 1.0, 2.0, 1.0, 4.0, 1.0, 2.0, 2.0, 4.0, 1.0, 2.0, 1.0, 4.0, 4.0, 2.0, 2.0, 4.0], [1.0, 4.0, 4.0, 2.0, 2.0, 2.0, 1.0, 4.0, 2.0, 2.0, 4.0, 4.0, 2.0, 2.0, 2.0, 4.0, 4.0, 2.0, 2.0, 4.0, 1.0, 6.0, 4.0, 4.0, 4.0, 1.0, 1.0, 2.0, 1.0, 4.0, 1.0, 1.0, 2.0, 2.0, 1.0, 4.0, 1.0, 4.0, 4.0, 2.0, 4.0, 4.0], [1.0, 4.0, 4.0, 2.0, 1.0, 2.0, 3.0, 4.0, 2.0, 2.0, 2.0, 4.0, 2.0, 2.0, 4.0, 4.0, 4.0, 2.0, 2.0, 4.0, 2.0, 4.0, 4.0, 2.0, 4.0, 1.0, 1.0, 2.0, 1.0, 4.0, 1.0, 2.0, 2.0, 4.0, 1.0, 2.0, 1.0, 2.0, 2.0, 2.0, 4.0, 4.0], [1.0, 2.0, 4.0, 2.0, 2.0, 2.0, 4.0, 4.0, 2.0, 2.0, 4.0, 2.0, 2.0, 2.0, 2.0, 4.0, 4.0, 2.0, 2.0, 4.0, 1.0, 4.0, 4.0, 4.0, 4.0, 1.0, 1.0, 2.0, 1.0, 2.0, 1.0, 1.0, 2.0, 4.0, 1.0, 4.0, 1.0, 2.0, 2.0, 2.0, 2.0, 4.0], [1.0, 4.0, 4.0, 2.0, 2.0, 2.0, 2.0, 2.0, 2.0, 2.0, 4.0, 4.0, 2.0, 4.0, 2.0, 4.0, 2.0, 2.0, 2.0, 4.0, 2.0, 4.0, 4.0, 4.0, 4.0, 1.0, 1.0, 2.0, 1.0, 4.0, 1.0, 1.0, 2.0, 2.0, 1.0, 4.0, 1.0, 4.0, 2.0, 2.0, 4.0, 2.0], [1.0, 4.0, 6.0, 2.0, 2.0, 2.0, 4.0, 4.0, 2.0, 2.0, 4.0, 4.0, 2.0, 2.0, 2.0, 4.0, 4.0, 2.0, 2.0, 2.0, 2.0, 6.0, 4.0, 4.0, 4.0, 1.0, 1.0, 2.0, 1.0, 2.0, 1.0, 1.0, 2.0, 4.0, 1.0, 4.0, 1.0, 4.0, 4.0, 2.0, 4.0, 4.0], [1.0, 4.0, 2.0, 2.0, 2.0, 2.0, 4.0, 4.0, 1.0, 2.0, 4.0, 4.0, 2.0, 4.0, 2.0, 4.0, 2.0, 2.0, 2.0, 4.0, 1.0, 6.0, 4.0, 4.0, 4.0, 1.0, 2.0, 2.0, 1.0, 4.0, 1.0, 2.0, 2.0, 4.0, 1.0, 4.0, 1.0, 2.0, 4.0, 2.0, 4.0, 4.0]]

first layer check: Conv2d(9, 64, kernel_size=(7, 7), stride=(2, 2), padding=(3, 3), bias=False)

for model 3: mode acc: 0.3095238208770752, run mean acc: 0.31291666626930237, top-2 acc:0.5545833110809326, mode f1: 0.3095238208770752

model 3 mode preds
[3.0, 3.0, 3.0, 3.0, 3.0, 3.0, 3.0, 3.0, 3.0, 3.0, 3.0, 3.0, 3.0, 3.0, 3.0, 2.0, 3.0, 3.0, 2.0, 3.0, 1.0, 3.0, 3.0, 3.0, 3.0, 1.0, 1.0, 3.0, 1.0, 3.0, 1.0, 1.0, 3.0, 3.0, 1.0, 3.0, 3.0, 3.0, 3.0, 3.0, 3.0, 3.0]

model 3 all preds
[[3.0, 3.0, 3.0, 3.0, 3.0, 3.0, 3.0, 3.0, 3.0, 3.0, 3.0, 3.0, 3.0, 3.0, 3.0, 2.0, 3.0, 3.0, 2.0, 2.0, 1.0, 3.0, 6.0, 3.0, 5.0, 1.0, 1.0, 2.0, 1.0, 3.0, 1.0, 1.0, 3.0, 3.0, 1.0, 3.0, 3.0, 3.0, 3.0, 3.0, 3.0, 5.0], [1.0, 3.0, 3.0, 3.0, 3.0, 3.0, 3.0, 3.0, 3.0, 3.0, 3.0, 3.0, 3.0, 3.0, 3.0, 2.0, 3.0, 3.0, 2.0, 3.0, 3.0, 3.0, 3.0, 3.0, 3.0, 1.0, 3.0, 1.0, 1.0, 3.0, 1.0, 3.0, 3.0, 3.0, 1.0, 3.0, 3.0, 3.0, 3.0, 3.0, 3.0, 5.0], [3.0, 3.0, 2.0, 2.0, 3.0, 3.0, 3.0, 3.0, 2.0, 3.0, 3.0, 3.0, 3.0, 3.0, 3.0, 2.0, 5.0, 3.0, 3.0, 3.0, 3.0, 5.0, 3.0, 3.0, 5.0, 1.0, 1.0, 3.0, 1.0, 3.0, 1.0, 1.0, 3.0, 3.0, 1.0, 3.0, 3.0, 3.0, 3.0, 3.0, 3.0, 3.0], [3.0, 5.0, 3.0, 1.0, 3.0, 3.0, 3.0, 3.0, 3.0, 3.0, 3.0, 3.0, 3.0, 3.0, 3.0, 2.0, 3.0, 3.0, 2.0, 3.0, 2.0, 5.0, 3.0, 3.0, 5.0, 1.0, 3.0, 2.0, 1.0, 3.0, 1.0, 3.0, 3.0, 3.0, 1.0, 3.0, 3.0, 3.0, 3.0, 3.0, 3.0, 3.0], [1.0, 3.0, 2.0, 3.0, 3.0, 3.0, 3.0, 3.0, 3.0, 3.0, 3.0, 3.0, 3.0, 3.0, 3.0, 2.0, 3.0, 3.0, 2.0, 2.0, 2.0, 3.0, 3.0, 3.0, 5.0, 1.0, 3.0, 3.0, 1.0, 3.0, 1.0, 3.0, 3.0, 3.0, 1.0, 3.0, 3.0, 3.0, 3.0, 3.0, 3.0, 5.0], [3.0, 3.0, 3.0, 1.0, 3.0, 3.0, 3.0, 3.0, 3.0, 3.0, 3.0, 3.0, 3.0, 3.0, 3.0, 2.0, 3.0, 3.0, 2.0, 3.0, 1.0, 3.0, 2.0, 3.0, 3.0, 1.0, 1.0, 3.0, 1.0, 3.0, 1.0, 1.0, 3.0, 3.0, 1.0, 3.0, 3.0, 3.0, 3.0, 3.0, 3.0, 5.0], [1.0, 3.0, 2.0, 2.0, 3.0, 3.0, 3.0, 3.0, 3.0, 3.0, 3.0, 3.0, 3.0, 3.0, 3.0, 2.0, 3.0, 3.0, 2.0, 2.0, 2.0, 3.0, 3.0, 2.0, 3.0, 1.0, 1.0, 3.0, 1.0, 3.0, 1.0, 3.0, 3.0, 3.0, 1.0, 3.0, 3.0, 3.0, 3.0, 3.0, 3.0, 5.0], [1.0, 4.0, 3.0, 3.0, 3.0, 3.0, 3.0, 3.0, 3.0, 3.0, 3.0, 3.0, 3.0, 3.0, 3.0, 2.0, 3.0, 3.0, 2.0, 2.0, 1.0, 5.0, 3.0, 3.0, 3.0, 1.0, 1.0, 1.0, 1.0, 3.0, 1.0, 1.0, 3.0, 3.0, 1.0, 3.0, 3.0, 3.0, 3.0, 3.0, 3.0, 5.0], [3.0, 3.0, 3.0, 3.0, 3.0, 3.0, 3.0, 3.0, 3.0, 3.0, 3.0, 3.0, 3.0, 3.0, 3.0, 2.0, 3.0, 3.0, 2.0, 3.0, 1.0, 2.0, 3.0, 3.0, 5.0, 1.0, 3.0, 3.0, 1.0, 3.0, 1.0, 3.0, 3.0, 3.0, 1.0, 3.0, 3.0, 3.0, 3.0, 3.0, 3.0, 5.0], [1.0, 3.0, 2.0, 2.0, 3.0, 3.0, 3.0, 3.0, 3.0, 3.0, 3.0, 3.0, 3.0, 3.0, 3.0, 2.0, 3.0, 3.0, 2.0, 3.0, 3.0, 3.0, 3.0, 3.0, 3.0, 1.0, 1.0, 2.0, 1.0, 3.0, 1.0, 1.0, 3.0, 3.0, 1.0, 3.0, 3.0, 3.0, 3.0, 3.0, 3.0, 3.0], [3.0, 3.0, 3.0, 2.0, 3.0, 3.0, 3.0, 3.0, 3.0, 3.0, 3.0, 3.0, 3.0, 3.0, 3.0, 2.0, 3.0, 3.0, 2.0, 3.0, 1.0, 3.0, 3.0, 3.0, 5.0, 1.0, 3.0, 3.0, 1.0, 3.0, 1.0, 3.0, 3.0, 3.0, 1.0, 3.0, 1.0, 3.0, 3.0, 3.0, 3.0, 5.0], [3.0, 3.0, 5.0, 2.0, 3.0, 3.0, 3.0, 3.0, 3.0, 3.0, 3.0, 3.0, 3.0, 3.0, 3.0, 2.0, 3.0, 3.0, 2.0, 2.0, 1.0, 3.0, 3.0, 3.0, 3.0, 1.0, 1.0, 3.0, 1.0, 3.0, 1.0, 1.0, 3.0, 3.0, 1.0, 3.0, 3.0, 3.0, 3.0, 3.0, 3.0, 5.0], [3.0, 3.0, 5.0, 3.0, 3.0, 3.0, 3.0, 3.0, 3.0, 3.0, 3.0, 3.0, 3.0, 3.0, 3.0, 2.0, 3.0, 3.0, 2.0, 3.0, 3.0, 3.0, 3.0, 3.0, 5.0, 1.0, 3.0, 2.0, 1.0, 3.0, 1.0, 1.0, 3.0, 3.0, 1.0, 3.0, 3.0, 3.0, 3.0, 3.0, 3.0, 3.0], [1.0, 3.0, 3.0, 2.0, 3.0, 3.0, 3.0, 3.0, 3.0, 3.0, 3.0, 3.0, 3.0, 3.0, 3.0, 2.0, 3.0, 3.0, 2.0, 3.0, 2.0, 3.0, 5.0, 3.0, 5.0, 1.0, 3.0, 3.0, 1.0, 3.0, 1.0, 3.0, 3.0, 3.0, 1.0, 3.0, 3.0, 3.0, 3.0, 3.0, 3.0, 5.0], [1.0, 5.0, 3.0, 1.0, 3.0, 3.0, 3.0, 3.0, 3.0, 3.0, 3.0, 3.0, 3.0, 3.0, 3.0, 2.0, 3.0, 3.0, 2.0, 3.0, 3.0, 5.0, 2.0, 3.0, 3.0, 1.0, 1.0, 3.0, 1.0, 3.0, 1.0, 1.0, 3.0, 3.0, 1.0, 3.0, 3.0, 3.0, 3.0, 3.0, 3.0, 5.0], [3.0, 3.0, 3.0, 2.0, 3.0, 3.0, 3.0, 3.0, 3.0, 3.0, 3.0, 3.0, 3.0, 3.0, 3.0, 2.0, 3.0, 3.0, 2.0, 2.0, 2.0, 5.0, 3.0, 3.0, 3.0, 1.0, 1.0, 3.0, 1.0, 3.0, 1.0, 1.0, 3.0, 3.0, 1.0, 3.0, 3.0, 3.0, 3.0, 3.0, 3.0, 5.0], [3.0, 3.0, 3.0, 3.0, 3.0, 3.0, 3.0, 3.0, 3.0, 3.0, 3.0, 3.0, 3.0, 3.0, 3.0, 2.0, 3.0, 3.0, 3.0, 1.0, 1.0, 3.0, 3.0, 3.0, 3.0, 1.0, 1.0, 1.0, 1.0, 3.0, 1.0, 3.0, 3.0, 3.0, 1.0, 3.0, 3.0, 3.0, 3.0, 3.0, 3.0, 3.0], [1.0, 3.0, 3.0, 2.0, 3.0, 3.0, 3.0, 3.0, 3.0, 3.0, 3.0, 3.0, 3.0, 3.0, 3.0, 2.0, 3.0, 3.0, 2.0, 2.0, 2.0, 3.0, 3.0, 2.0, 3.0, 1.0, 1.0, 3.0, 1.0, 3.0, 1.0, 1.0, 3.0, 3.0, 1.0, 3.0, 3.0, 3.0, 3.0, 3.0, 3.0, 5.0], [3.0, 3.0, 3.0, 2.0, 3.0, 3.0, 3.0, 3.0, 2.0, 3.0, 3.0, 3.0, 3.0, 3.0, 3.0, 2.0, 3.0, 3.0, 2.0, 3.0, 2.0, 3.0, 3.0, 3.0, 3.0, 1.0, 1.0, 1.0, 1.0, 3.0, 1.0, 3.0, 3.0, 2.0, 1.0, 3.0, 3.0, 3.0, 3.0, 3.0, 3.0, 5.0], [3.0, 3.0, 5.0, 1.0, 3.0, 3.0, 3.0, 3.0, 3.0, 3.0, 3.0, 3.0, 3.0, 3.0, 3.0, 2.0, 3.0, 3.0, 2.0, 3.0, 2.0, 3.0, 3.0, 3.0, 5.0, 1.0, 1.0, 2.0, 1.0, 3.0, 1.0, 3.0, 3.0, 3.0, 1.0, 3.0, 3.0, 3.0, 3.0, 3.0, 3.0, 5.0], [3.0, 5.0, 2.0, 3.0, 3.0, 3.0, 3.0, 3.0, 3.0, 3.0, 3.0, 3.0, 3.0, 3.0, 3.0, 2.0, 3.0, 3.0, 2.0, 2.0, 2.0, 3.0, 3.0, 3.0, 3.0, 1.0, 3.0, 3.0, 1.0, 3.0, 1.0, 1.0, 3.0, 3.0, 1.0, 3.0, 3.0, 3.0, 3.0, 3.0, 3.0, 3.0], [1.0, 3.0, 3.0, 3.0, 3.0, 3.0, 3.0, 3.0, 2.0, 3.0, 3.0, 3.0, 3.0, 3.0, 3.0, 2.0, 3.0, 3.0, 2.0, 2.0, 3.0, 3.0, 3.0, 3.0, 5.0, 1.0, 3.0, 3.0, 1.0, 3.0, 1.0, 1.0, 3.0, 3.0, 1.0, 3.0, 3.0, 3.0, 3.0, 3.0, 3.0, 3.0], [3.0, 3.0, 3.0, 3.0, 3.0, 3.0, 3.0, 3.0, 3.0, 3.0, 3.0, 3.0, 3.0, 3.0, 3.0, 2.0, 3.0, 3.0, 2.0, 2.0, 3.0, 3.0, 3.0, 3.0, 5.0, 1.0, 3.0, 3.0, 1.0, 3.0, 1.0, 3.0, 3.0, 3.0, 1.0, 3.0, 3.0, 3.0, 3.0, 3.0, 3.0, 3.0], [1.0, 3.0, 3.0, 3.0, 3.0, 3.0, 3.0, 3.0, 3.0, 3.0, 3.0, 3.0, 3.0, 3.0, 3.0, 2.0, 5.0, 3.0, 2.0, 3.0, 3.0, 2.0, 3.0, 3.0, 3.0, 1.0, 3.0, 3.0, 1.0, 3.0, 1.0, 1.0, 3.0, 3.0, 1.0, 3.0, 3.0, 3.0, 3.0, 3.0, 3.0, 3.0], [3.0, 3.0, 3.0, 2.0, 3.0, 3.0, 3.0, 3.0, 3.0, 3.0, 3.0, 3.0, 3.0, 3.0, 3.0, 2.0, 3.0, 3.0, 2.0, 3.0, 1.0, 5.0, 3.0, 3.0, 3.0, 1.0, 3.0, 3.0, 1.0, 5.0, 1.0, 1.0, 3.0, 3.0, 1.0, 3.0, 2.0, 3.0, 3.0, 3.0, 3.0, 3.0], [1.0, 5.0, 3.0, 2.0, 3.0, 3.0, 3.0, 3.0, 3.0, 3.0, 3.0, 3.0, 3.0, 3.0, 3.0, 2.0, 3.0, 3.0, 2.0, 3.0, 2.0, 3.0, 3.0, 3.0, 3.0, 1.0, 1.0, 3.0, 1.0, 3.0, 1.0, 1.0, 3.0, 3.0, 1.0, 3.0, 3.0, 3.0, 3.0, 3.0, 3.0, 3.0], [3.0, 5.0, 5.0, 2.0, 3.0, 3.0, 3.0, 3.0, 2.0, 3.0, 3.0, 3.0, 3.0, 3.0, 3.0, 2.0, 3.0, 3.0, 2.0, 3.0, 1.0, 3.0, 3.0, 3.0, 3.0, 1.0, 3.0, 3.0, 2.0, 3.0, 1.0, 1.0, 3.0, 3.0, 1.0, 3.0, 3.0, 3.0, 3.0, 3.0, 3.0, 3.0], [3.0, 5.0, 2.0, 2.0, 3.0, 3.0, 3.0, 3.0, 3.0, 3.0, 3.0, 3.0, 3.0, 3.0, 3.0, 2.0, 3.0, 3.0, 2.0, 2.0, 3.0, 3.0, 3.0, 3.0, 3.0, 1.0, 3.0, 3.0, 1.0, 3.0, 1.0, 1.0, 1.0, 3.0, 1.0, 3.0, 3.0, 3.0, 3.0, 3.0, 3.0, 5.0], [1.0, 5.0, 3.0, 2.0, 3.0, 3.0, 3.0, 3.0, 2.0, 3.0, 3.0, 3.0, 3.0, 3.0, 3.0, 2.0, 3.0, 3.0, 2.0, 2.0, 2.0, 2.0, 3.0, 3.0, 3.0, 1.0, 3.0, 3.0, 1.0, 3.0, 1.0, 1.0, 3.0, 3.0, 1.0, 3.0, 3.0, 3.0, 3.0, 3.0, 3.0, 3.0], [1.0, 4.0, 2.0, 3.0, 3.0, 3.0, 3.0, 3.0, 3.0, 3.0, 3.0, 3.0, 3.0, 3.0, 3.0, 2.0, 3.0, 3.0, 2.0, 2.0, 3.0, 5.0, 2.0, 3.0, 3.0, 1.0, 1.0, 2.0, 1.0, 3.0, 1.0, 1.0, 3.0, 3.0, 1.0, 3.0, 3.0, 3.0, 3.0, 3.0, 3.0, 3.0], [3.0, 3.0, 2.0, 2.0, 3.0, 3.0, 3.0, 3.0, 3.0, 3.0, 3.0, 3.0, 3.0, 3.0, 3.0, 2.0, 3.0, 3.0, 2.0, 3.0, 3.0, 3.0, 3.0, 3.0, 5.0, 1.0, 3.0, 3.0, 1.0, 3.0, 1.0, 3.0, 3.0, 3.0, 1.0, 3.0, 3.0, 3.0, 3.0, 3.0, 3.0, 5.0], [1.0, 3.0, 3.0, 3.0, 3.0, 3.0, 3.0, 3.0, 3.0, 3.0, 3.0, 5.0, 3.0, 3.0, 3.0, 2.0, 3.0, 3.0, 2.0, 3.0, 1.0, 3.0, 3.0, 3.0, 5.0, 1.0, 3.0, 3.0, 1.0, 3.0, 1.0, 3.0, 3.0, 3.0, 1.0, 3.0, 3.0, 3.0, 3.0, 3.0, 3.0, 3.0], [1.0, 3.0, 3.0, 2.0, 3.0, 3.0, 3.0, 3.0, 3.0, 3.0, 3.0, 3.0, 3.0, 3.0, 3.0, 2.0, 3.0, 3.0, 3.0, 3.0, 1.0, 3.0, 3.0, 3.0, 3.0, 1.0, 3.0, 3.0, 1.0, 3.0, 1.0, 1.0, 3.0, 3.0, 1.0, 3.0, 3.0, 3.0, 3.0, 3.0, 3.0, 5.0], [3.0, 3.0, 2.0, 3.0, 3.0, 3.0, 3.0, 3.0, 3.0, 3.0, 3.0, 3.0, 3.0, 3.0, 3.0, 2.0, 3.0, 3.0, 3.0, 3.0, 2.0, 5.0, 3.0, 3.0, 3.0, 1.0, 1.0, 3.0, 2.0, 3.0, 1.0, 1.0, 3.0, 3.0, 1.0, 3.0, 3.0, 3.0, 3.0, 3.0, 3.0, 3.0], [1.0, 3.0, 2.0, 3.0, 3.0, 3.0, 3.0, 3.0, 3.0, 3.0, 3.0, 3.0, 3.0, 3.0, 3.0, 2.0, 3.0, 3.0, 2.0, 3.0, 1.0, 5.0, 3.0, 3.0, 5.0, 1.0, 1.0, 3.0, 1.0, 3.0, 1.0, 1.0, 3.0, 5.0, 1.0, 3.0, 3.0, 3.0, 3.0, 3.0, 3.0, 3.0], [1.0, 5.0, 5.0, 3.0, 3.0, 3.0, 3.0, 3.0, 3.0, 3.0, 3.0, 3.0, 3.0, 3.0, 3.0, 2.0, 3.0, 3.0, 2.0, 3.0, 1.0, 5.0, 3.0, 3.0, 5.0, 1.0, 1.0, 3.0, 1.0, 3.0, 1.0, 1.0, 3.0, 3.0, 1.0, 3.0, 3.0, 3.0, 3.0, 3.0, 3.0, 2.0], [1.0, 3.0, 2.0, 2.0, 3.0, 3.0, 3.0, 3.0, 3.0, 3.0, 3.0, 3.0, 3.0, 3.0, 3.0, 2.0, 3.0, 3.0, 3.0, 1.0, 1.0, 5.0, 3.0, 2.0, 3.0, 1.0, 1.0, 3.0, 1.0, 3.0, 1.0, 1.0, 3.0, 3.0, 1.0, 3.0, 3.0, 3.0, 3.0, 3.0, 3.0, 5.0], [3.0, 3.0, 3.0, 3.0, 3.0, 3.0, 3.0, 3.0, 3.0, 3.0, 3.0, 3.0, 3.0, 3.0, 3.0, 2.0, 3.0, 3.0, 3.0, 2.0, 1.0, 3.0, 3.0, 3.0, 5.0, 1.0, 3.0, 3.0, 1.0, 3.0, 1.0, 3.0, 3.0, 3.0, 1.0, 3.0, 3.0, 3.0, 3.0, 3.0, 3.0, 5.0], [3.0, 5.0, 3.0, 3.0, 3.0, 3.0, 3.0, 3.0, 3.0, 3.0, 3.0, 3.0, 3.0, 3.0, 3.0, 2.0, 3.0, 3.0, 2.0, 3.0, 1.0, 3.0, 2.0, 3.0, 5.0, 1.0, 1.0, 3.0, 1.0, 3.0, 1.0, 3.0, 3.0, 3.0, 1.0, 3.0, 3.0, 3.0, 3.0, 3.0, 3.0, 3.0], [3.0, 3.0, 3.0, 2.0, 2.0, 3.0, 3.0, 3.0, 2.0, 3.0, 3.0, 3.0, 3.0, 3.0, 3.0, 2.0, 3.0, 3.0, 2.0, 3.0, 3.0, 3.0, 2.0, 3.0, 3.0, 1.0, 3.0, 3.0, 1.0, 3.0, 1.0, 1.0, 3.0, 3.0, 1.0, 3.0, 3.0, 3.0, 3.0, 3.0, 3.0, 5.0], [1.0, 3.0, 2.0, 2.0, 3.0, 3.0, 3.0, 3.0, 3.0, 3.0, 3.0, 3.0, 3.0, 3.0, 3.0, 2.0, 3.0, 3.0, 2.0, 2.0, 2.0, 2.0, 3.0, 3.0, 3.0, 1.0, 3.0, 3.0, 1.0, 3.0, 1.0, 1.0, 3.0, 3.0, 1.0, 3.0, 3.0, 3.0, 3.0, 3.0, 3.0, 5.0], [1.0, 3.0, 5.0, 2.0, 3.0, 3.0, 3.0, 3.0, 3.0, 3.0, 3.0, 3.0, 3.0, 3.0, 3.0, 2.0, 5.0, 3.0, 2.0, 2.0, 3.0, 3.0, 3.0, 3.0, 5.0, 1.0, 1.0, 3.0, 3.0, 3.0, 1.0, 1.0, 3.0, 3.0, 1.0, 3.0, 3.0, 3.0, 3.0, 3.0, 3.0, 3.0], [1.0, 5.0, 3.0, 3.0, 3.0, 3.0, 3.0, 3.0, 3.0, 3.0, 3.0, 3.0, 3.0, 3.0, 3.0, 2.0, 3.0, 3.0, 2.0, 3.0, 1.0, 3.0, 3.0, 3.0, 3.0, 1.0, 3.0, 3.0, 1.0, 3.0, 1.0, 3.0, 3.0, 3.0, 1.0, 3.0, 3.0, 3.0, 3.0, 3.0, 3.0, 5.0], [1.0, 3.0, 3.0, 2.0, 2.0, 3.0, 3.0, 3.0, 3.0, 3.0, 3.0, 3.0, 3.0, 3.0, 3.0, 2.0, 3.0, 3.0, 2.0, 3.0, 2.0, 3.0, 3.0, 3.0, 5.0, 1.0, 1.0, 2.0, 2.0, 3.0, 1.0, 2.0, 3.0, 3.0, 1.0, 3.0, 3.0, 3.0, 3.0, 3.0, 3.0, 3.0], [1.0, 3.0, 2.0, 3.0, 3.0, 3.0, 3.0, 3.0, 3.0, 3.0, 3.0, 3.0, 3.0, 3.0, 3.0, 2.0, 3.0, 3.0, 2.0, 3.0, 1.0, 3.0, 3.0, 3.0, 3.0, 1.0, 1.0, 3.0, 1.0, 3.0, 1.0, 1.0, 3.0, 3.0, 1.0, 3.0, 3.0, 3.0, 3.0, 3.0, 3.0, 3.0], [3.0, 3.0, 3.0, 3.0, 3.0, 3.0, 3.0, 3.0, 3.0, 3.0, 3.0, 3.0, 3.0, 3.0, 3.0, 2.0, 3.0, 3.0, 3.0, 3.0, 3.0, 3.0, 2.0, 3.0, 3.0, 1.0, 1.0, 3.0, 1.0, 3.0, 1.0, 1.0, 3.0, 3.0, 1.0, 3.0, 3.0, 3.0, 3.0, 3.0, 3.0, 3.0], [1.0, 5.0, 2.0, 3.0, 2.0, 3.0, 3.0, 3.0, 3.0, 3.0, 3.0, 3.0, 3.0, 3.0, 3.0, 2.0, 3.0, 3.0, 2.0, 3.0, 2.0, 5.0, 3.0, 3.0, 3.0, 1.0, 1.0, 2.0, 1.0, 3.0, 1.0, 1.0, 3.0, 3.0, 1.0, 3.0, 3.0, 3.0, 3.0, 3.0, 3.0, 3.0], [3.0, 3.0, 2.0, 3.0, 3.0, 3.0, 3.0, 3.0, 3.0, 3.0, 3.0, 3.0, 3.0, 3.0, 3.0, 2.0, 3.0, 3.0, 2.0, 3.0, 1.0, 5.0, 2.0, 2.0, 3.0, 1.0, 1.0, 3.0, 1.0, 3.0, 1.0, 1.0, 3.0, 3.0, 1.0, 3.0, 3.0, 3.0, 3.0, 3.0, 3.0, 5.0], [3.0, 3.0, 2.0, 2.0, 2.0, 3.0, 3.0, 3.0, 3.0, 3.0, 3.0, 3.0, 3.0, 3.0, 3.0, 2.0, 3.0, 3.0, 2.0, 3.0, 1.0, 3.0, 3.0, 3.0, 3.0, 1.0, 3.0, 3.0, 1.0, 3.0, 1.0, 3.0, 3.0, 3.0, 1.0, 3.0, 3.0, 3.0, 3.0, 3.0, 3.0, 3.0], [3.0, 3.0, 3.0, 1.0, 3.0, 3.0, 3.0, 3.0, 3.0, 3.0, 3.0, 3.0, 3.0, 3.0, 3.0, 2.0, 3.0, 3.0, 2.0, 3.0, 1.0, 5.0, 3.0, 3.0, 5.0, 1.0, 3.0, 3.0, 1.0, 3.0, 1.0, 1.0, 3.0, 3.0, 1.0, 3.0, 3.0, 3.0, 3.0, 3.0, 3.0, 3.0]]

first layer check: Conv2d(9, 64, kernel_size=(7, 7), stride=(2, 2), padding=(3, 3), bias=False)

for model 4: mode acc: 0.3571428656578064, run mean acc: 0.35083332657814026, top-2 acc:0.5491666197776794, mode f1: 0.3571428656578064

model 4 mode preds
[1.0, 4.0, 4.0, 3.0, 3.0, 3.0, 3.0, 4.0, 3.0, 3.0, 3.0, 4.0, 3.0, 3.0, 3.0, 4.0, 4.0, 3.0, 3.0, 4.0, 3.0, 4.0, 4.0, 4.0, 4.0, 1.0, 1.0, 3.0, 1.0, 4.0, 3.0, 3.0, 3.0, 4.0, 1.0, 3.0, 1.0, 4.0, 3.0, 3.0, 3.0, 4.0]

model 4 all preds
[[1.0, 4.0, 4.0, 4.0, 3.0, 3.0, 4.0, 4.0, 3.0, 3.0, 3.0, 4.0, 3.0, 3.0, 3.0, 4.0, 4.0, 3.0, 3.0, 4.0, 3.0, 6.0, 4.0, 4.0, 4.0, 1.0, 1.0, 3.0, 1.0, 6.0, 3.0, 3.0, 3.0, 4.0, 1.0, 4.0, 1.0, 4.0, 4.0, 3.0, 3.0, 4.0], [1.0, 4.0, 4.0, 3.0, 3.0, 3.0, 3.0, 4.0, 3.0, 3.0, 4.0, 3.0, 3.0, 3.0, 3.0, 4.0, 4.0, 3.0, 3.0, 4.0, 3.0, 4.0, 4.0, 4.0, 4.0, 1.0, 3.0, 3.0, 3.0, 4.0, 3.0, 3.0, 3.0, 4.0, 1.0, 4.0, 1.0, 4.0, 3.0, 3.0, 4.0, 3.0], [1.0, 4.0, 3.0, 2.0, 3.0, 3.0, 3.0, 4.0, 3.0, 3.0, 3.0, 4.0, 3.0, 3.0, 4.0, 4.0, 4.0, 3.0, 3.0, 4.0, 3.0, 3.0, 4.0, 3.0, 3.0, 1.0, 1.0, 3.0, 1.0, 4.0, 3.0, 3.0, 3.0, 3.0, 1.0, 4.0, 1.0, 4.0, 3.0, 3.0, 3.0, 4.0], [3.0, 4.0, 6.0, 3.0, 3.0, 4.0, 3.0, 4.0, 3.0, 3.0, 3.0, 4.0, 3.0, 3.0, 3.0, 4.0, 4.0, 3.0, 3.0, 4.0, 3.0, 4.0, 4.0, 4.0, 3.0, 1.0, 1.0, 3.0, 1.0, 5.0, 3.0, 3.0, 3.0, 4.0, 1.0, 3.0, 1.0, 4.0, 3.0, 3.0, 4.0, 4.0], [1.0, 4.0, 4.0, 0.0, 3.0, 3.0, 6.0, 3.0, 3.0, 3.0, 3.0, 4.0, 3.0, 3.0, 3.0, 4.0, 4.0, 3.0, 3.0, 4.0, 3.0, 3.0, 4.0, 3.0, 4.0, 1.0, 3.0, 4.0, 1.0, 4.0, 1.0, 3.0, 3.0, 4.0, 1.0, 3.0, 1.0, 0.0, 3.0, 3.0, 3.0, 4.0], [1.0, 4.0, 6.0, 3.0, 3.0, 3.0, 4.0, 4.0, 3.0, 3.0, 4.0, 4.0, 3.0, 3.0, 3.0, 4.0, 4.0, 3.0, 3.0, 3.0, 3.0, 4.0, 4.0, 4.0, 4.0, 1.0, 1.0, 4.0, 1.0, 4.0, 3.0, 3.0, 3.0, 3.0, 1.0, 3.0, 1.0, 4.0, 3.0, 3.0, 3.0, 4.0], [1.0, 4.0, 4.0, 3.0, 3.0, 4.0, 3.0, 4.0, 3.0, 3.0, 4.0, 4.0, 3.0, 3.0, 4.0, 4.0, 4.0, 3.0, 3.0, 4.0, 3.0, 3.0, 4.0, 3.0, 3.0, 1.0, 1.0, 3.0, 3.0, 4.0, 3.0, 1.0, 3.0, 4.0, 1.0, 4.0, 1.0, 4.0, 3.0, 3.0, 3.0, 4.0], [3.0, 4.0, 6.0, 4.0, 3.0, 3.0, 3.0, 4.0, 3.0, 3.0, 3.0, 4.0, 3.0, 3.0, 3.0, 4.0, 4.0, 3.0, 3.0, 4.0, 3.0, 6.0, 6.0, 3.0, 3.0, 1.0, 1.0, 4.0, 1.0, 5.0, 3.0, 3.0, 3.0, 4.0, 1.0, 3.0, 1.0, 4.0, 3.0, 3.0, 3.0, 4.0], [1.0, 6.0, 4.0, 3.0, 3.0, 4.0, 4.0, 4.0, 3.0, 3.0, 4.0, 4.0, 3.0, 3.0, 3.0, 4.0, 3.0, 3.0, 3.0, 4.0, 3.0, 4.0, 4.0, 3.0, 3.0, 1.0, 3.0, 3.0, 1.0, 4.0, 3.0, 3.0, 3.0, 3.0, 1.0, 4.0, 1.0, 2.0, 4.0, 3.0, 3.0, 3.0], [1.0, 4.0, 4.0, 0.0, 3.0, 4.0, 3.0, 4.0, 3.0, 3.0, 4.0, 4.0, 3.0, 3.0, 4.0, 4.0, 4.0, 3.0, 3.0, 3.0, 3.0, 4.0, 4.0, 4.0, 4.0, 1.0, 1.0, 3.0, 1.0, 4.0, 3.0, 3.0, 3.0, 3.0, 1.0, 3.0, 1.0, 4.0, 3.0, 3.0, 3.0, 4.0], [1.0, 4.0, 4.0, 3.0, 3.0, 4.0, 3.0, 4.0, 3.0, 3.0, 3.0, 4.0, 3.0, 3.0, 3.0, 4.0, 4.0, 3.0, 3.0, 4.0, 3.0, 4.0, 4.0, 3.0, 4.0, 1.0, 1.0, 3.0, 1.0, 4.0, 3.0, 3.0, 3.0, 4.0, 1.0, 3.0, 1.0, 4.0, 4.0, 3.0, 3.0, 4.0], [3.0, 4.0, 4.0, 4.0, 3.0, 4.0, 3.0, 4.0, 3.0, 3.0, 3.0, 4.0, 3.0, 3.0, 3.0, 4.0, 4.0, 3.0, 3.0, 4.0, 3.0, 4.0, 4.0, 4.0, 4.0, 1.0, 1.0, 3.0, 1.0, 5.0, 3.0, 3.0, 3.0, 3.0, 1.0, 3.0, 1.0, 4.0, 3.0, 3.0, 4.0, 4.0], [3.0, 4.0, 4.0, 0.0, 3.0, 3.0, 4.0, 4.0, 3.0, 3.0, 3.0, 4.0, 3.0, 3.0, 3.0, 4.0, 4.0, 3.0, 3.0, 4.0, 3.0, 3.0, 4.0, 4.0, 4.0, 1.0, 1.0, 3.0, 1.0, 5.0, 3.0, 3.0, 3.0, 3.0, 1.0, 3.0, 1.0, 4.0, 4.0, 3.0, 3.0, 4.0], [1.0, 3.0, 4.0, 4.0, 3.0, 3.0, 4.0, 4.0, 3.0, 3.0, 3.0, 3.0, 3.0, 3.0, 4.0, 4.0, 3.0, 3.0, 3.0, 4.0, 3.0, 4.0, 4.0, 3.0, 4.0, 1.0, 1.0, 4.0, 1.0, 5.0, 3.0, 3.0, 3.0, 4.0, 1.0, 4.0, 1.0, 4.0, 3.0, 3.0, 3.0, 4.0], [1.0, 4.0, 4.0, 3.0, 3.0, 4.0, 3.0, 3.0, 3.0, 3.0, 3.0, 4.0, 3.0, 3.0, 3.0, 4.0, 4.0, 3.0, 3.0, 1.0, 3.0, 6.0, 4.0, 4.0, 3.0, 1.0, 1.0, 3.0, 3.0, 5.0, 3.0, 3.0, 3.0, 4.0, 1.0, 3.0, 1.0, 4.0, 3.0, 3.0, 3.0, 4.0], [3.0, 4.0, 4.0, 4.0, 3.0, 3.0, 3.0, 3.0, 3.0, 3.0, 3.0, 4.0, 3.0, 3.0, 3.0, 4.0, 4.0, 3.0, 3.0, 3.0, 3.0, 4.0, 4.0, 4.0, 3.0, 1.0, 1.0, 3.0, 1.0, 4.0, 3.0, 3.0, 3.0, 4.0, 1.0, 3.0, 1.0, 4.0, 3.0, 3.0, 3.0, 4.0], [1.0, 4.0, 4.0, 2.0, 3.0, 4.0, 3.0, 4.0, 3.0, 3.0, 3.0, 4.0, 3.0, 3.0, 3.0, 4.0, 3.0, 3.0, 3.0, 2.0, 3.0, 3.0, 4.0, 4.0, 4.0, 1.0, 3.0, 3.0, 1.0, 5.0, 3.0, 3.0, 3.0, 3.0, 1.0, 3.0, 1.0, 4.0, 3.0, 3.0, 4.0, 4.0], [3.0, 4.0, 4.0, 4.0, 3.0, 4.0, 4.0, 4.0, 3.0, 3.0, 3.0, 4.0, 3.0, 3.0, 3.0, 4.0, 4.0, 3.0, 3.0, 3.0, 3.0, 6.0, 4.0, 3.0, 4.0, 1.0, 1.0, 3.0, 1.0, 4.0, 3.0, 3.0, 3.0, 4.0, 1.0, 2.0, 1.0, 4.0, 4.0, 3.0, 3.0, 4.0], [1.0, 4.0, 6.0, 2.0, 4.0, 2.0, 4.0, 4.0, 3.0, 3.0, 3.0, 4.0, 3.0, 3.0, 3.0, 4.0, 4.0, 3.0, 3.0, 4.0, 3.0, 3.0, 4.0, 4.0, 4.0, 1.0, 1.0, 4.0, 3.0, 6.0, 3.0, 3.0, 3.0, 4.0, 1.0, 3.0, 1.0, 4.0, 3.0, 3.0, 4.0, 4.0], [1.0, 4.0, 4.0, 3.0, 3.0, 3.0, 4.0, 4.0, 3.0, 3.0, 3.0, 4.0, 3.0, 3.0, 3.0, 4.0, 4.0, 3.0, 3.0, 4.0, 3.0, 3.0, 4.0, 4.0, 4.0, 1.0, 1.0, 3.0, 3.0, 5.0, 3.0, 3.0, 3.0, 3.0, 1.0, 3.0, 1.0, 4.0, 3.0, 3.0, 3.0, 4.0], [1.0, 3.0, 4.0, 3.0, 3.0, 3.0, 4.0, 4.0, 3.0, 3.0, 3.0, 3.0, 3.0, 3.0, 4.0, 4.0, 4.0, 3.0, 3.0, 3.0, 3.0, 4.0, 4.0, 4.0, 4.0, 1.0, 1.0, 4.0, 1.0, 4.0, 3.0, 3.0, 3.0, 4.0, 1.0, 4.0, 1.0, 0.0, 4.0, 3.0, 3.0, 4.0], [3.0, 4.0, 6.0, 3.0, 3.0, 4.0, 3.0, 4.0, 3.0, 3.0, 3.0, 3.0, 3.0, 3.0, 4.0, 4.0, 4.0, 3.0, 3.0, 4.0, 3.0, 6.0, 4.0, 4.0, 4.0, 1.0, 1.0, 3.0, 1.0, 4.0, 3.0, 2.0, 3.0, 4.0, 1.0, 3.0, 1.0, 4.0, 3.0, 3.0, 3.0, 4.0], [1.0, 4.0, 4.0, 4.0, 3.0, 3.0, 3.0, 4.0, 3.0, 3.0, 3.0, 4.0, 3.0, 3.0, 3.0, 4.0, 3.0, 3.0, 3.0, 4.0, 3.0, 4.0, 4.0, 4.0, 4.0, 1.0, 1.0, 4.0, 1.0, 4.0, 3.0, 3.0, 3.0, 4.0, 1.0, 4.0, 1.0, 3.0, 3.0, 3.0, 3.0, 3.0], [3.0, 4.0, 4.0, 3.0, 3.0, 3.0, 3.0, 4.0, 3.0, 3.0, 3.0, 4.0, 3.0, 3.0, 3.0, 4.0, 3.0, 3.0, 3.0, 3.0, 3.0, 4.0, 4.0, 4.0, 4.0, 1.0, 1.0, 3.0, 3.0, 4.0, 3.0, 3.0, 3.0, 4.0, 1.0, 3.0, 1.0, 4.0, 4.0, 3.0, 3.0, 3.0], [1.0, 4.0, 4.0, 2.0, 3.0, 4.0, 3.0, 4.0, 3.0, 3.0, 3.0, 3.0, 3.0, 3.0, 3.0, 4.0, 4.0, 3.0, 3.0, 4.0, 3.0, 4.0, 4.0, 4.0, 4.0, 1.0, 1.0, 3.0, 1.0, 4.0, 3.0, 3.0, 3.0, 4.0, 1.0, 3.0, 1.0, 4.0, 3.0, 3.0, 4.0, 3.0], [1.0, 4.0, 6.0, 4.0, 3.0, 4.0, 6.0, 4.0, 3.0, 3.0, 3.0, 4.0, 3.0, 4.0, 4.0, 4.0, 4.0, 3.0, 3.0, 4.0, 3.0, 6.0, 4.0, 3.0, 3.0, 1.0, 1.0, 3.0, 3.0, 5.0, 3.0, 3.0, 3.0, 3.0, 1.0, 5.0, 1.0, 4.0, 3.0, 3.0, 3.0, 4.0], [1.0, 4.0, 4.0, 2.0, 3.0, 3.0, 4.0, 4.0, 3.0, 4.0, 3.0, 4.0, 3.0, 3.0, 3.0, 4.0, 4.0, 3.0, 3.0, 4.0, 3.0, 4.0, 4.0, 4.0, 4.0, 1.0, 1.0, 3.0, 1.0, 4.0, 3.0, 3.0, 3.0, 4.0, 1.0, 3.0, 1.0, 4.0, 3.0, 3.0, 3.0, 4.0], [3.0, 4.0, 6.0, 4.0, 3.0, 3.0, 3.0, 4.0, 3.0, 3.0, 3.0, 4.0, 3.0, 3.0, 3.0, 4.0, 4.0, 3.0, 3.0, 4.0, 3.0, 3.0, 4.0, 4.0, 4.0, 1.0, 1.0, 3.0, 1.0, 4.0, 3.0, 3.0, 3.0, 3.0, 1.0, 4.0, 1.0, 4.0, 3.0, 4.0, 4.0, 4.0], [3.0, 4.0, 2.0, 3.0, 3.0, 3.0, 3.0, 4.0, 3.0, 3.0, 4.0, 4.0, 3.0, 3.0, 3.0, 4.0, 4.0, 3.0, 3.0, 4.0, 3.0, 3.0, 4.0, 3.0, 4.0, 1.0, 1.0, 3.0, 3.0, 4.0, 3.0, 4.0, 3.0, 4.0, 1.0, 3.0, 1.0, 4.0, 3.0, 3.0, 4.0, 4.0], [1.0, 4.0, 5.0, 2.0, 3.0, 3.0, 3.0, 3.0, 3.0, 3.0, 3.0, 4.0, 3.0, 3.0, 3.0, 4.0, 3.0, 3.0, 3.0, 4.0, 3.0, 4.0, 4.0, 3.0, 4.0, 1.0, 1.0, 4.0, 1.0, 4.0, 3.0, 3.0, 3.0, 3.0, 1.0, 4.0, 1.0, 4.0, 3.0, 3.0, 3.0, 4.0], [3.0, 4.0, 4.0, 4.0, 3.0, 4.0, 6.0, 4.0, 3.0, 3.0, 3.0, 3.0, 3.0, 3.0, 3.0, 4.0, 4.0, 3.0, 3.0, 4.0, 3.0, 4.0, 4.0, 4.0, 4.0, 1.0, 1.0, 3.0, 1.0, 5.0, 3.0, 3.0, 3.0, 3.0, 1.0, 3.0, 1.0, 3.0, 3.0, 3.0, 3.0, 4.0], [1.0, 4.0, 2.0, 2.0, 3.0, 3.0, 4.0, 4.0, 3.0, 4.0, 4.0, 4.0, 3.0, 3.0, 3.0, 4.0, 4.0, 3.0, 3.0, 3.0, 3.0, 4.0, 4.0, 3.0, 4.0, 1.0, 1.0, 3.0, 1.0, 5.0, 3.0, 3.0, 3.0, 4.0, 1.0, 4.0, 1.0, 4.0, 4.0, 3.0, 4.0, 4.0], [1.0, 4.0, 6.0, 3.0, 3.0, 3.0, 4.0, 4.0, 3.0, 3.0, 3.0, 4.0, 3.0, 3.0, 4.0, 4.0, 4.0, 3.0, 3.0, 3.0, 3.0, 4.0, 4.0, 4.0, 4.0, 1.0, 3.0, 3.0, 3.0, 5.0, 3.0, 3.0, 3.0, 4.0, 1.0, 3.0, 1.0, 4.0, 3.0, 3.0, 3.0, 4.0], [3.0, 3.0, 4.0, 3.0, 3.0, 4.0, 3.0, 4.0, 3.0, 3.0, 3.0, 4.0, 3.0, 3.0, 3.0, 4.0, 4.0, 3.0, 3.0, 4.0, 3.0, 4.0, 4.0, 4.0, 3.0, 1.0, 1.0, 3.0, 1.0, 4.0, 3.0, 3.0, 3.0, 4.0, 1.0, 3.0, 1.0, 4.0, 3.0, 3.0, 3.0, 4.0], [3.0, 4.0, 6.0, 3.0, 3.0, 3.0, 4.0, 3.0, 3.0, 3.0, 3.0, 4.0, 3.0, 3.0, 3.0, 4.0, 4.0, 3.0, 3.0, 4.0, 3.0, 3.0, 4.0, 4.0, 3.0, 1.0, 3.0, 4.0, 1.0, 3.0, 3.0, 4.0, 3.0, 4.0, 1.0, 4.0, 1.0, 4.0, 3.0, 4.0, 3.0, 4.0], [3.0, 3.0, 4.0, 3.0, 3.0, 3.0, 3.0, 3.0, 3.0, 3.0, 3.0, 3.0, 3.0, 4.0, 3.0, 4.0, 4.0, 3.0, 3.0, 3.0, 3.0, 4.0, 4.0, 3.0, 4.0, 1.0, 1.0, 3.0, 1.0, 4.0, 3.0, 3.0, 3.0, 4.0, 1.0, 4.0, 1.0, 2.0, 4.0, 3.0, 3.0, 4.0], [1.0, 3.0, 6.0, 0.0, 3.0, 3.0, 4.0, 4.0, 3.0, 4.0, 3.0, 3.0, 3.0, 3.0, 3.0, 4.0, 4.0, 3.0, 3.0, 3.0, 3.0, 4.0, 4.0, 4.0, 4.0, 1.0, 1.0, 3.0, 1.0, 4.0, 3.0, 3.0, 3.0, 4.0, 1.0, 3.0, 1.0, 4.0, 3.0, 3.0, 3.0, 4.0], [3.0, 4.0, 4.0, 3.0, 3.0, 4.0, 4.0, 4.0, 3.0, 3.0, 3.0, 4.0, 3.0, 3.0, 3.0, 4.0, 3.0, 3.0, 3.0, 4.0, 3.0, 4.0, 4.0, 4.0, 3.0, 1.0, 1.0, 3.0, 1.0, 5.0, 3.0, 3.0, 3.0, 4.0, 1.0, 3.0, 1.0, 4.0, 3.0, 3.0, 3.0, 4.0], [3.0, 6.0, 4.0, 2.0, 3.0, 1.0, 3.0, 4.0, 3.0, 3.0, 3.0, 4.0, 3.0, 3.0, 3.0, 4.0, 4.0, 3.0, 3.0, 4.0, 3.0, 3.0, 4.0, 4.0, 3.0, 1.0, 3.0, 3.0, 1.0, 4.0, 3.0, 3.0, 3.0, 4.0, 1.0, 3.0, 1.0, 4.0, 4.0, 3.0, 3.0, 4.0], [3.0, 4.0, 4.0, 3.0, 3.0, 4.0, 4.0, 4.0, 3.0, 3.0, 3.0, 4.0, 3.0, 3.0, 3.0, 4.0, 4.0, 3.0, 3.0, 1.0, 3.0, 3.0, 4.0, 4.0, 4.0, 1.0, 1.0, 4.0, 1.0, 4.0, 3.0, 3.0, 3.0, 4.0, 1.0, 3.0, 1.0, 4.0, 3.0, 3.0, 3.0, 4.0], [3.0, 4.0, 1.0, 0.0, 3.0, 4.0, 3.0, 4.0, 3.0, 3.0, 3.0, 4.0, 3.0, 3.0, 3.0, 4.0, 3.0, 3.0, 3.0, 3.0, 3.0, 4.0, 4.0, 4.0, 3.0, 1.0, 1.0, 3.0, 1.0, 4.0, 3.0, 3.0, 3.0, 4.0, 1.0, 3.0, 1.0, 4.0, 3.0, 3.0, 4.0, 4.0], [3.0, 3.0, 4.0, 4.0, 3.0, 4.0, 3.0, 4.0, 3.0, 3.0, 4.0, 4.0, 3.0, 3.0, 3.0, 4.0, 4.0, 3.0, 3.0, 4.0, 3.0, 4.0, 4.0, 3.0, 4.0, 1.0, 1.0, 3.0, 3.0, 5.0, 3.0, 3.0, 3.0, 3.0, 1.0, 4.0, 1.0, 4.0, 3.0, 3.0, 3.0, 4.0], [1.0, 4.0, 4.0, 0.0, 3.0, 4.0, 3.0, 4.0, 3.0, 3.0, 3.0, 4.0, 3.0, 3.0, 3.0, 4.0, 4.0, 3.0, 3.0, 3.0, 3.0, 6.0, 4.0, 3.0, 4.0, 1.0, 1.0, 3.0, 1.0, 4.0, 3.0, 2.0, 3.0, 3.0, 1.0, 3.0, 1.0, 4.0, 4.0, 3.0, 3.0, 4.0], [3.0, 4.0, 4.0, 4.0, 3.0, 4.0, 3.0, 4.0, 3.0, 3.0, 3.0, 4.0, 3.0, 3.0, 3.0, 4.0, 3.0, 3.0, 3.0, 4.0, 3.0, 4.0, 4.0, 4.0, 3.0, 1.0, 1.0, 3.0, 1.0, 4.0, 3.0, 2.0, 3.0, 3.0, 1.0, 3.0, 1.0, 2.0, 3.0, 3.0, 3.0, 4.0], [3.0, 4.0, 4.0, 3.0, 3.0, 4.0, 4.0, 4.0, 3.0, 3.0, 3.0, 4.0, 3.0, 3.0, 3.0, 4.0, 4.0, 3.0, 3.0, 5.0, 3.0, 6.0, 4.0, 4.0, 4.0, 1.0, 1.0, 3.0, 1.0, 5.0, 3.0, 3.0, 3.0, 3.0, 1.0, 3.0, 1.0, 4.0, 4.0, 3.0, 3.0, 4.0], [1.0, 6.0, 4.0, 3.0, 3.0, 3.0, 4.0, 4.0, 3.0, 4.0, 3.0, 4.0, 3.0, 3.0, 4.0, 4.0, 4.0, 3.0, 3.0, 4.0, 3.0, 3.0, 4.0, 4.0, 4.0, 1.0, 1.0, 4.0, 1.0, 4.0, 3.0, 4.0, 3.0, 4.0, 1.0, 5.0, 1.0, 3.0, 3.0, 3.0, 3.0, 4.0], [1.0, 4.0, 3.0, 3.0, 3.0, 4.0, 4.0, 4.0, 3.0, 3.0, 4.0, 3.0, 3.0, 3.0, 3.0, 4.0, 3.0, 3.0, 3.0, 4.0, 3.0, 3.0, 4.0, 3.0, 4.0, 1.0, 1.0, 3.0, 1.0, 4.0, 3.0, 3.0, 3.0, 4.0, 1.0, 6.0, 1.0, 4.0, 3.0, 4.0, 3.0, 4.0], [3.0, 4.0, 4.0, 4.0, 3.0, 3.0, 4.0, 4.0, 3.0, 3.0, 3.0, 4.0, 3.0, 3.0, 4.0, 4.0, 4.0, 3.0, 3.0, 3.0, 3.0, 4.0, 4.0, 4.0, 4.0, 1.0, 1.0, 4.0, 1.0, 6.0, 3.0, 4.0, 3.0, 3.0, 1.0, 3.0, 1.0, 3.0, 4.0, 3.0, 4.0, 3.0], [1.0, 3.0, 4.0, 4.0, 3.0, 3.0, 3.0, 4.0, 3.0, 3.0, 3.0, 4.0, 3.0, 3.0, 3.0, 4.0, 4.0, 3.0, 2.0, 4.0, 3.0, 4.0, 4.0, 4.0, 3.0, 1.0, 1.0, 3.0, 3.0, 5.0, 3.0, 3.0, 3.0, 4.0, 1.0, 5.0, 1.0, 4.0, 3.0, 3.0, 3.0, 4.0], [1.0, 4.0, 4.0, 4.0, 3.0, 3.0, 3.0, 4.0, 3.0, 3.0, 3.0, 4.0, 3.0, 3.0, 3.0, 4.0, 4.0, 3.0, 3.0, 4.0, 3.0, 3.0, 4.0, 4.0, 3.0, 1.0, 1.0, 3.0, 1.0, 4.0, 3.0, 3.0, 3.0, 3.0, 1.0, 3.0, 1.0, 3.0, 4.0, 3.0, 3.0, 4.0]]

