first layer check: Conv2d(6, 64, kernel_size=(7, 7), stride=(2, 2), padding=(3, 3), bias=False)

target ys
[4.0, 2.0, 2.0, 0.0, 4.0, 0.0, 4.0, 0.0, 3.0, 1.0, 3.0, 2.0, 2.0, 5.0, 3.0, 2.0, 3.0, 2.0, 4.0, 4.0, 3.0, 2.0, 1.0, 2.0, 1.0, 3.0, 1.0, 1.0, 1.0, 1.0, 3.0, 1.0, 3.0, 1.0, 1.0, 3.0, 2.0, 4.0, 1.0]

for model 0: mode acc: 0.5128205418586731, run mean acc: 0.5450000166893005, top-2 acc:0.6970832943916321, mode f1: 0.5128205418586731

model 0 mode preds
[4.0, 3.0, 4.0, 0.0, 4.0, 4.0, 6.0, 0.0, 1.0, 3.0, 3.0, 6.0, 4.0, 4.0, 4.0, 2.0, 2.0, 2.0, 4.0, 4.0, 1.0, 1.0, 1.0, 2.0, 1.0, 1.0, 1.0, 1.0, 1.0, 1.0, 1.0, 2.0, 2.0, 0.0, 1.0, 4.0, 2.0, 4.0, 1.0]

model 0 all preds
[[4.0, 4.0, 4.0, 0.0, 4.0, 4.0, 4.0, 0.0, 1.0, 0.0, 3.0, 6.0, 4.0, 4.0, 4.0, 2.0, 2.0, 3.0, 4.0, 4.0, 1.0, 1.0, 1.0, 2.0, 1.0, 1.0, 2.0, 1.0, 1.0, 2.0, 1.0, 2.0, 4.0, 0.0, 1.0, 4.0, 2.0, 4.0, 1.0], [4.0, 3.0, 4.0, 1.0, 4.0, 4.0, 4.0, 0.0, 1.0, 2.0, 3.0, 6.0, 4.0, 4.0, 4.0, 2.0, 2.0, 1.0, 4.0, 4.0, 2.0, 1.0, 2.0, 2.0, 2.0, 1.0, 2.0, 1.0, 1.0, 2.0, 1.0, 2.0, 4.0, 1.0, 2.0, 3.0, 2.0, 4.0, 1.0], [4.0, 3.0, 4.0, 1.0, 4.0, 3.0, 6.0, 0.0, 4.0, 2.0, 3.0, 6.0, 4.0, 4.0, 4.0, 2.0, 2.0, 2.0, 4.0, 4.0, 1.0, 1.0, 1.0, 2.0, 1.0, 1.0, 2.0, 1.0, 1.0, 1.0, 1.0, 2.0, 4.0, 1.0, 1.0, 3.0, 2.0, 4.0, 1.0], [4.0, 3.0, 4.0, 0.0, 4.0, 4.0, 6.0, 0.0, 4.0, 3.0, 3.0, 6.0, 4.0, 4.0, 4.0, 2.0, 2.0, 3.0, 4.0, 4.0, 1.0, 1.0, 1.0, 2.0, 1.0, 4.0, 1.0, 1.0, 1.0, 4.0, 1.0, 0.0, 2.0, 0.0, 2.0, 3.0, 2.0, 4.0, 1.0], [4.0, 3.0, 4.0, 0.0, 4.0, 4.0, 4.0, 0.0, 4.0, 0.0, 4.0, 6.0, 4.0, 4.0, 4.0, 2.0, 2.0, 1.0, 4.0, 4.0, 1.0, 1.0, 1.0, 2.0, 1.0, 1.0, 2.0, 1.0, 1.0, 1.0, 1.0, 0.0, 1.0, 0.0, 1.0, 4.0, 2.0, 4.0, 3.0], [4.0, 3.0, 4.0, 0.0, 4.0, 4.0, 6.0, 0.0, 4.0, 3.0, 3.0, 6.0, 1.0, 4.0, 4.0, 2.0, 2.0, 1.0, 4.0, 4.0, 1.0, 1.0, 4.0, 2.0, 1.0, 1.0, 1.0, 1.0, 1.0, 1.0, 1.0, 0.0, 2.0, 0.0, 2.0, 4.0, 2.0, 4.0, 3.0], [4.0, 4.0, 4.0, 0.0, 4.0, 4.0, 6.0, 0.0, 1.0, 1.0, 3.0, 4.0, 4.0, 4.0, 2.0, 2.0, 2.0, 2.0, 4.0, 4.0, 1.0, 1.0, 1.0, 2.0, 1.0, 1.0, 1.0, 1.0, 1.0, 3.0, 1.0, 2.0, 2.0, 0.0, 1.0, 4.0, 2.0, 4.0, 1.0], [4.0, 4.0, 0.0, 0.0, 4.0, 4.0, 4.0, 0.0, 1.0, 2.0, 3.0, 6.0, 4.0, 4.0, 4.0, 2.0, 3.0, 2.0, 4.0, 2.0, 1.0, 1.0, 1.0, 2.0, 1.0, 1.0, 1.0, 1.0, 1.0, 2.0, 1.0, 2.0, 1.0, 0.0, 3.0, 3.0, 2.0, 4.0, 1.0], [4.0, 3.0, 0.0, 0.0, 4.0, 3.0, 6.0, 0.0, 4.0, 0.0, 3.0, 4.0, 4.0, 4.0, 4.0, 2.0, 2.0, 1.0, 4.0, 4.0, 2.0, 1.0, 1.0, 2.0, 1.0, 1.0, 1.0, 1.0, 1.0, 1.0, 1.0, 2.0, 1.0, 0.0, 1.0, 4.0, 2.0, 4.0, 1.0], [4.0, 4.0, 0.0, 0.0, 2.0, 4.0, 4.0, 0.0, 1.0, 3.0, 1.0, 4.0, 4.0, 4.0, 1.0, 2.0, 4.0, 4.0, 4.0, 4.0, 1.0, 3.0, 1.0, 2.0, 1.0, 1.0, 1.0, 1.0, 1.0, 4.0, 1.0, 1.0, 4.0, 2.0, 1.0, 4.0, 2.0, 4.0, 1.0], [4.0, 3.0, 4.0, 0.0, 4.0, 4.0, 4.0, 0.0, 1.0, 0.0, 3.0, 6.0, 3.0, 4.0, 4.0, 2.0, 2.0, 3.0, 4.0, 4.0, 1.0, 1.0, 1.0, 2.0, 1.0, 1.0, 2.0, 1.0, 1.0, 3.0, 2.0, 2.0, 4.0, 2.0, 2.0, 2.0, 2.0, 4.0, 1.0], [4.0, 3.0, 4.0, 0.0, 4.0, 4.0, 6.0, 0.0, 4.0, 3.0, 3.0, 6.0, 1.0, 4.0, 1.0, 2.0, 2.0, 2.0, 4.0, 4.0, 1.0, 1.0, 4.0, 2.0, 1.0, 1.0, 1.0, 1.0, 1.0, 4.0, 2.0, 0.0, 2.0, 0.0, 2.0, 4.0, 2.0, 4.0, 3.0], [4.0, 4.0, 3.0, 3.0, 4.0, 4.0, 4.0, 0.0, 4.0, 0.0, 1.0, 4.0, 4.0, 4.0, 4.0, 2.0, 2.0, 3.0, 4.0, 2.0, 1.0, 1.0, 4.0, 2.0, 1.0, 1.0, 1.0, 1.0, 1.0, 1.0, 1.0, 1.0, 2.0, 0.0, 2.0, 4.0, 2.0, 4.0, 1.0], [3.0, 3.0, 3.0, 0.0, 4.0, 4.0, 6.0, 0.0, 4.0, 3.0, 3.0, 6.0, 4.0, 4.0, 4.0, 2.0, 2.0, 2.0, 4.0, 4.0, 1.0, 1.0, 1.0, 2.0, 2.0, 1.0, 1.0, 1.0, 1.0, 1.0, 1.0, 1.0, 4.0, 0.0, 1.0, 4.0, 2.0, 4.0, 1.0], [3.0, 4.0, 4.0, 1.0, 4.0, 3.0, 6.0, 0.0, 4.0, 3.0, 4.0, 4.0, 4.0, 4.0, 4.0, 2.0, 2.0, 2.0, 4.0, 4.0, 2.0, 1.0, 1.0, 2.0, 1.0, 1.0, 2.0, 1.0, 1.0, 4.0, 2.0, 4.0, 2.0, 1.0, 2.0, 4.0, 2.0, 4.0, 4.0], [4.0, 3.0, 4.0, 0.0, 4.0, 2.0, 4.0, 0.0, 4.0, 3.0, 3.0, 6.0, 4.0, 4.0, 4.0, 2.0, 2.0, 2.0, 4.0, 4.0, 1.0, 1.0, 1.0, 2.0, 1.0, 4.0, 1.0, 1.0, 1.0, 3.0, 1.0, 0.0, 2.0, 1.0, 1.0, 4.0, 2.0, 4.0, 1.0], [3.0, 3.0, 4.0, 0.0, 4.0, 4.0, 6.0, 0.0, 4.0, 1.0, 3.0, 4.0, 4.0, 4.0, 2.0, 2.0, 2.0, 2.0, 4.0, 2.0, 1.0, 1.0, 4.0, 2.0, 1.0, 1.0, 1.0, 1.0, 1.0, 3.0, 0.0, 1.0, 4.0, 2.0, 1.0, 4.0, 2.0, 4.0, 1.0], [4.0, 4.0, 4.0, 0.0, 3.0, 3.0, 6.0, 0.0, 1.0, 3.0, 3.0, 4.0, 4.0, 4.0, 4.0, 2.0, 2.0, 1.0, 4.0, 4.0, 2.0, 1.0, 4.0, 2.0, 1.0, 1.0, 1.0, 1.0, 1.0, 4.0, 1.0, 0.0, 2.0, 0.0, 1.0, 4.0, 2.0, 4.0, 1.0], [4.0, 3.0, 4.0, 1.0, 4.0, 2.0, 6.0, 0.0, 3.0, 1.0, 3.0, 6.0, 4.0, 4.0, 2.0, 2.0, 2.0, 1.0, 4.0, 4.0, 1.0, 1.0, 1.0, 2.0, 1.0, 1.0, 1.0, 1.0, 3.0, 4.0, 1.0, 0.0, 2.0, 0.0, 2.0, 4.0, 2.0, 4.0, 1.0], [4.0, 3.0, 4.0, 1.0, 4.0, 4.0, 4.0, 0.0, 4.0, 1.0, 3.0, 6.0, 4.0, 4.0, 4.0, 2.0, 2.0, 2.0, 4.0, 4.0, 1.0, 1.0, 1.0, 2.0, 1.0, 1.0, 1.0, 1.0, 3.0, 3.0, 1.0, 4.0, 2.0, 1.0, 1.0, 4.0, 2.0, 4.0, 3.0], [4.0, 4.0, 4.0, 1.0, 4.0, 3.0, 6.0, 0.0, 1.0, 1.0, 3.0, 4.0, 4.0, 4.0, 4.0, 2.0, 4.0, 2.0, 4.0, 4.0, 1.0, 1.0, 1.0, 2.0, 2.0, 1.0, 1.0, 1.0, 1.0, 1.0, 1.0, 2.0, 2.0, 1.0, 1.0, 4.0, 2.0, 4.0, 1.0], [4.0, 3.0, 4.0, 1.0, 2.0, 2.0, 4.0, 0.0, 4.0, 3.0, 3.0, 6.0, 4.0, 3.0, 3.0, 2.0, 2.0, 4.0, 4.0, 4.0, 1.0, 1.0, 1.0, 2.0, 1.0, 1.0, 1.0, 3.0, 1.0, 1.0, 1.0, 2.0, 2.0, 0.0, 1.0, 4.0, 2.0, 4.0, 1.0], [4.0, 4.0, 0.0, 1.0, 4.0, 3.0, 6.0, 0.0, 4.0, 3.0, 4.0, 4.0, 4.0, 4.0, 3.0, 2.0, 2.0, 3.0, 4.0, 4.0, 1.0, 1.0, 4.0, 2.0, 1.0, 1.0, 1.0, 1.0, 3.0, 1.0, 1.0, 2.0, 4.0, 0.0, 1.0, 4.0, 2.0, 4.0, 3.0], [4.0, 4.0, 3.0, 0.0, 4.0, 3.0, 6.0, 0.0, 1.0, 3.0, 3.0, 6.0, 4.0, 4.0, 3.0, 2.0, 2.0, 3.0, 4.0, 2.0, 1.0, 1.0, 2.0, 2.0, 1.0, 1.0, 1.0, 1.0, 1.0, 3.0, 1.0, 2.0, 4.0, 0.0, 1.0, 4.0, 2.0, 4.0, 1.0], [4.0, 3.0, 3.0, 4.0, 4.0, 4.0, 6.0, 0.0, 4.0, 0.0, 3.0, 6.0, 4.0, 4.0, 4.0, 2.0, 2.0, 2.0, 4.0, 4.0, 1.0, 1.0, 2.0, 2.0, 1.0, 1.0, 1.0, 1.0, 1.0, 1.0, 1.0, 1.0, 2.0, 0.0, 1.0, 4.0, 2.0, 4.0, 1.0], [3.0, 3.0, 4.0, 3.0, 4.0, 4.0, 6.0, 0.0, 1.0, 1.0, 3.0, 6.0, 4.0, 4.0, 4.0, 2.0, 3.0, 2.0, 4.0, 4.0, 1.0, 3.0, 1.0, 2.0, 1.0, 1.0, 1.0, 1.0, 1.0, 4.0, 1.0, 2.0, 2.0, 0.0, 1.0, 4.0, 2.0, 4.0, 2.0], [4.0, 4.0, 0.0, 0.0, 4.0, 4.0, 6.0, 0.0, 4.0, 1.0, 3.0, 6.0, 4.0, 4.0, 4.0, 2.0, 2.0, 4.0, 4.0, 4.0, 1.0, 1.0, 4.0, 2.0, 1.0, 1.0, 1.0, 1.0, 1.0, 3.0, 1.0, 1.0, 1.0, 0.0, 1.0, 4.0, 2.0, 4.0, 1.0], [4.0, 4.0, 4.0, 1.0, 4.0, 4.0, 4.0, 0.0, 1.0, 0.0, 4.0, 6.0, 4.0, 4.0, 4.0, 2.0, 2.0, 4.0, 4.0, 4.0, 1.0, 1.0, 1.0, 2.0, 2.0, 4.0, 1.0, 1.0, 1.0, 4.0, 1.0, 1.0, 2.0, 1.0, 2.0, 4.0, 2.0, 4.0, 1.0], [4.0, 3.0, 4.0, 0.0, 4.0, 4.0, 6.0, 0.0, 1.0, 0.0, 3.0, 6.0, 4.0, 4.0, 4.0, 2.0, 2.0, 1.0, 4.0, 2.0, 1.0, 1.0, 1.0, 2.0, 2.0, 1.0, 1.0, 1.0, 1.0, 1.0, 1.0, 2.0, 2.0, 2.0, 2.0, 4.0, 2.0, 4.0, 3.0], [4.0, 4.0, 0.0, 0.0, 4.0, 4.0, 4.0, 0.0, 4.0, 3.0, 4.0, 4.0, 4.0, 4.0, 4.0, 2.0, 2.0, 3.0, 4.0, 4.0, 2.0, 1.0, 4.0, 2.0, 1.0, 1.0, 1.0, 1.0, 1.0, 1.0, 1.0, 0.0, 4.0, 1.0, 1.0, 4.0, 2.0, 4.0, 1.0], [4.0, 3.0, 4.0, 4.0, 4.0, 4.0, 6.0, 0.0, 1.0, 1.0, 3.0, 6.0, 4.0, 4.0, 2.0, 2.0, 2.0, 3.0, 4.0, 4.0, 1.0, 1.0, 1.0, 2.0, 1.0, 1.0, 1.0, 1.0, 1.0, 1.0, 1.0, 4.0, 2.0, 2.0, 2.0, 4.0, 2.0, 4.0, 1.0], [3.0, 3.0, 4.0, 0.0, 4.0, 4.0, 4.0, 0.0, 1.0, 3.0, 3.0, 6.0, 4.0, 4.0, 4.0, 2.0, 2.0, 3.0, 4.0, 4.0, 1.0, 1.0, 1.0, 2.0, 1.0, 1.0, 2.0, 1.0, 1.0, 4.0, 1.0, 2.0, 4.0, 1.0, 2.0, 4.0, 2.0, 4.0, 3.0], [4.0, 3.0, 4.0, 0.0, 4.0, 4.0, 6.0, 0.0, 3.0, 1.0, 4.0, 6.0, 4.0, 4.0, 4.0, 2.0, 2.0, 2.0, 4.0, 4.0, 1.0, 1.0, 1.0, 2.0, 1.0, 1.0, 2.0, 1.0, 1.0, 3.0, 1.0, 1.0, 2.0, 1.0, 3.0, 4.0, 2.0, 4.0, 1.0], [4.0, 3.0, 4.0, 0.0, 4.0, 3.0, 6.0, 0.0, 3.0, 1.0, 3.0, 6.0, 4.0, 4.0, 1.0, 2.0, 2.0, 2.0, 4.0, 4.0, 1.0, 1.0, 1.0, 2.0, 1.0, 1.0, 1.0, 1.0, 1.0, 1.0, 1.0, 1.0, 2.0, 0.0, 1.0, 4.0, 2.0, 4.0, 1.0], [4.0, 3.0, 3.0, 0.0, 4.0, 3.0, 4.0, 0.0, 1.0, 3.0, 3.0, 4.0, 4.0, 4.0, 4.0, 2.0, 4.0, 2.0, 4.0, 4.0, 1.0, 1.0, 1.0, 2.0, 1.0, 1.0, 2.0, 1.0, 1.0, 2.0, 1.0, 4.0, 4.0, 1.0, 1.0, 4.0, 2.0, 4.0, 1.0], [4.0, 3.0, 3.0, 0.0, 4.0, 3.0, 6.0, 0.0, 1.0, 3.0, 4.0, 4.0, 4.0, 4.0, 3.0, 2.0, 2.0, 4.0, 4.0, 4.0, 1.0, 1.0, 1.0, 2.0, 1.0, 1.0, 1.0, 1.0, 3.0, 3.0, 1.0, 2.0, 2.0, 1.0, 1.0, 4.0, 2.0, 4.0, 3.0], [3.0, 3.0, 4.0, 4.0, 4.0, 3.0, 4.0, 0.0, 1.0, 1.0, 4.0, 4.0, 4.0, 4.0, 4.0, 2.0, 2.0, 3.0, 4.0, 4.0, 2.0, 3.0, 1.0, 2.0, 1.0, 1.0, 1.0, 1.0, 3.0, 1.0, 2.0, 2.0, 2.0, 1.0, 1.0, 4.0, 2.0, 4.0, 1.0], [4.0, 3.0, 4.0, 0.0, 4.0, 3.0, 6.0, 0.0, 4.0, 0.0, 3.0, 6.0, 4.0, 4.0, 4.0, 2.0, 2.0, 3.0, 4.0, 4.0, 1.0, 1.0, 1.0, 2.0, 1.0, 1.0, 1.0, 1.0, 1.0, 4.0, 1.0, 4.0, 2.0, 1.0, 2.0, 4.0, 2.0, 4.0, 1.0], [4.0, 3.0, 4.0, 0.0, 4.0, 4.0, 6.0, 0.0, 1.0, 3.0, 3.0, 6.0, 4.0, 4.0, 4.0, 2.0, 2.0, 1.0, 4.0, 4.0, 1.0, 2.0, 4.0, 2.0, 1.0, 1.0, 1.0, 1.0, 3.0, 2.0, 1.0, 4.0, 1.0, 2.0, 3.0, 4.0, 2.0, 4.0, 2.0], [4.0, 4.0, 4.0, 0.0, 4.0, 4.0, 6.0, 0.0, 4.0, 1.0, 4.0, 6.0, 4.0, 4.0, 4.0, 2.0, 3.0, 2.0, 4.0, 4.0, 1.0, 1.0, 1.0, 2.0, 1.0, 1.0, 1.0, 1.0, 1.0, 1.0, 1.0, 1.0, 2.0, 0.0, 2.0, 4.0, 2.0, 4.0, 2.0], [4.0, 4.0, 4.0, 0.0, 4.0, 3.0, 6.0, 0.0, 1.0, 1.0, 3.0, 6.0, 1.0, 4.0, 3.0, 2.0, 2.0, 1.0, 4.0, 4.0, 1.0, 1.0, 1.0, 2.0, 1.0, 1.0, 1.0, 1.0, 1.0, 2.0, 1.0, 1.0, 2.0, 0.0, 1.0, 3.0, 2.0, 4.0, 1.0], [4.0, 4.0, 0.0, 0.0, 4.0, 4.0, 6.0, 0.0, 1.0, 1.0, 4.0, 6.0, 4.0, 4.0, 4.0, 2.0, 2.0, 2.0, 4.0, 4.0, 1.0, 1.0, 1.0, 2.0, 1.0, 1.0, 1.0, 1.0, 1.0, 3.0, 2.0, 2.0, 4.0, 0.0, 1.0, 4.0, 2.0, 4.0, 4.0], [3.0, 3.0, 2.0, 0.0, 4.0, 4.0, 6.0, 0.0, 1.0, 1.0, 3.0, 1.0, 4.0, 4.0, 2.0, 2.0, 2.0, 2.0, 4.0, 2.0, 1.0, 1.0, 1.0, 2.0, 2.0, 1.0, 1.0, 1.0, 1.0, 1.0, 1.0, 2.0, 2.0, 1.0, 2.0, 4.0, 2.0, 4.0, 2.0], [3.0, 4.0, 4.0, 1.0, 4.0, 4.0, 6.0, 0.0, 4.0, 0.0, 3.0, 6.0, 4.0, 4.0, 4.0, 2.0, 2.0, 2.0, 4.0, 4.0, 1.0, 1.0, 1.0, 2.0, 2.0, 1.0, 1.0, 1.0, 1.0, 4.0, 1.0, 2.0, 2.0, 2.0, 1.0, 4.0, 2.0, 4.0, 1.0], [4.0, 4.0, 0.0, 0.0, 4.0, 3.0, 6.0, 0.0, 1.0, 3.0, 3.0, 6.0, 4.0, 4.0, 1.0, 2.0, 3.0, 3.0, 4.0, 4.0, 1.0, 1.0, 4.0, 2.0, 1.0, 1.0, 2.0, 1.0, 1.0, 3.0, 1.0, 2.0, 2.0, 2.0, 1.0, 4.0, 2.0, 4.0, 1.0], [4.0, 3.0, 4.0, 0.0, 4.0, 4.0, 4.0, 0.0, 1.0, 3.0, 3.0, 6.0, 4.0, 4.0, 4.0, 2.0, 2.0, 2.0, 4.0, 4.0, 2.0, 1.0, 1.0, 2.0, 1.0, 1.0, 2.0, 1.0, 1.0, 4.0, 1.0, 2.0, 1.0, 0.0, 1.0, 3.0, 2.0, 4.0, 1.0], [3.0, 3.0, 4.0, 4.0, 4.0, 4.0, 6.0, 0.0, 3.0, 0.0, 4.0, 6.0, 4.0, 4.0, 4.0, 2.0, 2.0, 2.0, 4.0, 4.0, 1.0, 1.0, 2.0, 2.0, 1.0, 1.0, 1.0, 1.0, 1.0, 1.0, 1.0, 2.0, 2.0, 1.0, 1.0, 4.0, 2.0, 4.0, 1.0], [4.0, 4.0, 0.0, 4.0, 4.0, 4.0, 4.0, 0.0, 1.0, 3.0, 4.0, 6.0, 4.0, 4.0, 4.0, 2.0, 2.0, 1.0, 4.0, 4.0, 1.0, 1.0, 1.0, 2.0, 1.0, 1.0, 1.0, 1.0, 1.0, 4.0, 2.0, 3.0, 1.0, 0.0, 1.0, 4.0, 2.0, 4.0, 1.0], [3.0, 3.0, 3.0, 0.0, 4.0, 4.0, 6.0, 0.0, 1.0, 1.0, 3.0, 6.0, 4.0, 4.0, 4.0, 2.0, 2.0, 4.0, 4.0, 2.0, 1.0, 1.0, 1.0, 2.0, 1.0, 1.0, 2.0, 1.0, 1.0, 3.0, 1.0, 2.0, 4.0, 2.0, 1.0, 4.0, 2.0, 4.0, 1.0], [4.0, 3.0, 4.0, 0.0, 4.0, 2.0, 6.0, 0.0, 4.0, 3.0, 3.0, 4.0, 4.0, 4.0, 4.0, 2.0, 3.0, 2.0, 4.0, 4.0, 2.0, 1.0, 1.0, 2.0, 1.0, 1.0, 1.0, 1.0, 1.0, 1.0, 1.0, 1.0, 4.0, 0.0, 2.0, 4.0, 2.0, 4.0, 1.0]]

first layer check: Conv2d(6, 64, kernel_size=(7, 7), stride=(2, 2), padding=(3, 3), bias=False)

for model 1: mode acc: 0.28205129504203796, run mean acc: 0.30791670083999634, top-2 acc:0.5770833492279053, mode f1: 0.28205129504203796

model 1 mode preds
[4.0, 4.0, 4.0, 1.0, 6.0, 4.0, 6.0, 1.0, 1.0, 1.0, 1.0, 6.0, 1.0, 6.0, 4.0, 2.0, 2.0, 2.0, 6.0, 4.0, 2.0, 1.0, 1.0, 2.0, 2.0, 1.0, 1.0, 1.0, 1.0, 4.0, 1.0, 2.0, 1.0, 2.0, 1.0, 4.0, 3.0, 3.0, 2.0]

model 1 all preds
[[4.0, 4.0, 4.0, 3.0, 6.0, 3.0, 6.0, 0.0, 1.0, 1.0, 3.0, 6.0, 6.0, 6.0, 4.0, 2.0, 2.0, 2.0, 6.0, 4.0, 1.0, 1.0, 2.0, 2.0, 1.0, 4.0, 1.0, 1.0, 1.0, 1.0, 1.0, 2.0, 1.0, 1.0, 1.0, 4.0, 3.0, 3.0, 2.0], [4.0, 4.0, 4.0, 3.0, 6.0, 3.0, 6.0, 0.0, 1.0, 1.0, 1.0, 6.0, 4.0, 6.0, 3.0, 2.0, 2.0, 2.0, 6.0, 4.0, 2.0, 1.0, 2.0, 2.0, 2.0, 1.0, 1.0, 1.0, 1.0, 4.0, 1.0, 3.0, 1.0, 2.0, 1.0, 4.0, 3.0, 3.0, 4.0], [4.0, 4.0, 3.0, 0.0, 6.0, 3.0, 6.0, 1.0, 1.0, 1.0, 1.0, 6.0, 1.0, 6.0, 6.0, 2.0, 2.0, 2.0, 6.0, 4.0, 1.0, 1.0, 4.0, 2.0, 2.0, 1.0, 1.0, 1.0, 1.0, 4.0, 1.0, 3.0, 1.0, 1.0, 1.0, 4.0, 4.0, 3.0, 2.0], [4.0, 4.0, 0.0, 1.0, 6.0, 3.0, 6.0, 1.0, 1.0, 1.0, 2.0, 1.0, 6.0, 6.0, 4.0, 2.0, 2.0, 2.0, 6.0, 4.0, 2.0, 1.0, 2.0, 2.0, 2.0, 1.0, 1.0, 1.0, 1.0, 6.0, 1.0, 2.0, 1.0, 2.0, 1.0, 4.0, 4.0, 3.0, 2.0], [1.0, 4.0, 4.0, 0.0, 6.0, 4.0, 6.0, 1.0, 1.0, 1.0, 3.0, 1.0, 6.0, 6.0, 3.0, 2.0, 2.0, 3.0, 6.0, 4.0, 2.0, 1.0, 4.0, 2.0, 1.0, 1.0, 1.0, 1.0, 1.0, 4.0, 1.0, 3.0, 1.0, 2.0, 1.0, 4.0, 3.0, 3.0, 1.0], [4.0, 4.0, 3.0, 1.0, 6.0, 3.0, 6.0, 1.0, 1.0, 1.0, 2.0, 6.0, 6.0, 6.0, 4.0, 2.0, 2.0, 2.0, 6.0, 4.0, 3.0, 1.0, 1.0, 2.0, 2.0, 3.0, 1.0, 1.0, 1.0, 4.0, 1.0, 3.0, 1.0, 2.0, 1.0, 4.0, 4.0, 3.0, 2.0], [4.0, 4.0, 1.0, 1.0, 6.0, 4.0, 6.0, 1.0, 1.0, 1.0, 1.0, 6.0, 6.0, 6.0, 1.0, 2.0, 2.0, 2.0, 6.0, 4.0, 3.0, 1.0, 2.0, 2.0, 2.0, 4.0, 1.0, 1.0, 1.0, 1.0, 1.0, 3.0, 1.0, 2.0, 1.0, 4.0, 3.0, 3.0, 2.0], [4.0, 4.0, 4.0, 1.0, 6.0, 3.0, 6.0, 1.0, 1.0, 1.0, 3.0, 6.0, 1.0, 6.0, 6.0, 2.0, 2.0, 2.0, 6.0, 4.0, 2.0, 1.0, 2.0, 2.0, 2.0, 2.0, 1.0, 1.0, 1.0, 6.0, 1.0, 2.0, 1.0, 2.0, 1.0, 4.0, 3.0, 3.0, 2.0], [4.0, 4.0, 4.0, 0.0, 6.0, 3.0, 4.0, 0.0, 1.0, 1.0, 1.0, 6.0, 1.0, 6.0, 4.0, 2.0, 2.0, 2.0, 4.0, 4.0, 2.0, 1.0, 1.0, 4.0, 1.0, 3.0, 1.0, 1.0, 1.0, 4.0, 2.0, 3.0, 1.0, 1.0, 1.0, 4.0, 3.0, 3.0, 2.0], [4.0, 4.0, 4.0, 3.0, 6.0, 4.0, 6.0, 4.0, 4.0, 1.0, 1.0, 6.0, 1.0, 6.0, 6.0, 2.0, 2.0, 2.0, 6.0, 4.0, 2.0, 1.0, 1.0, 2.0, 1.0, 1.0, 1.0, 1.0, 1.0, 6.0, 1.0, 2.0, 1.0, 2.0, 1.0, 4.0, 4.0, 3.0, 1.0], [4.0, 4.0, 1.0, 1.0, 6.0, 4.0, 6.0, 1.0, 3.0, 1.0, 4.0, 6.0, 1.0, 6.0, 3.0, 2.0, 2.0, 2.0, 6.0, 4.0, 2.0, 1.0, 2.0, 2.0, 1.0, 1.0, 1.0, 1.0, 1.0, 2.0, 1.0, 3.0, 2.0, 2.0, 1.0, 4.0, 4.0, 3.0, 1.0], [4.0, 4.0, 1.0, 1.0, 6.0, 3.0, 6.0, 4.0, 1.0, 1.0, 3.0, 6.0, 1.0, 6.0, 1.0, 2.0, 2.0, 2.0, 6.0, 4.0, 2.0, 1.0, 1.0, 2.0, 3.0, 1.0, 1.0, 1.0, 1.0, 4.0, 2.0, 2.0, 1.0, 2.0, 1.0, 4.0, 4.0, 3.0, 1.0], [4.0, 4.0, 4.0, 1.0, 4.0, 4.0, 6.0, 3.0, 1.0, 1.0, 3.0, 6.0, 6.0, 6.0, 1.0, 2.0, 2.0, 3.0, 6.0, 4.0, 2.0, 1.0, 2.0, 4.0, 2.0, 4.0, 1.0, 1.0, 1.0, 4.0, 1.0, 3.0, 1.0, 1.0, 1.0, 4.0, 4.0, 3.0, 1.0], [4.0, 4.0, 4.0, 3.0, 6.0, 3.0, 6.0, 1.0, 1.0, 1.0, 1.0, 6.0, 1.0, 6.0, 3.0, 2.0, 2.0, 3.0, 6.0, 4.0, 2.0, 1.0, 1.0, 2.0, 1.0, 1.0, 1.0, 1.0, 1.0, 4.0, 1.0, 3.0, 1.0, 2.0, 1.0, 4.0, 3.0, 3.0, 3.0], [4.0, 4.0, 4.0, 1.0, 4.0, 4.0, 6.0, 1.0, 1.0, 1.0, 2.0, 6.0, 6.0, 6.0, 1.0, 2.0, 2.0, 2.0, 4.0, 4.0, 1.0, 1.0, 1.0, 4.0, 2.0, 1.0, 1.0, 1.0, 1.0, 4.0, 1.0, 2.0, 1.0, 2.0, 1.0, 4.0, 3.0, 3.0, 2.0], [4.0, 4.0, 0.0, 0.0, 4.0, 6.0, 6.0, 2.0, 1.0, 1.0, 2.0, 6.0, 1.0, 6.0, 6.0, 2.0, 2.0, 3.0, 4.0, 4.0, 2.0, 1.0, 2.0, 4.0, 2.0, 1.0, 1.0, 1.0, 1.0, 1.0, 1.0, 2.0, 1.0, 2.0, 1.0, 4.0, 3.0, 4.0, 2.0], [4.0, 4.0, 0.0, 1.0, 6.0, 3.0, 6.0, 2.0, 4.0, 1.0, 3.0, 6.0, 1.0, 6.0, 1.0, 2.0, 2.0, 2.0, 6.0, 4.0, 4.0, 1.0, 1.0, 2.0, 2.0, 4.0, 1.0, 1.0, 1.0, 1.0, 1.0, 2.0, 1.0, 1.0, 1.0, 4.0, 3.0, 4.0, 2.0], [4.0, 4.0, 1.0, 1.0, 6.0, 2.0, 6.0, 1.0, 1.0, 1.0, 3.0, 6.0, 6.0, 6.0, 6.0, 2.0, 2.0, 2.0, 6.0, 4.0, 2.0, 1.0, 1.0, 2.0, 2.0, 1.0, 1.0, 2.0, 1.0, 6.0, 1.0, 3.0, 1.0, 2.0, 1.0, 4.0, 3.0, 3.0, 2.0], [4.0, 4.0, 4.0, 0.0, 6.0, 5.0, 6.0, 1.0, 1.0, 1.0, 1.0, 6.0, 6.0, 6.0, 6.0, 2.0, 2.0, 3.0, 6.0, 4.0, 3.0, 1.0, 1.0, 2.0, 2.0, 3.0, 1.0, 1.0, 1.0, 1.0, 1.0, 2.0, 1.0, 2.0, 1.0, 1.0, 3.0, 3.0, 2.0], [4.0, 4.0, 4.0, 1.0, 6.0, 4.0, 6.0, 1.0, 4.0, 1.0, 4.0, 6.0, 1.0, 6.0, 6.0, 2.0, 2.0, 2.0, 4.0, 4.0, 1.0, 1.0, 1.0, 2.0, 1.0, 3.0, 1.0, 1.0, 1.0, 1.0, 1.0, 2.0, 1.0, 2.0, 1.0, 4.0, 3.0, 3.0, 1.0], [4.0, 1.0, 0.0, 0.0, 3.0, 4.0, 6.0, 1.0, 3.0, 1.0, 1.0, 6.0, 6.0, 6.0, 4.0, 2.0, 2.0, 2.0, 6.0, 4.0, 3.0, 1.0, 2.0, 2.0, 2.0, 4.0, 1.0, 1.0, 1.0, 2.0, 1.0, 3.0, 1.0, 2.0, 1.0, 4.0, 3.0, 3.0, 1.0], [4.0, 4.0, 4.0, 1.0, 6.0, 3.0, 6.0, 2.0, 3.0, 1.0, 1.0, 6.0, 1.0, 6.0, 4.0, 2.0, 2.0, 3.0, 4.0, 4.0, 2.0, 1.0, 1.0, 2.0, 2.0, 3.0, 1.0, 1.0, 1.0, 1.0, 1.0, 2.0, 2.0, 1.0, 1.0, 4.0, 4.0, 3.0, 2.0], [4.0, 4.0, 1.0, 1.0, 4.0, 4.0, 6.0, 4.0, 3.0, 1.0, 3.0, 4.0, 6.0, 6.0, 4.0, 2.0, 2.0, 1.0, 4.0, 4.0, 2.0, 1.0, 1.0, 2.0, 1.0, 1.0, 1.0, 1.0, 1.0, 1.0, 1.0, 2.0, 1.0, 1.0, 1.0, 4.0, 3.0, 3.0, 1.0], [1.0, 4.0, 1.0, 1.0, 4.0, 3.0, 6.0, 1.0, 1.0, 1.0, 1.0, 6.0, 6.0, 6.0, 1.0, 2.0, 2.0, 3.0, 3.0, 4.0, 1.0, 1.0, 1.0, 4.0, 2.0, 4.0, 1.0, 1.0, 1.0, 4.0, 1.0, 2.0, 1.0, 2.0, 1.0, 4.0, 3.0, 3.0, 2.0], [4.0, 4.0, 1.0, 0.0, 4.0, 3.0, 6.0, 4.0, 1.0, 1.0, 4.0, 1.0, 6.0, 6.0, 1.0, 2.0, 2.0, 3.0, 6.0, 4.0, 2.0, 1.0, 2.0, 2.0, 2.0, 1.0, 1.0, 2.0, 1.0, 6.0, 1.0, 3.0, 1.0, 2.0, 1.0, 4.0, 3.0, 3.0, 2.0], [4.0, 4.0, 0.0, 0.0, 6.0, 2.0, 6.0, 1.0, 3.0, 1.0, 3.0, 6.0, 6.0, 6.0, 1.0, 2.0, 2.0, 2.0, 6.0, 4.0, 2.0, 1.0, 1.0, 2.0, 1.0, 4.0, 1.0, 2.0, 1.0, 1.0, 1.0, 2.0, 1.0, 2.0, 1.0, 4.0, 3.0, 4.0, 2.0], [4.0, 4.0, 3.0, 1.0, 6.0, 3.0, 6.0, 2.0, 1.0, 1.0, 1.0, 1.0, 1.0, 6.0, 4.0, 2.0, 2.0, 2.0, 6.0, 4.0, 1.0, 1.0, 1.0, 2.0, 2.0, 4.0, 1.0, 1.0, 1.0, 1.0, 1.0, 2.0, 1.0, 2.0, 1.0, 4.0, 4.0, 3.0, 2.0], [4.0, 1.0, 1.0, 3.0, 6.0, 4.0, 6.0, 0.0, 1.0, 1.0, 1.0, 4.0, 1.0, 6.0, 6.0, 2.0, 2.0, 2.0, 4.0, 4.0, 3.0, 1.0, 2.0, 2.0, 1.0, 4.0, 1.0, 1.0, 1.0, 1.0, 1.0, 3.0, 1.0, 2.0, 1.0, 4.0, 3.0, 4.0, 3.0], [4.0, 4.0, 4.0, 1.0, 4.0, 4.0, 6.0, 0.0, 1.0, 1.0, 1.0, 6.0, 6.0, 6.0, 6.0, 2.0, 2.0, 2.0, 6.0, 4.0, 1.0, 1.0, 1.0, 2.0, 1.0, 1.0, 1.0, 1.0, 1.0, 4.0, 1.0, 3.0, 1.0, 2.0, 1.0, 4.0, 4.0, 3.0, 1.0], [4.0, 4.0, 4.0, 3.0, 4.0, 2.0, 6.0, 0.0, 4.0, 1.0, 1.0, 6.0, 1.0, 6.0, 1.0, 2.0, 2.0, 2.0, 6.0, 4.0, 1.0, 1.0, 2.0, 2.0, 2.0, 1.0, 1.0, 1.0, 1.0, 6.0, 1.0, 2.0, 1.0, 2.0, 1.0, 4.0, 3.0, 3.0, 2.0], [4.0, 3.0, 1.0, 0.0, 6.0, 4.0, 6.0, 2.0, 4.0, 1.0, 1.0, 6.0, 6.0, 6.0, 4.0, 2.0, 2.0, 2.0, 3.0, 4.0, 3.0, 1.0, 2.0, 2.0, 1.0, 1.0, 1.0, 2.0, 1.0, 4.0, 1.0, 2.0, 1.0, 2.0, 1.0, 4.0, 4.0, 3.0, 1.0], [4.0, 4.0, 4.0, 3.0, 6.0, 4.0, 6.0, 1.0, 1.0, 1.0, 3.0, 1.0, 6.0, 6.0, 4.0, 2.0, 2.0, 1.0, 4.0, 4.0, 1.0, 1.0, 2.0, 2.0, 2.0, 3.0, 1.0, 1.0, 1.0, 1.0, 1.0, 3.0, 1.0, 2.0, 1.0, 4.0, 4.0, 3.0, 1.0], [4.0, 4.0, 4.0, 0.0, 6.0, 3.0, 6.0, 2.0, 1.0, 1.0, 3.0, 6.0, 6.0, 6.0, 6.0, 2.0, 2.0, 2.0, 4.0, 4.0, 1.0, 1.0, 1.0, 4.0, 2.0, 1.0, 1.0, 2.0, 1.0, 4.0, 1.0, 3.0, 2.0, 2.0, 1.0, 4.0, 3.0, 3.0, 4.0], [4.0, 4.0, 1.0, 1.0, 4.0, 4.0, 6.0, 2.0, 1.0, 1.0, 4.0, 6.0, 1.0, 6.0, 1.0, 2.0, 2.0, 3.0, 4.0, 4.0, 2.0, 1.0, 1.0, 2.0, 1.0, 4.0, 1.0, 2.0, 1.0, 4.0, 1.0, 2.0, 1.0, 2.0, 1.0, 4.0, 4.0, 3.0, 2.0], [6.0, 4.0, 0.0, 0.0, 4.0, 4.0, 6.0, 1.0, 1.0, 1.0, 3.0, 6.0, 1.0, 6.0, 4.0, 2.0, 4.0, 2.0, 6.0, 4.0, 2.0, 1.0, 2.0, 2.0, 1.0, 1.0, 1.0, 1.0, 1.0, 1.0, 1.0, 2.0, 1.0, 2.0, 1.0, 4.0, 3.0, 3.0, 2.0], [4.0, 4.0, 0.0, 1.0, 6.0, 4.0, 6.0, 2.0, 3.0, 1.0, 1.0, 6.0, 6.0, 6.0, 4.0, 2.0, 2.0, 2.0, 3.0, 4.0, 1.0, 1.0, 2.0, 2.0, 1.0, 3.0, 1.0, 1.0, 1.0, 4.0, 2.0, 2.0, 1.0, 2.0, 1.0, 4.0, 3.0, 3.0, 2.0], [4.0, 4.0, 1.0, 1.0, 6.0, 4.0, 6.0, 0.0, 1.0, 1.0, 1.0, 1.0, 1.0, 6.0, 1.0, 2.0, 2.0, 2.0, 6.0, 4.0, 1.0, 1.0, 2.0, 2.0, 2.0, 1.0, 1.0, 1.0, 1.0, 1.0, 1.0, 2.0, 2.0, 2.0, 1.0, 4.0, 3.0, 3.0, 2.0], [4.0, 4.0, 1.0, 1.0, 6.0, 6.0, 6.0, 1.0, 4.0, 1.0, 4.0, 6.0, 1.0, 6.0, 1.0, 2.0, 2.0, 3.0, 4.0, 4.0, 2.0, 1.0, 1.0, 2.0, 1.0, 1.0, 1.0, 1.0, 1.0, 1.0, 2.0, 2.0, 3.0, 2.0, 1.0, 4.0, 3.0, 3.0, 2.0], [4.0, 4.0, 4.0, 1.0, 6.0, 3.0, 6.0, 1.0, 1.0, 1.0, 1.0, 6.0, 6.0, 6.0, 4.0, 2.0, 2.0, 2.0, 6.0, 4.0, 1.0, 1.0, 1.0, 4.0, 3.0, 4.0, 1.0, 1.0, 1.0, 4.0, 1.0, 3.0, 1.0, 2.0, 1.0, 4.0, 4.0, 3.0, 2.0], [4.0, 4.0, 1.0, 1.0, 4.0, 3.0, 6.0, 0.0, 3.0, 1.0, 4.0, 1.0, 1.0, 6.0, 4.0, 2.0, 2.0, 3.0, 4.0, 2.0, 1.0, 1.0, 2.0, 2.0, 2.0, 1.0, 1.0, 1.0, 1.0, 4.0, 1.0, 2.0, 3.0, 2.0, 1.0, 4.0, 3.0, 4.0, 2.0], [4.0, 4.0, 4.0, 0.0, 6.0, 3.0, 6.0, 0.0, 1.0, 1.0, 3.0, 1.0, 6.0, 6.0, 6.0, 2.0, 2.0, 2.0, 3.0, 2.0, 1.0, 1.0, 1.0, 2.0, 2.0, 1.0, 1.0, 1.0, 1.0, 1.0, 1.0, 3.0, 1.0, 2.0, 1.0, 4.0, 3.0, 4.0, 1.0], [4.0, 4.0, 1.0, 1.0, 6.0, 4.0, 6.0, 2.0, 4.0, 1.0, 3.0, 6.0, 4.0, 6.0, 4.0, 2.0, 2.0, 2.0, 6.0, 4.0, 1.0, 1.0, 1.0, 2.0, 2.0, 4.0, 1.0, 1.0, 1.0, 1.0, 1.0, 2.0, 1.0, 1.0, 1.0, 4.0, 3.0, 3.0, 1.0], [4.0, 4.0, 1.0, 0.0, 6.0, 4.0, 6.0, 1.0, 3.0, 1.0, 4.0, 6.0, 1.0, 6.0, 6.0, 2.0, 2.0, 2.0, 6.0, 4.0, 2.0, 1.0, 4.0, 2.0, 2.0, 1.0, 1.0, 1.0, 1.0, 4.0, 1.0, 3.0, 1.0, 2.0, 1.0, 4.0, 4.0, 3.0, 1.0], [4.0, 4.0, 4.0, 1.0, 6.0, 4.0, 6.0, 1.0, 1.0, 1.0, 3.0, 6.0, 1.0, 6.0, 3.0, 2.0, 2.0, 2.0, 3.0, 4.0, 2.0, 1.0, 1.0, 2.0, 2.0, 4.0, 1.0, 1.0, 1.0, 2.0, 1.0, 3.0, 3.0, 2.0, 1.0, 4.0, 3.0, 3.0, 1.0], [4.0, 4.0, 4.0, 1.0, 6.0, 4.0, 6.0, 0.0, 1.0, 1.0, 1.0, 6.0, 6.0, 6.0, 6.0, 2.0, 2.0, 3.0, 3.0, 4.0, 2.0, 1.0, 1.0, 4.0, 2.0, 4.0, 1.0, 1.0, 1.0, 4.0, 1.0, 2.0, 2.0, 2.0, 1.0, 4.0, 3.0, 3.0, 1.0], [4.0, 4.0, 4.0, 0.0, 6.0, 3.0, 6.0, 0.0, 3.0, 2.0, 3.0, 6.0, 1.0, 6.0, 2.0, 2.0, 2.0, 2.0, 4.0, 4.0, 2.0, 1.0, 1.0, 2.0, 2.0, 4.0, 1.0, 1.0, 1.0, 4.0, 1.0, 1.0, 1.0, 2.0, 1.0, 4.0, 3.0, 4.0, 3.0], [4.0, 4.0, 1.0, 1.0, 6.0, 2.0, 6.0, 1.0, 1.0, 1.0, 2.0, 1.0, 1.0, 6.0, 1.0, 2.0, 2.0, 1.0, 4.0, 4.0, 1.0, 1.0, 1.0, 2.0, 2.0, 1.0, 1.0, 1.0, 1.0, 1.0, 1.0, 1.0, 1.0, 1.0, 1.0, 1.0, 3.0, 3.0, 1.0], [4.0, 4.0, 4.0, 1.0, 6.0, 4.0, 6.0, 0.0, 1.0, 2.0, 1.0, 6.0, 6.0, 4.0, 4.0, 2.0, 2.0, 2.0, 6.0, 4.0, 1.0, 1.0, 1.0, 3.0, 2.0, 4.0, 1.0, 1.0, 1.0, 4.0, 1.0, 2.0, 2.0, 1.0, 1.0, 4.0, 4.0, 3.0, 2.0], [4.0, 4.0, 0.0, 1.0, 6.0, 4.0, 6.0, 2.0, 4.0, 1.0, 3.0, 4.0, 1.0, 6.0, 6.0, 2.0, 2.0, 2.0, 6.0, 4.0, 3.0, 1.0, 4.0, 2.0, 1.0, 4.0, 1.0, 1.0, 1.0, 1.0, 1.0, 3.0, 1.0, 1.0, 1.0, 4.0, 3.0, 3.0, 2.0], [4.0, 4.0, 0.0, 1.0, 6.0, 3.0, 6.0, 1.0, 4.0, 1.0, 1.0, 6.0, 1.0, 6.0, 4.0, 2.0, 2.0, 2.0, 6.0, 4.0, 3.0, 1.0, 1.0, 2.0, 1.0, 3.0, 1.0, 1.0, 1.0, 4.0, 1.0, 3.0, 2.0, 2.0, 1.0, 4.0, 3.0, 3.0, 2.0]]

first layer check: Conv2d(6, 64, kernel_size=(7, 7), stride=(2, 2), padding=(3, 3), bias=False)

for model 2: mode acc: 0.38461539149284363, run mean acc: 0.4254167079925537, top-2 acc:0.700416624546051, mode f1: 0.38461539149284363

model 2 mode preds
[6.0, 3.0, 4.0, 3.0, 6.0, 6.0, 6.0, 0.0, 3.0, 1.0, 3.0, 6.0, 6.0, 6.0, 2.0, 1.0, 2.0, 2.0, 6.0, 4.0, 3.0, 1.0, 2.0, 1.0, 1.0, 1.0, 1.0, 3.0, 1.0, 3.0, 1.0, 1.0, 2.0, 1.0, 1.0, 6.0, 2.0, 6.0, 1.0]

model 2 all preds
[[6.0, 1.0, 4.0, 3.0, 2.0, 6.0, 6.0, 2.0, 3.0, 1.0, 3.0, 6.0, 1.0, 6.0, 2.0, 1.0, 2.0, 2.0, 6.0, 4.0, 1.0, 1.0, 4.0, 1.0, 1.0, 2.0, 1.0, 1.0, 1.0, 3.0, 1.0, 1.0, 1.0, 1.0, 1.0, 6.0, 2.0, 6.0, 2.0], [6.0, 3.0, 4.0, 1.0, 2.0, 6.0, 6.0, 0.0, 3.0, 1.0, 3.0, 6.0, 2.0, 6.0, 2.0, 1.0, 2.0, 2.0, 6.0, 4.0, 3.0, 1.0, 3.0, 1.0, 1.0, 3.0, 1.0, 1.0, 1.0, 1.0, 3.0, 2.0, 1.0, 1.0, 1.0, 6.0, 2.0, 6.0, 1.0], [1.0, 3.0, 4.0, 1.0, 2.0, 4.0, 6.0, 4.0, 3.0, 1.0, 3.0, 6.0, 1.0, 6.0, 6.0, 1.0, 2.0, 2.0, 6.0, 4.0, 3.0, 1.0, 2.0, 1.0, 1.0, 2.0, 1.0, 1.0, 1.0, 6.0, 2.0, 1.0, 2.0, 1.0, 1.0, 6.0, 2.0, 6.0, 1.0], [6.0, 3.0, 4.0, 3.0, 3.0, 3.0, 6.0, 0.0, 3.0, 1.0, 3.0, 6.0, 2.0, 6.0, 2.0, 1.0, 2.0, 2.0, 6.0, 4.0, 3.0, 1.0, 3.0, 1.0, 1.0, 4.0, 1.0, 3.0, 1.0, 3.0, 1.0, 1.0, 2.0, 1.0, 1.0, 6.0, 2.0, 6.0, 1.0], [1.0, 3.0, 4.0, 0.0, 3.0, 2.0, 6.0, 0.0, 3.0, 1.0, 4.0, 3.0, 3.0, 6.0, 3.0, 1.0, 2.0, 2.0, 6.0, 4.0, 2.0, 1.0, 4.0, 1.0, 1.0, 1.0, 1.0, 3.0, 1.0, 3.0, 3.0, 1.0, 3.0, 1.0, 1.0, 6.0, 2.0, 6.0, 1.0], [1.0, 1.0, 4.0, 3.0, 6.0, 4.0, 6.0, 2.0, 3.0, 1.0, 6.0, 6.0, 2.0, 6.0, 5.0, 1.0, 2.0, 2.0, 6.0, 4.0, 2.0, 3.0, 4.0, 1.0, 1.0, 2.0, 1.0, 3.0, 1.0, 2.0, 1.0, 2.0, 2.0, 1.0, 1.0, 4.0, 2.0, 6.0, 1.0], [6.0, 3.0, 4.0, 3.0, 6.0, 6.0, 6.0, 2.0, 3.0, 1.0, 3.0, 6.0, 2.0, 6.0, 3.0, 1.0, 2.0, 2.0, 6.0, 4.0, 2.0, 1.0, 3.0, 1.0, 1.0, 1.0, 1.0, 1.0, 1.0, 1.0, 1.0, 1.0, 2.0, 1.0, 1.0, 4.0, 2.0, 6.0, 1.0], [1.0, 3.0, 4.0, 1.0, 6.0, 6.0, 6.0, 2.0, 3.0, 1.0, 3.0, 6.0, 6.0, 6.0, 1.0, 1.0, 2.0, 2.0, 6.0, 2.0, 1.0, 1.0, 4.0, 1.0, 1.0, 1.0, 1.0, 3.0, 1.0, 3.0, 1.0, 1.0, 3.0, 1.0, 1.0, 4.0, 2.0, 6.0, 1.0], [3.0, 3.0, 4.0, 3.0, 6.0, 4.0, 6.0, 4.0, 3.0, 1.0, 3.0, 6.0, 1.0, 6.0, 6.0, 1.0, 2.0, 2.0, 6.0, 2.0, 1.0, 1.0, 3.0, 1.0, 1.0, 4.0, 1.0, 3.0, 1.0, 3.0, 1.0, 1.0, 2.0, 1.0, 1.0, 6.0, 2.0, 6.0, 1.0], [6.0, 6.0, 6.0, 1.0, 6.0, 6.0, 6.0, 2.0, 3.0, 1.0, 4.0, 6.0, 3.0, 6.0, 2.0, 1.0, 2.0, 2.0, 6.0, 6.0, 3.0, 1.0, 4.0, 1.0, 1.0, 2.0, 1.0, 1.0, 1.0, 3.0, 1.0, 2.0, 1.0, 1.0, 1.0, 4.0, 2.0, 6.0, 1.0], [6.0, 3.0, 4.0, 1.0, 6.0, 4.0, 6.0, 4.0, 3.0, 1.0, 3.0, 6.0, 6.0, 6.0, 3.0, 1.0, 2.0, 2.0, 6.0, 4.0, 2.0, 1.0, 2.0, 1.0, 1.0, 1.0, 1.0, 3.0, 1.0, 3.0, 1.0, 1.0, 2.0, 1.0, 1.0, 4.0, 2.0, 6.0, 1.0], [6.0, 3.0, 4.0, 3.0, 5.0, 1.0, 6.0, 4.0, 3.0, 1.0, 1.0, 6.0, 3.0, 6.0, 2.0, 1.0, 2.0, 2.0, 6.0, 6.0, 2.0, 1.0, 2.0, 1.0, 1.0, 2.0, 1.0, 3.0, 1.0, 3.0, 1.0, 1.0, 3.0, 1.0, 1.0, 6.0, 2.0, 6.0, 1.0], [6.0, 3.0, 4.0, 1.0, 1.0, 2.0, 6.0, 4.0, 3.0, 1.0, 4.0, 6.0, 6.0, 6.0, 6.0, 1.0, 2.0, 2.0, 6.0, 4.0, 3.0, 3.0, 2.0, 1.0, 1.0, 1.0, 1.0, 3.0, 1.0, 1.0, 1.0, 1.0, 3.0, 1.0, 1.0, 6.0, 2.0, 6.0, 1.0], [6.0, 3.0, 4.0, 3.0, 2.0, 6.0, 6.0, 0.0, 3.0, 1.0, 3.0, 6.0, 5.0, 6.0, 3.0, 1.0, 2.0, 2.0, 6.0, 4.0, 3.0, 1.0, 2.0, 1.0, 1.0, 1.0, 1.0, 1.0, 1.0, 1.0, 2.0, 1.0, 3.0, 1.0, 1.0, 6.0, 3.0, 6.0, 1.0], [6.0, 3.0, 4.0, 3.0, 6.0, 6.0, 6.0, 0.0, 3.0, 1.0, 3.0, 6.0, 5.0, 6.0, 6.0, 1.0, 2.0, 2.0, 6.0, 4.0, 1.0, 1.0, 2.0, 1.0, 1.0, 1.0, 1.0, 1.0, 1.0, 3.0, 1.0, 1.0, 1.0, 1.0, 1.0, 4.0, 2.0, 6.0, 1.0], [6.0, 3.0, 4.0, 3.0, 6.0, 5.0, 6.0, 0.0, 3.0, 1.0, 3.0, 6.0, 6.0, 6.0, 2.0, 1.0, 2.0, 2.0, 6.0, 4.0, 3.0, 1.0, 4.0, 1.0, 1.0, 2.0, 1.0, 1.0, 1.0, 1.0, 3.0, 1.0, 3.0, 1.0, 1.0, 4.0, 2.0, 6.0, 1.0], [6.0, 3.0, 4.0, 1.0, 2.0, 2.0, 6.0, 4.0, 3.0, 1.0, 3.0, 6.0, 1.0, 6.0, 2.0, 1.0, 2.0, 2.0, 6.0, 4.0, 1.0, 1.0, 1.0, 1.0, 1.0, 1.0, 1.0, 3.0, 1.0, 3.0, 1.0, 1.0, 2.0, 1.0, 1.0, 6.0, 2.0, 6.0, 1.0], [6.0, 3.0, 4.0, 3.0, 6.0, 6.0, 6.0, 0.0, 3.0, 1.0, 4.0, 6.0, 2.0, 6.0, 3.0, 1.0, 2.0, 2.0, 6.0, 4.0, 1.0, 1.0, 4.0, 1.0, 1.0, 1.0, 1.0, 3.0, 1.0, 3.0, 2.0, 2.0, 2.0, 1.0, 1.0, 3.0, 2.0, 6.0, 1.0], [1.0, 3.0, 4.0, 0.0, 6.0, 3.0, 6.0, 0.0, 3.0, 1.0, 3.0, 6.0, 5.0, 6.0, 2.0, 1.0, 2.0, 2.0, 6.0, 2.0, 1.0, 1.0, 2.0, 1.0, 1.0, 4.0, 1.0, 3.0, 1.0, 1.0, 1.0, 1.0, 2.0, 1.0, 1.0, 4.0, 2.0, 6.0, 1.0], [6.0, 3.0, 4.0, 1.0, 1.0, 6.0, 6.0, 4.0, 3.0, 1.0, 3.0, 6.0, 6.0, 6.0, 1.0, 1.0, 2.0, 2.0, 6.0, 4.0, 2.0, 1.0, 4.0, 1.0, 1.0, 1.0, 1.0, 1.0, 1.0, 1.0, 2.0, 1.0, 3.0, 1.0, 1.0, 4.0, 2.0, 6.0, 1.0], [1.0, 3.0, 4.0, 0.0, 6.0, 4.0, 6.0, 4.0, 3.0, 1.0, 6.0, 1.0, 3.0, 6.0, 2.0, 1.0, 2.0, 2.0, 6.0, 4.0, 1.0, 3.0, 2.0, 1.0, 1.0, 1.0, 1.0, 3.0, 1.0, 1.0, 1.0, 1.0, 2.0, 1.0, 1.0, 4.0, 3.0, 6.0, 1.0], [6.0, 1.0, 4.0, 1.0, 6.0, 3.0, 6.0, 2.0, 3.0, 1.0, 3.0, 6.0, 1.0, 6.0, 2.0, 1.0, 2.0, 2.0, 6.0, 6.0, 2.0, 1.0, 2.0, 1.0, 1.0, 1.0, 1.0, 1.0, 1.0, 3.0, 2.0, 1.0, 2.0, 1.0, 1.0, 4.0, 2.0, 6.0, 1.0], [4.0, 3.0, 4.0, 3.0, 3.0, 3.0, 6.0, 2.0, 3.0, 1.0, 3.0, 6.0, 6.0, 6.0, 3.0, 1.0, 2.0, 2.0, 6.0, 2.0, 1.0, 3.0, 4.0, 1.0, 1.0, 1.0, 1.0, 3.0, 1.0, 3.0, 1.0, 1.0, 3.0, 1.0, 1.0, 6.0, 2.0, 6.0, 1.0], [6.0, 3.0, 4.0, 3.0, 2.0, 3.0, 6.0, 2.0, 3.0, 1.0, 3.0, 6.0, 4.0, 6.0, 2.0, 1.0, 2.0, 2.0, 6.0, 6.0, 2.0, 1.0, 3.0, 1.0, 1.0, 4.0, 1.0, 3.0, 1.0, 1.0, 1.0, 1.0, 2.0, 1.0, 1.0, 4.0, 2.0, 6.0, 1.0], [1.0, 3.0, 4.0, 3.0, 3.0, 3.0, 6.0, 4.0, 3.0, 1.0, 3.0, 3.0, 3.0, 6.0, 2.0, 1.0, 2.0, 2.0, 6.0, 4.0, 3.0, 1.0, 2.0, 1.0, 1.0, 1.0, 1.0, 3.0, 1.0, 3.0, 1.0, 1.0, 3.0, 1.0, 1.0, 6.0, 2.0, 6.0, 1.0], [6.0, 3.0, 4.0, 3.0, 6.0, 6.0, 6.0, 2.0, 3.0, 1.0, 4.0, 6.0, 6.0, 6.0, 6.0, 1.0, 2.0, 2.0, 6.0, 4.0, 3.0, 1.0, 3.0, 1.0, 1.0, 2.0, 1.0, 1.0, 1.0, 3.0, 3.0, 1.0, 2.0, 1.0, 1.0, 6.0, 2.0, 6.0, 1.0], [6.0, 3.0, 4.0, 1.0, 6.0, 4.0, 6.0, 4.0, 3.0, 1.0, 6.0, 6.0, 5.0, 6.0, 2.0, 1.0, 2.0, 2.0, 6.0, 4.0, 2.0, 1.0, 4.0, 1.0, 1.0, 1.0, 1.0, 1.0, 1.0, 1.0, 1.0, 2.0, 2.0, 1.0, 1.0, 6.0, 2.0, 6.0, 1.0], [6.0, 1.0, 4.0, 1.0, 6.0, 6.0, 6.0, 0.0, 3.0, 1.0, 6.0, 6.0, 2.0, 6.0, 3.0, 1.0, 2.0, 2.0, 6.0, 4.0, 2.0, 1.0, 2.0, 1.0, 1.0, 3.0, 1.0, 1.0, 1.0, 1.0, 1.0, 1.0, 2.0, 1.0, 1.0, 6.0, 2.0, 6.0, 1.0], [6.0, 3.0, 4.0, 1.0, 6.0, 6.0, 6.0, 4.0, 3.0, 1.0, 3.0, 6.0, 3.0, 6.0, 3.0, 1.0, 2.0, 2.0, 6.0, 4.0, 2.0, 1.0, 4.0, 1.0, 1.0, 1.0, 1.0, 3.0, 1.0, 1.0, 3.0, 1.0, 2.0, 1.0, 1.0, 6.0, 2.0, 6.0, 1.0], [6.0, 1.0, 4.0, 1.0, 1.0, 3.0, 6.0, 0.0, 3.0, 1.0, 3.0, 6.0, 6.0, 6.0, 2.0, 1.0, 2.0, 2.0, 6.0, 6.0, 1.0, 1.0, 4.0, 1.0, 1.0, 1.0, 1.0, 1.0, 1.0, 3.0, 1.0, 2.0, 2.0, 1.0, 1.0, 4.0, 3.0, 6.0, 1.0], [1.0, 3.0, 4.0, 3.0, 2.0, 6.0, 6.0, 4.0, 3.0, 1.0, 3.0, 6.0, 6.0, 6.0, 2.0, 1.0, 2.0, 2.0, 6.0, 4.0, 3.0, 1.0, 4.0, 1.0, 1.0, 1.0, 1.0, 1.0, 1.0, 1.0, 1.0, 1.0, 2.0, 1.0, 1.0, 4.0, 2.0, 6.0, 1.0], [6.0, 3.0, 4.0, 1.0, 6.0, 4.0, 6.0, 2.0, 3.0, 1.0, 4.0, 6.0, 1.0, 6.0, 1.0, 1.0, 2.0, 2.0, 6.0, 4.0, 2.0, 1.0, 2.0, 1.0, 1.0, 1.0, 1.0, 3.0, 1.0, 1.0, 1.0, 1.0, 3.0, 1.0, 1.0, 4.0, 2.0, 6.0, 1.0], [6.0, 3.0, 6.0, 0.0, 3.0, 3.0, 6.0, 4.0, 3.0, 1.0, 3.0, 6.0, 3.0, 6.0, 6.0, 1.0, 2.0, 2.0, 6.0, 4.0, 2.0, 1.0, 3.0, 1.0, 1.0, 1.0, 1.0, 1.0, 1.0, 3.0, 1.0, 1.0, 2.0, 1.0, 1.0, 6.0, 2.0, 6.0, 1.0], [6.0, 3.0, 4.0, 1.0, 6.0, 6.0, 6.0, 4.0, 3.0, 1.0, 3.0, 6.0, 6.0, 6.0, 5.0, 1.0, 2.0, 2.0, 6.0, 4.0, 1.0, 1.0, 3.0, 1.0, 1.0, 1.0, 1.0, 3.0, 1.0, 1.0, 1.0, 1.0, 1.0, 1.0, 1.0, 6.0, 3.0, 6.0, 1.0], [3.0, 1.0, 4.0, 1.0, 6.0, 4.0, 6.0, 0.0, 3.0, 1.0, 3.0, 6.0, 6.0, 6.0, 3.0, 1.0, 2.0, 2.0, 6.0, 4.0, 1.0, 1.0, 2.0, 1.0, 1.0, 1.0, 1.0, 3.0, 1.0, 3.0, 2.0, 1.0, 1.0, 1.0, 2.0, 6.0, 2.0, 6.0, 1.0], [6.0, 3.0, 4.0, 3.0, 6.0, 3.0, 6.0, 0.0, 3.0, 1.0, 3.0, 6.0, 6.0, 6.0, 3.0, 1.0, 2.0, 2.0, 6.0, 4.0, 2.0, 1.0, 2.0, 1.0, 1.0, 1.0, 1.0, 1.0, 1.0, 3.0, 1.0, 2.0, 3.0, 1.0, 1.0, 6.0, 2.0, 6.0, 1.0], [2.0, 3.0, 6.0, 1.0, 2.0, 6.0, 6.0, 0.0, 3.0, 1.0, 3.0, 6.0, 3.0, 6.0, 2.0, 1.0, 2.0, 2.0, 6.0, 3.0, 1.0, 1.0, 2.0, 1.0, 1.0, 1.0, 1.0, 1.0, 1.0, 1.0, 1.0, 1.0, 3.0, 1.0, 1.0, 6.0, 2.0, 6.0, 1.0], [6.0, 3.0, 4.0, 3.0, 2.0, 3.0, 6.0, 2.0, 3.0, 1.0, 3.0, 6.0, 1.0, 6.0, 2.0, 1.0, 2.0, 2.0, 6.0, 2.0, 3.0, 1.0, 2.0, 1.0, 1.0, 4.0, 1.0, 3.0, 1.0, 1.0, 1.0, 1.0, 1.0, 1.0, 1.0, 1.0, 2.0, 6.0, 1.0], [1.0, 3.0, 4.0, 3.0, 1.0, 6.0, 6.0, 0.0, 3.0, 1.0, 3.0, 6.0, 6.0, 6.0, 1.0, 1.0, 2.0, 2.0, 6.0, 4.0, 3.0, 1.0, 2.0, 1.0, 1.0, 3.0, 1.0, 1.0, 1.0, 3.0, 1.0, 1.0, 2.0, 1.0, 1.0, 4.0, 2.0, 6.0, 1.0], [3.0, 3.0, 4.0, 1.0, 6.0, 6.0, 6.0, 4.0, 1.0, 1.0, 4.0, 6.0, 6.0, 6.0, 6.0, 1.0, 2.0, 2.0, 6.0, 6.0, 1.0, 1.0, 1.0, 1.0, 1.0, 4.0, 1.0, 3.0, 1.0, 3.0, 1.0, 1.0, 2.0, 1.0, 1.0, 6.0, 2.0, 6.0, 1.0], [1.0, 3.0, 4.0, 3.0, 6.0, 2.0, 6.0, 0.0, 3.0, 1.0, 4.0, 6.0, 5.0, 6.0, 1.0, 1.0, 2.0, 2.0, 6.0, 2.0, 3.0, 1.0, 1.0, 1.0, 1.0, 1.0, 1.0, 1.0, 1.0, 6.0, 3.0, 1.0, 3.0, 1.0, 1.0, 6.0, 3.0, 6.0, 1.0], [6.0, 3.0, 4.0, 2.0, 6.0, 3.0, 6.0, 2.0, 3.0, 1.0, 3.0, 6.0, 6.0, 6.0, 2.0, 1.0, 2.0, 2.0, 6.0, 4.0, 1.0, 1.0, 2.0, 1.0, 1.0, 3.0, 1.0, 3.0, 1.0, 1.0, 1.0, 1.0, 2.0, 1.0, 1.0, 6.0, 2.0, 6.0, 1.0], [6.0, 3.0, 6.0, 3.0, 6.0, 6.0, 6.0, 0.0, 3.0, 1.0, 4.0, 3.0, 1.0, 6.0, 1.0, 1.0, 2.0, 2.0, 6.0, 2.0, 3.0, 1.0, 4.0, 1.0, 1.0, 1.0, 1.0, 1.0, 1.0, 6.0, 1.0, 1.0, 3.0, 1.0, 3.0, 6.0, 2.0, 6.0, 1.0], [6.0, 3.0, 4.0, 3.0, 3.0, 4.0, 6.0, 2.0, 3.0, 1.0, 3.0, 6.0, 2.0, 6.0, 3.0, 1.0, 2.0, 2.0, 6.0, 4.0, 3.0, 1.0, 2.0, 1.0, 1.0, 1.0, 1.0, 3.0, 1.0, 1.0, 1.0, 2.0, 2.0, 1.0, 1.0, 4.0, 2.0, 6.0, 1.0], [1.0, 3.0, 6.0, 1.0, 6.0, 6.0, 6.0, 2.0, 3.0, 1.0, 3.0, 6.0, 3.0, 6.0, 2.0, 1.0, 2.0, 2.0, 6.0, 4.0, 2.0, 1.0, 4.0, 1.0, 1.0, 2.0, 1.0, 3.0, 1.0, 3.0, 2.0, 1.0, 1.0, 1.0, 2.0, 4.0, 2.0, 6.0, 1.0], [4.0, 3.0, 4.0, 3.0, 2.0, 6.0, 6.0, 2.0, 3.0, 1.0, 3.0, 6.0, 6.0, 6.0, 2.0, 1.0, 2.0, 2.0, 6.0, 4.0, 1.0, 1.0, 1.0, 1.0, 1.0, 2.0, 1.0, 1.0, 1.0, 1.0, 1.0, 2.0, 2.0, 1.0, 1.0, 2.0, 2.0, 6.0, 1.0], [4.0, 3.0, 4.0, 3.0, 6.0, 6.0, 6.0, 4.0, 3.0, 1.0, 3.0, 6.0, 6.0, 6.0, 2.0, 1.0, 2.0, 2.0, 6.0, 4.0, 3.0, 1.0, 4.0, 1.0, 1.0, 3.0, 1.0, 3.0, 1.0, 3.0, 1.0, 2.0, 2.0, 1.0, 2.0, 4.0, 2.0, 6.0, 1.0], [4.0, 3.0, 4.0, 1.0, 6.0, 1.0, 6.0, 0.0, 3.0, 1.0, 3.0, 6.0, 2.0, 6.0, 5.0, 1.0, 2.0, 2.0, 6.0, 4.0, 3.0, 1.0, 2.0, 1.0, 1.0, 2.0, 1.0, 3.0, 1.0, 6.0, 1.0, 2.0, 3.0, 1.0, 1.0, 6.0, 2.0, 6.0, 1.0], [6.0, 3.0, 4.0, 1.0, 6.0, 3.0, 6.0, 2.0, 3.0, 1.0, 3.0, 6.0, 6.0, 6.0, 6.0, 1.0, 2.0, 2.0, 6.0, 4.0, 3.0, 1.0, 2.0, 1.0, 1.0, 1.0, 1.0, 3.0, 1.0, 1.0, 1.0, 1.0, 3.0, 1.0, 1.0, 4.0, 2.0, 6.0, 1.0], [0.0, 3.0, 4.0, 3.0, 6.0, 6.0, 6.0, 4.0, 3.0, 1.0, 3.0, 6.0, 2.0, 6.0, 2.0, 1.0, 2.0, 2.0, 6.0, 4.0, 2.0, 3.0, 4.0, 1.0, 1.0, 4.0, 1.0, 3.0, 1.0, 3.0, 3.0, 2.0, 3.0, 1.0, 1.0, 6.0, 2.0, 6.0, 1.0]]

first layer check: Conv2d(6, 64, kernel_size=(7, 7), stride=(2, 2), padding=(3, 3), bias=False)

for model 3: mode acc: 0.41025641560554504, run mean acc: 0.3995833694934845, top-2 acc:0.7058332562446594, mode f1: 0.41025641560554504

model 3 mode preds
[4.0, 4.0, 4.0, 0.0, 3.0, 4.0, 6.0, 0.0, 2.0, 0.0, 2.0, 6.0, 4.0, 4.0, 6.0, 2.0, 2.0, 2.0, 4.0, 4.0, 2.0, 1.0, 2.0, 2.0, 1.0, 2.0, 1.0, 1.0, 1.0, 2.0, 3.0, 3.0, 2.0, 2.0, 3.0, 3.0, 3.0, 4.0, 1.0]

model 3 all preds
[[4.0, 4.0, 4.0, 4.0, 3.0, 3.0, 6.0, 0.0, 2.0, 2.0, 2.0, 6.0, 3.0, 6.0, 6.0, 2.0, 3.0, 3.0, 4.0, 2.0, 2.0, 1.0, 1.0, 2.0, 2.0, 2.0, 1.0, 1.0, 0.0, 6.0, 1.0, 3.0, 1.0, 2.0, 3.0, 3.0, 3.0, 4.0, 1.0], [3.0, 4.0, 4.0, 0.0, 4.0, 4.0, 6.0, 0.0, 2.0, 2.0, 3.0, 1.0, 3.0, 6.0, 4.0, 2.0, 2.0, 2.0, 4.0, 3.0, 3.0, 1.0, 2.0, 2.0, 1.0, 2.0, 1.0, 1.0, 0.0, 2.0, 3.0, 3.0, 2.0, 2.0, 3.0, 4.0, 3.0, 4.0, 1.0], [3.0, 4.0, 4.0, 0.0, 3.0, 3.0, 6.0, 0.0, 2.0, 0.0, 3.0, 4.0, 4.0, 4.0, 3.0, 2.0, 2.0, 2.0, 4.0, 4.0, 2.0, 1.0, 2.0, 2.0, 1.0, 2.0, 2.0, 1.0, 1.0, 2.0, 1.0, 3.0, 2.0, 2.0, 3.0, 4.0, 3.0, 4.0, 2.0], [3.0, 4.0, 4.0, 0.0, 4.0, 4.0, 6.0, 0.0, 2.0, 2.0, 3.0, 6.0, 4.0, 4.0, 6.0, 2.0, 2.0, 3.0, 4.0, 4.0, 3.0, 3.0, 2.0, 2.0, 1.0, 3.0, 1.0, 1.0, 1.0, 2.0, 1.0, 3.0, 3.0, 2.0, 3.0, 3.0, 3.0, 4.0, 2.0], [4.0, 4.0, 4.0, 0.0, 3.0, 4.0, 6.0, 0.0, 2.0, 0.0, 3.0, 6.0, 6.0, 4.0, 6.0, 2.0, 2.0, 2.0, 4.0, 2.0, 2.0, 2.0, 2.0, 2.0, 1.0, 1.0, 1.0, 1.0, 1.0, 6.0, 3.0, 3.0, 2.0, 2.0, 3.0, 4.0, 3.0, 4.0, 1.0], [4.0, 4.0, 4.0, 4.0, 4.0, 4.0, 6.0, 0.0, 2.0, 3.0, 2.0, 4.0, 3.0, 6.0, 3.0, 2.0, 2.0, 2.0, 4.0, 2.0, 2.0, 1.0, 2.0, 2.0, 1.0, 2.0, 0.0, 1.0, 1.0, 2.0, 1.0, 3.0, 2.0, 2.0, 2.0, 3.0, 3.0, 4.0, 2.0], [4.0, 4.0, 3.0, 0.0, 4.0, 4.0, 6.0, 0.0, 2.0, 3.0, 2.0, 4.0, 4.0, 4.0, 6.0, 2.0, 3.0, 2.0, 4.0, 2.0, 3.0, 1.0, 2.0, 2.0, 1.0, 2.0, 1.0, 1.0, 1.0, 2.0, 1.0, 3.0, 2.0, 3.0, 3.0, 3.0, 3.0, 4.0, 3.0], [3.0, 2.0, 2.0, 0.0, 3.0, 2.0, 6.0, 0.0, 2.0, 3.0, 2.0, 4.0, 4.0, 4.0, 6.0, 2.0, 2.0, 3.0, 4.0, 4.0, 2.0, 1.0, 2.0, 2.0, 1.0, 2.0, 0.0, 2.0, 1.0, 2.0, 1.0, 3.0, 2.0, 2.0, 3.0, 4.0, 3.0, 4.0, 1.0], [4.0, 4.0, 4.0, 0.0, 3.0, 2.0, 6.0, 0.0, 3.0, 0.0, 3.0, 6.0, 2.0, 6.0, 6.0, 2.0, 2.0, 3.0, 4.0, 3.0, 3.0, 2.0, 2.0, 2.0, 1.0, 2.0, 0.0, 1.0, 3.0, 2.0, 3.0, 3.0, 2.0, 3.0, 2.0, 4.0, 3.0, 4.0, 1.0], [2.0, 4.0, 3.0, 0.0, 3.0, 4.0, 4.0, 0.0, 2.0, 0.0, 3.0, 6.0, 4.0, 6.0, 3.0, 2.0, 2.0, 3.0, 4.0, 4.0, 2.0, 2.0, 2.0, 2.0, 2.0, 2.0, 0.0, 1.0, 1.0, 2.0, 3.0, 3.0, 1.0, 2.0, 2.0, 3.0, 3.0, 4.0, 1.0], [4.0, 4.0, 4.0, 0.0, 3.0, 4.0, 6.0, 0.0, 3.0, 3.0, 3.0, 6.0, 3.0, 6.0, 4.0, 2.0, 2.0, 3.0, 4.0, 4.0, 2.0, 1.0, 2.0, 2.0, 2.0, 2.0, 0.0, 1.0, 1.0, 2.0, 1.0, 3.0, 1.0, 2.0, 2.0, 3.0, 3.0, 4.0, 2.0], [2.0, 2.0, 4.0, 0.0, 4.0, 3.0, 6.0, 0.0, 2.0, 3.0, 2.0, 6.0, 4.0, 4.0, 5.0, 2.0, 2.0, 3.0, 4.0, 4.0, 3.0, 1.0, 2.0, 2.0, 1.0, 2.0, 1.0, 1.0, 0.0, 2.0, 3.0, 3.0, 2.0, 2.0, 2.0, 3.0, 3.0, 4.0, 1.0], [4.0, 2.0, 2.0, 0.0, 3.0, 2.0, 6.0, 0.0, 2.0, 3.0, 2.0, 6.0, 4.0, 6.0, 3.0, 2.0, 2.0, 3.0, 4.0, 2.0, 2.0, 1.0, 2.0, 2.0, 2.0, 2.0, 1.0, 1.0, 0.0, 2.0, 3.0, 3.0, 2.0, 2.0, 3.0, 2.0, 3.0, 4.0, 2.0], [4.0, 4.0, 4.0, 0.0, 4.0, 3.0, 6.0, 0.0, 2.0, 3.0, 2.0, 6.0, 4.0, 4.0, 6.0, 2.0, 3.0, 2.0, 4.0, 2.0, 3.0, 1.0, 2.0, 2.0, 1.0, 2.0, 1.0, 1.0, 0.0, 2.0, 3.0, 3.0, 2.0, 2.0, 3.0, 2.0, 3.0, 4.0, 2.0], [3.0, 4.0, 4.0, 0.0, 3.0, 2.0, 4.0, 0.0, 2.0, 3.0, 4.0, 6.0, 4.0, 3.0, 3.0, 2.0, 2.0, 3.0, 4.0, 3.0, 2.0, 1.0, 1.0, 2.0, 1.0, 1.0, 1.0, 1.0, 1.0, 3.0, 3.0, 3.0, 2.0, 2.0, 3.0, 3.0, 3.0, 4.0, 2.0], [2.0, 4.0, 4.0, 0.0, 6.0, 4.0, 6.0, 0.0, 2.0, 0.0, 2.0, 6.0, 3.0, 4.0, 6.0, 2.0, 3.0, 2.0, 4.0, 4.0, 2.0, 2.0, 2.0, 2.0, 1.0, 2.0, 1.0, 1.0, 1.0, 2.0, 3.0, 2.0, 2.0, 2.0, 3.0, 2.0, 3.0, 4.0, 2.0], [4.0, 4.0, 4.0, 0.0, 4.0, 4.0, 6.0, 0.0, 2.0, 2.0, 2.0, 6.0, 3.0, 4.0, 6.0, 2.0, 2.0, 2.0, 4.0, 3.0, 2.0, 1.0, 2.0, 2.0, 1.0, 2.0, 0.0, 1.0, 1.0, 6.0, 1.0, 3.0, 2.0, 2.0, 2.0, 3.0, 3.0, 4.0, 1.0], [4.0, 2.0, 4.0, 0.0, 6.0, 3.0, 6.0, 0.0, 2.0, 2.0, 2.0, 6.0, 6.0, 4.0, 6.0, 2.0, 2.0, 3.0, 3.0, 3.0, 2.0, 2.0, 2.0, 2.0, 1.0, 2.0, 2.0, 1.0, 0.0, 6.0, 3.0, 3.0, 2.0, 2.0, 3.0, 3.0, 3.0, 4.0, 1.0], [2.0, 4.0, 4.0, 0.0, 4.0, 3.0, 6.0, 0.0, 2.0, 3.0, 3.0, 6.0, 6.0, 4.0, 3.0, 2.0, 2.0, 2.0, 4.0, 2.0, 2.0, 1.0, 2.0, 2.0, 1.0, 1.0, 1.0, 1.0, 1.0, 2.0, 1.0, 3.0, 2.0, 2.0, 3.0, 3.0, 3.0, 4.0, 2.0], [4.0, 4.0, 4.0, 4.0, 3.0, 3.0, 6.0, 0.0, 2.0, 2.0, 3.0, 6.0, 4.0, 4.0, 3.0, 2.0, 2.0, 2.0, 4.0, 2.0, 2.0, 3.0, 2.0, 2.0, 1.0, 2.0, 1.0, 1.0, 0.0, 2.0, 1.0, 3.0, 2.0, 2.0, 3.0, 3.0, 3.0, 4.0, 1.0], [4.0, 2.0, 4.0, 0.0, 3.0, 4.0, 4.0, 0.0, 2.0, 2.0, 2.0, 6.0, 6.0, 4.0, 4.0, 2.0, 3.0, 3.0, 4.0, 4.0, 2.0, 1.0, 2.0, 2.0, 1.0, 2.0, 2.0, 1.0, 0.0, 2.0, 3.0, 3.0, 2.0, 2.0, 3.0, 4.0, 3.0, 4.0, 1.0], [4.0, 4.0, 4.0, 0.0, 4.0, 3.0, 6.0, 0.0, 3.0, 0.0, 2.0, 6.0, 3.0, 4.0, 6.0, 2.0, 2.0, 3.0, 4.0, 4.0, 2.0, 1.0, 1.0, 2.0, 1.0, 2.0, 2.0, 1.0, 0.0, 6.0, 3.0, 3.0, 3.0, 2.0, 3.0, 3.0, 3.0, 4.0, 1.0], [3.0, 4.0, 4.0, 0.0, 3.0, 4.0, 6.0, 0.0, 3.0, 2.0, 2.0, 6.0, 4.0, 4.0, 4.0, 2.0, 2.0, 2.0, 4.0, 2.0, 3.0, 1.0, 2.0, 2.0, 2.0, 2.0, 0.0, 1.0, 1.0, 2.0, 3.0, 3.0, 3.0, 2.0, 3.0, 4.0, 3.0, 4.0, 2.0], [3.0, 4.0, 4.0, 0.0, 4.0, 2.0, 6.0, 0.0, 2.0, 0.0, 3.0, 6.0, 4.0, 4.0, 4.0, 2.0, 2.0, 2.0, 4.0, 4.0, 2.0, 1.0, 2.0, 2.0, 2.0, 1.0, 1.0, 1.0, 1.0, 6.0, 3.0, 3.0, 3.0, 2.0, 3.0, 3.0, 3.0, 4.0, 1.0], [4.0, 2.0, 4.0, 0.0, 4.0, 4.0, 6.0, 0.0, 2.0, 0.0, 3.0, 6.0, 3.0, 4.0, 4.0, 2.0, 2.0, 3.0, 4.0, 4.0, 2.0, 1.0, 2.0, 2.0, 1.0, 2.0, 1.0, 1.0, 0.0, 6.0, 1.0, 3.0, 1.0, 2.0, 3.0, 3.0, 3.0, 4.0, 2.0], [2.0, 4.0, 4.0, 0.0, 3.0, 3.0, 6.0, 0.0, 2.0, 2.0, 2.0, 6.0, 6.0, 4.0, 6.0, 2.0, 3.0, 2.0, 4.0, 4.0, 3.0, 1.0, 1.0, 2.0, 1.0, 3.0, 1.0, 3.0, 1.0, 2.0, 1.0, 3.0, 1.0, 2.0, 3.0, 4.0, 3.0, 4.0, 1.0], [4.0, 4.0, 4.0, 0.0, 4.0, 3.0, 6.0, 0.0, 3.0, 2.0, 3.0, 6.0, 4.0, 4.0, 1.0, 2.0, 2.0, 2.0, 4.0, 4.0, 2.0, 1.0, 1.0, 2.0, 1.0, 2.0, 1.0, 1.0, 0.0, 2.0, 3.0, 3.0, 3.0, 2.0, 3.0, 3.0, 3.0, 4.0, 1.0], [4.0, 4.0, 4.0, 0.0, 4.0, 2.0, 6.0, 0.0, 3.0, 3.0, 3.0, 6.0, 4.0, 6.0, 6.0, 2.0, 3.0, 2.0, 4.0, 2.0, 3.0, 1.0, 2.0, 2.0, 2.0, 2.0, 0.0, 1.0, 1.0, 2.0, 3.0, 3.0, 2.0, 2.0, 2.0, 3.0, 3.0, 4.0, 1.0], [3.0, 4.0, 2.0, 0.0, 3.0, 4.0, 6.0, 0.0, 2.0, 0.0, 4.0, 6.0, 4.0, 4.0, 4.0, 2.0, 2.0, 3.0, 4.0, 4.0, 2.0, 1.0, 2.0, 2.0, 1.0, 1.0, 1.0, 1.0, 1.0, 6.0, 3.0, 3.0, 2.0, 2.0, 3.0, 3.0, 3.0, 4.0, 3.0], [4.0, 4.0, 4.0, 0.0, 4.0, 2.0, 6.0, 0.0, 3.0, 2.0, 3.0, 6.0, 3.0, 6.0, 3.0, 2.0, 2.0, 2.0, 4.0, 2.0, 2.0, 1.0, 2.0, 2.0, 1.0, 1.0, 1.0, 1.0, 4.0, 2.0, 1.0, 3.0, 2.0, 2.0, 3.0, 3.0, 3.0, 4.0, 2.0], [3.0, 4.0, 4.0, 0.0, 4.0, 4.0, 6.0, 0.0, 2.0, 3.0, 2.0, 6.0, 3.0, 4.0, 3.0, 2.0, 2.0, 3.0, 4.0, 2.0, 2.0, 1.0, 2.0, 2.0, 2.0, 2.0, 0.0, 1.0, 0.0, 2.0, 3.0, 3.0, 2.0, 2.0, 3.0, 3.0, 3.0, 4.0, 1.0], [3.0, 4.0, 4.0, 0.0, 3.0, 4.0, 6.0, 0.0, 3.0, 0.0, 3.0, 6.0, 3.0, 4.0, 5.0, 2.0, 2.0, 3.0, 4.0, 2.0, 2.0, 1.0, 2.0, 2.0, 2.0, 2.0, 2.0, 1.0, 0.0, 3.0, 3.0, 2.0, 1.0, 2.0, 2.0, 4.0, 3.0, 4.0, 1.0], [2.0, 2.0, 4.0, 0.0, 3.0, 3.0, 6.0, 0.0, 2.0, 0.0, 4.0, 6.0, 3.0, 4.0, 6.0, 2.0, 2.0, 3.0, 4.0, 4.0, 3.0, 1.0, 2.0, 2.0, 2.0, 0.0, 1.0, 1.0, 0.0, 2.0, 3.0, 3.0, 3.0, 2.0, 3.0, 2.0, 3.0, 4.0, 2.0], [2.0, 4.0, 4.0, 0.0, 3.0, 4.0, 6.0, 0.0, 2.0, 3.0, 2.0, 6.0, 4.0, 3.0, 3.0, 2.0, 2.0, 3.0, 4.0, 2.0, 2.0, 2.0, 2.0, 2.0, 1.0, 2.0, 0.0, 1.0, 1.0, 6.0, 1.0, 3.0, 1.0, 2.0, 3.0, 4.0, 3.0, 4.0, 1.0], [4.0, 4.0, 4.0, 0.0, 4.0, 4.0, 6.0, 0.0, 2.0, 2.0, 2.0, 6.0, 4.0, 6.0, 5.0, 2.0, 2.0, 2.0, 4.0, 4.0, 2.0, 1.0, 2.0, 2.0, 1.0, 2.0, 1.0, 1.0, 1.0, 3.0, 3.0, 3.0, 2.0, 2.0, 2.0, 3.0, 3.0, 4.0, 2.0], [4.0, 4.0, 3.0, 0.0, 3.0, 4.0, 6.0, 0.0, 2.0, 0.0, 2.0, 4.0, 3.0, 6.0, 5.0, 2.0, 3.0, 2.0, 4.0, 4.0, 3.0, 1.0, 2.0, 2.0, 2.0, 1.0, 1.0, 1.0, 0.0, 2.0, 3.0, 2.0, 2.0, 2.0, 3.0, 3.0, 3.0, 4.0, 2.0], [3.0, 4.0, 4.0, 0.0, 3.0, 4.0, 6.0, 0.0, 2.0, 0.0, 3.0, 6.0, 4.0, 4.0, 6.0, 2.0, 3.0, 3.0, 4.0, 2.0, 3.0, 1.0, 2.0, 2.0, 2.0, 2.0, 1.0, 1.0, 2.0, 2.0, 1.0, 3.0, 2.0, 2.0, 2.0, 3.0, 3.0, 4.0, 2.0], [4.0, 4.0, 4.0, 0.0, 6.0, 2.0, 6.0, 0.0, 2.0, 1.0, 3.0, 6.0, 3.0, 4.0, 6.0, 2.0, 3.0, 2.0, 3.0, 4.0, 2.0, 1.0, 2.0, 2.0, 1.0, 1.0, 0.0, 1.0, 0.0, 2.0, 3.0, 3.0, 1.0, 2.0, 2.0, 3.0, 3.0, 4.0, 3.0], [3.0, 4.0, 4.0, 0.0, 4.0, 4.0, 6.0, 0.0, 2.0, 2.0, 3.0, 6.0, 4.0, 4.0, 6.0, 2.0, 3.0, 2.0, 4.0, 4.0, 3.0, 1.0, 2.0, 2.0, 1.0, 2.0, 1.0, 1.0, 1.0, 3.0, 3.0, 3.0, 1.0, 2.0, 3.0, 3.0, 3.0, 4.0, 2.0], [3.0, 4.0, 4.0, 0.0, 4.0, 3.0, 6.0, 0.0, 2.0, 0.0, 3.0, 6.0, 3.0, 4.0, 6.0, 2.0, 2.0, 2.0, 4.0, 4.0, 3.0, 1.0, 2.0, 2.0, 1.0, 3.0, 1.0, 1.0, 1.0, 2.0, 1.0, 4.0, 2.0, 2.0, 3.0, 4.0, 3.0, 4.0, 1.0], [3.0, 2.0, 2.0, 0.0, 6.0, 4.0, 6.0, 0.0, 2.0, 0.0, 2.0, 6.0, 3.0, 4.0, 6.0, 2.0, 2.0, 2.0, 4.0, 3.0, 2.0, 1.0, 2.0, 2.0, 2.0, 2.0, 1.0, 1.0, 1.0, 2.0, 1.0, 3.0, 1.0, 2.0, 3.0, 3.0, 3.0, 4.0, 2.0], [3.0, 4.0, 4.0, 0.0, 3.0, 4.0, 6.0, 0.0, 2.0, 2.0, 2.0, 6.0, 3.0, 4.0, 4.0, 2.0, 2.0, 3.0, 4.0, 4.0, 2.0, 1.0, 2.0, 2.0, 1.0, 2.0, 1.0, 1.0, 1.0, 6.0, 1.0, 3.0, 2.0, 2.0, 3.0, 3.0, 3.0, 4.0, 2.0], [4.0, 4.0, 4.0, 0.0, 4.0, 4.0, 6.0, 0.0, 2.0, 0.0, 2.0, 6.0, 4.0, 6.0, 6.0, 2.0, 2.0, 3.0, 4.0, 4.0, 2.0, 2.0, 2.0, 2.0, 1.0, 2.0, 1.0, 1.0, 1.0, 2.0, 1.0, 3.0, 2.0, 2.0, 2.0, 3.0, 3.0, 4.0, 2.0], [2.0, 4.0, 4.0, 0.0, 4.0, 4.0, 6.0, 0.0, 2.0, 0.0, 2.0, 6.0, 3.0, 4.0, 4.0, 2.0, 3.0, 3.0, 3.0, 2.0, 2.0, 2.0, 1.0, 2.0, 1.0, 2.0, 1.0, 1.0, 1.0, 2.0, 0.0, 3.0, 2.0, 3.0, 3.0, 4.0, 3.0, 4.0, 1.0], [4.0, 4.0, 4.0, 0.0, 4.0, 4.0, 6.0, 0.0, 2.0, 2.0, 2.0, 6.0, 4.0, 6.0, 1.0, 2.0, 2.0, 2.0, 4.0, 4.0, 2.0, 3.0, 2.0, 2.0, 1.0, 2.0, 1.0, 1.0, 1.0, 2.0, 3.0, 3.0, 2.0, 2.0, 1.0, 2.0, 3.0, 4.0, 2.0], [4.0, 4.0, 3.0, 0.0, 3.0, 4.0, 6.0, 0.0, 2.0, 3.0, 3.0, 6.0, 4.0, 4.0, 6.0, 2.0, 3.0, 3.0, 4.0, 4.0, 3.0, 1.0, 2.0, 2.0, 2.0, 0.0, 2.0, 1.0, 1.0, 2.0, 3.0, 3.0, 2.0, 2.0, 2.0, 3.0, 3.0, 4.0, 2.0], [4.0, 4.0, 4.0, 0.0, 3.0, 3.0, 4.0, 0.0, 2.0, 3.0, 2.0, 6.0, 3.0, 4.0, 6.0, 2.0, 2.0, 2.0, 4.0, 4.0, 2.0, 3.0, 2.0, 2.0, 1.0, 2.0, 0.0, 1.0, 1.0, 2.0, 3.0, 3.0, 1.0, 2.0, 3.0, 4.0, 3.0, 4.0, 1.0], [3.0, 2.0, 4.0, 0.0, 3.0, 4.0, 6.0, 0.0, 2.0, 3.0, 2.0, 6.0, 3.0, 4.0, 6.0, 2.0, 2.0, 3.0, 4.0, 4.0, 2.0, 2.0, 2.0, 2.0, 2.0, 2.0, 0.0, 1.0, 1.0, 3.0, 3.0, 3.0, 2.0, 2.0, 2.0, 3.0, 3.0, 4.0, 2.0], [3.0, 2.0, 4.0, 0.0, 4.0, 4.0, 6.0, 0.0, 2.0, 2.0, 3.0, 6.0, 4.0, 4.0, 5.0, 2.0, 3.0, 2.0, 4.0, 3.0, 4.0, 1.0, 2.0, 2.0, 1.0, 2.0, 1.0, 1.0, 1.0, 2.0, 1.0, 3.0, 1.0, 2.0, 3.0, 2.0, 3.0, 4.0, 1.0], [4.0, 2.0, 4.0, 0.0, 3.0, 4.0, 6.0, 0.0, 1.0, 0.0, 3.0, 4.0, 3.0, 6.0, 6.0, 2.0, 2.0, 3.0, 4.0, 2.0, 3.0, 2.0, 2.0, 2.0, 2.0, 0.0, 1.0, 1.0, 1.0, 2.0, 3.0, 2.0, 3.0, 2.0, 2.0, 4.0, 3.0, 4.0, 1.0]]

first layer check: Conv2d(6, 64, kernel_size=(7, 7), stride=(2, 2), padding=(3, 3), bias=False)

for model 4: mode acc: 0.38461539149284363, run mean acc: 0.3512499928474426, top-2 acc:0.6354166865348816, mode f1: 0.38461539149284363

model 4 mode preds
[3.0, 3.0, 2.0, 0.0, 5.0, 5.0, 6.0, 0.0, 3.0, 1.0, 3.0, 5.0, 5.0, 4.0, 5.0, 2.0, 2.0, 2.0, 5.0, 5.0, 2.0, 1.0, 2.0, 3.0, 1.0, 2.0, 1.0, 1.0, 1.0, 2.0, 1.0, 3.0, 1.0, 0.0, 1.0, 3.0, 5.0, 5.0, 1.0]

model 4 all preds
[[5.0, 3.0, 2.0, 0.0, 4.0, 5.0, 6.0, 0.0, 3.0, 0.0, 5.0, 6.0, 3.0, 5.0, 5.0, 1.0, 2.0, 2.0, 5.0, 5.0, 2.0, 1.0, 2.0, 3.0, 1.0, 4.0, 1.0, 1.0, 1.0, 4.0, 1.0, 3.0, 2.0, 0.0, 1.0, 3.0, 5.0, 5.0, 1.0], [3.0, 5.0, 2.0, 3.0, 3.0, 5.0, 6.0, 0.0, 3.0, 0.0, 3.0, 5.0, 5.0, 4.0, 4.0, 1.0, 2.0, 2.0, 5.0, 3.0, 2.0, 1.0, 2.0, 2.0, 1.0, 2.0, 1.0, 1.0, 1.0, 4.0, 2.0, 3.0, 2.0, 0.0, 2.0, 3.0, 5.0, 5.0, 1.0], [4.0, 3.0, 2.0, 2.0, 5.0, 3.0, 5.0, 2.0, 3.0, 0.0, 3.0, 5.0, 5.0, 6.0, 5.0, 2.0, 2.0, 2.0, 5.0, 5.0, 2.0, 1.0, 2.0, 3.0, 1.0, 4.0, 1.0, 1.0, 1.0, 2.0, 3.0, 3.0, 1.0, 0.0, 1.0, 3.0, 3.0, 5.0, 1.0], [4.0, 3.0, 2.0, 0.0, 5.0, 3.0, 6.0, 0.0, 3.0, 1.0, 3.0, 5.0, 3.0, 5.0, 5.0, 2.0, 2.0, 2.0, 5.0, 3.0, 3.0, 1.0, 1.0, 3.0, 1.0, 2.0, 1.0, 2.0, 1.0, 3.0, 3.0, 2.0, 2.0, 0.0, 1.0, 3.0, 5.0, 5.0, 1.0], [4.0, 4.0, 2.0, 3.0, 3.0, 2.0, 4.0, 0.0, 3.0, 2.0, 3.0, 5.0, 5.0, 5.0, 5.0, 1.0, 2.0, 2.0, 5.0, 5.0, 1.0, 1.0, 2.0, 3.0, 1.0, 2.0, 1.0, 1.0, 1.0, 1.0, 3.0, 3.0, 2.0, 0.0, 1.0, 3.0, 5.0, 5.0, 1.0], [5.0, 3.0, 2.0, 3.0, 5.0, 3.0, 6.0, 0.0, 3.0, 1.0, 5.0, 5.0, 5.0, 6.0, 3.0, 2.0, 2.0, 2.0, 5.0, 5.0, 2.0, 1.0, 2.0, 3.0, 1.0, 2.0, 1.0, 1.0, 1.0, 1.0, 3.0, 3.0, 1.0, 1.0, 1.0, 3.0, 5.0, 5.0, 1.0], [3.0, 2.0, 2.0, 0.0, 5.0, 5.0, 6.0, 0.0, 3.0, 0.0, 3.0, 5.0, 5.0, 5.0, 5.0, 2.0, 2.0, 2.0, 5.0, 5.0, 3.0, 1.0, 2.0, 3.0, 1.0, 2.0, 1.0, 1.0, 1.0, 2.0, 0.0, 3.0, 2.0, 0.0, 3.0, 3.0, 5.0, 5.0, 2.0], [4.0, 3.0, 2.0, 1.0, 3.0, 3.0, 5.0, 0.0, 3.0, 1.0, 5.0, 5.0, 5.0, 4.0, 5.0, 1.0, 2.0, 2.0, 5.0, 5.0, 3.0, 1.0, 2.0, 3.0, 1.0, 2.0, 1.0, 1.0, 1.0, 2.0, 2.0, 3.0, 3.0, 0.0, 3.0, 3.0, 5.0, 5.0, 1.0], [3.0, 3.0, 2.0, 0.0, 3.0, 5.0, 6.0, 0.0, 3.0, 1.0, 5.0, 5.0, 5.0, 4.0, 3.0, 2.0, 2.0, 1.0, 5.0, 3.0, 2.0, 1.0, 2.0, 3.0, 1.0, 2.0, 1.0, 1.0, 1.0, 4.0, 1.0, 2.0, 1.0, 0.0, 3.0, 3.0, 5.0, 5.0, 1.0], [3.0, 3.0, 2.0, 0.0, 5.0, 3.0, 6.0, 2.0, 3.0, 0.0, 3.0, 5.0, 5.0, 6.0, 1.0, 2.0, 2.0, 1.0, 5.0, 5.0, 3.0, 1.0, 1.0, 3.0, 1.0, 1.0, 1.0, 1.0, 1.0, 2.0, 0.0, 3.0, 2.0, 0.0, 1.0, 3.0, 5.0, 5.0, 2.0], [3.0, 3.0, 2.0, 3.0, 5.0, 5.0, 4.0, 0.0, 3.0, 1.0, 4.0, 5.0, 3.0, 4.0, 5.0, 2.0, 2.0, 2.0, 5.0, 5.0, 3.0, 1.0, 1.0, 3.0, 1.0, 2.0, 1.0, 1.0, 1.0, 2.0, 2.0, 2.0, 2.0, 0.0, 3.0, 3.0, 5.0, 5.0, 1.0], [3.0, 3.0, 2.0, 3.0, 4.0, 3.0, 6.0, 0.0, 3.0, 1.0, 3.0, 5.0, 3.0, 4.0, 3.0, 1.0, 2.0, 2.0, 5.0, 2.0, 2.0, 1.0, 2.0, 3.0, 1.0, 2.0, 1.0, 1.0, 1.0, 2.0, 2.0, 3.0, 1.0, 0.0, 1.0, 3.0, 5.0, 5.0, 1.0], [5.0, 3.0, 2.0, 0.0, 5.0, 5.0, 6.0, 0.0, 3.0, 1.0, 3.0, 5.0, 1.0, 5.0, 3.0, 2.0, 2.0, 2.0, 5.0, 5.0, 1.0, 1.0, 2.0, 3.0, 1.0, 3.0, 1.0, 3.0, 1.0, 1.0, 1.0, 3.0, 2.0, 1.0, 1.0, 3.0, 5.0, 5.0, 1.0], [3.0, 3.0, 2.0, 3.0, 5.0, 5.0, 6.0, 0.0, 3.0, 1.0, 3.0, 5.0, 5.0, 4.0, 3.0, 2.0, 2.0, 2.0, 5.0, 2.0, 3.0, 1.0, 2.0, 3.0, 1.0, 2.0, 1.0, 1.0, 1.0, 4.0, 1.0, 3.0, 3.0, 1.0, 2.0, 3.0, 5.0, 5.0, 2.0], [4.0, 3.0, 2.0, 0.0, 5.0, 5.0, 6.0, 0.0, 3.0, 1.0, 3.0, 5.0, 5.0, 5.0, 4.0, 2.0, 2.0, 3.0, 5.0, 5.0, 1.0, 1.0, 2.0, 3.0, 1.0, 3.0, 1.0, 1.0, 1.0, 4.0, 1.0, 3.0, 1.0, 0.0, 1.0, 3.0, 5.0, 5.0, 2.0], [5.0, 4.0, 2.0, 2.0, 3.0, 3.0, 6.0, 0.0, 3.0, 1.0, 3.0, 5.0, 3.0, 5.0, 5.0, 2.0, 2.0, 2.0, 5.0, 3.0, 2.0, 1.0, 1.0, 3.0, 1.0, 2.0, 1.0, 1.0, 1.0, 3.0, 1.0, 2.0, 1.0, 1.0, 1.0, 3.0, 5.0, 5.0, 1.0], [4.0, 4.0, 2.0, 1.0, 5.0, 3.0, 6.0, 0.0, 3.0, 1.0, 3.0, 5.0, 5.0, 4.0, 5.0, 2.0, 2.0, 1.0, 5.0, 3.0, 1.0, 1.0, 2.0, 3.0, 1.0, 3.0, 1.0, 1.0, 1.0, 4.0, 1.0, 0.0, 1.0, 0.0, 1.0, 3.0, 5.0, 5.0, 2.0], [5.0, 3.0, 2.0, 0.0, 3.0, 5.0, 6.0, 0.0, 3.0, 0.0, 3.0, 5.0, 5.0, 6.0, 3.0, 2.0, 3.0, 2.0, 5.0, 5.0, 1.0, 1.0, 1.0, 3.0, 1.0, 2.0, 1.0, 1.0, 1.0, 1.0, 2.0, 3.0, 3.0, 0.0, 1.0, 3.0, 5.0, 5.0, 1.0], [3.0, 3.0, 2.0, 3.0, 5.0, 5.0, 6.0, 0.0, 3.0, 0.0, 5.0, 3.0, 5.0, 4.0, 5.0, 2.0, 2.0, 2.0, 5.0, 3.0, 2.0, 1.0, 2.0, 3.0, 1.0, 2.0, 1.0, 1.0, 1.0, 3.0, 2.0, 3.0, 1.0, 0.0, 1.0, 5.0, 5.0, 5.0, 1.0], [5.0, 3.0, 2.0, 3.0, 5.0, 5.0, 6.0, 2.0, 3.0, 1.0, 3.0, 5.0, 3.0, 4.0, 5.0, 2.0, 2.0, 1.0, 5.0, 5.0, 3.0, 1.0, 2.0, 3.0, 1.0, 2.0, 1.0, 1.0, 1.0, 2.0, 1.0, 3.0, 1.0, 1.0, 1.0, 3.0, 5.0, 5.0, 2.0], [1.0, 4.0, 2.0, 3.0, 5.0, 5.0, 6.0, 0.0, 3.0, 1.0, 3.0, 5.0, 5.0, 4.0, 4.0, 2.0, 2.0, 2.0, 5.0, 5.0, 3.0, 1.0, 2.0, 3.0, 1.0, 3.0, 1.0, 1.0, 1.0, 2.0, 1.0, 3.0, 1.0, 0.0, 1.0, 3.0, 5.0, 5.0, 1.0], [4.0, 4.0, 3.0, 3.0, 5.0, 5.0, 6.0, 0.0, 3.0, 1.0, 5.0, 5.0, 5.0, 4.0, 4.0, 2.0, 2.0, 2.0, 5.0, 5.0, 2.0, 1.0, 1.0, 3.0, 1.0, 3.0, 1.0, 1.0, 1.0, 2.0, 1.0, 3.0, 1.0, 2.0, 1.0, 3.0, 5.0, 5.0, 2.0], [3.0, 3.0, 2.0, 0.0, 4.0, 2.0, 4.0, 0.0, 3.0, 1.0, 3.0, 5.0, 3.0, 5.0, 5.0, 2.0, 2.0, 1.0, 5.0, 5.0, 3.0, 1.0, 2.0, 2.0, 1.0, 2.0, 1.0, 3.0, 1.0, 3.0, 1.0, 2.0, 2.0, 0.0, 1.0, 3.0, 5.0, 5.0, 1.0], [0.0, 3.0, 2.0, 3.0, 3.0, 4.0, 6.0, 2.0, 3.0, 1.0, 5.0, 5.0, 5.0, 4.0, 5.0, 2.0, 2.0, 2.0, 5.0, 5.0, 3.0, 1.0, 2.0, 3.0, 1.0, 2.0, 1.0, 1.0, 1.0, 3.0, 3.0, 3.0, 2.0, 1.0, 1.0, 3.0, 5.0, 5.0, 2.0], [2.0, 4.0, 2.0, 0.0, 5.0, 3.0, 6.0, 0.0, 3.0, 0.0, 3.0, 5.0, 3.0, 5.0, 5.0, 2.0, 2.0, 2.0, 5.0, 2.0, 1.0, 1.0, 2.0, 3.0, 1.0, 2.0, 1.0, 2.0, 1.0, 2.0, 2.0, 2.0, 1.0, 1.0, 1.0, 3.0, 5.0, 5.0, 2.0], [3.0, 4.0, 2.0, 0.0, 5.0, 5.0, 6.0, 0.0, 3.0, 1.0, 3.0, 5.0, 5.0, 5.0, 5.0, 1.0, 2.0, 2.0, 5.0, 5.0, 3.0, 1.0, 1.0, 3.0, 1.0, 2.0, 1.0, 1.0, 3.0, 4.0, 2.0, 3.0, 2.0, 0.0, 2.0, 3.0, 5.0, 5.0, 1.0], [3.0, 3.0, 2.0, 3.0, 5.0, 3.0, 6.0, 0.0, 3.0, 1.0, 3.0, 6.0, 3.0, 4.0, 5.0, 2.0, 2.0, 1.0, 5.0, 2.0, 3.0, 1.0, 1.0, 3.0, 1.0, 4.0, 1.0, 1.0, 1.0, 4.0, 1.0, 3.0, 1.0, 2.0, 2.0, 3.0, 5.0, 5.0, 1.0], [3.0, 3.0, 2.0, 0.0, 3.0, 3.0, 6.0, 0.0, 3.0, 0.0, 3.0, 5.0, 1.0, 6.0, 5.0, 2.0, 2.0, 3.0, 5.0, 5.0, 2.0, 1.0, 2.0, 3.0, 1.0, 2.0, 1.0, 1.0, 1.0, 4.0, 2.0, 3.0, 2.0, 1.0, 2.0, 3.0, 5.0, 5.0, 2.0], [5.0, 3.0, 2.0, 1.0, 5.0, 4.0, 6.0, 0.0, 3.0, 1.0, 3.0, 5.0, 5.0, 5.0, 3.0, 2.0, 2.0, 2.0, 5.0, 5.0, 2.0, 1.0, 2.0, 3.0, 1.0, 2.0, 1.0, 1.0, 0.0, 2.0, 2.0, 3.0, 2.0, 0.0, 1.0, 3.0, 5.0, 5.0, 2.0], [3.0, 3.0, 2.0, 3.0, 5.0, 4.0, 6.0, 0.0, 3.0, 1.0, 3.0, 5.0, 5.0, 4.0, 5.0, 1.0, 2.0, 2.0, 5.0, 5.0, 3.0, 1.0, 2.0, 2.0, 1.0, 2.0, 1.0, 1.0, 1.0, 1.0, 2.0, 3.0, 1.0, 2.0, 1.0, 3.0, 5.0, 5.0, 1.0], [3.0, 3.0, 2.0, 3.0, 3.0, 5.0, 4.0, 0.0, 3.0, 1.0, 3.0, 5.0, 5.0, 4.0, 4.0, 1.0, 2.0, 1.0, 5.0, 5.0, 3.0, 1.0, 2.0, 3.0, 1.0, 2.0, 1.0, 1.0, 1.0, 2.0, 1.0, 3.0, 1.0, 0.0, 2.0, 3.0, 5.0, 5.0, 2.0], [3.0, 3.0, 2.0, 2.0, 5.0, 3.0, 6.0, 0.0, 3.0, 1.0, 3.0, 5.0, 5.0, 4.0, 1.0, 1.0, 3.0, 2.0, 5.0, 5.0, 1.0, 1.0, 2.0, 3.0, 1.0, 3.0, 1.0, 1.0, 1.0, 4.0, 2.0, 3.0, 1.0, 0.0, 1.0, 3.0, 5.0, 5.0, 1.0], [3.0, 3.0, 2.0, 3.0, 3.0, 3.0, 6.0, 0.0, 3.0, 1.0, 3.0, 5.0, 3.0, 4.0, 5.0, 2.0, 2.0, 2.0, 5.0, 2.0, 1.0, 1.0, 2.0, 3.0, 1.0, 2.0, 1.0, 1.0, 1.0, 3.0, 1.0, 3.0, 3.0, 0.0, 3.0, 3.0, 3.0, 5.0, 2.0], [4.0, 3.0, 3.0, 0.0, 3.0, 3.0, 6.0, 2.0, 1.0, 1.0, 3.0, 5.0, 3.0, 4.0, 4.0, 1.0, 2.0, 2.0, 5.0, 5.0, 3.0, 1.0, 2.0, 3.0, 1.0, 1.0, 1.0, 1.0, 1.0, 6.0, 0.0, 3.0, 2.0, 2.0, 1.0, 3.0, 5.0, 5.0, 1.0], [4.0, 3.0, 2.0, 0.0, 3.0, 5.0, 5.0, 0.0, 3.0, 1.0, 5.0, 5.0, 5.0, 4.0, 5.0, 2.0, 2.0, 2.0, 5.0, 2.0, 2.0, 1.0, 2.0, 2.0, 1.0, 2.0, 1.0, 1.0, 1.0, 3.0, 0.0, 3.0, 1.0, 0.0, 2.0, 3.0, 5.0, 5.0, 2.0], [1.0, 4.0, 2.0, 1.0, 3.0, 4.0, 6.0, 0.0, 3.0, 1.0, 5.0, 6.0, 3.0, 4.0, 5.0, 2.0, 2.0, 1.0, 5.0, 5.0, 2.0, 1.0, 2.0, 3.0, 1.0, 2.0, 1.0, 1.0, 1.0, 2.0, 1.0, 3.0, 2.0, 0.0, 1.0, 3.0, 5.0, 5.0, 1.0], [3.0, 5.0, 2.0, 3.0, 5.0, 4.0, 6.0, 0.0, 3.0, 0.0, 3.0, 5.0, 5.0, 4.0, 5.0, 2.0, 2.0, 2.0, 5.0, 5.0, 1.0, 1.0, 2.0, 3.0, 1.0, 1.0, 1.0, 1.0, 1.0, 1.0, 3.0, 3.0, 1.0, 2.0, 2.0, 2.0, 5.0, 5.0, 1.0], [4.0, 3.0, 5.0, 3.0, 5.0, 5.0, 6.0, 2.0, 3.0, 1.0, 3.0, 5.0, 5.0, 5.0, 2.0, 2.0, 2.0, 2.0, 5.0, 4.0, 2.0, 1.0, 1.0, 3.0, 1.0, 2.0, 1.0, 1.0, 1.0, 2.0, 1.0, 3.0, 2.0, 1.0, 1.0, 3.0, 5.0, 5.0, 1.0], [4.0, 3.0, 2.0, 0.0, 5.0, 3.0, 6.0, 2.0, 3.0, 0.0, 3.0, 5.0, 3.0, 4.0, 5.0, 2.0, 2.0, 2.0, 5.0, 2.0, 2.0, 1.0, 2.0, 3.0, 1.0, 3.0, 1.0, 1.0, 1.0, 2.0, 1.0, 3.0, 1.0, 1.0, 2.0, 3.0, 5.0, 5.0, 1.0], [4.0, 3.0, 2.0, 3.0, 5.0, 5.0, 6.0, 0.0, 3.0, 1.0, 4.0, 3.0, 3.0, 5.0, 5.0, 2.0, 2.0, 1.0, 5.0, 5.0, 2.0, 1.0, 1.0, 3.0, 1.0, 2.0, 1.0, 1.0, 1.0, 3.0, 1.0, 3.0, 1.0, 0.0, 1.0, 5.0, 5.0, 5.0, 2.0], [5.0, 3.0, 2.0, 1.0, 2.0, 3.0, 4.0, 0.0, 3.0, 0.0, 3.0, 3.0, 5.0, 6.0, 4.0, 2.0, 2.0, 1.0, 5.0, 5.0, 2.0, 1.0, 2.0, 3.0, 1.0, 1.0, 1.0, 1.0, 1.0, 3.0, 3.0, 2.0, 1.0, 0.0, 2.0, 3.0, 5.0, 5.0, 2.0], [3.0, 3.0, 2.0, 0.0, 4.0, 3.0, 6.0, 0.0, 3.0, 0.0, 3.0, 5.0, 3.0, 5.0, 3.0, 2.0, 2.0, 3.0, 5.0, 3.0, 2.0, 1.0, 2.0, 3.0, 1.0, 4.0, 1.0, 1.0, 1.0, 2.0, 2.0, 3.0, 1.0, 0.0, 3.0, 3.0, 5.0, 5.0, 1.0], [3.0, 4.0, 2.0, 3.0, 4.0, 5.0, 6.0, 0.0, 3.0, 1.0, 3.0, 3.0, 3.0, 4.0, 5.0, 2.0, 2.0, 2.0, 5.0, 3.0, 3.0, 1.0, 2.0, 2.0, 1.0, 1.0, 1.0, 1.0, 1.0, 2.0, 2.0, 3.0, 1.0, 0.0, 3.0, 3.0, 5.0, 5.0, 1.0], [4.0, 3.0, 2.0, 1.0, 5.0, 3.0, 6.0, 0.0, 3.0, 1.0, 3.0, 5.0, 5.0, 4.0, 5.0, 2.0, 2.0, 3.0, 5.0, 5.0, 1.0, 1.0, 2.0, 3.0, 1.0, 3.0, 1.0, 2.0, 1.0, 1.0, 2.0, 3.0, 2.0, 0.0, 3.0, 3.0, 5.0, 5.0, 1.0], [3.0, 3.0, 2.0, 0.0, 5.0, 4.0, 6.0, 0.0, 3.0, 1.0, 3.0, 5.0, 5.0, 4.0, 5.0, 2.0, 2.0, 1.0, 5.0, 2.0, 3.0, 1.0, 2.0, 3.0, 1.0, 2.0, 1.0, 1.0, 1.0, 2.0, 1.0, 3.0, 1.0, 2.0, 2.0, 3.0, 5.0, 5.0, 1.0], [3.0, 3.0, 2.0, 0.0, 5.0, 3.0, 6.0, 0.0, 3.0, 1.0, 3.0, 5.0, 5.0, 4.0, 5.0, 2.0, 2.0, 2.0, 5.0, 3.0, 1.0, 1.0, 2.0, 2.0, 1.0, 2.0, 1.0, 1.0, 1.0, 4.0, 1.0, 2.0, 3.0, 0.0, 3.0, 3.0, 5.0, 5.0, 1.0], [5.0, 3.0, 2.0, 0.0, 5.0, 3.0, 6.0, 0.0, 3.0, 0.0, 3.0, 5.0, 5.0, 5.0, 3.0, 1.0, 2.0, 2.0, 5.0, 5.0, 1.0, 1.0, 2.0, 2.0, 1.0, 2.0, 1.0, 1.0, 1.0, 1.0, 3.0, 3.0, 1.0, 0.0, 2.0, 3.0, 2.0, 5.0, 2.0], [4.0, 3.0, 2.0, 0.0, 3.0, 5.0, 6.0, 0.0, 3.0, 1.0, 1.0, 5.0, 3.0, 5.0, 5.0, 2.0, 2.0, 2.0, 5.0, 5.0, 3.0, 1.0, 2.0, 3.0, 1.0, 2.0, 1.0, 1.0, 1.0, 2.0, 3.0, 3.0, 1.0, 0.0, 1.0, 3.0, 5.0, 5.0, 1.0], [4.0, 4.0, 2.0, 3.0, 5.0, 5.0, 4.0, 0.0, 3.0, 1.0, 3.0, 3.0, 5.0, 4.0, 4.0, 2.0, 2.0, 2.0, 5.0, 4.0, 2.0, 1.0, 2.0, 2.0, 1.0, 1.0, 1.0, 1.0, 1.0, 1.0, 1.0, 3.0, 1.0, 0.0, 1.0, 3.0, 5.0, 5.0, 2.0], [5.0, 3.0, 2.0, 0.0, 5.0, 5.0, 6.0, 0.0, 3.0, 1.0, 5.0, 4.0, 5.0, 5.0, 5.0, 2.0, 2.0, 2.0, 5.0, 5.0, 3.0, 1.0, 1.0, 3.0, 1.0, 2.0, 1.0, 1.0, 1.0, 3.0, 1.0, 3.0, 2.0, 0.0, 1.0, 3.0, 5.0, 5.0, 1.0]]

