first layer check: Conv2d(6, 64, kernel_size=(7, 7), stride=(2, 2), padding=(3, 3), bias=False)

target ys
[2.0, 4.0, 4.0, 0.0, 2.0, 0.0, 2.0, 4.0, 2.0, 1.0, 4.0, 5.0, 2.0, 5.0, 3.0, 5.0, 3.0, 2.0, 4.0, 4.0, 1.0, 5.0, 3.0, 5.0, 4.0, 1.0, 1.0, 2.0, 1.0, 4.0, 1.0, 1.0, 2.0, 5.0, 1.0, 4.0, 1.0, 3.0, 3.0, 3.0, 2.0, 4.0]

for model 0: mode acc: 0.5, run mean acc: 0.42375001311302185, top-2 acc:0.6662499308586121, mode f1: 0.5

model 0 mode preds
[2.0, 4.0, 4.0, 2.0, 2.0, 2.0, 2.0, 4.0, 2.0, 2.0, 4.0, 4.0, 3.0, 3.0, 2.0, 2.0, 6.0, 2.0, 2.0, 4.0, 2.0, 6.0, 4.0, 4.0, 6.0, 1.0, 1.0, 2.0, 1.0, 2.0, 1.0, 2.0, 2.0, 4.0, 1.0, 2.0, 1.0, 2.0, 3.0, 2.0, 2.0, 4.0]

model 0 all preds
[[2.0, 4.0, 4.0, 2.0, 2.0, 2.0, 2.0, 4.0, 2.0, 2.0, 4.0, 4.0, 3.0, 3.0, 2.0, 2.0, 4.0, 2.0, 2.0, 5.0, 2.0, 6.0, 4.0, 4.0, 3.0, 1.0, 1.0, 2.0, 1.0, 4.0, 1.0, 2.0, 3.0, 3.0, 1.0, 4.0, 1.0, 2.0, 5.0, 2.0, 3.0, 4.0], [2.0, 4.0, 6.0, 2.0, 2.0, 2.0, 2.0, 4.0, 1.0, 3.0, 4.0, 4.0, 3.0, 3.0, 4.0, 2.0, 4.0, 2.0, 2.0, 4.0, 2.0, 6.0, 4.0, 4.0, 6.0, 1.0, 1.0, 2.0, 1.0, 2.0, 2.0, 2.0, 2.0, 5.0, 1.0, 5.0, 1.0, 2.0, 4.0, 3.0, 2.0, 4.0], [3.0, 4.0, 4.0, 2.0, 2.0, 2.0, 3.0, 4.0, 1.0, 2.0, 4.0, 4.0, 3.0, 3.0, 4.0, 2.0, 6.0, 2.0, 4.0, 2.0, 2.0, 6.0, 4.0, 4.0, 6.0, 1.0, 1.0, 2.0, 1.0, 2.0, 1.0, 2.0, 2.0, 4.0, 1.0, 2.0, 1.0, 2.0, 3.0, 2.0, 3.0, 5.0], [1.0, 4.0, 3.0, 2.0, 2.0, 2.0, 2.0, 4.0, 1.0, 2.0, 2.0, 2.0, 3.0, 2.0, 2.0, 2.0, 4.0, 2.0, 2.0, 4.0, 2.0, 6.0, 4.0, 4.0, 6.0, 1.0, 1.0, 4.0, 1.0, 2.0, 2.0, 1.0, 2.0, 4.0, 2.0, 5.0, 1.0, 2.0, 4.0, 2.0, 2.0, 4.0], [3.0, 4.0, 4.0, 2.0, 2.0, 2.0, 2.0, 6.0, 1.0, 2.0, 4.0, 4.0, 2.0, 3.0, 2.0, 2.0, 6.0, 2.0, 2.0, 4.0, 2.0, 6.0, 6.0, 4.0, 6.0, 1.0, 1.0, 2.0, 1.0, 2.0, 1.0, 1.0, 2.0, 4.0, 1.0, 2.0, 1.0, 4.0, 4.0, 2.0, 3.0, 4.0], [3.0, 4.0, 6.0, 2.0, 5.0, 2.0, 3.0, 4.0, 1.0, 2.0, 4.0, 4.0, 3.0, 2.0, 2.0, 2.0, 4.0, 2.0, 2.0, 4.0, 2.0, 3.0, 6.0, 4.0, 4.0, 1.0, 1.0, 2.0, 1.0, 2.0, 2.0, 2.0, 2.0, 3.0, 1.0, 2.0, 1.0, 2.0, 4.0, 4.0, 2.0, 4.0], [2.0, 4.0, 1.0, 2.0, 2.0, 2.0, 6.0, 4.0, 2.0, 2.0, 2.0, 4.0, 3.0, 2.0, 2.0, 2.0, 3.0, 2.0, 2.0, 4.0, 2.0, 4.0, 4.0, 5.0, 4.0, 1.0, 1.0, 2.0, 1.0, 2.0, 2.0, 2.0, 3.0, 4.0, 1.0, 5.0, 1.0, 2.0, 3.0, 2.0, 2.0, 4.0], [2.0, 4.0, 4.0, 2.0, 2.0, 2.0, 2.0, 4.0, 1.0, 3.0, 4.0, 4.0, 3.0, 3.0, 2.0, 2.0, 3.0, 2.0, 2.0, 5.0, 2.0, 6.0, 4.0, 4.0, 6.0, 1.0, 1.0, 2.0, 1.0, 2.0, 2.0, 2.0, 2.0, 4.0, 1.0, 5.0, 1.0, 2.0, 4.0, 2.0, 3.0, 3.0], [2.0, 4.0, 2.0, 2.0, 2.0, 2.0, 2.0, 4.0, 1.0, 2.0, 4.0, 2.0, 3.0, 3.0, 2.0, 2.0, 6.0, 2.0, 2.0, 4.0, 2.0, 2.0, 4.0, 4.0, 6.0, 1.0, 1.0, 2.0, 1.0, 4.0, 2.0, 2.0, 2.0, 6.0, 1.0, 4.0, 1.0, 2.0, 3.0, 2.0, 2.0, 4.0], [2.0, 4.0, 6.0, 2.0, 2.0, 2.0, 3.0, 4.0, 2.0, 2.0, 4.0, 6.0, 3.0, 3.0, 2.0, 2.0, 6.0, 2.0, 2.0, 5.0, 2.0, 3.0, 4.0, 2.0, 5.0, 1.0, 1.0, 3.0, 1.0, 2.0, 1.0, 1.0, 2.0, 4.0, 1.0, 2.0, 1.0, 5.0, 3.0, 2.0, 3.0, 4.0], [3.0, 6.0, 4.0, 2.0, 2.0, 2.0, 4.0, 4.0, 2.0, 3.0, 4.0, 3.0, 3.0, 3.0, 2.0, 2.0, 4.0, 2.0, 2.0, 4.0, 2.0, 6.0, 4.0, 2.0, 5.0, 1.0, 1.0, 2.0, 1.0, 2.0, 1.0, 2.0, 2.0, 3.0, 1.0, 5.0, 1.0, 2.0, 4.0, 2.0, 2.0, 5.0], [2.0, 4.0, 4.0, 2.0, 2.0, 2.0, 3.0, 4.0, 3.0, 2.0, 4.0, 3.0, 2.0, 3.0, 2.0, 2.0, 6.0, 2.0, 2.0, 4.0, 2.0, 4.0, 4.0, 6.0, 4.0, 1.0, 1.0, 4.0, 1.0, 4.0, 1.0, 2.0, 2.0, 2.0, 1.0, 2.0, 1.0, 2.0, 2.0, 2.0, 2.0, 3.0], [2.0, 4.0, 4.0, 2.0, 2.0, 1.0, 2.0, 4.0, 2.0, 3.0, 4.0, 3.0, 3.0, 3.0, 4.0, 2.0, 6.0, 2.0, 2.0, 2.0, 2.0, 4.0, 4.0, 4.0, 6.0, 1.0, 1.0, 2.0, 1.0, 2.0, 1.0, 1.0, 2.0, 5.0, 2.0, 2.0, 1.0, 2.0, 3.0, 2.0, 2.0, 5.0], [2.0, 3.0, 4.0, 2.0, 2.0, 3.0, 4.0, 5.0, 2.0, 2.0, 4.0, 3.0, 3.0, 3.0, 2.0, 2.0, 6.0, 2.0, 2.0, 4.0, 2.0, 6.0, 6.0, 4.0, 2.0, 1.0, 1.0, 2.0, 1.0, 2.0, 1.0, 1.0, 2.0, 2.0, 1.0, 2.0, 1.0, 4.0, 4.0, 2.0, 3.0, 4.0], [3.0, 6.0, 4.0, 2.0, 2.0, 2.0, 4.0, 4.0, 2.0, 2.0, 2.0, 5.0, 3.0, 3.0, 4.0, 2.0, 4.0, 2.0, 2.0, 4.0, 2.0, 4.0, 6.0, 2.0, 6.0, 1.0, 1.0, 2.0, 1.0, 4.0, 2.0, 1.0, 2.0, 2.0, 1.0, 5.0, 1.0, 2.0, 3.0, 2.0, 2.0, 4.0], [2.0, 4.0, 2.0, 2.0, 2.0, 2.0, 3.0, 4.0, 2.0, 2.0, 4.0, 4.0, 2.0, 3.0, 2.0, 2.0, 6.0, 2.0, 4.0, 4.0, 2.0, 6.0, 4.0, 4.0, 6.0, 1.0, 1.0, 2.0, 1.0, 4.0, 1.0, 1.0, 3.0, 5.0, 2.0, 2.0, 1.0, 2.0, 3.0, 2.0, 2.0, 4.0], [1.0, 4.0, 4.0, 2.0, 2.0, 2.0, 2.0, 4.0, 2.0, 2.0, 4.0, 4.0, 2.0, 2.0, 4.0, 2.0, 4.0, 2.0, 2.0, 5.0, 2.0, 2.0, 4.0, 4.0, 6.0, 1.0, 1.0, 2.0, 1.0, 2.0, 2.0, 2.0, 2.0, 5.0, 1.0, 2.0, 1.0, 2.0, 3.0, 2.0, 3.0, 4.0], [2.0, 4.0, 4.0, 2.0, 2.0, 2.0, 4.0, 4.0, 1.0, 2.0, 3.0, 4.0, 3.0, 3.0, 2.0, 2.0, 4.0, 2.0, 2.0, 5.0, 2.0, 6.0, 4.0, 4.0, 4.0, 1.0, 1.0, 2.0, 1.0, 4.0, 2.0, 1.0, 3.0, 2.0, 1.0, 2.0, 1.0, 2.0, 3.0, 4.0, 2.0, 4.0], [1.0, 4.0, 2.0, 2.0, 2.0, 2.0, 2.0, 2.0, 2.0, 3.0, 4.0, 6.0, 3.0, 3.0, 2.0, 2.0, 6.0, 2.0, 2.0, 4.0, 2.0, 6.0, 4.0, 4.0, 3.0, 1.0, 1.0, 2.0, 1.0, 2.0, 1.0, 1.0, 2.0, 2.0, 1.0, 2.0, 1.0, 2.0, 3.0, 2.0, 2.0, 3.0], [2.0, 4.0, 2.0, 2.0, 2.0, 2.0, 6.0, 4.0, 1.0, 2.0, 4.0, 4.0, 3.0, 3.0, 2.0, 2.0, 4.0, 2.0, 2.0, 4.0, 2.0, 4.0, 6.0, 2.0, 4.0, 1.0, 1.0, 2.0, 1.0, 4.0, 1.0, 2.0, 2.0, 4.0, 1.0, 2.0, 1.0, 2.0, 3.0, 2.0, 2.0, 4.0], [2.0, 4.0, 4.0, 2.0, 2.0, 2.0, 2.0, 4.0, 2.0, 2.0, 4.0, 4.0, 3.0, 2.0, 4.0, 2.0, 6.0, 2.0, 2.0, 4.0, 2.0, 6.0, 6.0, 4.0, 6.0, 1.0, 1.0, 2.0, 1.0, 2.0, 1.0, 1.0, 2.0, 4.0, 1.0, 5.0, 1.0, 5.0, 3.0, 3.0, 3.0, 3.0], [2.0, 4.0, 2.0, 2.0, 5.0, 2.0, 3.0, 5.0, 2.0, 2.0, 4.0, 4.0, 3.0, 3.0, 4.0, 2.0, 6.0, 2.0, 2.0, 5.0, 2.0, 6.0, 4.0, 2.0, 3.0, 1.0, 1.0, 2.0, 1.0, 4.0, 1.0, 1.0, 2.0, 6.0, 1.0, 4.0, 1.0, 2.0, 3.0, 2.0, 3.0, 4.0], [2.0, 4.0, 4.0, 2.0, 2.0, 2.0, 3.0, 4.0, 1.0, 3.0, 3.0, 4.0, 3.0, 3.0, 2.0, 2.0, 6.0, 2.0, 2.0, 2.0, 2.0, 4.0, 2.0, 4.0, 6.0, 1.0, 1.0, 4.0, 1.0, 2.0, 2.0, 1.0, 2.0, 2.0, 1.0, 2.0, 1.0, 4.0, 3.0, 4.0, 2.0, 5.0], [1.0, 6.0, 4.0, 2.0, 2.0, 2.0, 3.0, 4.0, 1.0, 2.0, 4.0, 6.0, 3.0, 3.0, 2.0, 2.0, 6.0, 2.0, 2.0, 4.0, 2.0, 4.0, 6.0, 2.0, 2.0, 1.0, 1.0, 2.0, 1.0, 4.0, 1.0, 2.0, 2.0, 2.0, 1.0, 4.0, 1.0, 4.0, 3.0, 3.0, 3.0, 3.0], [3.0, 4.0, 4.0, 2.0, 5.0, 1.0, 2.0, 2.0, 2.0, 2.0, 4.0, 2.0, 3.0, 3.0, 3.0, 2.0, 6.0, 2.0, 2.0, 5.0, 2.0, 6.0, 6.0, 4.0, 2.0, 1.0, 1.0, 2.0, 1.0, 4.0, 2.0, 2.0, 2.0, 4.0, 1.0, 2.0, 1.0, 2.0, 3.0, 2.0, 3.0, 4.0], [2.0, 4.0, 4.0, 2.0, 2.0, 2.0, 2.0, 4.0, 1.0, 2.0, 4.0, 3.0, 2.0, 3.0, 4.0, 2.0, 3.0, 2.0, 2.0, 5.0, 2.0, 6.0, 6.0, 4.0, 4.0, 1.0, 1.0, 2.0, 1.0, 4.0, 1.0, 2.0, 2.0, 2.0, 1.0, 4.0, 2.0, 2.0, 5.0, 4.0, 3.0, 3.0], [2.0, 6.0, 2.0, 2.0, 2.0, 2.0, 2.0, 5.0, 2.0, 2.0, 4.0, 6.0, 3.0, 3.0, 2.0, 2.0, 6.0, 2.0, 2.0, 3.0, 2.0, 4.0, 5.0, 4.0, 6.0, 1.0, 1.0, 4.0, 1.0, 4.0, 1.0, 2.0, 2.0, 4.0, 1.0, 2.0, 1.0, 2.0, 4.0, 2.0, 2.0, 3.0], [3.0, 3.0, 4.0, 2.0, 2.0, 1.0, 3.0, 5.0, 2.0, 2.0, 4.0, 3.0, 3.0, 3.0, 2.0, 2.0, 3.0, 2.0, 2.0, 4.0, 2.0, 3.0, 4.0, 4.0, 3.0, 1.0, 1.0, 2.0, 1.0, 2.0, 2.0, 2.0, 3.0, 2.0, 1.0, 5.0, 1.0, 2.0, 3.0, 2.0, 2.0, 4.0], [3.0, 2.0, 4.0, 2.0, 2.0, 2.0, 2.0, 4.0, 2.0, 3.0, 4.0, 4.0, 3.0, 2.0, 4.0, 2.0, 6.0, 2.0, 2.0, 5.0, 2.0, 4.0, 6.0, 6.0, 3.0, 1.0, 1.0, 2.0, 1.0, 2.0, 1.0, 2.0, 2.0, 2.0, 1.0, 2.0, 1.0, 2.0, 3.0, 2.0, 2.0, 4.0], [3.0, 4.0, 2.0, 2.0, 2.0, 2.0, 2.0, 4.0, 2.0, 2.0, 4.0, 4.0, 3.0, 3.0, 4.0, 2.0, 4.0, 2.0, 2.0, 5.0, 2.0, 3.0, 4.0, 4.0, 6.0, 1.0, 1.0, 1.0, 1.0, 2.0, 1.0, 1.0, 2.0, 4.0, 1.0, 2.0, 1.0, 2.0, 4.0, 2.0, 3.0, 4.0], [1.0, 4.0, 2.0, 2.0, 3.0, 3.0, 3.0, 4.0, 2.0, 2.0, 4.0, 3.0, 3.0, 3.0, 4.0, 2.0, 6.0, 2.0, 2.0, 4.0, 2.0, 4.0, 2.0, 2.0, 6.0, 1.0, 1.0, 2.0, 1.0, 4.0, 1.0, 2.0, 2.0, 2.0, 1.0, 5.0, 1.0, 2.0, 5.0, 2.0, 3.0, 4.0], [3.0, 4.0, 4.0, 2.0, 2.0, 2.0, 2.0, 4.0, 2.0, 3.0, 5.0, 2.0, 3.0, 2.0, 2.0, 2.0, 3.0, 2.0, 2.0, 5.0, 2.0, 4.0, 6.0, 4.0, 6.0, 1.0, 1.0, 2.0, 1.0, 4.0, 2.0, 2.0, 3.0, 5.0, 1.0, 5.0, 1.0, 2.0, 3.0, 2.0, 4.0, 4.0], [2.0, 4.0, 2.0, 2.0, 2.0, 2.0, 3.0, 4.0, 2.0, 3.0, 4.0, 3.0, 3.0, 2.0, 2.0, 2.0, 4.0, 2.0, 2.0, 5.0, 2.0, 2.0, 4.0, 4.0, 6.0, 1.0, 1.0, 2.0, 1.0, 4.0, 1.0, 2.0, 5.0, 4.0, 1.0, 2.0, 1.0, 2.0, 3.0, 3.0, 3.0, 4.0], [2.0, 4.0, 6.0, 2.0, 2.0, 1.0, 4.0, 4.0, 3.0, 3.0, 2.0, 4.0, 3.0, 3.0, 2.0, 2.0, 6.0, 2.0, 4.0, 4.0, 2.0, 6.0, 6.0, 3.0, 3.0, 1.0, 1.0, 4.0, 1.0, 2.0, 1.0, 2.0, 3.0, 3.0, 1.0, 5.0, 2.0, 2.0, 3.0, 2.0, 3.0, 4.0], [3.0, 4.0, 4.0, 2.0, 2.0, 3.0, 2.0, 4.0, 2.0, 2.0, 3.0, 3.0, 3.0, 3.0, 4.0, 2.0, 4.0, 2.0, 2.0, 5.0, 2.0, 2.0, 6.0, 4.0, 4.0, 1.0, 1.0, 3.0, 1.0, 2.0, 1.0, 2.0, 2.0, 5.0, 1.0, 2.0, 2.0, 2.0, 3.0, 2.0, 3.0, 3.0], [2.0, 6.0, 4.0, 2.0, 2.0, 3.0, 3.0, 4.0, 2.0, 2.0, 4.0, 4.0, 3.0, 3.0, 4.0, 2.0, 6.0, 2.0, 2.0, 2.0, 2.0, 6.0, 6.0, 4.0, 6.0, 1.0, 1.0, 2.0, 1.0, 4.0, 2.0, 1.0, 2.0, 5.0, 1.0, 2.0, 1.0, 2.0, 4.0, 2.0, 2.0, 3.0], [2.0, 4.0, 6.0, 2.0, 2.0, 2.0, 6.0, 2.0, 2.0, 2.0, 4.0, 2.0, 3.0, 2.0, 2.0, 2.0, 3.0, 2.0, 2.0, 4.0, 2.0, 4.0, 4.0, 2.0, 2.0, 1.0, 1.0, 2.0, 1.0, 4.0, 1.0, 1.0, 1.0, 4.0, 1.0, 2.0, 1.0, 2.0, 4.0, 2.0, 2.0, 5.0], [1.0, 4.0, 2.0, 2.0, 2.0, 2.0, 3.0, 4.0, 2.0, 3.0, 3.0, 6.0, 3.0, 2.0, 2.0, 2.0, 4.0, 2.0, 2.0, 5.0, 2.0, 2.0, 4.0, 5.0, 2.0, 1.0, 1.0, 2.0, 1.0, 2.0, 1.0, 2.0, 2.0, 2.0, 1.0, 2.0, 1.0, 2.0, 3.0, 3.0, 2.0, 2.0], [3.0, 3.0, 3.0, 2.0, 5.0, 2.0, 3.0, 4.0, 3.0, 2.0, 4.0, 4.0, 3.0, 3.0, 4.0, 2.0, 3.0, 2.0, 2.0, 4.0, 2.0, 4.0, 4.0, 4.0, 3.0, 1.0, 1.0, 4.0, 1.0, 4.0, 1.0, 1.0, 2.0, 4.0, 1.0, 5.0, 2.0, 2.0, 2.0, 2.0, 2.0, 4.0], [3.0, 4.0, 4.0, 2.0, 2.0, 2.0, 2.0, 4.0, 2.0, 3.0, 4.0, 4.0, 3.0, 3.0, 4.0, 2.0, 4.0, 2.0, 2.0, 4.0, 2.0, 4.0, 4.0, 4.0, 3.0, 1.0, 1.0, 2.0, 1.0, 4.0, 1.0, 2.0, 2.0, 2.0, 1.0, 2.0, 1.0, 2.0, 3.0, 4.0, 2.0, 4.0], [3.0, 3.0, 2.0, 2.0, 2.0, 2.0, 3.0, 4.0, 2.0, 2.0, 4.0, 4.0, 3.0, 2.0, 4.0, 2.0, 6.0, 2.0, 2.0, 5.0, 2.0, 6.0, 4.0, 4.0, 6.0, 1.0, 1.0, 2.0, 1.0, 2.0, 2.0, 1.0, 2.0, 2.0, 1.0, 5.0, 1.0, 5.0, 3.0, 2.0, 3.0, 3.0], [2.0, 4.0, 4.0, 2.0, 2.0, 2.0, 2.0, 4.0, 1.0, 2.0, 3.0, 4.0, 3.0, 3.0, 2.0, 2.0, 6.0, 2.0, 2.0, 2.0, 2.0, 6.0, 6.0, 4.0, 3.0, 1.0, 1.0, 2.0, 1.0, 4.0, 1.0, 2.0, 3.0, 4.0, 1.0, 2.0, 1.0, 2.0, 3.0, 3.0, 2.0, 4.0], [2.0, 4.0, 4.0, 2.0, 2.0, 2.0, 4.0, 4.0, 2.0, 2.0, 3.0, 4.0, 3.0, 3.0, 4.0, 2.0, 6.0, 2.0, 2.0, 4.0, 2.0, 6.0, 4.0, 4.0, 2.0, 1.0, 1.0, 2.0, 1.0, 2.0, 1.0, 1.0, 2.0, 2.0, 1.0, 2.0, 1.0, 2.0, 3.0, 2.0, 3.0, 4.0], [3.0, 6.0, 4.0, 2.0, 2.0, 2.0, 3.0, 4.0, 1.0, 3.0, 4.0, 4.0, 3.0, 3.0, 4.0, 2.0, 6.0, 2.0, 2.0, 5.0, 2.0, 6.0, 2.0, 2.0, 4.0, 1.0, 1.0, 2.0, 1.0, 2.0, 2.0, 2.0, 3.0, 4.0, 1.0, 4.0, 1.0, 4.0, 3.0, 2.0, 2.0, 4.0], [2.0, 4.0, 4.0, 5.0, 2.0, 2.0, 2.0, 2.0, 1.0, 2.0, 5.0, 4.0, 3.0, 3.0, 4.0, 2.0, 6.0, 2.0, 2.0, 2.0, 2.0, 6.0, 4.0, 4.0, 2.0, 1.0, 1.0, 2.0, 1.0, 4.0, 1.0, 1.0, 2.0, 4.0, 1.0, 2.0, 1.0, 2.0, 3.0, 2.0, 3.0, 4.0], [1.0, 4.0, 6.0, 2.0, 2.0, 2.0, 3.0, 4.0, 2.0, 2.0, 3.0, 2.0, 3.0, 3.0, 2.0, 2.0, 6.0, 2.0, 2.0, 2.0, 2.0, 4.0, 6.0, 4.0, 6.0, 1.0, 1.0, 2.0, 1.0, 2.0, 2.0, 1.0, 2.0, 6.0, 1.0, 2.0, 1.0, 2.0, 3.0, 3.0, 2.0, 5.0], [2.0, 4.0, 4.0, 2.0, 2.0, 1.0, 3.0, 5.0, 1.0, 3.0, 4.0, 3.0, 3.0, 3.0, 4.0, 2.0, 3.0, 2.0, 2.0, 3.0, 2.0, 6.0, 6.0, 4.0, 6.0, 1.0, 1.0, 2.0, 1.0, 2.0, 2.0, 1.0, 2.0, 3.0, 1.0, 2.0, 1.0, 2.0, 2.0, 2.0, 2.0, 4.0], [2.0, 3.0, 6.0, 2.0, 2.0, 2.0, 2.0, 4.0, 3.0, 2.0, 4.0, 3.0, 3.0, 3.0, 4.0, 2.0, 4.0, 2.0, 2.0, 4.0, 2.0, 4.0, 6.0, 4.0, 6.0, 1.0, 1.0, 2.0, 1.0, 2.0, 2.0, 2.0, 2.0, 3.0, 1.0, 5.0, 1.0, 2.0, 3.0, 2.0, 3.0, 4.0], [1.0, 4.0, 3.0, 2.0, 2.0, 2.0, 3.0, 4.0, 2.0, 3.0, 3.0, 3.0, 3.0, 3.0, 4.0, 2.0, 6.0, 2.0, 2.0, 4.0, 2.0, 4.0, 6.0, 2.0, 6.0, 1.0, 1.0, 2.0, 1.0, 2.0, 2.0, 2.0, 2.0, 4.0, 1.0, 2.0, 1.0, 4.0, 3.0, 2.0, 3.0, 3.0], [1.0, 4.0, 1.0, 2.0, 2.0, 2.0, 4.0, 5.0, 1.0, 2.0, 5.0, 3.0, 2.0, 3.0, 2.0, 2.0, 6.0, 2.0, 2.0, 4.0, 2.0, 3.0, 2.0, 6.0, 5.0, 1.0, 1.0, 2.0, 1.0, 4.0, 1.0, 1.0, 3.0, 3.0, 1.0, 5.0, 1.0, 4.0, 3.0, 2.0, 2.0, 4.0]]

first layer check: Conv2d(6, 64, kernel_size=(7, 7), stride=(2, 2), padding=(3, 3), bias=False)

for model 1: mode acc: 0.3333333432674408, run mean acc: 0.3462499976158142, top-2 acc:0.5833333730697632, mode f1: 0.3333333432674408

model 1 mode preds
[1.0, 3.0, 6.0, 1.0, 2.0, 1.0, 3.0, 4.0, 2.0, 3.0, 3.0, 6.0, 3.0, 3.0, 3.0, 6.0, 6.0, 3.0, 3.0, 3.0, 1.0, 6.0, 6.0, 6.0, 6.0, 1.0, 1.0, 3.0, 1.0, 6.0, 1.0, 1.0, 2.0, 3.0, 1.0, 6.0, 1.0, 2.0, 1.0, 3.0, 3.0, 6.0]

model 1 all preds
[[1.0, 6.0, 4.0, 1.0, 2.0, 1.0, 4.0, 4.0, 2.0, 3.0, 3.0, 3.0, 3.0, 3.0, 2.0, 4.0, 6.0, 3.0, 3.0, 6.0, 1.0, 6.0, 4.0, 6.0, 6.0, 1.0, 1.0, 3.0, 1.0, 6.0, 1.0, 1.0, 3.0, 6.0, 1.0, 2.0, 1.0, 2.0, 1.0, 3.0, 2.0, 3.0], [1.0, 4.0, 4.0, 3.0, 2.0, 1.0, 3.0, 6.0, 1.0, 3.0, 6.0, 2.0, 3.0, 3.0, 4.0, 6.0, 2.0, 3.0, 3.0, 3.0, 1.0, 6.0, 6.0, 3.0, 6.0, 1.0, 1.0, 3.0, 1.0, 6.0, 1.0, 1.0, 3.0, 2.0, 1.0, 6.0, 1.0, 2.0, 1.0, 3.0, 2.0, 2.0], [2.0, 6.0, 2.0, 3.0, 2.0, 3.0, 2.0, 4.0, 1.0, 3.0, 3.0, 6.0, 3.0, 3.0, 3.0, 4.0, 2.0, 3.0, 3.0, 2.0, 1.0, 6.0, 6.0, 3.0, 2.0, 1.0, 1.0, 3.0, 1.0, 6.0, 1.0, 1.0, 1.0, 6.0, 1.0, 2.0, 1.0, 2.0, 2.0, 3.0, 3.0, 6.0], [1.0, 6.0, 4.0, 3.0, 2.0, 3.0, 2.0, 4.0, 2.0, 1.0, 6.0, 6.0, 3.0, 3.0, 1.0, 6.0, 6.0, 3.0, 3.0, 4.0, 1.0, 6.0, 4.0, 6.0, 6.0, 1.0, 1.0, 3.0, 1.0, 6.0, 1.0, 1.0, 1.0, 3.0, 1.0, 3.0, 1.0, 2.0, 3.0, 3.0, 2.0, 3.0], [1.0, 3.0, 4.0, 3.0, 2.0, 1.0, 3.0, 4.0, 2.0, 3.0, 6.0, 4.0, 3.0, 3.0, 2.0, 6.0, 2.0, 3.0, 3.0, 6.0, 1.0, 6.0, 6.0, 1.0, 6.0, 1.0, 1.0, 2.0, 1.0, 6.0, 1.0, 1.0, 2.0, 3.0, 1.0, 1.0, 1.0, 1.0, 1.0, 3.0, 3.0, 6.0], [1.0, 3.0, 6.0, 1.0, 1.0, 3.0, 6.0, 4.0, 2.0, 3.0, 3.0, 4.0, 1.0, 3.0, 4.0, 4.0, 6.0, 2.0, 2.0, 3.0, 1.0, 6.0, 4.0, 6.0, 6.0, 1.0, 1.0, 2.0, 1.0, 6.0, 1.0, 1.0, 6.0, 3.0, 1.0, 3.0, 1.0, 2.0, 6.0, 3.0, 2.0, 4.0], [1.0, 4.0, 4.0, 1.0, 4.0, 1.0, 3.0, 4.0, 2.0, 1.0, 6.0, 6.0, 3.0, 2.0, 3.0, 6.0, 6.0, 3.0, 3.0, 6.0, 1.0, 3.0, 4.0, 3.0, 2.0, 1.0, 1.0, 3.0, 1.0, 6.0, 1.0, 1.0, 6.0, 6.0, 1.0, 6.0, 1.0, 2.0, 3.0, 3.0, 1.0, 6.0], [1.0, 4.0, 4.0, 1.0, 2.0, 3.0, 3.0, 4.0, 2.0, 3.0, 3.0, 6.0, 3.0, 3.0, 3.0, 6.0, 1.0, 1.0, 2.0, 3.0, 1.0, 6.0, 6.0, 3.0, 2.0, 1.0, 1.0, 2.0, 1.0, 6.0, 1.0, 1.0, 2.0, 1.0, 1.0, 6.0, 1.0, 6.0, 1.0, 6.0, 2.0, 6.0], [1.0, 4.0, 3.0, 3.0, 2.0, 1.0, 6.0, 2.0, 1.0, 3.0, 4.0, 6.0, 3.0, 3.0, 3.0, 4.0, 6.0, 3.0, 3.0, 3.0, 1.0, 6.0, 4.0, 3.0, 6.0, 1.0, 1.0, 3.0, 1.0, 6.0, 1.0, 1.0, 6.0, 3.0, 1.0, 2.0, 1.0, 1.0, 2.0, 6.0, 1.0, 4.0], [1.0, 4.0, 6.0, 3.0, 2.0, 3.0, 3.0, 2.0, 1.0, 3.0, 3.0, 6.0, 3.0, 3.0, 3.0, 6.0, 4.0, 3.0, 2.0, 3.0, 1.0, 2.0, 4.0, 3.0, 6.0, 1.0, 1.0, 3.0, 1.0, 6.0, 1.0, 1.0, 2.0, 3.0, 1.0, 4.0, 1.0, 1.0, 2.0, 3.0, 3.0, 3.0], [1.0, 3.0, 3.0, 3.0, 2.0, 1.0, 3.0, 4.0, 1.0, 3.0, 6.0, 6.0, 1.0, 3.0, 3.0, 4.0, 6.0, 3.0, 6.0, 1.0, 1.0, 6.0, 6.0, 6.0, 6.0, 1.0, 1.0, 3.0, 1.0, 6.0, 1.0, 1.0, 2.0, 1.0, 1.0, 3.0, 1.0, 2.0, 3.0, 3.0, 2.0, 6.0], [1.0, 3.0, 4.0, 1.0, 2.0, 3.0, 3.0, 6.0, 2.0, 3.0, 3.0, 3.0, 3.0, 3.0, 3.0, 6.0, 2.0, 3.0, 3.0, 6.0, 1.0, 6.0, 4.0, 6.0, 2.0, 1.0, 1.0, 3.0, 1.0, 6.0, 1.0, 1.0, 1.0, 6.0, 1.0, 6.0, 1.0, 2.0, 2.0, 1.0, 1.0, 6.0], [1.0, 4.0, 4.0, 2.0, 1.0, 3.0, 2.0, 6.0, 2.0, 3.0, 3.0, 6.0, 3.0, 3.0, 3.0, 4.0, 2.0, 3.0, 2.0, 3.0, 1.0, 6.0, 6.0, 6.0, 2.0, 1.0, 1.0, 3.0, 1.0, 6.0, 1.0, 1.0, 1.0, 3.0, 1.0, 6.0, 1.0, 2.0, 1.0, 1.0, 2.0, 4.0], [1.0, 3.0, 6.0, 3.0, 4.0, 1.0, 3.0, 4.0, 2.0, 3.0, 6.0, 6.0, 3.0, 3.0, 2.0, 4.0, 2.0, 3.0, 3.0, 3.0, 1.0, 6.0, 4.0, 3.0, 4.0, 1.0, 1.0, 3.0, 1.0, 6.0, 1.0, 1.0, 1.0, 3.0, 1.0, 3.0, 1.0, 1.0, 1.0, 2.0, 3.0, 4.0], [1.0, 6.0, 6.0, 1.0, 1.0, 1.0, 3.0, 6.0, 2.0, 3.0, 3.0, 6.0, 3.0, 3.0, 1.0, 6.0, 6.0, 3.0, 2.0, 4.0, 1.0, 6.0, 6.0, 6.0, 2.0, 1.0, 1.0, 2.0, 1.0, 3.0, 1.0, 1.0, 1.0, 2.0, 1.0, 6.0, 1.0, 4.0, 3.0, 3.0, 3.0, 3.0], [1.0, 4.0, 6.0, 1.0, 2.0, 1.0, 3.0, 6.0, 2.0, 3.0, 3.0, 3.0, 3.0, 2.0, 3.0, 6.0, 2.0, 3.0, 3.0, 2.0, 1.0, 6.0, 6.0, 3.0, 6.0, 1.0, 1.0, 3.0, 1.0, 6.0, 1.0, 1.0, 2.0, 3.0, 1.0, 1.0, 1.0, 1.0, 1.0, 1.0, 2.0, 4.0], [2.0, 4.0, 2.0, 1.0, 2.0, 2.0, 6.0, 6.0, 2.0, 3.0, 6.0, 6.0, 3.0, 3.0, 2.0, 6.0, 4.0, 3.0, 2.0, 1.0, 1.0, 6.0, 6.0, 3.0, 2.0, 1.0, 1.0, 2.0, 1.0, 2.0, 1.0, 1.0, 1.0, 2.0, 1.0, 6.0, 1.0, 2.0, 1.0, 1.0, 1.0, 2.0], [1.0, 3.0, 6.0, 1.0, 2.0, 3.0, 2.0, 4.0, 1.0, 3.0, 3.0, 6.0, 3.0, 3.0, 1.0, 6.0, 6.0, 3.0, 3.0, 1.0, 1.0, 6.0, 6.0, 2.0, 6.0, 1.0, 1.0, 3.0, 1.0, 6.0, 1.0, 1.0, 2.0, 3.0, 1.0, 3.0, 1.0, 2.0, 2.0, 3.0, 1.0, 4.0], [1.0, 6.0, 1.0, 1.0, 2.0, 3.0, 3.0, 4.0, 2.0, 3.0, 3.0, 6.0, 3.0, 3.0, 1.0, 6.0, 4.0, 3.0, 3.0, 3.0, 1.0, 6.0, 6.0, 2.0, 2.0, 1.0, 1.0, 6.0, 1.0, 6.0, 1.0, 1.0, 6.0, 2.0, 1.0, 1.0, 1.0, 1.0, 2.0, 1.0, 1.0, 6.0], [1.0, 6.0, 6.0, 3.0, 2.0, 1.0, 3.0, 4.0, 1.0, 3.0, 3.0, 3.0, 1.0, 2.0, 3.0, 4.0, 1.0, 3.0, 3.0, 4.0, 1.0, 4.0, 6.0, 6.0, 6.0, 1.0, 1.0, 3.0, 1.0, 6.0, 1.0, 1.0, 2.0, 2.0, 1.0, 5.0, 1.0, 2.0, 3.0, 1.0, 3.0, 6.0], [1.0, 4.0, 6.0, 3.0, 2.0, 2.0, 3.0, 4.0, 2.0, 3.0, 3.0, 2.0, 3.0, 3.0, 3.0, 6.0, 2.0, 3.0, 3.0, 4.0, 1.0, 6.0, 3.0, 6.0, 4.0, 1.0, 1.0, 3.0, 1.0, 6.0, 1.0, 1.0, 2.0, 2.0, 1.0, 6.0, 1.0, 1.0, 3.0, 3.0, 2.0, 6.0], [1.0, 3.0, 6.0, 2.0, 2.0, 1.0, 3.0, 3.0, 1.0, 3.0, 3.0, 3.0, 3.0, 3.0, 3.0, 4.0, 6.0, 3.0, 3.0, 2.0, 1.0, 6.0, 6.0, 6.0, 2.0, 1.0, 1.0, 3.0, 1.0, 6.0, 1.0, 1.0, 2.0, 4.0, 1.0, 6.0, 1.0, 1.0, 3.0, 3.0, 3.0, 4.0], [1.0, 4.0, 6.0, 1.0, 2.0, 1.0, 4.0, 4.0, 1.0, 3.0, 6.0, 6.0, 1.0, 3.0, 3.0, 6.0, 6.0, 3.0, 3.0, 6.0, 1.0, 6.0, 6.0, 6.0, 2.0, 1.0, 1.0, 3.0, 1.0, 6.0, 1.0, 1.0, 3.0, 3.0, 1.0, 1.0, 1.0, 1.0, 2.0, 3.0, 3.0, 3.0], [1.0, 6.0, 1.0, 1.0, 2.0, 1.0, 2.0, 4.0, 1.0, 3.0, 3.0, 6.0, 3.0, 3.0, 2.0, 6.0, 6.0, 3.0, 3.0, 3.0, 1.0, 6.0, 3.0, 6.0, 6.0, 1.0, 1.0, 2.0, 1.0, 6.0, 1.0, 1.0, 2.0, 3.0, 1.0, 2.0, 1.0, 2.0, 1.0, 3.0, 2.0, 6.0], [1.0, 1.0, 6.0, 1.0, 2.0, 1.0, 4.0, 1.0, 2.0, 3.0, 3.0, 6.0, 3.0, 3.0, 3.0, 6.0, 1.0, 3.0, 3.0, 3.0, 1.0, 6.0, 4.0, 1.0, 2.0, 1.0, 1.0, 3.0, 1.0, 3.0, 1.0, 1.0, 1.0, 6.0, 1.0, 6.0, 1.0, 1.0, 2.0, 3.0, 3.0, 6.0], [1.0, 6.0, 4.0, 3.0, 2.0, 1.0, 3.0, 4.0, 2.0, 3.0, 6.0, 6.0, 1.0, 3.0, 1.0, 4.0, 6.0, 3.0, 3.0, 2.0, 1.0, 4.0, 4.0, 6.0, 2.0, 1.0, 1.0, 3.0, 1.0, 6.0, 1.0, 1.0, 2.0, 3.0, 1.0, 6.0, 1.0, 2.0, 1.0, 1.0, 3.0, 6.0], [1.0, 4.0, 3.0, 1.0, 2.0, 3.0, 3.0, 4.0, 2.0, 3.0, 3.0, 6.0, 3.0, 3.0, 1.0, 4.0, 6.0, 3.0, 1.0, 6.0, 1.0, 6.0, 6.0, 2.0, 6.0, 1.0, 1.0, 3.0, 1.0, 3.0, 1.0, 1.0, 1.0, 6.0, 1.0, 2.0, 1.0, 2.0, 1.0, 3.0, 3.0, 6.0], [1.0, 4.0, 6.0, 1.0, 2.0, 3.0, 6.0, 4.0, 2.0, 2.0, 3.0, 3.0, 3.0, 3.0, 3.0, 6.0, 6.0, 3.0, 3.0, 6.0, 1.0, 6.0, 6.0, 6.0, 6.0, 1.0, 1.0, 3.0, 1.0, 6.0, 1.0, 1.0, 2.0, 2.0, 1.0, 6.0, 1.0, 1.0, 2.0, 3.0, 2.0, 6.0], [1.0, 3.0, 6.0, 3.0, 2.0, 1.0, 3.0, 4.0, 2.0, 3.0, 3.0, 2.0, 3.0, 1.0, 3.0, 4.0, 4.0, 1.0, 1.0, 3.0, 1.0, 6.0, 3.0, 3.0, 4.0, 1.0, 1.0, 3.0, 1.0, 6.0, 1.0, 1.0, 1.0, 2.0, 1.0, 1.0, 1.0, 6.0, 1.0, 3.0, 1.0, 6.0], [1.0, 3.0, 6.0, 1.0, 2.0, 1.0, 2.0, 2.0, 1.0, 3.0, 4.0, 6.0, 3.0, 3.0, 3.0, 6.0, 6.0, 3.0, 2.0, 3.0, 1.0, 6.0, 6.0, 6.0, 2.0, 1.0, 1.0, 3.0, 1.0, 6.0, 1.0, 1.0, 2.0, 3.0, 1.0, 5.0, 1.0, 1.0, 1.0, 3.0, 3.0, 2.0], [1.0, 6.0, 3.0, 1.0, 2.0, 3.0, 3.0, 2.0, 2.0, 3.0, 3.0, 6.0, 1.0, 2.0, 3.0, 4.0, 2.0, 3.0, 3.0, 1.0, 1.0, 6.0, 6.0, 6.0, 4.0, 1.0, 1.0, 2.0, 1.0, 6.0, 1.0, 1.0, 2.0, 3.0, 1.0, 6.0, 1.0, 2.0, 2.0, 3.0, 3.0, 6.0], [3.0, 6.0, 6.0, 1.0, 2.0, 1.0, 4.0, 4.0, 2.0, 3.0, 3.0, 6.0, 3.0, 2.0, 3.0, 4.0, 4.0, 3.0, 3.0, 3.0, 1.0, 6.0, 6.0, 4.0, 6.0, 1.0, 1.0, 2.0, 1.0, 6.0, 1.0, 1.0, 1.0, 3.0, 1.0, 3.0, 1.0, 1.0, 3.0, 1.0, 1.0, 2.0], [3.0, 4.0, 4.0, 3.0, 2.0, 1.0, 3.0, 4.0, 2.0, 3.0, 4.0, 3.0, 3.0, 3.0, 4.0, 6.0, 6.0, 3.0, 3.0, 6.0, 1.0, 6.0, 6.0, 6.0, 2.0, 1.0, 1.0, 1.0, 1.0, 6.0, 1.0, 1.0, 1.0, 3.0, 1.0, 6.0, 1.0, 1.0, 1.0, 2.0, 3.0, 6.0], [1.0, 6.0, 4.0, 1.0, 2.0, 2.0, 2.0, 3.0, 1.0, 3.0, 3.0, 6.0, 1.0, 3.0, 2.0, 6.0, 3.0, 3.0, 3.0, 6.0, 1.0, 6.0, 6.0, 6.0, 6.0, 1.0, 1.0, 3.0, 1.0, 6.0, 1.0, 1.0, 1.0, 3.0, 1.0, 6.0, 1.0, 1.0, 1.0, 3.0, 6.0, 3.0], [1.0, 6.0, 6.0, 3.0, 2.0, 1.0, 3.0, 4.0, 2.0, 3.0, 3.0, 6.0, 3.0, 3.0, 3.0, 6.0, 6.0, 3.0, 3.0, 3.0, 1.0, 6.0, 6.0, 6.0, 3.0, 1.0, 1.0, 3.0, 1.0, 3.0, 1.0, 1.0, 2.0, 2.0, 1.0, 5.0, 1.0, 1.0, 1.0, 3.0, 3.0, 6.0], [1.0, 4.0, 6.0, 2.0, 2.0, 2.0, 3.0, 3.0, 2.0, 3.0, 4.0, 6.0, 3.0, 3.0, 3.0, 6.0, 2.0, 3.0, 3.0, 3.0, 1.0, 6.0, 6.0, 6.0, 2.0, 1.0, 1.0, 3.0, 1.0, 3.0, 1.0, 1.0, 2.0, 3.0, 1.0, 6.0, 1.0, 2.0, 2.0, 2.0, 3.0, 3.0], [1.0, 3.0, 2.0, 3.0, 2.0, 1.0, 6.0, 4.0, 2.0, 3.0, 4.0, 3.0, 3.0, 3.0, 3.0, 6.0, 3.0, 3.0, 3.0, 6.0, 1.0, 6.0, 3.0, 3.0, 6.0, 1.0, 1.0, 2.0, 1.0, 6.0, 1.0, 1.0, 2.0, 2.0, 1.0, 2.0, 1.0, 2.0, 3.0, 1.0, 3.0, 3.0], [1.0, 3.0, 3.0, 3.0, 2.0, 1.0, 6.0, 4.0, 2.0, 1.0, 6.0, 3.0, 3.0, 3.0, 3.0, 4.0, 6.0, 3.0, 3.0, 3.0, 1.0, 6.0, 6.0, 3.0, 6.0, 1.0, 1.0, 2.0, 1.0, 3.0, 1.0, 1.0, 2.0, 3.0, 1.0, 1.0, 1.0, 2.0, 2.0, 3.0, 3.0, 4.0], [1.0, 6.0, 6.0, 3.0, 2.0, 3.0, 3.0, 4.0, 2.0, 3.0, 4.0, 2.0, 1.0, 3.0, 3.0, 6.0, 6.0, 3.0, 1.0, 3.0, 1.0, 6.0, 6.0, 3.0, 6.0, 1.0, 1.0, 2.0, 1.0, 6.0, 1.0, 1.0, 1.0, 6.0, 1.0, 5.0, 1.0, 1.0, 2.0, 3.0, 3.0, 6.0], [1.0, 3.0, 4.0, 1.0, 2.0, 1.0, 6.0, 2.0, 2.0, 2.0, 3.0, 6.0, 3.0, 3.0, 3.0, 4.0, 2.0, 3.0, 3.0, 6.0, 1.0, 6.0, 3.0, 3.0, 6.0, 1.0, 1.0, 2.0, 1.0, 6.0, 1.0, 1.0, 2.0, 3.0, 1.0, 6.0, 1.0, 2.0, 2.0, 6.0, 3.0, 6.0], [1.0, 4.0, 6.0, 2.0, 2.0, 3.0, 3.0, 4.0, 1.0, 3.0, 3.0, 2.0, 1.0, 3.0, 3.0, 6.0, 6.0, 3.0, 3.0, 6.0, 1.0, 6.0, 4.0, 6.0, 3.0, 1.0, 1.0, 3.0, 1.0, 6.0, 1.0, 1.0, 2.0, 6.0, 1.0, 5.0, 1.0, 2.0, 1.0, 3.0, 2.0, 6.0], [1.0, 6.0, 6.0, 1.0, 2.0, 1.0, 3.0, 2.0, 1.0, 3.0, 3.0, 2.0, 3.0, 3.0, 2.0, 6.0, 6.0, 3.0, 3.0, 2.0, 1.0, 6.0, 6.0, 3.0, 2.0, 1.0, 1.0, 1.0, 1.0, 6.0, 1.0, 1.0, 2.0, 3.0, 1.0, 6.0, 1.0, 2.0, 1.0, 3.0, 1.0, 4.0], [1.0, 3.0, 3.0, 3.0, 2.0, 1.0, 6.0, 1.0, 1.0, 3.0, 3.0, 6.0, 3.0, 3.0, 2.0, 4.0, 6.0, 3.0, 1.0, 3.0, 1.0, 6.0, 3.0, 3.0, 2.0, 1.0, 1.0, 3.0, 1.0, 6.0, 1.0, 1.0, 2.0, 4.0, 1.0, 6.0, 1.0, 1.0, 1.0, 1.0, 3.0, 6.0], [1.0, 3.0, 1.0, 1.0, 2.0, 3.0, 3.0, 3.0, 1.0, 3.0, 3.0, 6.0, 3.0, 3.0, 4.0, 4.0, 6.0, 3.0, 3.0, 3.0, 1.0, 3.0, 4.0, 3.0, 4.0, 1.0, 1.0, 3.0, 1.0, 6.0, 1.0, 1.0, 1.0, 3.0, 1.0, 1.0, 1.0, 2.0, 1.0, 3.0, 3.0, 6.0], [1.0, 1.0, 2.0, 3.0, 2.0, 1.0, 3.0, 3.0, 2.0, 3.0, 4.0, 3.0, 1.0, 2.0, 3.0, 6.0, 2.0, 3.0, 3.0, 3.0, 1.0, 6.0, 6.0, 6.0, 4.0, 1.0, 1.0, 3.0, 1.0, 6.0, 1.0, 1.0, 2.0, 6.0, 1.0, 4.0, 1.0, 2.0, 6.0, 1.0, 2.0, 6.0], [1.0, 3.0, 6.0, 1.0, 2.0, 1.0, 6.0, 4.0, 2.0, 3.0, 3.0, 6.0, 3.0, 3.0, 3.0, 6.0, 2.0, 3.0, 1.0, 3.0, 1.0, 3.0, 6.0, 6.0, 2.0, 1.0, 1.0, 2.0, 1.0, 6.0, 1.0, 1.0, 2.0, 3.0, 1.0, 2.0, 1.0, 1.0, 1.0, 3.0, 2.0, 3.0], [1.0, 6.0, 3.0, 3.0, 2.0, 1.0, 2.0, 4.0, 1.0, 3.0, 6.0, 6.0, 3.0, 2.0, 3.0, 4.0, 4.0, 3.0, 2.0, 2.0, 1.0, 6.0, 3.0, 6.0, 6.0, 1.0, 1.0, 3.0, 1.0, 6.0, 1.0, 1.0, 1.0, 3.0, 1.0, 6.0, 1.0, 2.0, 2.0, 3.0, 2.0, 3.0], [1.0, 3.0, 6.0, 3.0, 2.0, 1.0, 3.0, 2.0, 2.0, 3.0, 3.0, 2.0, 3.0, 3.0, 3.0, 6.0, 6.0, 3.0, 3.0, 3.0, 1.0, 6.0, 4.0, 3.0, 6.0, 1.0, 1.0, 3.0, 1.0, 6.0, 1.0, 1.0, 1.0, 6.0, 1.0, 6.0, 1.0, 2.0, 2.0, 3.0, 2.0, 3.0], [1.0, 3.0, 6.0, 1.0, 2.0, 1.0, 3.0, 4.0, 2.0, 3.0, 3.0, 6.0, 3.0, 3.0, 3.0, 4.0, 2.0, 3.0, 3.0, 4.0, 1.0, 6.0, 6.0, 1.0, 2.0, 1.0, 1.0, 3.0, 1.0, 6.0, 1.0, 1.0, 2.0, 3.0, 1.0, 6.0, 1.0, 6.0, 2.0, 3.0, 3.0, 2.0], [1.0, 6.0, 3.0, 1.0, 2.0, 1.0, 6.0, 4.0, 2.0, 3.0, 3.0, 1.0, 3.0, 3.0, 3.0, 6.0, 6.0, 3.0, 2.0, 1.0, 1.0, 6.0, 6.0, 3.0, 6.0, 1.0, 1.0, 1.0, 1.0, 6.0, 1.0, 1.0, 1.0, 4.0, 1.0, 4.0, 1.0, 1.0, 2.0, 1.0, 3.0, 6.0]]

first layer check: Conv2d(6, 64, kernel_size=(7, 7), stride=(2, 2), padding=(3, 3), bias=False)

for model 2: mode acc: 0.3095238208770752, run mean acc: 0.3383333086967468, top-2 acc:0.5737500190734863, mode f1: 0.3095238208770752

model 2 mode preds
[1.0, 6.0, 6.0, 2.0, 2.0, 2.0, 4.0, 2.0, 2.0, 2.0, 2.0, 2.0, 2.0, 2.0, 2.0, 2.0, 2.0, 3.0, 2.0, 2.0, 2.0, 6.0, 6.0, 2.0, 2.0, 1.0, 1.0, 2.0, 1.0, 6.0, 1.0, 1.0, 2.0, 6.0, 1.0, 2.0, 1.0, 2.0, 2.0, 2.0, 2.0, 2.0]

model 2 all preds
[[1.0, 4.0, 6.0, 2.0, 2.0, 2.0, 3.0, 2.0, 1.0, 2.0, 2.0, 2.0, 2.0, 2.0, 2.0, 4.0, 4.0, 2.0, 3.0, 2.0, 2.0, 6.0, 6.0, 4.0, 6.0, 1.0, 1.0, 2.0, 1.0, 6.0, 1.0, 1.0, 1.0, 2.0, 1.0, 2.0, 1.0, 2.0, 2.0, 1.0, 2.0, 2.0], [1.0, 6.0, 6.0, 1.0, 2.0, 3.0, 4.0, 2.0, 2.0, 2.0, 6.0, 1.0, 2.0, 2.0, 3.0, 4.0, 2.0, 3.0, 3.0, 2.0, 1.0, 6.0, 4.0, 2.0, 2.0, 1.0, 1.0, 2.0, 1.0, 6.0, 1.0, 1.0, 2.0, 2.0, 1.0, 2.0, 1.0, 1.0, 1.0, 2.0, 2.0, 2.0], [1.0, 6.0, 2.0, 2.0, 2.0, 2.0, 3.0, 2.0, 1.0, 2.0, 4.0, 6.0, 1.0, 2.0, 2.0, 5.0, 2.0, 3.0, 2.0, 2.0, 2.0, 6.0, 6.0, 2.0, 2.0, 1.0, 1.0, 2.0, 1.0, 2.0, 1.0, 1.0, 2.0, 4.0, 1.0, 6.0, 1.0, 3.0, 2.0, 2.0, 2.0, 2.0], [1.0, 6.0, 6.0, 2.0, 2.0, 4.0, 4.0, 2.0, 1.0, 2.0, 4.0, 4.0, 2.0, 2.0, 2.0, 5.0, 2.0, 3.0, 3.0, 2.0, 2.0, 6.0, 6.0, 2.0, 2.0, 1.0, 1.0, 2.0, 1.0, 6.0, 1.0, 1.0, 2.0, 6.0, 1.0, 2.0, 1.0, 3.0, 2.0, 2.0, 2.0, 6.0], [1.0, 6.0, 4.0, 1.0, 5.0, 2.0, 3.0, 2.0, 2.0, 2.0, 6.0, 2.0, 1.0, 2.0, 3.0, 5.0, 2.0, 3.0, 2.0, 2.0, 1.0, 6.0, 6.0, 2.0, 2.0, 1.0, 1.0, 2.0, 1.0, 6.0, 1.0, 1.0, 1.0, 6.0, 1.0, 1.0, 1.0, 4.0, 1.0, 2.0, 2.0, 2.0], [1.0, 2.0, 1.0, 2.0, 2.0, 1.0, 6.0, 2.0, 2.0, 2.0, 2.0, 4.0, 2.0, 2.0, 4.0, 2.0, 2.0, 3.0, 2.0, 5.0, 2.0, 6.0, 4.0, 2.0, 2.0, 1.0, 1.0, 2.0, 1.0, 2.0, 1.0, 1.0, 1.0, 6.0, 1.0, 1.0, 1.0, 1.0, 2.0, 2.0, 2.0, 2.0], [1.0, 2.0, 6.0, 1.0, 2.0, 2.0, 4.0, 2.0, 1.0, 2.0, 3.0, 4.0, 2.0, 2.0, 4.0, 5.0, 2.0, 3.0, 2.0, 5.0, 1.0, 6.0, 6.0, 2.0, 2.0, 1.0, 1.0, 2.0, 1.0, 6.0, 1.0, 1.0, 2.0, 6.0, 1.0, 2.0, 1.0, 1.0, 1.0, 2.0, 2.0, 2.0], [2.0, 6.0, 4.0, 2.0, 2.0, 1.0, 3.0, 4.0, 2.0, 2.0, 2.0, 2.0, 2.0, 2.0, 4.0, 4.0, 2.0, 3.0, 2.0, 6.0, 1.0, 6.0, 6.0, 2.0, 2.0, 1.0, 1.0, 2.0, 1.0, 2.0, 1.0, 1.0, 1.0, 2.0, 1.0, 2.0, 1.0, 5.0, 2.0, 2.0, 2.0, 2.0], [1.0, 4.0, 2.0, 2.0, 2.0, 1.0, 4.0, 2.0, 2.0, 2.0, 2.0, 5.0, 3.0, 2.0, 1.0, 6.0, 2.0, 3.0, 3.0, 6.0, 1.0, 6.0, 6.0, 2.0, 2.0, 1.0, 1.0, 2.0, 1.0, 6.0, 1.0, 1.0, 2.0, 5.0, 1.0, 2.0, 1.0, 1.0, 2.0, 2.0, 2.0, 2.0], [1.0, 6.0, 4.0, 2.0, 2.0, 3.0, 6.0, 4.0, 2.0, 2.0, 6.0, 6.0, 2.0, 2.0, 3.0, 2.0, 2.0, 3.0, 2.0, 2.0, 2.0, 2.0, 6.0, 2.0, 2.0, 1.0, 1.0, 2.0, 1.0, 2.0, 1.0, 1.0, 1.0, 5.0, 1.0, 1.0, 1.0, 3.0, 2.0, 2.0, 2.0, 2.0], [1.0, 6.0, 6.0, 2.0, 2.0, 2.0, 6.0, 6.0, 2.0, 2.0, 2.0, 3.0, 2.0, 2.0, 2.0, 2.0, 2.0, 2.0, 2.0, 6.0, 1.0, 6.0, 6.0, 2.0, 2.0, 1.0, 1.0, 2.0, 1.0, 6.0, 1.0, 1.0, 2.0, 6.0, 1.0, 2.0, 1.0, 1.0, 2.0, 2.0, 2.0, 2.0], [1.0, 6.0, 6.0, 2.0, 2.0, 1.0, 6.0, 6.0, 2.0, 2.0, 2.0, 2.0, 3.0, 1.0, 3.0, 2.0, 2.0, 3.0, 2.0, 2.0, 1.0, 6.0, 2.0, 2.0, 2.0, 1.0, 1.0, 2.0, 1.0, 6.0, 1.0, 1.0, 2.0, 5.0, 1.0, 2.0, 1.0, 4.0, 2.0, 2.0, 2.0, 2.0], [1.0, 6.0, 6.0, 2.0, 5.0, 3.0, 5.0, 2.0, 1.0, 2.0, 6.0, 2.0, 2.0, 2.0, 3.0, 2.0, 1.0, 3.0, 2.0, 2.0, 2.0, 6.0, 4.0, 1.0, 2.0, 1.0, 1.0, 2.0, 1.0, 2.0, 1.0, 1.0, 1.0, 6.0, 1.0, 6.0, 1.0, 2.0, 1.0, 2.0, 2.0, 2.0], [1.0, 6.0, 4.0, 2.0, 2.0, 2.0, 6.0, 2.0, 1.0, 2.0, 6.0, 4.0, 2.0, 2.0, 4.0, 4.0, 2.0, 3.0, 2.0, 4.0, 1.0, 6.0, 6.0, 2.0, 2.0, 1.0, 1.0, 2.0, 1.0, 6.0, 1.0, 2.0, 1.0, 6.0, 1.0, 2.0, 1.0, 3.0, 2.0, 2.0, 2.0, 2.0], [1.0, 2.0, 6.0, 2.0, 2.0, 2.0, 4.0, 2.0, 2.0, 2.0, 4.0, 4.0, 2.0, 2.0, 4.0, 2.0, 2.0, 3.0, 3.0, 2.0, 1.0, 6.0, 6.0, 2.0, 2.0, 1.0, 1.0, 2.0, 1.0, 6.0, 1.0, 1.0, 1.0, 2.0, 1.0, 2.0, 1.0, 3.0, 2.0, 2.0, 2.0, 2.0], [1.0, 6.0, 1.0, 2.0, 5.0, 2.0, 4.0, 2.0, 2.0, 2.0, 6.0, 4.0, 2.0, 2.0, 2.0, 2.0, 2.0, 3.0, 2.0, 2.0, 2.0, 6.0, 6.0, 2.0, 2.0, 1.0, 1.0, 2.0, 1.0, 6.0, 1.0, 1.0, 2.0, 4.0, 1.0, 2.0, 1.0, 2.0, 2.0, 2.0, 2.0, 5.0], [1.0, 2.0, 6.0, 2.0, 5.0, 2.0, 2.0, 6.0, 1.0, 2.0, 6.0, 3.0, 2.0, 3.0, 4.0, 5.0, 2.0, 3.0, 2.0, 6.0, 2.0, 6.0, 6.0, 2.0, 2.0, 1.0, 1.0, 2.0, 1.0, 2.0, 1.0, 2.0, 2.0, 6.0, 1.0, 2.0, 1.0, 2.0, 3.0, 2.0, 2.0, 2.0], [1.0, 6.0, 2.0, 2.0, 5.0, 2.0, 4.0, 2.0, 2.0, 2.0, 6.0, 3.0, 2.0, 2.0, 3.0, 4.0, 2.0, 3.0, 2.0, 2.0, 2.0, 6.0, 2.0, 2.0, 2.0, 1.0, 1.0, 2.0, 1.0, 6.0, 1.0, 1.0, 1.0, 6.0, 1.0, 2.0, 1.0, 4.0, 2.0, 2.0, 2.0, 2.0], [1.0, 2.0, 3.0, 2.0, 2.0, 2.0, 3.0, 6.0, 1.0, 2.0, 6.0, 6.0, 2.0, 2.0, 3.0, 2.0, 2.0, 3.0, 2.0, 2.0, 2.0, 6.0, 6.0, 2.0, 2.0, 1.0, 1.0, 2.0, 1.0, 6.0, 1.0, 1.0, 2.0, 4.0, 1.0, 2.0, 1.0, 3.0, 2.0, 1.0, 2.0, 5.0], [1.0, 6.0, 6.0, 2.0, 2.0, 2.0, 4.0, 2.0, 1.0, 2.0, 2.0, 2.0, 1.0, 2.0, 2.0, 2.0, 2.0, 3.0, 2.0, 2.0, 1.0, 6.0, 6.0, 2.0, 2.0, 1.0, 1.0, 2.0, 1.0, 6.0, 1.0, 1.0, 1.0, 4.0, 1.0, 1.0, 1.0, 1.0, 2.0, 2.0, 2.0, 2.0], [1.0, 6.0, 2.0, 2.0, 5.0, 1.0, 3.0, 2.0, 2.0, 2.0, 6.0, 6.0, 2.0, 2.0, 2.0, 4.0, 2.0, 3.0, 2.0, 2.0, 2.0, 6.0, 3.0, 2.0, 2.0, 1.0, 1.0, 2.0, 1.0, 6.0, 1.0, 1.0, 1.0, 6.0, 1.0, 6.0, 1.0, 2.0, 1.0, 2.0, 2.0, 1.0], [1.0, 2.0, 2.0, 1.0, 2.0, 2.0, 6.0, 2.0, 2.0, 2.0, 4.0, 2.0, 2.0, 2.0, 2.0, 6.0, 2.0, 3.0, 2.0, 2.0, 2.0, 6.0, 4.0, 2.0, 2.0, 1.0, 1.0, 2.0, 1.0, 6.0, 1.0, 1.0, 1.0, 6.0, 1.0, 1.0, 1.0, 1.0, 2.0, 2.0, 2.0, 4.0], [1.0, 6.0, 2.0, 2.0, 2.0, 2.0, 3.0, 6.0, 2.0, 2.0, 3.0, 5.0, 2.0, 2.0, 2.0, 4.0, 2.0, 3.0, 3.0, 2.0, 2.0, 6.0, 6.0, 2.0, 2.0, 1.0, 1.0, 2.0, 1.0, 6.0, 1.0, 1.0, 2.0, 6.0, 1.0, 1.0, 1.0, 1.0, 2.0, 2.0, 2.0, 2.0], [1.0, 3.0, 6.0, 2.0, 5.0, 2.0, 4.0, 2.0, 2.0, 2.0, 2.0, 2.0, 2.0, 2.0, 3.0, 5.0, 6.0, 3.0, 2.0, 2.0, 2.0, 6.0, 6.0, 2.0, 2.0, 1.0, 1.0, 2.0, 1.0, 6.0, 1.0, 1.0, 1.0, 6.0, 1.0, 2.0, 1.0, 1.0, 2.0, 1.0, 2.0, 2.0], [1.0, 6.0, 1.0, 2.0, 2.0, 2.0, 2.0, 2.0, 1.0, 2.0, 2.0, 2.0, 2.0, 2.0, 2.0, 5.0, 2.0, 3.0, 2.0, 5.0, 2.0, 6.0, 2.0, 2.0, 2.0, 1.0, 1.0, 2.0, 1.0, 2.0, 1.0, 1.0, 2.0, 4.0, 1.0, 2.0, 1.0, 2.0, 2.0, 2.0, 2.0, 2.0], [1.0, 2.0, 2.0, 2.0, 5.0, 2.0, 4.0, 2.0, 2.0, 2.0, 6.0, 4.0, 2.0, 3.0, 3.0, 5.0, 2.0, 2.0, 2.0, 5.0, 1.0, 2.0, 6.0, 2.0, 2.0, 1.0, 1.0, 2.0, 1.0, 6.0, 1.0, 1.0, 2.0, 2.0, 1.0, 2.0, 1.0, 2.0, 2.0, 2.0, 2.0, 2.0], [1.0, 6.0, 6.0, 2.0, 2.0, 1.0, 6.0, 2.0, 2.0, 2.0, 4.0, 6.0, 2.0, 2.0, 3.0, 6.0, 2.0, 2.0, 3.0, 2.0, 1.0, 6.0, 4.0, 2.0, 2.0, 1.0, 1.0, 4.0, 1.0, 6.0, 1.0, 1.0, 2.0, 6.0, 1.0, 5.0, 1.0, 2.0, 2.0, 2.0, 2.0, 2.0], [1.0, 4.0, 1.0, 2.0, 5.0, 2.0, 5.0, 2.0, 1.0, 2.0, 4.0, 3.0, 2.0, 2.0, 4.0, 2.0, 2.0, 3.0, 2.0, 2.0, 2.0, 2.0, 6.0, 2.0, 2.0, 1.0, 1.0, 2.0, 1.0, 6.0, 1.0, 1.0, 2.0, 5.0, 1.0, 2.0, 1.0, 2.0, 1.0, 2.0, 2.0, 2.0], [1.0, 6.0, 1.0, 2.0, 5.0, 1.0, 2.0, 2.0, 2.0, 2.0, 6.0, 4.0, 2.0, 2.0, 3.0, 2.0, 2.0, 3.0, 2.0, 6.0, 1.0, 6.0, 6.0, 2.0, 2.0, 1.0, 1.0, 2.0, 1.0, 2.0, 2.0, 1.0, 2.0, 6.0, 1.0, 2.0, 1.0, 2.0, 2.0, 2.0, 2.0, 2.0], [1.0, 4.0, 6.0, 1.0, 2.0, 2.0, 4.0, 4.0, 1.0, 2.0, 6.0, 2.0, 2.0, 2.0, 2.0, 5.0, 2.0, 3.0, 2.0, 6.0, 1.0, 2.0, 6.0, 2.0, 1.0, 1.0, 1.0, 2.0, 1.0, 6.0, 1.0, 1.0, 2.0, 6.0, 1.0, 2.0, 1.0, 2.0, 1.0, 2.0, 2.0, 2.0], [1.0, 2.0, 6.0, 2.0, 2.0, 2.0, 6.0, 2.0, 2.0, 2.0, 4.0, 3.0, 2.0, 2.0, 2.0, 4.0, 2.0, 2.0, 2.0, 1.0, 2.0, 6.0, 6.0, 2.0, 5.0, 1.0, 1.0, 2.0, 1.0, 6.0, 1.0, 2.0, 1.0, 2.0, 1.0, 2.0, 1.0, 2.0, 2.0, 2.0, 2.0, 2.0], [1.0, 6.0, 4.0, 2.0, 5.0, 2.0, 4.0, 2.0, 2.0, 2.0, 4.0, 4.0, 2.0, 2.0, 3.0, 6.0, 2.0, 3.0, 2.0, 2.0, 2.0, 6.0, 2.0, 2.0, 2.0, 1.0, 1.0, 1.0, 1.0, 6.0, 1.0, 1.0, 2.0, 6.0, 1.0, 6.0, 1.0, 3.0, 2.0, 2.0, 2.0, 2.0], [1.0, 6.0, 2.0, 2.0, 2.0, 2.0, 2.0, 6.0, 2.0, 2.0, 6.0, 6.0, 2.0, 2.0, 3.0, 4.0, 2.0, 2.0, 1.0, 2.0, 2.0, 6.0, 2.0, 2.0, 2.0, 1.0, 1.0, 2.0, 1.0, 6.0, 1.0, 1.0, 1.0, 6.0, 1.0, 6.0, 1.0, 3.0, 1.0, 2.0, 2.0, 2.0], [1.0, 6.0, 6.0, 2.0, 5.0, 1.0, 4.0, 5.0, 2.0, 2.0, 2.0, 2.0, 2.0, 2.0, 3.0, 2.0, 2.0, 3.0, 2.0, 2.0, 1.0, 6.0, 2.0, 2.0, 2.0, 1.0, 1.0, 2.0, 1.0, 2.0, 1.0, 1.0, 1.0, 5.0, 1.0, 2.0, 1.0, 3.0, 2.0, 1.0, 2.0, 2.0], [1.0, 2.0, 6.0, 2.0, 5.0, 2.0, 1.0, 6.0, 2.0, 2.0, 2.0, 2.0, 2.0, 2.0, 3.0, 2.0, 6.0, 2.0, 2.0, 2.0, 2.0, 6.0, 2.0, 2.0, 2.0, 1.0, 1.0, 2.0, 1.0, 6.0, 1.0, 1.0, 2.0, 4.0, 1.0, 6.0, 1.0, 2.0, 2.0, 2.0, 2.0, 2.0], [1.0, 4.0, 6.0, 2.0, 2.0, 2.0, 3.0, 2.0, 2.0, 2.0, 2.0, 2.0, 2.0, 2.0, 2.0, 6.0, 2.0, 3.0, 3.0, 5.0, 1.0, 6.0, 6.0, 2.0, 2.0, 1.0, 1.0, 2.0, 1.0, 6.0, 1.0, 1.0, 1.0, 6.0, 1.0, 2.0, 1.0, 2.0, 2.0, 2.0, 2.0, 5.0], [1.0, 6.0, 6.0, 2.0, 5.0, 1.0, 4.0, 2.0, 2.0, 2.0, 2.0, 2.0, 2.0, 2.0, 4.0, 2.0, 6.0, 3.0, 2.0, 5.0, 1.0, 6.0, 6.0, 6.0, 6.0, 1.0, 1.0, 2.0, 1.0, 6.0, 1.0, 1.0, 2.0, 2.0, 1.0, 2.0, 1.0, 2.0, 4.0, 2.0, 2.0, 2.0], [1.0, 2.0, 6.0, 2.0, 5.0, 2.0, 6.0, 2.0, 2.0, 2.0, 6.0, 6.0, 2.0, 3.0, 4.0, 4.0, 2.0, 3.0, 2.0, 5.0, 1.0, 6.0, 6.0, 2.0, 2.0, 1.0, 1.0, 4.0, 1.0, 6.0, 2.0, 1.0, 1.0, 6.0, 1.0, 1.0, 1.0, 2.0, 2.0, 2.0, 2.0, 2.0], [1.0, 4.0, 1.0, 2.0, 2.0, 1.0, 3.0, 2.0, 1.0, 2.0, 4.0, 3.0, 2.0, 2.0, 4.0, 6.0, 2.0, 3.0, 2.0, 2.0, 1.0, 6.0, 6.0, 2.0, 2.0, 1.0, 1.0, 1.0, 1.0, 2.0, 1.0, 1.0, 1.0, 6.0, 1.0, 1.0, 1.0, 2.0, 1.0, 2.0, 2.0, 2.0], [1.0, 4.0, 6.0, 2.0, 2.0, 3.0, 4.0, 2.0, 2.0, 2.0, 2.0, 4.0, 1.0, 2.0, 2.0, 2.0, 2.0, 3.0, 2.0, 2.0, 2.0, 6.0, 6.0, 2.0, 2.0, 1.0, 1.0, 2.0, 1.0, 2.0, 1.0, 1.0, 2.0, 4.0, 1.0, 2.0, 1.0, 2.0, 2.0, 2.0, 2.0, 2.0], [1.0, 6.0, 6.0, 2.0, 2.0, 2.0, 4.0, 6.0, 2.0, 2.0, 6.0, 2.0, 2.0, 2.0, 2.0, 4.0, 4.0, 3.0, 2.0, 2.0, 2.0, 6.0, 4.0, 2.0, 2.0, 1.0, 1.0, 2.0, 1.0, 6.0, 1.0, 2.0, 2.0, 6.0, 1.0, 2.0, 1.0, 2.0, 2.0, 2.0, 2.0, 5.0], [1.0, 4.0, 6.0, 2.0, 2.0, 3.0, 2.0, 2.0, 1.0, 2.0, 2.0, 4.0, 2.0, 2.0, 2.0, 5.0, 2.0, 2.0, 2.0, 2.0, 2.0, 6.0, 6.0, 2.0, 2.0, 1.0, 1.0, 2.0, 1.0, 6.0, 1.0, 1.0, 2.0, 3.0, 1.0, 2.0, 1.0, 2.0, 2.0, 2.0, 2.0, 4.0], [1.0, 2.0, 4.0, 2.0, 2.0, 3.0, 2.0, 2.0, 2.0, 2.0, 4.0, 6.0, 2.0, 3.0, 2.0, 2.0, 2.0, 3.0, 2.0, 2.0, 2.0, 6.0, 2.0, 2.0, 2.0, 1.0, 1.0, 2.0, 1.0, 2.0, 1.0, 2.0, 1.0, 6.0, 1.0, 2.0, 1.0, 3.0, 2.0, 1.0, 2.0, 2.0], [2.0, 6.0, 6.0, 2.0, 2.0, 3.0, 3.0, 2.0, 2.0, 2.0, 4.0, 2.0, 1.0, 2.0, 2.0, 6.0, 2.0, 3.0, 3.0, 2.0, 2.0, 6.0, 6.0, 2.0, 2.0, 1.0, 1.0, 2.0, 1.0, 6.0, 1.0, 1.0, 1.0, 6.0, 1.0, 2.0, 1.0, 2.0, 2.0, 2.0, 2.0, 2.0], [1.0, 3.0, 6.0, 2.0, 5.0, 2.0, 2.0, 2.0, 1.0, 2.0, 2.0, 2.0, 1.0, 2.0, 2.0, 4.0, 2.0, 3.0, 2.0, 2.0, 2.0, 6.0, 6.0, 2.0, 2.0, 1.0, 1.0, 1.0, 1.0, 2.0, 1.0, 1.0, 2.0, 1.0, 1.0, 2.0, 1.0, 2.0, 1.0, 1.0, 2.0, 1.0], [1.0, 6.0, 6.0, 2.0, 2.0, 2.0, 4.0, 2.0, 1.0, 2.0, 2.0, 3.0, 1.0, 2.0, 2.0, 2.0, 2.0, 3.0, 3.0, 1.0, 2.0, 2.0, 6.0, 2.0, 2.0, 1.0, 1.0, 2.0, 1.0, 6.0, 1.0, 1.0, 1.0, 6.0, 1.0, 5.0, 1.0, 5.0, 3.0, 2.0, 2.0, 2.0], [1.0, 6.0, 6.0, 2.0, 2.0, 1.0, 3.0, 2.0, 1.0, 2.0, 2.0, 1.0, 2.0, 2.0, 4.0, 4.0, 6.0, 3.0, 3.0, 5.0, 2.0, 6.0, 6.0, 2.0, 2.0, 1.0, 1.0, 2.0, 1.0, 6.0, 1.0, 1.0, 2.0, 6.0, 1.0, 1.0, 1.0, 2.0, 3.0, 1.0, 2.0, 4.0], [1.0, 4.0, 6.0, 2.0, 2.0, 2.0, 6.0, 6.0, 2.0, 2.0, 3.0, 5.0, 2.0, 2.0, 4.0, 6.0, 2.0, 3.0, 2.0, 2.0, 1.0, 6.0, 4.0, 2.0, 2.0, 1.0, 1.0, 2.0, 1.0, 6.0, 1.0, 1.0, 1.0, 6.0, 1.0, 2.0, 1.0, 2.0, 1.0, 2.0, 2.0, 2.0], [1.0, 2.0, 4.0, 2.0, 2.0, 2.0, 3.0, 2.0, 2.0, 2.0, 6.0, 5.0, 2.0, 2.0, 1.0, 2.0, 2.0, 3.0, 2.0, 2.0, 1.0, 2.0, 6.0, 2.0, 2.0, 1.0, 1.0, 2.0, 1.0, 2.0, 1.0, 1.0, 2.0, 2.0, 1.0, 5.0, 1.0, 2.0, 2.0, 2.0, 2.0, 5.0], [1.0, 4.0, 4.0, 2.0, 2.0, 2.0, 6.0, 6.0, 2.0, 2.0, 4.0, 6.0, 2.0, 2.0, 4.0, 6.0, 2.0, 2.0, 2.0, 5.0, 1.0, 6.0, 6.0, 2.0, 6.0, 1.0, 1.0, 1.0, 1.0, 6.0, 1.0, 1.0, 1.0, 4.0, 1.0, 6.0, 1.0, 2.0, 1.0, 2.0, 2.0, 1.0]]

first layer check: Conv2d(6, 64, kernel_size=(7, 7), stride=(2, 2), padding=(3, 3), bias=False)

for model 3: mode acc: 0.4285714328289032, run mean acc: 0.38749998807907104, top-2 acc:0.59375, mode f1: 0.4285714328289032

model 3 mode preds
[1.0, 4.0, 2.0, 0.0, 2.0, 2.0, 4.0, 4.0, 1.0, 2.0, 3.0, 3.0, 3.0, 3.0, 3.0, 2.0, 4.0, 3.0, 2.0, 2.0, 1.0, 6.0, 4.0, 2.0, 4.0, 1.0, 1.0, 2.0, 1.0, 4.0, 1.0, 1.0, 1.0, 4.0, 1.0, 2.0, 1.0, 2.0, 2.0, 2.0, 2.0, 4.0]

model 3 all preds
[[0.0, 6.0, 2.0, 0.0, 2.0, 1.0, 2.0, 4.0, 1.0, 2.0, 3.0, 3.0, 3.0, 3.0, 3.0, 4.0, 4.0, 3.0, 2.0, 2.0, 1.0, 6.0, 2.0, 6.0, 4.0, 1.0, 1.0, 4.0, 1.0, 4.0, 1.0, 1.0, 3.0, 4.0, 1.0, 2.0, 1.0, 2.0, 4.0, 2.0, 4.0, 4.0], [1.0, 6.0, 6.0, 0.0, 1.0, 2.0, 4.0, 4.0, 1.0, 2.0, 3.0, 4.0, 3.0, 3.0, 3.0, 4.0, 6.0, 3.0, 2.0, 2.0, 1.0, 3.0, 6.0, 2.0, 2.0, 1.0, 1.0, 2.0, 1.0, 4.0, 1.0, 2.0, 1.0, 3.0, 1.0, 2.0, 1.0, 2.0, 3.0, 2.0, 2.0, 6.0], [1.0, 6.0, 4.0, 0.0, 2.0, 0.0, 2.0, 2.0, 1.0, 2.0, 3.0, 3.0, 3.0, 3.0, 3.0, 2.0, 2.0, 3.0, 2.0, 2.0, 1.0, 2.0, 6.0, 2.0, 4.0, 1.0, 1.0, 2.0, 1.0, 6.0, 1.0, 1.0, 3.0, 3.0, 1.0, 4.0, 1.0, 2.0, 2.0, 4.0, 2.0, 4.0], [1.0, 4.0, 4.0, 0.0, 2.0, 3.0, 3.0, 2.0, 1.0, 3.0, 4.0, 6.0, 3.0, 3.0, 3.0, 2.0, 4.0, 2.0, 2.0, 6.0, 1.0, 3.0, 4.0, 2.0, 6.0, 1.0, 1.0, 2.0, 1.0, 4.0, 1.0, 1.0, 1.0, 4.0, 1.0, 2.0, 1.0, 2.0, 3.0, 2.0, 2.0, 4.0], [1.0, 4.0, 2.0, 0.0, 1.0, 2.0, 3.0, 4.0, 1.0, 2.0, 2.0, 3.0, 3.0, 3.0, 3.0, 4.0, 2.0, 3.0, 2.0, 2.0, 1.0, 3.0, 6.0, 2.0, 4.0, 1.0, 1.0, 2.0, 1.0, 4.0, 1.0, 1.0, 1.0, 4.0, 1.0, 2.0, 1.0, 2.0, 3.0, 2.0, 3.0, 4.0], [1.0, 4.0, 4.0, 0.0, 1.0, 3.0, 4.0, 2.0, 1.0, 2.0, 3.0, 6.0, 3.0, 3.0, 2.0, 2.0, 4.0, 3.0, 2.0, 4.0, 1.0, 6.0, 4.0, 3.0, 2.0, 1.0, 1.0, 2.0, 1.0, 4.0, 1.0, 1.0, 1.0, 4.0, 1.0, 1.0, 1.0, 2.0, 1.0, 2.0, 3.0, 3.0], [1.0, 4.0, 6.0, 0.0, 2.0, 2.0, 6.0, 4.0, 2.0, 2.0, 3.0, 3.0, 3.0, 3.0, 3.0, 4.0, 4.0, 3.0, 2.0, 2.0, 1.0, 6.0, 4.0, 6.0, 6.0, 1.0, 1.0, 4.0, 1.0, 2.0, 1.0, 1.0, 3.0, 3.0, 1.0, 2.0, 1.0, 2.0, 3.0, 2.0, 2.0, 5.0], [1.0, 6.0, 4.0, 0.0, 2.0, 2.0, 4.0, 4.0, 2.0, 2.0, 3.0, 4.0, 3.0, 3.0, 3.0, 2.0, 6.0, 3.0, 2.0, 2.0, 1.0, 3.0, 2.0, 2.0, 4.0, 1.0, 1.0, 2.0, 1.0, 6.0, 1.0, 1.0, 3.0, 2.0, 1.0, 1.0, 1.0, 2.0, 3.0, 2.0, 2.0, 4.0], [1.0, 6.0, 2.0, 0.0, 2.0, 3.0, 6.0, 4.0, 1.0, 2.0, 3.0, 3.0, 3.0, 3.0, 3.0, 2.0, 4.0, 3.0, 2.0, 2.0, 1.0, 2.0, 4.0, 2.0, 4.0, 1.0, 1.0, 4.0, 1.0, 4.0, 1.0, 2.0, 1.0, 6.0, 1.0, 2.0, 1.0, 2.0, 1.0, 2.0, 2.0, 5.0], [1.0, 4.0, 6.0, 0.0, 2.0, 3.0, 4.0, 4.0, 2.0, 3.0, 3.0, 3.0, 3.0, 3.0, 3.0, 4.0, 4.0, 2.0, 2.0, 6.0, 1.0, 4.0, 6.0, 2.0, 4.0, 1.0, 1.0, 2.0, 1.0, 6.0, 1.0, 1.0, 1.0, 2.0, 1.0, 4.0, 1.0, 4.0, 3.0, 2.0, 2.0, 4.0], [1.0, 4.0, 2.0, 0.0, 3.0, 1.0, 4.0, 2.0, 2.0, 2.0, 0.0, 3.0, 3.0, 3.0, 3.0, 2.0, 4.0, 3.0, 2.0, 6.0, 1.0, 6.0, 6.0, 4.0, 2.0, 1.0, 1.0, 2.0, 1.0, 4.0, 1.0, 1.0, 3.0, 3.0, 1.0, 1.0, 1.0, 2.0, 4.0, 2.0, 2.0, 4.0], [0.0, 4.0, 2.0, 0.0, 1.0, 3.0, 4.0, 4.0, 1.0, 3.0, 3.0, 3.0, 3.0, 3.0, 3.0, 4.0, 6.0, 2.0, 2.0, 6.0, 1.0, 3.0, 6.0, 6.0, 4.0, 1.0, 1.0, 3.0, 1.0, 4.0, 1.0, 1.0, 3.0, 4.0, 1.0, 2.0, 1.0, 2.0, 2.0, 4.0, 4.0, 2.0], [1.0, 6.0, 2.0, 0.0, 2.0, 1.0, 2.0, 2.0, 1.0, 2.0, 3.0, 3.0, 2.0, 3.0, 3.0, 2.0, 4.0, 3.0, 2.0, 2.0, 1.0, 3.0, 6.0, 2.0, 6.0, 1.0, 1.0, 2.0, 1.0, 4.0, 1.0, 1.0, 1.0, 2.0, 1.0, 2.0, 1.0, 2.0, 2.0, 4.0, 2.0, 4.0], [0.0, 6.0, 6.0, 0.0, 2.0, 2.0, 6.0, 4.0, 1.0, 2.0, 2.0, 3.0, 3.0, 3.0, 3.0, 4.0, 6.0, 3.0, 2.0, 2.0, 1.0, 6.0, 4.0, 2.0, 4.0, 1.0, 1.0, 4.0, 1.0, 4.0, 1.0, 2.0, 1.0, 2.0, 1.0, 4.0, 1.0, 2.0, 4.0, 2.0, 2.0, 4.0], [0.0, 4.0, 2.0, 0.0, 2.0, 3.0, 6.0, 2.0, 1.0, 2.0, 3.0, 3.0, 3.0, 3.0, 3.0, 2.0, 4.0, 3.0, 2.0, 2.0, 1.0, 4.0, 6.0, 2.0, 4.0, 1.0, 1.0, 4.0, 1.0, 4.0, 1.0, 1.0, 2.0, 2.0, 1.0, 2.0, 1.0, 2.0, 4.0, 2.0, 2.0, 2.0], [0.0, 6.0, 2.0, 0.0, 2.0, 2.0, 6.0, 4.0, 1.0, 2.0, 3.0, 6.0, 3.0, 3.0, 3.0, 2.0, 4.0, 3.0, 3.0, 2.0, 1.0, 6.0, 4.0, 3.0, 4.0, 1.0, 1.0, 2.0, 1.0, 4.0, 1.0, 1.0, 1.0, 4.0, 1.0, 2.0, 1.0, 2.0, 1.0, 2.0, 2.0, 4.0], [0.0, 4.0, 2.0, 0.0, 2.0, 1.0, 3.0, 4.0, 1.0, 3.0, 3.0, 3.0, 3.0, 3.0, 3.0, 2.0, 4.0, 3.0, 2.0, 2.0, 1.0, 6.0, 6.0, 3.0, 4.0, 1.0, 1.0, 2.0, 1.0, 4.0, 1.0, 1.0, 1.0, 4.0, 1.0, 2.0, 1.0, 2.0, 2.0, 4.0, 2.0, 4.0], [0.0, 4.0, 6.0, 0.0, 1.0, 1.0, 6.0, 4.0, 1.0, 2.0, 3.0, 4.0, 3.0, 3.0, 3.0, 2.0, 6.0, 2.0, 2.0, 2.0, 1.0, 6.0, 6.0, 3.0, 4.0, 1.0, 1.0, 2.0, 1.0, 6.0, 1.0, 2.0, 1.0, 2.0, 1.0, 2.0, 1.0, 2.0, 3.0, 2.0, 2.0, 2.0], [1.0, 4.0, 6.0, 0.0, 2.0, 3.0, 6.0, 4.0, 1.0, 3.0, 4.0, 4.0, 3.0, 3.0, 3.0, 4.0, 6.0, 3.0, 2.0, 2.0, 1.0, 4.0, 4.0, 2.0, 4.0, 1.0, 1.0, 4.0, 1.0, 4.0, 1.0, 2.0, 3.0, 2.0, 1.0, 2.0, 1.0, 2.0, 2.0, 2.0, 5.0, 4.0], [1.0, 6.0, 6.0, 0.0, 2.0, 2.0, 4.0, 2.0, 1.0, 3.0, 3.0, 4.0, 3.0, 3.0, 3.0, 2.0, 4.0, 2.0, 2.0, 4.0, 1.0, 6.0, 4.0, 2.0, 6.0, 1.0, 1.0, 4.0, 1.0, 6.0, 1.0, 1.0, 1.0, 4.0, 1.0, 6.0, 1.0, 2.0, 4.0, 2.0, 2.0, 4.0], [0.0, 4.0, 2.0, 0.0, 1.0, 3.0, 6.0, 4.0, 1.0, 2.0, 0.0, 3.0, 3.0, 3.0, 3.0, 2.0, 4.0, 3.0, 2.0, 2.0, 1.0, 3.0, 4.0, 6.0, 6.0, 1.0, 1.0, 2.0, 1.0, 4.0, 1.0, 1.0, 1.0, 2.0, 1.0, 4.0, 1.0, 2.0, 2.0, 2.0, 2.0, 5.0], [1.0, 4.0, 2.0, 0.0, 1.0, 1.0, 6.0, 4.0, 1.0, 2.0, 3.0, 4.0, 3.0, 3.0, 2.0, 4.0, 6.0, 3.0, 2.0, 2.0, 1.0, 6.0, 6.0, 2.0, 4.0, 1.0, 1.0, 2.0, 1.0, 4.0, 1.0, 1.0, 1.0, 4.0, 1.0, 2.0, 1.0, 2.0, 2.0, 2.0, 4.0, 2.0], [1.0, 6.0, 6.0, 0.0, 1.0, 2.0, 4.0, 4.0, 2.0, 2.0, 3.0, 3.0, 3.0, 3.0, 2.0, 4.0, 4.0, 3.0, 2.0, 2.0, 1.0, 6.0, 2.0, 2.0, 6.0, 1.0, 1.0, 2.0, 1.0, 4.0, 1.0, 1.0, 1.0, 6.0, 1.0, 2.0, 1.0, 2.0, 3.0, 4.0, 2.0, 2.0], [1.0, 4.0, 4.0, 0.0, 2.0, 3.0, 4.0, 4.0, 1.0, 2.0, 3.0, 4.0, 3.0, 3.0, 2.0, 4.0, 6.0, 2.0, 2.0, 2.0, 1.0, 6.0, 6.0, 2.0, 4.0, 1.0, 1.0, 2.0, 1.0, 4.0, 1.0, 2.0, 3.0, 4.0, 1.0, 2.0, 1.0, 2.0, 4.0, 2.0, 4.0, 4.0], [1.0, 4.0, 4.0, 0.0, 3.0, 1.0, 4.0, 4.0, 1.0, 2.0, 3.0, 4.0, 2.0, 3.0, 2.0, 2.0, 6.0, 3.0, 2.0, 2.0, 1.0, 6.0, 4.0, 2.0, 4.0, 1.0, 1.0, 2.0, 1.0, 4.0, 1.0, 1.0, 1.0, 3.0, 1.0, 2.0, 1.0, 2.0, 2.0, 2.0, 4.0, 6.0], [0.0, 6.0, 2.0, 0.0, 1.0, 2.0, 2.0, 4.0, 1.0, 2.0, 3.0, 4.0, 3.0, 3.0, 3.0, 2.0, 2.0, 3.0, 2.0, 2.0, 1.0, 6.0, 6.0, 4.0, 2.0, 1.0, 1.0, 2.0, 1.0, 4.0, 1.0, 1.0, 1.0, 4.0, 1.0, 1.0, 1.0, 2.0, 3.0, 4.0, 3.0, 5.0], [1.0, 4.0, 2.0, 0.0, 2.0, 2.0, 4.0, 4.0, 1.0, 3.0, 2.0, 4.0, 1.0, 3.0, 3.0, 4.0, 6.0, 3.0, 2.0, 2.0, 2.0, 6.0, 6.0, 2.0, 6.0, 1.0, 1.0, 4.0, 1.0, 4.0, 1.0, 1.0, 3.0, 4.0, 1.0, 2.0, 1.0, 2.0, 4.0, 2.0, 2.0, 2.0], [0.0, 6.0, 6.0, 0.0, 2.0, 2.0, 6.0, 2.0, 1.0, 2.0, 3.0, 4.0, 3.0, 3.0, 2.0, 2.0, 6.0, 3.0, 2.0, 2.0, 1.0, 3.0, 4.0, 3.0, 6.0, 1.0, 1.0, 2.0, 1.0, 4.0, 1.0, 1.0, 2.0, 4.0, 1.0, 2.0, 1.0, 2.0, 4.0, 2.0, 3.0, 2.0], [1.0, 4.0, 4.0, 0.0, 1.0, 2.0, 4.0, 4.0, 1.0, 3.0, 3.0, 4.0, 3.0, 3.0, 3.0, 2.0, 4.0, 3.0, 2.0, 4.0, 1.0, 6.0, 6.0, 6.0, 4.0, 1.0, 1.0, 4.0, 1.0, 4.0, 1.0, 1.0, 1.0, 3.0, 0.0, 0.0, 1.0, 2.0, 6.0, 2.0, 2.0, 4.0], [1.0, 6.0, 2.0, 0.0, 3.0, 2.0, 2.0, 4.0, 1.0, 2.0, 3.0, 3.0, 3.0, 3.0, 3.0, 2.0, 2.0, 3.0, 2.0, 2.0, 1.0, 6.0, 4.0, 2.0, 4.0, 1.0, 1.0, 2.0, 1.0, 4.0, 1.0, 1.0, 1.0, 2.0, 1.0, 2.0, 1.0, 2.0, 2.0, 2.0, 4.0, 4.0], [1.0, 4.0, 4.0, 0.0, 2.0, 2.0, 6.0, 4.0, 1.0, 2.0, 3.0, 4.0, 3.0, 3.0, 2.0, 2.0, 2.0, 3.0, 2.0, 4.0, 1.0, 6.0, 4.0, 1.0, 6.0, 1.0, 1.0, 2.0, 1.0, 6.0, 1.0, 1.0, 3.0, 4.0, 1.0, 2.0, 1.0, 2.0, 2.0, 2.0, 3.0, 4.0], [1.0, 6.0, 6.0, 0.0, 3.0, 3.0, 3.0, 4.0, 1.0, 2.0, 0.0, 4.0, 3.0, 3.0, 2.0, 2.0, 4.0, 3.0, 2.0, 2.0, 1.0, 3.0, 4.0, 2.0, 4.0, 1.0, 1.0, 1.0, 1.0, 6.0, 1.0, 1.0, 3.0, 4.0, 1.0, 4.0, 1.0, 2.0, 4.0, 2.0, 2.0, 4.0], [1.0, 4.0, 4.0, 0.0, 1.0, 4.0, 4.0, 4.0, 1.0, 3.0, 3.0, 4.0, 3.0, 3.0, 2.0, 2.0, 4.0, 3.0, 2.0, 2.0, 1.0, 3.0, 4.0, 2.0, 4.0, 1.0, 1.0, 2.0, 1.0, 4.0, 1.0, 1.0, 1.0, 2.0, 1.0, 2.0, 1.0, 2.0, 6.0, 4.0, 3.0, 2.0], [1.0, 4.0, 2.0, 0.0, 3.0, 2.0, 6.0, 4.0, 1.0, 2.0, 3.0, 6.0, 3.0, 3.0, 3.0, 2.0, 4.0, 2.0, 2.0, 2.0, 1.0, 2.0, 4.0, 6.0, 4.0, 1.0, 1.0, 2.0, 1.0, 6.0, 1.0, 2.0, 1.0, 2.0, 1.0, 2.0, 1.0, 2.0, 6.0, 2.0, 2.0, 4.0], [0.0, 4.0, 2.0, 0.0, 1.0, 3.0, 2.0, 4.0, 1.0, 2.0, 3.0, 4.0, 3.0, 3.0, 3.0, 2.0, 4.0, 3.0, 2.0, 2.0, 1.0, 6.0, 6.0, 2.0, 2.0, 1.0, 1.0, 2.0, 1.0, 4.0, 1.0, 1.0, 3.0, 4.0, 1.0, 0.0, 1.0, 2.0, 2.0, 2.0, 2.0, 2.0], [0.0, 4.0, 2.0, 0.0, 1.0, 1.0, 4.0, 4.0, 1.0, 3.0, 3.0, 4.0, 3.0, 3.0, 3.0, 2.0, 6.0, 3.0, 2.0, 2.0, 1.0, 6.0, 4.0, 2.0, 6.0, 1.0, 1.0, 2.0, 1.0, 4.0, 1.0, 1.0, 1.0, 4.0, 1.0, 2.0, 1.0, 2.0, 2.0, 4.0, 2.0, 3.0], [0.0, 4.0, 6.0, 0.0, 2.0, 1.0, 4.0, 4.0, 1.0, 2.0, 2.0, 3.0, 3.0, 3.0, 3.0, 4.0, 4.0, 3.0, 2.0, 2.0, 1.0, 4.0, 4.0, 4.0, 4.0, 1.0, 1.0, 4.0, 1.0, 4.0, 1.0, 1.0, 1.0, 6.0, 1.0, 2.0, 1.0, 2.0, 3.0, 2.0, 2.0, 6.0], [1.0, 6.0, 2.0, 0.0, 1.0, 2.0, 3.0, 4.0, 1.0, 2.0, 3.0, 3.0, 3.0, 3.0, 2.0, 4.0, 4.0, 3.0, 2.0, 6.0, 1.0, 4.0, 4.0, 2.0, 4.0, 1.0, 1.0, 4.0, 1.0, 4.0, 1.0, 1.0, 3.0, 6.0, 1.0, 4.0, 1.0, 2.0, 2.0, 2.0, 4.0, 2.0], [0.0, 4.0, 6.0, 0.0, 3.0, 3.0, 4.0, 4.0, 1.0, 2.0, 3.0, 4.0, 3.0, 3.0, 2.0, 2.0, 4.0, 3.0, 2.0, 6.0, 1.0, 3.0, 4.0, 2.0, 4.0, 1.0, 1.0, 2.0, 1.0, 4.0, 1.0, 1.0, 3.0, 4.0, 1.0, 2.0, 1.0, 2.0, 4.0, 2.0, 3.0, 6.0], [1.0, 6.0, 2.0, 0.0, 1.0, 1.0, 6.0, 4.0, 1.0, 2.0, 4.0, 3.0, 3.0, 3.0, 3.0, 2.0, 6.0, 3.0, 2.0, 6.0, 1.0, 3.0, 6.0, 6.0, 4.0, 1.0, 1.0, 4.0, 1.0, 6.0, 1.0, 1.0, 2.0, 3.0, 1.0, 2.0, 1.0, 4.0, 3.0, 2.0, 2.0, 4.0], [1.0, 4.0, 2.0, 0.0, 2.0, 3.0, 4.0, 4.0, 2.0, 2.0, 3.0, 3.0, 3.0, 3.0, 3.0, 2.0, 4.0, 3.0, 2.0, 2.0, 1.0, 6.0, 4.0, 2.0, 6.0, 1.0, 1.0, 2.0, 1.0, 4.0, 1.0, 1.0, 3.0, 3.0, 1.0, 2.0, 1.0, 2.0, 2.0, 2.0, 6.0, 4.0], [1.0, 4.0, 2.0, 0.0, 3.0, 3.0, 6.0, 4.0, 1.0, 2.0, 3.0, 3.0, 3.0, 3.0, 3.0, 4.0, 4.0, 3.0, 2.0, 6.0, 1.0, 3.0, 4.0, 1.0, 4.0, 1.0, 1.0, 2.0, 1.0, 4.0, 1.0, 1.0, 2.0, 4.0, 1.0, 2.0, 1.0, 2.0, 6.0, 2.0, 4.0, 2.0], [0.0, 4.0, 2.0, 0.0, 2.0, 0.0, 4.0, 4.0, 1.0, 2.0, 0.0, 3.0, 3.0, 3.0, 2.0, 4.0, 6.0, 3.0, 2.0, 2.0, 1.0, 6.0, 6.0, 2.0, 4.0, 1.0, 1.0, 2.0, 1.0, 4.0, 1.0, 1.0, 3.0, 2.0, 1.0, 6.0, 1.0, 2.0, 3.0, 2.0, 2.0, 4.0], [1.0, 6.0, 6.0, 0.0, 2.0, 3.0, 3.0, 4.0, 2.0, 2.0, 3.0, 3.0, 3.0, 3.0, 3.0, 4.0, 4.0, 2.0, 2.0, 2.0, 1.0, 6.0, 4.0, 2.0, 2.0, 1.0, 1.0, 2.0, 1.0, 4.0, 1.0, 1.0, 1.0, 4.0, 1.0, 4.0, 1.0, 2.0, 3.0, 2.0, 4.0, 4.0], [0.0, 4.0, 2.0, 0.0, 1.0, 2.0, 6.0, 4.0, 1.0, 2.0, 0.0, 4.0, 2.0, 3.0, 3.0, 2.0, 4.0, 2.0, 2.0, 2.0, 1.0, 3.0, 4.0, 6.0, 4.0, 1.0, 1.0, 2.0, 1.0, 4.0, 1.0, 1.0, 3.0, 3.0, 1.0, 2.0, 1.0, 2.0, 2.0, 2.0, 2.0, 4.0], [1.0, 4.0, 4.0, 0.0, 2.0, 2.0, 3.0, 4.0, 1.0, 2.0, 4.0, 3.0, 3.0, 3.0, 3.0, 2.0, 6.0, 3.0, 2.0, 2.0, 1.0, 2.0, 4.0, 2.0, 6.0, 1.0, 1.0, 2.0, 1.0, 4.0, 1.0, 1.0, 3.0, 3.0, 1.0, 2.0, 1.0, 2.0, 2.0, 4.0, 4.0, 4.0], [1.0, 6.0, 4.0, 0.0, 2.0, 1.0, 4.0, 2.0, 1.0, 2.0, 2.0, 3.0, 3.0, 3.0, 3.0, 2.0, 4.0, 3.0, 2.0, 6.0, 1.0, 3.0, 4.0, 6.0, 4.0, 1.0, 1.0, 2.0, 1.0, 4.0, 1.0, 1.0, 3.0, 4.0, 1.0, 0.0, 1.0, 2.0, 6.0, 2.0, 2.0, 5.0], [1.0, 6.0, 2.0, 0.0, 3.0, 1.0, 4.0, 4.0, 1.0, 2.0, 3.0, 3.0, 3.0, 3.0, 3.0, 2.0, 4.0, 2.0, 2.0, 2.0, 1.0, 3.0, 4.0, 6.0, 4.0, 1.0, 1.0, 2.0, 1.0, 4.0, 1.0, 2.0, 3.0, 4.0, 1.0, 1.0, 1.0, 4.0, 2.0, 4.0, 4.0, 2.0], [1.0, 4.0, 6.0, 0.0, 1.0, 1.0, 4.0, 4.0, 1.0, 2.0, 3.0, 6.0, 3.0, 3.0, 3.0, 2.0, 6.0, 3.0, 2.0, 2.0, 1.0, 6.0, 6.0, 6.0, 4.0, 1.0, 1.0, 2.0, 1.0, 4.0, 1.0, 1.0, 1.0, 2.0, 1.0, 4.0, 1.0, 2.0, 6.0, 2.0, 2.0, 4.0], [0.0, 4.0, 2.0, 0.0, 1.0, 2.0, 4.0, 4.0, 1.0, 2.0, 4.0, 2.0, 3.0, 3.0, 3.0, 2.0, 6.0, 3.0, 2.0, 2.0, 1.0, 6.0, 2.0, 2.0, 2.0, 1.0, 1.0, 4.0, 1.0, 4.0, 1.0, 1.0, 1.0, 4.0, 1.0, 2.0, 1.0, 2.0, 2.0, 2.0, 2.0, 4.0]]

first layer check: Conv2d(6, 64, kernel_size=(7, 7), stride=(2, 2), padding=(3, 3), bias=False)

for model 4: mode acc: 0.4047619104385376, run mean acc: 0.40916669368743896, top-2 acc:0.5770833492279053, mode f1: 0.4047619104385376

model 4 mode preds
[1.0, 3.0, 3.0, 0.0, 2.0, 2.0, 3.0, 3.0, 1.0, 3.0, 3.0, 3.0, 3.0, 2.0, 3.0, 2.0, 3.0, 3.0, 3.0, 5.0, 1.0, 6.0, 3.0, 3.0, 3.0, 1.0, 1.0, 2.0, 1.0, 3.0, 1.0, 1.0, 1.0, 3.0, 1.0, 1.0, 1.0, 3.0, 3.0, 3.0, 3.0, 3.0]

model 4 all preds
[[1.0, 6.0, 6.0, 1.0, 2.0, 2.0, 3.0, 3.0, 1.0, 3.0, 3.0, 3.0, 3.0, 2.0, 3.0, 2.0, 3.0, 3.0, 3.0, 5.0, 1.0, 6.0, 6.0, 1.0, 3.0, 1.0, 1.0, 2.0, 1.0, 3.0, 1.0, 1.0, 1.0, 6.0, 1.0, 5.0, 1.0, 4.0, 3.0, 3.0, 2.0, 3.0], [1.0, 2.0, 3.0, 2.0, 2.0, 2.0, 3.0, 3.0, 1.0, 3.0, 3.0, 5.0, 3.0, 2.0, 3.0, 2.0, 3.0, 3.0, 3.0, 5.0, 2.0, 6.0, 6.0, 5.0, 3.0, 1.0, 1.0, 2.0, 1.0, 1.0, 1.0, 1.0, 1.0, 3.0, 1.0, 1.0, 1.0, 3.0, 1.0, 3.0, 3.0, 3.0], [1.0, 6.0, 2.0, 2.0, 2.0, 3.0, 5.0, 6.0, 1.0, 3.0, 3.0, 1.0, 3.0, 2.0, 3.0, 2.0, 3.0, 3.0, 3.0, 0.0, 1.0, 6.0, 6.0, 3.0, 3.0, 1.0, 1.0, 2.0, 1.0, 3.0, 1.0, 1.0, 1.0, 3.0, 1.0, 5.0, 1.0, 3.0, 3.0, 3.0, 3.0, 3.0], [1.0, 3.0, 3.0, 0.0, 2.0, 2.0, 5.0, 3.0, 1.0, 3.0, 3.0, 6.0, 3.0, 2.0, 3.0, 2.0, 3.0, 3.0, 2.0, 5.0, 1.0, 6.0, 6.0, 6.0, 3.0, 1.0, 1.0, 2.0, 1.0, 6.0, 1.0, 1.0, 1.0, 3.0, 1.0, 2.0, 1.0, 3.0, 3.0, 3.0, 3.0, 3.0], [1.0, 6.0, 2.0, 0.0, 2.0, 2.0, 3.0, 3.0, 1.0, 3.0, 3.0, 6.0, 3.0, 2.0, 3.0, 2.0, 3.0, 3.0, 3.0, 3.0, 1.0, 3.0, 3.0, 2.0, 3.0, 1.0, 1.0, 2.0, 1.0, 3.0, 1.0, 1.0, 1.0, 3.0, 1.0, 2.0, 1.0, 3.0, 3.0, 3.0, 2.0, 5.0], [1.0, 6.0, 3.0, 0.0, 3.0, 2.0, 3.0, 3.0, 1.0, 3.0, 3.0, 6.0, 3.0, 2.0, 3.0, 2.0, 3.0, 3.0, 3.0, 5.0, 1.0, 2.0, 6.0, 6.0, 3.0, 1.0, 1.0, 2.0, 1.0, 6.0, 1.0, 1.0, 1.0, 6.0, 1.0, 1.0, 1.0, 3.0, 3.0, 3.0, 2.0, 3.0], [1.0, 2.0, 2.0, 0.0, 3.0, 2.0, 3.0, 3.0, 1.0, 3.0, 3.0, 3.0, 3.0, 2.0, 3.0, 2.0, 3.0, 3.0, 2.0, 5.0, 1.0, 6.0, 3.0, 1.0, 3.0, 1.0, 1.0, 2.0, 1.0, 3.0, 1.0, 1.0, 1.0, 2.0, 1.0, 1.0, 1.0, 3.0, 3.0, 1.0, 3.0, 3.0], [1.0, 6.0, 6.0, 2.0, 1.0, 2.0, 3.0, 3.0, 1.0, 3.0, 3.0, 3.0, 3.0, 2.0, 3.0, 2.0, 6.0, 3.0, 3.0, 5.0, 1.0, 6.0, 6.0, 3.0, 3.0, 1.0, 1.0, 2.0, 1.0, 3.0, 1.0, 1.0, 1.0, 3.0, 1.0, 1.0, 1.0, 3.0, 3.0, 3.0, 2.0, 6.0], [1.0, 4.0, 3.0, 0.0, 1.0, 2.0, 3.0, 3.0, 1.0, 3.0, 4.0, 3.0, 3.0, 2.0, 3.0, 2.0, 1.0, 3.0, 2.0, 5.0, 1.0, 6.0, 6.0, 6.0, 3.0, 1.0, 1.0, 2.0, 1.0, 5.0, 1.0, 1.0, 1.0, 3.0, 1.0, 2.0, 1.0, 3.0, 1.0, 1.0, 3.0, 3.0], [1.0, 6.0, 3.0, 0.0, 2.0, 2.0, 3.0, 3.0, 1.0, 3.0, 3.0, 2.0, 3.0, 2.0, 3.0, 2.0, 3.0, 3.0, 3.0, 5.0, 1.0, 6.0, 3.0, 3.0, 3.0, 1.0, 1.0, 2.0, 1.0, 3.0, 1.0, 1.0, 1.0, 3.0, 1.0, 5.0, 1.0, 3.0, 3.0, 3.0, 3.0, 3.0], [1.0, 4.0, 1.0, 0.0, 3.0, 2.0, 3.0, 3.0, 1.0, 3.0, 3.0, 3.0, 3.0, 2.0, 3.0, 2.0, 1.0, 3.0, 3.0, 2.0, 1.0, 6.0, 3.0, 3.0, 3.0, 1.0, 1.0, 2.0, 1.0, 3.0, 1.0, 1.0, 1.0, 2.0, 1.0, 1.0, 1.0, 3.0, 3.0, 3.0, 3.0, 3.0], [1.0, 5.0, 5.0, 0.0, 2.0, 2.0, 3.0, 3.0, 1.0, 3.0, 3.0, 5.0, 3.0, 2.0, 3.0, 2.0, 3.0, 3.0, 3.0, 5.0, 1.0, 3.0, 2.0, 3.0, 3.0, 1.0, 1.0, 2.0, 1.0, 3.0, 1.0, 1.0, 3.0, 3.0, 1.0, 1.0, 1.0, 3.0, 3.0, 3.0, 3.0, 3.0], [1.0, 3.0, 5.0, 2.0, 3.0, 2.0, 3.0, 2.0, 1.0, 3.0, 4.0, 6.0, 3.0, 2.0, 3.0, 2.0, 3.0, 3.0, 3.0, 3.0, 1.0, 3.0, 3.0, 3.0, 3.0, 1.0, 1.0, 2.0, 1.0, 2.0, 1.0, 1.0, 1.0, 6.0, 1.0, 1.0, 1.0, 3.0, 1.0, 3.0, 3.0, 5.0], [1.0, 6.0, 1.0, 2.0, 3.0, 2.0, 3.0, 3.0, 1.0, 3.0, 3.0, 1.0, 3.0, 3.0, 3.0, 2.0, 1.0, 3.0, 3.0, 3.0, 1.0, 3.0, 6.0, 3.0, 3.0, 1.0, 1.0, 2.0, 1.0, 3.0, 1.0, 1.0, 1.0, 6.0, 1.0, 2.0, 1.0, 1.0, 1.0, 3.0, 2.0, 6.0], [1.0, 6.0, 5.0, 0.0, 3.0, 2.0, 3.0, 6.0, 1.0, 3.0, 3.0, 3.0, 3.0, 2.0, 3.0, 2.0, 3.0, 3.0, 1.0, 2.0, 1.0, 6.0, 3.0, 1.0, 6.0, 1.0, 1.0, 2.0, 1.0, 3.0, 1.0, 1.0, 1.0, 3.0, 1.0, 5.0, 1.0, 3.0, 3.0, 3.0, 3.0, 3.0], [1.0, 3.0, 5.0, 1.0, 2.0, 2.0, 3.0, 3.0, 1.0, 3.0, 3.0, 3.0, 3.0, 2.0, 1.0, 2.0, 3.0, 3.0, 3.0, 0.0, 1.0, 6.0, 3.0, 6.0, 3.0, 1.0, 1.0, 2.0, 1.0, 6.0, 1.0, 1.0, 1.0, 3.0, 1.0, 1.0, 1.0, 3.0, 3.0, 2.0, 2.0, 6.0], [1.0, 4.0, 6.0, 2.0, 3.0, 2.0, 3.0, 6.0, 1.0, 3.0, 3.0, 3.0, 3.0, 2.0, 3.0, 2.0, 3.0, 3.0, 2.0, 5.0, 1.0, 6.0, 3.0, 6.0, 3.0, 1.0, 1.0, 2.0, 1.0, 1.0, 1.0, 1.0, 3.0, 3.0, 1.0, 5.0, 1.0, 3.0, 3.0, 3.0, 2.0, 5.0], [1.0, 4.0, 3.0, 0.0, 2.0, 2.0, 3.0, 3.0, 1.0, 3.0, 3.0, 6.0, 3.0, 3.0, 3.0, 2.0, 3.0, 3.0, 3.0, 2.0, 1.0, 6.0, 3.0, 1.0, 3.0, 1.0, 1.0, 2.0, 1.0, 1.0, 1.0, 1.0, 1.0, 6.0, 1.0, 1.0, 1.0, 3.0, 3.0, 3.0, 3.0, 3.0], [1.0, 6.0, 3.0, 2.0, 2.0, 1.0, 3.0, 3.0, 1.0, 3.0, 3.0, 3.0, 3.0, 3.0, 3.0, 2.0, 3.0, 3.0, 3.0, 5.0, 1.0, 3.0, 3.0, 3.0, 3.0, 1.0, 1.0, 2.0, 1.0, 2.0, 1.0, 1.0, 1.0, 1.0, 1.0, 1.0, 1.0, 2.0, 3.0, 3.0, 2.0, 3.0], [1.0, 6.0, 4.0, 2.0, 2.0, 2.0, 3.0, 6.0, 1.0, 3.0, 3.0, 3.0, 3.0, 2.0, 3.0, 2.0, 3.0, 3.0, 3.0, 5.0, 1.0, 2.0, 6.0, 3.0, 3.0, 1.0, 1.0, 2.0, 1.0, 3.0, 1.0, 1.0, 1.0, 5.0, 1.0, 6.0, 1.0, 3.0, 3.0, 3.0, 3.0, 3.0], [1.0, 3.0, 5.0, 0.0, 2.0, 2.0, 3.0, 3.0, 1.0, 3.0, 3.0, 6.0, 3.0, 2.0, 3.0, 2.0, 1.0, 3.0, 3.0, 3.0, 1.0, 6.0, 3.0, 3.0, 3.0, 1.0, 1.0, 2.0, 1.0, 2.0, 1.0, 1.0, 1.0, 3.0, 1.0, 2.0, 1.0, 3.0, 3.0, 3.0, 2.0, 3.0], [1.0, 3.0, 2.0, 0.0, 2.0, 2.0, 3.0, 1.0, 1.0, 3.0, 3.0, 3.0, 3.0, 3.0, 3.0, 2.0, 3.0, 3.0, 2.0, 2.0, 1.0, 2.0, 3.0, 1.0, 3.0, 1.0, 1.0, 2.0, 1.0, 3.0, 1.0, 1.0, 1.0, 3.0, 1.0, 1.0, 1.0, 3.0, 3.0, 3.0, 3.0, 6.0], [1.0, 3.0, 2.0, 0.0, 2.0, 2.0, 3.0, 6.0, 1.0, 3.0, 3.0, 5.0, 3.0, 2.0, 3.0, 2.0, 1.0, 3.0, 3.0, 3.0, 1.0, 3.0, 3.0, 5.0, 3.0, 1.0, 1.0, 1.0, 1.0, 2.0, 1.0, 1.0, 1.0, 5.0, 1.0, 1.0, 1.0, 3.0, 1.0, 1.0, 3.0, 6.0], [1.0, 6.0, 3.0, 0.0, 2.0, 2.0, 3.0, 3.0, 1.0, 3.0, 3.0, 5.0, 1.0, 2.0, 3.0, 2.0, 6.0, 3.0, 3.0, 1.0, 1.0, 3.0, 6.0, 1.0, 3.0, 1.0, 1.0, 1.0, 1.0, 3.0, 1.0, 1.0, 1.0, 3.0, 1.0, 1.0, 1.0, 3.0, 3.0, 3.0, 3.0, 3.0], [1.0, 6.0, 6.0, 2.0, 1.0, 2.0, 3.0, 3.0, 1.0, 3.0, 3.0, 3.0, 3.0, 2.0, 3.0, 2.0, 3.0, 1.0, 3.0, 5.0, 1.0, 6.0, 3.0, 5.0, 3.0, 1.0, 1.0, 3.0, 1.0, 2.0, 1.0, 1.0, 3.0, 3.0, 1.0, 2.0, 1.0, 3.0, 3.0, 3.0, 2.0, 3.0], [1.0, 3.0, 6.0, 2.0, 2.0, 2.0, 3.0, 3.0, 1.0, 3.0, 4.0, 3.0, 3.0, 2.0, 3.0, 2.0, 6.0, 3.0, 3.0, 5.0, 1.0, 6.0, 3.0, 3.0, 3.0, 1.0, 1.0, 3.0, 1.0, 3.0, 1.0, 1.0, 1.0, 3.0, 1.0, 3.0, 1.0, 3.0, 3.0, 3.0, 3.0, 3.0], [1.0, 3.0, 2.0, 0.0, 2.0, 2.0, 3.0, 3.0, 1.0, 3.0, 3.0, 5.0, 3.0, 2.0, 3.0, 2.0, 1.0, 3.0, 3.0, 3.0, 1.0, 6.0, 3.0, 3.0, 3.0, 1.0, 1.0, 2.0, 1.0, 3.0, 1.0, 1.0, 3.0, 3.0, 1.0, 1.0, 1.0, 6.0, 1.0, 3.0, 2.0, 3.0], [1.0, 4.0, 1.0, 1.0, 2.0, 2.0, 3.0, 2.0, 1.0, 3.0, 3.0, 3.0, 3.0, 2.0, 3.0, 2.0, 6.0, 3.0, 2.0, 3.0, 1.0, 3.0, 6.0, 1.0, 3.0, 1.0, 1.0, 3.0, 1.0, 2.0, 1.0, 1.0, 3.0, 3.0, 1.0, 2.0, 1.0, 3.0, 3.0, 3.0, 2.0, 3.0], [1.0, 3.0, 3.0, 0.0, 2.0, 2.0, 3.0, 3.0, 1.0, 3.0, 3.0, 6.0, 3.0, 2.0, 3.0, 2.0, 3.0, 3.0, 2.0, 3.0, 1.0, 3.0, 6.0, 5.0, 3.0, 1.0, 1.0, 2.0, 1.0, 5.0, 1.0, 1.0, 1.0, 3.0, 1.0, 1.0, 1.0, 3.0, 1.0, 3.0, 2.0, 6.0], [1.0, 6.0, 6.0, 0.0, 1.0, 2.0, 5.0, 6.0, 1.0, 1.0, 3.0, 6.0, 3.0, 2.0, 3.0, 2.0, 3.0, 3.0, 3.0, 3.0, 1.0, 6.0, 6.0, 6.0, 6.0, 1.0, 1.0, 3.0, 1.0, 2.0, 1.0, 1.0, 1.0, 3.0, 1.0, 5.0, 1.0, 3.0, 3.0, 3.0, 3.0, 6.0], [1.0, 3.0, 3.0, 0.0, 2.0, 2.0, 3.0, 3.0, 1.0, 3.0, 4.0, 3.0, 3.0, 2.0, 3.0, 2.0, 3.0, 3.0, 3.0, 4.0, 1.0, 3.0, 3.0, 3.0, 3.0, 1.0, 1.0, 2.0, 1.0, 3.0, 1.0, 1.0, 1.0, 3.0, 1.0, 1.0, 1.0, 3.0, 3.0, 3.0, 3.0, 6.0], [1.0, 3.0, 1.0, 2.0, 2.0, 3.0, 3.0, 3.0, 1.0, 3.0, 3.0, 5.0, 3.0, 2.0, 3.0, 2.0, 3.0, 3.0, 3.0, 3.0, 1.0, 3.0, 6.0, 6.0, 3.0, 1.0, 1.0, 3.0, 1.0, 3.0, 1.0, 1.0, 1.0, 1.0, 1.0, 1.0, 1.0, 3.0, 1.0, 3.0, 3.0, 3.0], [1.0, 3.0, 6.0, 2.0, 2.0, 2.0, 3.0, 3.0, 1.0, 3.0, 4.0, 5.0, 3.0, 2.0, 3.0, 2.0, 3.0, 3.0, 3.0, 2.0, 1.0, 6.0, 6.0, 3.0, 3.0, 1.0, 1.0, 2.0, 1.0, 3.0, 1.0, 1.0, 1.0, 3.0, 1.0, 5.0, 1.0, 3.0, 3.0, 3.0, 3.0, 3.0], [1.0, 6.0, 2.0, 2.0, 1.0, 2.0, 3.0, 3.0, 1.0, 3.0, 3.0, 5.0, 3.0, 2.0, 3.0, 2.0, 3.0, 3.0, 2.0, 2.0, 1.0, 6.0, 3.0, 1.0, 3.0, 1.0, 1.0, 2.0, 1.0, 2.0, 1.0, 1.0, 1.0, 6.0, 1.0, 1.0, 1.0, 1.0, 3.0, 3.0, 3.0, 6.0], [1.0, 6.0, 6.0, 0.0, 2.0, 2.0, 3.0, 6.0, 1.0, 3.0, 3.0, 6.0, 3.0, 2.0, 3.0, 2.0, 6.0, 3.0, 3.0, 3.0, 1.0, 6.0, 3.0, 3.0, 3.0, 1.0, 1.0, 2.0, 1.0, 3.0, 1.0, 1.0, 1.0, 3.0, 1.0, 1.0, 1.0, 3.0, 3.0, 3.0, 3.0, 5.0], [1.0, 3.0, 4.0, 0.0, 2.0, 2.0, 3.0, 3.0, 1.0, 3.0, 3.0, 3.0, 3.0, 2.0, 3.0, 2.0, 3.0, 3.0, 2.0, 1.0, 1.0, 6.0, 3.0, 6.0, 3.0, 1.0, 1.0, 1.0, 1.0, 6.0, 1.0, 1.0, 1.0, 6.0, 1.0, 6.0, 1.0, 3.0, 3.0, 3.0, 3.0, 3.0], [1.0, 3.0, 6.0, 0.0, 1.0, 2.0, 3.0, 3.0, 1.0, 3.0, 3.0, 6.0, 3.0, 2.0, 3.0, 2.0, 3.0, 3.0, 3.0, 4.0, 1.0, 6.0, 6.0, 6.0, 3.0, 1.0, 1.0, 2.0, 1.0, 2.0, 1.0, 1.0, 1.0, 3.0, 1.0, 1.0, 1.0, 3.0, 3.0, 3.0, 3.0, 3.0], [1.0, 3.0, 3.0, 0.0, 1.0, 2.0, 3.0, 3.0, 1.0, 3.0, 3.0, 6.0, 3.0, 2.0, 3.0, 2.0, 3.0, 3.0, 3.0, 3.0, 1.0, 3.0, 3.0, 3.0, 3.0, 1.0, 1.0, 2.0, 1.0, 1.0, 1.0, 1.0, 1.0, 6.0, 1.0, 1.0, 1.0, 3.0, 3.0, 1.0, 2.0, 6.0], [1.0, 4.0, 1.0, 0.0, 2.0, 2.0, 3.0, 4.0, 1.0, 3.0, 4.0, 3.0, 1.0, 2.0, 3.0, 2.0, 3.0, 3.0, 3.0, 5.0, 1.0, 6.0, 3.0, 3.0, 3.0, 1.0, 1.0, 2.0, 1.0, 6.0, 1.0, 1.0, 1.0, 6.0, 1.0, 1.0, 1.0, 3.0, 1.0, 3.0, 3.0, 3.0], [1.0, 6.0, 2.0, 0.0, 2.0, 2.0, 4.0, 6.0, 1.0, 3.0, 3.0, 5.0, 3.0, 2.0, 3.0, 2.0, 3.0, 3.0, 3.0, 3.0, 1.0, 6.0, 3.0, 6.0, 3.0, 1.0, 1.0, 2.0, 1.0, 1.0, 1.0, 1.0, 1.0, 3.0, 1.0, 1.0, 1.0, 3.0, 3.0, 3.0, 3.0, 3.0], [1.0, 6.0, 5.0, 2.0, 3.0, 2.0, 3.0, 3.0, 1.0, 3.0, 3.0, 5.0, 3.0, 2.0, 3.0, 2.0, 3.0, 3.0, 3.0, 4.0, 1.0, 6.0, 6.0, 3.0, 3.0, 1.0, 1.0, 2.0, 1.0, 1.0, 1.0, 1.0, 1.0, 6.0, 1.0, 1.0, 1.0, 3.0, 3.0, 3.0, 3.0, 6.0], [1.0, 3.0, 5.0, 0.0, 3.0, 2.0, 5.0, 2.0, 1.0, 3.0, 3.0, 2.0, 1.0, 2.0, 3.0, 2.0, 3.0, 3.0, 1.0, 5.0, 1.0, 6.0, 3.0, 6.0, 3.0, 1.0, 1.0, 3.0, 1.0, 2.0, 1.0, 1.0, 3.0, 3.0, 1.0, 1.0, 1.0, 4.0, 3.0, 3.0, 3.0, 3.0], [1.0, 3.0, 1.0, 0.0, 2.0, 2.0, 3.0, 2.0, 1.0, 3.0, 3.0, 3.0, 3.0, 3.0, 3.0, 2.0, 1.0, 3.0, 3.0, 5.0, 1.0, 6.0, 6.0, 1.0, 3.0, 1.0, 1.0, 2.0, 1.0, 3.0, 1.0, 1.0, 1.0, 3.0, 1.0, 1.0, 1.0, 3.0, 1.0, 3.0, 3.0, 3.0], [3.0, 3.0, 6.0, 0.0, 3.0, 2.0, 3.0, 6.0, 1.0, 3.0, 3.0, 5.0, 3.0, 3.0, 3.0, 2.0, 6.0, 3.0, 2.0, 3.0, 1.0, 6.0, 3.0, 3.0, 6.0, 1.0, 1.0, 2.0, 1.0, 1.0, 1.0, 1.0, 1.0, 6.0, 1.0, 3.0, 1.0, 3.0, 3.0, 1.0, 2.0, 3.0], [1.0, 3.0, 3.0, 1.0, 1.0, 2.0, 3.0, 6.0, 1.0, 3.0, 3.0, 6.0, 3.0, 2.0, 3.0, 2.0, 6.0, 3.0, 2.0, 3.0, 1.0, 6.0, 6.0, 6.0, 3.0, 1.0, 1.0, 2.0, 1.0, 3.0, 1.0, 1.0, 3.0, 6.0, 1.0, 1.0, 1.0, 3.0, 3.0, 3.0, 3.0, 6.0], [1.0, 4.0, 6.0, 0.0, 2.0, 3.0, 3.0, 3.0, 1.0, 3.0, 3.0, 3.0, 3.0, 2.0, 3.0, 2.0, 6.0, 3.0, 2.0, 3.0, 1.0, 6.0, 6.0, 5.0, 3.0, 1.0, 1.0, 2.0, 1.0, 3.0, 1.0, 1.0, 1.0, 6.0, 1.0, 2.0, 1.0, 3.0, 1.0, 3.0, 2.0, 6.0], [1.0, 6.0, 2.0, 2.0, 2.0, 2.0, 3.0, 3.0, 1.0, 3.0, 3.0, 6.0, 3.0, 3.0, 3.0, 2.0, 3.0, 3.0, 3.0, 4.0, 1.0, 6.0, 6.0, 6.0, 1.0, 1.0, 1.0, 2.0, 1.0, 3.0, 1.0, 1.0, 1.0, 6.0, 1.0, 5.0, 1.0, 3.0, 1.0, 1.0, 2.0, 6.0], [1.0, 6.0, 5.0, 0.0, 1.0, 2.0, 3.0, 2.0, 1.0, 3.0, 3.0, 5.0, 3.0, 3.0, 3.0, 2.0, 6.0, 3.0, 3.0, 3.0, 1.0, 3.0, 6.0, 3.0, 3.0, 1.0, 1.0, 1.0, 1.0, 1.0, 1.0, 1.0, 1.0, 6.0, 1.0, 3.0, 1.0, 3.0, 3.0, 3.0, 3.0, 3.0], [1.0, 3.0, 2.0, 2.0, 2.0, 2.0, 3.0, 3.0, 1.0, 3.0, 3.0, 5.0, 3.0, 3.0, 3.0, 2.0, 3.0, 3.0, 3.0, 6.0, 1.0, 2.0, 3.0, 1.0, 3.0, 1.0, 1.0, 2.0, 1.0, 3.0, 1.0, 1.0, 1.0, 6.0, 1.0, 5.0, 1.0, 5.0, 1.0, 3.0, 3.0, 3.0], [1.0, 6.0, 3.0, 0.0, 1.0, 2.0, 3.0, 3.0, 1.0, 3.0, 4.0, 5.0, 1.0, 3.0, 3.0, 2.0, 3.0, 3.0, 3.0, 5.0, 1.0, 6.0, 3.0, 3.0, 3.0, 1.0, 1.0, 2.0, 1.0, 3.0, 1.0, 1.0, 1.0, 3.0, 1.0, 3.0, 1.0, 3.0, 3.0, 1.0, 2.0, 3.0]]

