first layer check: Conv2d(9, 64, kernel_size=(7, 7), stride=(2, 2), padding=(3, 3), bias=False)

target ys
[4.0, 2.0, 6.0, 0.0, 4.0, 0.0, 2.0, 0.0, 2.0, 4.0, 3.0, 1.0, 1.0, 6.0, 5.0, 4.0, 3.0, 5.0, 3.0, 3.0, 5.0, 2.0, 2.0, 2.0, 2.0, 1.0, 3.0, 2.0, 1.0, 4.0, 2.0, 5.0, 3.0, 3.0, 1.0, 3.0, 2.0, 6.0, 2.0, 1.0, 3.0]

for model 0: mode acc: 0.26829269528388977, run mean acc: 0.22883333265781403, top-2 acc:0.38491666316986084, mode f1: 0.26829269528388977

model 0 mode preds
[1.0, 4.0, 4.0, 1.0, 4.0, 4.0, 3.0, 1.0, 2.0, 3.0, 1.0, 1.0, 1.0, 4.0, 4.0, 4.0, 4.0, 2.0, 4.0, 2.0, 3.0, 4.0, 3.0, 2.0, 3.0, 1.0, 4.0, 2.0, 1.0, 4.0, 3.0, 4.0, 4.0, 4.0, 4.0, 2.0, 4.0, 4.0, 3.0, 2.0, 3.0]

model 0 all preds
[[1.0, 4.0, 4.0, 1.0, 4.0, 4.0, 3.0, 1.0, 2.0, 3.0, 1.0, 1.0, 1.0, 4.0, 4.0, 4.0, 4.0, 2.0, 4.0, 2.0, 3.0, 4.0, 4.0, 2.0, 3.0, 1.0, 4.0, 2.0, 3.0, 4.0, 4.0, 4.0, 4.0, 4.0, 4.0, 3.0, 4.0, 6.0, 4.0, 2.0, 3.0], [2.0, 4.0, 4.0, 1.0, 4.0, 1.0, 3.0, 1.0, 2.0, 3.0, 2.0, 1.0, 1.0, 4.0, 4.0, 4.0, 4.0, 4.0, 4.0, 2.0, 3.0, 4.0, 3.0, 3.0, 3.0, 1.0, 6.0, 1.0, 3.0, 4.0, 3.0, 3.0, 4.0, 4.0, 4.0, 2.0, 4.0, 4.0, 4.0, 2.0, 2.0], [4.0, 4.0, 4.0, 1.0, 4.0, 4.0, 1.0, 1.0, 2.0, 3.0, 1.0, 1.0, 1.0, 4.0, 4.0, 4.0, 4.0, 4.0, 4.0, 2.0, 3.0, 3.0, 4.0, 2.0, 3.0, 1.0, 4.0, 2.0, 1.0, 4.0, 4.0, 4.0, 4.0, 4.0, 4.0, 3.0, 4.0, 5.0, 4.0, 2.0, 4.0], [1.0, 3.0, 4.0, 3.0, 4.0, 4.0, 2.0, 1.0, 2.0, 3.0, 2.0, 1.0, 1.0, 4.0, 4.0, 4.0, 4.0, 2.0, 4.0, 2.0, 2.0, 4.0, 3.0, 2.0, 3.0, 1.0, 4.0, 2.0, 3.0, 4.0, 3.0, 6.0, 4.0, 4.0, 3.0, 4.0, 4.0, 4.0, 3.0, 2.0, 3.0], [1.0, 4.0, 4.0, 1.0, 4.0, 4.0, 3.0, 1.0, 2.0, 3.0, 1.0, 1.0, 1.0, 4.0, 4.0, 4.0, 4.0, 2.0, 4.0, 2.0, 3.0, 4.0, 3.0, 3.0, 3.0, 1.0, 4.0, 1.0, 1.0, 4.0, 3.0, 4.0, 4.0, 4.0, 4.0, 2.0, 3.0, 4.0, 3.0, 2.0, 2.0], [3.0, 3.0, 4.0, 1.0, 4.0, 4.0, 1.0, 1.0, 2.0, 3.0, 1.0, 1.0, 1.0, 4.0, 4.0, 4.0, 4.0, 3.0, 4.0, 2.0, 2.0, 6.0, 3.0, 2.0, 3.0, 1.0, 4.0, 1.0, 1.0, 4.0, 3.0, 4.0, 4.0, 4.0, 4.0, 3.0, 1.0, 4.0, 1.0, 2.0, 4.0], [1.0, 4.0, 4.0, 3.0, 4.0, 4.0, 1.0, 1.0, 2.0, 3.0, 1.0, 1.0, 1.0, 4.0, 4.0, 4.0, 6.0, 4.0, 4.0, 2.0, 3.0, 4.0, 3.0, 3.0, 3.0, 1.0, 4.0, 2.0, 1.0, 4.0, 3.0, 4.0, 4.0, 4.0, 4.0, 2.0, 4.0, 4.0, 4.0, 2.0, 3.0], [1.0, 4.0, 4.0, 1.0, 4.0, 1.0, 4.0, 1.0, 2.0, 3.0, 3.0, 1.0, 1.0, 4.0, 4.0, 4.0, 4.0, 2.0, 4.0, 2.0, 3.0, 4.0, 4.0, 2.0, 3.0, 1.0, 4.0, 2.0, 3.0, 4.0, 4.0, 4.0, 4.0, 4.0, 4.0, 2.0, 4.0, 4.0, 4.0, 2.0, 2.0], [1.0, 4.0, 4.0, 1.0, 4.0, 4.0, 4.0, 1.0, 2.0, 1.0, 1.0, 1.0, 1.0, 4.0, 4.0, 4.0, 4.0, 4.0, 4.0, 2.0, 2.0, 4.0, 3.0, 2.0, 3.0, 1.0, 4.0, 1.0, 3.0, 4.0, 3.0, 4.0, 4.0, 4.0, 4.0, 2.0, 4.0, 5.0, 3.0, 2.0, 2.0], [2.0, 4.0, 4.0, 1.0, 3.0, 1.0, 3.0, 1.0, 2.0, 3.0, 2.0, 1.0, 1.0, 4.0, 4.0, 2.0, 4.0, 2.0, 4.0, 2.0, 4.0, 4.0, 3.0, 3.0, 3.0, 1.0, 4.0, 2.0, 1.0, 4.0, 3.0, 4.0, 4.0, 4.0, 4.0, 3.0, 4.0, 4.0, 3.0, 2.0, 2.0], [1.0, 3.0, 4.0, 1.0, 3.0, 1.0, 1.0, 1.0, 2.0, 3.0, 1.0, 1.0, 1.0, 4.0, 4.0, 4.0, 4.0, 2.0, 4.0, 2.0, 2.0, 3.0, 3.0, 4.0, 3.0, 1.0, 4.0, 2.0, 3.0, 4.0, 3.0, 4.0, 4.0, 4.0, 4.0, 3.0, 4.0, 5.0, 3.0, 2.0, 3.0], [1.0, 4.0, 4.0, 1.0, 4.0, 4.0, 2.0, 1.0, 2.0, 3.0, 2.0, 1.0, 1.0, 4.0, 4.0, 4.0, 4.0, 4.0, 4.0, 2.0, 3.0, 4.0, 3.0, 3.0, 3.0, 1.0, 4.0, 2.0, 1.0, 4.0, 3.0, 5.0, 4.0, 4.0, 2.0, 2.0, 4.0, 5.0, 3.0, 2.0, 3.0], [1.0, 4.0, 4.0, 1.0, 4.0, 4.0, 4.0, 1.0, 2.0, 3.0, 2.0, 1.0, 1.0, 4.0, 4.0, 4.0, 3.0, 3.0, 4.0, 2.0, 3.0, 4.0, 3.0, 2.0, 3.0, 1.0, 4.0, 2.0, 3.0, 4.0, 3.0, 4.0, 4.0, 4.0, 3.0, 4.0, 3.0, 4.0, 3.0, 2.0, 4.0], [1.0, 4.0, 4.0, 1.0, 4.0, 4.0, 1.0, 1.0, 2.0, 3.0, 2.0, 1.0, 1.0, 4.0, 4.0, 4.0, 4.0, 3.0, 4.0, 2.0, 3.0, 4.0, 4.0, 1.0, 3.0, 1.0, 4.0, 2.0, 3.0, 4.0, 3.0, 3.0, 4.0, 4.0, 2.0, 3.0, 4.0, 4.0, 4.0, 2.0, 3.0], [3.0, 4.0, 4.0, 1.0, 4.0, 1.0, 4.0, 1.0, 2.0, 3.0, 3.0, 1.0, 1.0, 4.0, 4.0, 4.0, 4.0, 3.0, 4.0, 2.0, 3.0, 4.0, 3.0, 2.0, 3.0, 1.0, 3.0, 2.0, 3.0, 4.0, 3.0, 4.0, 4.0, 4.0, 4.0, 2.0, 4.0, 4.0, 4.0, 2.0, 2.0], [1.0, 4.0, 4.0, 1.0, 4.0, 4.0, 1.0, 1.0, 2.0, 3.0, 1.0, 1.0, 1.0, 4.0, 4.0, 4.0, 4.0, 2.0, 4.0, 2.0, 3.0, 4.0, 4.0, 2.0, 3.0, 1.0, 6.0, 2.0, 1.0, 4.0, 3.0, 4.0, 4.0, 4.0, 4.0, 3.0, 4.0, 4.0, 3.0, 2.0, 4.0], [1.0, 3.0, 4.0, 1.0, 4.0, 4.0, 3.0, 1.0, 2.0, 3.0, 2.0, 1.0, 1.0, 4.0, 4.0, 4.0, 4.0, 4.0, 4.0, 2.0, 3.0, 4.0, 4.0, 2.0, 1.0, 1.0, 4.0, 2.0, 1.0, 4.0, 3.0, 3.0, 4.0, 4.0, 4.0, 3.0, 3.0, 5.0, 2.0, 2.0, 3.0], [3.0, 4.0, 4.0, 1.0, 4.0, 4.0, 1.0, 1.0, 2.0, 3.0, 1.0, 1.0, 1.0, 4.0, 4.0, 4.0, 4.0, 3.0, 4.0, 2.0, 2.0, 4.0, 3.0, 2.0, 3.0, 1.0, 4.0, 1.0, 3.0, 4.0, 3.0, 4.0, 4.0, 4.0, 2.0, 2.0, 4.0, 4.0, 3.0, 2.0, 2.0], [1.0, 4.0, 4.0, 1.0, 3.0, 1.0, 2.0, 1.0, 2.0, 3.0, 3.0, 1.0, 1.0, 4.0, 4.0, 4.0, 4.0, 3.0, 4.0, 2.0, 3.0, 4.0, 4.0, 2.0, 3.0, 1.0, 4.0, 1.0, 3.0, 4.0, 3.0, 3.0, 4.0, 4.0, 2.0, 2.0, 4.0, 6.0, 3.0, 2.0, 2.0], [1.0, 4.0, 4.0, 1.0, 4.0, 4.0, 4.0, 1.0, 2.0, 3.0, 1.0, 1.0, 1.0, 4.0, 4.0, 4.0, 4.0, 2.0, 4.0, 2.0, 3.0, 4.0, 3.0, 4.0, 3.0, 1.0, 4.0, 1.0, 1.0, 4.0, 3.0, 3.0, 4.0, 4.0, 4.0, 2.0, 4.0, 4.0, 4.0, 2.0, 2.0], [1.0, 4.0, 4.0, 1.0, 4.0, 4.0, 2.0, 1.0, 2.0, 3.0, 1.0, 1.0, 1.0, 4.0, 4.0, 4.0, 4.0, 2.0, 4.0, 2.0, 4.0, 4.0, 3.0, 4.0, 3.0, 1.0, 4.0, 1.0, 3.0, 4.0, 3.0, 4.0, 4.0, 4.0, 4.0, 3.0, 4.0, 4.0, 3.0, 2.0, 3.0], [1.0, 3.0, 4.0, 1.0, 4.0, 3.0, 4.0, 1.0, 2.0, 3.0, 2.0, 1.0, 1.0, 4.0, 4.0, 4.0, 3.0, 4.0, 4.0, 2.0, 3.0, 4.0, 3.0, 2.0, 3.0, 1.0, 4.0, 2.0, 3.0, 4.0, 4.0, 6.0, 4.0, 4.0, 4.0, 3.0, 4.0, 4.0, 4.0, 2.0, 3.0], [1.0, 4.0, 4.0, 1.0, 4.0, 4.0, 3.0, 1.0, 2.0, 3.0, 1.0, 1.0, 1.0, 4.0, 4.0, 1.0, 4.0, 2.0, 4.0, 2.0, 3.0, 4.0, 3.0, 2.0, 3.0, 1.0, 4.0, 1.0, 1.0, 4.0, 3.0, 4.0, 4.0, 4.0, 4.0, 2.0, 2.0, 5.0, 3.0, 2.0, 3.0], [1.0, 4.0, 4.0, 1.0, 4.0, 1.0, 1.0, 1.0, 2.0, 3.0, 2.0, 1.0, 1.0, 4.0, 4.0, 4.0, 3.0, 2.0, 4.0, 2.0, 4.0, 4.0, 3.0, 3.0, 3.0, 1.0, 4.0, 2.0, 3.0, 4.0, 3.0, 6.0, 4.0, 4.0, 2.0, 2.0, 4.0, 4.0, 3.0, 2.0, 2.0], [3.0, 4.0, 4.0, 1.0, 4.0, 3.0, 3.0, 1.0, 2.0, 3.0, 2.0, 1.0, 1.0, 4.0, 4.0, 4.0, 4.0, 3.0, 4.0, 2.0, 4.0, 4.0, 3.0, 2.0, 3.0, 1.0, 4.0, 2.0, 1.0, 4.0, 3.0, 3.0, 4.0, 4.0, 4.0, 4.0, 4.0, 5.0, 4.0, 2.0, 4.0], [1.0, 3.0, 4.0, 2.0, 4.0, 4.0, 3.0, 1.0, 2.0, 3.0, 2.0, 1.0, 1.0, 4.0, 4.0, 4.0, 4.0, 2.0, 4.0, 2.0, 3.0, 4.0, 4.0, 3.0, 3.0, 1.0, 4.0, 2.0, 3.0, 4.0, 3.0, 6.0, 4.0, 4.0, 4.0, 3.0, 4.0, 5.0, 4.0, 2.0, 2.0], [3.0, 4.0, 4.0, 1.0, 4.0, 4.0, 1.0, 1.0, 2.0, 1.0, 3.0, 1.0, 1.0, 4.0, 4.0, 4.0, 4.0, 2.0, 4.0, 2.0, 2.0, 4.0, 3.0, 4.0, 3.0, 1.0, 4.0, 1.0, 3.0, 4.0, 3.0, 6.0, 4.0, 4.0, 4.0, 3.0, 4.0, 4.0, 3.0, 2.0, 3.0], [1.0, 4.0, 4.0, 1.0, 4.0, 4.0, 2.0, 1.0, 2.0, 3.0, 3.0, 1.0, 1.0, 4.0, 4.0, 4.0, 4.0, 3.0, 4.0, 2.0, 2.0, 4.0, 3.0, 2.0, 3.0, 1.0, 4.0, 2.0, 3.0, 4.0, 3.0, 5.0, 4.0, 4.0, 4.0, 3.0, 1.0, 4.0, 3.0, 2.0, 4.0], [1.0, 4.0, 4.0, 1.0, 4.0, 1.0, 3.0, 1.0, 2.0, 3.0, 3.0, 1.0, 1.0, 4.0, 4.0, 2.0, 4.0, 2.0, 4.0, 2.0, 3.0, 4.0, 3.0, 3.0, 3.0, 1.0, 4.0, 2.0, 1.0, 4.0, 3.0, 4.0, 4.0, 4.0, 4.0, 3.0, 2.0, 5.0, 3.0, 2.0, 3.0], [1.0, 4.0, 4.0, 1.0, 4.0, 4.0, 1.0, 1.0, 2.0, 3.0, 1.0, 1.0, 1.0, 4.0, 4.0, 4.0, 4.0, 2.0, 4.0, 2.0, 2.0, 4.0, 4.0, 4.0, 1.0, 1.0, 4.0, 2.0, 1.0, 4.0, 3.0, 4.0, 4.0, 4.0, 4.0, 2.0, 4.0, 4.0, 3.0, 2.0, 3.0], [1.0, 4.0, 4.0, 1.0, 4.0, 4.0, 1.0, 1.0, 2.0, 3.0, 1.0, 1.0, 1.0, 4.0, 4.0, 4.0, 4.0, 2.0, 4.0, 2.0, 3.0, 4.0, 3.0, 4.0, 3.0, 1.0, 4.0, 1.0, 1.0, 4.0, 4.0, 4.0, 4.0, 4.0, 4.0, 2.0, 1.0, 5.0, 3.0, 2.0, 2.0], [1.0, 4.0, 4.0, 1.0, 4.0, 4.0, 2.0, 1.0, 2.0, 1.0, 2.0, 1.0, 1.0, 4.0, 4.0, 4.0, 1.0, 3.0, 4.0, 2.0, 3.0, 4.0, 3.0, 2.0, 3.0, 1.0, 4.0, 2.0, 3.0, 4.0, 3.0, 3.0, 4.0, 4.0, 2.0, 2.0, 4.0, 4.0, 4.0, 2.0, 2.0], [1.0, 4.0, 4.0, 1.0, 4.0, 1.0, 2.0, 1.0, 2.0, 3.0, 1.0, 1.0, 1.0, 4.0, 4.0, 4.0, 4.0, 2.0, 4.0, 2.0, 3.0, 4.0, 3.0, 4.0, 3.0, 1.0, 4.0, 2.0, 1.0, 4.0, 3.0, 5.0, 4.0, 4.0, 4.0, 2.0, 3.0, 4.0, 1.0, 2.0, 4.0], [1.0, 4.0, 4.0, 1.0, 4.0, 4.0, 2.0, 1.0, 2.0, 3.0, 1.0, 1.0, 1.0, 4.0, 4.0, 4.0, 4.0, 2.0, 4.0, 2.0, 3.0, 4.0, 3.0, 2.0, 3.0, 1.0, 4.0, 2.0, 3.0, 4.0, 3.0, 4.0, 4.0, 4.0, 4.0, 2.0, 2.0, 4.0, 4.0, 2.0, 3.0], [1.0, 4.0, 4.0, 1.0, 4.0, 4.0, 2.0, 1.0, 2.0, 3.0, 1.0, 1.0, 1.0, 4.0, 4.0, 4.0, 4.0, 2.0, 4.0, 2.0, 3.0, 3.0, 3.0, 2.0, 3.0, 1.0, 4.0, 2.0, 3.0, 4.0, 4.0, 4.0, 4.0, 4.0, 3.0, 2.0, 4.0, 5.0, 4.0, 2.0, 2.0], [1.0, 3.0, 4.0, 1.0, 4.0, 4.0, 2.0, 1.0, 2.0, 1.0, 3.0, 1.0, 1.0, 4.0, 4.0, 4.0, 4.0, 3.0, 4.0, 2.0, 3.0, 4.0, 3.0, 4.0, 3.0, 1.0, 4.0, 1.0, 1.0, 4.0, 3.0, 3.0, 4.0, 4.0, 2.0, 2.0, 4.0, 4.0, 3.0, 2.0, 3.0], [3.0, 4.0, 4.0, 1.0, 3.0, 1.0, 1.0, 1.0, 2.0, 3.0, 2.0, 1.0, 1.0, 4.0, 4.0, 4.0, 3.0, 2.0, 4.0, 2.0, 4.0, 6.0, 3.0, 2.0, 3.0, 1.0, 4.0, 2.0, 3.0, 4.0, 3.0, 5.0, 4.0, 4.0, 1.0, 2.0, 1.0, 5.0, 4.0, 2.0, 2.0], [1.0, 4.0, 4.0, 1.0, 4.0, 4.0, 3.0, 1.0, 2.0, 3.0, 1.0, 1.0, 1.0, 4.0, 4.0, 4.0, 4.0, 4.0, 4.0, 2.0, 2.0, 4.0, 3.0, 4.0, 3.0, 1.0, 4.0, 2.0, 1.0, 4.0, 4.0, 4.0, 4.0, 4.0, 4.0, 3.0, 4.0, 4.0, 4.0, 2.0, 2.0], [1.0, 4.0, 4.0, 1.0, 4.0, 2.0, 3.0, 1.0, 2.0, 3.0, 3.0, 1.0, 1.0, 4.0, 4.0, 4.0, 4.0, 3.0, 4.0, 2.0, 4.0, 4.0, 4.0, 2.0, 3.0, 1.0, 6.0, 1.0, 3.0, 4.0, 4.0, 4.0, 4.0, 4.0, 4.0, 2.0, 4.0, 5.0, 4.0, 2.0, 4.0], [1.0, 4.0, 4.0, 1.0, 4.0, 4.0, 1.0, 1.0, 2.0, 3.0, 3.0, 1.0, 1.0, 4.0, 4.0, 4.0, 3.0, 4.0, 4.0, 2.0, 3.0, 4.0, 3.0, 4.0, 3.0, 1.0, 4.0, 1.0, 1.0, 4.0, 3.0, 1.0, 4.0, 4.0, 4.0, 4.0, 4.0, 4.0, 3.0, 2.0, 3.0], [1.0, 4.0, 4.0, 2.0, 3.0, 1.0, 2.0, 1.0, 2.0, 3.0, 2.0, 2.0, 1.0, 4.0, 4.0, 4.0, 4.0, 4.0, 4.0, 2.0, 3.0, 4.0, 3.0, 2.0, 3.0, 1.0, 4.0, 2.0, 1.0, 4.0, 3.0, 4.0, 4.0, 4.0, 4.0, 2.0, 4.0, 5.0, 4.0, 2.0, 3.0], [3.0, 4.0, 4.0, 1.0, 3.0, 4.0, 3.0, 1.0, 2.0, 1.0, 1.0, 1.0, 1.0, 4.0, 4.0, 4.0, 4.0, 2.0, 4.0, 2.0, 3.0, 4.0, 3.0, 2.0, 3.0, 1.0, 4.0, 2.0, 1.0, 4.0, 3.0, 4.0, 4.0, 4.0, 4.0, 3.0, 2.0, 4.0, 1.0, 2.0, 3.0], [1.0, 4.0, 4.0, 2.0, 4.0, 4.0, 3.0, 1.0, 2.0, 3.0, 2.0, 1.0, 1.0, 4.0, 4.0, 4.0, 4.0, 2.0, 4.0, 2.0, 3.0, 6.0, 4.0, 4.0, 3.0, 1.0, 4.0, 2.0, 1.0, 4.0, 3.0, 3.0, 4.0, 4.0, 4.0, 2.0, 4.0, 5.0, 3.0, 2.0, 4.0], [1.0, 4.0, 4.0, 1.0, 4.0, 3.0, 2.0, 1.0, 2.0, 3.0, 1.0, 1.0, 1.0, 4.0, 4.0, 4.0, 4.0, 3.0, 4.0, 2.0, 3.0, 4.0, 3.0, 3.0, 3.0, 1.0, 4.0, 1.0, 3.0, 4.0, 3.0, 4.0, 4.0, 4.0, 4.0, 4.0, 4.0, 5.0, 4.0, 2.0, 4.0], [1.0, 4.0, 4.0, 1.0, 4.0, 4.0, 2.0, 1.0, 2.0, 3.0, 2.0, 1.0, 1.0, 4.0, 4.0, 4.0, 3.0, 3.0, 4.0, 2.0, 4.0, 4.0, 4.0, 4.0, 3.0, 1.0, 4.0, 2.0, 3.0, 4.0, 3.0, 4.0, 4.0, 4.0, 4.0, 3.0, 4.0, 5.0, 3.0, 2.0, 4.0], [1.0, 4.0, 4.0, 1.0, 4.0, 4.0, 3.0, 1.0, 2.0, 3.0, 2.0, 1.0, 1.0, 4.0, 4.0, 4.0, 4.0, 4.0, 4.0, 2.0, 3.0, 4.0, 3.0, 2.0, 3.0, 1.0, 4.0, 1.0, 1.0, 4.0, 3.0, 4.0, 4.0, 4.0, 4.0, 3.0, 4.0, 5.0, 3.0, 2.0, 3.0], [1.0, 4.0, 4.0, 2.0, 4.0, 4.0, 3.0, 1.0, 2.0, 3.0, 3.0, 1.0, 1.0, 4.0, 4.0, 4.0, 4.0, 3.0, 4.0, 2.0, 3.0, 4.0, 3.0, 2.0, 3.0, 1.0, 4.0, 1.0, 1.0, 4.0, 3.0, 3.0, 4.0, 4.0, 4.0, 3.0, 3.0, 5.0, 4.0, 2.0, 3.0], [1.0, 4.0, 4.0, 1.0, 4.0, 3.0, 1.0, 1.0, 2.0, 2.0, 2.0, 1.0, 1.0, 4.0, 4.0, 4.0, 4.0, 4.0, 4.0, 2.0, 2.0, 4.0, 3.0, 4.0, 3.0, 1.0, 4.0, 1.0, 3.0, 4.0, 3.0, 3.0, 4.0, 4.0, 4.0, 3.0, 4.0, 4.0, 1.0, 2.0, 3.0], [1.0, 3.0, 4.0, 3.0, 4.0, 1.0, 2.0, 1.0, 2.0, 3.0, 2.0, 1.0, 1.0, 4.0, 4.0, 4.0, 3.0, 2.0, 4.0, 2.0, 4.0, 4.0, 4.0, 3.0, 3.0, 1.0, 4.0, 2.0, 1.0, 4.0, 4.0, 4.0, 4.0, 4.0, 4.0, 2.0, 4.0, 4.0, 3.0, 2.0, 4.0], [1.0, 4.0, 4.0, 1.0, 4.0, 4.0, 4.0, 1.0, 2.0, 3.0, 3.0, 1.0, 1.0, 4.0, 4.0, 4.0, 4.0, 3.0, 4.0, 2.0, 3.0, 4.0, 4.0, 3.0, 3.0, 1.0, 4.0, 2.0, 1.0, 4.0, 3.0, 4.0, 4.0, 4.0, 2.0, 3.0, 4.0, 5.0, 4.0, 2.0, 4.0]]

first layer check: Conv2d(9, 64, kernel_size=(7, 7), stride=(2, 2), padding=(3, 3), bias=False)

for model 1: mode acc: 0.1463414579629898, run mean acc: 0.15858334302902222, top-2 acc:0.3685832917690277, mode f1: 0.1463414579629898

model 1 mode preds
[1.0, 4.0, 4.0, 3.0, 6.0, 4.0, 0.0, 2.0, 4.0, 2.0, 0.0, 2.0, 1.0, 4.0, 4.0, 6.0, 6.0, 4.0, 4.0, 2.0, 4.0, 6.0, 4.0, 4.0, 3.0, 1.0, 6.0, 2.0, 3.0, 4.0, 3.0, 6.0, 4.0, 4.0, 4.0, 0.0, 3.0, 6.0, 2.0, 4.0, 4.0]

model 1 all preds
[[0.0, 4.0, 4.0, 1.0, 6.0, 2.0, 0.0, 2.0, 4.0, 2.0, 0.0, 2.0, 1.0, 4.0, 4.0, 4.0, 6.0, 4.0, 4.0, 2.0, 4.0, 4.0, 4.0, 2.0, 3.0, 1.0, 6.0, 4.0, 3.0, 4.0, 3.0, 6.0, 4.0, 6.0, 4.0, 4.0, 4.0, 6.0, 2.0, 4.0, 4.0], [1.0, 4.0, 4.0, 1.0, 4.0, 4.0, 0.0, 2.0, 4.0, 2.0, 0.0, 2.0, 2.0, 4.0, 6.0, 6.0, 6.0, 4.0, 4.0, 2.0, 3.0, 6.0, 6.0, 4.0, 3.0, 1.0, 6.0, 2.0, 3.0, 4.0, 3.0, 6.0, 4.0, 4.0, 4.0, 0.0, 3.0, 5.0, 2.0, 4.0, 4.0], [1.0, 4.0, 4.0, 3.0, 6.0, 4.0, 0.0, 2.0, 4.0, 2.0, 0.0, 1.0, 1.0, 4.0, 6.0, 6.0, 6.0, 3.0, 4.0, 2.0, 4.0, 6.0, 3.0, 4.0, 3.0, 1.0, 5.0, 2.0, 3.0, 4.0, 4.0, 6.0, 4.0, 4.0, 4.0, 0.0, 4.0, 5.0, 2.0, 4.0, 4.0], [0.0, 4.0, 4.0, 1.0, 4.0, 4.0, 0.0, 1.0, 4.0, 2.0, 0.0, 2.0, 2.0, 4.0, 4.0, 6.0, 6.0, 4.0, 4.0, 2.0, 3.0, 6.0, 3.0, 4.0, 3.0, 1.0, 6.0, 2.0, 3.0, 4.0, 4.0, 6.0, 4.0, 4.0, 4.0, 0.0, 4.0, 6.0, 4.0, 4.0, 4.0], [2.0, 4.0, 4.0, 3.0, 4.0, 4.0, 0.0, 1.0, 4.0, 1.0, 0.0, 2.0, 1.0, 4.0, 6.0, 6.0, 6.0, 2.0, 4.0, 0.0, 5.0, 4.0, 4.0, 4.0, 3.0, 1.0, 6.0, 2.0, 3.0, 4.0, 3.0, 6.0, 4.0, 6.0, 4.0, 4.0, 4.0, 5.0, 0.0, 3.0, 4.0], [0.0, 4.0, 4.0, 1.0, 6.0, 4.0, 0.0, 1.0, 4.0, 2.0, 0.0, 1.0, 2.0, 4.0, 4.0, 6.0, 4.0, 4.0, 4.0, 2.0, 3.0, 4.0, 4.0, 4.0, 3.0, 1.0, 6.0, 2.0, 3.0, 4.0, 4.0, 6.0, 4.0, 6.0, 4.0, 0.0, 3.0, 6.0, 2.0, 4.0, 4.0], [0.0, 4.0, 4.0, 2.0, 6.0, 4.0, 0.0, 1.0, 4.0, 2.0, 3.0, 2.0, 1.0, 4.0, 4.0, 6.0, 4.0, 4.0, 4.0, 2.0, 3.0, 6.0, 3.0, 1.0, 3.0, 1.0, 6.0, 2.0, 3.0, 4.0, 3.0, 6.0, 4.0, 6.0, 4.0, 0.0, 3.0, 4.0, 2.0, 4.0, 3.0], [1.0, 4.0, 4.0, 3.0, 6.0, 4.0, 0.0, 2.0, 4.0, 1.0, 4.0, 1.0, 2.0, 4.0, 4.0, 6.0, 4.0, 2.0, 4.0, 2.0, 3.0, 4.0, 4.0, 4.0, 3.0, 1.0, 6.0, 4.0, 3.0, 4.0, 4.0, 6.0, 4.0, 6.0, 4.0, 0.0, 3.0, 4.0, 0.0, 4.0, 4.0], [2.0, 6.0, 4.0, 3.0, 6.0, 2.0, 4.0, 2.0, 4.0, 2.0, 0.0, 1.0, 1.0, 4.0, 6.0, 4.0, 6.0, 2.0, 4.0, 2.0, 3.0, 4.0, 3.0, 4.0, 3.0, 1.0, 6.0, 4.0, 3.0, 4.0, 4.0, 6.0, 4.0, 6.0, 4.0, 0.0, 4.0, 6.0, 1.0, 4.0, 4.0], [1.0, 6.0, 4.0, 2.0, 4.0, 4.0, 0.0, 2.0, 4.0, 2.0, 0.0, 1.0, 1.0, 4.0, 6.0, 4.0, 6.0, 4.0, 4.0, 4.0, 3.0, 6.0, 4.0, 1.0, 3.0, 1.0, 6.0, 1.0, 3.0, 4.0, 3.0, 6.0, 4.0, 4.0, 4.0, 4.0, 3.0, 6.0, 0.0, 4.0, 3.0], [1.0, 4.0, 4.0, 3.0, 6.0, 4.0, 0.0, 1.0, 4.0, 2.0, 4.0, 2.0, 1.0, 4.0, 6.0, 4.0, 4.0, 3.0, 4.0, 2.0, 5.0, 4.0, 4.0, 4.0, 3.0, 1.0, 6.0, 4.0, 3.0, 4.0, 3.0, 6.0, 4.0, 4.0, 4.0, 4.0, 3.0, 5.0, 1.0, 4.0, 4.0], [1.0, 4.0, 4.0, 1.0, 6.0, 4.0, 0.0, 1.0, 4.0, 2.0, 3.0, 3.0, 1.0, 4.0, 4.0, 6.0, 6.0, 2.0, 4.0, 2.0, 3.0, 4.0, 3.0, 4.0, 3.0, 1.0, 6.0, 4.0, 3.0, 4.0, 3.0, 6.0, 4.0, 4.0, 4.0, 4.0, 3.0, 6.0, 3.0, 4.0, 4.0], [1.0, 4.0, 4.0, 3.0, 4.0, 4.0, 0.0, 2.0, 4.0, 2.0, 0.0, 2.0, 1.0, 4.0, 6.0, 6.0, 4.0, 4.0, 6.0, 2.0, 4.0, 6.0, 4.0, 4.0, 3.0, 1.0, 6.0, 4.0, 3.0, 4.0, 3.0, 6.0, 4.0, 6.0, 4.0, 0.0, 4.0, 5.0, 0.0, 4.0, 4.0], [0.0, 4.0, 4.0, 2.0, 4.0, 3.0, 0.0, 1.0, 4.0, 3.0, 0.0, 1.0, 2.0, 4.0, 4.0, 4.0, 0.0, 4.0, 4.0, 2.0, 4.0, 6.0, 4.0, 2.0, 3.0, 1.0, 6.0, 4.0, 3.0, 4.0, 3.0, 6.0, 4.0, 4.0, 4.0, 0.0, 4.0, 6.0, 4.0, 4.0, 4.0], [0.0, 4.0, 4.0, 1.0, 6.0, 2.0, 4.0, 2.0, 4.0, 1.0, 0.0, 2.0, 1.0, 4.0, 6.0, 6.0, 6.0, 2.0, 6.0, 0.0, 4.0, 6.0, 4.0, 4.0, 3.0, 1.0, 6.0, 4.0, 3.0, 4.0, 4.0, 6.0, 4.0, 6.0, 4.0, 0.0, 4.0, 4.0, 1.0, 4.0, 4.0], [0.0, 4.0, 4.0, 1.0, 4.0, 2.0, 3.0, 1.0, 4.0, 3.0, 0.0, 2.0, 1.0, 4.0, 4.0, 6.0, 6.0, 3.0, 4.0, 2.0, 3.0, 6.0, 4.0, 4.0, 3.0, 1.0, 6.0, 2.0, 3.0, 4.0, 4.0, 6.0, 4.0, 4.0, 4.0, 4.0, 3.0, 6.0, 0.0, 4.0, 4.0], [2.0, 4.0, 4.0, 0.0, 6.0, 4.0, 0.0, 1.0, 4.0, 2.0, 4.0, 1.0, 2.0, 4.0, 4.0, 6.0, 3.0, 2.0, 4.0, 2.0, 3.0, 6.0, 4.0, 4.0, 3.0, 1.0, 4.0, 4.0, 3.0, 4.0, 3.0, 6.0, 4.0, 6.0, 4.0, 0.0, 3.0, 6.0, 2.0, 3.0, 4.0], [2.0, 6.0, 4.0, 3.0, 6.0, 4.0, 0.0, 2.0, 4.0, 3.0, 1.0, 2.0, 1.0, 4.0, 4.0, 6.0, 6.0, 4.0, 3.0, 4.0, 4.0, 6.0, 4.0, 0.0, 1.0, 1.0, 6.0, 4.0, 3.0, 4.0, 4.0, 6.0, 4.0, 4.0, 4.0, 0.0, 3.0, 6.0, 2.0, 4.0, 4.0], [1.0, 4.0, 4.0, 0.0, 6.0, 4.0, 0.0, 1.0, 4.0, 2.0, 0.0, 2.0, 1.0, 4.0, 4.0, 4.0, 6.0, 4.0, 4.0, 2.0, 3.0, 3.0, 3.0, 4.0, 3.0, 1.0, 6.0, 4.0, 3.0, 4.0, 4.0, 6.0, 4.0, 4.0, 4.0, 0.0, 4.0, 4.0, 2.0, 4.0, 4.0], [0.0, 4.0, 4.0, 0.0, 6.0, 2.0, 0.0, 2.0, 4.0, 2.0, 0.0, 3.0, 1.0, 4.0, 6.0, 6.0, 6.0, 4.0, 4.0, 2.0, 4.0, 5.0, 3.0, 4.0, 3.0, 1.0, 6.0, 2.0, 3.0, 4.0, 3.0, 6.0, 4.0, 4.0, 4.0, 4.0, 4.0, 5.0, 3.0, 4.0, 4.0], [0.0, 4.0, 4.0, 1.0, 6.0, 4.0, 0.0, 2.0, 4.0, 2.0, 1.0, 2.0, 1.0, 4.0, 4.0, 6.0, 3.0, 4.0, 0.0, 2.0, 4.0, 6.0, 6.0, 4.0, 3.0, 1.0, 6.0, 4.0, 3.0, 4.0, 4.0, 6.0, 4.0, 4.0, 4.0, 4.0, 4.0, 6.0, 2.0, 4.0, 4.0], [2.0, 4.0, 4.0, 0.0, 6.0, 4.0, 0.0, 1.0, 4.0, 2.0, 0.0, 1.0, 2.0, 4.0, 6.0, 6.0, 6.0, 2.0, 4.0, 2.0, 4.0, 6.0, 4.0, 2.0, 3.0, 1.0, 6.0, 4.0, 3.0, 4.0, 4.0, 6.0, 4.0, 4.0, 4.0, 4.0, 4.0, 6.0, 1.0, 4.0, 4.0], [1.0, 4.0, 4.0, 3.0, 6.0, 2.0, 0.0, 1.0, 4.0, 2.0, 0.0, 1.0, 2.0, 4.0, 4.0, 6.0, 4.0, 2.0, 4.0, 2.0, 4.0, 6.0, 3.0, 4.0, 3.0, 1.0, 4.0, 4.0, 3.0, 4.0, 4.0, 6.0, 4.0, 6.0, 4.0, 0.0, 3.0, 5.0, 2.0, 4.0, 3.0], [0.0, 4.0, 4.0, 2.0, 6.0, 4.0, 0.0, 1.0, 4.0, 2.0, 0.0, 1.0, 1.0, 4.0, 4.0, 6.0, 6.0, 4.0, 6.0, 2.0, 4.0, 6.0, 3.0, 4.0, 3.0, 1.0, 6.0, 4.0, 3.0, 4.0, 3.0, 6.0, 4.0, 4.0, 4.0, 0.0, 3.0, 5.0, 3.0, 4.0, 4.0], [1.0, 4.0, 4.0, 0.0, 4.0, 4.0, 0.0, 1.0, 4.0, 3.0, 0.0, 2.0, 1.0, 4.0, 4.0, 4.0, 6.0, 4.0, 4.0, 0.0, 3.0, 6.0, 4.0, 4.0, 3.0, 1.0, 4.0, 4.0, 3.0, 4.0, 3.0, 6.0, 4.0, 4.0, 4.0, 4.0, 3.0, 5.0, 0.0, 4.0, 4.0], [1.0, 4.0, 4.0, 1.0, 6.0, 4.0, 0.0, 1.0, 4.0, 2.0, 0.0, 2.0, 1.0, 4.0, 4.0, 6.0, 4.0, 4.0, 4.0, 2.0, 4.0, 6.0, 3.0, 4.0, 4.0, 1.0, 6.0, 4.0, 3.0, 4.0, 4.0, 6.0, 4.0, 4.0, 4.0, 4.0, 4.0, 5.0, 2.0, 3.0, 4.0], [0.0, 4.0, 4.0, 3.0, 6.0, 4.0, 0.0, 2.0, 4.0, 2.0, 0.0, 3.0, 1.0, 4.0, 4.0, 6.0, 4.0, 4.0, 6.0, 2.0, 3.0, 4.0, 4.0, 4.0, 3.0, 1.0, 6.0, 2.0, 3.0, 4.0, 3.0, 6.0, 4.0, 4.0, 4.0, 0.0, 4.0, 4.0, 2.0, 4.0, 2.0], [1.0, 6.0, 4.0, 1.0, 4.0, 3.0, 0.0, 2.0, 4.0, 2.0, 4.0, 1.0, 1.0, 4.0, 4.0, 6.0, 4.0, 4.0, 4.0, 2.0, 4.0, 6.0, 3.0, 1.0, 3.0, 1.0, 6.0, 2.0, 3.0, 4.0, 6.0, 6.0, 4.0, 6.0, 4.0, 0.0, 3.0, 6.0, 2.0, 4.0, 4.0], [0.0, 4.0, 4.0, 3.0, 6.0, 4.0, 0.0, 1.0, 4.0, 2.0, 0.0, 1.0, 1.0, 4.0, 4.0, 6.0, 6.0, 4.0, 4.0, 2.0, 4.0, 6.0, 4.0, 4.0, 3.0, 1.0, 6.0, 2.0, 3.0, 4.0, 4.0, 6.0, 4.0, 6.0, 4.0, 0.0, 4.0, 6.0, 0.0, 3.0, 4.0], [0.0, 4.0, 4.0, 3.0, 4.0, 4.0, 0.0, 2.0, 4.0, 2.0, 0.0, 2.0, 1.0, 4.0, 4.0, 6.0, 6.0, 4.0, 4.0, 0.0, 3.0, 6.0, 3.0, 4.0, 3.0, 1.0, 6.0, 4.0, 3.0, 4.0, 3.0, 6.0, 4.0, 4.0, 4.0, 0.0, 1.0, 6.0, 2.0, 4.0, 4.0], [1.0, 6.0, 4.0, 1.0, 4.0, 2.0, 0.0, 1.0, 4.0, 2.0, 4.0, 1.0, 2.0, 4.0, 4.0, 4.0, 6.0, 4.0, 3.0, 2.0, 4.0, 4.0, 4.0, 4.0, 3.0, 1.0, 6.0, 2.0, 3.0, 4.0, 4.0, 6.0, 4.0, 4.0, 4.0, 0.0, 3.0, 5.0, 2.0, 4.0, 4.0], [0.0, 4.0, 4.0, 0.0, 4.0, 2.0, 0.0, 1.0, 4.0, 2.0, 0.0, 1.0, 1.0, 4.0, 6.0, 4.0, 6.0, 4.0, 6.0, 2.0, 3.0, 4.0, 4.0, 4.0, 3.0, 1.0, 6.0, 2.0, 3.0, 4.0, 3.0, 6.0, 4.0, 4.0, 4.0, 4.0, 4.0, 6.0, 0.0, 4.0, 4.0], [1.0, 4.0, 4.0, 0.0, 6.0, 4.0, 0.0, 2.0, 4.0, 2.0, 0.0, 1.0, 1.0, 4.0, 4.0, 4.0, 6.0, 4.0, 3.0, 2.0, 3.0, 4.0, 4.0, 4.0, 3.0, 1.0, 4.0, 2.0, 3.0, 4.0, 4.0, 6.0, 4.0, 6.0, 4.0, 0.0, 3.0, 6.0, 2.0, 4.0, 2.0], [0.0, 4.0, 4.0, 0.0, 6.0, 4.0, 0.0, 1.0, 4.0, 2.0, 1.0, 1.0, 1.0, 4.0, 4.0, 4.0, 6.0, 4.0, 4.0, 2.0, 4.0, 6.0, 4.0, 2.0, 3.0, 1.0, 6.0, 2.0, 3.0, 4.0, 3.0, 6.0, 4.0, 6.0, 4.0, 4.0, 4.0, 6.0, 0.0, 4.0, 4.0], [1.0, 4.0, 4.0, 0.0, 6.0, 4.0, 0.0, 1.0, 4.0, 2.0, 0.0, 2.0, 1.0, 4.0, 6.0, 6.0, 4.0, 3.0, 4.0, 2.0, 3.0, 6.0, 3.0, 4.0, 3.0, 1.0, 4.0, 2.0, 3.0, 4.0, 3.0, 6.0, 4.0, 4.0, 4.0, 4.0, 4.0, 4.0, 2.0, 4.0, 4.0], [1.0, 4.0, 4.0, 1.0, 6.0, 4.0, 0.0, 2.0, 4.0, 3.0, 4.0, 2.0, 1.0, 4.0, 4.0, 6.0, 6.0, 6.0, 4.0, 2.0, 4.0, 4.0, 4.0, 4.0, 3.0, 1.0, 6.0, 4.0, 3.0, 4.0, 4.0, 6.0, 4.0, 6.0, 4.0, 0.0, 4.0, 6.0, 2.0, 3.0, 4.0], [1.0, 4.0, 4.0, 3.0, 6.0, 4.0, 0.0, 2.0, 4.0, 1.0, 0.0, 2.0, 1.0, 4.0, 6.0, 6.0, 6.0, 4.0, 6.0, 2.0, 3.0, 6.0, 3.0, 4.0, 3.0, 1.0, 6.0, 2.0, 3.0, 4.0, 3.0, 6.0, 4.0, 4.0, 4.0, 4.0, 3.0, 4.0, 2.0, 4.0, 4.0], [0.0, 4.0, 4.0, 0.0, 4.0, 3.0, 0.0, 2.0, 4.0, 2.0, 0.0, 2.0, 1.0, 4.0, 6.0, 4.0, 6.0, 4.0, 4.0, 2.0, 3.0, 4.0, 4.0, 4.0, 3.0, 1.0, 6.0, 2.0, 3.0, 4.0, 4.0, 6.0, 4.0, 6.0, 4.0, 4.0, 3.0, 6.0, 2.0, 4.0, 4.0], [0.0, 4.0, 4.0, 0.0, 6.0, 4.0, 0.0, 2.0, 4.0, 2.0, 0.0, 1.0, 1.0, 4.0, 6.0, 6.0, 6.0, 3.0, 4.0, 2.0, 4.0, 3.0, 4.0, 0.0, 3.0, 1.0, 4.0, 2.0, 3.0, 4.0, 3.0, 6.0, 4.0, 6.0, 4.0, 0.0, 3.0, 6.0, 0.0, 4.0, 3.0], [1.0, 4.0, 4.0, 3.0, 4.0, 4.0, 0.0, 2.0, 4.0, 2.0, 0.0, 2.0, 1.0, 4.0, 4.0, 6.0, 6.0, 4.0, 4.0, 2.0, 4.0, 4.0, 4.0, 2.0, 3.0, 1.0, 4.0, 4.0, 3.0, 4.0, 6.0, 6.0, 4.0, 6.0, 4.0, 0.0, 3.0, 6.0, 4.0, 4.0, 4.0], [2.0, 4.0, 4.0, 3.0, 6.0, 4.0, 0.0, 2.0, 4.0, 2.0, 4.0, 2.0, 1.0, 4.0, 4.0, 6.0, 6.0, 4.0, 4.0, 0.0, 4.0, 4.0, 3.0, 4.0, 3.0, 1.0, 6.0, 4.0, 3.0, 4.0, 4.0, 6.0, 4.0, 6.0, 4.0, 0.0, 3.0, 5.0, 2.0, 3.0, 4.0], [2.0, 4.0, 4.0, 3.0, 6.0, 4.0, 1.0, 1.0, 4.0, 2.0, 1.0, 2.0, 2.0, 4.0, 4.0, 6.0, 6.0, 4.0, 6.0, 2.0, 3.0, 6.0, 3.0, 1.0, 3.0, 1.0, 6.0, 1.0, 3.0, 4.0, 4.0, 6.0, 4.0, 4.0, 4.0, 4.0, 4.0, 5.0, 2.0, 4.0, 4.0], [0.0, 4.0, 4.0, 3.0, 6.0, 2.0, 0.0, 2.0, 4.0, 2.0, 1.0, 2.0, 2.0, 4.0, 6.0, 6.0, 6.0, 4.0, 4.0, 2.0, 4.0, 6.0, 4.0, 4.0, 4.0, 1.0, 6.0, 2.0, 3.0, 4.0, 3.0, 6.0, 4.0, 4.0, 4.0, 0.0, 3.0, 5.0, 4.0, 4.0, 4.0], [1.0, 4.0, 4.0, 1.0, 6.0, 4.0, 4.0, 2.0, 4.0, 2.0, 1.0, 1.0, 1.0, 4.0, 4.0, 6.0, 6.0, 4.0, 4.0, 2.0, 3.0, 6.0, 4.0, 4.0, 3.0, 1.0, 4.0, 2.0, 3.0, 4.0, 4.0, 6.0, 4.0, 4.0, 4.0, 4.0, 3.0, 6.0, 0.0, 4.0, 4.0], [0.0, 4.0, 4.0, 1.0, 6.0, 4.0, 0.0, 2.0, 4.0, 2.0, 0.0, 2.0, 1.0, 4.0, 4.0, 6.0, 6.0, 3.0, 4.0, 2.0, 4.0, 6.0, 3.0, 4.0, 3.0, 1.0, 6.0, 2.0, 3.0, 4.0, 4.0, 6.0, 4.0, 4.0, 4.0, 4.0, 4.0, 6.0, 2.0, 4.0, 3.0], [1.0, 4.0, 4.0, 3.0, 4.0, 4.0, 0.0, 2.0, 4.0, 2.0, 0.0, 2.0, 2.0, 4.0, 6.0, 4.0, 6.0, 4.0, 4.0, 0.0, 4.0, 3.0, 3.0, 4.0, 3.0, 1.0, 6.0, 2.0, 3.0, 4.0, 4.0, 6.0, 4.0, 4.0, 4.0, 0.0, 1.0, 6.0, 3.0, 4.0, 2.0], [3.0, 4.0, 4.0, 3.0, 6.0, 4.0, 0.0, 1.0, 4.0, 2.0, 0.0, 3.0, 1.0, 4.0, 6.0, 6.0, 4.0, 4.0, 4.0, 2.0, 4.0, 6.0, 3.0, 4.0, 3.0, 1.0, 6.0, 4.0, 3.0, 4.0, 4.0, 6.0, 4.0, 6.0, 4.0, 0.0, 3.0, 6.0, 1.0, 4.0, 4.0], [1.0, 4.0, 4.0, 1.0, 6.0, 4.0, 0.0, 2.0, 4.0, 2.0, 0.0, 2.0, 1.0, 4.0, 4.0, 4.0, 6.0, 4.0, 4.0, 2.0, 3.0, 6.0, 4.0, 0.0, 3.0, 1.0, 6.0, 2.0, 3.0, 4.0, 3.0, 6.0, 4.0, 6.0, 4.0, 4.0, 4.0, 6.0, 4.0, 4.0, 3.0], [0.0, 4.0, 4.0, 1.0, 6.0, 2.0, 0.0, 1.0, 4.0, 2.0, 0.0, 2.0, 2.0, 4.0, 4.0, 4.0, 6.0, 4.0, 4.0, 4.0, 4.0, 4.0, 4.0, 4.0, 3.0, 1.0, 6.0, 2.0, 3.0, 4.0, 3.0, 4.0, 4.0, 4.0, 4.0, 0.0, 3.0, 6.0, 3.0, 4.0, 4.0], [1.0, 4.0, 4.0, 0.0, 6.0, 2.0, 0.0, 2.0, 4.0, 2.0, 4.0, 2.0, 1.0, 4.0, 4.0, 4.0, 4.0, 4.0, 4.0, 0.0, 5.0, 4.0, 3.0, 0.0, 3.0, 1.0, 6.0, 2.0, 3.0, 4.0, 3.0, 6.0, 4.0, 6.0, 4.0, 0.0, 1.0, 6.0, 2.0, 4.0, 4.0]]

first layer check: Conv2d(9, 64, kernel_size=(7, 7), stride=(2, 2), padding=(3, 3), bias=False)

for model 2: mode acc: 0.31707316637039185, run mean acc: 0.28591668605804443, top-2 acc:0.43724995851516724, mode f1: 0.31707316637039185

model 2 mode preds
[3.0, 3.0, 3.0, 1.0, 3.0, 1.0, 0.0, 1.0, 2.0, 1.0, 0.0, 1.0, 1.0, 4.0, 3.0, 4.0, 3.0, 3.0, 3.0, 3.0, 3.0, 3.0, 3.0, 3.0, 3.0, 1.0, 3.0, 3.0, 3.0, 4.0, 3.0, 4.0, 3.0, 4.0, 3.0, 3.0, 3.0, 5.0, 3.0, 2.0, 3.0]

model 2 all preds
[[3.0, 2.0, 3.0, 1.0, 3.0, 1.0, 0.0, 1.0, 3.0, 1.0, 0.0, 3.0, 1.0, 4.0, 3.0, 4.0, 3.0, 3.0, 3.0, 3.0, 3.0, 3.0, 3.0, 3.0, 3.0, 1.0, 3.0, 3.0, 3.0, 4.0, 3.0, 3.0, 3.0, 4.0, 3.0, 3.0, 3.0, 3.0, 3.0, 2.0, 3.0], [3.0, 2.0, 2.0, 1.0, 4.0, 1.0, 1.0, 1.0, 2.0, 1.0, 1.0, 1.0, 1.0, 4.0, 3.0, 3.0, 4.0, 3.0, 1.0, 3.0, 3.0, 3.0, 3.0, 2.0, 3.0, 1.0, 3.0, 2.0, 3.0, 4.0, 3.0, 3.0, 3.0, 4.0, 3.0, 3.0, 3.0, 3.0, 1.0, 2.0, 3.0], [3.0, 3.0, 4.0, 3.0, 4.0, 1.0, 0.0, 1.0, 3.0, 1.0, 1.0, 1.0, 1.0, 4.0, 3.0, 0.0, 0.0, 3.0, 3.0, 3.0, 3.0, 3.0, 3.0, 3.0, 3.0, 1.0, 5.0, 3.0, 3.0, 4.0, 3.0, 3.0, 3.0, 4.0, 3.0, 3.0, 3.0, 3.0, 3.0, 2.0, 3.0], [3.0, 3.0, 3.0, 1.0, 3.0, 1.0, 0.0, 1.0, 3.0, 1.0, 0.0, 1.0, 1.0, 4.0, 3.0, 4.0, 3.0, 3.0, 3.0, 1.0, 3.0, 3.0, 3.0, 2.0, 3.0, 1.0, 3.0, 3.0, 3.0, 4.0, 3.0, 4.0, 3.0, 3.0, 3.0, 3.0, 3.0, 3.0, 3.0, 3.0, 3.0], [3.0, 2.0, 3.0, 1.0, 3.0, 1.0, 0.0, 1.0, 2.0, 1.0, 3.0, 2.0, 1.0, 4.0, 3.0, 4.0, 3.0, 3.0, 3.0, 2.0, 3.0, 5.0, 3.0, 3.0, 3.0, 1.0, 5.0, 2.0, 3.0, 4.0, 3.0, 3.0, 3.0, 3.0, 3.0, 3.0, 1.0, 5.0, 3.0, 2.0, 3.0], [1.0, 3.0, 3.0, 3.0, 4.0, 1.0, 0.0, 1.0, 2.0, 1.0, 0.0, 1.0, 1.0, 4.0, 3.0, 4.0, 3.0, 2.0, 3.0, 1.0, 3.0, 3.0, 3.0, 3.0, 3.0, 1.0, 5.0, 2.0, 3.0, 4.0, 3.0, 4.0, 3.0, 4.0, 3.0, 3.0, 3.0, 5.0, 1.0, 3.0, 3.0], [3.0, 4.0, 3.0, 1.0, 3.0, 1.0, 3.0, 1.0, 2.0, 1.0, 0.0, 2.0, 1.0, 4.0, 3.0, 4.0, 3.0, 3.0, 3.0, 2.0, 3.0, 3.0, 3.0, 2.0, 3.0, 1.0, 3.0, 2.0, 3.0, 4.0, 3.0, 5.0, 3.0, 4.0, 3.0, 3.0, 3.0, 5.0, 3.0, 2.0, 3.0], [3.0, 3.0, 4.0, 1.0, 3.0, 1.0, 1.0, 1.0, 2.0, 1.0, 0.0, 1.0, 1.0, 4.0, 3.0, 2.0, 4.0, 2.0, 3.0, 3.0, 3.0, 3.0, 2.0, 1.0, 3.0, 1.0, 3.0, 3.0, 3.0, 4.0, 3.0, 5.0, 3.0, 4.0, 3.0, 3.0, 3.0, 5.0, 3.0, 2.0, 3.0], [3.0, 3.0, 3.0, 1.0, 3.0, 3.0, 0.0, 1.0, 3.0, 3.0, 0.0, 1.0, 1.0, 4.0, 3.0, 2.0, 0.0, 3.0, 0.0, 3.0, 3.0, 3.0, 3.0, 0.0, 3.0, 1.0, 3.0, 3.0, 3.0, 4.0, 3.0, 3.0, 3.0, 4.0, 3.0, 3.0, 3.0, 3.0, 1.0, 2.0, 3.0], [3.0, 3.0, 3.0, 3.0, 3.0, 1.0, 0.0, 1.0, 2.0, 1.0, 1.0, 1.0, 1.0, 4.0, 3.0, 2.0, 3.0, 3.0, 3.0, 1.0, 3.0, 3.0, 3.0, 1.0, 3.0, 1.0, 3.0, 2.0, 3.0, 4.0, 3.0, 4.0, 3.0, 4.0, 3.0, 0.0, 3.0, 3.0, 3.0, 2.0, 3.0], [1.0, 4.0, 3.0, 1.0, 3.0, 1.0, 0.0, 1.0, 3.0, 3.0, 1.0, 1.0, 1.0, 4.0, 3.0, 2.0, 1.0, 2.0, 3.0, 1.0, 3.0, 3.0, 3.0, 3.0, 3.0, 1.0, 5.0, 3.0, 3.0, 4.0, 3.0, 3.0, 3.0, 2.0, 3.0, 3.0, 3.0, 5.0, 1.0, 3.0, 3.0], [1.0, 3.0, 3.0, 1.0, 3.0, 1.0, 0.0, 1.0, 3.0, 1.0, 1.0, 1.0, 1.0, 4.0, 3.0, 2.0, 3.0, 2.0, 3.0, 1.0, 3.0, 3.0, 3.0, 3.0, 3.0, 1.0, 3.0, 0.0, 3.0, 4.0, 3.0, 4.0, 3.0, 4.0, 3.0, 1.0, 3.0, 3.0, 1.0, 3.0, 3.0], [1.0, 3.0, 3.0, 1.0, 3.0, 3.0, 1.0, 1.0, 3.0, 3.0, 0.0, 1.0, 1.0, 4.0, 3.0, 4.0, 3.0, 3.0, 2.0, 3.0, 3.0, 3.0, 3.0, 4.0, 3.0, 1.0, 3.0, 3.0, 3.0, 3.0, 3.0, 4.0, 3.0, 4.0, 3.0, 3.0, 3.0, 3.0, 3.0, 2.0, 3.0], [3.0, 3.0, 3.0, 1.0, 4.0, 1.0, 0.0, 1.0, 2.0, 1.0, 0.0, 1.0, 1.0, 4.0, 3.0, 4.0, 3.0, 3.0, 3.0, 2.0, 3.0, 5.0, 3.0, 3.0, 3.0, 1.0, 5.0, 2.0, 3.0, 4.0, 3.0, 5.0, 3.0, 4.0, 3.0, 3.0, 3.0, 5.0, 3.0, 2.0, 3.0], [3.0, 2.0, 3.0, 1.0, 3.0, 1.0, 0.0, 1.0, 3.0, 1.0, 1.0, 1.0, 1.0, 4.0, 3.0, 0.0, 0.0, 3.0, 3.0, 1.0, 3.0, 3.0, 3.0, 3.0, 3.0, 1.0, 3.0, 2.0, 3.0, 4.0, 3.0, 5.0, 3.0, 3.0, 3.0, 3.0, 3.0, 5.0, 3.0, 3.0, 3.0], [1.0, 4.0, 3.0, 1.0, 3.0, 1.0, 0.0, 1.0, 3.0, 3.0, 2.0, 1.0, 1.0, 4.0, 3.0, 4.0, 3.0, 3.0, 3.0, 3.0, 3.0, 3.0, 3.0, 1.0, 3.0, 1.0, 3.0, 2.0, 3.0, 4.0, 3.0, 3.0, 3.0, 3.0, 3.0, 3.0, 3.0, 4.0, 3.0, 2.0, 3.0], [3.0, 2.0, 3.0, 1.0, 3.0, 1.0, 0.0, 1.0, 2.0, 3.0, 3.0, 1.0, 1.0, 4.0, 3.0, 2.0, 3.0, 3.0, 3.0, 1.0, 3.0, 3.0, 3.0, 0.0, 3.0, 1.0, 3.0, 3.0, 3.0, 4.0, 3.0, 3.0, 3.0, 3.0, 3.0, 3.0, 3.0, 5.0, 3.0, 2.0, 3.0], [3.0, 3.0, 3.0, 1.0, 3.0, 3.0, 3.0, 1.0, 2.0, 1.0, 1.0, 1.0, 1.0, 4.0, 3.0, 4.0, 3.0, 3.0, 3.0, 3.0, 3.0, 3.0, 3.0, 3.0, 3.0, 1.0, 3.0, 3.0, 3.0, 4.0, 3.0, 3.0, 3.0, 4.0, 2.0, 0.0, 3.0, 3.0, 1.0, 3.0, 3.0], [3.0, 3.0, 3.0, 1.0, 4.0, 1.0, 0.0, 1.0, 3.0, 3.0, 3.0, 1.0, 1.0, 4.0, 3.0, 4.0, 3.0, 3.0, 3.0, 1.0, 3.0, 3.0, 3.0, 2.0, 3.0, 1.0, 3.0, 3.0, 3.0, 4.0, 3.0, 3.0, 3.0, 4.0, 2.0, 3.0, 3.0, 5.0, 1.0, 2.0, 3.0], [1.0, 3.0, 3.0, 3.0, 3.0, 1.0, 0.0, 1.0, 2.0, 3.0, 1.0, 1.0, 1.0, 4.0, 3.0, 3.0, 3.0, 3.0, 3.0, 3.0, 3.0, 3.0, 3.0, 0.0, 3.0, 1.0, 3.0, 0.0, 3.0, 4.0, 3.0, 3.0, 3.0, 4.0, 3.0, 3.0, 3.0, 3.0, 3.0, 2.0, 3.0], [3.0, 3.0, 3.0, 1.0, 3.0, 1.0, 0.0, 1.0, 2.0, 1.0, 0.0, 1.0, 1.0, 4.0, 3.0, 4.0, 3.0, 3.0, 3.0, 3.0, 3.0, 4.0, 3.0, 3.0, 3.0, 1.0, 5.0, 2.0, 3.0, 4.0, 3.0, 4.0, 3.0, 4.0, 1.0, 3.0, 3.0, 5.0, 3.0, 2.0, 3.0], [3.0, 3.0, 3.0, 1.0, 0.0, 1.0, 0.0, 1.0, 2.0, 3.0, 0.0, 1.0, 1.0, 4.0, 3.0, 4.0, 3.0, 3.0, 3.0, 3.0, 3.0, 3.0, 3.0, 0.0, 3.0, 1.0, 3.0, 3.0, 3.0, 3.0, 3.0, 4.0, 3.0, 4.0, 3.0, 3.0, 2.0, 3.0, 1.0, 3.0, 3.0], [1.0, 2.0, 3.0, 1.0, 4.0, 1.0, 1.0, 1.0, 3.0, 3.0, 2.0, 1.0, 1.0, 4.0, 3.0, 2.0, 3.0, 3.0, 2.0, 3.0, 3.0, 3.0, 3.0, 1.0, 3.0, 1.0, 3.0, 3.0, 3.0, 4.0, 3.0, 3.0, 3.0, 4.0, 2.0, 3.0, 1.0, 4.0, 3.0, 3.0, 3.0], [3.0, 3.0, 4.0, 1.0, 3.0, 1.0, 0.0, 1.0, 2.0, 3.0, 0.0, 2.0, 1.0, 4.0, 3.0, 3.0, 5.0, 3.0, 3.0, 1.0, 3.0, 3.0, 3.0, 1.0, 3.0, 1.0, 3.0, 2.0, 3.0, 4.0, 3.0, 5.0, 3.0, 3.0, 3.0, 3.0, 3.0, 5.0, 3.0, 2.0, 3.0], [1.0, 3.0, 3.0, 1.0, 3.0, 1.0, 0.0, 1.0, 3.0, 3.0, 1.0, 2.0, 1.0, 4.0, 3.0, 4.0, 3.0, 3.0, 0.0, 2.0, 3.0, 3.0, 3.0, 3.0, 3.0, 1.0, 4.0, 2.0, 3.0, 4.0, 3.0, 3.0, 3.0, 4.0, 2.0, 1.0, 3.0, 5.0, 1.0, 3.0, 3.0], [3.0, 2.0, 3.0, 1.0, 3.0, 1.0, 0.0, 1.0, 2.0, 1.0, 2.0, 1.0, 1.0, 4.0, 3.0, 4.0, 3.0, 3.0, 3.0, 3.0, 3.0, 3.0, 3.0, 4.0, 3.0, 1.0, 3.0, 2.0, 3.0, 3.0, 3.0, 4.0, 3.0, 4.0, 3.0, 3.0, 3.0, 3.0, 1.0, 3.0, 3.0], [3.0, 3.0, 3.0, 3.0, 3.0, 1.0, 3.0, 1.0, 3.0, 3.0, 2.0, 1.0, 1.0, 4.0, 3.0, 2.0, 4.0, 3.0, 3.0, 3.0, 3.0, 4.0, 3.0, 3.0, 3.0, 1.0, 3.0, 2.0, 3.0, 4.0, 3.0, 4.0, 3.0, 4.0, 2.0, 3.0, 3.0, 3.0, 3.0, 3.0, 3.0], [3.0, 3.0, 3.0, 1.0, 3.0, 1.0, 0.0, 1.0, 2.0, 1.0, 0.0, 1.0, 1.0, 4.0, 3.0, 0.0, 3.0, 3.0, 3.0, 3.0, 3.0, 3.0, 3.0, 0.0, 3.0, 1.0, 3.0, 2.0, 3.0, 4.0, 3.0, 5.0, 3.0, 2.0, 2.0, 3.0, 3.0, 5.0, 3.0, 2.0, 3.0], [3.0, 3.0, 3.0, 1.0, 3.0, 1.0, 0.0, 1.0, 2.0, 1.0, 0.0, 1.0, 1.0, 4.0, 3.0, 4.0, 3.0, 3.0, 0.0, 2.0, 3.0, 3.0, 3.0, 2.0, 3.0, 1.0, 3.0, 3.0, 3.0, 4.0, 3.0, 5.0, 3.0, 3.0, 2.0, 0.0, 3.0, 3.0, 3.0, 2.0, 3.0], [3.0, 3.0, 3.0, 1.0, 0.0, 1.0, 0.0, 1.0, 2.0, 3.0, 1.0, 1.0, 1.0, 4.0, 3.0, 2.0, 3.0, 2.0, 3.0, 1.0, 3.0, 3.0, 3.0, 1.0, 3.0, 1.0, 3.0, 3.0, 3.0, 4.0, 3.0, 5.0, 3.0, 4.0, 2.0, 3.0, 3.0, 5.0, 1.0, 2.0, 3.0], [3.0, 3.0, 3.0, 1.0, 3.0, 1.0, 0.0, 1.0, 2.0, 1.0, 1.0, 1.0, 1.0, 4.0, 3.0, 2.0, 3.0, 2.0, 3.0, 3.0, 3.0, 3.0, 3.0, 4.0, 3.0, 1.0, 5.0, 3.0, 3.0, 4.0, 3.0, 5.0, 3.0, 4.0, 4.0, 3.0, 0.0, 5.0, 3.0, 2.0, 3.0], [3.0, 3.0, 3.0, 1.0, 3.0, 1.0, 0.0, 1.0, 3.0, 3.0, 0.0, 1.0, 1.0, 4.0, 3.0, 4.0, 0.0, 3.0, 3.0, 1.0, 3.0, 5.0, 3.0, 4.0, 3.0, 1.0, 3.0, 3.0, 3.0, 3.0, 3.0, 5.0, 3.0, 4.0, 3.0, 3.0, 3.0, 5.0, 1.0, 3.0, 3.0], [1.0, 4.0, 3.0, 3.0, 0.0, 1.0, 3.0, 1.0, 2.0, 3.0, 3.0, 1.0, 1.0, 4.0, 3.0, 4.0, 3.0, 3.0, 3.0, 1.0, 3.0, 3.0, 3.0, 3.0, 3.0, 1.0, 5.0, 3.0, 3.0, 4.0, 3.0, 4.0, 3.0, 4.0, 2.0, 3.0, 3.0, 3.0, 3.0, 3.0, 3.0], [1.0, 3.0, 3.0, 1.0, 3.0, 1.0, 0.0, 1.0, 3.0, 3.0, 1.0, 3.0, 1.0, 4.0, 3.0, 4.0, 3.0, 3.0, 3.0, 2.0, 3.0, 3.0, 3.0, 3.0, 3.0, 1.0, 3.0, 3.0, 3.0, 4.0, 3.0, 4.0, 3.0, 4.0, 3.0, 3.0, 3.0, 5.0, 3.0, 3.0, 3.0], [1.0, 3.0, 3.0, 1.0, 4.0, 1.0, 0.0, 1.0, 2.0, 3.0, 1.0, 1.0, 1.0, 4.0, 3.0, 4.0, 5.0, 3.0, 3.0, 1.0, 3.0, 3.0, 3.0, 0.0, 3.0, 1.0, 3.0, 3.0, 3.0, 4.0, 3.0, 5.0, 3.0, 4.0, 2.0, 3.0, 3.0, 5.0, 3.0, 3.0, 3.0], [3.0, 3.0, 3.0, 3.0, 4.0, 1.0, 0.0, 1.0, 3.0, 3.0, 3.0, 1.0, 1.0, 4.0, 3.0, 0.0, 3.0, 3.0, 3.0, 3.0, 3.0, 3.0, 3.0, 3.0, 3.0, 1.0, 3.0, 3.0, 3.0, 3.0, 3.0, 5.0, 3.0, 4.0, 3.0, 1.0, 2.0, 3.0, 0.0, 2.0, 3.0], [2.0, 3.0, 3.0, 1.0, 3.0, 1.0, 0.0, 1.0, 2.0, 3.0, 2.0, 3.0, 1.0, 4.0, 3.0, 2.0, 0.0, 3.0, 3.0, 3.0, 3.0, 3.0, 3.0, 1.0, 3.0, 1.0, 3.0, 3.0, 3.0, 4.0, 3.0, 3.0, 3.0, 3.0, 2.0, 3.0, 3.0, 3.0, 1.0, 2.0, 3.0], [1.0, 3.0, 4.0, 1.0, 4.0, 1.0, 0.0, 1.0, 2.0, 3.0, 0.0, 1.0, 1.0, 4.0, 3.0, 2.0, 3.0, 3.0, 0.0, 1.0, 3.0, 3.0, 4.0, 1.0, 3.0, 1.0, 3.0, 3.0, 3.0, 4.0, 3.0, 4.0, 3.0, 3.0, 3.0, 3.0, 3.0, 5.0, 0.0, 2.0, 3.0], [1.0, 2.0, 3.0, 1.0, 3.0, 1.0, 0.0, 1.0, 2.0, 1.0, 0.0, 1.0, 1.0, 4.0, 3.0, 4.0, 4.0, 3.0, 3.0, 1.0, 3.0, 5.0, 3.0, 2.0, 3.0, 1.0, 5.0, 2.0, 3.0, 4.0, 3.0, 4.0, 3.0, 4.0, 2.0, 3.0, 3.0, 5.0, 0.0, 3.0, 3.0], [3.0, 3.0, 3.0, 3.0, 4.0, 1.0, 0.0, 1.0, 3.0, 1.0, 3.0, 1.0, 1.0, 4.0, 3.0, 0.0, 3.0, 2.0, 3.0, 3.0, 3.0, 3.0, 3.0, 3.0, 3.0, 1.0, 3.0, 2.0, 3.0, 3.0, 3.0, 3.0, 3.0, 3.0, 2.0, 3.0, 3.0, 5.0, 3.0, 3.0, 3.0], [1.0, 3.0, 3.0, 1.0, 3.0, 1.0, 0.0, 1.0, 2.0, 1.0, 1.0, 1.0, 1.0, 4.0, 3.0, 4.0, 3.0, 0.0, 3.0, 3.0, 3.0, 3.0, 3.0, 0.0, 3.0, 3.0, 5.0, 3.0, 3.0, 4.0, 3.0, 3.0, 3.0, 3.0, 2.0, 3.0, 3.0, 5.0, 1.0, 3.0, 3.0], [3.0, 3.0, 3.0, 1.0, 4.0, 1.0, 0.0, 1.0, 2.0, 1.0, 2.0, 1.0, 1.0, 4.0, 3.0, 2.0, 3.0, 3.0, 3.0, 3.0, 3.0, 3.0, 3.0, 0.0, 3.0, 1.0, 3.0, 3.0, 3.0, 4.0, 3.0, 3.0, 3.0, 4.0, 3.0, 3.0, 2.0, 3.0, 1.0, 2.0, 3.0], [3.0, 4.0, 3.0, 1.0, 4.0, 1.0, 0.0, 1.0, 2.0, 3.0, 1.0, 1.0, 1.0, 4.0, 3.0, 4.0, 3.0, 3.0, 3.0, 3.0, 3.0, 3.0, 3.0, 4.0, 3.0, 1.0, 3.0, 3.0, 3.0, 4.0, 3.0, 4.0, 3.0, 4.0, 3.0, 0.0, 3.0, 5.0, 1.0, 2.0, 3.0], [3.0, 2.0, 3.0, 0.0, 3.0, 1.0, 0.0, 1.0, 3.0, 1.0, 0.0, 1.0, 1.0, 4.0, 3.0, 4.0, 3.0, 3.0, 3.0, 2.0, 3.0, 3.0, 3.0, 3.0, 3.0, 1.0, 5.0, 0.0, 3.0, 4.0, 3.0, 4.0, 3.0, 3.0, 1.0, 0.0, 1.0, 5.0, 3.0, 2.0, 3.0], [1.0, 2.0, 3.0, 1.0, 3.0, 1.0, 0.0, 1.0, 2.0, 3.0, 1.0, 1.0, 1.0, 4.0, 3.0, 4.0, 3.0, 3.0, 2.0, 1.0, 3.0, 5.0, 3.0, 3.0, 3.0, 1.0, 5.0, 2.0, 3.0, 4.0, 3.0, 4.0, 3.0, 3.0, 2.0, 0.0, 3.0, 5.0, 3.0, 2.0, 3.0], [1.0, 3.0, 3.0, 2.0, 3.0, 1.0, 1.0, 1.0, 3.0, 3.0, 1.0, 1.0, 1.0, 4.0, 3.0, 2.0, 3.0, 3.0, 3.0, 3.0, 3.0, 3.0, 3.0, 1.0, 3.0, 1.0, 5.0, 3.0, 3.0, 4.0, 3.0, 4.0, 3.0, 3.0, 2.0, 1.0, 3.0, 5.0, 1.0, 3.0, 3.0], [1.0, 4.0, 3.0, 1.0, 3.0, 2.0, 0.0, 1.0, 2.0, 1.0, 3.0, 1.0, 1.0, 4.0, 3.0, 4.0, 3.0, 1.0, 0.0, 3.0, 3.0, 3.0, 3.0, 3.0, 3.0, 1.0, 5.0, 2.0, 3.0, 4.0, 3.0, 4.0, 3.0, 2.0, 2.0, 3.0, 3.0, 3.0, 3.0, 2.0, 3.0], [1.0, 3.0, 3.0, 1.0, 3.0, 1.0, 0.0, 1.0, 2.0, 3.0, 2.0, 1.0, 1.0, 4.0, 3.0, 0.0, 3.0, 3.0, 3.0, 1.0, 3.0, 5.0, 3.0, 3.0, 3.0, 1.0, 5.0, 3.0, 3.0, 4.0, 3.0, 4.0, 3.0, 4.0, 2.0, 3.0, 3.0, 5.0, 1.0, 2.0, 3.0], [3.0, 4.0, 3.0, 1.0, 3.0, 1.0, 0.0, 1.0, 3.0, 1.0, 3.0, 1.0, 1.0, 4.0, 3.0, 4.0, 0.0, 3.0, 3.0, 3.0, 3.0, 4.0, 3.0, 3.0, 3.0, 1.0, 3.0, 3.0, 3.0, 4.0, 3.0, 5.0, 3.0, 4.0, 1.0, 3.0, 3.0, 3.0, 1.0, 2.0, 3.0], [1.0, 3.0, 4.0, 1.0, 3.0, 1.0, 0.0, 1.0, 2.0, 1.0, 0.0, 1.0, 1.0, 4.0, 3.0, 2.0, 3.0, 3.0, 3.0, 3.0, 3.0, 5.0, 3.0, 1.0, 3.0, 1.0, 5.0, 2.0, 3.0, 4.0, 3.0, 5.0, 3.0, 3.0, 1.0, 3.0, 3.0, 5.0, 3.0, 3.0, 3.0]]

first layer check: Conv2d(9, 64, kernel_size=(7, 7), stride=(2, 2), padding=(3, 3), bias=False)

for model 3: mode acc: 0.3414634168148041, run mean acc: 0.29766666889190674, top-2 acc:0.565000057220459, mode f1: 0.3414634168148041

model 3 mode preds
[1.0, 2.0, 4.0, 1.0, 2.0, 1.0, 3.0, 1.0, 2.0, 3.0, 1.0, 1.0, 1.0, 4.0, 2.0, 4.0, 2.0, 3.0, 3.0, 2.0, 3.0, 3.0, 3.0, 2.0, 3.0, 1.0, 5.0, 2.0, 1.0, 3.0, 2.0, 5.0, 3.0, 4.0, 2.0, 2.0, 2.0, 5.0, 3.0, 2.0, 2.0]

model 3 all preds
[[1.0, 3.0, 4.0, 1.0, 3.0, 1.0, 3.0, 1.0, 2.0, 3.0, 3.0, 2.0, 1.0, 4.0, 2.0, 3.0, 2.0, 2.0, 2.0, 2.0, 3.0, 3.0, 3.0, 2.0, 3.0, 1.0, 5.0, 2.0, 1.0, 3.0, 2.0, 3.0, 3.0, 4.0, 2.0, 2.0, 2.0, 5.0, 1.0, 2.0, 2.0], [1.0, 2.0, 4.0, 1.0, 2.0, 3.0, 1.0, 1.0, 2.0, 1.0, 3.0, 1.0, 1.0, 4.0, 2.0, 3.0, 2.0, 2.0, 2.0, 2.0, 2.0, 3.0, 1.0, 2.0, 3.0, 1.0, 5.0, 2.0, 1.0, 3.0, 2.0, 2.0, 3.0, 3.0, 2.0, 1.0, 2.0, 5.0, 3.0, 2.0, 2.0], [3.0, 2.0, 4.0, 1.0, 2.0, 1.0, 1.0, 1.0, 2.0, 1.0, 1.0, 2.0, 1.0, 4.0, 2.0, 5.0, 2.0, 3.0, 3.0, 2.0, 2.0, 5.0, 3.0, 2.0, 3.0, 1.0, 3.0, 2.0, 1.0, 3.0, 3.0, 5.0, 2.0, 4.0, 2.0, 2.0, 2.0, 5.0, 3.0, 2.0, 2.0], [2.0, 2.0, 4.0, 1.0, 4.0, 3.0, 3.0, 1.0, 2.0, 3.0, 3.0, 2.0, 1.0, 4.0, 2.0, 2.0, 2.0, 2.0, 3.0, 2.0, 3.0, 5.0, 1.0, 2.0, 3.0, 1.0, 5.0, 2.0, 3.0, 3.0, 2.0, 5.0, 3.0, 3.0, 2.0, 2.0, 2.0, 5.0, 3.0, 2.0, 2.0], [2.0, 3.0, 4.0, 1.0, 5.0, 1.0, 3.0, 1.0, 2.0, 1.0, 1.0, 2.0, 1.0, 4.0, 2.0, 4.0, 2.0, 3.0, 3.0, 2.0, 2.0, 5.0, 3.0, 2.0, 3.0, 1.0, 5.0, 2.0, 1.0, 3.0, 2.0, 5.0, 3.0, 3.0, 2.0, 2.0, 2.0, 5.0, 1.0, 2.0, 2.0], [1.0, 2.0, 4.0, 1.0, 3.0, 1.0, 1.0, 1.0, 2.0, 1.0, 3.0, 1.0, 1.0, 4.0, 2.0, 4.0, 2.0, 3.0, 2.0, 2.0, 3.0, 3.0, 1.0, 1.0, 3.0, 1.0, 5.0, 2.0, 1.0, 4.0, 2.0, 5.0, 3.0, 5.0, 2.0, 2.0, 2.0, 5.0, 1.0, 2.0, 2.0], [1.0, 2.0, 4.0, 1.0, 4.0, 1.0, 3.0, 1.0, 2.0, 3.0, 1.0, 1.0, 1.0, 4.0, 2.0, 4.0, 2.0, 3.0, 2.0, 2.0, 3.0, 2.0, 3.0, 2.0, 3.0, 1.0, 5.0, 2.0, 3.0, 4.0, 2.0, 5.0, 3.0, 5.0, 2.0, 2.0, 2.0, 5.0, 1.0, 2.0, 2.0], [3.0, 2.0, 4.0, 1.0, 2.0, 1.0, 3.0, 1.0, 2.0, 1.0, 3.0, 2.0, 1.0, 4.0, 2.0, 4.0, 2.0, 3.0, 3.0, 2.0, 3.0, 3.0, 3.0, 2.0, 3.0, 1.0, 5.0, 2.0, 3.0, 4.0, 2.0, 2.0, 3.0, 5.0, 2.0, 2.0, 2.0, 5.0, 1.0, 2.0, 2.0], [1.0, 2.0, 4.0, 1.0, 2.0, 1.0, 3.0, 1.0, 2.0, 1.0, 1.0, 1.0, 1.0, 4.0, 2.0, 4.0, 2.0, 3.0, 3.0, 2.0, 3.0, 3.0, 3.0, 2.0, 3.0, 1.0, 5.0, 2.0, 3.0, 4.0, 2.0, 5.0, 3.0, 3.0, 2.0, 2.0, 2.0, 5.0, 3.0, 2.0, 3.0], [3.0, 3.0, 4.0, 1.0, 2.0, 1.0, 3.0, 1.0, 2.0, 1.0, 3.0, 1.0, 1.0, 4.0, 2.0, 5.0, 3.0, 3.0, 2.0, 2.0, 3.0, 3.0, 3.0, 2.0, 3.0, 1.0, 5.0, 2.0, 1.0, 4.0, 2.0, 3.0, 3.0, 3.0, 2.0, 2.0, 1.0, 5.0, 1.0, 2.0, 2.0], [1.0, 3.0, 4.0, 1.0, 3.0, 1.0, 2.0, 1.0, 2.0, 3.0, 3.0, 1.0, 1.0, 4.0, 2.0, 5.0, 2.0, 3.0, 3.0, 2.0, 2.0, 3.0, 3.0, 2.0, 3.0, 1.0, 5.0, 1.0, 3.0, 3.0, 2.0, 5.0, 3.0, 5.0, 2.0, 2.0, 2.0, 5.0, 1.0, 2.0, 2.0], [3.0, 2.0, 4.0, 1.0, 2.0, 1.0, 2.0, 1.0, 2.0, 3.0, 3.0, 2.0, 1.0, 4.0, 2.0, 5.0, 2.0, 3.0, 2.0, 2.0, 2.0, 5.0, 3.0, 3.0, 3.0, 1.0, 3.0, 2.0, 1.0, 3.0, 2.0, 2.0, 4.0, 4.0, 2.0, 2.0, 2.0, 5.0, 3.0, 2.0, 3.0], [3.0, 2.0, 4.0, 1.0, 4.0, 1.0, 3.0, 1.0, 2.0, 1.0, 1.0, 2.0, 1.0, 4.0, 2.0, 4.0, 2.0, 3.0, 3.0, 2.0, 3.0, 5.0, 3.0, 2.0, 1.0, 1.0, 5.0, 2.0, 3.0, 3.0, 2.0, 5.0, 3.0, 4.0, 2.0, 2.0, 2.0, 3.0, 1.0, 2.0, 2.0], [1.0, 3.0, 4.0, 1.0, 5.0, 1.0, 3.0, 1.0, 2.0, 1.0, 3.0, 1.0, 1.0, 4.0, 2.0, 2.0, 2.0, 3.0, 4.0, 2.0, 2.0, 2.0, 3.0, 2.0, 1.0, 1.0, 5.0, 2.0, 3.0, 3.0, 2.0, 5.0, 3.0, 4.0, 2.0, 2.0, 2.0, 5.0, 3.0, 2.0, 2.0], [1.0, 2.0, 4.0, 1.0, 5.0, 2.0, 3.0, 1.0, 2.0, 3.0, 3.0, 1.0, 1.0, 4.0, 2.0, 2.0, 2.0, 3.0, 2.0, 2.0, 3.0, 5.0, 1.0, 3.0, 3.0, 1.0, 3.0, 2.0, 1.0, 3.0, 2.0, 3.0, 4.0, 5.0, 2.0, 1.0, 3.0, 5.0, 2.0, 2.0, 2.0], [1.0, 2.0, 4.0, 1.0, 2.0, 1.0, 2.0, 1.0, 2.0, 3.0, 3.0, 1.0, 1.0, 4.0, 2.0, 5.0, 2.0, 3.0, 3.0, 2.0, 3.0, 5.0, 3.0, 2.0, 3.0, 1.0, 5.0, 2.0, 3.0, 3.0, 3.0, 2.0, 3.0, 3.0, 2.0, 2.0, 2.0, 5.0, 1.0, 2.0, 2.0], [1.0, 3.0, 4.0, 1.0, 2.0, 1.0, 3.0, 1.0, 2.0, 1.0, 1.0, 1.0, 1.0, 4.0, 2.0, 5.0, 2.0, 2.0, 2.0, 2.0, 3.0, 5.0, 3.0, 2.0, 3.0, 1.0, 5.0, 2.0, 1.0, 4.0, 2.0, 5.0, 3.0, 5.0, 2.0, 2.0, 2.0, 5.0, 3.0, 2.0, 2.0], [2.0, 2.0, 4.0, 1.0, 3.0, 1.0, 1.0, 1.0, 2.0, 3.0, 1.0, 1.0, 1.0, 4.0, 2.0, 3.0, 2.0, 3.0, 3.0, 2.0, 2.0, 5.0, 3.0, 2.0, 3.0, 1.0, 3.0, 2.0, 1.0, 3.0, 2.0, 3.0, 3.0, 4.0, 2.0, 2.0, 3.0, 5.0, 2.0, 2.0, 2.0], [3.0, 3.0, 4.0, 1.0, 3.0, 3.0, 1.0, 1.0, 2.0, 3.0, 1.0, 1.0, 1.0, 4.0, 2.0, 5.0, 2.0, 3.0, 3.0, 2.0, 3.0, 3.0, 3.0, 1.0, 3.0, 1.0, 3.0, 1.0, 3.0, 3.0, 2.0, 3.0, 3.0, 4.0, 2.0, 2.0, 2.0, 5.0, 3.0, 2.0, 2.0], [1.0, 3.0, 4.0, 1.0, 2.0, 2.0, 1.0, 1.0, 2.0, 3.0, 3.0, 2.0, 1.0, 4.0, 2.0, 2.0, 2.0, 3.0, 2.0, 2.0, 3.0, 5.0, 2.0, 2.0, 3.0, 1.0, 5.0, 2.0, 3.0, 3.0, 2.0, 5.0, 3.0, 5.0, 2.0, 2.0, 2.0, 5.0, 3.0, 2.0, 2.0], [1.0, 3.0, 4.0, 1.0, 5.0, 1.0, 2.0, 1.0, 2.0, 3.0, 3.0, 1.0, 1.0, 4.0, 2.0, 4.0, 2.0, 3.0, 3.0, 2.0, 2.0, 3.0, 3.0, 1.0, 3.0, 1.0, 3.0, 2.0, 3.0, 3.0, 3.0, 5.0, 3.0, 5.0, 2.0, 2.0, 2.0, 5.0, 3.0, 2.0, 3.0], [3.0, 2.0, 4.0, 1.0, 3.0, 1.0, 3.0, 1.0, 2.0, 3.0, 1.0, 1.0, 1.0, 4.0, 2.0, 4.0, 2.0, 3.0, 3.0, 2.0, 2.0, 5.0, 3.0, 2.0, 3.0, 1.0, 5.0, 2.0, 1.0, 3.0, 3.0, 5.0, 3.0, 4.0, 2.0, 2.0, 2.0, 3.0, 2.0, 2.0, 2.0], [2.0, 2.0, 4.0, 1.0, 2.0, 2.0, 1.0, 1.0, 2.0, 1.0, 3.0, 2.0, 1.0, 4.0, 2.0, 2.0, 2.0, 3.0, 3.0, 2.0, 3.0, 2.0, 3.0, 2.0, 1.0, 1.0, 5.0, 2.0, 1.0, 3.0, 2.0, 5.0, 3.0, 4.0, 3.0, 2.0, 2.0, 5.0, 3.0, 2.0, 2.0], [1.0, 3.0, 4.0, 1.0, 3.0, 2.0, 1.0, 1.0, 2.0, 3.0, 1.0, 2.0, 1.0, 4.0, 2.0, 2.0, 2.0, 3.0, 3.0, 2.0, 3.0, 5.0, 1.0, 1.0, 3.0, 1.0, 5.0, 1.0, 1.0, 3.0, 2.0, 5.0, 2.0, 5.0, 2.0, 1.0, 2.0, 5.0, 1.0, 2.0, 2.0], [3.0, 2.0, 4.0, 1.0, 3.0, 1.0, 1.0, 1.0, 2.0, 3.0, 3.0, 1.0, 1.0, 4.0, 2.0, 4.0, 2.0, 3.0, 2.0, 2.0, 2.0, 3.0, 2.0, 2.0, 3.0, 1.0, 5.0, 2.0, 1.0, 4.0, 2.0, 5.0, 3.0, 5.0, 3.0, 2.0, 2.0, 5.0, 3.0, 2.0, 2.0], [1.0, 2.0, 4.0, 1.0, 4.0, 1.0, 3.0, 1.0, 2.0, 2.0, 1.0, 2.0, 1.0, 4.0, 2.0, 4.0, 2.0, 2.0, 3.0, 2.0, 2.0, 5.0, 1.0, 1.0, 3.0, 1.0, 5.0, 2.0, 1.0, 4.0, 2.0, 5.0, 3.0, 5.0, 2.0, 2.0, 2.0, 5.0, 3.0, 2.0, 2.0], [1.0, 3.0, 3.0, 1.0, 5.0, 1.0, 3.0, 1.0, 2.0, 3.0, 2.0, 2.0, 1.0, 4.0, 2.0, 3.0, 2.0, 3.0, 3.0, 2.0, 2.0, 3.0, 1.0, 2.0, 3.0, 1.0, 5.0, 2.0, 3.0, 4.0, 3.0, 2.0, 3.0, 4.0, 2.0, 2.0, 2.0, 3.0, 3.0, 2.0, 3.0], [1.0, 2.0, 4.0, 1.0, 3.0, 1.0, 1.0, 1.0, 2.0, 3.0, 1.0, 2.0, 1.0, 4.0, 2.0, 3.0, 2.0, 3.0, 3.0, 2.0, 2.0, 5.0, 3.0, 2.0, 3.0, 1.0, 5.0, 2.0, 1.0, 3.0, 2.0, 5.0, 4.0, 5.0, 2.0, 2.0, 2.0, 3.0, 2.0, 2.0, 2.0], [1.0, 2.0, 4.0, 1.0, 3.0, 1.0, 1.0, 1.0, 2.0, 1.0, 1.0, 1.0, 1.0, 4.0, 2.0, 3.0, 2.0, 3.0, 3.0, 2.0, 3.0, 3.0, 3.0, 2.0, 3.0, 1.0, 3.0, 2.0, 3.0, 3.0, 3.0, 3.0, 3.0, 4.0, 2.0, 1.0, 2.0, 5.0, 2.0, 2.0, 2.0], [3.0, 2.0, 4.0, 1.0, 2.0, 1.0, 3.0, 1.0, 2.0, 1.0, 1.0, 2.0, 1.0, 4.0, 2.0, 4.0, 2.0, 2.0, 3.0, 2.0, 3.0, 3.0, 1.0, 2.0, 3.0, 1.0, 5.0, 2.0, 1.0, 4.0, 2.0, 5.0, 3.0, 4.0, 2.0, 2.0, 2.0, 5.0, 1.0, 2.0, 3.0], [1.0, 2.0, 4.0, 1.0, 2.0, 1.0, 1.0, 1.0, 2.0, 3.0, 3.0, 1.0, 1.0, 4.0, 2.0, 2.0, 2.0, 3.0, 3.0, 2.0, 2.0, 5.0, 2.0, 2.0, 3.0, 1.0, 5.0, 2.0, 1.0, 3.0, 2.0, 3.0, 3.0, 5.0, 2.0, 2.0, 2.0, 5.0, 1.0, 2.0, 2.0], [3.0, 2.0, 4.0, 1.0, 2.0, 1.0, 1.0, 1.0, 2.0, 3.0, 1.0, 1.0, 1.0, 4.0, 2.0, 4.0, 2.0, 3.0, 2.0, 2.0, 2.0, 3.0, 1.0, 2.0, 3.0, 1.0, 3.0, 2.0, 1.0, 3.0, 3.0, 5.0, 3.0, 4.0, 2.0, 2.0, 2.0, 5.0, 1.0, 2.0, 2.0], [3.0, 2.0, 4.0, 1.0, 5.0, 1.0, 3.0, 1.0, 2.0, 2.0, 3.0, 1.0, 1.0, 4.0, 2.0, 2.0, 2.0, 3.0, 3.0, 2.0, 2.0, 2.0, 3.0, 2.0, 3.0, 1.0, 5.0, 2.0, 1.0, 3.0, 3.0, 3.0, 3.0, 4.0, 2.0, 2.0, 3.0, 5.0, 1.0, 2.0, 2.0], [3.0, 2.0, 4.0, 1.0, 2.0, 1.0, 3.0, 1.0, 2.0, 1.0, 3.0, 1.0, 1.0, 4.0, 2.0, 4.0, 2.0, 3.0, 3.0, 2.0, 2.0, 3.0, 1.0, 1.0, 3.0, 1.0, 5.0, 2.0, 1.0, 3.0, 3.0, 5.0, 3.0, 4.0, 2.0, 1.0, 2.0, 5.0, 2.0, 2.0, 2.0], [2.0, 2.0, 4.0, 1.0, 3.0, 1.0, 3.0, 1.0, 2.0, 1.0, 1.0, 2.0, 1.0, 4.0, 2.0, 5.0, 2.0, 3.0, 3.0, 2.0, 3.0, 3.0, 3.0, 2.0, 3.0, 1.0, 5.0, 2.0, 3.0, 3.0, 3.0, 2.0, 3.0, 4.0, 2.0, 1.0, 2.0, 5.0, 2.0, 2.0, 2.0], [2.0, 2.0, 4.0, 1.0, 3.0, 1.0, 3.0, 1.0, 2.0, 3.0, 1.0, 2.0, 1.0, 4.0, 2.0, 4.0, 2.0, 3.0, 3.0, 2.0, 3.0, 3.0, 3.0, 2.0, 1.0, 1.0, 5.0, 2.0, 1.0, 3.0, 2.0, 3.0, 3.0, 5.0, 2.0, 2.0, 2.0, 5.0, 1.0, 2.0, 2.0], [3.0, 2.0, 4.0, 1.0, 3.0, 1.0, 1.0, 1.0, 2.0, 1.0, 1.0, 1.0, 1.0, 4.0, 2.0, 4.0, 2.0, 3.0, 3.0, 2.0, 2.0, 2.0, 3.0, 2.0, 3.0, 1.0, 5.0, 2.0, 1.0, 3.0, 2.0, 3.0, 3.0, 4.0, 2.0, 2.0, 2.0, 5.0, 3.0, 2.0, 3.0], [1.0, 2.0, 4.0, 1.0, 2.0, 1.0, 1.0, 1.0, 2.0, 3.0, 1.0, 2.0, 1.0, 4.0, 2.0, 2.0, 2.0, 3.0, 2.0, 2.0, 3.0, 5.0, 1.0, 2.0, 3.0, 1.0, 3.0, 2.0, 3.0, 3.0, 2.0, 5.0, 1.0, 5.0, 2.0, 1.0, 2.0, 5.0, 2.0, 2.0, 3.0], [1.0, 2.0, 3.0, 1.0, 3.0, 1.0, 1.0, 1.0, 2.0, 3.0, 3.0, 2.0, 1.0, 4.0, 2.0, 4.0, 2.0, 3.0, 3.0, 2.0, 3.0, 5.0, 3.0, 2.0, 3.0, 1.0, 5.0, 2.0, 3.0, 4.0, 2.0, 3.0, 3.0, 4.0, 2.0, 2.0, 2.0, 5.0, 1.0, 2.0, 2.0], [1.0, 2.0, 4.0, 1.0, 2.0, 2.0, 3.0, 1.0, 2.0, 1.0, 1.0, 1.0, 1.0, 4.0, 2.0, 3.0, 2.0, 3.0, 2.0, 2.0, 3.0, 5.0, 3.0, 2.0, 3.0, 1.0, 3.0, 2.0, 1.0, 3.0, 3.0, 5.0, 3.0, 5.0, 2.0, 2.0, 2.0, 5.0, 3.0, 2.0, 3.0], [1.0, 3.0, 4.0, 1.0, 3.0, 1.0, 2.0, 1.0, 2.0, 1.0, 1.0, 1.0, 1.0, 4.0, 2.0, 3.0, 2.0, 3.0, 3.0, 2.0, 2.0, 5.0, 3.0, 2.0, 3.0, 1.0, 3.0, 2.0, 1.0, 3.0, 2.0, 5.0, 3.0, 5.0, 2.0, 2.0, 2.0, 5.0, 2.0, 2.0, 2.0], [1.0, 3.0, 3.0, 1.0, 3.0, 1.0, 3.0, 1.0, 2.0, 3.0, 3.0, 2.0, 1.0, 4.0, 2.0, 4.0, 2.0, 3.0, 3.0, 2.0, 3.0, 3.0, 2.0, 3.0, 3.0, 1.0, 5.0, 2.0, 1.0, 3.0, 2.0, 5.0, 2.0, 4.0, 2.0, 2.0, 1.0, 5.0, 3.0, 2.0, 2.0], [3.0, 3.0, 3.0, 1.0, 5.0, 1.0, 3.0, 1.0, 2.0, 3.0, 1.0, 2.0, 1.0, 4.0, 2.0, 4.0, 2.0, 3.0, 3.0, 2.0, 3.0, 3.0, 2.0, 1.0, 3.0, 1.0, 3.0, 2.0, 1.0, 3.0, 2.0, 2.0, 3.0, 3.0, 2.0, 2.0, 2.0, 5.0, 1.0, 2.0, 2.0], [2.0, 3.0, 4.0, 2.0, 2.0, 1.0, 1.0, 1.0, 2.0, 1.0, 1.0, 1.0, 1.0, 4.0, 2.0, 2.0, 2.0, 3.0, 3.0, 2.0, 3.0, 5.0, 2.0, 2.0, 3.0, 1.0, 5.0, 2.0, 1.0, 3.0, 3.0, 5.0, 3.0, 5.0, 2.0, 2.0, 3.0, 5.0, 1.0, 2.0, 2.0], [1.0, 2.0, 4.0, 1.0, 2.0, 1.0, 1.0, 1.0, 2.0, 1.0, 1.0, 2.0, 2.0, 4.0, 2.0, 4.0, 2.0, 3.0, 3.0, 2.0, 2.0, 3.0, 1.0, 1.0, 3.0, 1.0, 3.0, 2.0, 1.0, 3.0, 2.0, 5.0, 3.0, 4.0, 2.0, 2.0, 2.0, 3.0, 3.0, 2.0, 2.0], [3.0, 2.0, 4.0, 1.0, 3.0, 1.0, 3.0, 1.0, 2.0, 3.0, 1.0, 1.0, 1.0, 4.0, 2.0, 4.0, 2.0, 2.0, 3.0, 2.0, 3.0, 2.0, 3.0, 3.0, 3.0, 1.0, 5.0, 2.0, 3.0, 3.0, 2.0, 5.0, 3.0, 5.0, 2.0, 1.0, 2.0, 3.0, 3.0, 2.0, 2.0], [2.0, 2.0, 4.0, 1.0, 5.0, 1.0, 3.0, 1.0, 2.0, 1.0, 2.0, 2.0, 1.0, 4.0, 2.0, 3.0, 2.0, 3.0, 3.0, 2.0, 2.0, 3.0, 1.0, 2.0, 3.0, 1.0, 5.0, 2.0, 3.0, 3.0, 3.0, 5.0, 3.0, 4.0, 2.0, 1.0, 3.0, 5.0, 3.0, 2.0, 2.0], [3.0, 2.0, 4.0, 1.0, 3.0, 1.0, 1.0, 1.0, 2.0, 1.0, 1.0, 2.0, 1.0, 4.0, 2.0, 3.0, 2.0, 2.0, 3.0, 2.0, 2.0, 3.0, 2.0, 1.0, 3.0, 1.0, 5.0, 1.0, 1.0, 3.0, 2.0, 5.0, 3.0, 4.0, 2.0, 2.0, 2.0, 5.0, 1.0, 2.0, 2.0], [2.0, 2.0, 4.0, 1.0, 3.0, 1.0, 3.0, 1.0, 2.0, 1.0, 1.0, 1.0, 1.0, 4.0, 2.0, 4.0, 2.0, 3.0, 3.0, 2.0, 2.0, 3.0, 3.0, 2.0, 3.0, 1.0, 5.0, 2.0, 1.0, 3.0, 2.0, 3.0, 3.0, 4.0, 2.0, 2.0, 2.0, 5.0, 3.0, 2.0, 2.0], [1.0, 2.0, 4.0, 1.0, 2.0, 1.0, 3.0, 1.0, 2.0, 3.0, 2.0, 1.0, 1.0, 4.0, 2.0, 5.0, 2.0, 3.0, 3.0, 2.0, 3.0, 5.0, 1.0, 2.0, 3.0, 1.0, 5.0, 2.0, 1.0, 4.0, 2.0, 3.0, 3.0, 4.0, 2.0, 1.0, 3.0, 5.0, 2.0, 2.0, 3.0]]

first layer check: Conv2d(9, 64, kernel_size=(7, 7), stride=(2, 2), padding=(3, 3), bias=False)

for model 4: mode acc: 0.2195121943950653, run mean acc: 0.20516666769981384, top-2 acc:0.43700000643730164, mode f1: 0.2195121943950653

model 4 mode preds
[1.0, 4.0, 4.0, 1.0, 4.0, 4.0, 1.0, 1.0, 4.0, 1.0, 1.0, 1.0, 1.0, 4.0, 4.0, 4.0, 4.0, 4.0, 4.0, 4.0, 4.0, 4.0, 4.0, 4.0, 3.0, 1.0, 5.0, 1.0, 1.0, 4.0, 4.0, 4.0, 4.0, 4.0, 1.0, 1.0, 4.0, 5.0, 1.0, 1.0, 1.0]

model 4 all preds
[[1.0, 4.0, 4.0, 1.0, 4.0, 1.0, 1.0, 1.0, 4.0, 1.0, 1.0, 1.0, 1.0, 4.0, 4.0, 5.0, 4.0, 2.0, 3.0, 4.0, 4.0, 5.0, 4.0, 1.0, 3.0, 1.0, 4.0, 1.0, 3.0, 4.0, 3.0, 6.0, 4.0, 4.0, 1.0, 4.0, 3.0, 5.0, 3.0, 1.0, 1.0], [1.0, 4.0, 4.0, 1.0, 4.0, 4.0, 1.0, 1.0, 4.0, 1.0, 1.0, 1.0, 1.0, 4.0, 4.0, 4.0, 4.0, 4.0, 4.0, 4.0, 3.0, 4.0, 3.0, 1.0, 3.0, 1.0, 5.0, 1.0, 1.0, 5.0, 4.0, 6.0, 4.0, 5.0, 1.0, 1.0, 3.0, 5.0, 4.0, 4.0, 4.0], [1.0, 4.0, 4.0, 1.0, 4.0, 4.0, 1.0, 1.0, 4.0, 1.0, 3.0, 1.0, 1.0, 4.0, 4.0, 4.0, 4.0, 4.0, 3.0, 4.0, 4.0, 4.0, 4.0, 2.0, 3.0, 1.0, 5.0, 1.0, 1.0, 4.0, 4.0, 4.0, 4.0, 4.0, 1.0, 4.0, 4.0, 4.0, 1.0, 1.0, 4.0], [1.0, 3.0, 4.0, 1.0, 4.0, 1.0, 1.0, 1.0, 4.0, 1.0, 1.0, 1.0, 1.0, 4.0, 4.0, 4.0, 3.0, 4.0, 4.0, 4.0, 3.0, 4.0, 4.0, 1.0, 1.0, 1.0, 4.0, 1.0, 1.0, 5.0, 4.0, 5.0, 4.0, 4.0, 4.0, 1.0, 5.0, 5.0, 1.0, 2.0, 1.0], [1.0, 3.0, 4.0, 1.0, 4.0, 4.0, 4.0, 1.0, 4.0, 3.0, 1.0, 1.0, 1.0, 4.0, 4.0, 4.0, 3.0, 4.0, 4.0, 4.0, 4.0, 4.0, 4.0, 4.0, 3.0, 1.0, 4.0, 1.0, 1.0, 4.0, 4.0, 3.0, 4.0, 4.0, 1.0, 4.0, 3.0, 4.0, 1.0, 4.0, 1.0], [1.0, 4.0, 4.0, 1.0, 4.0, 4.0, 1.0, 1.0, 4.0, 3.0, 1.0, 1.0, 1.0, 4.0, 4.0, 4.0, 4.0, 4.0, 3.0, 4.0, 4.0, 4.0, 4.0, 1.0, 3.0, 1.0, 5.0, 1.0, 1.0, 4.0, 4.0, 4.0, 1.0, 4.0, 1.0, 1.0, 4.0, 5.0, 1.0, 1.0, 4.0], [1.0, 4.0, 4.0, 1.0, 3.0, 3.0, 3.0, 1.0, 4.0, 1.0, 1.0, 1.0, 1.0, 4.0, 4.0, 5.0, 4.0, 4.0, 4.0, 4.0, 4.0, 4.0, 4.0, 4.0, 3.0, 1.0, 5.0, 1.0, 1.0, 5.0, 4.0, 6.0, 4.0, 4.0, 4.0, 1.0, 4.0, 5.0, 1.0, 2.0, 1.0], [3.0, 4.0, 4.0, 1.0, 4.0, 4.0, 1.0, 1.0, 4.0, 3.0, 1.0, 1.0, 1.0, 4.0, 4.0, 4.0, 3.0, 5.0, 4.0, 4.0, 4.0, 4.0, 4.0, 4.0, 3.0, 1.0, 5.0, 1.0, 1.0, 4.0, 4.0, 4.0, 4.0, 4.0, 1.0, 4.0, 3.0, 5.0, 1.0, 1.0, 1.0], [1.0, 3.0, 4.0, 1.0, 4.0, 4.0, 1.0, 1.0, 4.0, 1.0, 1.0, 1.0, 1.0, 4.0, 4.0, 5.0, 4.0, 4.0, 4.0, 4.0, 4.0, 5.0, 4.0, 4.0, 3.0, 1.0, 4.0, 1.0, 1.0, 4.0, 3.0, 6.0, 4.0, 5.0, 1.0, 1.0, 1.0, 4.0, 1.0, 1.0, 1.0], [1.0, 4.0, 4.0, 1.0, 4.0, 1.0, 1.0, 1.0, 4.0, 1.0, 1.0, 1.0, 1.0, 4.0, 4.0, 5.0, 4.0, 4.0, 4.0, 1.0, 4.0, 5.0, 4.0, 4.0, 3.0, 1.0, 5.0, 1.0, 3.0, 4.0, 4.0, 5.0, 4.0, 5.0, 4.0, 4.0, 3.0, 5.0, 1.0, 1.0, 4.0], [1.0, 4.0, 4.0, 1.0, 4.0, 3.0, 1.0, 1.0, 4.0, 4.0, 3.0, 1.0, 1.0, 4.0, 4.0, 4.0, 4.0, 4.0, 4.0, 4.0, 4.0, 4.0, 4.0, 4.0, 1.0, 1.0, 4.0, 1.0, 3.0, 4.0, 4.0, 4.0, 4.0, 5.0, 4.0, 1.0, 4.0, 5.0, 1.0, 1.0, 4.0], [1.0, 4.0, 4.0, 1.0, 4.0, 1.0, 1.0, 1.0, 1.0, 3.0, 4.0, 1.0, 1.0, 5.0, 4.0, 5.0, 4.0, 4.0, 4.0, 1.0, 4.0, 5.0, 4.0, 4.0, 3.0, 1.0, 5.0, 1.0, 1.0, 4.0, 3.0, 6.0, 1.0, 4.0, 1.0, 4.0, 4.0, 4.0, 2.0, 4.0, 1.0], [3.0, 4.0, 4.0, 1.0, 4.0, 1.0, 1.0, 1.0, 4.0, 1.0, 1.0, 1.0, 1.0, 4.0, 4.0, 4.0, 5.0, 4.0, 3.0, 1.0, 4.0, 3.0, 4.0, 1.0, 1.0, 1.0, 4.0, 1.0, 1.0, 4.0, 4.0, 4.0, 4.0, 5.0, 1.0, 4.0, 4.0, 5.0, 1.0, 1.0, 1.0], [1.0, 4.0, 4.0, 1.0, 4.0, 3.0, 1.0, 1.0, 4.0, 1.0, 4.0, 1.0, 1.0, 4.0, 4.0, 4.0, 4.0, 1.0, 4.0, 4.0, 4.0, 5.0, 3.0, 1.0, 3.0, 1.0, 5.0, 1.0, 1.0, 4.0, 3.0, 6.0, 4.0, 4.0, 1.0, 4.0, 3.0, 5.0, 4.0, 4.0, 4.0], [1.0, 4.0, 4.0, 1.0, 4.0, 1.0, 3.0, 1.0, 4.0, 3.0, 1.0, 1.0, 1.0, 4.0, 4.0, 4.0, 3.0, 4.0, 4.0, 4.0, 4.0, 4.0, 4.0, 4.0, 3.0, 1.0, 5.0, 1.0, 1.0, 5.0, 4.0, 4.0, 4.0, 4.0, 1.0, 1.0, 4.0, 5.0, 3.0, 1.0, 1.0], [3.0, 4.0, 4.0, 1.0, 4.0, 4.0, 4.0, 1.0, 4.0, 1.0, 1.0, 1.0, 1.0, 5.0, 4.0, 4.0, 4.0, 3.0, 4.0, 1.0, 4.0, 4.0, 4.0, 4.0, 3.0, 1.0, 5.0, 1.0, 1.0, 5.0, 4.0, 6.0, 1.0, 4.0, 1.0, 4.0, 3.0, 5.0, 1.0, 4.0, 4.0], [1.0, 4.0, 4.0, 1.0, 4.0, 4.0, 4.0, 1.0, 2.0, 1.0, 1.0, 1.0, 1.0, 4.0, 4.0, 4.0, 4.0, 4.0, 4.0, 4.0, 4.0, 5.0, 4.0, 1.0, 3.0, 1.0, 4.0, 1.0, 1.0, 4.0, 4.0, 6.0, 3.0, 4.0, 4.0, 4.0, 3.0, 4.0, 1.0, 1.0, 1.0], [1.0, 4.0, 4.0, 1.0, 3.0, 1.0, 1.0, 1.0, 4.0, 3.0, 1.0, 1.0, 1.0, 4.0, 4.0, 4.0, 3.0, 4.0, 4.0, 4.0, 1.0, 4.0, 4.0, 4.0, 3.0, 1.0, 4.0, 1.0, 3.0, 5.0, 3.0, 4.0, 4.0, 4.0, 4.0, 4.0, 3.0, 5.0, 1.0, 1.0, 1.0], [1.0, 4.0, 4.0, 1.0, 4.0, 1.0, 1.0, 1.0, 1.0, 1.0, 3.0, 1.0, 1.0, 4.0, 4.0, 4.0, 4.0, 1.0, 4.0, 1.0, 4.0, 4.0, 4.0, 4.0, 3.0, 1.0, 5.0, 1.0, 1.0, 4.0, 3.0, 6.0, 4.0, 4.0, 1.0, 1.0, 4.0, 4.0, 1.0, 1.0, 1.0], [1.0, 3.0, 4.0, 1.0, 4.0, 1.0, 1.0, 1.0, 4.0, 1.0, 3.0, 1.0, 1.0, 4.0, 4.0, 4.0, 3.0, 4.0, 4.0, 4.0, 1.0, 4.0, 4.0, 4.0, 1.0, 1.0, 4.0, 1.0, 1.0, 4.0, 3.0, 4.0, 4.0, 5.0, 4.0, 1.0, 4.0, 5.0, 2.0, 1.0, 1.0], [1.0, 4.0, 4.0, 1.0, 4.0, 4.0, 1.0, 1.0, 4.0, 1.0, 1.0, 1.0, 1.0, 4.0, 4.0, 5.0, 3.0, 5.0, 4.0, 4.0, 1.0, 5.0, 4.0, 4.0, 3.0, 1.0, 4.0, 1.0, 1.0, 5.0, 3.0, 4.0, 4.0, 4.0, 1.0, 4.0, 3.0, 4.0, 1.0, 1.0, 1.0], [1.0, 4.0, 4.0, 1.0, 4.0, 4.0, 1.0, 1.0, 4.0, 3.0, 3.0, 1.0, 1.0, 4.0, 4.0, 4.0, 3.0, 4.0, 4.0, 1.0, 4.0, 4.0, 4.0, 1.0, 3.0, 1.0, 5.0, 1.0, 1.0, 5.0, 4.0, 6.0, 4.0, 4.0, 1.0, 1.0, 1.0, 5.0, 1.0, 2.0, 1.0], [3.0, 4.0, 4.0, 1.0, 4.0, 1.0, 1.0, 1.0, 4.0, 3.0, 1.0, 1.0, 1.0, 5.0, 4.0, 4.0, 4.0, 4.0, 4.0, 4.0, 4.0, 5.0, 4.0, 4.0, 3.0, 1.0, 5.0, 1.0, 1.0, 4.0, 4.0, 6.0, 3.0, 4.0, 4.0, 1.0, 3.0, 5.0, 4.0, 4.0, 1.0], [3.0, 4.0, 4.0, 1.0, 4.0, 4.0, 1.0, 1.0, 4.0, 1.0, 1.0, 1.0, 1.0, 4.0, 4.0, 4.0, 4.0, 4.0, 4.0, 4.0, 1.0, 5.0, 3.0, 4.0, 3.0, 1.0, 5.0, 1.0, 1.0, 5.0, 3.0, 6.0, 3.0, 4.0, 1.0, 4.0, 4.0, 5.0, 1.0, 4.0, 1.0], [1.0, 4.0, 4.0, 1.0, 4.0, 4.0, 1.0, 1.0, 4.0, 1.0, 1.0, 1.0, 1.0, 4.0, 4.0, 5.0, 4.0, 1.0, 4.0, 4.0, 4.0, 5.0, 4.0, 1.0, 1.0, 1.0, 5.0, 1.0, 1.0, 4.0, 4.0, 5.0, 4.0, 4.0, 1.0, 1.0, 3.0, 5.0, 1.0, 4.0, 1.0], [3.0, 4.0, 4.0, 1.0, 4.0, 4.0, 1.0, 1.0, 1.0, 1.0, 1.0, 1.0, 1.0, 4.0, 4.0, 4.0, 4.0, 1.0, 4.0, 1.0, 4.0, 4.0, 4.0, 1.0, 3.0, 1.0, 5.0, 1.0, 1.0, 4.0, 3.0, 6.0, 4.0, 5.0, 1.0, 1.0, 4.0, 5.0, 1.0, 1.0, 1.0], [4.0, 4.0, 4.0, 1.0, 4.0, 3.0, 1.0, 1.0, 4.0, 1.0, 4.0, 1.0, 1.0, 4.0, 4.0, 4.0, 4.0, 3.0, 4.0, 4.0, 4.0, 5.0, 4.0, 4.0, 3.0, 1.0, 3.0, 1.0, 3.0, 5.0, 4.0, 5.0, 4.0, 4.0, 1.0, 4.0, 3.0, 5.0, 1.0, 1.0, 1.0], [1.0, 3.0, 4.0, 1.0, 4.0, 1.0, 1.0, 1.0, 4.0, 3.0, 1.0, 1.0, 1.0, 4.0, 4.0, 4.0, 6.0, 4.0, 4.0, 4.0, 4.0, 4.0, 4.0, 1.0, 3.0, 1.0, 5.0, 1.0, 1.0, 5.0, 4.0, 4.0, 4.0, 4.0, 1.0, 1.0, 3.0, 5.0, 1.0, 1.0, 4.0], [1.0, 4.0, 4.0, 1.0, 6.0, 1.0, 4.0, 1.0, 4.0, 1.0, 1.0, 1.0, 1.0, 4.0, 4.0, 5.0, 3.0, 1.0, 4.0, 4.0, 4.0, 5.0, 4.0, 2.0, 3.0, 1.0, 5.0, 1.0, 1.0, 4.0, 4.0, 4.0, 4.0, 5.0, 1.0, 4.0, 4.0, 5.0, 1.0, 1.0, 3.0], [3.0, 3.0, 4.0, 1.0, 4.0, 4.0, 1.0, 1.0, 4.0, 3.0, 1.0, 1.0, 1.0, 4.0, 4.0, 4.0, 4.0, 1.0, 4.0, 4.0, 3.0, 4.0, 4.0, 1.0, 3.0, 1.0, 5.0, 1.0, 1.0, 5.0, 4.0, 4.0, 4.0, 5.0, 4.0, 1.0, 4.0, 5.0, 1.0, 2.0, 1.0], [3.0, 4.0, 4.0, 1.0, 4.0, 4.0, 1.0, 1.0, 2.0, 3.0, 1.0, 1.0, 1.0, 4.0, 4.0, 4.0, 4.0, 4.0, 3.0, 4.0, 1.0, 4.0, 4.0, 1.0, 3.0, 1.0, 4.0, 1.0, 1.0, 4.0, 4.0, 4.0, 4.0, 5.0, 4.0, 1.0, 4.0, 4.0, 1.0, 4.0, 3.0], [3.0, 4.0, 4.0, 1.0, 4.0, 4.0, 1.0, 1.0, 4.0, 1.0, 1.0, 1.0, 1.0, 5.0, 4.0, 4.0, 3.0, 5.0, 4.0, 4.0, 4.0, 4.0, 4.0, 1.0, 3.0, 1.0, 4.0, 1.0, 1.0, 4.0, 4.0, 5.0, 4.0, 4.0, 1.0, 4.0, 4.0, 4.0, 1.0, 1.0, 1.0], [1.0, 4.0, 4.0, 1.0, 4.0, 1.0, 1.0, 1.0, 2.0, 1.0, 1.0, 1.0, 1.0, 4.0, 4.0, 4.0, 4.0, 1.0, 4.0, 1.0, 4.0, 5.0, 4.0, 4.0, 3.0, 1.0, 4.0, 1.0, 1.0, 5.0, 4.0, 5.0, 4.0, 4.0, 1.0, 4.0, 4.0, 4.0, 1.0, 1.0, 1.0], [1.0, 4.0, 4.0, 1.0, 4.0, 4.0, 1.0, 1.0, 4.0, 1.0, 1.0, 1.0, 1.0, 4.0, 4.0, 4.0, 4.0, 3.0, 4.0, 4.0, 4.0, 4.0, 4.0, 1.0, 3.0, 1.0, 5.0, 1.0, 3.0, 4.0, 4.0, 4.0, 4.0, 4.0, 1.0, 4.0, 4.0, 4.0, 4.0, 4.0, 1.0], [1.0, 3.0, 4.0, 1.0, 4.0, 3.0, 1.0, 1.0, 4.0, 3.0, 1.0, 1.0, 1.0, 4.0, 4.0, 5.0, 3.0, 2.0, 1.0, 4.0, 4.0, 4.0, 4.0, 4.0, 1.0, 1.0, 4.0, 1.0, 1.0, 4.0, 4.0, 3.0, 4.0, 5.0, 1.0, 4.0, 5.0, 5.0, 1.0, 4.0, 4.0], [1.0, 4.0, 4.0, 1.0, 4.0, 3.0, 1.0, 1.0, 4.0, 3.0, 1.0, 1.0, 1.0, 4.0, 4.0, 4.0, 4.0, 4.0, 1.0, 4.0, 4.0, 4.0, 4.0, 4.0, 3.0, 1.0, 4.0, 1.0, 3.0, 4.0, 4.0, 5.0, 4.0, 4.0, 1.0, 1.0, 4.0, 4.0, 3.0, 2.0, 1.0], [3.0, 4.0, 4.0, 1.0, 4.0, 1.0, 1.0, 1.0, 4.0, 1.0, 3.0, 1.0, 1.0, 5.0, 4.0, 5.0, 4.0, 1.0, 4.0, 4.0, 1.0, 4.0, 4.0, 4.0, 3.0, 1.0, 4.0, 1.0, 1.0, 4.0, 4.0, 6.0, 4.0, 4.0, 1.0, 4.0, 4.0, 4.0, 1.0, 1.0, 3.0], [4.0, 4.0, 4.0, 1.0, 4.0, 1.0, 3.0, 1.0, 2.0, 1.0, 1.0, 1.0, 1.0, 5.0, 4.0, 4.0, 4.0, 4.0, 3.0, 4.0, 1.0, 4.0, 4.0, 2.0, 3.0, 1.0, 4.0, 1.0, 1.0, 5.0, 4.0, 4.0, 4.0, 5.0, 1.0, 1.0, 4.0, 4.0, 4.0, 2.0, 1.0], [1.0, 4.0, 4.0, 1.0, 5.0, 1.0, 1.0, 1.0, 4.0, 3.0, 1.0, 1.0, 1.0, 5.0, 4.0, 5.0, 5.0, 4.0, 3.0, 4.0, 4.0, 5.0, 4.0, 4.0, 3.0, 1.0, 4.0, 1.0, 1.0, 4.0, 4.0, 5.0, 4.0, 4.0, 1.0, 1.0, 4.0, 5.0, 1.0, 1.0, 4.0], [3.0, 4.0, 4.0, 1.0, 4.0, 4.0, 4.0, 1.0, 4.0, 3.0, 1.0, 1.0, 1.0, 4.0, 4.0, 5.0, 4.0, 4.0, 4.0, 4.0, 4.0, 5.0, 4.0, 4.0, 3.0, 1.0, 5.0, 1.0, 3.0, 5.0, 4.0, 4.0, 4.0, 5.0, 1.0, 1.0, 3.0, 5.0, 1.0, 2.0, 1.0], [1.0, 4.0, 4.0, 1.0, 4.0, 3.0, 1.0, 1.0, 4.0, 2.0, 3.0, 1.0, 1.0, 4.0, 4.0, 4.0, 3.0, 4.0, 4.0, 4.0, 4.0, 4.0, 4.0, 1.0, 3.0, 1.0, 4.0, 1.0, 1.0, 5.0, 4.0, 4.0, 4.0, 4.0, 1.0, 1.0, 4.0, 5.0, 1.0, 1.0, 1.0], [3.0, 4.0, 4.0, 1.0, 4.0, 4.0, 1.0, 1.0, 4.0, 1.0, 1.0, 1.0, 1.0, 5.0, 4.0, 4.0, 3.0, 4.0, 4.0, 4.0, 1.0, 4.0, 4.0, 4.0, 3.0, 1.0, 4.0, 1.0, 1.0, 4.0, 4.0, 6.0, 4.0, 5.0, 1.0, 4.0, 4.0, 4.0, 1.0, 1.0, 4.0], [1.0, 4.0, 4.0, 1.0, 4.0, 4.0, 1.0, 1.0, 4.0, 3.0, 1.0, 1.0, 1.0, 4.0, 4.0, 4.0, 3.0, 4.0, 4.0, 1.0, 4.0, 4.0, 4.0, 1.0, 3.0, 1.0, 4.0, 1.0, 1.0, 4.0, 4.0, 4.0, 4.0, 4.0, 1.0, 1.0, 3.0, 5.0, 1.0, 1.0, 1.0], [1.0, 4.0, 4.0, 1.0, 4.0, 4.0, 1.0, 1.0, 4.0, 1.0, 3.0, 1.0, 1.0, 4.0, 4.0, 4.0, 4.0, 4.0, 3.0, 1.0, 4.0, 4.0, 4.0, 1.0, 3.0, 1.0, 4.0, 1.0, 1.0, 4.0, 4.0, 4.0, 4.0, 5.0, 1.0, 4.0, 3.0, 4.0, 1.0, 1.0, 4.0], [1.0, 4.0, 4.0, 1.0, 4.0, 1.0, 1.0, 1.0, 4.0, 1.0, 1.0, 1.0, 1.0, 5.0, 4.0, 4.0, 5.0, 4.0, 4.0, 4.0, 5.0, 4.0, 5.0, 4.0, 3.0, 1.0, 4.0, 1.0, 1.0, 5.0, 4.0, 5.0, 4.0, 5.0, 4.0, 1.0, 4.0, 5.0, 1.0, 1.0, 1.0], [1.0, 3.0, 4.0, 1.0, 4.0, 4.0, 1.0, 1.0, 4.0, 1.0, 1.0, 1.0, 1.0, 4.0, 4.0, 4.0, 4.0, 4.0, 4.0, 4.0, 1.0, 4.0, 4.0, 1.0, 3.0, 1.0, 5.0, 1.0, 1.0, 4.0, 4.0, 6.0, 4.0, 4.0, 1.0, 1.0, 3.0, 4.0, 1.0, 1.0, 4.0], [3.0, 4.0, 4.0, 1.0, 4.0, 4.0, 1.0, 1.0, 4.0, 1.0, 1.0, 1.0, 1.0, 4.0, 4.0, 4.0, 5.0, 4.0, 4.0, 4.0, 4.0, 5.0, 1.0, 4.0, 3.0, 1.0, 5.0, 1.0, 1.0, 4.0, 4.0, 5.0, 4.0, 4.0, 1.0, 4.0, 3.0, 5.0, 2.0, 2.0, 4.0], [3.0, 4.0, 4.0, 1.0, 4.0, 1.0, 1.0, 1.0, 4.0, 1.0, 1.0, 1.0, 1.0, 4.0, 4.0, 4.0, 4.0, 4.0, 4.0, 4.0, 4.0, 3.0, 4.0, 4.0, 3.0, 1.0, 5.0, 1.0, 1.0, 5.0, 4.0, 4.0, 4.0, 4.0, 1.0, 4.0, 3.0, 5.0, 1.0, 1.0, 1.0], [1.0, 4.0, 4.0, 1.0, 4.0, 4.0, 1.0, 1.0, 4.0, 3.0, 1.0, 1.0, 1.0, 5.0, 4.0, 4.0, 4.0, 4.0, 4.0, 4.0, 3.0, 4.0, 4.0, 4.0, 3.0, 1.0, 4.0, 4.0, 1.0, 4.0, 4.0, 5.0, 1.0, 4.0, 4.0, 1.0, 4.0, 4.0, 1.0, 4.0, 4.0], [3.0, 4.0, 4.0, 1.0, 4.0, 4.0, 1.0, 1.0, 4.0, 3.0, 3.0, 1.0, 1.0, 4.0, 4.0, 4.0, 4.0, 4.0, 4.0, 4.0, 4.0, 4.0, 3.0, 4.0, 3.0, 1.0, 5.0, 1.0, 1.0, 4.0, 4.0, 4.0, 4.0, 5.0, 1.0, 4.0, 4.0, 5.0, 1.0, 1.0, 1.0]]

