first layer check: Conv2d(9, 64, kernel_size=(7, 7), stride=(2, 2), padding=(3, 3), bias=False)

target ys
[0.0, 4.0, 2.0, 2.0, 0.0, 6.0, 4.0, 6.0, 2.0, 3.0, 2.0, 4.0, 3.0, 2.0, 1.0, 5.0, 3.0, 1.0, 2.0, 2.0, 2.0, 3.0, 2.0, 3.0, 2.0, 5.0, 6.0, 1.0, 2.0, 1.0, 3.0, 5.0, 6.0, 1.0, 4.0, 3.0, 1.0, 3.0, 2.0, 2.0, 1.0]

for model 0: mode acc: 0.19512194395065308, run mean acc: 0.24141666293144226, top-2 acc:0.5214166641235352, mode f1: 0.19512194395065308

model 0 mode preds
[1.0, 3.0, 3.0, 2.0, 1.0, 3.0, 5.0, 5.0, 3.0, 3.0, 1.0, 2.0, 2.0, 1.0, 1.0, 4.0, 1.0, 4.0, 3.0, 3.0, 3.0, 1.0, 3.0, 3.0, 1.0, 4.0, 3.0, 1.0, 2.0, 1.0, 2.0, 3.0, 3.0, 2.0, 3.0, 4.0, 2.0, 3.0, 1.0, 3.0, 2.0]

model 0 all preds
[[2.0, 3.0, 4.0, 1.0, 1.0, 3.0, 5.0, 5.0, 3.0, 3.0, 1.0, 2.0, 2.0, 1.0, 1.0, 5.0, 1.0, 4.0, 2.0, 3.0, 3.0, 2.0, 3.0, 2.0, 2.0, 4.0, 5.0, 1.0, 2.0, 1.0, 2.0, 3.0, 3.0, 1.0, 3.0, 4.0, 2.0, 3.0, 3.0, 2.0, 2.0], [2.0, 4.0, 3.0, 3.0, 1.0, 3.0, 4.0, 3.0, 2.0, 3.0, 1.0, 2.0, 3.0, 3.0, 1.0, 5.0, 1.0, 4.0, 3.0, 2.0, 3.0, 1.0, 3.0, 3.0, 2.0, 4.0, 5.0, 1.0, 1.0, 1.0, 2.0, 3.0, 5.0, 2.0, 3.0, 5.0, 2.0, 3.0, 1.0, 3.0, 2.0], [3.0, 3.0, 4.0, 2.0, 1.0, 3.0, 5.0, 4.0, 2.0, 3.0, 1.0, 2.0, 2.0, 3.0, 1.0, 5.0, 1.0, 3.0, 3.0, 3.0, 3.0, 1.0, 3.0, 2.0, 1.0, 4.0, 3.0, 1.0, 2.0, 1.0, 2.0, 4.0, 5.0, 1.0, 3.0, 4.0, 2.0, 4.0, 3.0, 3.0, 2.0], [1.0, 3.0, 3.0, 4.0, 1.0, 3.0, 5.0, 3.0, 3.0, 3.0, 1.0, 4.0, 2.0, 2.0, 1.0, 4.0, 1.0, 4.0, 3.0, 3.0, 3.0, 1.0, 3.0, 3.0, 1.0, 3.0, 3.0, 1.0, 2.0, 1.0, 1.0, 3.0, 5.0, 2.0, 3.0, 4.0, 2.0, 3.0, 1.0, 3.0, 3.0], [1.0, 3.0, 3.0, 2.0, 1.0, 3.0, 5.0, 3.0, 3.0, 3.0, 1.0, 2.0, 2.0, 2.0, 1.0, 4.0, 2.0, 3.0, 2.0, 3.0, 3.0, 3.0, 3.0, 4.0, 2.0, 3.0, 3.0, 1.0, 2.0, 1.0, 2.0, 3.0, 3.0, 2.0, 4.0, 4.0, 2.0, 3.0, 1.0, 2.0, 2.0], [1.0, 3.0, 4.0, 2.0, 1.0, 3.0, 5.0, 4.0, 3.0, 3.0, 1.0, 2.0, 2.0, 2.0, 1.0, 5.0, 2.0, 5.0, 3.0, 2.0, 3.0, 3.0, 3.0, 1.0, 1.0, 4.0, 3.0, 1.0, 3.0, 1.0, 2.0, 3.0, 3.0, 2.0, 3.0, 4.0, 2.0, 3.0, 1.0, 2.0, 2.0], [2.0, 3.0, 4.0, 3.0, 1.0, 5.0, 5.0, 4.0, 3.0, 3.0, 1.0, 2.0, 2.0, 2.0, 1.0, 4.0, 1.0, 3.0, 3.0, 3.0, 3.0, 1.0, 3.0, 3.0, 1.0, 4.0, 3.0, 1.0, 1.0, 1.0, 2.0, 3.0, 5.0, 1.0, 3.0, 4.0, 2.0, 3.0, 1.0, 2.0, 2.0], [1.0, 4.0, 4.0, 3.0, 1.0, 3.0, 5.0, 3.0, 3.0, 3.0, 1.0, 2.0, 4.0, 1.0, 1.0, 4.0, 3.0, 3.0, 3.0, 3.0, 3.0, 3.0, 3.0, 3.0, 1.0, 4.0, 5.0, 1.0, 3.0, 1.0, 2.0, 3.0, 5.0, 2.0, 4.0, 4.0, 2.0, 2.0, 2.0, 3.0, 2.0], [1.0, 3.0, 3.0, 3.0, 1.0, 3.0, 5.0, 3.0, 3.0, 3.0, 1.0, 2.0, 2.0, 1.0, 1.0, 5.0, 2.0, 4.0, 3.0, 3.0, 1.0, 3.0, 3.0, 3.0, 2.0, 4.0, 3.0, 1.0, 2.0, 1.0, 2.0, 3.0, 3.0, 1.0, 4.0, 4.0, 2.0, 3.0, 1.0, 4.0, 2.0], [1.0, 3.0, 3.0, 1.0, 1.0, 3.0, 5.0, 4.0, 3.0, 3.0, 1.0, 2.0, 4.0, 1.0, 1.0, 5.0, 1.0, 4.0, 3.0, 3.0, 3.0, 2.0, 3.0, 3.0, 1.0, 5.0, 3.0, 1.0, 2.0, 1.0, 2.0, 3.0, 5.0, 1.0, 4.0, 4.0, 2.0, 3.0, 2.0, 4.0, 2.0], [1.0, 3.0, 3.0, 2.0, 1.0, 3.0, 5.0, 5.0, 3.0, 3.0, 1.0, 2.0, 2.0, 1.0, 1.0, 4.0, 1.0, 4.0, 3.0, 3.0, 3.0, 3.0, 3.0, 3.0, 1.0, 5.0, 3.0, 1.0, 1.0, 1.0, 2.0, 3.0, 3.0, 2.0, 4.0, 4.0, 2.0, 2.0, 1.0, 2.0, 2.0], [2.0, 3.0, 3.0, 2.0, 1.0, 3.0, 5.0, 5.0, 2.0, 3.0, 1.0, 2.0, 2.0, 2.0, 1.0, 5.0, 2.0, 3.0, 2.0, 3.0, 3.0, 1.0, 3.0, 2.0, 1.0, 4.0, 3.0, 1.0, 2.0, 1.0, 2.0, 3.0, 3.0, 2.0, 3.0, 4.0, 2.0, 2.0, 1.0, 2.0, 2.0], [1.0, 3.0, 3.0, 2.0, 1.0, 5.0, 5.0, 4.0, 3.0, 3.0, 1.0, 2.0, 3.0, 1.0, 1.0, 5.0, 2.0, 4.0, 3.0, 3.0, 3.0, 2.0, 3.0, 2.0, 1.0, 4.0, 3.0, 1.0, 2.0, 1.0, 1.0, 2.0, 3.0, 2.0, 1.0, 4.0, 2.0, 3.0, 1.0, 3.0, 2.0], [1.0, 3.0, 3.0, 3.0, 1.0, 3.0, 5.0, 5.0, 3.0, 3.0, 1.0, 2.0, 4.0, 3.0, 1.0, 4.0, 1.0, 4.0, 2.0, 3.0, 3.0, 1.0, 3.0, 4.0, 1.0, 5.0, 3.0, 1.0, 2.0, 1.0, 2.0, 2.0, 5.0, 2.0, 3.0, 4.0, 2.0, 3.0, 1.0, 3.0, 2.0], [2.0, 3.0, 3.0, 2.0, 1.0, 5.0, 3.0, 5.0, 3.0, 3.0, 1.0, 2.0, 3.0, 3.0, 1.0, 4.0, 1.0, 3.0, 3.0, 3.0, 3.0, 3.0, 3.0, 4.0, 1.0, 3.0, 3.0, 1.0, 2.0, 1.0, 1.0, 3.0, 3.0, 2.0, 3.0, 4.0, 2.0, 3.0, 1.0, 2.0, 2.0], [1.0, 4.0, 4.0, 2.0, 1.0, 3.0, 5.0, 5.0, 3.0, 3.0, 1.0, 2.0, 4.0, 1.0, 1.0, 4.0, 2.0, 4.0, 2.0, 4.0, 3.0, 1.0, 2.0, 2.0, 1.0, 3.0, 3.0, 1.0, 3.0, 1.0, 2.0, 3.0, 3.0, 1.0, 4.0, 4.0, 2.0, 3.0, 1.0, 1.0, 2.0], [1.0, 4.0, 3.0, 3.0, 1.0, 3.0, 5.0, 4.0, 3.0, 3.0, 1.0, 2.0, 4.0, 2.0, 1.0, 4.0, 2.0, 4.0, 2.0, 3.0, 3.0, 1.0, 3.0, 2.0, 1.0, 4.0, 3.0, 1.0, 3.0, 1.0, 2.0, 3.0, 3.0, 1.0, 3.0, 4.0, 2.0, 4.0, 3.0, 1.0, 2.0], [1.0, 3.0, 4.0, 3.0, 1.0, 5.0, 5.0, 5.0, 3.0, 3.0, 1.0, 2.0, 2.0, 1.0, 1.0, 5.0, 2.0, 3.0, 3.0, 3.0, 3.0, 2.0, 3.0, 2.0, 1.0, 3.0, 3.0, 1.0, 3.0, 1.0, 2.0, 3.0, 3.0, 1.0, 3.0, 4.0, 2.0, 4.0, 1.0, 3.0, 2.0], [1.0, 3.0, 3.0, 2.0, 1.0, 5.0, 3.0, 4.0, 2.0, 3.0, 1.0, 4.0, 2.0, 2.0, 1.0, 4.0, 1.0, 3.0, 2.0, 3.0, 3.0, 3.0, 3.0, 2.0, 2.0, 5.0, 3.0, 1.0, 2.0, 1.0, 2.0, 3.0, 5.0, 2.0, 4.0, 4.0, 2.0, 3.0, 1.0, 1.0, 2.0], [1.0, 3.0, 3.0, 2.0, 1.0, 3.0, 5.0, 5.0, 3.0, 3.0, 1.0, 2.0, 2.0, 1.0, 1.0, 5.0, 2.0, 4.0, 2.0, 3.0, 1.0, 2.0, 3.0, 4.0, 1.0, 4.0, 3.0, 1.0, 3.0, 1.0, 2.0, 2.0, 3.0, 2.0, 3.0, 4.0, 2.0, 3.0, 3.0, 4.0, 2.0], [2.0, 3.0, 3.0, 3.0, 1.0, 5.0, 5.0, 3.0, 3.0, 3.0, 1.0, 2.0, 2.0, 1.0, 1.0, 4.0, 1.0, 4.0, 3.0, 5.0, 1.0, 3.0, 2.0, 3.0, 1.0, 4.0, 3.0, 1.0, 2.0, 1.0, 2.0, 1.0, 3.0, 1.0, 4.0, 4.0, 2.0, 4.0, 1.0, 4.0, 2.0], [1.0, 3.0, 3.0, 2.0, 1.0, 3.0, 5.0, 4.0, 1.0, 3.0, 1.0, 2.0, 2.0, 3.0, 1.0, 5.0, 1.0, 4.0, 3.0, 3.0, 3.0, 3.0, 3.0, 3.0, 1.0, 4.0, 3.0, 1.0, 2.0, 1.0, 1.0, 3.0, 5.0, 1.0, 3.0, 4.0, 2.0, 3.0, 1.0, 3.0, 2.0], [1.0, 3.0, 3.0, 3.0, 1.0, 3.0, 5.0, 3.0, 3.0, 3.0, 1.0, 2.0, 2.0, 1.0, 1.0, 5.0, 1.0, 4.0, 3.0, 3.0, 3.0, 3.0, 3.0, 4.0, 1.0, 4.0, 3.0, 1.0, 3.0, 1.0, 2.0, 2.0, 3.0, 2.0, 3.0, 4.0, 2.0, 3.0, 1.0, 2.0, 2.0], [1.0, 3.0, 4.0, 2.0, 1.0, 3.0, 3.0, 3.0, 3.0, 1.0, 1.0, 2.0, 2.0, 2.0, 1.0, 4.0, 1.0, 4.0, 2.0, 3.0, 3.0, 1.0, 3.0, 3.0, 1.0, 4.0, 3.0, 1.0, 2.0, 1.0, 2.0, 3.0, 3.0, 2.0, 3.0, 4.0, 2.0, 3.0, 1.0, 2.0, 2.0], [1.0, 3.0, 4.0, 3.0, 1.0, 3.0, 5.0, 5.0, 3.0, 1.0, 1.0, 2.0, 2.0, 1.0, 1.0, 5.0, 1.0, 4.0, 2.0, 3.0, 3.0, 2.0, 3.0, 1.0, 1.0, 4.0, 5.0, 1.0, 1.0, 1.0, 2.0, 4.0, 3.0, 2.0, 3.0, 5.0, 2.0, 3.0, 1.0, 2.0, 2.0], [1.0, 3.0, 3.0, 2.0, 1.0, 3.0, 5.0, 5.0, 2.0, 3.0, 1.0, 2.0, 3.0, 2.0, 1.0, 5.0, 1.0, 4.0, 3.0, 3.0, 3.0, 1.0, 3.0, 2.0, 1.0, 4.0, 3.0, 1.0, 1.0, 1.0, 1.0, 3.0, 5.0, 2.0, 4.0, 4.0, 2.0, 2.0, 1.0, 4.0, 2.0], [1.0, 3.0, 3.0, 3.0, 1.0, 5.0, 5.0, 3.0, 3.0, 2.0, 1.0, 2.0, 4.0, 1.0, 1.0, 5.0, 2.0, 4.0, 3.0, 3.0, 3.0, 3.0, 3.0, 2.0, 1.0, 3.0, 3.0, 1.0, 2.0, 1.0, 2.0, 3.0, 3.0, 2.0, 3.0, 4.0, 2.0, 3.0, 1.0, 2.0, 2.0], [1.0, 3.0, 3.0, 3.0, 1.0, 3.0, 5.0, 5.0, 3.0, 3.0, 1.0, 2.0, 2.0, 2.0, 1.0, 5.0, 1.0, 4.0, 2.0, 3.0, 3.0, 2.0, 3.0, 3.0, 1.0, 3.0, 5.0, 1.0, 1.0, 1.0, 2.0, 3.0, 3.0, 2.0, 3.0, 4.0, 2.0, 3.0, 1.0, 2.0, 2.0], [2.0, 3.0, 3.0, 3.0, 1.0, 5.0, 5.0, 5.0, 3.0, 3.0, 1.0, 2.0, 4.0, 2.0, 1.0, 4.0, 1.0, 3.0, 2.0, 3.0, 3.0, 3.0, 3.0, 3.0, 1.0, 4.0, 5.0, 1.0, 3.0, 1.0, 1.0, 3.0, 3.0, 1.0, 1.0, 4.0, 2.0, 3.0, 1.0, 3.0, 2.0], [1.0, 3.0, 3.0, 2.0, 1.0, 3.0, 5.0, 5.0, 3.0, 3.0, 1.0, 2.0, 2.0, 1.0, 1.0, 5.0, 2.0, 4.0, 2.0, 3.0, 3.0, 2.0, 3.0, 3.0, 2.0, 4.0, 3.0, 1.0, 3.0, 1.0, 1.0, 2.0, 3.0, 2.0, 4.0, 4.0, 2.0, 3.0, 1.0, 3.0, 2.0], [1.0, 3.0, 3.0, 4.0, 1.0, 3.0, 5.0, 5.0, 4.0, 1.0, 1.0, 2.0, 2.0, 1.0, 1.0, 5.0, 1.0, 4.0, 2.0, 3.0, 3.0, 3.0, 3.0, 4.0, 1.0, 5.0, 5.0, 1.0, 2.0, 1.0, 2.0, 3.0, 5.0, 2.0, 3.0, 4.0, 2.0, 3.0, 1.0, 3.0, 2.0], [1.0, 3.0, 3.0, 3.0, 1.0, 3.0, 5.0, 5.0, 2.0, 3.0, 1.0, 2.0, 2.0, 2.0, 1.0, 4.0, 2.0, 3.0, 2.0, 3.0, 1.0, 3.0, 3.0, 3.0, 2.0, 4.0, 5.0, 1.0, 2.0, 1.0, 2.0, 3.0, 3.0, 1.0, 4.0, 4.0, 2.0, 3.0, 1.0, 2.0, 2.0], [2.0, 3.0, 4.0, 1.0, 1.0, 3.0, 5.0, 3.0, 2.0, 3.0, 1.0, 2.0, 2.0, 2.0, 1.0, 4.0, 2.0, 4.0, 2.0, 3.0, 1.0, 1.0, 3.0, 3.0, 2.0, 3.0, 3.0, 1.0, 3.0, 1.0, 2.0, 3.0, 3.0, 2.0, 3.0, 4.0, 2.0, 3.0, 2.0, 2.0, 2.0], [1.0, 3.0, 4.0, 2.0, 1.0, 3.0, 5.0, 5.0, 2.0, 3.0, 1.0, 2.0, 4.0, 2.0, 1.0, 5.0, 2.0, 5.0, 2.0, 4.0, 3.0, 2.0, 3.0, 2.0, 1.0, 3.0, 3.0, 1.0, 2.0, 1.0, 2.0, 3.0, 5.0, 1.0, 1.0, 4.0, 2.0, 3.0, 1.0, 3.0, 2.0], [1.0, 4.0, 3.0, 1.0, 1.0, 3.0, 5.0, 5.0, 3.0, 3.0, 1.0, 2.0, 4.0, 1.0, 1.0, 4.0, 1.0, 3.0, 2.0, 3.0, 3.0, 2.0, 3.0, 3.0, 1.0, 4.0, 3.0, 1.0, 2.0, 1.0, 2.0, 2.0, 3.0, 2.0, 3.0, 4.0, 2.0, 3.0, 1.0, 3.0, 3.0], [2.0, 3.0, 3.0, 2.0, 1.0, 3.0, 5.0, 4.0, 3.0, 3.0, 1.0, 2.0, 2.0, 1.0, 1.0, 5.0, 1.0, 3.0, 2.0, 3.0, 3.0, 2.0, 3.0, 3.0, 1.0, 4.0, 5.0, 1.0, 2.0, 1.0, 2.0, 2.0, 3.0, 2.0, 4.0, 4.0, 2.0, 3.0, 1.0, 3.0, 2.0], [2.0, 3.0, 3.0, 3.0, 1.0, 3.0, 5.0, 5.0, 1.0, 3.0, 1.0, 2.0, 4.0, 3.0, 1.0, 4.0, 1.0, 4.0, 2.0, 3.0, 3.0, 3.0, 3.0, 3.0, 2.0, 4.0, 5.0, 1.0, 2.0, 1.0, 2.0, 3.0, 2.0, 2.0, 4.0, 4.0, 2.0, 4.0, 1.0, 2.0, 2.0], [2.0, 3.0, 4.0, 1.0, 1.0, 3.0, 5.0, 4.0, 2.0, 3.0, 1.0, 4.0, 2.0, 2.0, 1.0, 4.0, 2.0, 4.0, 2.0, 3.0, 3.0, 1.0, 3.0, 3.0, 1.0, 4.0, 3.0, 1.0, 2.0, 1.0, 2.0, 3.0, 3.0, 2.0, 4.0, 4.0, 2.0, 3.0, 1.0, 4.0, 2.0], [2.0, 2.0, 3.0, 2.0, 1.0, 3.0, 3.0, 3.0, 3.0, 3.0, 1.0, 4.0, 3.0, 2.0, 1.0, 4.0, 3.0, 4.0, 3.0, 3.0, 1.0, 1.0, 3.0, 3.0, 1.0, 4.0, 3.0, 1.0, 2.0, 1.0, 2.0, 3.0, 5.0, 1.0, 3.0, 4.0, 2.0, 2.0, 3.0, 2.0, 2.0], [3.0, 3.0, 4.0, 2.0, 1.0, 3.0, 3.0, 5.0, 3.0, 3.0, 1.0, 2.0, 4.0, 3.0, 1.0, 5.0, 1.0, 4.0, 3.0, 3.0, 3.0, 3.0, 3.0, 3.0, 1.0, 4.0, 3.0, 1.0, 2.0, 1.0, 2.0, 3.0, 4.0, 2.0, 2.0, 4.0, 2.0, 3.0, 1.0, 3.0, 2.0], [2.0, 3.0, 3.0, 3.0, 1.0, 3.0, 5.0, 5.0, 3.0, 3.0, 1.0, 2.0, 4.0, 3.0, 1.0, 4.0, 1.0, 3.0, 3.0, 3.0, 3.0, 1.0, 3.0, 3.0, 1.0, 4.0, 5.0, 1.0, 2.0, 1.0, 2.0, 3.0, 3.0, 1.0, 3.0, 4.0, 2.0, 2.0, 1.0, 3.0, 2.0], [1.0, 4.0, 3.0, 2.0, 1.0, 3.0, 5.0, 3.0, 3.0, 1.0, 1.0, 2.0, 2.0, 2.0, 1.0, 4.0, 2.0, 4.0, 3.0, 3.0, 3.0, 2.0, 3.0, 4.0, 1.0, 4.0, 3.0, 1.0, 1.0, 1.0, 2.0, 3.0, 4.0, 2.0, 3.0, 4.0, 2.0, 3.0, 1.0, 4.0, 2.0], [0.0, 3.0, 3.0, 3.0, 1.0, 3.0, 5.0, 5.0, 3.0, 3.0, 1.0, 2.0, 4.0, 2.0, 1.0, 5.0, 2.0, 3.0, 2.0, 3.0, 3.0, 1.0, 3.0, 3.0, 2.0, 4.0, 3.0, 1.0, 1.0, 1.0, 2.0, 3.0, 3.0, 1.0, 4.0, 4.0, 2.0, 3.0, 1.0, 4.0, 2.0], [1.0, 3.0, 3.0, 3.0, 1.0, 3.0, 5.0, 4.0, 3.0, 2.0, 1.0, 2.0, 2.0, 1.0, 1.0, 5.0, 2.0, 3.0, 3.0, 3.0, 3.0, 1.0, 3.0, 3.0, 2.0, 4.0, 3.0, 1.0, 2.0, 1.0, 2.0, 3.0, 3.0, 2.0, 1.0, 4.0, 2.0, 3.0, 1.0, 3.0, 2.0], [1.0, 3.0, 3.0, 3.0, 1.0, 3.0, 5.0, 5.0, 3.0, 3.0, 1.0, 2.0, 4.0, 2.0, 1.0, 4.0, 1.0, 3.0, 3.0, 3.0, 3.0, 1.0, 3.0, 2.0, 1.0, 4.0, 3.0, 1.0, 3.0, 1.0, 1.0, 2.0, 5.0, 1.0, 3.0, 4.0, 2.0, 3.0, 1.0, 4.0, 2.0], [1.0, 3.0, 3.0, 2.0, 1.0, 3.0, 5.0, 5.0, 3.0, 3.0, 1.0, 2.0, 4.0, 1.0, 1.0, 4.0, 1.0, 4.0, 2.0, 3.0, 3.0, 3.0, 3.0, 3.0, 1.0, 3.0, 3.0, 1.0, 3.0, 1.0, 2.0, 3.0, 3.0, 2.0, 1.0, 4.0, 2.0, 3.0, 3.0, 3.0, 2.0], [1.0, 3.0, 4.0, 2.0, 1.0, 3.0, 5.0, 4.0, 4.0, 3.0, 1.0, 2.0, 2.0, 1.0, 1.0, 4.0, 1.0, 4.0, 3.0, 3.0, 3.0, 3.0, 3.0, 4.0, 2.0, 3.0, 3.0, 1.0, 2.0, 1.0, 2.0, 4.0, 3.0, 1.0, 3.0, 4.0, 2.0, 3.0, 1.0, 4.0, 2.0], [1.0, 3.0, 3.0, 3.0, 1.0, 5.0, 5.0, 4.0, 3.0, 3.0, 1.0, 2.0, 3.0, 1.0, 1.0, 4.0, 2.0, 4.0, 3.0, 3.0, 3.0, 2.0, 3.0, 4.0, 2.0, 4.0, 3.0, 1.0, 2.0, 1.0, 2.0, 3.0, 3.0, 2.0, 4.0, 4.0, 2.0, 3.0, 1.0, 1.0, 2.0], [1.0, 3.0, 3.0, 3.0, 1.0, 3.0, 5.0, 4.0, 4.0, 3.0, 1.0, 2.0, 4.0, 2.0, 1.0, 4.0, 1.0, 4.0, 2.0, 3.0, 3.0, 1.0, 3.0, 2.0, 1.0, 5.0, 3.0, 1.0, 2.0, 1.0, 2.0, 3.0, 3.0, 1.0, 3.0, 4.0, 2.0, 2.0, 1.0, 3.0, 2.0], [1.0, 3.0, 3.0, 2.0, 1.0, 3.0, 5.0, 4.0, 3.0, 1.0, 1.0, 2.0, 4.0, 2.0, 1.0, 5.0, 1.0, 4.0, 3.0, 3.0, 3.0, 2.0, 3.0, 2.0, 1.0, 4.0, 3.0, 1.0, 2.0, 1.0, 1.0, 3.0, 3.0, 1.0, 1.0, 4.0, 2.0, 2.0, 3.0, 3.0, 2.0]]

first layer check: Conv2d(9, 64, kernel_size=(7, 7), stride=(2, 2), padding=(3, 3), bias=False)

for model 1: mode acc: 0.39024388790130615, run mean acc: 0.3579166531562805, top-2 acc:0.5563333034515381, mode f1: 0.39024388790130615

model 1 mode preds
[0.0, 4.0, 4.0, 2.0, 0.0, 4.0, 6.0, 6.0, 2.0, 4.0, 1.0, 4.0, 4.0, 1.0, 2.0, 4.0, 2.0, 4.0, 2.0, 2.0, 1.0, 2.0, 2.0, 4.0, 2.0, 4.0, 4.0, 1.0, 3.0, 1.0, 2.0, 4.0, 4.0, 0.0, 4.0, 4.0, 2.0, 4.0, 2.0, 2.0, 2.0]

model 1 all preds
[[0.0, 6.0, 4.0, 2.0, 0.0, 6.0, 6.0, 6.0, 2.0, 2.0, 1.0, 4.0, 4.0, 1.0, 2.0, 4.0, 2.0, 4.0, 2.0, 4.0, 1.0, 2.0, 2.0, 4.0, 2.0, 6.0, 6.0, 1.0, 3.0, 1.0, 1.0, 4.0, 3.0, 2.0, 4.0, 4.0, 2.0, 4.0, 2.0, 2.0, 2.0], [0.0, 4.0, 4.0, 4.0, 0.0, 4.0, 6.0, 6.0, 2.0, 4.0, 1.0, 4.0, 4.0, 1.0, 2.0, 4.0, 2.0, 4.0, 2.0, 2.0, 1.0, 2.0, 3.0, 4.0, 2.0, 4.0, 4.0, 1.0, 3.0, 1.0, 2.0, 4.0, 5.0, 2.0, 4.0, 4.0, 4.0, 2.0, 2.0, 2.0, 2.0], [0.0, 6.0, 4.0, 2.0, 0.0, 4.0, 6.0, 4.0, 2.0, 4.0, 1.0, 2.0, 4.0, 1.0, 2.0, 4.0, 2.0, 2.0, 2.0, 4.0, 1.0, 2.0, 2.0, 4.0, 2.0, 4.0, 4.0, 1.0, 3.0, 1.0, 1.0, 5.0, 4.0, 1.0, 4.0, 4.0, 4.0, 4.0, 1.0, 4.0, 2.0], [0.0, 4.0, 4.0, 4.0, 0.0, 6.0, 6.0, 6.0, 2.0, 3.0, 1.0, 4.0, 4.0, 1.0, 2.0, 4.0, 2.0, 4.0, 2.0, 2.0, 1.0, 2.0, 2.0, 4.0, 2.0, 4.0, 4.0, 1.0, 3.0, 1.0, 2.0, 4.0, 4.0, 2.0, 4.0, 4.0, 2.0, 4.0, 2.0, 2.0, 2.0], [0.0, 6.0, 4.0, 2.0, 0.0, 4.0, 6.0, 6.0, 2.0, 3.0, 1.0, 4.0, 4.0, 1.0, 2.0, 4.0, 1.0, 4.0, 2.0, 4.0, 1.0, 2.0, 2.0, 4.0, 2.0, 4.0, 4.0, 1.0, 3.0, 1.0, 2.0, 4.0, 4.0, 2.0, 4.0, 4.0, 4.0, 3.0, 2.0, 2.0, 2.0], [0.0, 4.0, 4.0, 2.0, 0.0, 4.0, 6.0, 4.0, 2.0, 3.0, 1.0, 2.0, 4.0, 2.0, 2.0, 6.0, 2.0, 4.0, 2.0, 2.0, 1.0, 2.0, 3.0, 4.0, 2.0, 4.0, 4.0, 1.0, 3.0, 1.0, 1.0, 5.0, 4.0, 2.0, 4.0, 4.0, 2.0, 5.0, 2.0, 5.0, 2.0], [0.0, 4.0, 4.0, 0.0, 0.0, 6.0, 6.0, 4.0, 2.0, 4.0, 1.0, 4.0, 2.0, 1.0, 1.0, 4.0, 2.0, 4.0, 2.0, 4.0, 1.0, 2.0, 3.0, 4.0, 2.0, 5.0, 4.0, 1.0, 3.0, 1.0, 2.0, 4.0, 3.0, 0.0, 4.0, 4.0, 3.0, 4.0, 2.0, 5.0, 2.0], [0.0, 4.0, 4.0, 2.0, 0.0, 6.0, 4.0, 6.0, 2.0, 4.0, 1.0, 4.0, 4.0, 1.0, 2.0, 4.0, 2.0, 4.0, 2.0, 2.0, 1.0, 4.0, 1.0, 4.0, 1.0, 4.0, 4.0, 1.0, 3.0, 1.0, 1.0, 4.0, 4.0, 1.0, 4.0, 4.0, 2.0, 3.0, 2.0, 5.0, 2.0], [0.0, 6.0, 4.0, 0.0, 0.0, 4.0, 6.0, 6.0, 2.0, 2.0, 1.0, 4.0, 4.0, 4.0, 1.0, 4.0, 1.0, 4.0, 2.0, 4.0, 1.0, 2.0, 1.0, 4.0, 2.0, 6.0, 4.0, 1.0, 3.0, 1.0, 2.0, 4.0, 4.0, 0.0, 6.0, 4.0, 3.0, 4.0, 1.0, 2.0, 2.0], [0.0, 4.0, 4.0, 4.0, 0.0, 4.0, 6.0, 6.0, 2.0, 4.0, 1.0, 4.0, 4.0, 0.0, 2.0, 4.0, 2.0, 4.0, 2.0, 2.0, 1.0, 2.0, 4.0, 4.0, 2.0, 4.0, 4.0, 1.0, 3.0, 1.0, 2.0, 4.0, 5.0, 0.0, 4.0, 4.0, 3.0, 4.0, 1.0, 2.0, 2.0], [0.0, 6.0, 4.0, 2.0, 0.0, 4.0, 6.0, 6.0, 2.0, 2.0, 1.0, 4.0, 2.0, 2.0, 2.0, 4.0, 2.0, 4.0, 2.0, 3.0, 3.0, 2.0, 5.0, 4.0, 2.0, 6.0, 4.0, 1.0, 3.0, 1.0, 1.0, 4.0, 4.0, 2.0, 4.0, 4.0, 2.0, 3.0, 1.0, 2.0, 2.0], [0.0, 4.0, 4.0, 2.0, 0.0, 6.0, 6.0, 4.0, 2.0, 6.0, 1.0, 4.0, 4.0, 0.0, 1.0, 4.0, 2.0, 4.0, 2.0, 3.0, 1.0, 2.0, 2.0, 4.0, 1.0, 6.0, 4.0, 1.0, 3.0, 1.0, 1.0, 4.0, 4.0, 0.0, 4.0, 4.0, 2.0, 4.0, 2.0, 5.0, 2.0], [0.0, 4.0, 4.0, 2.0, 0.0, 4.0, 6.0, 6.0, 2.0, 3.0, 0.0, 4.0, 4.0, 2.0, 2.0, 4.0, 1.0, 4.0, 2.0, 3.0, 1.0, 2.0, 1.0, 4.0, 2.0, 4.0, 4.0, 1.0, 3.0, 1.0, 1.0, 4.0, 4.0, 0.0, 4.0, 4.0, 2.0, 4.0, 2.0, 2.0, 2.0], [0.0, 4.0, 4.0, 2.0, 0.0, 4.0, 6.0, 6.0, 2.0, 2.0, 1.0, 4.0, 2.0, 1.0, 2.0, 4.0, 2.0, 4.0, 2.0, 2.0, 1.0, 2.0, 2.0, 4.0, 1.0, 4.0, 4.0, 1.0, 3.0, 1.0, 1.0, 4.0, 3.0, 2.0, 4.0, 4.0, 1.0, 5.0, 2.0, 2.0, 2.0], [0.0, 4.0, 4.0, 4.0, 0.0, 4.0, 6.0, 6.0, 2.0, 4.0, 1.0, 2.0, 4.0, 0.0, 2.0, 4.0, 2.0, 4.0, 2.0, 4.0, 1.0, 1.0, 2.0, 4.0, 1.0, 6.0, 4.0, 1.0, 3.0, 1.0, 2.0, 4.0, 6.0, 0.0, 4.0, 4.0, 2.0, 4.0, 1.0, 5.0, 2.0], [0.0, 4.0, 0.0, 2.0, 0.0, 4.0, 6.0, 6.0, 2.0, 4.0, 1.0, 2.0, 4.0, 1.0, 2.0, 4.0, 2.0, 4.0, 2.0, 3.0, 1.0, 2.0, 2.0, 4.0, 2.0, 4.0, 4.0, 1.0, 3.0, 1.0, 2.0, 4.0, 4.0, 2.0, 4.0, 4.0, 3.0, 5.0, 2.0, 5.0, 2.0], [0.0, 4.0, 4.0, 2.0, 0.0, 4.0, 6.0, 4.0, 2.0, 4.0, 1.0, 3.0, 4.0, 1.0, 2.0, 4.0, 2.0, 4.0, 2.0, 3.0, 1.0, 2.0, 5.0, 4.0, 2.0, 4.0, 4.0, 1.0, 3.0, 1.0, 2.0, 4.0, 4.0, 0.0, 4.0, 4.0, 4.0, 4.0, 2.0, 5.0, 2.0], [0.0, 4.0, 4.0, 2.0, 0.0, 6.0, 6.0, 6.0, 2.0, 4.0, 1.0, 4.0, 2.0, 0.0, 1.0, 4.0, 2.0, 4.0, 2.0, 4.0, 1.0, 3.0, 2.0, 4.0, 2.0, 4.0, 4.0, 1.0, 3.0, 1.0, 2.0, 4.0, 3.0, 0.0, 4.0, 4.0, 2.0, 4.0, 2.0, 4.0, 2.0], [0.0, 4.0, 4.0, 2.0, 0.0, 6.0, 6.0, 6.0, 2.0, 4.0, 1.0, 4.0, 4.0, 2.0, 2.0, 4.0, 2.0, 4.0, 2.0, 4.0, 1.0, 2.0, 2.0, 4.0, 2.0, 4.0, 4.0, 1.0, 3.0, 1.0, 1.0, 2.0, 3.0, 2.0, 4.0, 4.0, 2.0, 4.0, 2.0, 5.0, 2.0], [0.0, 4.0, 4.0, 2.0, 0.0, 4.0, 6.0, 6.0, 2.0, 4.0, 1.0, 4.0, 4.0, 1.0, 1.0, 4.0, 2.0, 4.0, 2.0, 5.0, 1.0, 2.0, 3.0, 4.0, 2.0, 4.0, 4.0, 1.0, 3.0, 1.0, 2.0, 4.0, 4.0, 0.0, 6.0, 4.0, 2.0, 4.0, 2.0, 2.0, 2.0], [0.0, 4.0, 4.0, 2.0, 0.0, 4.0, 6.0, 4.0, 2.0, 3.0, 1.0, 4.0, 2.0, 2.0, 2.0, 4.0, 2.0, 2.0, 2.0, 2.0, 1.0, 2.0, 2.0, 4.0, 1.0, 4.0, 4.0, 1.0, 3.0, 1.0, 2.0, 4.0, 3.0, 0.0, 1.0, 4.0, 2.0, 4.0, 2.0, 2.0, 2.0], [0.0, 4.0, 4.0, 2.0, 0.0, 6.0, 6.0, 6.0, 2.0, 2.0, 1.0, 4.0, 2.0, 1.0, 2.0, 4.0, 1.0, 4.0, 2.0, 5.0, 1.0, 2.0, 3.0, 4.0, 2.0, 4.0, 4.0, 1.0, 3.0, 1.0, 1.0, 4.0, 3.0, 0.0, 4.0, 4.0, 4.0, 4.0, 2.0, 5.0, 2.0], [0.0, 4.0, 4.0, 4.0, 0.0, 6.0, 4.0, 4.0, 2.0, 2.0, 1.0, 4.0, 2.0, 4.0, 2.0, 4.0, 1.0, 4.0, 2.0, 4.0, 1.0, 2.0, 2.0, 4.0, 2.0, 4.0, 4.0, 1.0, 3.0, 1.0, 1.0, 4.0, 6.0, 0.0, 4.0, 4.0, 2.0, 4.0, 2.0, 5.0, 2.0], [0.0, 4.0, 4.0, 2.0, 0.0, 4.0, 6.0, 6.0, 2.0, 4.0, 1.0, 4.0, 2.0, 1.0, 2.0, 4.0, 1.0, 4.0, 2.0, 4.0, 1.0, 2.0, 5.0, 4.0, 2.0, 6.0, 4.0, 1.0, 3.0, 1.0, 2.0, 5.0, 4.0, 1.0, 4.0, 4.0, 2.0, 5.0, 1.0, 2.0, 2.0], [0.0, 4.0, 4.0, 4.0, 0.0, 4.0, 6.0, 6.0, 2.0, 2.0, 0.0, 4.0, 4.0, 4.0, 2.0, 4.0, 2.0, 4.0, 2.0, 3.0, 1.0, 2.0, 2.0, 4.0, 1.0, 4.0, 4.0, 1.0, 3.0, 1.0, 1.0, 4.0, 3.0, 2.0, 4.0, 4.0, 2.0, 5.0, 2.0, 2.0, 2.0], [0.0, 6.0, 0.0, 4.0, 0.0, 4.0, 6.0, 6.0, 2.0, 2.0, 1.0, 4.0, 2.0, 1.0, 2.0, 4.0, 2.0, 4.0, 2.0, 3.0, 1.0, 2.0, 4.0, 4.0, 2.0, 4.0, 4.0, 1.0, 3.0, 1.0, 4.0, 4.0, 4.0, 1.0, 4.0, 4.0, 2.0, 4.0, 2.0, 2.0, 2.0], [0.0, 6.0, 4.0, 2.0, 0.0, 6.0, 6.0, 6.0, 2.0, 2.0, 0.0, 4.0, 2.0, 0.0, 2.0, 6.0, 2.0, 4.0, 2.0, 2.0, 1.0, 2.0, 2.0, 4.0, 2.0, 4.0, 4.0, 1.0, 3.0, 1.0, 2.0, 4.0, 4.0, 0.0, 4.0, 4.0, 2.0, 3.0, 2.0, 2.0, 2.0], [0.0, 4.0, 4.0, 2.0, 0.0, 4.0, 6.0, 6.0, 2.0, 2.0, 0.0, 4.0, 2.0, 2.0, 2.0, 6.0, 2.0, 4.0, 2.0, 2.0, 1.0, 2.0, 2.0, 3.0, 1.0, 6.0, 4.0, 1.0, 3.0, 1.0, 1.0, 4.0, 4.0, 2.0, 4.0, 4.0, 2.0, 4.0, 2.0, 5.0, 2.0], [0.0, 4.0, 4.0, 2.0, 0.0, 6.0, 6.0, 6.0, 2.0, 3.0, 1.0, 4.0, 2.0, 4.0, 1.0, 4.0, 2.0, 4.0, 2.0, 3.0, 1.0, 2.0, 5.0, 4.0, 2.0, 4.0, 4.0, 1.0, 3.0, 1.0, 1.0, 4.0, 3.0, 0.0, 4.0, 4.0, 4.0, 4.0, 2.0, 2.0, 2.0], [0.0, 4.0, 4.0, 2.0, 0.0, 6.0, 6.0, 6.0, 2.0, 4.0, 1.0, 4.0, 4.0, 1.0, 2.0, 4.0, 2.0, 4.0, 2.0, 5.0, 1.0, 2.0, 1.0, 2.0, 2.0, 6.0, 4.0, 1.0, 3.0, 1.0, 1.0, 4.0, 6.0, 0.0, 4.0, 4.0, 2.0, 3.0, 2.0, 4.0, 2.0], [0.0, 4.0, 4.0, 2.0, 0.0, 4.0, 6.0, 4.0, 2.0, 4.0, 0.0, 4.0, 2.0, 1.0, 2.0, 4.0, 2.0, 4.0, 2.0, 3.0, 1.0, 2.0, 3.0, 4.0, 1.0, 4.0, 4.0, 1.0, 3.0, 1.0, 2.0, 4.0, 4.0, 0.0, 4.0, 4.0, 3.0, 2.0, 2.0, 5.0, 2.0], [0.0, 4.0, 4.0, 0.0, 0.0, 6.0, 6.0, 4.0, 2.0, 4.0, 0.0, 4.0, 2.0, 2.0, 1.0, 4.0, 2.0, 4.0, 2.0, 4.0, 1.0, 2.0, 1.0, 4.0, 1.0, 6.0, 4.0, 1.0, 3.0, 1.0, 2.0, 4.0, 4.0, 0.0, 3.0, 4.0, 2.0, 3.0, 2.0, 5.0, 2.0], [0.0, 4.0, 4.0, 2.0, 0.0, 6.0, 6.0, 4.0, 2.0, 4.0, 1.0, 4.0, 2.0, 1.0, 2.0, 6.0, 2.0, 4.0, 2.0, 2.0, 1.0, 2.0, 2.0, 4.0, 2.0, 4.0, 4.0, 1.0, 3.0, 1.0, 1.0, 4.0, 4.0, 2.0, 4.0, 4.0, 4.0, 3.0, 2.0, 2.0, 2.0], [0.0, 4.0, 4.0, 2.0, 0.0, 4.0, 6.0, 6.0, 2.0, 4.0, 1.0, 4.0, 4.0, 1.0, 2.0, 4.0, 2.0, 4.0, 2.0, 3.0, 1.0, 2.0, 5.0, 4.0, 2.0, 6.0, 4.0, 1.0, 3.0, 1.0, 1.0, 4.0, 6.0, 1.0, 4.0, 4.0, 2.0, 4.0, 2.0, 2.0, 2.0], [0.0, 4.0, 4.0, 2.0, 0.0, 6.0, 6.0, 4.0, 2.0, 6.0, 1.0, 4.0, 4.0, 4.0, 2.0, 4.0, 2.0, 4.0, 2.0, 5.0, 4.0, 2.0, 2.0, 4.0, 1.0, 4.0, 4.0, 1.0, 3.0, 1.0, 2.0, 4.0, 4.0, 2.0, 4.0, 4.0, 3.0, 4.0, 2.0, 2.0, 2.0], [0.0, 4.0, 4.0, 0.0, 0.0, 4.0, 6.0, 6.0, 2.0, 2.0, 1.0, 4.0, 2.0, 1.0, 2.0, 4.0, 2.0, 4.0, 2.0, 4.0, 1.0, 2.0, 3.0, 3.0, 2.0, 4.0, 4.0, 1.0, 3.0, 1.0, 2.0, 4.0, 6.0, 1.0, 3.0, 4.0, 2.0, 4.0, 2.0, 5.0, 2.0], [0.0, 4.0, 0.0, 2.0, 0.0, 4.0, 6.0, 4.0, 1.0, 2.0, 0.0, 4.0, 4.0, 1.0, 1.0, 4.0, 2.0, 4.0, 2.0, 5.0, 4.0, 2.0, 1.0, 4.0, 1.0, 6.0, 6.0, 1.0, 3.0, 1.0, 1.0, 4.0, 6.0, 1.0, 4.0, 4.0, 2.0, 4.0, 2.0, 2.0, 2.0], [0.0, 4.0, 4.0, 2.0, 0.0, 6.0, 6.0, 4.0, 2.0, 4.0, 1.0, 4.0, 4.0, 0.0, 2.0, 4.0, 2.0, 4.0, 2.0, 2.0, 1.0, 2.0, 2.0, 4.0, 1.0, 6.0, 4.0, 1.0, 3.0, 1.0, 3.0, 5.0, 6.0, 0.0, 4.0, 4.0, 2.0, 4.0, 1.0, 2.0, 2.0], [0.0, 4.0, 4.0, 2.0, 0.0, 4.0, 6.0, 6.0, 2.0, 2.0, 1.0, 4.0, 4.0, 2.0, 1.0, 4.0, 2.0, 4.0, 2.0, 4.0, 1.0, 2.0, 2.0, 4.0, 2.0, 4.0, 4.0, 1.0, 3.0, 1.0, 2.0, 5.0, 4.0, 0.0, 4.0, 4.0, 2.0, 4.0, 2.0, 2.0, 2.0], [0.0, 4.0, 0.0, 0.0, 0.0, 4.0, 6.0, 6.0, 2.0, 3.0, 1.0, 2.0, 2.0, 1.0, 2.0, 4.0, 2.0, 3.0, 2.0, 4.0, 1.0, 2.0, 5.0, 4.0, 2.0, 6.0, 4.0, 1.0, 3.0, 1.0, 2.0, 4.0, 6.0, 0.0, 4.0, 4.0, 2.0, 4.0, 2.0, 2.0, 2.0], [0.0, 4.0, 4.0, 0.0, 0.0, 4.0, 4.0, 6.0, 2.0, 3.0, 1.0, 4.0, 4.0, 0.0, 1.0, 6.0, 2.0, 4.0, 2.0, 3.0, 1.0, 1.0, 2.0, 4.0, 1.0, 6.0, 4.0, 1.0, 3.0, 1.0, 2.0, 4.0, 3.0, 2.0, 4.0, 4.0, 2.0, 4.0, 2.0, 2.0, 2.0], [0.0, 4.0, 4.0, 2.0, 0.0, 4.0, 6.0, 6.0, 2.0, 4.0, 1.0, 3.0, 2.0, 1.0, 2.0, 4.0, 2.0, 4.0, 2.0, 4.0, 1.0, 2.0, 2.0, 4.0, 2.0, 4.0, 4.0, 1.0, 3.0, 1.0, 1.0, 4.0, 4.0, 0.0, 4.0, 4.0, 2.0, 4.0, 1.0, 2.0, 2.0], [0.0, 4.0, 4.0, 2.0, 0.0, 4.0, 6.0, 4.0, 2.0, 2.0, 1.0, 4.0, 4.0, 0.0, 2.0, 4.0, 1.0, 4.0, 2.0, 2.0, 1.0, 2.0, 2.0, 4.0, 2.0, 4.0, 4.0, 1.0, 3.0, 1.0, 2.0, 4.0, 4.0, 0.0, 4.0, 4.0, 1.0, 4.0, 2.0, 2.0, 2.0], [0.0, 4.0, 4.0, 0.0, 0.0, 4.0, 6.0, 6.0, 3.0, 4.0, 1.0, 4.0, 2.0, 1.0, 1.0, 4.0, 2.0, 4.0, 2.0, 3.0, 1.0, 2.0, 1.0, 4.0, 2.0, 4.0, 4.0, 1.0, 3.0, 1.0, 2.0, 4.0, 5.0, 2.0, 4.0, 4.0, 2.0, 3.0, 2.0, 2.0, 2.0], [0.0, 6.0, 4.0, 2.0, 0.0, 4.0, 6.0, 6.0, 2.0, 2.0, 1.0, 4.0, 2.0, 1.0, 2.0, 4.0, 2.0, 4.0, 2.0, 2.0, 1.0, 2.0, 2.0, 4.0, 2.0, 4.0, 4.0, 1.0, 3.0, 1.0, 2.0, 4.0, 4.0, 0.0, 4.0, 4.0, 4.0, 3.0, 2.0, 2.0, 2.0], [0.0, 4.0, 4.0, 2.0, 0.0, 4.0, 6.0, 6.0, 2.0, 2.0, 1.0, 4.0, 4.0, 1.0, 2.0, 4.0, 2.0, 2.0, 2.0, 2.0, 1.0, 2.0, 2.0, 4.0, 1.0, 4.0, 0.0, 1.0, 3.0, 1.0, 1.0, 4.0, 3.0, 2.0, 4.0, 4.0, 2.0, 5.0, 2.0, 4.0, 2.0], [0.0, 4.0, 4.0, 2.0, 0.0, 4.0, 4.0, 4.0, 2.0, 4.0, 1.0, 4.0, 2.0, 1.0, 1.0, 4.0, 2.0, 4.0, 2.0, 2.0, 1.0, 2.0, 2.0, 4.0, 2.0, 6.0, 4.0, 1.0, 3.0, 1.0, 2.0, 4.0, 4.0, 1.0, 4.0, 4.0, 2.0, 5.0, 2.0, 2.0, 2.0], [0.0, 4.0, 4.0, 2.0, 0.0, 4.0, 6.0, 6.0, 3.0, 3.0, 1.0, 4.0, 4.0, 1.0, 2.0, 4.0, 2.0, 4.0, 2.0, 4.0, 1.0, 2.0, 5.0, 4.0, 2.0, 4.0, 4.0, 1.0, 3.0, 1.0, 1.0, 4.0, 4.0, 0.0, 4.0, 4.0, 4.0, 4.0, 2.0, 2.0, 2.0], [0.0, 6.0, 4.0, 2.0, 0.0, 4.0, 6.0, 6.0, 2.0, 3.0, 1.0, 4.0, 4.0, 1.0, 2.0, 4.0, 2.0, 4.0, 2.0, 2.0, 1.0, 4.0, 2.0, 4.0, 2.0, 4.0, 4.0, 1.0, 3.0, 1.0, 1.0, 4.0, 4.0, 2.0, 4.0, 4.0, 4.0, 4.0, 2.0, 2.0, 2.0], [0.0, 6.0, 4.0, 2.0, 0.0, 6.0, 6.0, 4.0, 2.0, 4.0, 1.0, 4.0, 4.0, 1.0, 2.0, 4.0, 2.0, 4.0, 2.0, 2.0, 1.0, 2.0, 2.0, 4.0, 2.0, 6.0, 4.0, 1.0, 2.0, 1.0, 1.0, 4.0, 4.0, 2.0, 4.0, 4.0, 2.0, 3.0, 2.0, 5.0, 2.0]]

first layer check: Conv2d(9, 64, kernel_size=(7, 7), stride=(2, 2), padding=(3, 3), bias=False)

for model 2: mode acc: 0.24390244483947754, run mean acc: 0.2540000081062317, top-2 acc:0.46841666102409363, mode f1: 0.24390244483947754

model 2 mode preds
[1.0, 3.0, 3.0, 3.0, 1.0, 5.0, 5.0, 5.0, 3.0, 3.0, 1.0, 3.0, 3.0, 1.0, 1.0, 5.0, 1.0, 3.0, 3.0, 3.0, 3.0, 1.0, 3.0, 3.0, 1.0, 5.0, 5.0, 1.0, 3.0, 1.0, 1.0, 3.0, 5.0, 1.0, 5.0, 5.0, 3.0, 3.0, 1.0, 3.0, 2.0]

model 2 all preds
[[1.0, 6.0, 3.0, 3.0, 1.0, 4.0, 5.0, 5.0, 1.0, 3.0, 1.0, 3.0, 3.0, 1.0, 1.0, 5.0, 1.0, 3.0, 5.0, 3.0, 3.0, 1.0, 3.0, 3.0, 1.0, 3.0, 5.0, 1.0, 3.0, 1.0, 1.0, 5.0, 3.0, 2.0, 5.0, 4.0, 3.0, 3.0, 1.0, 3.0, 3.0], [1.0, 3.0, 3.0, 3.0, 1.0, 5.0, 5.0, 3.0, 2.0, 3.0, 1.0, 3.0, 3.0, 1.0, 1.0, 4.0, 1.0, 5.0, 2.0, 3.0, 3.0, 3.0, 3.0, 5.0, 1.0, 4.0, 3.0, 1.0, 2.0, 1.0, 1.0, 5.0, 5.0, 1.0, 5.0, 5.0, 3.0, 5.0, 3.0, 3.0, 2.0], [1.0, 4.0, 1.0, 1.0, 1.0, 3.0, 5.0, 5.0, 2.0, 3.0, 1.0, 2.0, 3.0, 1.0, 1.0, 3.0, 1.0, 5.0, 3.0, 5.0, 3.0, 2.0, 3.0, 5.0, 1.0, 5.0, 3.0, 1.0, 3.0, 1.0, 1.0, 5.0, 5.0, 2.0, 5.0, 5.0, 3.0, 3.0, 1.0, 3.0, 2.0], [1.0, 3.0, 3.0, 3.0, 1.0, 5.0, 5.0, 4.0, 3.0, 1.0, 1.0, 4.0, 1.0, 3.0, 1.0, 5.0, 1.0, 3.0, 5.0, 5.0, 3.0, 1.0, 3.0, 3.0, 1.0, 3.0, 3.0, 1.0, 2.0, 1.0, 1.0, 5.0, 5.0, 1.0, 5.0, 5.0, 5.0, 3.0, 3.0, 1.0, 2.0], [1.0, 3.0, 3.0, 1.0, 1.0, 3.0, 5.0, 5.0, 1.0, 3.0, 1.0, 3.0, 3.0, 3.0, 1.0, 4.0, 1.0, 3.0, 3.0, 3.0, 1.0, 1.0, 3.0, 3.0, 1.0, 5.0, 5.0, 1.0, 3.0, 1.0, 3.0, 5.0, 5.0, 1.0, 5.0, 5.0, 3.0, 5.0, 1.0, 3.0, 2.0], [1.0, 3.0, 2.0, 3.0, 1.0, 3.0, 5.0, 6.0, 3.0, 3.0, 1.0, 2.0, 3.0, 1.0, 1.0, 5.0, 2.0, 3.0, 3.0, 3.0, 3.0, 1.0, 3.0, 3.0, 1.0, 3.0, 5.0, 1.0, 3.0, 1.0, 1.0, 3.0, 5.0, 1.0, 4.0, 5.0, 3.0, 3.0, 1.0, 3.0, 3.0], [1.0, 3.0, 3.0, 1.0, 1.0, 4.0, 5.0, 6.0, 1.0, 3.0, 1.0, 3.0, 3.0, 1.0, 1.0, 5.0, 1.0, 2.0, 3.0, 3.0, 3.0, 3.0, 3.0, 2.0, 1.0, 3.0, 3.0, 1.0, 3.0, 1.0, 1.0, 5.0, 3.0, 1.0, 3.0, 5.0, 3.0, 3.0, 1.0, 3.0, 1.0], [1.0, 3.0, 2.0, 3.0, 1.0, 5.0, 5.0, 5.0, 2.0, 3.0, 1.0, 3.0, 1.0, 3.0, 1.0, 5.0, 1.0, 3.0, 3.0, 5.0, 3.0, 3.0, 3.0, 3.0, 1.0, 6.0, 3.0, 1.0, 1.0, 1.0, 1.0, 3.0, 3.0, 2.0, 5.0, 5.0, 3.0, 3.0, 3.0, 3.0, 2.0], [1.0, 3.0, 3.0, 3.0, 1.0, 6.0, 5.0, 5.0, 1.0, 3.0, 1.0, 3.0, 3.0, 1.0, 1.0, 5.0, 1.0, 3.0, 1.0, 5.0, 1.0, 1.0, 3.0, 3.0, 1.0, 3.0, 5.0, 1.0, 2.0, 1.0, 1.0, 3.0, 5.0, 1.0, 5.0, 5.0, 3.0, 3.0, 3.0, 3.0, 3.0], [1.0, 3.0, 2.0, 1.0, 1.0, 5.0, 5.0, 5.0, 2.0, 3.0, 1.0, 3.0, 3.0, 1.0, 1.0, 5.0, 2.0, 3.0, 2.0, 5.0, 1.0, 3.0, 3.0, 3.0, 1.0, 5.0, 5.0, 1.0, 3.0, 1.0, 1.0, 3.0, 5.0, 2.0, 3.0, 5.0, 3.0, 4.0, 3.0, 3.0, 2.0], [1.0, 3.0, 3.0, 3.0, 1.0, 6.0, 5.0, 3.0, 3.0, 3.0, 1.0, 3.0, 3.0, 1.0, 1.0, 3.0, 2.0, 5.0, 3.0, 3.0, 3.0, 1.0, 3.0, 5.0, 1.0, 5.0, 3.0, 1.0, 3.0, 1.0, 3.0, 3.0, 1.0, 1.0, 4.0, 5.0, 1.0, 3.0, 3.0, 3.0, 3.0], [1.0, 5.0, 3.0, 3.0, 1.0, 5.0, 5.0, 5.0, 5.0, 3.0, 1.0, 3.0, 3.0, 1.0, 1.0, 5.0, 2.0, 3.0, 3.0, 3.0, 1.0, 1.0, 2.0, 3.0, 1.0, 6.0, 5.0, 1.0, 3.0, 1.0, 3.0, 3.0, 5.0, 1.0, 5.0, 5.0, 3.0, 3.0, 3.0, 3.0, 3.0], [1.0, 5.0, 3.0, 1.0, 1.0, 6.0, 5.0, 5.0, 2.0, 3.0, 1.0, 3.0, 5.0, 1.0, 1.0, 5.0, 2.0, 3.0, 1.0, 3.0, 3.0, 1.0, 3.0, 3.0, 1.0, 5.0, 3.0, 1.0, 3.0, 1.0, 1.0, 5.0, 5.0, 2.0, 3.0, 5.0, 2.0, 3.0, 1.0, 3.0, 2.0], [1.0, 3.0, 2.0, 3.0, 1.0, 3.0, 5.0, 6.0, 3.0, 3.0, 1.0, 3.0, 3.0, 1.0, 1.0, 5.0, 1.0, 5.0, 3.0, 3.0, 3.0, 1.0, 3.0, 3.0, 1.0, 5.0, 3.0, 1.0, 3.0, 1.0, 1.0, 3.0, 5.0, 1.0, 1.0, 5.0, 5.0, 3.0, 1.0, 1.0, 2.0], [1.0, 5.0, 3.0, 1.0, 1.0, 5.0, 5.0, 5.0, 2.0, 1.0, 1.0, 4.0, 3.0, 1.0, 1.0, 5.0, 2.0, 5.0, 1.0, 5.0, 3.0, 1.0, 3.0, 1.0, 1.0, 3.0, 5.0, 1.0, 3.0, 1.0, 1.0, 3.0, 5.0, 1.0, 5.0, 5.0, 2.0, 3.0, 3.0, 3.0, 2.0], [1.0, 3.0, 5.0, 3.0, 1.0, 6.0, 5.0, 5.0, 5.0, 3.0, 1.0, 3.0, 3.0, 1.0, 1.0, 5.0, 1.0, 3.0, 3.0, 1.0, 1.0, 1.0, 3.0, 3.0, 1.0, 5.0, 3.0, 1.0, 3.0, 1.0, 2.0, 3.0, 5.0, 2.0, 5.0, 5.0, 5.0, 3.0, 1.0, 3.0, 3.0], [1.0, 3.0, 3.0, 3.0, 1.0, 5.0, 5.0, 6.0, 3.0, 5.0, 1.0, 1.0, 5.0, 1.0, 1.0, 5.0, 1.0, 3.0, 1.0, 3.0, 3.0, 2.0, 3.0, 3.0, 1.0, 5.0, 5.0, 1.0, 3.0, 1.0, 1.0, 3.0, 3.0, 2.0, 3.0, 4.0, 5.0, 3.0, 1.0, 3.0, 1.0], [1.0, 3.0, 2.0, 3.0, 1.0, 3.0, 5.0, 6.0, 3.0, 3.0, 1.0, 4.0, 3.0, 1.0, 1.0, 5.0, 2.0, 3.0, 3.0, 3.0, 3.0, 3.0, 3.0, 5.0, 1.0, 3.0, 5.0, 1.0, 5.0, 1.0, 1.0, 5.0, 3.0, 1.0, 5.0, 5.0, 5.0, 3.0, 1.0, 3.0, 2.0], [1.0, 5.0, 3.0, 1.0, 1.0, 3.0, 5.0, 5.0, 2.0, 3.0, 1.0, 5.0, 5.0, 1.0, 1.0, 5.0, 1.0, 5.0, 3.0, 3.0, 3.0, 1.0, 3.0, 3.0, 1.0, 3.0, 3.0, 1.0, 3.0, 1.0, 2.0, 3.0, 5.0, 1.0, 3.0, 5.0, 3.0, 3.0, 3.0, 3.0, 2.0], [1.0, 3.0, 3.0, 3.0, 1.0, 3.0, 5.0, 6.0, 1.0, 3.0, 1.0, 3.0, 3.0, 1.0, 1.0, 5.0, 2.0, 3.0, 2.0, 5.0, 1.0, 1.0, 3.0, 3.0, 1.0, 5.0, 3.0, 1.0, 3.0, 1.0, 3.0, 3.0, 5.0, 2.0, 3.0, 4.0, 3.0, 1.0, 1.0, 3.0, 3.0], [1.0, 3.0, 3.0, 3.0, 1.0, 5.0, 5.0, 5.0, 3.0, 5.0, 1.0, 3.0, 1.0, 3.0, 1.0, 5.0, 1.0, 3.0, 2.0, 3.0, 1.0, 1.0, 3.0, 3.0, 1.0, 4.0, 5.0, 1.0, 3.0, 1.0, 1.0, 3.0, 3.0, 1.0, 5.0, 5.0, 3.0, 3.0, 3.0, 3.0, 2.0], [1.0, 5.0, 3.0, 1.0, 1.0, 5.0, 5.0, 5.0, 2.0, 3.0, 1.0, 3.0, 3.0, 3.0, 1.0, 5.0, 2.0, 5.0, 3.0, 3.0, 3.0, 1.0, 3.0, 3.0, 1.0, 4.0, 5.0, 1.0, 3.0, 1.0, 1.0, 5.0, 3.0, 2.0, 3.0, 5.0, 5.0, 3.0, 1.0, 3.0, 2.0], [1.0, 3.0, 3.0, 3.0, 1.0, 5.0, 5.0, 3.0, 3.0, 3.0, 1.0, 3.0, 1.0, 3.0, 1.0, 5.0, 1.0, 5.0, 5.0, 3.0, 3.0, 3.0, 3.0, 5.0, 1.0, 5.0, 5.0, 1.0, 3.0, 1.0, 3.0, 3.0, 3.0, 1.0, 5.0, 5.0, 5.0, 3.0, 1.0, 1.0, 3.0], [1.0, 3.0, 3.0, 3.0, 1.0, 3.0, 5.0, 4.0, 1.0, 3.0, 1.0, 3.0, 3.0, 3.0, 1.0, 5.0, 2.0, 5.0, 1.0, 3.0, 1.0, 1.0, 3.0, 3.0, 1.0, 5.0, 3.0, 1.0, 2.0, 1.0, 1.0, 3.0, 5.0, 2.0, 5.0, 5.0, 5.0, 3.0, 1.0, 3.0, 1.0], [1.0, 5.0, 3.0, 2.0, 1.0, 3.0, 5.0, 5.0, 1.0, 5.0, 1.0, 2.0, 3.0, 1.0, 1.0, 5.0, 1.0, 3.0, 3.0, 3.0, 3.0, 1.0, 3.0, 3.0, 1.0, 5.0, 5.0, 1.0, 3.0, 1.0, 3.0, 3.0, 3.0, 1.0, 5.0, 5.0, 3.0, 3.0, 3.0, 3.0, 2.0], [1.0, 5.0, 3.0, 3.0, 1.0, 3.0, 5.0, 5.0, 1.0, 3.0, 1.0, 2.0, 3.0, 1.0, 1.0, 5.0, 2.0, 4.0, 3.0, 3.0, 1.0, 1.0, 3.0, 3.0, 1.0, 3.0, 5.0, 1.0, 3.0, 1.0, 1.0, 3.0, 5.0, 1.0, 5.0, 5.0, 3.0, 3.0, 1.0, 3.0, 1.0], [1.0, 5.0, 3.0, 2.0, 1.0, 5.0, 5.0, 5.0, 3.0, 3.0, 1.0, 3.0, 5.0, 3.0, 1.0, 5.0, 2.0, 3.0, 1.0, 5.0, 3.0, 1.0, 2.0, 3.0, 1.0, 5.0, 3.0, 1.0, 3.0, 1.0, 2.0, 5.0, 5.0, 1.0, 5.0, 5.0, 3.0, 5.0, 3.0, 3.0, 2.0], [1.0, 3.0, 3.0, 1.0, 1.0, 5.0, 5.0, 5.0, 1.0, 3.0, 1.0, 3.0, 2.0, 3.0, 1.0, 5.0, 2.0, 5.0, 5.0, 3.0, 3.0, 3.0, 1.0, 5.0, 1.0, 3.0, 3.0, 1.0, 3.0, 1.0, 2.0, 5.0, 5.0, 1.0, 5.0, 5.0, 3.0, 4.0, 3.0, 3.0, 3.0], [1.0, 3.0, 3.0, 1.0, 1.0, 3.0, 5.0, 6.0, 5.0, 1.0, 1.0, 3.0, 3.0, 3.0, 1.0, 5.0, 1.0, 3.0, 3.0, 4.0, 3.0, 1.0, 3.0, 3.0, 1.0, 3.0, 5.0, 1.0, 3.0, 1.0, 1.0, 5.0, 3.0, 1.0, 3.0, 5.0, 3.0, 3.0, 1.0, 3.0, 2.0], [1.0, 3.0, 1.0, 3.0, 1.0, 3.0, 5.0, 3.0, 2.0, 5.0, 1.0, 3.0, 3.0, 1.0, 1.0, 5.0, 3.0, 5.0, 5.0, 3.0, 1.0, 3.0, 3.0, 5.0, 1.0, 3.0, 5.0, 1.0, 3.0, 1.0, 1.0, 3.0, 5.0, 1.0, 4.0, 5.0, 3.0, 3.0, 1.0, 1.0, 2.0], [1.0, 3.0, 3.0, 1.0, 1.0, 5.0, 5.0, 6.0, 3.0, 3.0, 1.0, 4.0, 4.0, 1.0, 1.0, 5.0, 2.0, 5.0, 5.0, 5.0, 3.0, 3.0, 3.0, 3.0, 1.0, 5.0, 3.0, 1.0, 3.0, 1.0, 1.0, 5.0, 3.0, 1.0, 5.0, 5.0, 3.0, 3.0, 3.0, 3.0, 3.0], [1.0, 3.0, 5.0, 3.0, 1.0, 5.0, 5.0, 3.0, 2.0, 3.0, 1.0, 3.0, 3.0, 1.0, 1.0, 5.0, 1.0, 3.0, 3.0, 5.0, 3.0, 1.0, 3.0, 3.0, 1.0, 3.0, 3.0, 1.0, 1.0, 1.0, 3.0, 5.0, 3.0, 1.0, 5.0, 5.0, 1.0, 3.0, 3.0, 3.0, 2.0], [1.0, 5.0, 3.0, 3.0, 1.0, 5.0, 5.0, 6.0, 2.0, 3.0, 1.0, 3.0, 3.0, 1.0, 1.0, 5.0, 1.0, 5.0, 3.0, 3.0, 3.0, 1.0, 3.0, 3.0, 1.0, 3.0, 3.0, 1.0, 3.0, 1.0, 1.0, 5.0, 5.0, 1.0, 3.0, 5.0, 5.0, 3.0, 3.0, 3.0, 3.0], [1.0, 5.0, 3.0, 3.0, 1.0, 5.0, 5.0, 3.0, 2.0, 3.0, 1.0, 3.0, 3.0, 3.0, 1.0, 5.0, 2.0, 3.0, 1.0, 3.0, 3.0, 1.0, 3.0, 1.0, 1.0, 5.0, 5.0, 1.0, 3.0, 1.0, 3.0, 4.0, 5.0, 1.0, 3.0, 5.0, 5.0, 3.0, 1.0, 1.0, 2.0], [1.0, 5.0, 3.0, 3.0, 1.0, 3.0, 5.0, 5.0, 3.0, 3.0, 1.0, 3.0, 3.0, 3.0, 1.0, 5.0, 2.0, 3.0, 5.0, 5.0, 1.0, 1.0, 3.0, 3.0, 1.0, 5.0, 5.0, 1.0, 3.0, 1.0, 1.0, 3.0, 3.0, 1.0, 5.0, 5.0, 5.0, 5.0, 1.0, 3.0, 1.0], [1.0, 3.0, 3.0, 3.0, 1.0, 1.0, 5.0, 6.0, 3.0, 3.0, 1.0, 3.0, 1.0, 1.0, 1.0, 4.0, 1.0, 5.0, 5.0, 3.0, 1.0, 3.0, 3.0, 3.0, 1.0, 4.0, 5.0, 1.0, 3.0, 1.0, 2.0, 3.0, 5.0, 1.0, 4.0, 5.0, 5.0, 3.0, 3.0, 3.0, 3.0], [1.0, 3.0, 3.0, 3.0, 1.0, 5.0, 5.0, 5.0, 3.0, 3.0, 1.0, 4.0, 3.0, 1.0, 1.0, 5.0, 1.0, 3.0, 1.0, 3.0, 3.0, 1.0, 3.0, 3.0, 3.0, 5.0, 5.0, 1.0, 3.0, 1.0, 1.0, 3.0, 3.0, 1.0, 3.0, 5.0, 5.0, 3.0, 1.0, 3.0, 3.0], [1.0, 3.0, 3.0, 1.0, 1.0, 3.0, 5.0, 6.0, 3.0, 3.0, 1.0, 3.0, 3.0, 1.0, 1.0, 5.0, 2.0, 3.0, 3.0, 3.0, 1.0, 3.0, 3.0, 3.0, 1.0, 4.0, 5.0, 1.0, 1.0, 1.0, 3.0, 5.0, 5.0, 1.0, 5.0, 5.0, 3.0, 3.0, 3.0, 3.0, 2.0], [1.0, 3.0, 2.0, 3.0, 1.0, 5.0, 5.0, 5.0, 3.0, 3.0, 1.0, 3.0, 3.0, 1.0, 1.0, 5.0, 1.0, 3.0, 1.0, 3.0, 3.0, 1.0, 3.0, 3.0, 1.0, 5.0, 5.0, 1.0, 1.0, 1.0, 1.0, 5.0, 1.0, 1.0, 5.0, 5.0, 3.0, 3.0, 1.0, 3.0, 2.0], [1.0, 3.0, 3.0, 3.0, 1.0, 5.0, 5.0, 5.0, 2.0, 1.0, 1.0, 3.0, 3.0, 1.0, 1.0, 5.0, 1.0, 5.0, 2.0, 3.0, 3.0, 1.0, 3.0, 3.0, 1.0, 5.0, 3.0, 1.0, 1.0, 1.0, 1.0, 3.0, 5.0, 1.0, 5.0, 5.0, 5.0, 3.0, 1.0, 3.0, 3.0], [1.0, 3.0, 3.0, 3.0, 1.0, 5.0, 5.0, 5.0, 3.0, 3.0, 1.0, 2.0, 3.0, 1.0, 1.0, 5.0, 2.0, 5.0, 3.0, 3.0, 3.0, 1.0, 1.0, 3.0, 1.0, 5.0, 3.0, 1.0, 2.0, 1.0, 3.0, 3.0, 5.0, 1.0, 3.0, 5.0, 5.0, 3.0, 1.0, 1.0, 2.0], [1.0, 3.0, 3.0, 1.0, 1.0, 3.0, 5.0, 3.0, 2.0, 3.0, 1.0, 3.0, 3.0, 3.0, 1.0, 5.0, 2.0, 3.0, 1.0, 3.0, 3.0, 1.0, 3.0, 5.0, 1.0, 4.0, 5.0, 1.0, 3.0, 1.0, 1.0, 5.0, 5.0, 1.0, 5.0, 5.0, 1.0, 3.0, 3.0, 3.0, 3.0], [1.0, 3.0, 3.0, 3.0, 1.0, 3.0, 5.0, 5.0, 3.0, 5.0, 1.0, 3.0, 3.0, 3.0, 1.0, 5.0, 1.0, 3.0, 2.0, 3.0, 1.0, 1.0, 3.0, 3.0, 1.0, 4.0, 5.0, 1.0, 3.0, 1.0, 1.0, 5.0, 5.0, 1.0, 3.0, 5.0, 3.0, 3.0, 1.0, 3.0, 2.0], [1.0, 3.0, 3.0, 3.0, 1.0, 3.0, 5.0, 6.0, 1.0, 3.0, 1.0, 4.0, 3.0, 1.0, 1.0, 4.0, 1.0, 3.0, 3.0, 3.0, 3.0, 3.0, 3.0, 3.0, 1.0, 5.0, 3.0, 1.0, 5.0, 1.0, 1.0, 1.0, 3.0, 1.0, 3.0, 5.0, 5.0, 3.0, 1.0, 1.0, 2.0], [3.0, 3.0, 3.0, 3.0, 1.0, 5.0, 5.0, 5.0, 2.0, 3.0, 1.0, 3.0, 3.0, 3.0, 1.0, 5.0, 1.0, 5.0, 3.0, 5.0, 3.0, 1.0, 3.0, 3.0, 1.0, 6.0, 3.0, 1.0, 3.0, 1.0, 1.0, 5.0, 3.0, 1.0, 5.0, 5.0, 5.0, 3.0, 1.0, 3.0, 3.0], [1.0, 3.0, 3.0, 3.0, 1.0, 3.0, 5.0, 5.0, 3.0, 3.0, 1.0, 3.0, 3.0, 1.0, 1.0, 5.0, 2.0, 3.0, 3.0, 3.0, 3.0, 1.0, 3.0, 3.0, 1.0, 4.0, 3.0, 1.0, 3.0, 1.0, 2.0, 5.0, 5.0, 2.0, 3.0, 5.0, 3.0, 4.0, 1.0, 3.0, 2.0], [1.0, 3.0, 1.0, 3.0, 1.0, 3.0, 5.0, 5.0, 1.0, 3.0, 1.0, 3.0, 3.0, 1.0, 1.0, 5.0, 2.0, 3.0, 5.0, 2.0, 3.0, 3.0, 3.0, 3.0, 1.0, 3.0, 5.0, 1.0, 2.0, 1.0, 1.0, 4.0, 3.0, 1.0, 5.0, 5.0, 1.0, 3.0, 3.0, 1.0, 3.0], [1.0, 5.0, 3.0, 3.0, 1.0, 5.0, 5.0, 5.0, 1.0, 3.0, 1.0, 3.0, 3.0, 1.0, 1.0, 5.0, 1.0, 3.0, 1.0, 3.0, 1.0, 1.0, 3.0, 3.0, 1.0, 6.0, 5.0, 1.0, 2.0, 1.0, 1.0, 5.0, 5.0, 1.0, 5.0, 5.0, 5.0, 5.0, 1.0, 3.0, 3.0], [1.0, 3.0, 3.0, 2.0, 1.0, 6.0, 5.0, 5.0, 1.0, 3.0, 1.0, 3.0, 3.0, 1.0, 1.0, 4.0, 2.0, 5.0, 1.0, 3.0, 4.0, 3.0, 3.0, 3.0, 1.0, 4.0, 3.0, 1.0, 2.0, 1.0, 1.0, 3.0, 1.0, 1.0, 5.0, 5.0, 3.0, 3.0, 3.0, 3.0, 2.0], [1.0, 5.0, 2.0, 3.0, 1.0, 3.0, 5.0, 5.0, 2.0, 3.0, 1.0, 3.0, 3.0, 3.0, 1.0, 5.0, 1.0, 5.0, 5.0, 3.0, 3.0, 1.0, 3.0, 3.0, 1.0, 5.0, 5.0, 1.0, 3.0, 1.0, 2.0, 5.0, 5.0, 1.0, 5.0, 5.0, 3.0, 5.0, 1.0, 3.0, 3.0]]

first layer check: Conv2d(9, 64, kernel_size=(7, 7), stride=(2, 2), padding=(3, 3), bias=False)

for model 3: mode acc: 0.3414634168148041, run mean acc: 0.312749981880188, top-2 acc:0.5321666598320007, mode f1: 0.3414634168148041

model 3 mode preds
[1.0, 5.0, 3.0, 2.0, 1.0, 6.0, 6.0, 6.0, 2.0, 3.0, 0.0, 3.0, 2.0, 3.0, 1.0, 6.0, 2.0, 2.0, 2.0, 2.0, 1.0, 2.0, 3.0, 2.0, 2.0, 6.0, 3.0, 1.0, 3.0, 1.0, 3.0, 3.0, 5.0, 2.0, 3.0, 6.0, 2.0, 3.0, 3.0, 2.0, 3.0]

model 3 all preds
[[1.0, 5.0, 4.0, 2.0, 1.0, 6.0, 6.0, 6.0, 2.0, 3.0, 0.0, 3.0, 2.0, 3.0, 1.0, 6.0, 2.0, 3.0, 2.0, 3.0, 3.0, 3.0, 2.0, 2.0, 2.0, 4.0, 3.0, 1.0, 3.0, 1.0, 2.0, 3.0, 6.0, 2.0, 5.0, 6.0, 2.0, 3.0, 3.0, 2.0, 2.0], [1.0, 5.0, 3.0, 2.0, 1.0, 6.0, 6.0, 6.0, 2.0, 3.0, 0.0, 2.0, 4.0, 1.0, 1.0, 6.0, 2.0, 2.0, 2.0, 3.0, 1.0, 3.0, 1.0, 2.0, 1.0, 6.0, 5.0, 1.0, 3.0, 1.0, 2.0, 3.0, 3.0, 2.0, 3.0, 6.0, 2.0, 3.0, 3.0, 3.0, 3.0], [1.0, 2.0, 3.0, 2.0, 1.0, 6.0, 6.0, 6.0, 2.0, 6.0, 0.0, 3.0, 5.0, 1.0, 1.0, 6.0, 2.0, 2.0, 2.0, 2.0, 1.0, 3.0, 2.0, 3.0, 4.0, 5.0, 6.0, 1.0, 3.0, 1.0, 3.0, 3.0, 2.0, 2.0, 2.0, 6.0, 2.0, 3.0, 1.0, 3.0, 3.0], [1.0, 3.0, 3.0, 2.0, 1.0, 4.0, 6.0, 6.0, 2.0, 2.0, 0.0, 2.0, 3.0, 3.0, 1.0, 6.0, 2.0, 2.0, 2.0, 3.0, 1.0, 2.0, 3.0, 3.0, 2.0, 4.0, 6.0, 1.0, 3.0, 1.0, 2.0, 2.0, 3.0, 2.0, 3.0, 6.0, 2.0, 3.0, 3.0, 2.0, 3.0], [1.0, 6.0, 3.0, 2.0, 1.0, 6.0, 6.0, 6.0, 2.0, 3.0, 0.0, 3.0, 5.0, 1.0, 1.0, 6.0, 2.0, 2.0, 2.0, 2.0, 1.0, 2.0, 2.0, 2.0, 3.0, 4.0, 2.0, 1.0, 3.0, 3.0, 1.0, 3.0, 5.0, 2.0, 6.0, 6.0, 2.0, 3.0, 1.0, 2.0, 3.0], [1.0, 3.0, 3.0, 2.0, 1.0, 4.0, 6.0, 4.0, 2.0, 3.0, 0.0, 3.0, 2.0, 3.0, 1.0, 6.0, 2.0, 5.0, 3.0, 2.0, 3.0, 3.0, 1.0, 2.0, 2.0, 5.0, 5.0, 1.0, 3.0, 3.0, 1.0, 3.0, 3.0, 2.0, 3.0, 6.0, 2.0, 3.0, 1.0, 2.0, 3.0], [1.0, 5.0, 3.0, 2.0, 1.0, 4.0, 6.0, 6.0, 2.0, 3.0, 0.0, 2.0, 2.0, 1.0, 1.0, 6.0, 2.0, 3.0, 2.0, 2.0, 3.0, 3.0, 3.0, 2.0, 2.0, 6.0, 3.0, 1.0, 3.0, 1.0, 2.0, 3.0, 5.0, 2.0, 3.0, 6.0, 2.0, 2.0, 3.0, 3.0, 3.0], [1.0, 4.0, 3.0, 2.0, 1.0, 6.0, 6.0, 4.0, 2.0, 2.0, 0.0, 3.0, 2.0, 1.0, 1.0, 6.0, 2.0, 2.0, 2.0, 3.0, 3.0, 2.0, 3.0, 3.0, 2.0, 2.0, 2.0, 1.0, 3.0, 1.0, 3.0, 3.0, 5.0, 2.0, 3.0, 6.0, 2.0, 3.0, 1.0, 2.0, 3.0], [2.0, 3.0, 3.0, 2.0, 1.0, 6.0, 6.0, 4.0, 2.0, 3.0, 0.0, 3.0, 2.0, 3.0, 1.0, 6.0, 2.0, 2.0, 2.0, 2.0, 3.0, 2.0, 1.0, 2.0, 2.0, 5.0, 3.0, 1.0, 3.0, 3.0, 3.0, 3.0, 2.0, 2.0, 3.0, 6.0, 2.0, 2.0, 3.0, 2.0, 3.0], [2.0, 4.0, 3.0, 2.0, 1.0, 6.0, 6.0, 6.0, 2.0, 2.0, 0.0, 3.0, 2.0, 1.0, 2.0, 6.0, 2.0, 2.0, 2.0, 2.0, 3.0, 2.0, 2.0, 2.0, 2.0, 6.0, 3.0, 1.0, 3.0, 1.0, 1.0, 3.0, 3.0, 2.0, 3.0, 6.0, 2.0, 3.0, 3.0, 2.0, 2.0], [2.0, 5.0, 3.0, 2.0, 1.0, 6.0, 6.0, 6.0, 2.0, 3.0, 2.0, 3.0, 2.0, 3.0, 1.0, 6.0, 2.0, 3.0, 2.0, 2.0, 3.0, 2.0, 1.0, 3.0, 2.0, 6.0, 2.0, 1.0, 3.0, 3.0, 3.0, 3.0, 2.0, 2.0, 3.0, 6.0, 2.0, 2.0, 3.0, 2.0, 2.0], [1.0, 3.0, 3.0, 2.0, 1.0, 6.0, 6.0, 6.0, 2.0, 3.0, 0.0, 3.0, 2.0, 1.0, 1.0, 6.0, 2.0, 2.0, 2.0, 2.0, 3.0, 3.0, 2.0, 2.0, 2.0, 4.0, 3.0, 1.0, 3.0, 1.0, 1.0, 3.0, 2.0, 2.0, 3.0, 6.0, 2.0, 3.0, 3.0, 3.0, 3.0], [2.0, 5.0, 3.0, 2.0, 1.0, 6.0, 6.0, 6.0, 2.0, 3.0, 1.0, 6.0, 2.0, 1.0, 1.0, 6.0, 2.0, 0.0, 2.0, 3.0, 3.0, 3.0, 3.0, 3.0, 2.0, 5.0, 3.0, 1.0, 3.0, 1.0, 3.0, 3.0, 3.0, 2.0, 6.0, 6.0, 2.0, 3.0, 3.0, 3.0, 3.0], [2.0, 4.0, 3.0, 2.0, 1.0, 6.0, 6.0, 5.0, 2.0, 3.0, 1.0, 3.0, 3.0, 3.0, 1.0, 6.0, 2.0, 2.0, 2.0, 2.0, 1.0, 3.0, 3.0, 2.0, 2.0, 5.0, 3.0, 1.0, 5.0, 1.0, 1.0, 3.0, 3.0, 2.0, 3.0, 6.0, 2.0, 2.0, 3.0, 2.0, 3.0], [1.0, 3.0, 3.0, 2.0, 1.0, 3.0, 6.0, 6.0, 2.0, 3.0, 0.0, 3.0, 2.0, 1.0, 1.0, 6.0, 2.0, 2.0, 2.0, 3.0, 3.0, 2.0, 1.0, 2.0, 2.0, 5.0, 3.0, 1.0, 3.0, 1.0, 1.0, 3.0, 3.0, 2.0, 6.0, 2.0, 2.0, 3.0, 3.0, 2.0, 2.0], [0.0, 4.0, 4.0, 2.0, 1.0, 6.0, 6.0, 6.0, 2.0, 2.0, 0.0, 3.0, 2.0, 3.0, 1.0, 6.0, 0.0, 5.0, 2.0, 3.0, 1.0, 3.0, 2.0, 2.0, 2.0, 2.0, 2.0, 1.0, 3.0, 1.0, 3.0, 2.0, 2.0, 2.0, 5.0, 6.0, 2.0, 3.0, 3.0, 2.0, 3.0], [1.0, 5.0, 3.0, 4.0, 1.0, 6.0, 6.0, 6.0, 2.0, 6.0, 0.0, 3.0, 2.0, 3.0, 1.0, 6.0, 2.0, 3.0, 2.0, 3.0, 1.0, 3.0, 3.0, 2.0, 1.0, 4.0, 3.0, 1.0, 3.0, 1.0, 1.0, 3.0, 5.0, 2.0, 3.0, 2.0, 2.0, 3.0, 3.0, 3.0, 2.0], [2.0, 5.0, 3.0, 2.0, 1.0, 4.0, 6.0, 6.0, 2.0, 2.0, 0.0, 4.0, 2.0, 3.0, 1.0, 6.0, 2.0, 0.0, 2.0, 2.0, 3.0, 2.0, 3.0, 2.0, 2.0, 6.0, 2.0, 1.0, 3.0, 3.0, 3.0, 3.0, 5.0, 2.0, 6.0, 4.0, 2.0, 3.0, 3.0, 3.0, 3.0], [2.0, 5.0, 3.0, 2.0, 1.0, 6.0, 6.0, 6.0, 2.0, 3.0, 0.0, 2.0, 2.0, 3.0, 1.0, 6.0, 2.0, 2.0, 2.0, 2.0, 1.0, 2.0, 2.0, 2.0, 3.0, 6.0, 3.0, 1.0, 3.0, 1.0, 1.0, 3.0, 5.0, 2.0, 3.0, 6.0, 2.0, 3.0, 3.0, 2.0, 3.0], [1.0, 5.0, 3.0, 2.0, 1.0, 6.0, 6.0, 6.0, 2.0, 3.0, 0.0, 3.0, 2.0, 3.0, 1.0, 6.0, 2.0, 2.0, 2.0, 3.0, 1.0, 1.0, 3.0, 2.0, 2.0, 4.0, 2.0, 1.0, 3.0, 1.0, 1.0, 3.0, 3.0, 2.0, 3.0, 4.0, 2.0, 3.0, 1.0, 2.0, 3.0], [1.0, 4.0, 3.0, 2.0, 1.0, 6.0, 6.0, 6.0, 2.0, 6.0, 0.0, 2.0, 2.0, 3.0, 1.0, 6.0, 2.0, 4.0, 2.0, 2.0, 3.0, 3.0, 2.0, 3.0, 4.0, 6.0, 6.0, 1.0, 3.0, 1.0, 1.0, 2.0, 5.0, 2.0, 3.0, 6.0, 2.0, 3.0, 3.0, 2.0, 3.0], [1.0, 4.0, 3.0, 2.0, 1.0, 6.0, 6.0, 4.0, 2.0, 3.0, 0.0, 3.0, 2.0, 3.0, 1.0, 6.0, 2.0, 2.0, 2.0, 2.0, 3.0, 3.0, 3.0, 3.0, 1.0, 6.0, 2.0, 1.0, 3.0, 1.0, 1.0, 3.0, 5.0, 2.0, 2.0, 6.0, 2.0, 3.0, 3.0, 2.0, 3.0], [2.0, 3.0, 3.0, 0.0, 1.0, 6.0, 6.0, 6.0, 2.0, 2.0, 2.0, 2.0, 4.0, 1.0, 1.0, 6.0, 2.0, 3.0, 2.0, 3.0, 1.0, 3.0, 1.0, 2.0, 2.0, 6.0, 0.0, 1.0, 3.0, 1.0, 1.0, 5.0, 5.0, 2.0, 5.0, 6.0, 2.0, 3.0, 3.0, 3.0, 2.0], [2.0, 3.0, 3.0, 2.0, 1.0, 4.0, 6.0, 6.0, 2.0, 3.0, 0.0, 6.0, 2.0, 3.0, 1.0, 6.0, 2.0, 0.0, 2.0, 2.0, 3.0, 2.0, 1.0, 2.0, 2.0, 6.0, 2.0, 1.0, 3.0, 3.0, 3.0, 3.0, 3.0, 2.0, 6.0, 6.0, 2.0, 3.0, 3.0, 3.0, 3.0], [2.0, 5.0, 3.0, 2.0, 1.0, 4.0, 6.0, 6.0, 2.0, 3.0, 0.0, 3.0, 2.0, 3.0, 2.0, 6.0, 2.0, 5.0, 2.0, 2.0, 3.0, 2.0, 2.0, 2.0, 4.0, 5.0, 6.0, 1.0, 3.0, 3.0, 3.0, 2.0, 5.0, 2.0, 6.0, 6.0, 2.0, 3.0, 1.0, 3.0, 3.0], [2.0, 5.0, 3.0, 4.0, 1.0, 6.0, 6.0, 6.0, 2.0, 3.0, 0.0, 3.0, 2.0, 1.0, 1.0, 6.0, 2.0, 2.0, 2.0, 3.0, 1.0, 2.0, 1.0, 3.0, 2.0, 6.0, 3.0, 1.0, 5.0, 3.0, 1.0, 3.0, 3.0, 2.0, 3.0, 6.0, 3.0, 3.0, 3.0, 2.0, 3.0], [1.0, 3.0, 3.0, 2.0, 1.0, 6.0, 6.0, 6.0, 2.0, 6.0, 0.0, 3.0, 2.0, 1.0, 2.0, 6.0, 2.0, 2.0, 2.0, 3.0, 1.0, 3.0, 2.0, 3.0, 4.0, 5.0, 2.0, 1.0, 3.0, 1.0, 1.0, 2.0, 3.0, 2.0, 6.0, 4.0, 2.0, 3.0, 3.0, 3.0, 3.0], [1.0, 5.0, 3.0, 2.0, 1.0, 6.0, 6.0, 6.0, 2.0, 6.0, 0.0, 3.0, 2.0, 1.0, 1.0, 6.0, 0.0, 3.0, 2.0, 2.0, 1.0, 2.0, 3.0, 3.0, 2.0, 6.0, 0.0, 1.0, 3.0, 1.0, 3.0, 3.0, 3.0, 2.0, 6.0, 4.0, 2.0, 3.0, 1.0, 2.0, 3.0], [1.0, 5.0, 3.0, 2.0, 1.0, 6.0, 6.0, 6.0, 2.0, 3.0, 0.0, 3.0, 2.0, 1.0, 2.0, 6.0, 0.0, 2.0, 2.0, 3.0, 3.0, 3.0, 1.0, 2.0, 5.0, 6.0, 2.0, 1.0, 3.0, 1.0, 3.0, 3.0, 3.0, 2.0, 3.0, 6.0, 2.0, 2.0, 3.0, 2.0, 3.0], [1.0, 5.0, 3.0, 2.0, 1.0, 6.0, 6.0, 6.0, 2.0, 3.0, 0.0, 3.0, 2.0, 3.0, 1.0, 6.0, 2.0, 2.0, 5.0, 3.0, 1.0, 2.0, 1.0, 3.0, 4.0, 3.0, 3.0, 1.0, 3.0, 1.0, 2.0, 3.0, 5.0, 2.0, 3.0, 6.0, 2.0, 3.0, 3.0, 2.0, 3.0], [1.0, 3.0, 3.0, 2.0, 1.0, 6.0, 6.0, 6.0, 2.0, 2.0, 0.0, 3.0, 2.0, 3.0, 1.0, 6.0, 0.0, 5.0, 2.0, 2.0, 1.0, 2.0, 1.0, 3.0, 2.0, 6.0, 0.0, 1.0, 3.0, 1.0, 3.0, 3.0, 3.0, 2.0, 6.0, 6.0, 2.0, 2.0, 3.0, 3.0, 3.0], [0.0, 3.0, 3.0, 2.0, 1.0, 6.0, 6.0, 6.0, 2.0, 6.0, 0.0, 3.0, 3.0, 1.0, 2.0, 6.0, 2.0, 4.0, 2.0, 2.0, 1.0, 3.0, 3.0, 2.0, 2.0, 5.0, 6.0, 1.0, 3.0, 3.0, 3.0, 3.0, 2.0, 2.0, 3.0, 6.0, 2.0, 3.0, 3.0, 2.0, 3.0], [1.0, 5.0, 3.0, 2.0, 1.0, 6.0, 6.0, 6.0, 2.0, 3.0, 0.0, 3.0, 4.0, 2.0, 1.0, 4.0, 2.0, 0.0, 2.0, 3.0, 1.0, 2.0, 1.0, 2.0, 2.0, 5.0, 6.0, 1.0, 3.0, 1.0, 3.0, 3.0, 5.0, 2.0, 3.0, 4.0, 2.0, 3.0, 1.0, 2.0, 3.0], [1.0, 5.0, 3.0, 2.0, 1.0, 6.0, 6.0, 6.0, 2.0, 3.0, 0.0, 3.0, 3.0, 1.0, 1.0, 4.0, 2.0, 5.0, 2.0, 2.0, 3.0, 3.0, 3.0, 2.0, 3.0, 6.0, 2.0, 1.0, 3.0, 1.0, 2.0, 3.0, 3.0, 2.0, 3.0, 6.0, 2.0, 3.0, 3.0, 2.0, 3.0], [2.0, 4.0, 3.0, 3.0, 1.0, 6.0, 6.0, 6.0, 2.0, 2.0, 2.0, 3.0, 2.0, 1.0, 1.0, 6.0, 2.0, 3.0, 2.0, 3.0, 1.0, 2.0, 3.0, 2.0, 2.0, 6.0, 6.0, 1.0, 3.0, 1.0, 1.0, 3.0, 2.0, 2.0, 3.0, 6.0, 2.0, 2.0, 3.0, 2.0, 3.0], [2.0, 4.0, 3.0, 2.0, 1.0, 6.0, 6.0, 6.0, 2.0, 3.0, 0.0, 2.0, 2.0, 3.0, 1.0, 6.0, 2.0, 0.0, 2.0, 2.0, 2.0, 2.0, 2.0, 2.0, 6.0, 6.0, 3.0, 1.0, 3.0, 1.0, 3.0, 3.0, 2.0, 2.0, 3.0, 6.0, 2.0, 2.0, 3.0, 2.0, 3.0], [1.0, 3.0, 3.0, 3.0, 1.0, 4.0, 6.0, 6.0, 2.0, 3.0, 0.0, 3.0, 4.0, 3.0, 1.0, 6.0, 2.0, 2.0, 2.0, 2.0, 1.0, 3.0, 2.0, 3.0, 2.0, 6.0, 3.0, 1.0, 3.0, 3.0, 3.0, 3.0, 5.0, 2.0, 3.0, 6.0, 2.0, 3.0, 3.0, 3.0, 3.0], [1.0, 5.0, 3.0, 2.0, 1.0, 6.0, 6.0, 6.0, 2.0, 3.0, 2.0, 2.0, 2.0, 1.0, 1.0, 6.0, 2.0, 2.0, 2.0, 2.0, 1.0, 1.0, 3.0, 3.0, 3.0, 4.0, 2.0, 1.0, 3.0, 1.0, 3.0, 3.0, 5.0, 2.0, 3.0, 6.0, 2.0, 3.0, 3.0, 2.0, 3.0], [0.0, 2.0, 3.0, 2.0, 1.0, 6.0, 6.0, 6.0, 2.0, 3.0, 0.0, 3.0, 2.0, 2.0, 1.0, 6.0, 2.0, 3.0, 2.0, 3.0, 1.0, 2.0, 3.0, 2.0, 2.0, 4.0, 2.0, 1.0, 3.0, 1.0, 2.0, 3.0, 6.0, 2.0, 5.0, 6.0, 2.0, 3.0, 3.0, 3.0, 3.0], [0.0, 5.0, 3.0, 2.0, 1.0, 4.0, 6.0, 6.0, 2.0, 2.0, 0.0, 3.0, 2.0, 3.0, 1.0, 6.0, 2.0, 3.0, 2.0, 2.0, 3.0, 2.0, 2.0, 3.0, 2.0, 2.0, 3.0, 1.0, 3.0, 1.0, 2.0, 2.0, 5.0, 2.0, 4.0, 6.0, 2.0, 2.0, 3.0, 2.0, 3.0], [1.0, 5.0, 3.0, 2.0, 1.0, 6.0, 6.0, 6.0, 2.0, 3.0, 2.0, 3.0, 2.0, 3.0, 1.0, 6.0, 2.0, 3.0, 2.0, 3.0, 1.0, 3.0, 1.0, 2.0, 2.0, 5.0, 3.0, 1.0, 3.0, 1.0, 1.0, 3.0, 6.0, 2.0, 3.0, 6.0, 2.0, 3.0, 3.0, 2.0, 2.0], [2.0, 5.0, 3.0, 2.0, 1.0, 6.0, 6.0, 3.0, 2.0, 2.0, 0.0, 3.0, 3.0, 1.0, 1.0, 6.0, 2.0, 2.0, 2.0, 3.0, 3.0, 3.0, 2.0, 2.0, 2.0, 6.0, 2.0, 1.0, 5.0, 3.0, 3.0, 3.0, 3.0, 2.0, 2.0, 6.0, 3.0, 3.0, 1.0, 3.0, 2.0], [1.0, 5.0, 3.0, 2.0, 1.0, 6.0, 6.0, 6.0, 2.0, 2.0, 0.0, 2.0, 3.0, 3.0, 1.0, 6.0, 0.0, 2.0, 2.0, 3.0, 3.0, 3.0, 3.0, 2.0, 3.0, 2.0, 3.0, 1.0, 3.0, 1.0, 1.0, 2.0, 2.0, 2.0, 5.0, 6.0, 2.0, 3.0, 3.0, 2.0, 2.0], [2.0, 5.0, 3.0, 2.0, 1.0, 6.0, 6.0, 6.0, 2.0, 2.0, 0.0, 3.0, 3.0, 3.0, 1.0, 6.0, 0.0, 5.0, 2.0, 2.0, 1.0, 2.0, 1.0, 2.0, 3.0, 6.0, 6.0, 1.0, 3.0, 1.0, 1.0, 3.0, 5.0, 2.0, 3.0, 6.0, 2.0, 2.0, 3.0, 3.0, 3.0], [2.0, 3.0, 3.0, 2.0, 1.0, 6.0, 6.0, 6.0, 2.0, 3.0, 0.0, 2.0, 6.0, 3.0, 1.0, 6.0, 2.0, 5.0, 2.0, 2.0, 1.0, 2.0, 3.0, 2.0, 2.0, 6.0, 3.0, 1.0, 3.0, 1.0, 3.0, 5.0, 5.0, 2.0, 6.0, 6.0, 3.0, 3.0, 1.0, 2.0, 3.0], [1.0, 3.0, 3.0, 2.0, 1.0, 4.0, 6.0, 6.0, 2.0, 3.0, 0.0, 3.0, 3.0, 1.0, 1.0, 6.0, 2.0, 3.0, 2.0, 3.0, 3.0, 3.0, 2.0, 3.0, 2.0, 6.0, 6.0, 1.0, 3.0, 1.0, 3.0, 6.0, 5.0, 2.0, 3.0, 6.0, 2.0, 2.0, 3.0, 2.0, 2.0], [1.0, 5.0, 3.0, 2.0, 1.0, 6.0, 6.0, 6.0, 2.0, 3.0, 0.0, 3.0, 2.0, 1.0, 1.0, 6.0, 2.0, 6.0, 2.0, 3.0, 3.0, 2.0, 3.0, 3.0, 2.0, 2.0, 3.0, 1.0, 3.0, 1.0, 2.0, 3.0, 5.0, 2.0, 6.0, 6.0, 2.0, 3.0, 3.0, 3.0, 3.0], [1.0, 2.0, 3.0, 2.0, 1.0, 6.0, 6.0, 6.0, 2.0, 3.0, 0.0, 3.0, 2.0, 3.0, 1.0, 6.0, 0.0, 2.0, 2.0, 3.0, 1.0, 2.0, 2.0, 3.0, 5.0, 6.0, 6.0, 1.0, 3.0, 1.0, 3.0, 3.0, 5.0, 2.0, 2.0, 4.0, 2.0, 2.0, 3.0, 2.0, 3.0], [2.0, 3.0, 3.0, 0.0, 1.0, 6.0, 6.0, 6.0, 2.0, 6.0, 0.0, 2.0, 2.0, 3.0, 1.0, 6.0, 2.0, 3.0, 2.0, 3.0, 3.0, 2.0, 1.0, 3.0, 3.0, 6.0, 3.0, 1.0, 3.0, 1.0, 1.0, 3.0, 6.0, 2.0, 3.0, 6.0, 2.0, 2.0, 3.0, 2.0, 3.0], [2.0, 5.0, 3.0, 2.0, 1.0, 6.0, 6.0, 6.0, 2.0, 3.0, 0.0, 2.0, 2.0, 3.0, 1.0, 6.0, 2.0, 4.0, 2.0, 2.0, 1.0, 1.0, 2.0, 2.0, 2.0, 6.0, 3.0, 1.0, 3.0, 1.0, 1.0, 3.0, 5.0, 2.0, 3.0, 6.0, 3.0, 3.0, 3.0, 3.0, 3.0]]

first layer check: Conv2d(9, 64, kernel_size=(7, 7), stride=(2, 2), padding=(3, 3), bias=False)

for model 4: mode acc: 0.2926829159259796, run mean acc: 0.26750001311302185, top-2 acc:0.5102500319480896, mode f1: 0.2926829159259796

model 4 mode preds
[1.0, 3.0, 3.0, 3.0, 2.0, 3.0, 4.0, 4.0, 2.0, 2.0, 1.0, 3.0, 2.0, 1.0, 1.0, 4.0, 2.0, 3.0, 2.0, 3.0, 1.0, 1.0, 3.0, 3.0, 2.0, 3.0, 4.0, 1.0, 3.0, 1.0, 1.0, 3.0, 3.0, 1.0, 3.0, 3.0, 2.0, 3.0, 2.0, 3.0, 2.0]

model 4 all preds
[[1.0, 3.0, 4.0, 2.0, 1.0, 4.0, 4.0, 4.0, 2.0, 2.0, 1.0, 3.0, 2.0, 1.0, 1.0, 3.0, 2.0, 3.0, 2.0, 3.0, 1.0, 1.0, 3.0, 3.0, 1.0, 4.0, 3.0, 1.0, 3.0, 1.0, 1.0, 3.0, 3.0, 1.0, 3.0, 3.0, 2.0, 2.0, 2.0, 3.0, 2.0], [1.0, 3.0, 3.0, 3.0, 1.0, 3.0, 4.0, 4.0, 2.0, 2.0, 1.0, 3.0, 2.0, 1.0, 1.0, 4.0, 1.0, 3.0, 3.0, 3.0, 1.0, 2.0, 3.0, 3.0, 2.0, 4.0, 3.0, 1.0, 3.0, 2.0, 2.0, 3.0, 3.0, 1.0, 3.0, 3.0, 2.0, 3.0, 2.0, 1.0, 2.0], [1.0, 3.0, 3.0, 2.0, 2.0, 3.0, 3.0, 4.0, 2.0, 3.0, 1.0, 3.0, 2.0, 1.0, 1.0, 3.0, 2.0, 3.0, 2.0, 4.0, 1.0, 1.0, 3.0, 3.0, 1.0, 3.0, 4.0, 1.0, 3.0, 2.0, 1.0, 2.0, 3.0, 1.0, 3.0, 3.0, 2.0, 3.0, 2.0, 3.0, 2.0], [2.0, 3.0, 3.0, 3.0, 1.0, 4.0, 4.0, 4.0, 3.0, 2.0, 1.0, 3.0, 2.0, 1.0, 1.0, 3.0, 2.0, 4.0, 2.0, 3.0, 1.0, 1.0, 3.0, 3.0, 1.0, 3.0, 3.0, 1.0, 3.0, 2.0, 3.0, 3.0, 3.0, 1.0, 3.0, 3.0, 2.0, 3.0, 1.0, 3.0, 2.0], [2.0, 4.0, 3.0, 2.0, 1.0, 3.0, 4.0, 4.0, 3.0, 2.0, 1.0, 3.0, 2.0, 1.0, 1.0, 4.0, 2.0, 4.0, 2.0, 3.0, 1.0, 1.0, 1.0, 3.0, 2.0, 3.0, 4.0, 1.0, 3.0, 2.0, 1.0, 3.0, 3.0, 1.0, 3.0, 4.0, 2.0, 3.0, 1.0, 3.0, 2.0], [2.0, 3.0, 3.0, 3.0, 2.0, 4.0, 4.0, 4.0, 3.0, 2.0, 1.0, 3.0, 2.0, 1.0, 1.0, 4.0, 1.0, 4.0, 3.0, 3.0, 1.0, 1.0, 3.0, 3.0, 2.0, 3.0, 4.0, 1.0, 3.0, 1.0, 1.0, 3.0, 3.0, 1.0, 4.0, 3.0, 2.0, 3.0, 2.0, 3.0, 2.0], [1.0, 3.0, 4.0, 3.0, 1.0, 3.0, 4.0, 4.0, 2.0, 2.0, 1.0, 3.0, 2.0, 1.0, 1.0, 3.0, 1.0, 3.0, 2.0, 3.0, 1.0, 1.0, 3.0, 3.0, 1.0, 3.0, 4.0, 1.0, 3.0, 2.0, 1.0, 3.0, 3.0, 1.0, 3.0, 5.0, 2.0, 3.0, 2.0, 3.0, 2.0], [1.0, 3.0, 3.0, 3.0, 1.0, 3.0, 4.0, 4.0, 2.0, 2.0, 1.0, 3.0, 2.0, 1.0, 2.0, 4.0, 2.0, 4.0, 2.0, 2.0, 1.0, 2.0, 1.0, 2.0, 2.0, 3.0, 3.0, 1.0, 3.0, 1.0, 1.0, 3.0, 3.0, 1.0, 2.0, 4.0, 2.0, 2.0, 2.0, 3.0, 2.0], [1.0, 3.0, 4.0, 2.0, 2.0, 3.0, 4.0, 4.0, 3.0, 2.0, 1.0, 3.0, 2.0, 1.0, 1.0, 3.0, 2.0, 4.0, 3.0, 3.0, 1.0, 1.0, 3.0, 3.0, 2.0, 3.0, 4.0, 1.0, 3.0, 2.0, 1.0, 3.0, 3.0, 1.0, 2.0, 3.0, 2.0, 3.0, 2.0, 3.0, 2.0], [2.0, 3.0, 3.0, 3.0, 2.0, 3.0, 4.0, 4.0, 2.0, 2.0, 1.0, 3.0, 2.0, 1.0, 1.0, 4.0, 2.0, 4.0, 2.0, 3.0, 1.0, 2.0, 2.0, 2.0, 1.0, 4.0, 3.0, 1.0, 3.0, 1.0, 1.0, 3.0, 3.0, 2.0, 3.0, 3.0, 2.0, 3.0, 2.0, 3.0, 2.0], [1.0, 3.0, 3.0, 2.0, 1.0, 4.0, 4.0, 3.0, 2.0, 2.0, 1.0, 2.0, 2.0, 1.0, 1.0, 4.0, 2.0, 3.0, 2.0, 3.0, 1.0, 2.0, 3.0, 2.0, 1.0, 3.0, 4.0, 1.0, 3.0, 1.0, 1.0, 3.0, 3.0, 1.0, 3.0, 3.0, 2.0, 2.0, 2.0, 3.0, 2.0], [1.0, 3.0, 3.0, 3.0, 2.0, 3.0, 4.0, 3.0, 2.0, 4.0, 1.0, 3.0, 2.0, 1.0, 1.0, 4.0, 2.0, 4.0, 2.0, 4.0, 1.0, 2.0, 3.0, 3.0, 1.0, 3.0, 4.0, 1.0, 3.0, 1.0, 2.0, 3.0, 3.0, 1.0, 2.0, 3.0, 2.0, 3.0, 2.0, 2.0, 2.0], [1.0, 3.0, 4.0, 3.0, 1.0, 4.0, 4.0, 4.0, 2.0, 2.0, 1.0, 3.0, 2.0, 1.0, 1.0, 4.0, 1.0, 3.0, 3.0, 3.0, 1.0, 1.0, 3.0, 3.0, 1.0, 4.0, 4.0, 1.0, 3.0, 1.0, 1.0, 3.0, 3.0, 1.0, 4.0, 3.0, 2.0, 3.0, 2.0, 3.0, 2.0], [2.0, 3.0, 3.0, 2.0, 2.0, 4.0, 4.0, 4.0, 2.0, 3.0, 1.0, 3.0, 2.0, 1.0, 1.0, 3.0, 2.0, 3.0, 3.0, 2.0, 1.0, 1.0, 3.0, 3.0, 2.0, 4.0, 3.0, 1.0, 3.0, 1.0, 2.0, 3.0, 3.0, 2.0, 3.0, 3.0, 2.0, 3.0, 2.0, 3.0, 2.0], [1.0, 3.0, 4.0, 2.0, 2.0, 3.0, 4.0, 4.0, 2.0, 2.0, 1.0, 2.0, 2.0, 1.0, 1.0, 4.0, 2.0, 3.0, 2.0, 3.0, 1.0, 1.0, 3.0, 3.0, 3.0, 4.0, 4.0, 1.0, 3.0, 1.0, 2.0, 3.0, 3.0, 1.0, 3.0, 4.0, 2.0, 3.0, 2.0, 3.0, 2.0], [1.0, 3.0, 3.0, 3.0, 1.0, 3.0, 4.0, 3.0, 2.0, 2.0, 1.0, 3.0, 2.0, 1.0, 1.0, 3.0, 2.0, 3.0, 2.0, 3.0, 1.0, 1.0, 3.0, 2.0, 2.0, 3.0, 4.0, 1.0, 3.0, 2.0, 2.0, 3.0, 3.0, 1.0, 3.0, 3.0, 2.0, 3.0, 1.0, 2.0, 2.0], [1.0, 3.0, 3.0, 3.0, 1.0, 3.0, 4.0, 4.0, 2.0, 2.0, 1.0, 3.0, 2.0, 1.0, 1.0, 4.0, 2.0, 3.0, 3.0, 4.0, 1.0, 1.0, 2.0, 3.0, 2.0, 3.0, 4.0, 1.0, 3.0, 1.0, 1.0, 3.0, 3.0, 2.0, 3.0, 3.0, 2.0, 3.0, 2.0, 3.0, 2.0], [1.0, 3.0, 4.0, 3.0, 1.0, 4.0, 4.0, 4.0, 2.0, 2.0, 1.0, 3.0, 2.0, 1.0, 2.0, 3.0, 2.0, 3.0, 2.0, 3.0, 1.0, 1.0, 1.0, 3.0, 1.0, 3.0, 3.0, 1.0, 3.0, 2.0, 1.0, 3.0, 3.0, 1.0, 3.0, 3.0, 2.0, 3.0, 1.0, 1.0, 2.0], [1.0, 3.0, 3.0, 2.0, 1.0, 3.0, 4.0, 3.0, 2.0, 2.0, 1.0, 3.0, 2.0, 1.0, 1.0, 4.0, 2.0, 4.0, 3.0, 2.0, 1.0, 2.0, 3.0, 3.0, 1.0, 4.0, 4.0, 1.0, 3.0, 1.0, 2.0, 3.0, 3.0, 1.0, 3.0, 3.0, 2.0, 3.0, 2.0, 3.0, 2.0], [1.0, 3.0, 4.0, 2.0, 2.0, 4.0, 4.0, 4.0, 2.0, 2.0, 1.0, 3.0, 2.0, 1.0, 1.0, 3.0, 1.0, 4.0, 2.0, 4.0, 1.0, 1.0, 3.0, 3.0, 1.0, 4.0, 4.0, 1.0, 3.0, 1.0, 1.0, 3.0, 3.0, 1.0, 3.0, 3.0, 2.0, 3.0, 1.0, 3.0, 2.0], [2.0, 3.0, 4.0, 3.0, 2.0, 4.0, 3.0, 4.0, 2.0, 2.0, 1.0, 2.0, 2.0, 1.0, 1.0, 4.0, 1.0, 3.0, 3.0, 3.0, 1.0, 2.0, 2.0, 3.0, 2.0, 3.0, 3.0, 1.0, 3.0, 1.0, 3.0, 3.0, 3.0, 1.0, 3.0, 3.0, 2.0, 3.0, 1.0, 3.0, 2.0], [2.0, 3.0, 2.0, 3.0, 2.0, 4.0, 4.0, 4.0, 3.0, 4.0, 1.0, 2.0, 2.0, 1.0, 1.0, 4.0, 2.0, 3.0, 2.0, 3.0, 1.0, 2.0, 3.0, 3.0, 2.0, 3.0, 4.0, 1.0, 3.0, 1.0, 2.0, 3.0, 3.0, 1.0, 3.0, 3.0, 2.0, 3.0, 2.0, 3.0, 2.0], [1.0, 3.0, 3.0, 3.0, 1.0, 4.0, 4.0, 3.0, 2.0, 4.0, 1.0, 3.0, 2.0, 1.0, 1.0, 4.0, 1.0, 3.0, 2.0, 3.0, 1.0, 2.0, 3.0, 2.0, 1.0, 3.0, 4.0, 1.0, 3.0, 1.0, 2.0, 3.0, 3.0, 2.0, 3.0, 3.0, 2.0, 1.0, 2.0, 3.0, 2.0], [1.0, 3.0, 3.0, 2.0, 2.0, 3.0, 4.0, 4.0, 2.0, 2.0, 1.0, 3.0, 2.0, 1.0, 1.0, 4.0, 2.0, 3.0, 2.0, 3.0, 1.0, 2.0, 3.0, 3.0, 2.0, 3.0, 4.0, 1.0, 3.0, 1.0, 2.0, 3.0, 3.0, 1.0, 3.0, 3.0, 2.0, 2.0, 3.0, 3.0, 2.0], [1.0, 3.0, 3.0, 3.0, 1.0, 4.0, 4.0, 4.0, 2.0, 3.0, 1.0, 3.0, 2.0, 1.0, 1.0, 3.0, 2.0, 3.0, 2.0, 3.0, 1.0, 1.0, 3.0, 3.0, 2.0, 4.0, 4.0, 1.0, 3.0, 1.0, 1.0, 3.0, 3.0, 1.0, 3.0, 3.0, 2.0, 3.0, 2.0, 3.0, 2.0], [1.0, 3.0, 3.0, 3.0, 2.0, 3.0, 4.0, 4.0, 2.0, 2.0, 1.0, 3.0, 2.0, 1.0, 1.0, 3.0, 2.0, 3.0, 2.0, 3.0, 1.0, 2.0, 3.0, 3.0, 1.0, 4.0, 3.0, 1.0, 3.0, 2.0, 2.0, 3.0, 1.0, 1.0, 3.0, 4.0, 2.0, 3.0, 1.0, 3.0, 2.0], [1.0, 3.0, 4.0, 3.0, 1.0, 4.0, 4.0, 3.0, 2.0, 2.0, 1.0, 3.0, 2.0, 1.0, 1.0, 4.0, 2.0, 4.0, 2.0, 3.0, 1.0, 1.0, 3.0, 3.0, 1.0, 3.0, 3.0, 1.0, 3.0, 1.0, 1.0, 3.0, 3.0, 1.0, 3.0, 3.0, 2.0, 3.0, 1.0, 3.0, 2.0], [1.0, 3.0, 4.0, 3.0, 2.0, 3.0, 4.0, 4.0, 1.0, 2.0, 1.0, 3.0, 2.0, 1.0, 1.0, 4.0, 2.0, 3.0, 2.0, 2.0, 1.0, 1.0, 3.0, 3.0, 2.0, 3.0, 3.0, 1.0, 3.0, 1.0, 2.0, 3.0, 3.0, 1.0, 3.0, 3.0, 2.0, 1.0, 2.0, 3.0, 2.0], [1.0, 3.0, 3.0, 2.0, 1.0, 3.0, 4.0, 4.0, 2.0, 2.0, 1.0, 3.0, 2.0, 1.0, 1.0, 3.0, 1.0, 4.0, 2.0, 3.0, 1.0, 2.0, 3.0, 3.0, 2.0, 3.0, 4.0, 1.0, 3.0, 1.0, 2.0, 3.0, 3.0, 1.0, 3.0, 3.0, 2.0, 3.0, 1.0, 1.0, 2.0], [1.0, 3.0, 3.0, 2.0, 2.0, 3.0, 4.0, 4.0, 2.0, 2.0, 1.0, 3.0, 2.0, 1.0, 1.0, 3.0, 2.0, 3.0, 3.0, 3.0, 1.0, 1.0, 3.0, 3.0, 1.0, 3.0, 3.0, 1.0, 3.0, 1.0, 1.0, 3.0, 3.0, 1.0, 4.0, 3.0, 2.0, 3.0, 2.0, 1.0, 2.0], [1.0, 3.0, 3.0, 2.0, 2.0, 4.0, 4.0, 4.0, 2.0, 2.0, 1.0, 3.0, 2.0, 1.0, 1.0, 3.0, 2.0, 3.0, 3.0, 3.0, 1.0, 2.0, 3.0, 3.0, 2.0, 4.0, 4.0, 1.0, 3.0, 1.0, 3.0, 3.0, 3.0, 1.0, 3.0, 3.0, 2.0, 3.0, 2.0, 3.0, 2.0], [2.0, 3.0, 2.0, 2.0, 2.0, 3.0, 4.0, 4.0, 3.0, 3.0, 1.0, 3.0, 2.0, 1.0, 1.0, 3.0, 2.0, 4.0, 3.0, 3.0, 1.0, 1.0, 3.0, 3.0, 2.0, 4.0, 3.0, 1.0, 3.0, 1.0, 3.0, 3.0, 3.0, 1.0, 3.0, 5.0, 2.0, 3.0, 3.0, 3.0, 2.0], [2.0, 3.0, 3.0, 2.0, 1.0, 3.0, 4.0, 4.0, 2.0, 2.0, 1.0, 3.0, 2.0, 1.0, 1.0, 4.0, 2.0, 4.0, 2.0, 3.0, 1.0, 1.0, 3.0, 3.0, 2.0, 4.0, 3.0, 1.0, 3.0, 1.0, 3.0, 3.0, 3.0, 1.0, 3.0, 3.0, 2.0, 3.0, 1.0, 3.0, 2.0], [2.0, 4.0, 3.0, 2.0, 1.0, 4.0, 4.0, 4.0, 3.0, 3.0, 1.0, 3.0, 2.0, 1.0, 1.0, 3.0, 1.0, 3.0, 2.0, 3.0, 1.0, 1.0, 3.0, 3.0, 1.0, 4.0, 4.0, 1.0, 3.0, 2.0, 1.0, 3.0, 3.0, 2.0, 4.0, 3.0, 2.0, 3.0, 1.0, 3.0, 2.0], [1.0, 3.0, 3.0, 2.0, 2.0, 4.0, 4.0, 4.0, 2.0, 2.0, 1.0, 3.0, 2.0, 1.0, 1.0, 4.0, 2.0, 3.0, 3.0, 2.0, 1.0, 1.0, 1.0, 3.0, 2.0, 3.0, 3.0, 1.0, 3.0, 1.0, 1.0, 3.0, 3.0, 2.0, 3.0, 4.0, 2.0, 3.0, 2.0, 3.0, 2.0], [1.0, 3.0, 3.0, 3.0, 1.0, 4.0, 4.0, 4.0, 2.0, 2.0, 1.0, 3.0, 2.0, 1.0, 1.0, 4.0, 2.0, 3.0, 3.0, 3.0, 1.0, 1.0, 3.0, 3.0, 3.0, 4.0, 3.0, 1.0, 3.0, 1.0, 2.0, 3.0, 3.0, 1.0, 3.0, 4.0, 2.0, 3.0, 2.0, 3.0, 2.0], [2.0, 3.0, 3.0, 3.0, 2.0, 3.0, 4.0, 3.0, 2.0, 3.0, 1.0, 3.0, 2.0, 1.0, 1.0, 4.0, 2.0, 3.0, 2.0, 3.0, 1.0, 2.0, 3.0, 3.0, 2.0, 3.0, 4.0, 1.0, 3.0, 2.0, 2.0, 3.0, 3.0, 1.0, 4.0, 3.0, 2.0, 3.0, 1.0, 3.0, 2.0], [1.0, 4.0, 4.0, 3.0, 2.0, 3.0, 4.0, 4.0, 2.0, 2.0, 1.0, 3.0, 2.0, 1.0, 1.0, 4.0, 2.0, 3.0, 2.0, 4.0, 1.0, 2.0, 3.0, 3.0, 2.0, 4.0, 4.0, 1.0, 3.0, 1.0, 1.0, 3.0, 3.0, 2.0, 3.0, 3.0, 2.0, 3.0, 2.0, 1.0, 2.0], [2.0, 3.0, 3.0, 3.0, 2.0, 4.0, 4.0, 4.0, 2.0, 2.0, 1.0, 3.0, 2.0, 1.0, 2.0, 3.0, 2.0, 3.0, 2.0, 3.0, 1.0, 3.0, 3.0, 3.0, 3.0, 3.0, 4.0, 1.0, 3.0, 1.0, 1.0, 3.0, 3.0, 1.0, 3.0, 3.0, 2.0, 3.0, 2.0, 3.0, 2.0], [1.0, 3.0, 3.0, 3.0, 1.0, 4.0, 4.0, 4.0, 2.0, 2.0, 1.0, 2.0, 2.0, 1.0, 1.0, 4.0, 2.0, 3.0, 2.0, 3.0, 1.0, 1.0, 1.0, 3.0, 1.0, 3.0, 3.0, 1.0, 3.0, 1.0, 1.0, 3.0, 3.0, 1.0, 3.0, 3.0, 2.0, 3.0, 1.0, 3.0, 2.0], [2.0, 3.0, 3.0, 3.0, 2.0, 3.0, 4.0, 4.0, 2.0, 2.0, 1.0, 2.0, 2.0, 1.0, 1.0, 4.0, 2.0, 3.0, 3.0, 3.0, 1.0, 1.0, 3.0, 3.0, 1.0, 3.0, 4.0, 1.0, 3.0, 1.0, 2.0, 3.0, 3.0, 1.0, 3.0, 3.0, 2.0, 3.0, 1.0, 1.0, 2.0], [1.0, 3.0, 4.0, 3.0, 2.0, 3.0, 4.0, 4.0, 3.0, 2.0, 1.0, 3.0, 2.0, 1.0, 1.0, 3.0, 2.0, 4.0, 2.0, 3.0, 1.0, 3.0, 3.0, 3.0, 1.0, 3.0, 4.0, 1.0, 3.0, 1.0, 1.0, 3.0, 3.0, 1.0, 3.0, 3.0, 2.0, 2.0, 2.0, 1.0, 2.0], [2.0, 3.0, 4.0, 2.0, 2.0, 4.0, 4.0, 4.0, 2.0, 2.0, 1.0, 3.0, 2.0, 1.0, 1.0, 4.0, 2.0, 3.0, 3.0, 3.0, 1.0, 3.0, 3.0, 3.0, 1.0, 4.0, 4.0, 1.0, 3.0, 1.0, 1.0, 3.0, 5.0, 1.0, 3.0, 4.0, 2.0, 3.0, 2.0, 3.0, 2.0], [2.0, 3.0, 3.0, 2.0, 2.0, 4.0, 4.0, 4.0, 2.0, 2.0, 1.0, 3.0, 2.0, 1.0, 1.0, 4.0, 1.0, 4.0, 2.0, 3.0, 1.0, 1.0, 1.0, 3.0, 1.0, 3.0, 4.0, 1.0, 3.0, 1.0, 2.0, 3.0, 3.0, 1.0, 3.0, 4.0, 2.0, 3.0, 1.0, 1.0, 2.0], [2.0, 3.0, 3.0, 3.0, 1.0, 4.0, 4.0, 3.0, 2.0, 2.0, 1.0, 3.0, 2.0, 1.0, 1.0, 4.0, 1.0, 3.0, 2.0, 3.0, 1.0, 1.0, 2.0, 3.0, 1.0, 3.0, 3.0, 1.0, 3.0, 2.0, 2.0, 3.0, 3.0, 1.0, 3.0, 3.0, 2.0, 2.0, 1.0, 2.0, 2.0], [1.0, 3.0, 3.0, 2.0, 2.0, 4.0, 4.0, 4.0, 2.0, 2.0, 1.0, 3.0, 2.0, 1.0, 1.0, 3.0, 2.0, 4.0, 3.0, 3.0, 1.0, 2.0, 3.0, 3.0, 2.0, 3.0, 3.0, 1.0, 3.0, 1.0, 2.0, 4.0, 3.0, 1.0, 3.0, 3.0, 2.0, 3.0, 2.0, 3.0, 2.0], [1.0, 3.0, 3.0, 2.0, 2.0, 4.0, 4.0, 3.0, 3.0, 2.0, 1.0, 3.0, 2.0, 1.0, 1.0, 4.0, 2.0, 3.0, 2.0, 3.0, 1.0, 2.0, 3.0, 3.0, 2.0, 4.0, 4.0, 1.0, 3.0, 1.0, 1.0, 3.0, 3.0, 1.0, 3.0, 3.0, 2.0, 3.0, 3.0, 3.0, 2.0], [1.0, 3.0, 4.0, 3.0, 1.0, 3.0, 4.0, 4.0, 2.0, 2.0, 1.0, 2.0, 2.0, 2.0, 1.0, 3.0, 2.0, 4.0, 2.0, 3.0, 1.0, 3.0, 3.0, 3.0, 1.0, 3.0, 4.0, 1.0, 3.0, 1.0, 1.0, 3.0, 4.0, 1.0, 3.0, 3.0, 2.0, 3.0, 2.0, 3.0, 2.0], [1.0, 3.0, 4.0, 3.0, 1.0, 4.0, 4.0, 4.0, 2.0, 2.0, 1.0, 3.0, 2.0, 1.0, 1.0, 3.0, 2.0, 4.0, 3.0, 3.0, 1.0, 1.0, 3.0, 3.0, 2.0, 4.0, 4.0, 1.0, 3.0, 1.0, 1.0, 3.0, 3.0, 1.0, 3.0, 3.0, 2.0, 2.0, 2.0, 3.0, 2.0], [1.0, 3.0, 4.0, 3.0, 1.0, 3.0, 4.0, 4.0, 2.0, 2.0, 1.0, 3.0, 2.0, 1.0, 1.0, 4.0, 2.0, 3.0, 3.0, 3.0, 1.0, 1.0, 3.0, 3.0, 2.0, 4.0, 4.0, 1.0, 3.0, 1.0, 1.0, 4.0, 3.0, 2.0, 3.0, 3.0, 2.0, 3.0, 2.0, 3.0, 2.0]]

