first layer check: Conv2d(6, 64, kernel_size=(7, 7), stride=(2, 2), padding=(3, 3), bias=False)

target ys
[4.0, 2.0, 6.0, 0.0, 4.0, 0.0, 2.0, 0.0, 2.0, 4.0, 3.0, 1.0, 1.0, 6.0, 5.0, 4.0, 3.0, 5.0, 3.0, 3.0, 5.0, 2.0, 2.0, 2.0, 2.0, 1.0, 3.0, 2.0, 1.0, 4.0, 2.0, 5.0, 3.0, 3.0, 1.0, 3.0, 2.0, 6.0, 2.0, 1.0, 3.0]

for model 0: mode acc: 0.26829269528388977, run mean acc: 0.2471666783094406, top-2 acc:0.4247499704360962, mode f1: 0.26829269528388977

model 0 mode preds
[3.0, 2.0, 4.0, 3.0, 4.0, 4.0, 3.0, 1.0, 2.0, 3.0, 3.0, 3.0, 1.0, 4.0, 2.0, 4.0, 2.0, 2.0, 4.0, 2.0, 3.0, 5.0, 2.0, 4.0, 3.0, 1.0, 4.0, 2.0, 3.0, 4.0, 3.0, 4.0, 3.0, 4.0, 4.0, 2.0, 3.0, 4.0, 1.0, 2.0, 4.0]

model 0 all preds
[[2.0, 2.0, 4.0, 3.0, 4.0, 4.0, 3.0, 2.0, 2.0, 3.0, 2.0, 3.0, 1.0, 4.0, 3.0, 4.0, 2.0, 2.0, 3.0, 2.0, 3.0, 3.0, 2.0, 2.0, 3.0, 1.0, 3.0, 2.0, 4.0, 4.0, 3.0, 4.0, 4.0, 4.0, 4.0, 4.0, 3.0, 4.0, 3.0, 2.0, 4.0], [3.0, 2.0, 4.0, 2.0, 4.0, 2.0, 3.0, 1.0, 2.0, 3.0, 2.0, 3.0, 1.0, 4.0, 4.0, 4.0, 2.0, 2.0, 4.0, 4.0, 3.0, 4.0, 3.0, 4.0, 3.0, 1.0, 4.0, 2.0, 4.0, 4.0, 3.0, 5.0, 3.0, 4.0, 4.0, 4.0, 3.0, 4.0, 1.0, 2.0, 4.0], [3.0, 4.0, 4.0, 3.0, 4.0, 4.0, 3.0, 2.0, 2.0, 3.0, 2.0, 3.0, 1.0, 4.0, 4.0, 4.0, 4.0, 2.0, 3.0, 2.0, 4.0, 2.0, 2.0, 4.0, 3.0, 1.0, 3.0, 2.0, 2.0, 4.0, 3.0, 5.0, 2.0, 2.0, 2.0, 2.0, 3.0, 5.0, 3.0, 2.0, 4.0], [3.0, 4.0, 4.0, 1.0, 4.0, 2.0, 2.0, 1.0, 2.0, 3.0, 3.0, 3.0, 1.0, 4.0, 4.0, 4.0, 2.0, 2.0, 4.0, 2.0, 3.0, 2.0, 2.0, 4.0, 3.0, 1.0, 4.0, 2.0, 3.0, 4.0, 3.0, 4.0, 3.0, 4.0, 4.0, 2.0, 3.0, 4.0, 1.0, 2.0, 4.0], [3.0, 2.0, 4.0, 3.0, 4.0, 1.0, 3.0, 1.0, 2.0, 3.0, 3.0, 3.0, 1.0, 4.0, 4.0, 4.0, 2.0, 2.0, 4.0, 2.0, 3.0, 5.0, 2.0, 2.0, 3.0, 1.0, 4.0, 2.0, 3.0, 4.0, 3.0, 4.0, 3.0, 2.0, 4.0, 3.0, 3.0, 4.0, 1.0, 2.0, 4.0], [4.0, 2.0, 4.0, 2.0, 4.0, 4.0, 3.0, 1.0, 2.0, 3.0, 1.0, 3.0, 1.0, 4.0, 3.0, 4.0, 3.0, 2.0, 4.0, 4.0, 3.0, 5.0, 2.0, 4.0, 3.0, 1.0, 4.0, 2.0, 3.0, 4.0, 3.0, 3.0, 3.0, 4.0, 2.0, 3.0, 3.0, 3.0, 1.0, 2.0, 4.0], [1.0, 4.0, 4.0, 3.0, 4.0, 2.0, 2.0, 1.0, 2.0, 3.0, 3.0, 3.0, 1.0, 4.0, 2.0, 4.0, 3.0, 2.0, 4.0, 2.0, 3.0, 2.0, 2.0, 4.0, 3.0, 1.0, 4.0, 2.0, 4.0, 4.0, 3.0, 3.0, 4.0, 2.0, 4.0, 2.0, 3.0, 4.0, 3.0, 2.0, 4.0], [1.0, 4.0, 4.0, 1.0, 2.0, 2.0, 3.0, 1.0, 2.0, 3.0, 1.0, 3.0, 1.0, 4.0, 3.0, 4.0, 3.0, 2.0, 4.0, 4.0, 3.0, 4.0, 2.0, 2.0, 3.0, 1.0, 4.0, 2.0, 4.0, 4.0, 3.0, 5.0, 3.0, 4.0, 2.0, 2.0, 3.0, 4.0, 3.0, 2.0, 4.0], [3.0, 2.0, 4.0, 3.0, 2.0, 4.0, 0.0, 2.0, 2.0, 3.0, 3.0, 3.0, 1.0, 4.0, 3.0, 4.0, 3.0, 2.0, 4.0, 2.0, 3.0, 3.0, 3.0, 2.0, 1.0, 1.0, 4.0, 2.0, 3.0, 4.0, 3.0, 3.0, 3.0, 4.0, 2.0, 2.0, 3.0, 5.0, 3.0, 2.0, 4.0], [3.0, 2.0, 4.0, 3.0, 4.0, 2.0, 2.0, 1.0, 2.0, 3.0, 3.0, 3.0, 1.0, 4.0, 2.0, 4.0, 2.0, 2.0, 3.0, 2.0, 3.0, 5.0, 3.0, 4.0, 3.0, 1.0, 5.0, 2.0, 4.0, 4.0, 2.0, 4.0, 3.0, 4.0, 4.0, 4.0, 3.0, 4.0, 1.0, 2.0, 4.0], [1.0, 2.0, 4.0, 3.0, 2.0, 1.0, 3.0, 1.0, 2.0, 2.0, 3.0, 3.0, 1.0, 4.0, 2.0, 4.0, 2.0, 2.0, 4.0, 4.0, 3.0, 3.0, 1.0, 4.0, 3.0, 1.0, 4.0, 2.0, 2.0, 4.0, 3.0, 4.0, 4.0, 2.0, 2.0, 2.0, 2.0, 4.0, 1.0, 2.0, 4.0], [3.0, 2.0, 4.0, 3.0, 4.0, 2.0, 2.0, 1.0, 2.0, 3.0, 3.0, 3.0, 1.0, 4.0, 3.0, 4.0, 3.0, 2.0, 4.0, 2.0, 3.0, 5.0, 2.0, 2.0, 3.0, 1.0, 4.0, 2.0, 3.0, 4.0, 5.0, 5.0, 3.0, 4.0, 2.0, 2.0, 3.0, 4.0, 1.0, 2.0, 2.0], [2.0, 4.0, 4.0, 2.0, 2.0, 1.0, 3.0, 2.0, 2.0, 3.0, 3.0, 3.0, 1.0, 4.0, 2.0, 4.0, 3.0, 2.0, 4.0, 2.0, 3.0, 2.0, 2.0, 4.0, 3.0, 1.0, 3.0, 2.0, 3.0, 4.0, 3.0, 4.0, 3.0, 4.0, 4.0, 2.0, 3.0, 4.0, 3.0, 2.0, 4.0], [3.0, 2.0, 4.0, 2.0, 4.0, 2.0, 2.0, 2.0, 2.0, 3.0, 3.0, 3.0, 1.0, 4.0, 2.0, 4.0, 2.0, 2.0, 3.0, 2.0, 3.0, 5.0, 1.0, 2.0, 3.0, 1.0, 3.0, 2.0, 3.0, 4.0, 3.0, 4.0, 3.0, 4.0, 4.0, 2.0, 3.0, 5.0, 1.0, 2.0, 4.0], [3.0, 2.0, 4.0, 1.0, 4.0, 4.0, 3.0, 2.0, 2.0, 3.0, 1.0, 3.0, 1.0, 4.0, 4.0, 4.0, 3.0, 2.0, 4.0, 2.0, 3.0, 3.0, 2.0, 4.0, 3.0, 1.0, 4.0, 2.0, 4.0, 4.0, 3.0, 5.0, 4.0, 4.0, 4.0, 2.0, 3.0, 4.0, 3.0, 2.0, 2.0], [3.0, 2.0, 4.0, 3.0, 4.0, 4.0, 3.0, 1.0, 2.0, 3.0, 3.0, 1.0, 1.0, 4.0, 3.0, 4.0, 2.0, 2.0, 4.0, 2.0, 3.0, 5.0, 2.0, 4.0, 3.0, 1.0, 3.0, 2.0, 3.0, 4.0, 3.0, 5.0, 3.0, 4.0, 4.0, 2.0, 3.0, 4.0, 1.0, 2.0, 4.0], [3.0, 2.0, 4.0, 4.0, 2.0, 1.0, 2.0, 2.0, 2.0, 3.0, 2.0, 3.0, 1.0, 4.0, 3.0, 4.0, 2.0, 2.0, 4.0, 2.0, 3.0, 5.0, 2.0, 2.0, 3.0, 1.0, 5.0, 2.0, 4.0, 4.0, 3.0, 4.0, 4.0, 4.0, 4.0, 3.0, 3.0, 4.0, 1.0, 2.0, 4.0], [3.0, 4.0, 4.0, 1.0, 2.0, 4.0, 0.0, 2.0, 2.0, 3.0, 3.0, 1.0, 1.0, 4.0, 3.0, 4.0, 2.0, 2.0, 4.0, 2.0, 3.0, 2.0, 2.0, 4.0, 3.0, 1.0, 4.0, 2.0, 3.0, 4.0, 3.0, 4.0, 3.0, 4.0, 4.0, 2.0, 3.0, 5.0, 3.0, 2.0, 4.0], [2.0, 2.0, 4.0, 3.0, 4.0, 4.0, 2.0, 1.0, 2.0, 3.0, 3.0, 3.0, 2.0, 4.0, 2.0, 4.0, 2.0, 2.0, 3.0, 2.0, 3.0, 5.0, 2.0, 4.0, 3.0, 1.0, 4.0, 2.0, 3.0, 4.0, 3.0, 3.0, 3.0, 4.0, 4.0, 4.0, 2.0, 5.0, 3.0, 2.0, 4.0], [3.0, 2.0, 4.0, 2.0, 4.0, 4.0, 3.0, 1.0, 2.0, 3.0, 3.0, 3.0, 1.0, 4.0, 4.0, 4.0, 2.0, 2.0, 3.0, 2.0, 3.0, 4.0, 2.0, 4.0, 4.0, 1.0, 4.0, 2.0, 3.0, 4.0, 3.0, 4.0, 3.0, 4.0, 4.0, 2.0, 3.0, 4.0, 1.0, 2.0, 4.0], [3.0, 2.0, 4.0, 3.0, 4.0, 2.0, 3.0, 1.0, 2.0, 3.0, 3.0, 3.0, 1.0, 4.0, 3.0, 4.0, 2.0, 2.0, 2.0, 2.0, 3.0, 2.0, 2.0, 4.0, 3.0, 1.0, 4.0, 2.0, 4.0, 4.0, 3.0, 4.0, 4.0, 2.0, 2.0, 4.0, 3.0, 2.0, 3.0, 2.0, 3.0], [3.0, 2.0, 4.0, 1.0, 2.0, 4.0, 3.0, 1.0, 2.0, 3.0, 2.0, 3.0, 1.0, 4.0, 3.0, 4.0, 2.0, 2.0, 4.0, 2.0, 3.0, 2.0, 2.0, 4.0, 3.0, 1.0, 4.0, 2.0, 4.0, 4.0, 2.0, 4.0, 4.0, 2.0, 2.0, 2.0, 3.0, 4.0, 3.0, 2.0, 4.0], [3.0, 4.0, 4.0, 3.0, 3.0, 4.0, 3.0, 2.0, 2.0, 3.0, 3.0, 3.0, 1.0, 4.0, 3.0, 4.0, 0.0, 2.0, 4.0, 4.0, 3.0, 3.0, 3.0, 2.0, 3.0, 1.0, 4.0, 2.0, 3.0, 4.0, 3.0, 3.0, 4.0, 2.0, 4.0, 3.0, 3.0, 4.0, 3.0, 2.0, 4.0], [3.0, 4.0, 4.0, 1.0, 4.0, 4.0, 2.0, 1.0, 2.0, 3.0, 1.0, 3.0, 1.0, 4.0, 4.0, 4.0, 1.0, 2.0, 2.0, 4.0, 3.0, 5.0, 2.0, 2.0, 3.0, 1.0, 3.0, 2.0, 3.0, 4.0, 3.0, 4.0, 3.0, 4.0, 4.0, 4.0, 3.0, 4.0, 1.0, 2.0, 4.0], [3.0, 2.0, 4.0, 3.0, 4.0, 2.0, 3.0, 2.0, 2.0, 3.0, 3.0, 3.0, 1.0, 4.0, 3.0, 4.0, 2.0, 3.0, 4.0, 2.0, 3.0, 2.0, 1.0, 4.0, 3.0, 1.0, 4.0, 2.0, 3.0, 4.0, 3.0, 4.0, 4.0, 2.0, 4.0, 2.0, 3.0, 3.0, 1.0, 2.0, 4.0], [3.0, 4.0, 4.0, 3.0, 4.0, 1.0, 2.0, 2.0, 2.0, 2.0, 1.0, 3.0, 1.0, 4.0, 2.0, 4.0, 0.0, 2.0, 4.0, 2.0, 3.0, 2.0, 2.0, 2.0, 3.0, 1.0, 4.0, 2.0, 3.0, 4.0, 3.0, 4.0, 3.0, 4.0, 4.0, 2.0, 3.0, 4.0, 1.0, 2.0, 4.0], [3.0, 2.0, 4.0, 3.0, 4.0, 4.0, 3.0, 1.0, 2.0, 3.0, 1.0, 3.0, 1.0, 4.0, 2.0, 4.0, 5.0, 2.0, 4.0, 2.0, 3.0, 3.0, 3.0, 4.0, 3.0, 1.0, 4.0, 2.0, 2.0, 4.0, 3.0, 4.0, 4.0, 4.0, 2.0, 2.0, 3.0, 5.0, 1.0, 2.0, 4.0], [3.0, 2.0, 4.0, 2.0, 4.0, 4.0, 0.0, 2.0, 2.0, 3.0, 2.0, 3.0, 1.0, 4.0, 4.0, 4.0, 2.0, 2.0, 3.0, 4.0, 3.0, 2.0, 3.0, 2.0, 3.0, 1.0, 4.0, 2.0, 3.0, 4.0, 3.0, 4.0, 3.0, 4.0, 4.0, 2.0, 3.0, 4.0, 1.0, 2.0, 4.0], [1.0, 4.0, 3.0, 3.0, 4.0, 4.0, 2.0, 1.0, 2.0, 3.0, 2.0, 3.0, 1.0, 4.0, 3.0, 4.0, 2.0, 1.0, 4.0, 2.0, 3.0, 2.0, 2.0, 2.0, 3.0, 1.0, 4.0, 2.0, 4.0, 4.0, 3.0, 4.0, 2.0, 4.0, 2.0, 3.0, 3.0, 4.0, 1.0, 2.0, 4.0], [3.0, 2.0, 4.0, 3.0, 4.0, 4.0, 2.0, 1.0, 2.0, 3.0, 2.0, 3.0, 1.0, 4.0, 4.0, 4.0, 3.0, 2.0, 3.0, 4.0, 3.0, 5.0, 2.0, 2.0, 3.0, 1.0, 3.0, 2.0, 4.0, 4.0, 3.0, 4.0, 4.0, 2.0, 4.0, 2.0, 3.0, 5.0, 1.0, 2.0, 4.0], [3.0, 2.0, 4.0, 3.0, 2.0, 1.0, 2.0, 2.0, 2.0, 1.0, 3.0, 3.0, 1.0, 4.0, 4.0, 4.0, 3.0, 2.0, 4.0, 4.0, 3.0, 5.0, 2.0, 4.0, 3.0, 1.0, 4.0, 2.0, 4.0, 4.0, 3.0, 4.0, 3.0, 4.0, 4.0, 4.0, 3.0, 5.0, 1.0, 2.0, 4.0], [2.0, 2.0, 4.0, 3.0, 4.0, 4.0, 3.0, 1.0, 2.0, 2.0, 3.0, 3.0, 1.0, 4.0, 2.0, 4.0, 4.0, 2.0, 4.0, 3.0, 3.0, 2.0, 2.0, 4.0, 3.0, 1.0, 4.0, 2.0, 3.0, 4.0, 3.0, 4.0, 4.0, 4.0, 2.0, 4.0, 3.0, 5.0, 1.0, 2.0, 4.0], [3.0, 2.0, 2.0, 1.0, 4.0, 4.0, 3.0, 1.0, 2.0, 3.0, 2.0, 3.0, 1.0, 4.0, 2.0, 4.0, 2.0, 2.0, 4.0, 2.0, 3.0, 2.0, 2.0, 4.0, 3.0, 1.0, 4.0, 2.0, 3.0, 4.0, 3.0, 4.0, 3.0, 4.0, 2.0, 3.0, 3.0, 4.0, 1.0, 2.0, 2.0], [1.0, 4.0, 3.0, 3.0, 2.0, 1.0, 3.0, 2.0, 2.0, 3.0, 2.0, 3.0, 1.0, 4.0, 4.0, 4.0, 3.0, 3.0, 3.0, 2.0, 3.0, 3.0, 2.0, 4.0, 3.0, 1.0, 4.0, 2.0, 4.0, 4.0, 3.0, 4.0, 4.0, 4.0, 2.0, 2.0, 3.0, 4.0, 3.0, 2.0, 4.0], [3.0, 2.0, 4.0, 3.0, 2.0, 2.0, 3.0, 1.0, 2.0, 2.0, 3.0, 2.0, 1.0, 4.0, 2.0, 4.0, 2.0, 2.0, 4.0, 2.0, 3.0, 4.0, 2.0, 4.0, 3.0, 1.0, 4.0, 2.0, 3.0, 4.0, 3.0, 3.0, 4.0, 4.0, 2.0, 3.0, 3.0, 4.0, 1.0, 2.0, 4.0], [3.0, 2.0, 4.0, 3.0, 4.0, 4.0, 4.0, 2.0, 2.0, 3.0, 3.0, 1.0, 1.0, 4.0, 2.0, 4.0, 2.0, 2.0, 4.0, 2.0, 3.0, 5.0, 2.0, 4.0, 3.0, 1.0, 4.0, 2.0, 3.0, 4.0, 3.0, 4.0, 3.0, 4.0, 2.0, 3.0, 3.0, 4.0, 1.0, 2.0, 2.0], [3.0, 2.0, 4.0, 2.0, 4.0, 2.0, 0.0, 2.0, 2.0, 3.0, 1.0, 2.0, 1.0, 4.0, 3.0, 4.0, 5.0, 3.0, 2.0, 4.0, 3.0, 3.0, 2.0, 4.0, 3.0, 1.0, 4.0, 2.0, 4.0, 4.0, 3.0, 4.0, 3.0, 2.0, 4.0, 2.0, 3.0, 4.0, 1.0, 2.0, 4.0], [2.0, 4.0, 3.0, 3.0, 3.0, 2.0, 3.0, 1.0, 2.0, 3.0, 3.0, 2.0, 1.0, 4.0, 2.0, 4.0, 2.0, 2.0, 4.0, 4.0, 3.0, 5.0, 2.0, 4.0, 3.0, 1.0, 4.0, 2.0, 2.0, 4.0, 3.0, 4.0, 3.0, 2.0, 4.0, 3.0, 3.0, 4.0, 1.0, 2.0, 4.0], [3.0, 2.0, 4.0, 3.0, 4.0, 2.0, 0.0, 1.0, 2.0, 3.0, 3.0, 3.0, 3.0, 4.0, 3.0, 4.0, 2.0, 2.0, 4.0, 4.0, 3.0, 5.0, 2.0, 4.0, 3.0, 1.0, 4.0, 2.0, 3.0, 4.0, 3.0, 4.0, 4.0, 4.0, 4.0, 2.0, 3.0, 4.0, 1.0, 2.0, 4.0], [3.0, 4.0, 3.0, 3.0, 4.0, 2.0, 3.0, 2.0, 2.0, 3.0, 1.0, 3.0, 1.0, 4.0, 2.0, 4.0, 2.0, 2.0, 3.0, 4.0, 3.0, 2.0, 2.0, 4.0, 3.0, 1.0, 4.0, 2.0, 3.0, 4.0, 3.0, 4.0, 3.0, 4.0, 4.0, 3.0, 3.0, 4.0, 3.0, 2.0, 4.0], [3.0, 2.0, 4.0, 1.0, 4.0, 2.0, 3.0, 2.0, 2.0, 3.0, 3.0, 3.0, 1.0, 4.0, 2.0, 4.0, 4.0, 2.0, 3.0, 4.0, 3.0, 2.0, 2.0, 4.0, 3.0, 1.0, 3.0, 2.0, 3.0, 4.0, 3.0, 4.0, 3.0, 4.0, 2.0, 2.0, 3.0, 2.0, 1.0, 2.0, 4.0], [3.0, 4.0, 4.0, 2.0, 2.0, 1.0, 3.0, 2.0, 2.0, 3.0, 3.0, 3.0, 2.0, 4.0, 4.0, 4.0, 0.0, 3.0, 4.0, 2.0, 3.0, 5.0, 2.0, 2.0, 3.0, 1.0, 4.0, 2.0, 4.0, 4.0, 3.0, 4.0, 3.0, 4.0, 4.0, 4.0, 3.0, 2.0, 1.0, 2.0, 4.0], [3.0, 2.0, 4.0, 3.0, 4.0, 1.0, 2.0, 1.0, 2.0, 3.0, 1.0, 3.0, 1.0, 4.0, 3.0, 4.0, 2.0, 2.0, 3.0, 4.0, 3.0, 3.0, 2.0, 4.0, 3.0, 1.0, 3.0, 2.0, 4.0, 4.0, 3.0, 4.0, 3.0, 4.0, 4.0, 4.0, 2.0, 4.0, 3.0, 2.0, 4.0], [3.0, 2.0, 4.0, 1.0, 2.0, 4.0, 0.0, 1.0, 2.0, 3.0, 3.0, 3.0, 1.0, 4.0, 2.0, 4.0, 2.0, 2.0, 4.0, 2.0, 3.0, 4.0, 2.0, 4.0, 3.0, 1.0, 3.0, 2.0, 3.0, 4.0, 3.0, 4.0, 3.0, 4.0, 4.0, 2.0, 3.0, 5.0, 3.0, 2.0, 4.0], [3.0, 4.0, 4.0, 2.0, 4.0, 2.0, 3.0, 1.0, 2.0, 3.0, 3.0, 3.0, 1.0, 4.0, 2.0, 4.0, 2.0, 2.0, 3.0, 2.0, 3.0, 3.0, 2.0, 2.0, 3.0, 1.0, 5.0, 2.0, 3.0, 4.0, 3.0, 4.0, 4.0, 2.0, 4.0, 2.0, 2.0, 5.0, 1.0, 2.0, 4.0], [2.0, 2.0, 4.0, 1.0, 2.0, 2.0, 2.0, 1.0, 2.0, 3.0, 3.0, 3.0, 1.0, 4.0, 2.0, 4.0, 3.0, 2.0, 4.0, 2.0, 3.0, 2.0, 2.0, 2.0, 3.0, 1.0, 4.0, 2.0, 4.0, 4.0, 3.0, 4.0, 3.0, 2.0, 4.0, 2.0, 3.0, 4.0, 1.0, 2.0, 4.0], [3.0, 2.0, 4.0, 3.0, 4.0, 4.0, 2.0, 1.0, 2.0, 3.0, 3.0, 1.0, 1.0, 4.0, 2.0, 4.0, 2.0, 2.0, 4.0, 2.0, 3.0, 5.0, 2.0, 2.0, 3.0, 1.0, 4.0, 2.0, 3.0, 4.0, 3.0, 4.0, 4.0, 2.0, 2.0, 2.0, 2.0, 4.0, 3.0, 2.0, 4.0], [3.0, 2.0, 4.0, 3.0, 4.0, 4.0, 3.0, 1.0, 2.0, 3.0, 2.0, 3.0, 1.0, 4.0, 2.0, 4.0, 3.0, 2.0, 4.0, 4.0, 3.0, 5.0, 2.0, 4.0, 3.0, 1.0, 5.0, 2.0, 2.0, 4.0, 3.0, 4.0, 3.0, 2.0, 2.0, 2.0, 3.0, 5.0, 2.0, 2.0, 2.0], [3.0, 4.0, 4.0, 3.0, 3.0, 2.0, 2.0, 2.0, 2.0, 2.0, 1.0, 1.0, 2.0, 4.0, 4.0, 4.0, 2.0, 3.0, 4.0, 2.0, 3.0, 3.0, 2.0, 4.0, 3.0, 1.0, 4.0, 2.0, 4.0, 4.0, 3.0, 5.0, 3.0, 2.0, 2.0, 2.0, 2.0, 5.0, 1.0, 2.0, 4.0], [1.0, 4.0, 3.0, 3.0, 4.0, 2.0, 3.0, 2.0, 2.0, 3.0, 2.0, 3.0, 1.0, 4.0, 4.0, 4.0, 2.0, 2.0, 4.0, 4.0, 3.0, 3.0, 2.0, 4.0, 3.0, 1.0, 3.0, 2.0, 3.0, 4.0, 3.0, 4.0, 3.0, 4.0, 2.0, 2.0, 3.0, 5.0, 1.0, 2.0, 4.0]]

first layer check: Conv2d(6, 64, kernel_size=(7, 7), stride=(2, 2), padding=(3, 3), bias=False)

for model 1: mode acc: 0.2926829159259796, run mean acc: 0.28458333015441895, top-2 acc:0.4946666955947876, mode f1: 0.2926829159259796

model 1 mode preds
[2.0, 4.0, 3.0, 1.0, 4.0, 3.0, 0.0, 2.0, 2.0, 3.0, 3.0, 2.0, 2.0, 4.0, 3.0, 4.0, 3.0, 3.0, 3.0, 2.0, 3.0, 3.0, 3.0, 3.0, 3.0, 1.0, 3.0, 2.0, 3.0, 3.0, 3.0, 4.0, 3.0, 4.0, 3.0, 3.0, 3.0, 5.0, 1.0, 2.0, 3.0]

model 1 all preds
[[2.0, 4.0, 3.0, 1.0, 4.0, 1.0, 0.0, 2.0, 4.0, 3.0, 3.0, 3.0, 2.0, 4.0, 3.0, 4.0, 3.0, 3.0, 3.0, 2.0, 3.0, 3.0, 3.0, 3.0, 3.0, 1.0, 4.0, 2.0, 3.0, 4.0, 3.0, 6.0, 3.0, 4.0, 3.0, 3.0, 3.0, 4.0, 3.0, 2.0, 3.0], [2.0, 3.0, 3.0, 1.0, 4.0, 3.0, 0.0, 2.0, 2.0, 2.0, 1.0, 3.0, 1.0, 4.0, 3.0, 4.0, 3.0, 4.0, 4.0, 3.0, 3.0, 6.0, 3.0, 3.0, 2.0, 1.0, 4.0, 3.0, 3.0, 3.0, 3.0, 4.0, 3.0, 4.0, 3.0, 3.0, 3.0, 5.0, 1.0, 2.0, 3.0], [2.0, 4.0, 3.0, 1.0, 3.0, 3.0, 1.0, 2.0, 4.0, 3.0, 1.0, 3.0, 1.0, 4.0, 3.0, 4.0, 3.0, 3.0, 4.0, 2.0, 3.0, 3.0, 3.0, 3.0, 3.0, 1.0, 3.0, 2.0, 1.0, 3.0, 3.0, 3.0, 3.0, 4.0, 3.0, 3.0, 3.0, 3.0, 3.0, 2.0, 3.0], [2.0, 4.0, 3.0, 1.0, 4.0, 1.0, 0.0, 2.0, 4.0, 3.0, 3.0, 3.0, 1.0, 4.0, 3.0, 4.0, 4.0, 3.0, 3.0, 2.0, 3.0, 3.0, 3.0, 3.0, 3.0, 1.0, 4.0, 3.0, 3.0, 3.0, 3.0, 3.0, 3.0, 3.0, 3.0, 3.0, 3.0, 6.0, 1.0, 2.0, 3.0], [2.0, 4.0, 3.0, 1.0, 4.0, 3.0, 0.0, 2.0, 4.0, 3.0, 2.0, 3.0, 2.0, 4.0, 3.0, 3.0, 3.0, 4.0, 4.0, 2.0, 3.0, 3.0, 3.0, 3.0, 3.0, 1.0, 4.0, 3.0, 1.0, 3.0, 3.0, 6.0, 3.0, 3.0, 3.0, 2.0, 3.0, 5.0, 1.0, 2.0, 3.0], [3.0, 4.0, 3.0, 1.0, 4.0, 3.0, 0.0, 2.0, 4.0, 3.0, 3.0, 2.0, 2.0, 4.0, 3.0, 6.0, 3.0, 3.0, 3.0, 2.0, 3.0, 3.0, 3.0, 3.0, 3.0, 1.0, 3.0, 2.0, 3.0, 4.0, 3.0, 4.0, 3.0, 4.0, 4.0, 3.0, 3.0, 5.0, 3.0, 2.0, 3.0], [2.0, 3.0, 3.0, 1.0, 4.0, 2.0, 1.0, 2.0, 2.0, 3.0, 3.0, 2.0, 2.0, 4.0, 3.0, 3.0, 3.0, 3.0, 3.0, 2.0, 3.0, 5.0, 3.0, 3.0, 3.0, 1.0, 4.0, 2.0, 3.0, 4.0, 3.0, 3.0, 3.0, 4.0, 4.0, 3.0, 3.0, 5.0, 3.0, 2.0, 3.0], [1.0, 4.0, 3.0, 1.0, 3.0, 2.0, 0.0, 2.0, 2.0, 2.0, 3.0, 2.0, 1.0, 4.0, 3.0, 3.0, 3.0, 3.0, 4.0, 2.0, 3.0, 3.0, 3.0, 3.0, 3.0, 1.0, 3.0, 2.0, 1.0, 3.0, 3.0, 4.0, 3.0, 3.0, 4.0, 3.0, 3.0, 3.0, 2.0, 3.0, 3.0], [2.0, 4.0, 3.0, 3.0, 4.0, 3.0, 3.0, 2.0, 4.0, 3.0, 3.0, 1.0, 2.0, 4.0, 3.0, 4.0, 3.0, 3.0, 3.0, 2.0, 3.0, 3.0, 3.0, 3.0, 3.0, 1.0, 4.0, 2.0, 1.0, 4.0, 3.0, 4.0, 3.0, 4.0, 4.0, 3.0, 3.0, 5.0, 1.0, 2.0, 3.0], [2.0, 2.0, 3.0, 1.0, 4.0, 1.0, 1.0, 2.0, 2.0, 2.0, 3.0, 1.0, 1.0, 4.0, 3.0, 4.0, 3.0, 3.0, 4.0, 2.0, 3.0, 3.0, 3.0, 3.0, 3.0, 1.0, 3.0, 2.0, 3.0, 3.0, 3.0, 3.0, 3.0, 4.0, 3.0, 3.0, 3.0, 4.0, 1.0, 2.0, 3.0], [1.0, 4.0, 3.0, 3.0, 4.0, 3.0, 0.0, 2.0, 4.0, 1.0, 3.0, 1.0, 2.0, 4.0, 3.0, 3.0, 3.0, 3.0, 3.0, 2.0, 3.0, 3.0, 3.0, 3.0, 3.0, 1.0, 4.0, 2.0, 3.0, 3.0, 3.0, 6.0, 3.0, 4.0, 3.0, 3.0, 3.0, 3.0, 1.0, 2.0, 3.0], [3.0, 4.0, 3.0, 1.0, 4.0, 1.0, 3.0, 2.0, 2.0, 3.0, 2.0, 2.0, 2.0, 4.0, 3.0, 4.0, 3.0, 3.0, 3.0, 2.0, 3.0, 3.0, 3.0, 3.0, 3.0, 1.0, 3.0, 2.0, 3.0, 4.0, 3.0, 4.0, 3.0, 3.0, 4.0, 3.0, 3.0, 6.0, 3.0, 2.0, 3.0], [2.0, 4.0, 3.0, 1.0, 3.0, 3.0, 3.0, 2.0, 2.0, 1.0, 2.0, 2.0, 2.0, 4.0, 3.0, 4.0, 3.0, 3.0, 3.0, 3.0, 3.0, 3.0, 3.0, 3.0, 3.0, 1.0, 3.0, 2.0, 3.0, 3.0, 3.0, 4.0, 3.0, 4.0, 4.0, 3.0, 2.0, 6.0, 2.0, 3.0, 3.0], [2.0, 3.0, 3.0, 3.0, 3.0, 3.0, 0.0, 2.0, 2.0, 3.0, 3.0, 1.0, 1.0, 4.0, 3.0, 4.0, 3.0, 3.0, 3.0, 2.0, 3.0, 6.0, 3.0, 3.0, 3.0, 1.0, 3.0, 2.0, 1.0, 3.0, 3.0, 4.0, 3.0, 4.0, 4.0, 3.0, 3.0, 4.0, 1.0, 2.0, 3.0], [1.0, 4.0, 3.0, 3.0, 3.0, 2.0, 3.0, 2.0, 2.0, 2.0, 3.0, 1.0, 2.0, 4.0, 3.0, 4.0, 3.0, 3.0, 3.0, 2.0, 3.0, 6.0, 3.0, 3.0, 3.0, 1.0, 4.0, 2.0, 3.0, 4.0, 3.0, 3.0, 3.0, 4.0, 3.0, 3.0, 2.0, 5.0, 1.0, 2.0, 3.0], [2.0, 3.0, 3.0, 1.0, 3.0, 3.0, 3.0, 2.0, 4.0, 2.0, 3.0, 3.0, 1.0, 4.0, 3.0, 4.0, 3.0, 3.0, 3.0, 2.0, 3.0, 6.0, 3.0, 3.0, 3.0, 2.0, 3.0, 3.0, 1.0, 3.0, 3.0, 4.0, 3.0, 4.0, 4.0, 3.0, 3.0, 6.0, 3.0, 2.0, 3.0], [2.0, 3.0, 3.0, 3.0, 4.0, 2.0, 0.0, 2.0, 2.0, 3.0, 3.0, 2.0, 2.0, 4.0, 3.0, 4.0, 3.0, 3.0, 3.0, 2.0, 3.0, 4.0, 3.0, 3.0, 3.0, 1.0, 4.0, 2.0, 2.0, 3.0, 3.0, 4.0, 3.0, 3.0, 3.0, 3.0, 3.0, 5.0, 2.0, 2.0, 3.0], [1.0, 3.0, 3.0, 3.0, 3.0, 3.0, 0.0, 2.0, 2.0, 2.0, 1.0, 2.0, 2.0, 4.0, 3.0, 4.0, 3.0, 4.0, 3.0, 2.0, 3.0, 6.0, 3.0, 3.0, 3.0, 1.0, 4.0, 2.0, 3.0, 4.0, 3.0, 3.0, 3.0, 4.0, 3.0, 3.0, 3.0, 5.0, 1.0, 2.0, 3.0], [1.0, 3.0, 3.0, 1.0, 4.0, 1.0, 1.0, 2.0, 2.0, 3.0, 3.0, 3.0, 2.0, 4.0, 3.0, 4.0, 3.0, 3.0, 3.0, 2.0, 3.0, 5.0, 3.0, 3.0, 3.0, 1.0, 4.0, 2.0, 3.0, 3.0, 3.0, 6.0, 3.0, 4.0, 3.0, 3.0, 3.0, 5.0, 1.0, 2.0, 3.0], [1.0, 3.0, 3.0, 1.0, 3.0, 3.0, 0.0, 2.0, 2.0, 3.0, 3.0, 1.0, 2.0, 4.0, 3.0, 4.0, 3.0, 3.0, 4.0, 2.0, 3.0, 3.0, 3.0, 3.0, 2.0, 1.0, 4.0, 2.0, 3.0, 4.0, 3.0, 3.0, 3.0, 3.0, 4.0, 3.0, 3.0, 5.0, 2.0, 2.0, 3.0], [1.0, 2.0, 3.0, 2.0, 3.0, 2.0, 3.0, 2.0, 2.0, 3.0, 1.0, 2.0, 2.0, 4.0, 3.0, 3.0, 3.0, 3.0, 1.0, 2.0, 3.0, 3.0, 3.0, 3.0, 2.0, 1.0, 3.0, 2.0, 3.0, 3.0, 3.0, 3.0, 3.0, 4.0, 4.0, 3.0, 3.0, 5.0, 2.0, 2.0, 3.0], [2.0, 4.0, 3.0, 1.0, 3.0, 1.0, 1.0, 2.0, 2.0, 3.0, 3.0, 1.0, 2.0, 4.0, 3.0, 3.0, 4.0, 3.0, 1.0, 2.0, 3.0, 3.0, 3.0, 3.0, 3.0, 1.0, 3.0, 3.0, 3.0, 3.0, 3.0, 4.0, 3.0, 4.0, 4.0, 3.0, 3.0, 5.0, 1.0, 2.0, 3.0], [1.0, 4.0, 3.0, 2.0, 3.0, 3.0, 0.0, 2.0, 2.0, 3.0, 3.0, 3.0, 2.0, 4.0, 3.0, 4.0, 3.0, 3.0, 4.0, 2.0, 3.0, 3.0, 3.0, 2.0, 3.0, 1.0, 3.0, 2.0, 1.0, 4.0, 3.0, 3.0, 3.0, 3.0, 3.0, 3.0, 3.0, 6.0, 1.0, 2.0, 3.0], [1.0, 4.0, 3.0, 2.0, 4.0, 3.0, 1.0, 2.0, 2.0, 3.0, 3.0, 2.0, 1.0, 4.0, 3.0, 4.0, 2.0, 4.0, 3.0, 2.0, 3.0, 3.0, 3.0, 3.0, 3.0, 1.0, 4.0, 3.0, 3.0, 3.0, 3.0, 3.0, 3.0, 4.0, 3.0, 3.0, 3.0, 5.0, 3.0, 2.0, 3.0], [2.0, 4.0, 3.0, 1.0, 4.0, 1.0, 3.0, 2.0, 2.0, 3.0, 1.0, 1.0, 1.0, 4.0, 3.0, 4.0, 3.0, 3.0, 4.0, 2.0, 3.0, 6.0, 3.0, 2.0, 3.0, 1.0, 4.0, 2.0, 1.0, 3.0, 3.0, 3.0, 3.0, 4.0, 3.0, 3.0, 3.0, 5.0, 3.0, 2.0, 3.0], [2.0, 4.0, 3.0, 3.0, 3.0, 3.0, 3.0, 2.0, 2.0, 2.0, 3.0, 2.0, 1.0, 4.0, 3.0, 4.0, 4.0, 3.0, 3.0, 2.0, 3.0, 3.0, 3.0, 3.0, 2.0, 1.0, 3.0, 2.0, 3.0, 3.0, 3.0, 4.0, 3.0, 4.0, 3.0, 3.0, 2.0, 5.0, 1.0, 2.0, 3.0], [1.0, 3.0, 3.0, 1.0, 4.0, 1.0, 0.0, 2.0, 4.0, 3.0, 3.0, 2.0, 1.0, 4.0, 3.0, 4.0, 3.0, 3.0, 3.0, 2.0, 3.0, 5.0, 3.0, 3.0, 2.0, 1.0, 3.0, 2.0, 3.0, 3.0, 3.0, 3.0, 3.0, 3.0, 4.0, 3.0, 3.0, 5.0, 1.0, 2.0, 3.0], [1.0, 4.0, 3.0, 1.0, 4.0, 3.0, 0.0, 2.0, 2.0, 3.0, 3.0, 3.0, 1.0, 4.0, 3.0, 3.0, 4.0, 3.0, 3.0, 2.0, 3.0, 3.0, 3.0, 3.0, 3.0, 1.0, 3.0, 2.0, 3.0, 4.0, 3.0, 4.0, 3.0, 4.0, 3.0, 3.0, 3.0, 4.0, 3.0, 2.0, 3.0], [2.0, 3.0, 3.0, 1.0, 4.0, 3.0, 3.0, 3.0, 2.0, 3.0, 3.0, 2.0, 2.0, 4.0, 3.0, 4.0, 3.0, 3.0, 4.0, 2.0, 3.0, 5.0, 3.0, 3.0, 3.0, 1.0, 3.0, 2.0, 1.0, 4.0, 3.0, 4.0, 3.0, 3.0, 2.0, 3.0, 3.0, 5.0, 3.0, 2.0, 3.0], [2.0, 3.0, 2.0, 1.0, 3.0, 3.0, 0.0, 2.0, 4.0, 3.0, 3.0, 2.0, 2.0, 4.0, 3.0, 4.0, 3.0, 3.0, 3.0, 2.0, 3.0, 3.0, 3.0, 3.0, 3.0, 1.0, 3.0, 2.0, 3.0, 3.0, 3.0, 3.0, 3.0, 4.0, 4.0, 3.0, 3.0, 5.0, 3.0, 2.0, 3.0], [1.0, 4.0, 3.0, 1.0, 4.0, 3.0, 3.0, 2.0, 2.0, 3.0, 1.0, 2.0, 1.0, 4.0, 3.0, 4.0, 3.0, 3.0, 4.0, 2.0, 3.0, 3.0, 3.0, 3.0, 3.0, 1.0, 3.0, 3.0, 1.0, 3.0, 3.0, 4.0, 3.0, 3.0, 3.0, 3.0, 3.0, 5.0, 1.0, 2.0, 3.0], [2.0, 3.0, 3.0, 3.0, 4.0, 1.0, 3.0, 2.0, 4.0, 2.0, 3.0, 2.0, 1.0, 4.0, 3.0, 4.0, 3.0, 3.0, 3.0, 2.0, 3.0, 3.0, 3.0, 3.0, 3.0, 1.0, 4.0, 2.0, 3.0, 3.0, 3.0, 3.0, 3.0, 4.0, 3.0, 3.0, 3.0, 5.0, 1.0, 2.0, 3.0], [2.0, 3.0, 3.0, 1.0, 3.0, 1.0, 3.0, 2.0, 4.0, 3.0, 1.0, 2.0, 2.0, 4.0, 3.0, 3.0, 3.0, 3.0, 3.0, 2.0, 3.0, 3.0, 3.0, 3.0, 3.0, 1.0, 3.0, 2.0, 3.0, 3.0, 3.0, 4.0, 3.0, 3.0, 3.0, 3.0, 3.0, 5.0, 1.0, 2.0, 3.0], [1.0, 3.0, 3.0, 1.0, 3.0, 3.0, 0.0, 2.0, 4.0, 3.0, 2.0, 3.0, 2.0, 4.0, 3.0, 4.0, 3.0, 3.0, 4.0, 2.0, 3.0, 6.0, 3.0, 3.0, 3.0, 1.0, 4.0, 2.0, 1.0, 4.0, 3.0, 6.0, 3.0, 4.0, 4.0, 2.0, 3.0, 5.0, 1.0, 3.0, 3.0], [2.0, 4.0, 3.0, 3.0, 4.0, 3.0, 3.0, 2.0, 2.0, 2.0, 3.0, 2.0, 2.0, 4.0, 3.0, 4.0, 3.0, 3.0, 3.0, 2.0, 3.0, 3.0, 3.0, 3.0, 3.0, 1.0, 4.0, 2.0, 1.0, 4.0, 3.0, 3.0, 3.0, 4.0, 3.0, 3.0, 3.0, 5.0, 1.0, 3.0, 3.0], [2.0, 4.0, 3.0, 3.0, 3.0, 3.0, 3.0, 2.0, 2.0, 3.0, 3.0, 3.0, 2.0, 4.0, 3.0, 4.0, 3.0, 3.0, 3.0, 2.0, 3.0, 3.0, 3.0, 3.0, 3.0, 1.0, 3.0, 2.0, 1.0, 3.0, 3.0, 4.0, 3.0, 4.0, 4.0, 2.0, 3.0, 3.0, 2.0, 3.0, 3.0], [2.0, 4.0, 3.0, 1.0, 4.0, 2.0, 0.0, 2.0, 2.0, 2.0, 2.0, 2.0, 2.0, 4.0, 3.0, 4.0, 3.0, 3.0, 3.0, 2.0, 3.0, 6.0, 3.0, 2.0, 3.0, 1.0, 3.0, 2.0, 3.0, 3.0, 3.0, 3.0, 3.0, 4.0, 3.0, 3.0, 3.0, 3.0, 1.0, 2.0, 3.0], [1.0, 4.0, 3.0, 2.0, 4.0, 2.0, 0.0, 2.0, 2.0, 2.0, 3.0, 2.0, 2.0, 4.0, 3.0, 4.0, 3.0, 3.0, 3.0, 2.0, 3.0, 3.0, 3.0, 3.0, 3.0, 1.0, 4.0, 2.0, 3.0, 3.0, 3.0, 4.0, 3.0, 4.0, 3.0, 3.0, 3.0, 4.0, 3.0, 2.0, 3.0], [2.0, 4.0, 3.0, 2.0, 4.0, 2.0, 0.0, 2.0, 4.0, 3.0, 1.0, 2.0, 2.0, 4.0, 3.0, 3.0, 3.0, 3.0, 4.0, 2.0, 3.0, 5.0, 3.0, 3.0, 3.0, 1.0, 4.0, 2.0, 3.0, 3.0, 3.0, 6.0, 3.0, 4.0, 3.0, 3.0, 3.0, 6.0, 3.0, 2.0, 3.0], [2.0, 4.0, 3.0, 1.0, 6.0, 3.0, 0.0, 2.0, 2.0, 3.0, 3.0, 3.0, 2.0, 4.0, 3.0, 3.0, 3.0, 3.0, 3.0, 2.0, 3.0, 5.0, 3.0, 3.0, 3.0, 1.0, 3.0, 2.0, 3.0, 4.0, 3.0, 6.0, 3.0, 4.0, 1.0, 3.0, 3.0, 6.0, 1.0, 2.0, 3.0], [2.0, 4.0, 3.0, 1.0, 4.0, 2.0, 3.0, 2.0, 2.0, 3.0, 2.0, 1.0, 2.0, 4.0, 3.0, 4.0, 3.0, 4.0, 4.0, 2.0, 3.0, 5.0, 3.0, 3.0, 3.0, 1.0, 4.0, 2.0, 3.0, 4.0, 3.0, 6.0, 3.0, 4.0, 4.0, 3.0, 3.0, 4.0, 1.0, 2.0, 3.0], [2.0, 3.0, 3.0, 2.0, 4.0, 3.0, 0.0, 2.0, 4.0, 3.0, 3.0, 1.0, 2.0, 4.0, 3.0, 4.0, 4.0, 4.0, 3.0, 3.0, 3.0, 3.0, 3.0, 3.0, 3.0, 1.0, 3.0, 2.0, 1.0, 3.0, 3.0, 4.0, 3.0, 4.0, 4.0, 3.0, 3.0, 6.0, 1.0, 3.0, 3.0], [2.0, 4.0, 3.0, 1.0, 3.0, 1.0, 0.0, 2.0, 2.0, 2.0, 3.0, 3.0, 2.0, 4.0, 3.0, 3.0, 3.0, 4.0, 3.0, 2.0, 3.0, 6.0, 3.0, 3.0, 3.0, 1.0, 6.0, 2.0, 3.0, 3.0, 3.0, 3.0, 3.0, 4.0, 3.0, 2.0, 3.0, 6.0, 1.0, 2.0, 3.0], [1.0, 3.0, 3.0, 1.0, 4.0, 2.0, 3.0, 2.0, 2.0, 3.0, 2.0, 2.0, 2.0, 4.0, 3.0, 4.0, 3.0, 3.0, 3.0, 3.0, 3.0, 3.0, 3.0, 3.0, 3.0, 1.0, 4.0, 2.0, 3.0, 3.0, 3.0, 3.0, 3.0, 4.0, 4.0, 3.0, 3.0, 3.0, 3.0, 2.0, 3.0], [1.0, 4.0, 3.0, 1.0, 4.0, 3.0, 0.0, 2.0, 2.0, 2.0, 3.0, 1.0, 1.0, 4.0, 3.0, 4.0, 3.0, 2.0, 3.0, 2.0, 3.0, 6.0, 3.0, 2.0, 3.0, 1.0, 3.0, 2.0, 3.0, 3.0, 3.0, 3.0, 3.0, 4.0, 3.0, 3.0, 3.0, 5.0, 1.0, 2.0, 3.0], [1.0, 4.0, 3.0, 3.0, 4.0, 3.0, 3.0, 2.0, 4.0, 2.0, 1.0, 3.0, 1.0, 4.0, 3.0, 4.0, 3.0, 4.0, 3.0, 2.0, 3.0, 3.0, 3.0, 3.0, 2.0, 1.0, 4.0, 2.0, 3.0, 3.0, 3.0, 4.0, 3.0, 3.0, 3.0, 3.0, 2.0, 6.0, 1.0, 2.0, 3.0], [1.0, 3.0, 3.0, 1.0, 4.0, 1.0, 3.0, 2.0, 2.0, 2.0, 1.0, 1.0, 2.0, 4.0, 3.0, 3.0, 3.0, 3.0, 3.0, 2.0, 3.0, 6.0, 3.0, 3.0, 3.0, 1.0, 3.0, 3.0, 1.0, 4.0, 3.0, 4.0, 3.0, 3.0, 3.0, 3.0, 3.0, 5.0, 1.0, 2.0, 3.0], [2.0, 4.0, 3.0, 3.0, 3.0, 3.0, 3.0, 2.0, 2.0, 2.0, 3.0, 2.0, 2.0, 4.0, 3.0, 4.0, 4.0, 3.0, 4.0, 2.0, 3.0, 3.0, 3.0, 4.0, 3.0, 1.0, 4.0, 2.0, 1.0, 3.0, 3.0, 6.0, 3.0, 4.0, 3.0, 3.0, 3.0, 4.0, 3.0, 3.0, 3.0], [2.0, 3.0, 3.0, 1.0, 4.0, 1.0, 0.0, 2.0, 2.0, 3.0, 3.0, 2.0, 2.0, 4.0, 3.0, 3.0, 3.0, 3.0, 4.0, 2.0, 3.0, 6.0, 3.0, 3.0, 3.0, 1.0, 3.0, 2.0, 1.0, 4.0, 3.0, 4.0, 3.0, 4.0, 3.0, 3.0, 3.0, 4.0, 1.0, 2.0, 3.0], [2.0, 4.0, 3.0, 3.0, 3.0, 3.0, 0.0, 2.0, 2.0, 3.0, 1.0, 2.0, 1.0, 4.0, 3.0, 4.0, 3.0, 3.0, 3.0, 2.0, 3.0, 3.0, 3.0, 3.0, 3.0, 1.0, 3.0, 2.0, 3.0, 4.0, 3.0, 4.0, 3.0, 4.0, 4.0, 3.0, 3.0, 5.0, 1.0, 2.0, 3.0]]

first layer check: Conv2d(6, 64, kernel_size=(7, 7), stride=(2, 2), padding=(3, 3), bias=False)

for model 2: mode acc: 0.39024388790130615, run mean acc: 0.3218333423137665, top-2 acc:0.5738332867622375, mode f1: 0.39024388790130615

model 2 mode preds
[1.0, 4.0, 2.0, 1.0, 4.0, 1.0, 2.0, 1.0, 2.0, 1.0, 1.0, 1.0, 1.0, 4.0, 2.0, 4.0, 3.0, 2.0, 2.0, 2.0, 2.0, 3.0, 3.0, 2.0, 2.0, 1.0, 5.0, 2.0, 1.0, 4.0, 3.0, 5.0, 3.0, 4.0, 2.0, 2.0, 2.0, 5.0, 1.0, 2.0, 2.0]

model 2 all preds
[[2.0, 3.0, 2.0, 1.0, 5.0, 1.0, 2.0, 1.0, 2.0, 1.0, 2.0, 1.0, 1.0, 4.0, 2.0, 5.0, 3.0, 2.0, 2.0, 1.0, 2.0, 5.0, 3.0, 2.0, 1.0, 1.0, 5.0, 2.0, 1.0, 4.0, 3.0, 4.0, 3.0, 4.0, 2.0, 2.0, 2.0, 5.0, 2.0, 2.0, 2.0], [1.0, 4.0, 2.0, 1.0, 4.0, 2.0, 2.0, 1.0, 2.0, 1.0, 1.0, 1.0, 1.0, 4.0, 2.0, 5.0, 3.0, 2.0, 3.0, 2.0, 2.0, 3.0, 3.0, 2.0, 2.0, 1.0, 5.0, 2.0, 1.0, 4.0, 3.0, 5.0, 3.0, 3.0, 2.0, 2.0, 3.0, 5.0, 1.0, 2.0, 2.0], [1.0, 3.0, 2.0, 1.0, 5.0, 2.0, 2.0, 1.0, 2.0, 1.0, 2.0, 1.0, 1.0, 4.0, 2.0, 4.0, 2.0, 2.0, 2.0, 2.0, 2.0, 4.0, 3.0, 3.0, 2.0, 1.0, 5.0, 2.0, 1.0, 4.0, 3.0, 5.0, 3.0, 4.0, 2.0, 2.0, 3.0, 5.0, 2.0, 2.0, 2.0], [1.0, 3.0, 3.0, 1.0, 5.0, 2.0, 1.0, 1.0, 2.0, 2.0, 2.0, 1.0, 1.0, 4.0, 2.0, 4.0, 5.0, 1.0, 2.0, 2.0, 2.0, 5.0, 3.0, 2.0, 2.0, 1.0, 3.0, 2.0, 1.0, 4.0, 3.0, 5.0, 3.0, 4.0, 2.0, 2.0, 1.0, 5.0, 2.0, 2.0, 2.0], [1.0, 2.0, 2.0, 1.0, 3.0, 2.0, 1.0, 1.0, 2.0, 2.0, 2.0, 2.0, 1.0, 4.0, 2.0, 4.0, 3.0, 2.0, 2.0, 1.0, 2.0, 3.0, 3.0, 2.0, 2.0, 1.0, 5.0, 2.0, 1.0, 4.0, 1.0, 5.0, 3.0, 4.0, 2.0, 2.0, 2.0, 5.0, 1.0, 2.0, 2.0], [1.0, 4.0, 2.0, 1.0, 3.0, 2.0, 2.0, 1.0, 2.0, 2.0, 1.0, 1.0, 1.0, 4.0, 2.0, 5.0, 3.0, 2.0, 2.0, 2.0, 2.0, 5.0, 4.0, 2.0, 2.0, 1.0, 5.0, 2.0, 1.0, 4.0, 3.0, 5.0, 2.0, 4.0, 2.0, 2.0, 2.0, 5.0, 1.0, 2.0, 2.0], [1.0, 4.0, 3.0, 1.0, 5.0, 2.0, 2.0, 1.0, 2.0, 1.0, 1.0, 1.0, 1.0, 4.0, 2.0, 4.0, 3.0, 2.0, 1.0, 2.0, 3.0, 5.0, 3.0, 2.0, 2.0, 1.0, 1.0, 2.0, 1.0, 4.0, 1.0, 5.0, 1.0, 2.0, 2.0, 2.0, 2.0, 5.0, 1.0, 2.0, 2.0], [2.0, 3.0, 3.0, 1.0, 5.0, 1.0, 2.0, 1.0, 2.0, 1.0, 1.0, 1.0, 1.0, 4.0, 2.0, 1.0, 3.0, 2.0, 2.0, 1.0, 2.0, 3.0, 3.0, 2.0, 2.0, 1.0, 5.0, 1.0, 1.0, 4.0, 3.0, 5.0, 3.0, 2.0, 2.0, 2.0, 2.0, 5.0, 2.0, 2.0, 2.0], [2.0, 3.0, 3.0, 1.0, 4.0, 1.0, 1.0, 1.0, 2.0, 1.0, 2.0, 1.0, 1.0, 4.0, 2.0, 4.0, 3.0, 4.0, 2.0, 2.0, 3.0, 5.0, 3.0, 2.0, 2.0, 1.0, 5.0, 2.0, 1.0, 4.0, 3.0, 5.0, 2.0, 4.0, 2.0, 2.0, 2.0, 5.0, 1.0, 2.0, 2.0], [1.0, 4.0, 3.0, 1.0, 3.0, 1.0, 2.0, 1.0, 2.0, 1.0, 1.0, 1.0, 1.0, 4.0, 3.0, 4.0, 3.0, 2.0, 1.0, 2.0, 2.0, 5.0, 3.0, 2.0, 2.0, 1.0, 5.0, 2.0, 1.0, 4.0, 3.0, 5.0, 3.0, 4.0, 2.0, 2.0, 1.0, 5.0, 2.0, 2.0, 2.0], [1.0, 4.0, 2.0, 1.0, 4.0, 2.0, 2.0, 2.0, 2.0, 1.0, 1.0, 1.0, 1.0, 4.0, 2.0, 4.0, 3.0, 2.0, 2.0, 2.0, 2.0, 3.0, 3.0, 2.0, 2.0, 1.0, 3.0, 2.0, 1.0, 4.0, 3.0, 5.0, 4.0, 5.0, 2.0, 2.0, 1.0, 5.0, 2.0, 2.0, 2.0], [2.0, 3.0, 2.0, 1.0, 3.0, 1.0, 2.0, 1.0, 2.0, 1.0, 1.0, 1.0, 1.0, 4.0, 2.0, 5.0, 5.0, 4.0, 2.0, 2.0, 2.0, 3.0, 3.0, 1.0, 2.0, 1.0, 3.0, 2.0, 1.0, 4.0, 3.0, 5.0, 2.0, 4.0, 2.0, 2.0, 2.0, 5.0, 1.0, 2.0, 2.0], [1.0, 4.0, 3.0, 1.0, 3.0, 2.0, 1.0, 1.0, 2.0, 1.0, 1.0, 1.0, 1.0, 4.0, 3.0, 5.0, 2.0, 2.0, 3.0, 2.0, 2.0, 5.0, 3.0, 2.0, 2.0, 1.0, 5.0, 2.0, 1.0, 4.0, 3.0, 5.0, 4.0, 4.0, 2.0, 2.0, 2.0, 5.0, 1.0, 2.0, 2.0], [1.0, 4.0, 3.0, 1.0, 4.0, 2.0, 2.0, 2.0, 2.0, 2.0, 1.0, 1.0, 1.0, 4.0, 2.0, 4.0, 3.0, 2.0, 2.0, 2.0, 2.0, 3.0, 3.0, 2.0, 1.0, 1.0, 5.0, 2.0, 1.0, 4.0, 3.0, 5.0, 3.0, 2.0, 2.0, 2.0, 3.0, 5.0, 2.0, 2.0, 2.0], [1.0, 4.0, 2.0, 1.0, 5.0, 1.0, 1.0, 1.0, 2.0, 2.0, 2.0, 1.0, 1.0, 4.0, 2.0, 4.0, 3.0, 3.0, 2.0, 2.0, 2.0, 3.0, 5.0, 2.0, 1.0, 1.0, 5.0, 2.0, 1.0, 4.0, 3.0, 5.0, 4.0, 5.0, 2.0, 2.0, 2.0, 5.0, 2.0, 2.0, 2.0], [2.0, 4.0, 2.0, 1.0, 4.0, 1.0, 2.0, 1.0, 2.0, 2.0, 2.0, 1.0, 1.0, 4.0, 2.0, 4.0, 3.0, 2.0, 2.0, 2.0, 2.0, 3.0, 4.0, 2.0, 2.0, 1.0, 5.0, 2.0, 1.0, 4.0, 3.0, 5.0, 3.0, 4.0, 2.0, 2.0, 1.0, 5.0, 2.0, 2.0, 2.0], [1.0, 4.0, 2.0, 1.0, 3.0, 1.0, 2.0, 1.0, 2.0, 1.0, 1.0, 1.0, 1.0, 4.0, 2.0, 5.0, 1.0, 2.0, 2.0, 2.0, 2.0, 3.0, 2.0, 2.0, 2.0, 1.0, 5.0, 2.0, 1.0, 4.0, 3.0, 5.0, 3.0, 3.0, 2.0, 2.0, 2.0, 5.0, 1.0, 2.0, 2.0], [1.0, 3.0, 3.0, 1.0, 4.0, 2.0, 1.0, 1.0, 2.0, 2.0, 1.0, 1.0, 1.0, 4.0, 2.0, 4.0, 5.0, 2.0, 2.0, 2.0, 2.0, 5.0, 3.0, 2.0, 2.0, 1.0, 5.0, 1.0, 1.0, 4.0, 3.0, 5.0, 3.0, 4.0, 2.0, 2.0, 3.0, 5.0, 1.0, 2.0, 1.0], [2.0, 4.0, 2.0, 1.0, 4.0, 2.0, 1.0, 1.0, 2.0, 1.0, 1.0, 1.0, 1.0, 4.0, 2.0, 4.0, 2.0, 2.0, 3.0, 2.0, 2.0, 3.0, 3.0, 1.0, 2.0, 1.0, 5.0, 2.0, 1.0, 4.0, 3.0, 5.0, 4.0, 5.0, 2.0, 2.0, 2.0, 3.0, 1.0, 2.0, 2.0], [2.0, 3.0, 3.0, 1.0, 4.0, 1.0, 2.0, 1.0, 2.0, 1.0, 1.0, 1.0, 1.0, 4.0, 2.0, 5.0, 3.0, 3.0, 2.0, 2.0, 2.0, 5.0, 2.0, 2.0, 2.0, 1.0, 5.0, 2.0, 1.0, 4.0, 3.0, 2.0, 5.0, 3.0, 2.0, 2.0, 1.0, 5.0, 1.0, 2.0, 2.0], [1.0, 4.0, 3.0, 1.0, 4.0, 1.0, 1.0, 1.0, 2.0, 1.0, 1.0, 1.0, 1.0, 4.0, 3.0, 5.0, 3.0, 2.0, 1.0, 2.0, 2.0, 3.0, 3.0, 2.0, 2.0, 1.0, 3.0, 2.0, 1.0, 4.0, 3.0, 4.0, 4.0, 4.0, 2.0, 2.0, 2.0, 5.0, 2.0, 2.0, 2.0], [1.0, 3.0, 2.0, 1.0, 4.0, 1.0, 2.0, 1.0, 2.0, 1.0, 2.0, 1.0, 1.0, 4.0, 2.0, 4.0, 1.0, 2.0, 2.0, 2.0, 2.0, 2.0, 3.0, 2.0, 1.0, 1.0, 5.0, 2.0, 1.0, 4.0, 3.0, 5.0, 3.0, 4.0, 2.0, 2.0, 2.0, 5.0, 1.0, 2.0, 2.0], [1.0, 4.0, 2.0, 1.0, 5.0, 1.0, 2.0, 1.0, 2.0, 1.0, 2.0, 1.0, 1.0, 4.0, 2.0, 4.0, 3.0, 2.0, 3.0, 2.0, 3.0, 5.0, 5.0, 2.0, 2.0, 1.0, 5.0, 2.0, 1.0, 4.0, 3.0, 5.0, 1.0, 5.0, 2.0, 2.0, 2.0, 5.0, 1.0, 2.0, 2.0], [1.0, 4.0, 2.0, 1.0, 4.0, 1.0, 2.0, 2.0, 2.0, 2.0, 1.0, 1.0, 1.0, 4.0, 2.0, 4.0, 3.0, 4.0, 2.0, 2.0, 2.0, 5.0, 3.0, 2.0, 3.0, 1.0, 5.0, 2.0, 1.0, 4.0, 3.0, 2.0, 1.0, 4.0, 2.0, 2.0, 3.0, 5.0, 2.0, 2.0, 2.0], [1.0, 4.0, 2.0, 1.0, 4.0, 2.0, 1.0, 1.0, 2.0, 1.0, 2.0, 1.0, 1.0, 4.0, 2.0, 4.0, 3.0, 2.0, 4.0, 2.0, 2.0, 3.0, 3.0, 2.0, 2.0, 1.0, 5.0, 1.0, 1.0, 4.0, 3.0, 6.0, 2.0, 3.0, 2.0, 2.0, 2.0, 5.0, 2.0, 2.0, 2.0], [2.0, 4.0, 3.0, 1.0, 3.0, 2.0, 2.0, 1.0, 2.0, 2.0, 1.0, 1.0, 1.0, 4.0, 3.0, 4.0, 5.0, 2.0, 2.0, 2.0, 2.0, 3.0, 3.0, 2.0, 1.0, 1.0, 5.0, 2.0, 1.0, 4.0, 3.0, 5.0, 4.0, 4.0, 2.0, 2.0, 2.0, 5.0, 1.0, 2.0, 2.0], [2.0, 4.0, 2.0, 1.0, 3.0, 2.0, 1.0, 1.0, 2.0, 1.0, 1.0, 1.0, 1.0, 4.0, 2.0, 2.0, 2.0, 2.0, 4.0, 2.0, 2.0, 3.0, 3.0, 2.0, 2.0, 1.0, 3.0, 1.0, 1.0, 4.0, 3.0, 5.0, 3.0, 4.0, 2.0, 2.0, 1.0, 5.0, 1.0, 2.0, 2.0], [1.0, 4.0, 2.0, 1.0, 3.0, 1.0, 2.0, 1.0, 2.0, 1.0, 2.0, 1.0, 1.0, 4.0, 2.0, 4.0, 3.0, 2.0, 2.0, 2.0, 3.0, 5.0, 1.0, 2.0, 1.0, 1.0, 5.0, 2.0, 1.0, 4.0, 1.0, 5.0, 3.0, 4.0, 2.0, 2.0, 1.0, 5.0, 1.0, 2.0, 2.0], [1.0, 4.0, 2.0, 1.0, 4.0, 2.0, 2.0, 1.0, 2.0, 2.0, 1.0, 1.0, 1.0, 4.0, 2.0, 4.0, 3.0, 4.0, 2.0, 2.0, 2.0, 3.0, 3.0, 2.0, 2.0, 1.0, 5.0, 2.0, 1.0, 4.0, 3.0, 5.0, 2.0, 5.0, 2.0, 2.0, 1.0, 5.0, 1.0, 2.0, 2.0], [2.0, 4.0, 2.0, 1.0, 4.0, 2.0, 2.0, 2.0, 2.0, 2.0, 2.0, 1.0, 1.0, 4.0, 2.0, 4.0, 1.0, 2.0, 2.0, 2.0, 2.0, 3.0, 3.0, 2.0, 1.0, 1.0, 5.0, 2.0, 1.0, 4.0, 3.0, 3.0, 3.0, 4.0, 2.0, 2.0, 2.0, 5.0, 1.0, 2.0, 2.0], [2.0, 3.0, 3.0, 1.0, 4.0, 2.0, 2.0, 1.0, 2.0, 2.0, 1.0, 1.0, 1.0, 4.0, 2.0, 5.0, 1.0, 2.0, 3.0, 2.0, 2.0, 3.0, 3.0, 2.0, 1.0, 1.0, 5.0, 2.0, 1.0, 4.0, 3.0, 5.0, 3.0, 4.0, 2.0, 2.0, 2.0, 5.0, 2.0, 2.0, 2.0], [1.0, 4.0, 3.0, 1.0, 5.0, 1.0, 1.0, 1.0, 2.0, 1.0, 1.0, 1.0, 1.0, 4.0, 2.0, 4.0, 3.0, 2.0, 1.0, 2.0, 2.0, 3.0, 3.0, 2.0, 2.0, 1.0, 3.0, 2.0, 1.0, 4.0, 3.0, 3.0, 3.0, 4.0, 2.0, 2.0, 1.0, 5.0, 1.0, 2.0, 2.0], [1.0, 4.0, 2.0, 1.0, 4.0, 2.0, 2.0, 1.0, 2.0, 1.0, 2.0, 1.0, 1.0, 4.0, 2.0, 5.0, 3.0, 2.0, 3.0, 2.0, 2.0, 3.0, 3.0, 2.0, 1.0, 1.0, 5.0, 2.0, 1.0, 4.0, 3.0, 1.0, 3.0, 4.0, 1.0, 2.0, 2.0, 5.0, 2.0, 2.0, 1.0], [1.0, 1.0, 3.0, 1.0, 3.0, 2.0, 1.0, 1.0, 2.0, 2.0, 2.0, 1.0, 1.0, 4.0, 2.0, 4.0, 3.0, 4.0, 2.0, 2.0, 2.0, 5.0, 3.0, 2.0, 2.0, 1.0, 5.0, 2.0, 1.0, 4.0, 3.0, 5.0, 3.0, 3.0, 2.0, 2.0, 2.0, 5.0, 1.0, 2.0, 2.0], [1.0, 3.0, 2.0, 1.0, 4.0, 1.0, 2.0, 1.0, 2.0, 2.0, 2.0, 1.0, 1.0, 4.0, 2.0, 4.0, 2.0, 2.0, 2.0, 2.0, 3.0, 5.0, 2.0, 1.0, 2.0, 1.0, 5.0, 2.0, 1.0, 4.0, 1.0, 2.0, 3.0, 4.0, 2.0, 2.0, 1.0, 5.0, 2.0, 2.0, 2.0], [1.0, 4.0, 3.0, 1.0, 5.0, 1.0, 2.0, 1.0, 2.0, 1.0, 1.0, 1.0, 1.0, 4.0, 3.0, 4.0, 5.0, 2.0, 2.0, 2.0, 2.0, 5.0, 2.0, 2.0, 1.0, 1.0, 5.0, 2.0, 1.0, 4.0, 3.0, 5.0, 3.0, 4.0, 2.0, 2.0, 2.0, 4.0, 2.0, 2.0, 2.0], [1.0, 4.0, 3.0, 1.0, 4.0, 1.0, 2.0, 1.0, 2.0, 1.0, 2.0, 2.0, 1.0, 4.0, 2.0, 4.0, 3.0, 3.0, 1.0, 2.0, 2.0, 3.0, 3.0, 2.0, 2.0, 1.0, 5.0, 2.0, 1.0, 4.0, 3.0, 3.0, 3.0, 4.0, 2.0, 2.0, 1.0, 5.0, 1.0, 2.0, 2.0], [2.0, 4.0, 2.0, 1.0, 3.0, 1.0, 2.0, 2.0, 2.0, 1.0, 2.0, 1.0, 1.0, 4.0, 2.0, 5.0, 5.0, 2.0, 2.0, 2.0, 3.0, 3.0, 2.0, 2.0, 1.0, 1.0, 5.0, 2.0, 1.0, 4.0, 3.0, 5.0, 4.0, 4.0, 2.0, 2.0, 2.0, 5.0, 1.0, 2.0, 2.0], [1.0, 3.0, 2.0, 1.0, 4.0, 2.0, 2.0, 1.0, 2.0, 1.0, 1.0, 1.0, 1.0, 4.0, 2.0, 4.0, 3.0, 2.0, 2.0, 2.0, 2.0, 5.0, 3.0, 2.0, 2.0, 1.0, 3.0, 2.0, 1.0, 4.0, 3.0, 3.0, 1.0, 5.0, 2.0, 2.0, 2.0, 5.0, 1.0, 2.0, 2.0], [1.0, 5.0, 3.0, 1.0, 4.0, 1.0, 2.0, 1.0, 2.0, 1.0, 1.0, 1.0, 1.0, 4.0, 2.0, 4.0, 3.0, 2.0, 2.0, 2.0, 2.0, 5.0, 2.0, 2.0, 1.0, 1.0, 5.0, 2.0, 1.0, 4.0, 3.0, 5.0, 3.0, 5.0, 2.0, 2.0, 2.0, 5.0, 2.0, 2.0, 2.0], [2.0, 4.0, 3.0, 1.0, 4.0, 1.0, 2.0, 1.0, 2.0, 1.0, 2.0, 1.0, 1.0, 4.0, 2.0, 2.0, 2.0, 2.0, 2.0, 2.0, 2.0, 3.0, 3.0, 2.0, 2.0, 1.0, 3.0, 2.0, 1.0, 4.0, 3.0, 4.0, 3.0, 5.0, 2.0, 2.0, 1.0, 5.0, 2.0, 2.0, 2.0], [2.0, 4.0, 3.0, 1.0, 4.0, 2.0, 2.0, 1.0, 2.0, 1.0, 2.0, 1.0, 1.0, 4.0, 2.0, 4.0, 3.0, 2.0, 3.0, 2.0, 2.0, 5.0, 3.0, 2.0, 1.0, 1.0, 4.0, 2.0, 1.0, 4.0, 3.0, 5.0, 3.0, 4.0, 2.0, 2.0, 3.0, 5.0, 2.0, 2.0, 1.0], [1.0, 2.0, 3.0, 1.0, 5.0, 2.0, 2.0, 1.0, 2.0, 1.0, 1.0, 1.0, 1.0, 4.0, 2.0, 4.0, 3.0, 2.0, 3.0, 2.0, 2.0, 5.0, 4.0, 2.0, 1.0, 1.0, 3.0, 2.0, 1.0, 4.0, 1.0, 5.0, 2.0, 4.0, 2.0, 2.0, 1.0, 5.0, 2.0, 2.0, 2.0], [2.0, 3.0, 2.0, 1.0, 4.0, 1.0, 2.0, 1.0, 2.0, 1.0, 1.0, 1.0, 1.0, 4.0, 2.0, 4.0, 5.0, 2.0, 2.0, 2.0, 2.0, 5.0, 3.0, 2.0, 1.0, 1.0, 3.0, 2.0, 1.0, 4.0, 3.0, 4.0, 3.0, 4.0, 2.0, 2.0, 1.0, 5.0, 1.0, 2.0, 2.0], [1.0, 3.0, 3.0, 1.0, 5.0, 1.0, 2.0, 1.0, 2.0, 2.0, 2.0, 1.0, 1.0, 4.0, 2.0, 4.0, 3.0, 2.0, 2.0, 2.0, 2.0, 3.0, 2.0, 2.0, 2.0, 1.0, 3.0, 2.0, 1.0, 4.0, 3.0, 3.0, 3.0, 4.0, 2.0, 2.0, 2.0, 5.0, 2.0, 2.0, 2.0], [2.0, 3.0, 3.0, 1.0, 5.0, 1.0, 2.0, 1.0, 2.0, 1.0, 1.0, 1.0, 1.0, 4.0, 3.0, 2.0, 3.0, 2.0, 1.0, 2.0, 2.0, 4.0, 2.0, 2.0, 1.0, 1.0, 1.0, 2.0, 1.0, 4.0, 3.0, 4.0, 3.0, 4.0, 2.0, 2.0, 3.0, 5.0, 2.0, 2.0, 2.0], [2.0, 4.0, 2.0, 1.0, 3.0, 2.0, 2.0, 2.0, 2.0, 1.0, 1.0, 1.0, 1.0, 4.0, 2.0, 4.0, 5.0, 2.0, 4.0, 2.0, 2.0, 5.0, 3.0, 2.0, 1.0, 1.0, 5.0, 2.0, 1.0, 4.0, 3.0, 6.0, 3.0, 4.0, 2.0, 1.0, 2.0, 5.0, 2.0, 2.0, 2.0], [1.0, 3.0, 2.0, 1.0, 4.0, 2.0, 1.0, 1.0, 2.0, 1.0, 2.0, 1.0, 1.0, 4.0, 3.0, 3.0, 2.0, 2.0, 2.0, 2.0, 2.0, 3.0, 3.0, 2.0, 1.0, 1.0, 3.0, 2.0, 1.0, 4.0, 3.0, 5.0, 2.0, 4.0, 2.0, 2.0, 3.0, 5.0, 2.0, 2.0, 2.0], [2.0, 3.0, 2.0, 1.0, 4.0, 1.0, 2.0, 1.0, 2.0, 1.0, 1.0, 1.0, 1.0, 4.0, 2.0, 4.0, 3.0, 2.0, 2.0, 2.0, 2.0, 5.0, 3.0, 2.0, 2.0, 1.0, 5.0, 2.0, 1.0, 4.0, 3.0, 5.0, 3.0, 4.0, 2.0, 2.0, 1.0, 5.0, 1.0, 2.0, 2.0], [2.0, 3.0, 2.0, 1.0, 3.0, 2.0, 2.0, 1.0, 2.0, 1.0, 2.0, 1.0, 1.0, 4.0, 2.0, 5.0, 3.0, 2.0, 3.0, 2.0, 2.0, 3.0, 2.0, 2.0, 1.0, 1.0, 3.0, 2.0, 1.0, 4.0, 3.0, 5.0, 2.0, 5.0, 2.0, 2.0, 2.0, 5.0, 1.0, 2.0, 2.0]]

first layer check: Conv2d(6, 64, kernel_size=(7, 7), stride=(2, 2), padding=(3, 3), bias=False)

for model 3: mode acc: 0.3414634168148041, run mean acc: 0.29633334279060364, top-2 acc:0.500333309173584, mode f1: 0.3414634168148041

model 3 mode preds
[1.0, 3.0, 4.0, 1.0, 3.0, 3.0, 3.0, 1.0, 2.0, 1.0, 3.0, 1.0, 1.0, 5.0, 3.0, 4.0, 3.0, 2.0, 3.0, 4.0, 3.0, 5.0, 3.0, 1.0, 3.0, 1.0, 5.0, 2.0, 1.0, 4.0, 3.0, 5.0, 4.0, 4.0, 2.0, 3.0, 3.0, 5.0, 1.0, 3.0, 3.0]

model 3 all preds
[[1.0, 3.0, 4.0, 1.0, 3.0, 3.0, 3.0, 1.0, 2.0, 1.0, 3.0, 1.0, 1.0, 5.0, 3.0, 4.0, 2.0, 2.0, 3.0, 2.0, 3.0, 5.0, 3.0, 3.0, 3.0, 1.0, 5.0, 2.0, 1.0, 4.0, 3.0, 4.0, 4.0, 4.0, 1.0, 1.0, 1.0, 5.0, 1.0, 3.0, 3.0], [1.0, 3.0, 4.0, 1.0, 4.0, 4.0, 3.0, 1.0, 2.0, 2.0, 1.0, 1.0, 1.0, 5.0, 3.0, 6.0, 3.0, 2.0, 1.0, 4.0, 3.0, 5.0, 3.0, 2.0, 3.0, 1.0, 5.0, 2.0, 3.0, 4.0, 3.0, 5.0, 4.0, 4.0, 2.0, 3.0, 3.0, 6.0, 2.0, 3.0, 3.0], [1.0, 3.0, 4.0, 1.0, 3.0, 3.0, 3.0, 1.0, 2.0, 1.0, 3.0, 1.0, 1.0, 5.0, 3.0, 5.0, 3.0, 2.0, 4.0, 4.0, 3.0, 5.0, 3.0, 1.0, 3.0, 1.0, 5.0, 2.0, 1.0, 4.0, 3.0, 2.0, 5.0, 4.0, 2.0, 3.0, 3.0, 5.0, 3.0, 3.0, 3.0], [1.0, 3.0, 4.0, 1.0, 3.0, 3.0, 1.0, 1.0, 2.0, 1.0, 2.0, 1.0, 1.0, 5.0, 3.0, 3.0, 3.0, 2.0, 5.0, 4.0, 3.0, 5.0, 3.0, 4.0, 3.0, 1.0, 5.0, 2.0, 1.0, 4.0, 3.0, 5.0, 4.0, 3.0, 2.0, 3.0, 3.0, 5.0, 2.0, 2.0, 4.0], [1.0, 4.0, 4.0, 2.0, 1.0, 3.0, 3.0, 1.0, 2.0, 1.0, 1.0, 1.0, 1.0, 5.0, 3.0, 5.0, 3.0, 2.0, 3.0, 4.0, 3.0, 5.0, 3.0, 1.0, 3.0, 1.0, 5.0, 2.0, 1.0, 4.0, 3.0, 5.0, 5.0, 4.0, 2.0, 3.0, 3.0, 6.0, 1.0, 3.0, 3.0], [3.0, 4.0, 4.0, 1.0, 6.0, 4.0, 3.0, 1.0, 2.0, 1.0, 1.0, 1.0, 1.0, 5.0, 3.0, 4.0, 1.0, 2.0, 5.0, 4.0, 3.0, 6.0, 3.0, 2.0, 3.0, 1.0, 5.0, 2.0, 1.0, 4.0, 3.0, 5.0, 5.0, 4.0, 2.0, 3.0, 3.0, 5.0, 3.0, 3.0, 3.0], [1.0, 5.0, 4.0, 1.0, 3.0, 3.0, 3.0, 1.0, 2.0, 1.0, 1.0, 1.0, 1.0, 5.0, 3.0, 4.0, 2.0, 2.0, 3.0, 4.0, 3.0, 5.0, 3.0, 4.0, 3.0, 1.0, 5.0, 2.0, 1.0, 4.0, 3.0, 5.0, 5.0, 4.0, 2.0, 3.0, 1.0, 3.0, 1.0, 3.0, 3.0], [1.0, 3.0, 4.0, 3.0, 4.0, 1.0, 3.0, 1.0, 2.0, 1.0, 3.0, 1.0, 1.0, 5.0, 3.0, 3.0, 3.0, 3.0, 5.0, 2.0, 3.0, 3.0, 3.0, 3.0, 3.0, 1.0, 5.0, 2.0, 1.0, 4.0, 3.0, 5.0, 4.0, 4.0, 2.0, 3.0, 3.0, 5.0, 1.0, 3.0, 3.0], [1.0, 3.0, 4.0, 1.0, 4.0, 3.0, 1.0, 1.0, 2.0, 3.0, 1.0, 1.0, 2.0, 5.0, 3.0, 5.0, 3.0, 2.0, 3.0, 2.0, 3.0, 6.0, 3.0, 2.0, 3.0, 1.0, 5.0, 2.0, 1.0, 4.0, 3.0, 1.0, 4.0, 4.0, 2.0, 3.0, 3.0, 6.0, 3.0, 3.0, 4.0], [3.0, 4.0, 4.0, 1.0, 6.0, 1.0, 3.0, 1.0, 2.0, 1.0, 3.0, 1.0, 1.0, 5.0, 3.0, 6.0, 3.0, 2.0, 3.0, 2.0, 3.0, 5.0, 1.0, 2.0, 3.0, 1.0, 5.0, 2.0, 1.0, 4.0, 3.0, 3.0, 5.0, 4.0, 2.0, 3.0, 3.0, 5.0, 3.0, 3.0, 4.0], [1.0, 1.0, 4.0, 1.0, 3.0, 3.0, 3.0, 1.0, 2.0, 1.0, 3.0, 1.0, 1.0, 5.0, 3.0, 2.0, 3.0, 2.0, 5.0, 2.0, 3.0, 3.0, 3.0, 3.0, 1.0, 1.0, 5.0, 2.0, 1.0, 4.0, 3.0, 1.0, 3.0, 4.0, 2.0, 3.0, 3.0, 5.0, 2.0, 3.0, 3.0], [1.0, 3.0, 4.0, 1.0, 3.0, 1.0, 3.0, 1.0, 2.0, 1.0, 3.0, 1.0, 1.0, 5.0, 3.0, 4.0, 3.0, 2.0, 3.0, 2.0, 3.0, 3.0, 3.0, 2.0, 3.0, 1.0, 3.0, 2.0, 1.0, 4.0, 3.0, 5.0, 4.0, 4.0, 2.0, 3.0, 3.0, 5.0, 1.0, 3.0, 3.0], [1.0, 3.0, 4.0, 1.0, 3.0, 3.0, 3.0, 1.0, 2.0, 1.0, 1.0, 1.0, 1.0, 5.0, 3.0, 4.0, 3.0, 2.0, 3.0, 4.0, 3.0, 6.0, 3.0, 3.0, 3.0, 1.0, 5.0, 2.0, 1.0, 4.0, 3.0, 5.0, 4.0, 5.0, 2.0, 3.0, 3.0, 5.0, 1.0, 3.0, 3.0], [1.0, 3.0, 4.0, 1.0, 6.0, 4.0, 1.0, 1.0, 2.0, 1.0, 3.0, 1.0, 1.0, 5.0, 3.0, 3.0, 1.0, 2.0, 4.0, 2.0, 3.0, 6.0, 3.0, 2.0, 3.0, 1.0, 5.0, 2.0, 1.0, 4.0, 3.0, 3.0, 5.0, 4.0, 2.0, 2.0, 3.0, 5.0, 2.0, 3.0, 3.0], [1.0, 5.0, 4.0, 1.0, 1.0, 3.0, 2.0, 1.0, 2.0, 1.0, 3.0, 1.0, 1.0, 5.0, 3.0, 5.0, 1.0, 3.0, 2.0, 4.0, 3.0, 3.0, 3.0, 4.0, 3.0, 1.0, 5.0, 2.0, 1.0, 4.0, 3.0, 4.0, 4.0, 4.0, 2.0, 3.0, 3.0, 5.0, 1.0, 3.0, 3.0], [3.0, 4.0, 4.0, 1.0, 3.0, 1.0, 3.0, 1.0, 2.0, 1.0, 2.0, 1.0, 1.0, 5.0, 3.0, 4.0, 1.0, 2.0, 5.0, 4.0, 3.0, 5.0, 3.0, 2.0, 3.0, 1.0, 5.0, 2.0, 1.0, 4.0, 3.0, 5.0, 4.0, 4.0, 1.0, 3.0, 3.0, 6.0, 3.0, 3.0, 2.0], [1.0, 4.0, 4.0, 1.0, 3.0, 1.0, 3.0, 1.0, 2.0, 1.0, 1.0, 1.0, 1.0, 5.0, 3.0, 4.0, 3.0, 2.0, 2.0, 2.0, 3.0, 6.0, 3.0, 1.0, 3.0, 1.0, 3.0, 2.0, 1.0, 4.0, 3.0, 3.0, 5.0, 4.0, 2.0, 3.0, 3.0, 5.0, 2.0, 3.0, 4.0], [1.0, 1.0, 4.0, 1.0, 6.0, 1.0, 3.0, 1.0, 2.0, 1.0, 3.0, 1.0, 1.0, 5.0, 3.0, 3.0, 2.0, 2.0, 3.0, 4.0, 3.0, 6.0, 1.0, 1.0, 3.0, 1.0, 5.0, 2.0, 1.0, 4.0, 3.0, 5.0, 5.0, 4.0, 2.0, 3.0, 3.0, 5.0, 2.0, 3.0, 3.0], [1.0, 4.0, 4.0, 1.0, 3.0, 1.0, 3.0, 1.0, 2.0, 1.0, 1.0, 1.0, 2.0, 5.0, 3.0, 5.0, 5.0, 2.0, 3.0, 4.0, 3.0, 5.0, 3.0, 4.0, 3.0, 1.0, 5.0, 2.0, 1.0, 4.0, 3.0, 5.0, 4.0, 4.0, 3.0, 2.0, 3.0, 5.0, 2.0, 3.0, 4.0], [1.0, 3.0, 4.0, 1.0, 6.0, 3.0, 3.0, 1.0, 2.0, 1.0, 1.0, 1.0, 1.0, 5.0, 3.0, 3.0, 2.0, 2.0, 3.0, 4.0, 3.0, 6.0, 3.0, 3.0, 3.0, 1.0, 5.0, 2.0, 1.0, 4.0, 3.0, 3.0, 4.0, 4.0, 2.0, 3.0, 3.0, 5.0, 1.0, 3.0, 3.0], [3.0, 4.0, 4.0, 1.0, 3.0, 3.0, 3.0, 1.0, 2.0, 1.0, 3.0, 1.0, 1.0, 5.0, 3.0, 4.0, 3.0, 2.0, 4.0, 4.0, 3.0, 6.0, 3.0, 2.0, 3.0, 1.0, 5.0, 2.0, 1.0, 4.0, 3.0, 3.0, 4.0, 4.0, 2.0, 3.0, 1.0, 5.0, 2.0, 3.0, 3.0], [1.0, 3.0, 4.0, 1.0, 6.0, 2.0, 3.0, 1.0, 2.0, 3.0, 1.0, 1.0, 2.0, 5.0, 3.0, 4.0, 5.0, 2.0, 3.0, 2.0, 2.0, 5.0, 3.0, 1.0, 3.0, 1.0, 5.0, 2.0, 1.0, 4.0, 3.0, 3.0, 2.0, 4.0, 3.0, 3.0, 3.0, 5.0, 2.0, 3.0, 4.0], [3.0, 3.0, 4.0, 1.0, 5.0, 3.0, 3.0, 1.0, 2.0, 1.0, 3.0, 1.0, 1.0, 5.0, 3.0, 4.0, 1.0, 4.0, 3.0, 2.0, 3.0, 5.0, 3.0, 2.0, 3.0, 1.0, 5.0, 2.0, 1.0, 4.0, 3.0, 5.0, 5.0, 3.0, 2.0, 2.0, 3.0, 5.0, 1.0, 3.0, 4.0], [1.0, 3.0, 4.0, 1.0, 1.0, 1.0, 1.0, 1.0, 2.0, 3.0, 3.0, 1.0, 1.0, 5.0, 3.0, 6.0, 3.0, 2.0, 3.0, 2.0, 3.0, 5.0, 3.0, 2.0, 3.0, 1.0, 5.0, 2.0, 1.0, 4.0, 3.0, 5.0, 4.0, 4.0, 2.0, 3.0, 3.0, 6.0, 1.0, 2.0, 3.0], [1.0, 3.0, 4.0, 1.0, 3.0, 3.0, 3.0, 1.0, 2.0, 1.0, 1.0, 1.0, 1.0, 5.0, 3.0, 4.0, 3.0, 2.0, 4.0, 2.0, 3.0, 5.0, 3.0, 3.0, 3.0, 1.0, 5.0, 2.0, 1.0, 4.0, 3.0, 4.0, 4.0, 4.0, 2.0, 3.0, 3.0, 5.0, 1.0, 2.0, 2.0], [1.0, 3.0, 4.0, 1.0, 1.0, 3.0, 3.0, 1.0, 2.0, 1.0, 3.0, 1.0, 1.0, 5.0, 3.0, 4.0, 3.0, 2.0, 3.0, 2.0, 3.0, 6.0, 3.0, 2.0, 3.0, 1.0, 3.0, 2.0, 1.0, 4.0, 3.0, 5.0, 4.0, 4.0, 2.0, 3.0, 3.0, 6.0, 1.0, 2.0, 3.0], [1.0, 3.0, 4.0, 1.0, 3.0, 3.0, 3.0, 1.0, 2.0, 3.0, 1.0, 1.0, 1.0, 5.0, 3.0, 3.0, 3.0, 2.0, 4.0, 2.0, 3.0, 3.0, 3.0, 4.0, 3.0, 1.0, 5.0, 2.0, 1.0, 4.0, 3.0, 3.0, 4.0, 4.0, 2.0, 3.0, 3.0, 2.0, 2.0, 3.0, 3.0], [1.0, 4.0, 4.0, 1.0, 6.0, 3.0, 3.0, 1.0, 2.0, 3.0, 1.0, 1.0, 1.0, 5.0, 3.0, 3.0, 2.0, 2.0, 3.0, 4.0, 3.0, 6.0, 3.0, 1.0, 3.0, 1.0, 4.0, 2.0, 1.0, 4.0, 3.0, 5.0, 5.0, 4.0, 2.0, 3.0, 3.0, 6.0, 2.0, 3.0, 3.0], [1.0, 3.0, 4.0, 1.0, 3.0, 3.0, 3.0, 1.0, 2.0, 1.0, 1.0, 1.0, 1.0, 5.0, 3.0, 6.0, 3.0, 2.0, 2.0, 4.0, 2.0, 6.0, 3.0, 2.0, 3.0, 1.0, 6.0, 2.0, 1.0, 4.0, 3.0, 5.0, 4.0, 3.0, 2.0, 3.0, 3.0, 5.0, 2.0, 2.0, 3.0], [1.0, 3.0, 4.0, 1.0, 3.0, 1.0, 3.0, 1.0, 2.0, 1.0, 1.0, 1.0, 1.0, 5.0, 3.0, 6.0, 3.0, 2.0, 2.0, 4.0, 3.0, 6.0, 3.0, 1.0, 3.0, 1.0, 5.0, 2.0, 1.0, 4.0, 3.0, 5.0, 3.0, 4.0, 1.0, 3.0, 1.0, 5.0, 1.0, 3.0, 2.0], [3.0, 4.0, 4.0, 1.0, 4.0, 3.0, 3.0, 1.0, 2.0, 1.0, 3.0, 1.0, 1.0, 5.0, 3.0, 5.0, 3.0, 2.0, 4.0, 2.0, 3.0, 5.0, 1.0, 1.0, 3.0, 1.0, 5.0, 2.0, 1.0, 4.0, 3.0, 5.0, 5.0, 4.0, 2.0, 3.0, 3.0, 6.0, 1.0, 3.0, 4.0], [1.0, 3.0, 4.0, 1.0, 3.0, 1.0, 1.0, 1.0, 2.0, 1.0, 3.0, 1.0, 1.0, 5.0, 3.0, 5.0, 3.0, 2.0, 3.0, 2.0, 3.0, 5.0, 3.0, 3.0, 3.0, 1.0, 5.0, 2.0, 1.0, 4.0, 3.0, 5.0, 5.0, 4.0, 2.0, 3.0, 2.0, 5.0, 2.0, 3.0, 4.0], [1.0, 3.0, 4.0, 1.0, 5.0, 1.0, 3.0, 1.0, 2.0, 3.0, 3.0, 1.0, 2.0, 5.0, 3.0, 4.0, 3.0, 2.0, 3.0, 4.0, 3.0, 6.0, 3.0, 1.0, 3.0, 1.0, 5.0, 2.0, 1.0, 4.0, 3.0, 5.0, 5.0, 5.0, 3.0, 3.0, 1.0, 6.0, 1.0, 3.0, 3.0], [1.0, 3.0, 4.0, 1.0, 4.0, 3.0, 3.0, 1.0, 2.0, 1.0, 3.0, 1.0, 1.0, 5.0, 3.0, 4.0, 3.0, 2.0, 3.0, 4.0, 3.0, 3.0, 3.0, 1.0, 3.0, 1.0, 5.0, 2.0, 1.0, 4.0, 3.0, 5.0, 5.0, 4.0, 2.0, 3.0, 3.0, 5.0, 2.0, 3.0, 2.0], [1.0, 3.0, 4.0, 1.0, 3.0, 1.0, 3.0, 1.0, 2.0, 1.0, 3.0, 1.0, 1.0, 5.0, 3.0, 6.0, 1.0, 2.0, 2.0, 2.0, 3.0, 6.0, 3.0, 4.0, 3.0, 1.0, 3.0, 2.0, 1.0, 4.0, 3.0, 3.0, 4.0, 4.0, 2.0, 3.0, 3.0, 6.0, 1.0, 3.0, 3.0], [1.0, 4.0, 4.0, 1.0, 3.0, 1.0, 3.0, 1.0, 2.0, 1.0, 2.0, 1.0, 1.0, 5.0, 3.0, 6.0, 3.0, 2.0, 4.0, 2.0, 3.0, 3.0, 3.0, 2.0, 3.0, 1.0, 5.0, 2.0, 1.0, 4.0, 3.0, 5.0, 1.0, 4.0, 2.0, 3.0, 3.0, 6.0, 2.0, 3.0, 2.0], [1.0, 4.0, 4.0, 1.0, 3.0, 3.0, 3.0, 1.0, 2.0, 1.0, 1.0, 1.0, 1.0, 5.0, 3.0, 5.0, 3.0, 2.0, 3.0, 4.0, 2.0, 5.0, 3.0, 4.0, 3.0, 1.0, 5.0, 2.0, 1.0, 4.0, 3.0, 3.0, 5.0, 4.0, 2.0, 3.0, 3.0, 5.0, 1.0, 3.0, 3.0], [1.0, 4.0, 4.0, 1.0, 3.0, 3.0, 3.0, 1.0, 2.0, 3.0, 3.0, 1.0, 1.0, 5.0, 3.0, 3.0, 3.0, 2.0, 3.0, 2.0, 3.0, 6.0, 3.0, 3.0, 3.0, 1.0, 5.0, 2.0, 1.0, 4.0, 3.0, 3.0, 4.0, 4.0, 2.0, 3.0, 3.0, 5.0, 1.0, 3.0, 3.0], [3.0, 3.0, 4.0, 1.0, 3.0, 1.0, 3.0, 1.0, 2.0, 1.0, 1.0, 1.0, 2.0, 5.0, 3.0, 6.0, 3.0, 2.0, 3.0, 4.0, 3.0, 6.0, 3.0, 1.0, 3.0, 1.0, 1.0, 2.0, 1.0, 4.0, 3.0, 5.0, 4.0, 4.0, 2.0, 2.0, 1.0, 6.0, 2.0, 2.0, 3.0], [1.0, 3.0, 4.0, 1.0, 4.0, 4.0, 3.0, 1.0, 2.0, 1.0, 3.0, 1.0, 1.0, 5.0, 3.0, 5.0, 1.0, 2.0, 3.0, 4.0, 3.0, 5.0, 1.0, 1.0, 3.0, 1.0, 4.0, 2.0, 1.0, 4.0, 3.0, 5.0, 4.0, 4.0, 2.0, 3.0, 3.0, 5.0, 1.0, 3.0, 3.0], [3.0, 3.0, 4.0, 1.0, 3.0, 1.0, 1.0, 1.0, 2.0, 3.0, 3.0, 1.0, 1.0, 5.0, 3.0, 3.0, 2.0, 2.0, 3.0, 4.0, 3.0, 3.0, 3.0, 3.0, 3.0, 1.0, 3.0, 2.0, 3.0, 4.0, 3.0, 5.0, 4.0, 5.0, 2.0, 3.0, 3.0, 5.0, 1.0, 3.0, 4.0], [1.0, 3.0, 4.0, 1.0, 3.0, 1.0, 3.0, 1.0, 2.0, 1.0, 1.0, 1.0, 1.0, 5.0, 3.0, 4.0, 5.0, 2.0, 3.0, 2.0, 3.0, 5.0, 1.0, 1.0, 3.0, 1.0, 5.0, 2.0, 1.0, 4.0, 3.0, 5.0, 4.0, 4.0, 2.0, 3.0, 3.0, 5.0, 1.0, 3.0, 3.0], [1.0, 1.0, 4.0, 1.0, 3.0, 3.0, 3.0, 1.0, 2.0, 1.0, 3.0, 1.0, 1.0, 5.0, 3.0, 5.0, 3.0, 2.0, 4.0, 4.0, 3.0, 6.0, 3.0, 2.0, 3.0, 1.0, 5.0, 2.0, 1.0, 4.0, 3.0, 5.0, 4.0, 4.0, 2.0, 3.0, 3.0, 6.0, 3.0, 2.0, 2.0], [1.0, 3.0, 4.0, 1.0, 3.0, 3.0, 2.0, 1.0, 2.0, 1.0, 3.0, 1.0, 1.0, 5.0, 3.0, 4.0, 3.0, 2.0, 4.0, 2.0, 3.0, 5.0, 3.0, 1.0, 3.0, 1.0, 4.0, 2.0, 1.0, 4.0, 3.0, 3.0, 3.0, 3.0, 2.0, 3.0, 3.0, 5.0, 3.0, 3.0, 3.0], [3.0, 2.0, 4.0, 1.0, 3.0, 4.0, 3.0, 1.0, 2.0, 1.0, 1.0, 1.0, 1.0, 5.0, 3.0, 4.0, 1.0, 2.0, 3.0, 4.0, 3.0, 5.0, 3.0, 2.0, 3.0, 1.0, 5.0, 2.0, 3.0, 4.0, 3.0, 3.0, 4.0, 3.0, 2.0, 3.0, 2.0, 6.0, 1.0, 2.0, 4.0], [1.0, 3.0, 4.0, 1.0, 3.0, 4.0, 3.0, 1.0, 2.0, 1.0, 3.0, 1.0, 1.0, 5.0, 3.0, 5.0, 2.0, 2.0, 2.0, 4.0, 3.0, 5.0, 3.0, 2.0, 3.0, 1.0, 5.0, 2.0, 1.0, 4.0, 3.0, 3.0, 4.0, 4.0, 2.0, 3.0, 3.0, 5.0, 1.0, 3.0, 4.0], [1.0, 3.0, 4.0, 1.0, 6.0, 4.0, 3.0, 1.0, 2.0, 3.0, 3.0, 1.0, 1.0, 5.0, 3.0, 4.0, 3.0, 2.0, 3.0, 2.0, 3.0, 5.0, 3.0, 1.0, 1.0, 1.0, 5.0, 2.0, 1.0, 4.0, 3.0, 6.0, 4.0, 4.0, 2.0, 3.0, 3.0, 6.0, 1.0, 3.0, 4.0], [1.0, 3.0, 4.0, 1.0, 3.0, 4.0, 3.0, 1.0, 2.0, 3.0, 3.0, 1.0, 1.0, 5.0, 3.0, 6.0, 2.0, 2.0, 4.0, 4.0, 3.0, 6.0, 3.0, 4.0, 3.0, 1.0, 5.0, 2.0, 1.0, 4.0, 3.0, 6.0, 4.0, 4.0, 2.0, 3.0, 3.0, 5.0, 3.0, 3.0, 4.0], [1.0, 3.0, 4.0, 1.0, 1.0, 3.0, 3.0, 1.0, 2.0, 1.0, 1.0, 1.0, 1.0, 5.0, 3.0, 4.0, 3.0, 2.0, 2.0, 2.0, 3.0, 6.0, 3.0, 1.0, 3.0, 1.0, 5.0, 2.0, 1.0, 4.0, 3.0, 5.0, 5.0, 5.0, 2.0, 3.0, 3.0, 6.0, 3.0, 3.0, 3.0], [1.0, 3.0, 4.0, 1.0, 4.0, 1.0, 3.0, 1.0, 2.0, 1.0, 1.0, 1.0, 1.0, 5.0, 3.0, 6.0, 3.0, 2.0, 3.0, 4.0, 2.0, 5.0, 3.0, 3.0, 3.0, 1.0, 5.0, 2.0, 1.0, 4.0, 3.0, 3.0, 5.0, 4.0, 2.0, 3.0, 3.0, 5.0, 1.0, 3.0, 2.0]]

first layer check: Conv2d(6, 64, kernel_size=(7, 7), stride=(2, 2), padding=(3, 3), bias=False)

for model 4: mode acc: 0.31707316637039185, run mean acc: 0.273416668176651, top-2 acc:0.4661666750907898, mode f1: 0.31707316637039185

model 4 mode preds
[1.0, 4.0, 3.0, 3.0, 4.0, 3.0, 3.0, 1.0, 2.0, 3.0, 1.0, 1.0, 1.0, 4.0, 3.0, 4.0, 3.0, 3.0, 3.0, 2.0, 3.0, 6.0, 3.0, 3.0, 3.0, 1.0, 3.0, 3.0, 3.0, 4.0, 3.0, 6.0, 3.0, 4.0, 3.0, 3.0, 3.0, 5.0, 3.0, 3.0, 3.0]

model 4 all preds
[[1.0, 5.0, 3.0, 3.0, 3.0, 3.0, 3.0, 1.0, 2.0, 3.0, 1.0, 1.0, 1.0, 4.0, 3.0, 4.0, 5.0, 3.0, 4.0, 2.0, 3.0, 6.0, 3.0, 3.0, 3.0, 3.0, 5.0, 3.0, 3.0, 4.0, 3.0, 3.0, 3.0, 4.0, 3.0, 3.0, 3.0, 5.0, 3.0, 3.0, 3.0], [1.0, 5.0, 4.0, 3.0, 4.0, 3.0, 1.0, 1.0, 2.0, 1.0, 3.0, 1.0, 1.0, 4.0, 3.0, 4.0, 3.0, 3.0, 3.0, 2.0, 3.0, 6.0, 3.0, 3.0, 3.0, 1.0, 6.0, 3.0, 3.0, 4.0, 3.0, 6.0, 5.0, 4.0, 2.0, 3.0, 3.0, 5.0, 3.0, 3.0, 3.0], [1.0, 5.0, 4.0, 1.0, 4.0, 3.0, 3.0, 1.0, 2.0, 3.0, 3.0, 1.0, 1.0, 4.0, 3.0, 4.0, 5.0, 3.0, 3.0, 2.0, 3.0, 6.0, 3.0, 1.0, 3.0, 1.0, 3.0, 3.0, 3.0, 4.0, 3.0, 6.0, 3.0, 6.0, 4.0, 3.0, 3.0, 5.0, 3.0, 3.0, 3.0], [1.0, 5.0, 2.0, 3.0, 4.0, 3.0, 3.0, 1.0, 5.0, 3.0, 3.0, 1.0, 1.0, 4.0, 3.0, 4.0, 3.0, 4.0, 3.0, 2.0, 3.0, 6.0, 3.0, 3.0, 3.0, 1.0, 3.0, 3.0, 3.0, 4.0, 3.0, 3.0, 3.0, 4.0, 3.0, 3.0, 3.0, 6.0, 3.0, 3.0, 3.0], [1.0, 4.0, 3.0, 3.0, 5.0, 5.0, 3.0, 1.0, 5.0, 1.0, 3.0, 1.0, 1.0, 4.0, 3.0, 6.0, 3.0, 3.0, 3.0, 2.0, 3.0, 6.0, 3.0, 1.0, 3.0, 1.0, 3.0, 2.0, 3.0, 4.0, 3.0, 6.0, 3.0, 4.0, 4.0, 4.0, 1.0, 5.0, 3.0, 3.0, 3.0], [3.0, 4.0, 3.0, 1.0, 4.0, 3.0, 3.0, 1.0, 2.0, 3.0, 3.0, 1.0, 1.0, 4.0, 3.0, 4.0, 5.0, 3.0, 3.0, 1.0, 3.0, 6.0, 3.0, 3.0, 3.0, 1.0, 3.0, 3.0, 3.0, 4.0, 3.0, 3.0, 5.0, 4.0, 3.0, 3.0, 3.0, 5.0, 3.0, 3.0, 3.0], [1.0, 5.0, 3.0, 3.0, 4.0, 1.0, 3.0, 1.0, 2.0, 3.0, 3.0, 1.0, 1.0, 4.0, 3.0, 4.0, 3.0, 3.0, 3.0, 1.0, 3.0, 3.0, 3.0, 3.0, 3.0, 1.0, 5.0, 3.0, 3.0, 4.0, 3.0, 6.0, 5.0, 4.0, 3.0, 3.0, 3.0, 5.0, 3.0, 3.0, 3.0], [1.0, 5.0, 3.0, 3.0, 6.0, 3.0, 3.0, 1.0, 2.0, 3.0, 1.0, 1.0, 1.0, 4.0, 3.0, 4.0, 3.0, 3.0, 3.0, 2.0, 3.0, 3.0, 3.0, 1.0, 3.0, 1.0, 3.0, 3.0, 3.0, 4.0, 3.0, 3.0, 3.0, 4.0, 3.0, 3.0, 3.0, 6.0, 3.0, 3.0, 3.0], [1.0, 4.0, 2.0, 1.0, 4.0, 3.0, 3.0, 1.0, 2.0, 3.0, 1.0, 1.0, 1.0, 4.0, 3.0, 4.0, 5.0, 4.0, 3.0, 2.0, 3.0, 6.0, 3.0, 3.0, 3.0, 1.0, 3.0, 2.0, 3.0, 4.0, 3.0, 3.0, 3.0, 4.0, 3.0, 3.0, 3.0, 5.0, 3.0, 3.0, 3.0], [1.0, 4.0, 3.0, 1.0, 5.0, 3.0, 3.0, 1.0, 2.0, 3.0, 3.0, 1.0, 1.0, 4.0, 3.0, 4.0, 3.0, 3.0, 3.0, 1.0, 3.0, 3.0, 3.0, 3.0, 3.0, 1.0, 3.0, 3.0, 3.0, 4.0, 3.0, 6.0, 5.0, 4.0, 3.0, 3.0, 3.0, 5.0, 3.0, 3.0, 3.0], [1.0, 5.0, 2.0, 1.0, 5.0, 3.0, 3.0, 1.0, 2.0, 3.0, 1.0, 1.0, 1.0, 4.0, 3.0, 4.0, 5.0, 3.0, 3.0, 2.0, 3.0, 5.0, 3.0, 1.0, 3.0, 1.0, 5.0, 3.0, 3.0, 4.0, 3.0, 6.0, 3.0, 4.0, 3.0, 3.0, 3.0, 6.0, 3.0, 3.0, 3.0], [1.0, 4.0, 3.0, 1.0, 6.0, 4.0, 3.0, 1.0, 2.0, 3.0, 1.0, 1.0, 1.0, 4.0, 3.0, 4.0, 3.0, 5.0, 4.0, 2.0, 3.0, 6.0, 3.0, 3.0, 3.0, 3.0, 3.0, 3.0, 3.0, 4.0, 3.0, 6.0, 5.0, 4.0, 3.0, 3.0, 3.0, 5.0, 3.0, 3.0, 3.0], [1.0, 4.0, 3.0, 1.0, 5.0, 3.0, 3.0, 1.0, 5.0, 3.0, 3.0, 1.0, 1.0, 4.0, 3.0, 4.0, 5.0, 4.0, 5.0, 2.0, 3.0, 3.0, 3.0, 3.0, 3.0, 1.0, 6.0, 2.0, 3.0, 4.0, 3.0, 4.0, 3.0, 4.0, 3.0, 3.0, 3.0, 5.0, 3.0, 3.0, 3.0], [3.0, 5.0, 3.0, 3.0, 4.0, 3.0, 1.0, 1.0, 5.0, 1.0, 1.0, 1.0, 1.0, 4.0, 3.0, 4.0, 3.0, 3.0, 4.0, 2.0, 3.0, 6.0, 3.0, 1.0, 3.0, 1.0, 3.0, 2.0, 3.0, 4.0, 3.0, 3.0, 3.0, 4.0, 3.0, 3.0, 3.0, 6.0, 3.0, 3.0, 3.0], [1.0, 4.0, 2.0, 3.0, 5.0, 3.0, 3.0, 1.0, 2.0, 3.0, 1.0, 1.0, 1.0, 4.0, 3.0, 4.0, 0.0, 3.0, 3.0, 2.0, 3.0, 6.0, 3.0, 3.0, 3.0, 1.0, 3.0, 3.0, 3.0, 4.0, 3.0, 3.0, 3.0, 4.0, 3.0, 3.0, 3.0, 5.0, 3.0, 3.0, 3.0], [1.0, 5.0, 4.0, 1.0, 3.0, 3.0, 3.0, 1.0, 5.0, 1.0, 3.0, 1.0, 1.0, 4.0, 3.0, 4.0, 3.0, 3.0, 3.0, 2.0, 3.0, 6.0, 3.0, 3.0, 3.0, 1.0, 3.0, 2.0, 3.0, 4.0, 3.0, 3.0, 3.0, 4.0, 3.0, 3.0, 3.0, 5.0, 3.0, 3.0, 3.0], [1.0, 4.0, 3.0, 1.0, 5.0, 3.0, 3.0, 1.0, 2.0, 3.0, 1.0, 1.0, 3.0, 4.0, 3.0, 6.0, 0.0, 4.0, 4.0, 2.0, 3.0, 6.0, 3.0, 1.0, 3.0, 3.0, 3.0, 3.0, 3.0, 4.0, 3.0, 6.0, 5.0, 4.0, 3.0, 3.0, 3.0, 6.0, 3.0, 3.0, 3.0], [1.0, 4.0, 3.0, 3.0, 4.0, 3.0, 3.0, 1.0, 2.0, 3.0, 1.0, 1.0, 1.0, 4.0, 3.0, 4.0, 3.0, 4.0, 3.0, 2.0, 3.0, 6.0, 3.0, 3.0, 3.0, 1.0, 5.0, 3.0, 3.0, 4.0, 3.0, 3.0, 3.0, 4.0, 4.0, 3.0, 3.0, 5.0, 3.0, 3.0, 3.0], [1.0, 4.0, 2.0, 3.0, 5.0, 3.0, 3.0, 1.0, 2.0, 3.0, 1.0, 1.0, 1.0, 4.0, 3.0, 6.0, 5.0, 3.0, 3.0, 2.0, 3.0, 6.0, 3.0, 3.0, 3.0, 1.0, 5.0, 3.0, 3.0, 4.0, 3.0, 4.0, 3.0, 4.0, 4.0, 3.0, 3.0, 5.0, 3.0, 3.0, 3.0], [1.0, 5.0, 3.0, 1.0, 6.0, 3.0, 3.0, 1.0, 2.0, 3.0, 3.0, 1.0, 1.0, 4.0, 3.0, 4.0, 3.0, 4.0, 3.0, 2.0, 3.0, 3.0, 3.0, 3.0, 3.0, 3.0, 3.0, 3.0, 3.0, 4.0, 3.0, 3.0, 3.0, 4.0, 3.0, 3.0, 3.0, 5.0, 3.0, 3.0, 3.0], [1.0, 4.0, 3.0, 3.0, 3.0, 3.0, 3.0, 1.0, 5.0, 3.0, 3.0, 1.0, 1.0, 4.0, 3.0, 4.0, 3.0, 4.0, 3.0, 2.0, 3.0, 6.0, 3.0, 3.0, 3.0, 1.0, 3.0, 3.0, 3.0, 4.0, 3.0, 3.0, 5.0, 4.0, 3.0, 3.0, 3.0, 5.0, 3.0, 3.0, 3.0], [1.0, 4.0, 1.0, 3.0, 3.0, 3.0, 3.0, 1.0, 2.0, 3.0, 1.0, 1.0, 1.0, 4.0, 3.0, 6.0, 5.0, 4.0, 3.0, 2.0, 3.0, 3.0, 3.0, 3.0, 3.0, 1.0, 3.0, 3.0, 3.0, 4.0, 3.0, 3.0, 3.0, 4.0, 3.0, 3.0, 3.0, 6.0, 3.0, 3.0, 3.0], [1.0, 4.0, 2.0, 1.0, 5.0, 3.0, 3.0, 1.0, 2.0, 1.0, 1.0, 1.0, 1.0, 4.0, 3.0, 4.0, 5.0, 3.0, 5.0, 1.0, 3.0, 6.0, 3.0, 3.0, 3.0, 1.0, 5.0, 3.0, 3.0, 4.0, 3.0, 3.0, 5.0, 4.0, 3.0, 3.0, 3.0, 5.0, 3.0, 3.0, 3.0], [3.0, 4.0, 3.0, 1.0, 4.0, 3.0, 3.0, 1.0, 5.0, 3.0, 3.0, 1.0, 1.0, 5.0, 3.0, 6.0, 5.0, 3.0, 3.0, 2.0, 3.0, 6.0, 3.0, 3.0, 3.0, 1.0, 3.0, 3.0, 3.0, 4.0, 3.0, 5.0, 3.0, 4.0, 4.0, 3.0, 3.0, 5.0, 3.0, 3.0, 3.0], [1.0, 5.0, 3.0, 3.0, 5.0, 3.0, 3.0, 1.0, 5.0, 3.0, 1.0, 1.0, 1.0, 4.0, 3.0, 4.0, 0.0, 3.0, 3.0, 2.0, 3.0, 3.0, 3.0, 3.0, 3.0, 1.0, 3.0, 2.0, 3.0, 4.0, 3.0, 6.0, 3.0, 4.0, 3.0, 3.0, 3.0, 5.0, 3.0, 3.0, 3.0], [3.0, 5.0, 2.0, 3.0, 4.0, 4.0, 3.0, 1.0, 2.0, 3.0, 3.0, 1.0, 1.0, 4.0, 3.0, 4.0, 5.0, 3.0, 3.0, 3.0, 3.0, 6.0, 3.0, 3.0, 3.0, 1.0, 3.0, 3.0, 3.0, 4.0, 3.0, 4.0, 3.0, 4.0, 3.0, 3.0, 1.0, 6.0, 3.0, 3.0, 3.0], [1.0, 5.0, 3.0, 3.0, 6.0, 3.0, 3.0, 1.0, 5.0, 3.0, 1.0, 1.0, 3.0, 4.0, 3.0, 4.0, 5.0, 4.0, 3.0, 1.0, 3.0, 6.0, 5.0, 3.0, 3.0, 1.0, 5.0, 3.0, 3.0, 4.0, 3.0, 6.0, 3.0, 3.0, 2.0, 3.0, 3.0, 5.0, 3.0, 3.0, 3.0], [1.0, 4.0, 3.0, 1.0, 4.0, 3.0, 3.0, 1.0, 2.0, 1.0, 1.0, 1.0, 1.0, 4.0, 3.0, 4.0, 3.0, 3.0, 3.0, 2.0, 3.0, 3.0, 3.0, 3.0, 3.0, 1.0, 5.0, 3.0, 3.0, 4.0, 3.0, 6.0, 5.0, 4.0, 3.0, 3.0, 3.0, 6.0, 3.0, 3.0, 3.0], [1.0, 5.0, 3.0, 1.0, 5.0, 3.0, 3.0, 1.0, 5.0, 3.0, 1.0, 1.0, 1.0, 4.0, 3.0, 4.0, 5.0, 4.0, 3.0, 2.0, 3.0, 5.0, 3.0, 1.0, 3.0, 1.0, 5.0, 2.0, 3.0, 4.0, 3.0, 6.0, 3.0, 4.0, 3.0, 3.0, 3.0, 5.0, 3.0, 3.0, 3.0], [1.0, 5.0, 2.0, 3.0, 6.0, 3.0, 3.0, 1.0, 5.0, 3.0, 1.0, 1.0, 1.0, 5.0, 3.0, 4.0, 5.0, 3.0, 3.0, 2.0, 3.0, 6.0, 3.0, 1.0, 3.0, 1.0, 5.0, 3.0, 3.0, 4.0, 3.0, 4.0, 3.0, 4.0, 3.0, 3.0, 3.0, 6.0, 3.0, 3.0, 3.0], [1.0, 5.0, 2.0, 1.0, 5.0, 3.0, 3.0, 1.0, 2.0, 1.0, 3.0, 1.0, 1.0, 4.0, 3.0, 4.0, 0.0, 4.0, 3.0, 2.0, 3.0, 6.0, 3.0, 3.0, 3.0, 1.0, 3.0, 3.0, 3.0, 4.0, 3.0, 6.0, 3.0, 4.0, 3.0, 3.0, 3.0, 5.0, 3.0, 3.0, 4.0], [1.0, 5.0, 2.0, 3.0, 4.0, 3.0, 1.0, 1.0, 2.0, 3.0, 1.0, 1.0, 3.0, 4.0, 3.0, 4.0, 5.0, 5.0, 3.0, 2.0, 3.0, 6.0, 3.0, 3.0, 3.0, 1.0, 3.0, 1.0, 3.0, 4.0, 3.0, 6.0, 3.0, 4.0, 3.0, 3.0, 3.0, 5.0, 3.0, 3.0, 4.0], [3.0, 4.0, 3.0, 3.0, 5.0, 3.0, 1.0, 1.0, 2.0, 1.0, 3.0, 1.0, 1.0, 4.0, 3.0, 3.0, 3.0, 4.0, 3.0, 1.0, 2.0, 5.0, 3.0, 1.0, 3.0, 1.0, 3.0, 2.0, 3.0, 4.0, 3.0, 4.0, 3.0, 4.0, 3.0, 3.0, 3.0, 5.0, 3.0, 3.0, 3.0], [1.0, 4.0, 3.0, 1.0, 5.0, 3.0, 3.0, 1.0, 2.0, 3.0, 3.0, 1.0, 1.0, 4.0, 3.0, 4.0, 3.0, 3.0, 3.0, 2.0, 3.0, 6.0, 3.0, 3.0, 3.0, 1.0, 3.0, 3.0, 3.0, 4.0, 3.0, 4.0, 3.0, 4.0, 3.0, 3.0, 3.0, 5.0, 3.0, 3.0, 3.0], [1.0, 4.0, 2.0, 3.0, 4.0, 3.0, 3.0, 1.0, 2.0, 3.0, 3.0, 1.0, 1.0, 5.0, 3.0, 4.0, 3.0, 3.0, 4.0, 2.0, 3.0, 3.0, 3.0, 3.0, 3.0, 1.0, 3.0, 1.0, 3.0, 4.0, 3.0, 6.0, 5.0, 6.0, 3.0, 3.0, 3.0, 5.0, 3.0, 3.0, 3.0], [1.0, 4.0, 3.0, 3.0, 4.0, 3.0, 3.0, 1.0, 2.0, 3.0, 1.0, 1.0, 1.0, 4.0, 3.0, 4.0, 3.0, 3.0, 4.0, 2.0, 3.0, 6.0, 3.0, 3.0, 3.0, 3.0, 5.0, 1.0, 3.0, 4.0, 3.0, 3.0, 3.0, 4.0, 3.0, 3.0, 3.0, 5.0, 3.0, 3.0, 3.0], [1.0, 5.0, 3.0, 3.0, 3.0, 3.0, 3.0, 1.0, 5.0, 3.0, 1.0, 1.0, 1.0, 4.0, 3.0, 4.0, 3.0, 3.0, 3.0, 2.0, 3.0, 6.0, 3.0, 3.0, 3.0, 1.0, 6.0, 3.0, 3.0, 4.0, 3.0, 6.0, 5.0, 3.0, 3.0, 3.0, 3.0, 6.0, 3.0, 3.0, 3.0], [1.0, 3.0, 4.0, 3.0, 3.0, 3.0, 1.0, 1.0, 2.0, 3.0, 1.0, 1.0, 1.0, 4.0, 3.0, 4.0, 5.0, 4.0, 3.0, 2.0, 3.0, 6.0, 3.0, 3.0, 3.0, 1.0, 3.0, 1.0, 3.0, 4.0, 3.0, 6.0, 3.0, 4.0, 3.0, 3.0, 3.0, 6.0, 3.0, 3.0, 3.0], [1.0, 4.0, 3.0, 3.0, 5.0, 3.0, 1.0, 1.0, 5.0, 3.0, 1.0, 1.0, 1.0, 4.0, 3.0, 6.0, 3.0, 3.0, 3.0, 2.0, 3.0, 3.0, 3.0, 3.0, 3.0, 1.0, 3.0, 2.0, 3.0, 4.0, 3.0, 3.0, 3.0, 4.0, 3.0, 3.0, 3.0, 6.0, 3.0, 3.0, 3.0], [1.0, 5.0, 2.0, 1.0, 5.0, 3.0, 3.0, 1.0, 2.0, 3.0, 3.0, 1.0, 1.0, 4.0, 3.0, 4.0, 3.0, 3.0, 3.0, 2.0, 3.0, 6.0, 3.0, 2.0, 3.0, 1.0, 3.0, 1.0, 3.0, 4.0, 3.0, 3.0, 3.0, 4.0, 3.0, 3.0, 1.0, 5.0, 3.0, 3.0, 3.0], [1.0, 5.0, 3.0, 1.0, 4.0, 3.0, 3.0, 1.0, 5.0, 3.0, 3.0, 1.0, 3.0, 4.0, 3.0, 4.0, 5.0, 3.0, 3.0, 2.0, 3.0, 3.0, 3.0, 3.0, 3.0, 1.0, 3.0, 1.0, 3.0, 4.0, 3.0, 6.0, 3.0, 4.0, 4.0, 3.0, 3.0, 5.0, 3.0, 3.0, 3.0], [1.0, 4.0, 3.0, 3.0, 4.0, 4.0, 1.0, 1.0, 2.0, 3.0, 1.0, 1.0, 1.0, 4.0, 3.0, 4.0, 3.0, 3.0, 3.0, 2.0, 3.0, 6.0, 3.0, 3.0, 3.0, 1.0, 5.0, 3.0, 3.0, 4.0, 3.0, 6.0, 3.0, 4.0, 3.0, 3.0, 1.0, 5.0, 3.0, 3.0, 3.0], [3.0, 5.0, 3.0, 1.0, 3.0, 5.0, 3.0, 1.0, 5.0, 3.0, 3.0, 1.0, 3.0, 4.0, 3.0, 4.0, 3.0, 4.0, 3.0, 2.0, 3.0, 6.0, 3.0, 3.0, 3.0, 1.0, 5.0, 3.0, 3.0, 4.0, 3.0, 3.0, 5.0, 4.0, 3.0, 3.0, 3.0, 5.0, 3.0, 3.0, 3.0], [1.0, 4.0, 2.0, 3.0, 6.0, 5.0, 3.0, 1.0, 2.0, 3.0, 3.0, 1.0, 1.0, 5.0, 3.0, 4.0, 3.0, 4.0, 2.0, 3.0, 3.0, 6.0, 3.0, 3.0, 3.0, 1.0, 5.0, 3.0, 3.0, 4.0, 3.0, 6.0, 3.0, 6.0, 3.0, 3.0, 3.0, 5.0, 3.0, 3.0, 3.0], [1.0, 4.0, 3.0, 3.0, 6.0, 3.0, 3.0, 1.0, 2.0, 3.0, 3.0, 1.0, 1.0, 5.0, 3.0, 4.0, 0.0, 3.0, 3.0, 2.0, 3.0, 5.0, 3.0, 3.0, 3.0, 1.0, 3.0, 3.0, 3.0, 4.0, 3.0, 4.0, 5.0, 4.0, 4.0, 3.0, 3.0, 6.0, 3.0, 3.0, 3.0], [1.0, 4.0, 3.0, 1.0, 6.0, 3.0, 3.0, 1.0, 2.0, 3.0, 3.0, 1.0, 1.0, 4.0, 3.0, 3.0, 3.0, 3.0, 3.0, 3.0, 3.0, 6.0, 3.0, 3.0, 3.0, 1.0, 5.0, 3.0, 3.0, 4.0, 3.0, 3.0, 3.0, 4.0, 3.0, 3.0, 3.0, 3.0, 3.0, 3.0, 3.0], [1.0, 4.0, 3.0, 1.0, 5.0, 3.0, 3.0, 1.0, 5.0, 3.0, 1.0, 1.0, 1.0, 4.0, 3.0, 6.0, 5.0, 4.0, 3.0, 3.0, 3.0, 3.0, 3.0, 3.0, 3.0, 1.0, 5.0, 3.0, 3.0, 4.0, 3.0, 6.0, 5.0, 4.0, 3.0, 3.0, 3.0, 6.0, 3.0, 3.0, 3.0], [1.0, 4.0, 3.0, 1.0, 4.0, 4.0, 3.0, 1.0, 2.0, 3.0, 3.0, 1.0, 1.0, 4.0, 3.0, 6.0, 5.0, 4.0, 5.0, 2.0, 3.0, 6.0, 3.0, 3.0, 3.0, 1.0, 3.0, 3.0, 3.0, 4.0, 3.0, 3.0, 3.0, 4.0, 3.0, 3.0, 3.0, 6.0, 3.0, 3.0, 3.0], [1.0, 4.0, 3.0, 3.0, 4.0, 3.0, 3.0, 1.0, 2.0, 3.0, 3.0, 1.0, 1.0, 4.0, 3.0, 4.0, 5.0, 3.0, 4.0, 1.0, 3.0, 6.0, 3.0, 3.0, 3.0, 1.0, 3.0, 3.0, 3.0, 4.0, 3.0, 4.0, 5.0, 4.0, 3.0, 3.0, 3.0, 5.0, 3.0, 3.0, 3.0], [1.0, 4.0, 3.0, 3.0, 6.0, 4.0, 3.0, 1.0, 2.0, 3.0, 1.0, 1.0, 1.0, 4.0, 3.0, 4.0, 3.0, 3.0, 3.0, 2.0, 3.0, 6.0, 3.0, 3.0, 3.0, 1.0, 3.0, 3.0, 3.0, 4.0, 3.0, 4.0, 3.0, 4.0, 3.0, 3.0, 3.0, 5.0, 3.0, 3.0, 3.0]]

