first layer check: Conv2d(6, 64, kernel_size=(7, 7), stride=(2, 2), padding=(3, 3), bias=False)

target ys
[0.0, 3.0, 2.0, 1.0, 1.0, 1.0, 1.0, 1.0, 1.0, 2.0, 3.0, 1.0, 3.0, 0.0, 1.0, 1.0, 1.0, 1.0, 2.0, 1.0, 3.0, 1.0, 3.0, 3.0, 2.0, 1.0, 2.0, 3.0, 2.0, 1.0, 1.0, 2.0, 3.0, 3.0, 1.0, 3.0, 1.0, 1.0, 2.0, 2.0, 3.0, 2.0]

for model 0: mode acc: 0.6666666865348816, run mean acc: 0.6358332633972168, top-2 acc:0.8629166483879089, mode f1: 0.6666666865348816

model 0 mode preds
[1.0, 3.0, 2.0, 1.0, 0.0, 3.0, 1.0, 2.0, 1.0, 1.0, 1.0, 1.0, 2.0, 0.0, 1.0, 1.0, 1.0, 0.0, 3.0, 0.0, 3.0, 1.0, 2.0, 3.0, 2.0, 1.0, 3.0, 3.0, 1.0, 1.0, 1.0, 2.0, 3.0, 3.0, 1.0, 3.0, 1.0, 1.0, 1.0, 2.0, 3.0, 2.0]

model 0 all preds
[[0.0, 3.0, 2.0, 1.0, 0.0, 3.0, 1.0, 1.0, 1.0, 0.0, 1.0, 0.0, 2.0, 1.0, 1.0, 1.0, 1.0, 1.0, 3.0, 1.0, 3.0, 1.0, 2.0, 3.0, 2.0, 1.0, 3.0, 3.0, 1.0, 1.0, 0.0, 2.0, 3.0, 3.0, 1.0, 3.0, 1.0, 1.0, 1.0, 2.0, 3.0, 1.0], [1.0, 3.0, 3.0, 1.0, 0.0, 3.0, 1.0, 2.0, 1.0, 1.0, 2.0, 1.0, 2.0, 0.0, 1.0, 1.0, 1.0, 0.0, 2.0, 0.0, 3.0, 1.0, 1.0, 3.0, 2.0, 1.0, 3.0, 3.0, 1.0, 1.0, 0.0, 2.0, 3.0, 3.0, 1.0, 3.0, 1.0, 1.0, 1.0, 0.0, 2.0, 2.0], [1.0, 3.0, 1.0, 1.0, 0.0, 3.0, 1.0, 2.0, 0.0, 0.0, 1.0, 1.0, 2.0, 1.0, 1.0, 1.0, 1.0, 1.0, 1.0, 0.0, 3.0, 1.0, 2.0, 3.0, 1.0, 1.0, 3.0, 3.0, 1.0, 1.0, 1.0, 2.0, 3.0, 3.0, 1.0, 3.0, 1.0, 1.0, 1.0, 2.0, 3.0, 2.0], [0.0, 3.0, 2.0, 1.0, 0.0, 3.0, 1.0, 2.0, 1.0, 1.0, 1.0, 1.0, 1.0, 1.0, 1.0, 1.0, 1.0, 1.0, 3.0, 1.0, 3.0, 1.0, 2.0, 3.0, 2.0, 1.0, 3.0, 3.0, 1.0, 1.0, 0.0, 2.0, 3.0, 3.0, 1.0, 3.0, 1.0, 1.0, 1.0, 2.0, 2.0, 2.0], [1.0, 3.0, 2.0, 1.0, 0.0, 3.0, 1.0, 2.0, 1.0, 0.0, 1.0, 1.0, 2.0, 0.0, 1.0, 1.0, 1.0, 0.0, 3.0, 0.0, 3.0, 1.0, 1.0, 3.0, 2.0, 0.0, 3.0, 3.0, 1.0, 1.0, 1.0, 3.0, 3.0, 3.0, 1.0, 3.0, 1.0, 1.0, 2.0, 0.0, 2.0, 2.0], [1.0, 3.0, 2.0, 1.0, 0.0, 3.0, 1.0, 2.0, 0.0, 1.0, 1.0, 0.0, 2.0, 0.0, 1.0, 1.0, 1.0, 0.0, 1.0, 0.0, 3.0, 1.0, 2.0, 3.0, 2.0, 1.0, 3.0, 3.0, 1.0, 1.0, 1.0, 1.0, 3.0, 3.0, 1.0, 2.0, 1.0, 1.0, 2.0, 2.0, 2.0, 2.0], [1.0, 3.0, 1.0, 1.0, 0.0, 2.0, 1.0, 2.0, 1.0, 0.0, 1.0, 0.0, 2.0, 0.0, 1.0, 1.0, 1.0, 0.0, 1.0, 0.0, 3.0, 1.0, 1.0, 3.0, 2.0, 1.0, 3.0, 3.0, 1.0, 1.0, 1.0, 2.0, 3.0, 1.0, 1.0, 3.0, 1.0, 1.0, 2.0, 2.0, 2.0, 1.0], [1.0, 3.0, 2.0, 1.0, 0.0, 3.0, 1.0, 2.0, 1.0, 0.0, 1.0, 1.0, 2.0, 0.0, 1.0, 1.0, 1.0, 0.0, 3.0, 1.0, 3.0, 1.0, 2.0, 3.0, 2.0, 1.0, 3.0, 3.0, 1.0, 1.0, 1.0, 2.0, 3.0, 3.0, 1.0, 2.0, 1.0, 1.0, 2.0, 2.0, 3.0, 2.0], [1.0, 3.0, 2.0, 1.0, 0.0, 3.0, 1.0, 1.0, 1.0, 1.0, 1.0, 1.0, 1.0, 1.0, 1.0, 1.0, 1.0, 0.0, 3.0, 0.0, 3.0, 1.0, 1.0, 2.0, 2.0, 1.0, 3.0, 3.0, 1.0, 1.0, 1.0, 2.0, 3.0, 3.0, 1.0, 3.0, 1.0, 1.0, 2.0, 2.0, 2.0, 1.0], [1.0, 3.0, 3.0, 1.0, 0.0, 3.0, 1.0, 2.0, 0.0, 1.0, 2.0, 1.0, 2.0, 1.0, 1.0, 1.0, 1.0, 0.0, 2.0, 0.0, 3.0, 1.0, 1.0, 3.0, 1.0, 1.0, 3.0, 3.0, 1.0, 1.0, 1.0, 2.0, 3.0, 3.0, 1.0, 3.0, 1.0, 1.0, 1.0, 2.0, 3.0, 2.0], [1.0, 3.0, 2.0, 1.0, 0.0, 3.0, 1.0, 1.0, 1.0, 1.0, 2.0, 0.0, 2.0, 0.0, 1.0, 1.0, 1.0, 1.0, 3.0, 0.0, 3.0, 1.0, 2.0, 3.0, 3.0, 1.0, 3.0, 3.0, 1.0, 1.0, 0.0, 3.0, 3.0, 3.0, 1.0, 3.0, 1.0, 1.0, 2.0, 2.0, 2.0, 2.0], [1.0, 3.0, 3.0, 1.0, 0.0, 1.0, 1.0, 2.0, 0.0, 0.0, 1.0, 1.0, 2.0, 0.0, 1.0, 1.0, 1.0, 0.0, 3.0, 0.0, 3.0, 1.0, 1.0, 3.0, 1.0, 1.0, 3.0, 3.0, 1.0, 1.0, 1.0, 2.0, 3.0, 3.0, 1.0, 3.0, 1.0, 1.0, 1.0, 2.0, 3.0, 2.0], [1.0, 3.0, 2.0, 1.0, 0.0, 2.0, 1.0, 1.0, 1.0, 1.0, 2.0, 1.0, 2.0, 1.0, 1.0, 1.0, 1.0, 0.0, 3.0, 0.0, 3.0, 1.0, 2.0, 3.0, 2.0, 1.0, 3.0, 3.0, 1.0, 1.0, 0.0, 2.0, 3.0, 3.0, 1.0, 2.0, 1.0, 1.0, 1.0, 0.0, 3.0, 2.0], [1.0, 3.0, 3.0, 1.0, 0.0, 3.0, 1.0, 2.0, 1.0, 1.0, 1.0, 1.0, 2.0, 0.0, 1.0, 1.0, 1.0, 0.0, 3.0, 0.0, 3.0, 1.0, 2.0, 3.0, 2.0, 1.0, 3.0, 3.0, 1.0, 1.0, 1.0, 2.0, 3.0, 3.0, 1.0, 3.0, 1.0, 1.0, 2.0, 1.0, 2.0, 2.0], [1.0, 3.0, 2.0, 1.0, 0.0, 1.0, 1.0, 2.0, 1.0, 1.0, 1.0, 1.0, 2.0, 0.0, 1.0, 0.0, 1.0, 0.0, 3.0, 1.0, 3.0, 1.0, 2.0, 3.0, 2.0, 1.0, 3.0, 3.0, 1.0, 1.0, 1.0, 2.0, 3.0, 3.0, 1.0, 3.0, 1.0, 1.0, 2.0, 2.0, 3.0, 2.0], [1.0, 3.0, 3.0, 1.0, 0.0, 3.0, 1.0, 1.0, 1.0, 0.0, 1.0, 1.0, 2.0, 0.0, 1.0, 1.0, 1.0, 0.0, 1.0, 1.0, 3.0, 1.0, 2.0, 3.0, 1.0, 1.0, 3.0, 3.0, 0.0, 1.0, 1.0, 3.0, 3.0, 3.0, 1.0, 3.0, 1.0, 1.0, 2.0, 0.0, 3.0, 2.0], [1.0, 2.0, 2.0, 1.0, 0.0, 3.0, 1.0, 2.0, 1.0, 1.0, 1.0, 0.0, 2.0, 1.0, 1.0, 1.0, 1.0, 1.0, 3.0, 1.0, 3.0, 1.0, 2.0, 3.0, 2.0, 1.0, 3.0, 3.0, 1.0, 1.0, 0.0, 2.0, 3.0, 2.0, 1.0, 3.0, 1.0, 1.0, 2.0, 2.0, 3.0, 2.0], [0.0, 3.0, 2.0, 1.0, 0.0, 3.0, 1.0, 2.0, 1.0, 0.0, 1.0, 1.0, 2.0, 0.0, 1.0, 1.0, 1.0, 0.0, 1.0, 1.0, 3.0, 1.0, 2.0, 3.0, 2.0, 1.0, 3.0, 3.0, 1.0, 1.0, 0.0, 2.0, 3.0, 3.0, 1.0, 3.0, 1.0, 1.0, 2.0, 0.0, 2.0, 2.0], [0.0, 3.0, 3.0, 1.0, 0.0, 3.0, 1.0, 2.0, 1.0, 0.0, 0.0, 0.0, 2.0, 0.0, 1.0, 0.0, 1.0, 0.0, 3.0, 1.0, 3.0, 1.0, 2.0, 3.0, 2.0, 0.0, 3.0, 3.0, 1.0, 1.0, 0.0, 2.0, 3.0, 3.0, 1.0, 3.0, 1.0, 1.0, 1.0, 2.0, 3.0, 2.0], [1.0, 3.0, 2.0, 1.0, 0.0, 2.0, 1.0, 1.0, 1.0, 0.0, 1.0, 1.0, 2.0, 1.0, 1.0, 1.0, 1.0, 0.0, 3.0, 0.0, 3.0, 1.0, 2.0, 3.0, 2.0, 1.0, 3.0, 3.0, 1.0, 1.0, 1.0, 3.0, 3.0, 3.0, 1.0, 3.0, 1.0, 1.0, 1.0, 2.0, 2.0, 2.0], [1.0, 3.0, 3.0, 1.0, 0.0, 3.0, 1.0, 1.0, 1.0, 1.0, 1.0, 1.0, 2.0, 1.0, 1.0, 1.0, 1.0, 0.0, 3.0, 0.0, 3.0, 1.0, 2.0, 3.0, 2.0, 1.0, 3.0, 3.0, 1.0, 1.0, 1.0, 2.0, 3.0, 3.0, 1.0, 2.0, 1.0, 1.0, 1.0, 0.0, 2.0, 2.0], [1.0, 3.0, 2.0, 1.0, 0.0, 3.0, 1.0, 1.0, 0.0, 1.0, 2.0, 0.0, 2.0, 0.0, 1.0, 1.0, 1.0, 0.0, 3.0, 0.0, 3.0, 1.0, 2.0, 2.0, 2.0, 1.0, 3.0, 3.0, 1.0, 1.0, 0.0, 2.0, 3.0, 3.0, 1.0, 3.0, 1.0, 1.0, 2.0, 2.0, 3.0, 2.0], [1.0, 3.0, 2.0, 1.0, 0.0, 3.0, 1.0, 2.0, 1.0, 1.0, 2.0, 1.0, 2.0, 0.0, 1.0, 1.0, 1.0, 0.0, 2.0, 0.0, 3.0, 1.0, 2.0, 3.0, 2.0, 1.0, 3.0, 3.0, 1.0, 1.0, 1.0, 2.0, 3.0, 3.0, 1.0, 3.0, 1.0, 1.0, 1.0, 2.0, 3.0, 2.0], [1.0, 3.0, 2.0, 1.0, 0.0, 3.0, 1.0, 2.0, 1.0, 0.0, 1.0, 1.0, 2.0, 0.0, 1.0, 1.0, 1.0, 0.0, 3.0, 0.0, 3.0, 1.0, 1.0, 3.0, 2.0, 1.0, 3.0, 3.0, 1.0, 1.0, 0.0, 2.0, 3.0, 3.0, 1.0, 3.0, 1.0, 1.0, 1.0, 0.0, 2.0, 2.0], [1.0, 3.0, 3.0, 1.0, 0.0, 3.0, 1.0, 2.0, 1.0, 1.0, 1.0, 1.0, 2.0, 0.0, 1.0, 1.0, 1.0, 0.0, 3.0, 0.0, 3.0, 1.0, 2.0, 3.0, 2.0, 1.0, 3.0, 3.0, 1.0, 1.0, 1.0, 2.0, 3.0, 3.0, 1.0, 3.0, 1.0, 1.0, 1.0, 2.0, 3.0, 2.0], [1.0, 3.0, 2.0, 1.0, 0.0, 3.0, 1.0, 2.0, 1.0, 1.0, 1.0, 1.0, 2.0, 0.0, 1.0, 1.0, 1.0, 0.0, 3.0, 0.0, 3.0, 1.0, 1.0, 3.0, 2.0, 1.0, 3.0, 3.0, 1.0, 1.0, 1.0, 2.0, 3.0, 2.0, 1.0, 3.0, 1.0, 1.0, 2.0, 0.0, 2.0, 2.0], [1.0, 3.0, 3.0, 1.0, 0.0, 3.0, 1.0, 2.0, 1.0, 1.0, 2.0, 1.0, 2.0, 1.0, 1.0, 1.0, 1.0, 0.0, 2.0, 0.0, 3.0, 1.0, 2.0, 3.0, 2.0, 1.0, 3.0, 3.0, 1.0, 1.0, 1.0, 2.0, 3.0, 3.0, 1.0, 3.0, 1.0, 1.0, 1.0, 0.0, 3.0, 1.0], [1.0, 2.0, 3.0, 1.0, 0.0, 3.0, 1.0, 2.0, 1.0, 1.0, 1.0, 1.0, 2.0, 1.0, 1.0, 1.0, 1.0, 0.0, 3.0, 0.0, 3.0, 1.0, 2.0, 3.0, 2.0, 1.0, 3.0, 3.0, 1.0, 1.0, 1.0, 2.0, 3.0, 3.0, 1.0, 3.0, 1.0, 1.0, 1.0, 2.0, 2.0, 2.0], [1.0, 3.0, 2.0, 1.0, 0.0, 3.0, 1.0, 2.0, 1.0, 0.0, 1.0, 1.0, 2.0, 0.0, 1.0, 1.0, 1.0, 0.0, 3.0, 0.0, 3.0, 1.0, 2.0, 3.0, 2.0, 1.0, 3.0, 3.0, 1.0, 1.0, 1.0, 3.0, 2.0, 3.0, 1.0, 3.0, 1.0, 1.0, 1.0, 2.0, 3.0, 2.0], [1.0, 3.0, 2.0, 1.0, 0.0, 2.0, 1.0, 1.0, 1.0, 1.0, 1.0, 1.0, 2.0, 0.0, 1.0, 1.0, 1.0, 0.0, 3.0, 0.0, 3.0, 1.0, 1.0, 3.0, 2.0, 1.0, 3.0, 3.0, 1.0, 1.0, 0.0, 1.0, 3.0, 3.0, 1.0, 3.0, 1.0, 1.0, 2.0, 2.0, 3.0, 2.0], [1.0, 3.0, 2.0, 1.0, 0.0, 2.0, 1.0, 2.0, 0.0, 1.0, 1.0, 1.0, 2.0, 1.0, 1.0, 1.0, 1.0, 1.0, 2.0, 0.0, 3.0, 1.0, 1.0, 3.0, 2.0, 1.0, 3.0, 3.0, 1.0, 1.0, 1.0, 2.0, 3.0, 3.0, 1.0, 3.0, 1.0, 1.0, 1.0, 0.0, 3.0, 2.0], [1.0, 3.0, 3.0, 1.0, 0.0, 3.0, 1.0, 1.0, 1.0, 0.0, 1.0, 1.0, 2.0, 0.0, 1.0, 1.0, 1.0, 0.0, 3.0, 0.0, 3.0, 1.0, 2.0, 3.0, 2.0, 1.0, 3.0, 3.0, 0.0, 1.0, 0.0, 2.0, 3.0, 3.0, 1.0, 3.0, 1.0, 1.0, 2.0, 0.0, 2.0, 2.0], [1.0, 3.0, 2.0, 1.0, 0.0, 3.0, 1.0, 2.0, 0.0, 0.0, 1.0, 1.0, 1.0, 0.0, 1.0, 1.0, 1.0, 0.0, 3.0, 0.0, 3.0, 1.0, 2.0, 3.0, 2.0, 1.0, 3.0, 3.0, 1.0, 1.0, 0.0, 2.0, 3.0, 3.0, 1.0, 3.0, 1.0, 1.0, 2.0, 2.0, 2.0, 1.0], [1.0, 3.0, 2.0, 1.0, 0.0, 1.0, 1.0, 1.0, 1.0, 1.0, 1.0, 0.0, 2.0, 0.0, 1.0, 1.0, 1.0, 0.0, 3.0, 0.0, 3.0, 1.0, 2.0, 3.0, 2.0, 1.0, 3.0, 3.0, 1.0, 1.0, 1.0, 2.0, 3.0, 3.0, 1.0, 3.0, 1.0, 1.0, 1.0, 2.0, 3.0, 2.0], [1.0, 3.0, 2.0, 1.0, 0.0, 3.0, 1.0, 2.0, 1.0, 1.0, 1.0, 0.0, 2.0, 0.0, 1.0, 1.0, 1.0, 1.0, 3.0, 0.0, 3.0, 1.0, 2.0, 3.0, 3.0, 1.0, 3.0, 3.0, 1.0, 1.0, 1.0, 2.0, 3.0, 3.0, 1.0, 3.0, 1.0, 1.0, 2.0, 2.0, 3.0, 1.0], [1.0, 3.0, 2.0, 1.0, 0.0, 3.0, 1.0, 2.0, 1.0, 0.0, 2.0, 1.0, 2.0, 1.0, 1.0, 1.0, 1.0, 1.0, 3.0, 1.0, 3.0, 1.0, 2.0, 3.0, 1.0, 1.0, 3.0, 3.0, 1.0, 1.0, 1.0, 2.0, 3.0, 3.0, 1.0, 3.0, 1.0, 1.0, 1.0, 2.0, 3.0, 2.0], [1.0, 3.0, 2.0, 1.0, 0.0, 3.0, 1.0, 2.0, 0.0, 1.0, 2.0, 1.0, 2.0, 0.0, 1.0, 0.0, 1.0, 0.0, 3.0, 0.0, 3.0, 1.0, 2.0, 3.0, 2.0, 1.0, 3.0, 3.0, 1.0, 1.0, 1.0, 2.0, 3.0, 3.0, 1.0, 3.0, 1.0, 1.0, 2.0, 0.0, 2.0, 1.0], [1.0, 3.0, 3.0, 1.0, 0.0, 3.0, 1.0, 2.0, 1.0, 0.0, 1.0, 1.0, 1.0, 0.0, 1.0, 1.0, 1.0, 0.0, 3.0, 1.0, 3.0, 1.0, 2.0, 2.0, 2.0, 1.0, 3.0, 3.0, 1.0, 1.0, 1.0, 3.0, 3.0, 3.0, 1.0, 3.0, 1.0, 1.0, 1.0, 2.0, 3.0, 2.0], [1.0, 3.0, 3.0, 1.0, 0.0, 3.0, 1.0, 1.0, 1.0, 1.0, 2.0, 1.0, 2.0, 1.0, 1.0, 1.0, 1.0, 1.0, 3.0, 0.0, 3.0, 1.0, 2.0, 3.0, 2.0, 1.0, 3.0, 3.0, 1.0, 1.0, 0.0, 2.0, 3.0, 3.0, 1.0, 3.0, 1.0, 1.0, 1.0, 2.0, 3.0, 2.0], [1.0, 3.0, 2.0, 1.0, 0.0, 3.0, 1.0, 1.0, 1.0, 1.0, 2.0, 1.0, 2.0, 0.0, 1.0, 0.0, 1.0, 0.0, 1.0, 1.0, 3.0, 1.0, 2.0, 3.0, 2.0, 1.0, 2.0, 3.0, 1.0, 1.0, 1.0, 2.0, 3.0, 2.0, 1.0, 3.0, 1.0, 1.0, 1.0, 2.0, 2.0, 2.0], [1.0, 3.0, 3.0, 1.0, 0.0, 1.0, 1.0, 2.0, 1.0, 1.0, 1.0, 0.0, 2.0, 0.0, 1.0, 1.0, 1.0, 0.0, 3.0, 0.0, 3.0, 1.0, 1.0, 3.0, 2.0, 1.0, 3.0, 3.0, 1.0, 1.0, 0.0, 3.0, 3.0, 3.0, 1.0, 3.0, 1.0, 1.0, 1.0, 0.0, 3.0, 1.0], [1.0, 3.0, 2.0, 1.0, 0.0, 2.0, 1.0, 2.0, 1.0, 0.0, 2.0, 0.0, 2.0, 1.0, 1.0, 1.0, 1.0, 0.0, 3.0, 0.0, 3.0, 1.0, 1.0, 3.0, 2.0, 1.0, 3.0, 3.0, 1.0, 1.0, 0.0, 3.0, 3.0, 3.0, 1.0, 3.0, 1.0, 1.0, 1.0, 2.0, 3.0, 2.0], [1.0, 3.0, 3.0, 1.0, 0.0, 3.0, 1.0, 2.0, 1.0, 1.0, 1.0, 0.0, 2.0, 1.0, 1.0, 0.0, 1.0, 0.0, 1.0, 1.0, 3.0, 1.0, 1.0, 3.0, 3.0, 1.0, 3.0, 3.0, 0.0, 1.0, 1.0, 3.0, 3.0, 3.0, 1.0, 3.0, 1.0, 1.0, 1.0, 2.0, 3.0, 2.0], [0.0, 1.0, 3.0, 1.0, 0.0, 3.0, 1.0, 2.0, 1.0, 1.0, 2.0, 0.0, 2.0, 0.0, 1.0, 0.0, 1.0, 0.0, 2.0, 0.0, 3.0, 1.0, 2.0, 3.0, 1.0, 1.0, 3.0, 3.0, 1.0, 1.0, 0.0, 3.0, 3.0, 3.0, 1.0, 3.0, 1.0, 1.0, 1.0, 2.0, 2.0, 2.0], [1.0, 3.0, 3.0, 1.0, 0.0, 3.0, 1.0, 2.0, 1.0, 1.0, 1.0, 0.0, 2.0, 1.0, 1.0, 1.0, 1.0, 1.0, 1.0, 0.0, 3.0, 1.0, 2.0, 3.0, 2.0, 1.0, 2.0, 3.0, 1.0, 1.0, 1.0, 2.0, 3.0, 3.0, 1.0, 3.0, 1.0, 1.0, 1.0, 0.0, 3.0, 2.0], [1.0, 2.0, 3.0, 1.0, 0.0, 3.0, 1.0, 1.0, 1.0, 0.0, 1.0, 1.0, 2.0, 1.0, 1.0, 1.0, 1.0, 0.0, 2.0, 1.0, 3.0, 1.0, 2.0, 3.0, 2.0, 1.0, 3.0, 3.0, 1.0, 1.0, 0.0, 2.0, 3.0, 3.0, 1.0, 3.0, 1.0, 1.0, 2.0, 2.0, 3.0, 2.0], [1.0, 3.0, 2.0, 1.0, 0.0, 1.0, 1.0, 1.0, 1.0, 1.0, 2.0, 0.0, 1.0, 0.0, 1.0, 1.0, 1.0, 0.0, 3.0, 0.0, 3.0, 1.0, 1.0, 3.0, 2.0, 0.0, 3.0, 3.0, 0.0, 1.0, 1.0, 2.0, 2.0, 3.0, 1.0, 3.0, 1.0, 1.0, 2.0, 0.0, 2.0, 2.0], [1.0, 3.0, 2.0, 1.0, 0.0, 3.0, 1.0, 2.0, 1.0, 1.0, 1.0, 1.0, 2.0, 1.0, 1.0, 1.0, 1.0, 0.0, 3.0, 1.0, 3.0, 1.0, 2.0, 3.0, 2.0, 1.0, 3.0, 3.0, 1.0, 1.0, 0.0, 1.0, 3.0, 3.0, 1.0, 2.0, 1.0, 1.0, 1.0, 2.0, 2.0, 2.0], [1.0, 3.0, 2.0, 1.0, 0.0, 3.0, 1.0, 1.0, 0.0, 1.0, 1.0, 1.0, 2.0, 0.0, 1.0, 1.0, 1.0, 0.0, 3.0, 0.0, 3.0, 1.0, 2.0, 3.0, 2.0, 1.0, 3.0, 3.0, 1.0, 1.0, 1.0, 3.0, 3.0, 3.0, 1.0, 3.0, 1.0, 1.0, 1.0, 2.0, 2.0, 2.0], [1.0, 3.0, 2.0, 1.0, 0.0, 1.0, 1.0, 1.0, 1.0, 0.0, 1.0, 1.0, 2.0, 1.0, 1.0, 1.0, 1.0, 0.0, 2.0, 1.0, 3.0, 1.0, 2.0, 3.0, 3.0, 1.0, 3.0, 3.0, 1.0, 1.0, 0.0, 2.0, 3.0, 3.0, 1.0, 3.0, 1.0, 1.0, 2.0, 2.0, 3.0, 1.0]]

first layer check: Conv2d(6, 64, kernel_size=(7, 7), stride=(2, 2), padding=(3, 3), bias=False)

for model 1: mode acc: 0.6190476417541504, run mean acc: 0.60916668176651, top-2 acc:0.8954167366027832, mode f1: 0.6190476417541504

model 1 mode preds
[0.0, 3.0, 3.0, 1.0, 1.0, 3.0, 1.0, 2.0, 0.0, 0.0, 2.0, 0.0, 3.0, 0.0, 1.0, 1.0, 0.0, 0.0, 3.0, 0.0, 3.0, 0.0, 2.0, 3.0, 2.0, 1.0, 3.0, 3.0, 1.0, 1.0, 1.0, 3.0, 3.0, 3.0, 1.0, 3.0, 1.0, 1.0, 2.0, 2.0, 3.0, 2.0]

model 1 all preds
[[0.0, 3.0, 2.0, 1.0, 1.0, 3.0, 1.0, 2.0, 1.0, 0.0, 1.0, 0.0, 3.0, 0.0, 1.0, 1.0, 0.0, 0.0, 3.0, 0.0, 3.0, 0.0, 2.0, 3.0, 2.0, 0.0, 3.0, 3.0, 1.0, 1.0, 1.0, 3.0, 3.0, 3.0, 1.0, 3.0, 1.0, 2.0, 2.0, 2.0, 2.0, 1.0], [1.0, 3.0, 2.0, 1.0, 1.0, 3.0, 1.0, 2.0, 0.0, 0.0, 2.0, 0.0, 3.0, 0.0, 1.0, 1.0, 0.0, 0.0, 3.0, 0.0, 3.0, 0.0, 2.0, 3.0, 2.0, 1.0, 3.0, 3.0, 1.0, 1.0, 1.0, 3.0, 3.0, 3.0, 1.0, 3.0, 1.0, 1.0, 3.0, 1.0, 3.0, 2.0], [0.0, 3.0, 3.0, 1.0, 0.0, 3.0, 1.0, 2.0, 1.0, 0.0, 1.0, 0.0, 3.0, 0.0, 1.0, 1.0, 0.0, 0.0, 3.0, 0.0, 3.0, 0.0, 2.0, 3.0, 2.0, 0.0, 3.0, 3.0, 1.0, 1.0, 1.0, 3.0, 3.0, 3.0, 1.0, 3.0, 1.0, 1.0, 2.0, 1.0, 3.0, 1.0], [0.0, 3.0, 2.0, 1.0, 1.0, 3.0, 1.0, 2.0, 0.0, 0.0, 2.0, 0.0, 3.0, 0.0, 1.0, 1.0, 0.0, 0.0, 3.0, 1.0, 3.0, 0.0, 2.0, 3.0, 2.0, 1.0, 3.0, 3.0, 1.0, 1.0, 1.0, 2.0, 3.0, 3.0, 1.0, 3.0, 1.0, 1.0, 2.0, 2.0, 3.0, 1.0], [0.0, 3.0, 2.0, 1.0, 1.0, 3.0, 1.0, 1.0, 0.0, 0.0, 1.0, 0.0, 3.0, 0.0, 1.0, 1.0, 0.0, 0.0, 3.0, 1.0, 3.0, 0.0, 2.0, 3.0, 2.0, 0.0, 2.0, 3.0, 1.0, 1.0, 1.0, 3.0, 2.0, 3.0, 1.0, 2.0, 1.0, 1.0, 2.0, 1.0, 3.0, 1.0], [0.0, 3.0, 3.0, 1.0, 1.0, 3.0, 1.0, 2.0, 0.0, 0.0, 2.0, 0.0, 3.0, 0.0, 1.0, 1.0, 0.0, 0.0, 3.0, 1.0, 3.0, 1.0, 2.0, 3.0, 3.0, 1.0, 3.0, 3.0, 1.0, 1.0, 1.0, 2.0, 3.0, 3.0, 1.0, 3.0, 1.0, 1.0, 2.0, 1.0, 3.0, 2.0], [0.0, 3.0, 2.0, 1.0, 1.0, 3.0, 1.0, 2.0, 0.0, 0.0, 1.0, 0.0, 3.0, 0.0, 1.0, 1.0, 0.0, 0.0, 3.0, 0.0, 3.0, 1.0, 1.0, 3.0, 2.0, 1.0, 3.0, 3.0, 1.0, 1.0, 1.0, 2.0, 3.0, 3.0, 1.0, 3.0, 1.0, 1.0, 2.0, 1.0, 3.0, 2.0], [0.0, 3.0, 2.0, 1.0, 0.0, 3.0, 1.0, 2.0, 0.0, 0.0, 2.0, 0.0, 3.0, 0.0, 1.0, 1.0, 0.0, 0.0, 3.0, 0.0, 3.0, 1.0, 2.0, 3.0, 2.0, 0.0, 3.0, 3.0, 1.0, 1.0, 1.0, 3.0, 3.0, 3.0, 1.0, 3.0, 1.0, 1.0, 3.0, 1.0, 3.0, 3.0], [0.0, 3.0, 3.0, 1.0, 0.0, 3.0, 1.0, 2.0, 0.0, 0.0, 1.0, 0.0, 3.0, 0.0, 1.0, 1.0, 0.0, 0.0, 3.0, 0.0, 3.0, 0.0, 2.0, 3.0, 3.0, 0.0, 3.0, 1.0, 1.0, 1.0, 1.0, 3.0, 3.0, 3.0, 1.0, 3.0, 1.0, 1.0, 3.0, 2.0, 3.0, 2.0], [0.0, 3.0, 3.0, 1.0, 0.0, 3.0, 1.0, 2.0, 1.0, 0.0, 1.0, 0.0, 2.0, 0.0, 1.0, 1.0, 0.0, 0.0, 3.0, 0.0, 3.0, 1.0, 1.0, 3.0, 3.0, 1.0, 3.0, 3.0, 1.0, 1.0, 1.0, 3.0, 3.0, 3.0, 1.0, 3.0, 1.0, 1.0, 3.0, 2.0, 3.0, 2.0], [1.0, 1.0, 3.0, 1.0, 0.0, 1.0, 1.0, 2.0, 1.0, 0.0, 1.0, 0.0, 2.0, 0.0, 1.0, 1.0, 0.0, 1.0, 3.0, 0.0, 3.0, 0.0, 1.0, 3.0, 2.0, 0.0, 3.0, 3.0, 1.0, 1.0, 1.0, 3.0, 3.0, 3.0, 1.0, 3.0, 1.0, 1.0, 2.0, 1.0, 3.0, 3.0], [0.0, 3.0, 3.0, 1.0, 0.0, 3.0, 1.0, 1.0, 0.0, 0.0, 2.0, 0.0, 2.0, 0.0, 1.0, 1.0, 0.0, 0.0, 2.0, 1.0, 3.0, 0.0, 1.0, 3.0, 3.0, 0.0, 3.0, 3.0, 1.0, 1.0, 1.0, 3.0, 3.0, 3.0, 1.0, 2.0, 1.0, 1.0, 1.0, 1.0, 2.0, 2.0], [0.0, 3.0, 3.0, 1.0, 0.0, 3.0, 1.0, 2.0, 1.0, 1.0, 1.0, 0.0, 3.0, 0.0, 1.0, 1.0, 0.0, 0.0, 3.0, 0.0, 3.0, 1.0, 2.0, 3.0, 2.0, 0.0, 3.0, 3.0, 1.0, 1.0, 1.0, 3.0, 3.0, 3.0, 1.0, 3.0, 1.0, 1.0, 3.0, 2.0, 2.0, 2.0], [0.0, 3.0, 3.0, 1.0, 0.0, 3.0, 1.0, 2.0, 0.0, 0.0, 1.0, 0.0, 3.0, 0.0, 1.0, 1.0, 0.0, 0.0, 3.0, 0.0, 3.0, 0.0, 2.0, 3.0, 2.0, 1.0, 3.0, 3.0, 1.0, 1.0, 1.0, 1.0, 3.0, 3.0, 1.0, 3.0, 1.0, 1.0, 2.0, 2.0, 3.0, 2.0], [0.0, 3.0, 3.0, 1.0, 0.0, 3.0, 1.0, 2.0, 1.0, 0.0, 2.0, 0.0, 3.0, 0.0, 1.0, 1.0, 0.0, 0.0, 3.0, 0.0, 3.0, 0.0, 2.0, 3.0, 2.0, 1.0, 3.0, 3.0, 1.0, 1.0, 1.0, 3.0, 3.0, 3.0, 1.0, 3.0, 1.0, 1.0, 2.0, 2.0, 3.0, 2.0], [0.0, 3.0, 3.0, 1.0, 0.0, 3.0, 1.0, 2.0, 0.0, 0.0, 1.0, 0.0, 3.0, 0.0, 1.0, 1.0, 0.0, 0.0, 3.0, 1.0, 3.0, 1.0, 1.0, 3.0, 3.0, 1.0, 3.0, 3.0, 1.0, 1.0, 1.0, 3.0, 3.0, 3.0, 1.0, 3.0, 1.0, 1.0, 3.0, 2.0, 3.0, 1.0], [0.0, 3.0, 3.0, 1.0, 0.0, 3.0, 1.0, 2.0, 1.0, 0.0, 2.0, 0.0, 3.0, 0.0, 1.0, 1.0, 0.0, 0.0, 2.0, 0.0, 3.0, 0.0, 2.0, 3.0, 2.0, 1.0, 3.0, 3.0, 1.0, 1.0, 1.0, 2.0, 3.0, 3.0, 1.0, 3.0, 1.0, 1.0, 3.0, 2.0, 3.0, 3.0], [0.0, 3.0, 3.0, 1.0, 1.0, 1.0, 1.0, 2.0, 0.0, 0.0, 1.0, 0.0, 3.0, 0.0, 1.0, 1.0, 0.0, 1.0, 3.0, 0.0, 3.0, 0.0, 1.0, 3.0, 3.0, 1.0, 3.0, 3.0, 1.0, 1.0, 1.0, 3.0, 3.0, 3.0, 1.0, 3.0, 1.0, 1.0, 3.0, 2.0, 3.0, 2.0], [0.0, 3.0, 2.0, 1.0, 1.0, 3.0, 1.0, 2.0, 1.0, 0.0, 1.0, 0.0, 3.0, 0.0, 1.0, 1.0, 0.0, 0.0, 3.0, 0.0, 3.0, 0.0, 2.0, 3.0, 2.0, 1.0, 3.0, 3.0, 1.0, 1.0, 1.0, 3.0, 3.0, 3.0, 1.0, 3.0, 1.0, 1.0, 2.0, 1.0, 3.0, 3.0], [0.0, 3.0, 3.0, 1.0, 1.0, 3.0, 1.0, 2.0, 0.0, 1.0, 1.0, 0.0, 3.0, 0.0, 1.0, 1.0, 0.0, 0.0, 3.0, 0.0, 3.0, 0.0, 1.0, 3.0, 2.0, 1.0, 3.0, 3.0, 1.0, 1.0, 1.0, 3.0, 3.0, 3.0, 1.0, 2.0, 1.0, 1.0, 2.0, 1.0, 3.0, 2.0], [1.0, 3.0, 3.0, 1.0, 1.0, 3.0, 1.0, 2.0, 1.0, 0.0, 1.0, 0.0, 2.0, 0.0, 1.0, 1.0, 0.0, 0.0, 3.0, 0.0, 3.0, 0.0, 2.0, 3.0, 2.0, 0.0, 3.0, 3.0, 1.0, 1.0, 1.0, 3.0, 3.0, 2.0, 1.0, 2.0, 1.0, 2.0, 3.0, 2.0, 3.0, 2.0], [0.0, 3.0, 2.0, 1.0, 0.0, 3.0, 1.0, 2.0, 0.0, 0.0, 2.0, 0.0, 2.0, 0.0, 1.0, 1.0, 0.0, 0.0, 3.0, 0.0, 3.0, 0.0, 2.0, 3.0, 3.0, 1.0, 3.0, 3.0, 1.0, 1.0, 1.0, 3.0, 3.0, 3.0, 1.0, 3.0, 1.0, 1.0, 3.0, 2.0, 3.0, 2.0], [0.0, 3.0, 2.0, 1.0, 0.0, 3.0, 1.0, 2.0, 0.0, 0.0, 2.0, 0.0, 3.0, 0.0, 1.0, 1.0, 0.0, 0.0, 3.0, 0.0, 3.0, 1.0, 2.0, 3.0, 2.0, 0.0, 3.0, 3.0, 1.0, 1.0, 1.0, 3.0, 3.0, 3.0, 1.0, 3.0, 1.0, 2.0, 3.0, 2.0, 3.0, 2.0], [0.0, 3.0, 3.0, 1.0, 0.0, 3.0, 0.0, 2.0, 1.0, 0.0, 2.0, 0.0, 3.0, 0.0, 1.0, 1.0, 0.0, 1.0, 3.0, 0.0, 3.0, 0.0, 1.0, 3.0, 3.0, 1.0, 3.0, 3.0, 1.0, 1.0, 1.0, 3.0, 3.0, 3.0, 1.0, 3.0, 1.0, 1.0, 3.0, 2.0, 3.0, 2.0], [0.0, 2.0, 2.0, 1.0, 0.0, 1.0, 1.0, 1.0, 0.0, 0.0, 2.0, 0.0, 3.0, 0.0, 1.0, 1.0, 0.0, 0.0, 3.0, 1.0, 3.0, 0.0, 1.0, 3.0, 2.0, 1.0, 3.0, 3.0, 1.0, 1.0, 1.0, 2.0, 3.0, 3.0, 1.0, 3.0, 1.0, 1.0, 2.0, 2.0, 3.0, 2.0], [0.0, 1.0, 3.0, 1.0, 1.0, 3.0, 1.0, 3.0, 0.0, 0.0, 1.0, 0.0, 3.0, 0.0, 1.0, 1.0, 0.0, 1.0, 3.0, 0.0, 3.0, 1.0, 2.0, 3.0, 2.0, 1.0, 2.0, 3.0, 1.0, 1.0, 1.0, 3.0, 3.0, 3.0, 1.0, 2.0, 1.0, 1.0, 3.0, 2.0, 2.0, 2.0], [0.0, 3.0, 3.0, 1.0, 1.0, 3.0, 1.0, 2.0, 1.0, 0.0, 2.0, 0.0, 3.0, 0.0, 1.0, 1.0, 0.0, 0.0, 3.0, 1.0, 3.0, 1.0, 2.0, 3.0, 2.0, 1.0, 3.0, 3.0, 1.0, 1.0, 1.0, 3.0, 3.0, 3.0, 1.0, 3.0, 1.0, 1.0, 2.0, 2.0, 3.0, 1.0], [0.0, 3.0, 3.0, 1.0, 1.0, 3.0, 1.0, 2.0, 0.0, 0.0, 2.0, 0.0, 3.0, 0.0, 1.0, 1.0, 0.0, 0.0, 2.0, 1.0, 3.0, 1.0, 2.0, 3.0, 2.0, 1.0, 3.0, 3.0, 1.0, 1.0, 1.0, 3.0, 3.0, 3.0, 1.0, 3.0, 1.0, 1.0, 1.0, 1.0, 3.0, 3.0], [0.0, 3.0, 2.0, 1.0, 1.0, 3.0, 1.0, 2.0, 0.0, 0.0, 2.0, 0.0, 3.0, 0.0, 1.0, 1.0, 0.0, 0.0, 2.0, 1.0, 3.0, 0.0, 2.0, 3.0, 2.0, 0.0, 3.0, 3.0, 1.0, 1.0, 1.0, 3.0, 3.0, 2.0, 1.0, 3.0, 1.0, 1.0, 2.0, 2.0, 3.0, 2.0], [0.0, 3.0, 2.0, 1.0, 0.0, 3.0, 1.0, 2.0, 0.0, 0.0, 2.0, 0.0, 2.0, 0.0, 1.0, 1.0, 0.0, 1.0, 3.0, 0.0, 3.0, 0.0, 2.0, 3.0, 2.0, 1.0, 3.0, 3.0, 1.0, 1.0, 1.0, 3.0, 3.0, 3.0, 1.0, 3.0, 1.0, 1.0, 3.0, 2.0, 2.0, 2.0], [0.0, 3.0, 3.0, 1.0, 1.0, 3.0, 1.0, 2.0, 1.0, 0.0, 2.0, 0.0, 2.0, 0.0, 1.0, 1.0, 0.0, 0.0, 3.0, 0.0, 3.0, 1.0, 2.0, 3.0, 2.0, 1.0, 3.0, 3.0, 1.0, 1.0, 1.0, 3.0, 3.0, 3.0, 1.0, 2.0, 1.0, 1.0, 2.0, 2.0, 3.0, 2.0], [0.0, 3.0, 3.0, 1.0, 1.0, 3.0, 1.0, 2.0, 0.0, 0.0, 1.0, 0.0, 3.0, 0.0, 1.0, 1.0, 0.0, 1.0, 3.0, 0.0, 3.0, 0.0, 2.0, 3.0, 2.0, 0.0, 3.0, 3.0, 1.0, 1.0, 1.0, 3.0, 3.0, 3.0, 1.0, 2.0, 1.0, 1.0, 1.0, 2.0, 3.0, 3.0], [0.0, 1.0, 3.0, 1.0, 1.0, 3.0, 1.0, 2.0, 1.0, 0.0, 2.0, 0.0, 3.0, 0.0, 1.0, 1.0, 0.0, 0.0, 3.0, 0.0, 3.0, 1.0, 1.0, 3.0, 3.0, 1.0, 3.0, 3.0, 1.0, 1.0, 1.0, 3.0, 3.0, 3.0, 1.0, 2.0, 1.0, 1.0, 3.0, 2.0, 3.0, 3.0], [0.0, 3.0, 2.0, 1.0, 0.0, 3.0, 1.0, 2.0, 1.0, 0.0, 2.0, 0.0, 2.0, 0.0, 1.0, 1.0, 0.0, 0.0, 3.0, 0.0, 3.0, 0.0, 1.0, 3.0, 2.0, 1.0, 3.0, 3.0, 1.0, 1.0, 1.0, 3.0, 3.0, 3.0, 1.0, 3.0, 1.0, 1.0, 2.0, 1.0, 3.0, 3.0], [0.0, 3.0, 3.0, 1.0, 1.0, 1.0, 1.0, 2.0, 1.0, 0.0, 1.0, 0.0, 3.0, 0.0, 1.0, 1.0, 0.0, 1.0, 3.0, 0.0, 3.0, 0.0, 2.0, 3.0, 3.0, 1.0, 3.0, 3.0, 1.0, 1.0, 1.0, 3.0, 3.0, 3.0, 1.0, 2.0, 1.0, 1.0, 3.0, 2.0, 3.0, 2.0], [0.0, 3.0, 2.0, 1.0, 1.0, 3.0, 1.0, 3.0, 1.0, 0.0, 2.0, 0.0, 3.0, 0.0, 1.0, 1.0, 0.0, 0.0, 2.0, 0.0, 3.0, 0.0, 2.0, 3.0, 2.0, 0.0, 3.0, 3.0, 1.0, 1.0, 1.0, 2.0, 3.0, 3.0, 1.0, 3.0, 1.0, 1.0, 3.0, 2.0, 3.0, 3.0], [1.0, 3.0, 2.0, 1.0, 0.0, 3.0, 1.0, 2.0, 0.0, 0.0, 1.0, 0.0, 2.0, 0.0, 1.0, 1.0, 0.0, 0.0, 3.0, 0.0, 3.0, 0.0, 2.0, 3.0, 2.0, 1.0, 3.0, 3.0, 1.0, 1.0, 1.0, 3.0, 3.0, 1.0, 1.0, 2.0, 1.0, 1.0, 3.0, 2.0, 3.0, 1.0], [0.0, 3.0, 3.0, 1.0, 1.0, 3.0, 1.0, 2.0, 1.0, 0.0, 2.0, 0.0, 2.0, 1.0, 1.0, 1.0, 0.0, 0.0, 3.0, 0.0, 3.0, 0.0, 2.0, 3.0, 2.0, 1.0, 3.0, 3.0, 1.0, 1.0, 1.0, 3.0, 3.0, 3.0, 1.0, 3.0, 1.0, 1.0, 2.0, 2.0, 3.0, 1.0], [0.0, 3.0, 3.0, 1.0, 1.0, 1.0, 1.0, 2.0, 1.0, 0.0, 2.0, 0.0, 3.0, 0.0, 1.0, 1.0, 0.0, 0.0, 3.0, 1.0, 3.0, 0.0, 1.0, 2.0, 2.0, 1.0, 3.0, 3.0, 1.0, 1.0, 1.0, 3.0, 3.0, 3.0, 1.0, 3.0, 1.0, 1.0, 2.0, 2.0, 3.0, 3.0], [1.0, 3.0, 3.0, 1.0, 0.0, 3.0, 1.0, 2.0, 1.0, 0.0, 2.0, 0.0, 3.0, 0.0, 1.0, 1.0, 0.0, 0.0, 3.0, 1.0, 3.0, 0.0, 2.0, 3.0, 2.0, 0.0, 3.0, 3.0, 1.0, 1.0, 1.0, 3.0, 3.0, 3.0, 1.0, 3.0, 1.0, 1.0, 1.0, 1.0, 2.0, 1.0], [0.0, 3.0, 3.0, 1.0, 0.0, 3.0, 1.0, 2.0, 0.0, 0.0, 2.0, 0.0, 3.0, 0.0, 1.0, 1.0, 0.0, 1.0, 3.0, 1.0, 3.0, 0.0, 1.0, 3.0, 3.0, 1.0, 2.0, 3.0, 1.0, 1.0, 1.0, 3.0, 3.0, 3.0, 1.0, 3.0, 1.0, 1.0, 3.0, 1.0, 3.0, 2.0], [0.0, 3.0, 3.0, 1.0, 0.0, 3.0, 1.0, 2.0, 0.0, 0.0, 1.0, 0.0, 3.0, 0.0, 1.0, 1.0, 0.0, 1.0, 3.0, 1.0, 3.0, 1.0, 2.0, 3.0, 3.0, 1.0, 2.0, 3.0, 1.0, 1.0, 1.0, 2.0, 3.0, 3.0, 1.0, 3.0, 1.0, 1.0, 3.0, 1.0, 3.0, 3.0], [0.0, 3.0, 3.0, 1.0, 0.0, 3.0, 1.0, 3.0, 1.0, 0.0, 2.0, 0.0, 3.0, 0.0, 1.0, 1.0, 0.0, 1.0, 2.0, 0.0, 3.0, 1.0, 1.0, 3.0, 2.0, 1.0, 2.0, 3.0, 1.0, 1.0, 1.0, 3.0, 3.0, 3.0, 1.0, 3.0, 1.0, 1.0, 2.0, 1.0, 2.0, 2.0], [0.0, 3.0, 2.0, 1.0, 1.0, 3.0, 1.0, 1.0, 0.0, 0.0, 2.0, 0.0, 2.0, 0.0, 1.0, 1.0, 0.0, 0.0, 3.0, 0.0, 3.0, 1.0, 2.0, 3.0, 2.0, 1.0, 3.0, 3.0, 1.0, 1.0, 1.0, 3.0, 3.0, 3.0, 1.0, 3.0, 1.0, 1.0, 3.0, 1.0, 3.0, 2.0], [0.0, 3.0, 3.0, 1.0, 1.0, 3.0, 1.0, 2.0, 0.0, 0.0, 2.0, 0.0, 2.0, 0.0, 1.0, 1.0, 0.0, 0.0, 3.0, 1.0, 3.0, 1.0, 2.0, 3.0, 2.0, 1.0, 3.0, 3.0, 1.0, 1.0, 1.0, 2.0, 3.0, 3.0, 1.0, 3.0, 1.0, 1.0, 2.0, 2.0, 3.0, 2.0], [0.0, 1.0, 3.0, 1.0, 0.0, 3.0, 1.0, 2.0, 1.0, 0.0, 2.0, 0.0, 3.0, 0.0, 1.0, 1.0, 0.0, 0.0, 3.0, 0.0, 3.0, 0.0, 2.0, 3.0, 3.0, 1.0, 2.0, 3.0, 1.0, 1.0, 1.0, 3.0, 3.0, 3.0, 1.0, 2.0, 1.0, 1.0, 2.0, 2.0, 3.0, 1.0], [0.0, 3.0, 3.0, 1.0, 1.0, 3.0, 1.0, 2.0, 1.0, 0.0, 1.0, 0.0, 1.0, 0.0, 1.0, 1.0, 0.0, 1.0, 3.0, 0.0, 3.0, 1.0, 2.0, 3.0, 2.0, 0.0, 3.0, 3.0, 1.0, 1.0, 1.0, 2.0, 3.0, 3.0, 1.0, 3.0, 1.0, 1.0, 3.0, 2.0, 3.0, 2.0], [0.0, 3.0, 3.0, 1.0, 0.0, 3.0, 1.0, 2.0, 1.0, 0.0, 1.0, 0.0, 3.0, 0.0, 1.0, 1.0, 0.0, 1.0, 3.0, 0.0, 3.0, 0.0, 2.0, 3.0, 2.0, 1.0, 3.0, 3.0, 1.0, 1.0, 1.0, 3.0, 3.0, 3.0, 1.0, 2.0, 1.0, 1.0, 2.0, 2.0, 3.0, 3.0], [0.0, 3.0, 2.0, 1.0, 1.0, 3.0, 1.0, 2.0, 1.0, 0.0, 1.0, 0.0, 3.0, 0.0, 1.0, 1.0, 0.0, 0.0, 3.0, 0.0, 3.0, 1.0, 2.0, 3.0, 2.0, 1.0, 3.0, 3.0, 1.0, 1.0, 1.0, 3.0, 3.0, 3.0, 1.0, 3.0, 1.0, 1.0, 2.0, 1.0, 2.0, 3.0], [0.0, 3.0, 3.0, 1.0, 1.0, 3.0, 1.0, 1.0, 0.0, 0.0, 2.0, 0.0, 2.0, 0.0, 1.0, 1.0, 0.0, 0.0, 3.0, 0.0, 3.0, 0.0, 2.0, 3.0, 2.0, 1.0, 3.0, 3.0, 1.0, 1.0, 1.0, 3.0, 3.0, 3.0, 1.0, 3.0, 1.0, 1.0, 1.0, 2.0, 3.0, 2.0]]

first layer check: Conv2d(6, 64, kernel_size=(7, 7), stride=(2, 2), padding=(3, 3), bias=False)

for model 2: mode acc: 0.738095223903656, run mean acc: 0.7033332586288452, top-2 acc:0.9104167222976685, mode f1: 0.738095223903656

model 2 mode preds
[1.0, 3.0, 3.0, 1.0, 1.0, 3.0, 1.0, 1.0, 1.0, 1.0, 1.0, 1.0, 3.0, 0.0, 1.0, 1.0, 1.0, 1.0, 3.0, 1.0, 3.0, 1.0, 2.0, 3.0, 3.0, 1.0, 3.0, 3.0, 1.0, 1.0, 1.0, 3.0, 3.0, 3.0, 1.0, 3.0, 1.0, 1.0, 2.0, 2.0, 3.0, 2.0]

model 2 all preds
[[1.0, 3.0, 3.0, 1.0, 1.0, 3.0, 1.0, 3.0, 1.0, 0.0, 1.0, 1.0, 2.0, 0.0, 1.0, 1.0, 1.0, 1.0, 3.0, 1.0, 3.0, 1.0, 3.0, 3.0, 3.0, 1.0, 3.0, 3.0, 1.0, 1.0, 1.0, 3.0, 3.0, 3.0, 1.0, 3.0, 1.0, 2.0, 2.0, 2.0, 3.0, 2.0], [0.0, 3.0, 3.0, 1.0, 1.0, 3.0, 1.0, 3.0, 1.0, 1.0, 2.0, 1.0, 3.0, 0.0, 1.0, 1.0, 1.0, 1.0, 3.0, 1.0, 3.0, 1.0, 2.0, 3.0, 1.0, 1.0, 2.0, 3.0, 1.0, 1.0, 0.0, 3.0, 3.0, 3.0, 1.0, 3.0, 1.0, 1.0, 2.0, 2.0, 3.0, 3.0], [1.0, 3.0, 3.0, 1.0, 1.0, 3.0, 1.0, 2.0, 1.0, 1.0, 1.0, 1.0, 3.0, 1.0, 1.0, 1.0, 1.0, 1.0, 3.0, 1.0, 3.0, 1.0, 3.0, 3.0, 3.0, 1.0, 3.0, 3.0, 1.0, 1.0, 1.0, 3.0, 3.0, 3.0, 1.0, 3.0, 1.0, 1.0, 2.0, 2.0, 3.0, 3.0], [1.0, 3.0, 3.0, 1.0, 1.0, 3.0, 1.0, 2.0, 1.0, 0.0, 1.0, 1.0, 2.0, 0.0, 1.0, 1.0, 1.0, 1.0, 3.0, 1.0, 3.0, 1.0, 1.0, 3.0, 3.0, 1.0, 3.0, 3.0, 1.0, 1.0, 0.0, 3.0, 3.0, 3.0, 1.0, 3.0, 1.0, 1.0, 2.0, 2.0, 3.0, 2.0], [1.0, 3.0, 3.0, 1.0, 1.0, 3.0, 1.0, 2.0, 1.0, 1.0, 2.0, 1.0, 3.0, 1.0, 1.0, 1.0, 1.0, 1.0, 3.0, 1.0, 3.0, 1.0, 3.0, 3.0, 3.0, 1.0, 3.0, 3.0, 1.0, 1.0, 1.0, 3.0, 3.0, 3.0, 1.0, 3.0, 1.0, 1.0, 2.0, 2.0, 3.0, 2.0], [1.0, 3.0, 3.0, 1.0, 1.0, 3.0, 1.0, 1.0, 1.0, 1.0, 2.0, 1.0, 2.0, 0.0, 1.0, 1.0, 1.0, 1.0, 3.0, 1.0, 3.0, 1.0, 2.0, 3.0, 3.0, 1.0, 3.0, 3.0, 1.0, 1.0, 0.0, 3.0, 3.0, 3.0, 1.0, 2.0, 1.0, 1.0, 2.0, 2.0, 3.0, 3.0], [1.0, 3.0, 3.0, 1.0, 1.0, 3.0, 1.0, 2.0, 1.0, 1.0, 2.0, 1.0, 2.0, 1.0, 1.0, 1.0, 1.0, 0.0, 3.0, 1.0, 3.0, 1.0, 2.0, 3.0, 3.0, 1.0, 3.0, 3.0, 1.0, 1.0, 0.0, 3.0, 3.0, 2.0, 1.0, 3.0, 1.0, 1.0, 2.0, 2.0, 3.0, 2.0], [1.0, 3.0, 3.0, 1.0, 1.0, 3.0, 1.0, 1.0, 1.0, 1.0, 2.0, 1.0, 3.0, 0.0, 1.0, 1.0, 1.0, 1.0, 1.0, 1.0, 3.0, 1.0, 1.0, 3.0, 3.0, 1.0, 2.0, 3.0, 1.0, 1.0, 1.0, 3.0, 3.0, 2.0, 1.0, 3.0, 1.0, 1.0, 2.0, 2.0, 3.0, 2.0], [1.0, 3.0, 3.0, 1.0, 1.0, 3.0, 1.0, 2.0, 1.0, 1.0, 2.0, 1.0, 3.0, 1.0, 1.0, 1.0, 1.0, 1.0, 3.0, 0.0, 3.0, 1.0, 2.0, 3.0, 3.0, 1.0, 3.0, 3.0, 1.0, 1.0, 0.0, 3.0, 3.0, 3.0, 1.0, 3.0, 1.0, 2.0, 2.0, 2.0, 3.0, 1.0], [1.0, 3.0, 3.0, 1.0, 1.0, 3.0, 1.0, 2.0, 1.0, 1.0, 1.0, 1.0, 3.0, 1.0, 1.0, 1.0, 1.0, 1.0, 1.0, 1.0, 3.0, 1.0, 2.0, 3.0, 3.0, 1.0, 3.0, 3.0, 1.0, 1.0, 1.0, 3.0, 3.0, 3.0, 1.0, 3.0, 1.0, 1.0, 2.0, 2.0, 3.0, 2.0], [1.0, 3.0, 3.0, 1.0, 1.0, 3.0, 1.0, 1.0, 1.0, 1.0, 1.0, 1.0, 2.0, 1.0, 1.0, 1.0, 1.0, 1.0, 3.0, 1.0, 3.0, 1.0, 3.0, 3.0, 2.0, 1.0, 3.0, 3.0, 1.0, 1.0, 0.0, 3.0, 3.0, 3.0, 1.0, 2.0, 1.0, 2.0, 2.0, 2.0, 3.0, 2.0], [1.0, 3.0, 3.0, 1.0, 1.0, 2.0, 1.0, 1.0, 1.0, 0.0, 1.0, 1.0, 3.0, 1.0, 1.0, 1.0, 1.0, 1.0, 3.0, 1.0, 3.0, 1.0, 2.0, 3.0, 3.0, 1.0, 3.0, 3.0, 1.0, 1.0, 1.0, 3.0, 3.0, 3.0, 1.0, 3.0, 1.0, 1.0, 2.0, 2.0, 3.0, 2.0], [1.0, 2.0, 3.0, 1.0, 1.0, 3.0, 1.0, 2.0, 1.0, 0.0, 1.0, 1.0, 3.0, 0.0, 1.0, 1.0, 1.0, 0.0, 3.0, 1.0, 3.0, 0.0, 2.0, 3.0, 1.0, 1.0, 3.0, 3.0, 1.0, 1.0, 0.0, 3.0, 3.0, 3.0, 1.0, 3.0, 1.0, 1.0, 2.0, 2.0, 3.0, 2.0], [1.0, 3.0, 3.0, 1.0, 1.0, 3.0, 1.0, 1.0, 1.0, 1.0, 1.0, 1.0, 3.0, 1.0, 1.0, 1.0, 1.0, 0.0, 3.0, 1.0, 3.0, 1.0, 3.0, 3.0, 2.0, 1.0, 3.0, 2.0, 1.0, 1.0, 1.0, 1.0, 3.0, 3.0, 1.0, 3.0, 1.0, 1.0, 3.0, 2.0, 3.0, 2.0], [1.0, 3.0, 3.0, 1.0, 1.0, 3.0, 1.0, 1.0, 1.0, 1.0, 1.0, 1.0, 3.0, 1.0, 1.0, 1.0, 1.0, 1.0, 1.0, 1.0, 3.0, 1.0, 2.0, 3.0, 3.0, 1.0, 3.0, 3.0, 2.0, 1.0, 1.0, 3.0, 3.0, 3.0, 1.0, 3.0, 1.0, 2.0, 2.0, 2.0, 3.0, 2.0], [0.0, 3.0, 3.0, 1.0, 1.0, 3.0, 1.0, 1.0, 1.0, 1.0, 1.0, 1.0, 2.0, 0.0, 1.0, 1.0, 1.0, 0.0, 3.0, 1.0, 3.0, 1.0, 1.0, 3.0, 3.0, 1.0, 3.0, 3.0, 1.0, 1.0, 0.0, 3.0, 3.0, 3.0, 1.0, 3.0, 1.0, 1.0, 3.0, 2.0, 3.0, 2.0], [1.0, 3.0, 2.0, 1.0, 1.0, 3.0, 1.0, 3.0, 1.0, 1.0, 2.0, 1.0, 2.0, 0.0, 1.0, 1.0, 1.0, 1.0, 3.0, 1.0, 3.0, 1.0, 3.0, 3.0, 3.0, 1.0, 3.0, 3.0, 1.0, 1.0, 1.0, 3.0, 3.0, 3.0, 1.0, 3.0, 1.0, 2.0, 2.0, 2.0, 3.0, 2.0], [1.0, 3.0, 3.0, 1.0, 1.0, 3.0, 1.0, 1.0, 1.0, 1.0, 1.0, 1.0, 3.0, 0.0, 1.0, 1.0, 1.0, 1.0, 3.0, 1.0, 3.0, 1.0, 2.0, 3.0, 3.0, 1.0, 3.0, 3.0, 1.0, 1.0, 0.0, 3.0, 3.0, 3.0, 1.0, 3.0, 1.0, 2.0, 2.0, 2.0, 3.0, 2.0], [0.0, 3.0, 3.0, 1.0, 1.0, 3.0, 1.0, 2.0, 1.0, 1.0, 1.0, 1.0, 3.0, 0.0, 1.0, 1.0, 1.0, 0.0, 3.0, 1.0, 3.0, 1.0, 2.0, 3.0, 3.0, 1.0, 3.0, 3.0, 1.0, 1.0, 1.0, 3.0, 3.0, 3.0, 1.0, 3.0, 1.0, 1.0, 2.0, 2.0, 3.0, 3.0], [1.0, 3.0, 3.0, 1.0, 1.0, 3.0, 1.0, 3.0, 1.0, 1.0, 1.0, 1.0, 3.0, 0.0, 1.0, 1.0, 1.0, 1.0, 3.0, 1.0, 3.0, 1.0, 1.0, 3.0, 3.0, 1.0, 3.0, 3.0, 1.0, 1.0, 1.0, 1.0, 3.0, 3.0, 1.0, 3.0, 1.0, 1.0, 2.0, 2.0, 3.0, 2.0], [1.0, 3.0, 3.0, 1.0, 1.0, 3.0, 1.0, 2.0, 1.0, 1.0, 2.0, 1.0, 2.0, 1.0, 1.0, 1.0, 1.0, 1.0, 3.0, 1.0, 3.0, 1.0, 2.0, 3.0, 3.0, 1.0, 3.0, 3.0, 1.0, 1.0, 0.0, 3.0, 3.0, 2.0, 1.0, 3.0, 1.0, 1.0, 2.0, 2.0, 3.0, 2.0], [1.0, 3.0, 3.0, 1.0, 1.0, 3.0, 1.0, 3.0, 1.0, 1.0, 1.0, 1.0, 2.0, 0.0, 1.0, 1.0, 1.0, 1.0, 3.0, 1.0, 3.0, 1.0, 2.0, 3.0, 3.0, 1.0, 3.0, 3.0, 1.0, 1.0, 1.0, 3.0, 3.0, 2.0, 1.0, 3.0, 2.0, 1.0, 2.0, 2.0, 3.0, 2.0], [1.0, 3.0, 3.0, 1.0, 1.0, 3.0, 1.0, 1.0, 1.0, 1.0, 1.0, 1.0, 3.0, 1.0, 1.0, 1.0, 1.0, 1.0, 3.0, 1.0, 3.0, 1.0, 3.0, 3.0, 3.0, 1.0, 3.0, 3.0, 1.0, 1.0, 1.0, 3.0, 3.0, 3.0, 1.0, 3.0, 1.0, 1.0, 2.0, 2.0, 3.0, 1.0], [1.0, 3.0, 3.0, 1.0, 1.0, 2.0, 1.0, 1.0, 1.0, 0.0, 2.0, 1.0, 2.0, 0.0, 1.0, 1.0, 1.0, 1.0, 3.0, 0.0, 3.0, 1.0, 2.0, 3.0, 3.0, 1.0, 3.0, 3.0, 1.0, 1.0, 0.0, 3.0, 3.0, 3.0, 1.0, 3.0, 1.0, 1.0, 2.0, 2.0, 3.0, 2.0], [1.0, 3.0, 3.0, 1.0, 1.0, 3.0, 1.0, 1.0, 1.0, 1.0, 1.0, 1.0, 3.0, 1.0, 1.0, 1.0, 1.0, 1.0, 3.0, 1.0, 3.0, 1.0, 2.0, 3.0, 3.0, 1.0, 3.0, 2.0, 1.0, 1.0, 1.0, 3.0, 3.0, 3.0, 1.0, 3.0, 1.0, 1.0, 2.0, 2.0, 3.0, 3.0], [1.0, 3.0, 3.0, 1.0, 1.0, 3.0, 1.0, 3.0, 1.0, 1.0, 2.0, 1.0, 3.0, 0.0, 1.0, 1.0, 1.0, 1.0, 3.0, 1.0, 3.0, 1.0, 2.0, 3.0, 3.0, 1.0, 3.0, 3.0, 1.0, 1.0, 0.0, 3.0, 3.0, 3.0, 1.0, 3.0, 1.0, 1.0, 2.0, 2.0, 3.0, 2.0], [1.0, 3.0, 3.0, 1.0, 1.0, 3.0, 1.0, 1.0, 1.0, 1.0, 1.0, 1.0, 3.0, 1.0, 1.0, 1.0, 1.0, 1.0, 3.0, 1.0, 3.0, 1.0, 2.0, 3.0, 3.0, 1.0, 3.0, 3.0, 1.0, 1.0, 1.0, 3.0, 3.0, 3.0, 1.0, 3.0, 1.0, 1.0, 2.0, 2.0, 3.0, 3.0], [1.0, 3.0, 3.0, 1.0, 1.0, 3.0, 1.0, 3.0, 1.0, 1.0, 1.0, 1.0, 3.0, 0.0, 2.0, 1.0, 1.0, 0.0, 3.0, 1.0, 3.0, 1.0, 2.0, 3.0, 3.0, 1.0, 2.0, 3.0, 1.0, 1.0, 1.0, 3.0, 3.0, 3.0, 1.0, 3.0, 1.0, 1.0, 2.0, 2.0, 3.0, 2.0], [1.0, 3.0, 3.0, 1.0, 1.0, 3.0, 1.0, 1.0, 1.0, 0.0, 1.0, 1.0, 3.0, 0.0, 1.0, 1.0, 1.0, 1.0, 3.0, 1.0, 3.0, 1.0, 2.0, 3.0, 3.0, 1.0, 2.0, 3.0, 1.0, 1.0, 0.0, 3.0, 3.0, 3.0, 1.0, 3.0, 1.0, 1.0, 2.0, 2.0, 3.0, 2.0], [1.0, 3.0, 3.0, 1.0, 1.0, 3.0, 1.0, 3.0, 1.0, 1.0, 2.0, 1.0, 3.0, 1.0, 1.0, 1.0, 1.0, 1.0, 3.0, 1.0, 3.0, 1.0, 2.0, 3.0, 3.0, 1.0, 3.0, 3.0, 1.0, 1.0, 0.0, 3.0, 3.0, 3.0, 1.0, 3.0, 1.0, 1.0, 2.0, 2.0, 3.0, 2.0], [1.0, 3.0, 3.0, 1.0, 1.0, 3.0, 1.0, 1.0, 1.0, 1.0, 1.0, 1.0, 3.0, 0.0, 1.0, 1.0, 1.0, 1.0, 1.0, 1.0, 3.0, 1.0, 2.0, 3.0, 3.0, 1.0, 3.0, 3.0, 1.0, 1.0, 0.0, 3.0, 3.0, 3.0, 1.0, 3.0, 1.0, 1.0, 2.0, 2.0, 3.0, 2.0], [0.0, 3.0, 3.0, 1.0, 1.0, 1.0, 1.0, 2.0, 1.0, 0.0, 2.0, 1.0, 3.0, 1.0, 1.0, 1.0, 1.0, 1.0, 1.0, 1.0, 3.0, 1.0, 2.0, 3.0, 3.0, 1.0, 3.0, 3.0, 1.0, 1.0, 0.0, 3.0, 3.0, 3.0, 1.0, 3.0, 1.0, 1.0, 3.0, 2.0, 3.0, 2.0], [1.0, 3.0, 3.0, 1.0, 1.0, 3.0, 1.0, 2.0, 1.0, 0.0, 2.0, 1.0, 2.0, 0.0, 1.0, 1.0, 1.0, 1.0, 3.0, 1.0, 3.0, 1.0, 1.0, 3.0, 3.0, 1.0, 2.0, 3.0, 1.0, 1.0, 1.0, 3.0, 3.0, 3.0, 1.0, 3.0, 1.0, 2.0, 2.0, 2.0, 3.0, 1.0], [1.0, 3.0, 3.0, 1.0, 1.0, 3.0, 1.0, 3.0, 1.0, 1.0, 1.0, 1.0, 3.0, 0.0, 1.0, 1.0, 1.0, 1.0, 3.0, 1.0, 3.0, 1.0, 2.0, 3.0, 2.0, 1.0, 3.0, 2.0, 1.0, 1.0, 0.0, 3.0, 3.0, 3.0, 1.0, 3.0, 1.0, 1.0, 2.0, 2.0, 3.0, 2.0], [1.0, 1.0, 2.0, 1.0, 1.0, 3.0, 1.0, 2.0, 1.0, 0.0, 1.0, 1.0, 2.0, 1.0, 1.0, 1.0, 1.0, 1.0, 2.0, 1.0, 3.0, 1.0, 2.0, 3.0, 3.0, 1.0, 3.0, 3.0, 1.0, 1.0, 1.0, 3.0, 3.0, 3.0, 1.0, 3.0, 1.0, 1.0, 2.0, 3.0, 3.0, 2.0], [1.0, 3.0, 3.0, 1.0, 1.0, 3.0, 1.0, 3.0, 1.0, 1.0, 2.0, 1.0, 3.0, 1.0, 1.0, 1.0, 1.0, 0.0, 3.0, 1.0, 3.0, 1.0, 2.0, 3.0, 3.0, 1.0, 3.0, 3.0, 2.0, 1.0, 0.0, 3.0, 3.0, 3.0, 1.0, 3.0, 1.0, 2.0, 3.0, 2.0, 3.0, 2.0], [1.0, 3.0, 3.0, 1.0, 1.0, 3.0, 2.0, 1.0, 1.0, 1.0, 2.0, 1.0, 2.0, 0.0, 1.0, 1.0, 1.0, 1.0, 3.0, 0.0, 3.0, 1.0, 2.0, 3.0, 2.0, 1.0, 3.0, 3.0, 1.0, 1.0, 1.0, 2.0, 3.0, 3.0, 1.0, 3.0, 1.0, 2.0, 2.0, 3.0, 3.0, 2.0], [1.0, 3.0, 3.0, 1.0, 1.0, 3.0, 1.0, 2.0, 1.0, 1.0, 2.0, 1.0, 3.0, 0.0, 1.0, 1.0, 1.0, 1.0, 3.0, 1.0, 3.0, 1.0, 2.0, 3.0, 3.0, 2.0, 3.0, 3.0, 1.0, 1.0, 0.0, 3.0, 3.0, 3.0, 1.0, 3.0, 1.0, 2.0, 2.0, 2.0, 3.0, 2.0], [1.0, 3.0, 3.0, 1.0, 1.0, 3.0, 1.0, 2.0, 1.0, 0.0, 2.0, 1.0, 3.0, 1.0, 1.0, 1.0, 1.0, 1.0, 3.0, 1.0, 3.0, 1.0, 2.0, 3.0, 3.0, 1.0, 3.0, 3.0, 2.0, 1.0, 1.0, 3.0, 3.0, 3.0, 1.0, 3.0, 1.0, 1.0, 2.0, 2.0, 3.0, 2.0], [1.0, 3.0, 3.0, 1.0, 1.0, 3.0, 1.0, 2.0, 1.0, 0.0, 2.0, 1.0, 3.0, 1.0, 1.0, 1.0, 1.0, 1.0, 3.0, 1.0, 3.0, 1.0, 2.0, 3.0, 3.0, 1.0, 3.0, 3.0, 1.0, 1.0, 1.0, 3.0, 3.0, 3.0, 1.0, 3.0, 1.0, 1.0, 2.0, 2.0, 3.0, 2.0], [1.0, 3.0, 3.0, 1.0, 1.0, 1.0, 1.0, 1.0, 1.0, 0.0, 1.0, 1.0, 3.0, 0.0, 2.0, 1.0, 1.0, 1.0, 3.0, 1.0, 3.0, 1.0, 2.0, 3.0, 3.0, 1.0, 3.0, 2.0, 1.0, 1.0, 0.0, 3.0, 3.0, 3.0, 1.0, 3.0, 1.0, 1.0, 2.0, 2.0, 3.0, 2.0], [1.0, 3.0, 3.0, 1.0, 1.0, 3.0, 1.0, 2.0, 1.0, 1.0, 1.0, 1.0, 3.0, 1.0, 2.0, 1.0, 1.0, 1.0, 3.0, 0.0, 3.0, 0.0, 2.0, 3.0, 3.0, 1.0, 3.0, 3.0, 1.0, 1.0, 1.0, 3.0, 3.0, 3.0, 1.0, 3.0, 1.0, 2.0, 2.0, 2.0, 3.0, 3.0], [1.0, 3.0, 3.0, 1.0, 1.0, 3.0, 1.0, 1.0, 1.0, 1.0, 2.0, 1.0, 2.0, 0.0, 1.0, 1.0, 1.0, 1.0, 2.0, 1.0, 3.0, 1.0, 2.0, 3.0, 3.0, 1.0, 3.0, 3.0, 1.0, 1.0, 1.0, 3.0, 3.0, 2.0, 1.0, 3.0, 1.0, 2.0, 2.0, 2.0, 3.0, 3.0], [1.0, 3.0, 3.0, 1.0, 1.0, 3.0, 1.0, 3.0, 1.0, 1.0, 1.0, 1.0, 3.0, 0.0, 1.0, 1.0, 1.0, 1.0, 3.0, 1.0, 3.0, 1.0, 2.0, 3.0, 3.0, 1.0, 3.0, 3.0, 1.0, 1.0, 1.0, 3.0, 3.0, 3.0, 1.0, 3.0, 1.0, 1.0, 2.0, 2.0, 3.0, 2.0], [1.0, 3.0, 3.0, 1.0, 1.0, 3.0, 1.0, 1.0, 1.0, 0.0, 1.0, 1.0, 2.0, 1.0, 1.0, 1.0, 1.0, 0.0, 1.0, 1.0, 3.0, 1.0, 2.0, 3.0, 3.0, 1.0, 3.0, 3.0, 2.0, 1.0, 1.0, 3.0, 3.0, 3.0, 1.0, 3.0, 1.0, 1.0, 2.0, 2.0, 3.0, 2.0], [1.0, 3.0, 3.0, 1.0, 1.0, 3.0, 1.0, 1.0, 1.0, 0.0, 2.0, 1.0, 3.0, 0.0, 1.0, 1.0, 1.0, 1.0, 3.0, 1.0, 3.0, 1.0, 3.0, 3.0, 3.0, 1.0, 3.0, 3.0, 2.0, 1.0, 0.0, 3.0, 3.0, 3.0, 1.0, 3.0, 1.0, 2.0, 3.0, 2.0, 3.0, 2.0], [1.0, 3.0, 3.0, 1.0, 1.0, 3.0, 1.0, 3.0, 1.0, 1.0, 1.0, 1.0, 3.0, 1.0, 2.0, 1.0, 1.0, 1.0, 3.0, 1.0, 3.0, 1.0, 2.0, 3.0, 3.0, 1.0, 3.0, 3.0, 1.0, 1.0, 0.0, 3.0, 3.0, 3.0, 1.0, 3.0, 1.0, 2.0, 2.0, 2.0, 3.0, 2.0], [1.0, 3.0, 3.0, 1.0, 1.0, 3.0, 1.0, 1.0, 1.0, 0.0, 2.0, 1.0, 3.0, 1.0, 1.0, 1.0, 1.0, 0.0, 3.0, 1.0, 3.0, 1.0, 2.0, 3.0, 3.0, 1.0, 3.0, 3.0, 1.0, 1.0, 0.0, 3.0, 3.0, 3.0, 1.0, 3.0, 1.0, 1.0, 2.0, 2.0, 3.0, 3.0], [1.0, 3.0, 3.0, 1.0, 1.0, 3.0, 1.0, 3.0, 1.0, 1.0, 2.0, 1.0, 3.0, 1.0, 1.0, 1.0, 1.0, 1.0, 2.0, 1.0, 3.0, 1.0, 2.0, 3.0, 3.0, 1.0, 3.0, 3.0, 1.0, 1.0, 0.0, 3.0, 3.0, 3.0, 1.0, 3.0, 1.0, 1.0, 2.0, 2.0, 3.0, 2.0], [1.0, 3.0, 2.0, 1.0, 1.0, 3.0, 1.0, 2.0, 1.0, 1.0, 2.0, 1.0, 2.0, 0.0, 1.0, 1.0, 1.0, 1.0, 3.0, 1.0, 3.0, 0.0, 2.0, 3.0, 1.0, 1.0, 3.0, 3.0, 1.0, 1.0, 1.0, 3.0, 3.0, 3.0, 1.0, 3.0, 1.0, 1.0, 2.0, 2.0, 3.0, 2.0]]

first layer check: Conv2d(6, 64, kernel_size=(7, 7), stride=(2, 2), padding=(3, 3), bias=False)

for model 3: mode acc: 0.7142857313156128, run mean acc: 0.6904166340827942, top-2 acc:0.8779165744781494, mode f1: 0.7142857313156128

model 3 mode preds
[1.0, 3.0, 3.0, 1.0, 1.0, 3.0, 1.0, 1.0, 1.0, 1.0, 1.0, 1.0, 2.0, 1.0, 1.0, 1.0, 1.0, 1.0, 3.0, 1.0, 3.0, 1.0, 2.0, 3.0, 2.0, 1.0, 3.0, 3.0, 1.0, 1.0, 1.0, 2.0, 3.0, 3.0, 1.0, 3.0, 1.0, 1.0, 2.0, 2.0, 3.0, 1.0]

model 3 all preds
[[1.0, 3.0, 3.0, 1.0, 1.0, 3.0, 1.0, 1.0, 1.0, 1.0, 1.0, 1.0, 2.0, 1.0, 1.0, 1.0, 1.0, 1.0, 3.0, 1.0, 3.0, 1.0, 2.0, 3.0, 2.0, 1.0, 3.0, 3.0, 1.0, 1.0, 1.0, 2.0, 3.0, 3.0, 1.0, 3.0, 1.0, 1.0, 2.0, 2.0, 3.0, 1.0], [1.0, 3.0, 3.0, 1.0, 1.0, 3.0, 1.0, 1.0, 1.0, 1.0, 1.0, 1.0, 3.0, 1.0, 1.0, 1.0, 1.0, 0.0, 3.0, 1.0, 3.0, 1.0, 2.0, 3.0, 3.0, 1.0, 3.0, 3.0, 1.0, 1.0, 1.0, 2.0, 3.0, 3.0, 1.0, 3.0, 1.0, 1.0, 1.0, 2.0, 3.0, 1.0], [1.0, 3.0, 3.0, 1.0, 1.0, 3.0, 1.0, 2.0, 1.0, 1.0, 1.0, 1.0, 1.0, 1.0, 1.0, 1.0, 0.0, 1.0, 3.0, 1.0, 3.0, 1.0, 2.0, 3.0, 2.0, 1.0, 3.0, 3.0, 1.0, 1.0, 1.0, 2.0, 3.0, 3.0, 1.0, 3.0, 1.0, 1.0, 2.0, 2.0, 3.0, 1.0], [1.0, 3.0, 3.0, 1.0, 1.0, 3.0, 1.0, 1.0, 1.0, 1.0, 1.0, 1.0, 2.0, 1.0, 1.0, 1.0, 0.0, 1.0, 3.0, 1.0, 3.0, 1.0, 2.0, 3.0, 2.0, 1.0, 3.0, 3.0, 1.0, 1.0, 1.0, 3.0, 3.0, 1.0, 1.0, 3.0, 1.0, 1.0, 2.0, 1.0, 3.0, 2.0], [1.0, 3.0, 3.0, 1.0, 1.0, 3.0, 1.0, 1.0, 1.0, 1.0, 2.0, 1.0, 2.0, 1.0, 1.0, 1.0, 1.0, 1.0, 3.0, 1.0, 3.0, 1.0, 2.0, 3.0, 2.0, 1.0, 3.0, 3.0, 1.0, 1.0, 1.0, 3.0, 3.0, 2.0, 1.0, 3.0, 1.0, 1.0, 2.0, 1.0, 2.0, 1.0], [1.0, 3.0, 3.0, 1.0, 1.0, 3.0, 1.0, 1.0, 1.0, 1.0, 1.0, 1.0, 1.0, 1.0, 1.0, 1.0, 1.0, 1.0, 3.0, 1.0, 3.0, 1.0, 1.0, 3.0, 3.0, 1.0, 3.0, 3.0, 1.0, 1.0, 1.0, 3.0, 3.0, 3.0, 1.0, 3.0, 1.0, 1.0, 1.0, 2.0, 3.0, 1.0], [1.0, 3.0, 3.0, 1.0, 1.0, 3.0, 1.0, 1.0, 1.0, 1.0, 2.0, 1.0, 2.0, 1.0, 1.0, 1.0, 1.0, 1.0, 3.0, 1.0, 3.0, 1.0, 2.0, 3.0, 3.0, 1.0, 3.0, 3.0, 1.0, 1.0, 1.0, 2.0, 3.0, 3.0, 1.0, 3.0, 1.0, 1.0, 2.0, 2.0, 3.0, 1.0], [1.0, 3.0, 3.0, 1.0, 1.0, 3.0, 1.0, 2.0, 1.0, 1.0, 2.0, 1.0, 2.0, 1.0, 1.0, 1.0, 1.0, 1.0, 3.0, 1.0, 3.0, 1.0, 1.0, 3.0, 2.0, 1.0, 3.0, 3.0, 1.0, 1.0, 1.0, 2.0, 3.0, 3.0, 1.0, 3.0, 1.0, 1.0, 2.0, 2.0, 3.0, 2.0], [1.0, 3.0, 3.0, 1.0, 1.0, 3.0, 1.0, 1.0, 1.0, 1.0, 1.0, 1.0, 2.0, 1.0, 1.0, 1.0, 1.0, 1.0, 3.0, 1.0, 3.0, 1.0, 2.0, 3.0, 2.0, 1.0, 3.0, 3.0, 1.0, 1.0, 1.0, 2.0, 3.0, 3.0, 1.0, 3.0, 1.0, 1.0, 2.0, 1.0, 2.0, 2.0], [1.0, 3.0, 3.0, 1.0, 1.0, 3.0, 1.0, 2.0, 1.0, 1.0, 1.0, 1.0, 2.0, 1.0, 1.0, 1.0, 1.0, 1.0, 3.0, 1.0, 3.0, 1.0, 2.0, 3.0, 3.0, 1.0, 3.0, 3.0, 1.0, 1.0, 1.0, 2.0, 3.0, 3.0, 1.0, 2.0, 1.0, 1.0, 2.0, 2.0, 3.0, 2.0], [1.0, 3.0, 3.0, 1.0, 1.0, 3.0, 1.0, 1.0, 1.0, 1.0, 2.0, 1.0, 1.0, 1.0, 1.0, 1.0, 1.0, 1.0, 3.0, 1.0, 3.0, 1.0, 1.0, 3.0, 2.0, 1.0, 3.0, 3.0, 1.0, 1.0, 1.0, 2.0, 3.0, 3.0, 1.0, 3.0, 1.0, 1.0, 2.0, 2.0, 3.0, 1.0], [1.0, 3.0, 3.0, 1.0, 1.0, 3.0, 1.0, 1.0, 1.0, 1.0, 1.0, 1.0, 1.0, 1.0, 1.0, 1.0, 1.0, 0.0, 3.0, 1.0, 3.0, 1.0, 2.0, 3.0, 3.0, 1.0, 3.0, 3.0, 1.0, 1.0, 1.0, 2.0, 3.0, 3.0, 1.0, 1.0, 1.0, 1.0, 1.0, 2.0, 3.0, 1.0], [1.0, 3.0, 3.0, 1.0, 1.0, 3.0, 1.0, 2.0, 1.0, 1.0, 1.0, 1.0, 2.0, 1.0, 1.0, 1.0, 1.0, 1.0, 3.0, 1.0, 3.0, 1.0, 1.0, 3.0, 2.0, 1.0, 3.0, 3.0, 1.0, 1.0, 1.0, 1.0, 3.0, 1.0, 1.0, 3.0, 1.0, 1.0, 2.0, 2.0, 3.0, 1.0], [1.0, 3.0, 3.0, 1.0, 1.0, 3.0, 1.0, 2.0, 1.0, 1.0, 1.0, 1.0, 2.0, 0.0, 1.0, 1.0, 1.0, 1.0, 3.0, 1.0, 3.0, 1.0, 1.0, 3.0, 2.0, 1.0, 3.0, 3.0, 1.0, 1.0, 1.0, 1.0, 3.0, 3.0, 1.0, 3.0, 1.0, 1.0, 1.0, 2.0, 3.0, 1.0], [1.0, 3.0, 3.0, 1.0, 1.0, 3.0, 1.0, 1.0, 1.0, 1.0, 1.0, 1.0, 2.0, 1.0, 1.0, 1.0, 1.0, 1.0, 3.0, 1.0, 3.0, 1.0, 2.0, 3.0, 3.0, 1.0, 3.0, 3.0, 1.0, 1.0, 1.0, 3.0, 3.0, 3.0, 1.0, 3.0, 1.0, 1.0, 1.0, 1.0, 3.0, 1.0], [1.0, 3.0, 3.0, 1.0, 1.0, 3.0, 1.0, 1.0, 1.0, 1.0, 1.0, 1.0, 2.0, 1.0, 1.0, 1.0, 1.0, 1.0, 3.0, 1.0, 3.0, 1.0, 1.0, 3.0, 3.0, 1.0, 3.0, 3.0, 1.0, 1.0, 1.0, 2.0, 3.0, 3.0, 1.0, 3.0, 1.0, 1.0, 2.0, 2.0, 3.0, 1.0], [1.0, 3.0, 3.0, 1.0, 1.0, 3.0, 1.0, 1.0, 1.0, 1.0, 1.0, 1.0, 2.0, 1.0, 1.0, 1.0, 1.0, 1.0, 3.0, 1.0, 3.0, 1.0, 1.0, 3.0, 2.0, 1.0, 3.0, 3.0, 1.0, 1.0, 1.0, 1.0, 3.0, 3.0, 1.0, 3.0, 1.0, 1.0, 2.0, 1.0, 3.0, 1.0], [1.0, 3.0, 2.0, 1.0, 1.0, 3.0, 1.0, 1.0, 1.0, 1.0, 2.0, 1.0, 1.0, 1.0, 1.0, 1.0, 1.0, 1.0, 3.0, 1.0, 3.0, 1.0, 1.0, 3.0, 2.0, 1.0, 3.0, 3.0, 1.0, 1.0, 1.0, 2.0, 3.0, 3.0, 1.0, 3.0, 1.0, 1.0, 1.0, 1.0, 2.0, 2.0], [1.0, 3.0, 3.0, 1.0, 1.0, 3.0, 1.0, 1.0, 1.0, 1.0, 1.0, 1.0, 3.0, 1.0, 1.0, 1.0, 1.0, 1.0, 3.0, 1.0, 3.0, 1.0, 2.0, 3.0, 2.0, 1.0, 3.0, 3.0, 1.0, 1.0, 1.0, 2.0, 3.0, 3.0, 1.0, 3.0, 1.0, 1.0, 2.0, 2.0, 2.0, 2.0], [1.0, 3.0, 3.0, 1.0, 1.0, 3.0, 1.0, 1.0, 1.0, 1.0, 2.0, 1.0, 2.0, 1.0, 1.0, 1.0, 1.0, 1.0, 1.0, 1.0, 3.0, 1.0, 2.0, 3.0, 2.0, 1.0, 3.0, 3.0, 1.0, 1.0, 1.0, 3.0, 3.0, 3.0, 1.0, 3.0, 1.0, 1.0, 1.0, 2.0, 2.0, 2.0], [1.0, 3.0, 3.0, 1.0, 1.0, 3.0, 1.0, 1.0, 1.0, 1.0, 1.0, 1.0, 1.0, 1.0, 1.0, 1.0, 1.0, 1.0, 3.0, 1.0, 3.0, 1.0, 2.0, 3.0, 3.0, 1.0, 3.0, 3.0, 1.0, 1.0, 1.0, 2.0, 3.0, 3.0, 1.0, 3.0, 1.0, 1.0, 2.0, 2.0, 3.0, 1.0], [1.0, 3.0, 3.0, 1.0, 1.0, 3.0, 1.0, 1.0, 1.0, 1.0, 1.0, 1.0, 2.0, 1.0, 1.0, 1.0, 1.0, 1.0, 3.0, 1.0, 3.0, 1.0, 2.0, 3.0, 3.0, 1.0, 3.0, 3.0, 1.0, 1.0, 1.0, 2.0, 3.0, 3.0, 1.0, 3.0, 1.0, 1.0, 2.0, 2.0, 3.0, 1.0], [1.0, 3.0, 3.0, 1.0, 1.0, 3.0, 1.0, 2.0, 1.0, 0.0, 1.0, 1.0, 2.0, 1.0, 1.0, 1.0, 0.0, 1.0, 3.0, 1.0, 3.0, 1.0, 2.0, 3.0, 2.0, 1.0, 3.0, 1.0, 1.0, 1.0, 1.0, 2.0, 3.0, 3.0, 1.0, 3.0, 1.0, 1.0, 2.0, 2.0, 3.0, 2.0], [1.0, 3.0, 3.0, 1.0, 1.0, 3.0, 1.0, 2.0, 1.0, 1.0, 1.0, 1.0, 2.0, 1.0, 1.0, 1.0, 1.0, 1.0, 3.0, 1.0, 3.0, 1.0, 1.0, 3.0, 2.0, 1.0, 3.0, 3.0, 1.0, 1.0, 1.0, 2.0, 3.0, 3.0, 1.0, 3.0, 1.0, 1.0, 2.0, 1.0, 3.0, 2.0], [0.0, 3.0, 3.0, 1.0, 1.0, 3.0, 1.0, 2.0, 1.0, 1.0, 1.0, 1.0, 2.0, 1.0, 1.0, 1.0, 1.0, 1.0, 3.0, 1.0, 3.0, 1.0, 2.0, 3.0, 2.0, 1.0, 3.0, 3.0, 1.0, 1.0, 1.0, 3.0, 3.0, 3.0, 1.0, 3.0, 1.0, 1.0, 2.0, 2.0, 2.0, 2.0], [1.0, 3.0, 3.0, 1.0, 1.0, 3.0, 1.0, 1.0, 1.0, 1.0, 1.0, 1.0, 1.0, 1.0, 1.0, 1.0, 1.0, 1.0, 3.0, 1.0, 3.0, 1.0, 2.0, 3.0, 2.0, 1.0, 3.0, 3.0, 1.0, 1.0, 1.0, 2.0, 3.0, 3.0, 1.0, 3.0, 1.0, 1.0, 2.0, 1.0, 2.0, 2.0], [1.0, 3.0, 3.0, 1.0, 1.0, 3.0, 1.0, 1.0, 1.0, 1.0, 1.0, 1.0, 2.0, 1.0, 1.0, 1.0, 1.0, 1.0, 3.0, 1.0, 3.0, 1.0, 2.0, 3.0, 3.0, 1.0, 3.0, 3.0, 1.0, 1.0, 1.0, 2.0, 3.0, 3.0, 1.0, 3.0, 1.0, 1.0, 2.0, 2.0, 3.0, 1.0], [1.0, 3.0, 3.0, 1.0, 1.0, 3.0, 1.0, 1.0, 1.0, 1.0, 1.0, 1.0, 3.0, 1.0, 1.0, 1.0, 1.0, 1.0, 3.0, 1.0, 3.0, 1.0, 1.0, 3.0, 2.0, 1.0, 3.0, 3.0, 1.0, 1.0, 1.0, 2.0, 3.0, 3.0, 1.0, 3.0, 1.0, 1.0, 1.0, 2.0, 3.0, 2.0], [1.0, 3.0, 3.0, 1.0, 1.0, 3.0, 1.0, 2.0, 1.0, 1.0, 1.0, 1.0, 2.0, 1.0, 1.0, 1.0, 1.0, 1.0, 3.0, 1.0, 3.0, 1.0, 2.0, 3.0, 2.0, 1.0, 3.0, 3.0, 1.0, 1.0, 1.0, 3.0, 3.0, 3.0, 1.0, 3.0, 1.0, 1.0, 2.0, 1.0, 3.0, 2.0], [0.0, 3.0, 2.0, 1.0, 1.0, 3.0, 1.0, 1.0, 1.0, 1.0, 1.0, 1.0, 2.0, 1.0, 1.0, 1.0, 1.0, 1.0, 3.0, 1.0, 3.0, 1.0, 2.0, 3.0, 3.0, 1.0, 3.0, 3.0, 1.0, 1.0, 1.0, 3.0, 3.0, 3.0, 1.0, 3.0, 1.0, 1.0, 2.0, 2.0, 2.0, 1.0], [1.0, 3.0, 3.0, 1.0, 1.0, 3.0, 1.0, 1.0, 1.0, 1.0, 1.0, 1.0, 2.0, 1.0, 1.0, 1.0, 0.0, 1.0, 3.0, 1.0, 3.0, 1.0, 2.0, 3.0, 2.0, 1.0, 3.0, 3.0, 1.0, 1.0, 1.0, 2.0, 3.0, 3.0, 1.0, 3.0, 1.0, 1.0, 2.0, 1.0, 3.0, 1.0], [1.0, 3.0, 2.0, 1.0, 1.0, 3.0, 1.0, 1.0, 1.0, 1.0, 1.0, 1.0, 2.0, 1.0, 1.0, 1.0, 1.0, 1.0, 3.0, 1.0, 3.0, 1.0, 2.0, 3.0, 2.0, 1.0, 3.0, 3.0, 1.0, 1.0, 1.0, 3.0, 3.0, 3.0, 1.0, 3.0, 1.0, 1.0, 2.0, 2.0, 3.0, 2.0], [1.0, 3.0, 3.0, 1.0, 1.0, 3.0, 1.0, 1.0, 1.0, 1.0, 1.0, 1.0, 2.0, 1.0, 1.0, 1.0, 1.0, 1.0, 3.0, 1.0, 3.0, 1.0, 1.0, 3.0, 2.0, 1.0, 3.0, 3.0, 1.0, 1.0, 1.0, 3.0, 3.0, 3.0, 1.0, 3.0, 1.0, 1.0, 2.0, 2.0, 2.0, 1.0], [0.0, 3.0, 3.0, 1.0, 1.0, 3.0, 1.0, 1.0, 1.0, 1.0, 1.0, 1.0, 2.0, 1.0, 1.0, 1.0, 1.0, 0.0, 3.0, 1.0, 3.0, 1.0, 2.0, 3.0, 1.0, 1.0, 3.0, 3.0, 1.0, 1.0, 1.0, 1.0, 3.0, 3.0, 1.0, 3.0, 1.0, 1.0, 1.0, 2.0, 2.0, 1.0], [1.0, 3.0, 3.0, 1.0, 1.0, 3.0, 1.0, 2.0, 1.0, 1.0, 1.0, 1.0, 2.0, 1.0, 1.0, 1.0, 1.0, 1.0, 3.0, 1.0, 3.0, 1.0, 1.0, 3.0, 2.0, 1.0, 3.0, 3.0, 1.0, 1.0, 1.0, 2.0, 3.0, 3.0, 1.0, 3.0, 1.0, 1.0, 2.0, 1.0, 3.0, 1.0], [1.0, 3.0, 3.0, 1.0, 1.0, 3.0, 1.0, 1.0, 1.0, 0.0, 1.0, 1.0, 1.0, 1.0, 1.0, 1.0, 1.0, 1.0, 3.0, 1.0, 3.0, 1.0, 2.0, 3.0, 3.0, 1.0, 3.0, 3.0, 1.0, 1.0, 1.0, 2.0, 3.0, 3.0, 1.0, 3.0, 1.0, 1.0, 2.0, 2.0, 3.0, 2.0], [1.0, 3.0, 3.0, 1.0, 1.0, 3.0, 1.0, 1.0, 1.0, 1.0, 1.0, 1.0, 1.0, 1.0, 1.0, 1.0, 1.0, 1.0, 3.0, 1.0, 3.0, 1.0, 2.0, 3.0, 2.0, 1.0, 3.0, 3.0, 1.0, 1.0, 1.0, 2.0, 3.0, 3.0, 1.0, 1.0, 1.0, 1.0, 2.0, 1.0, 2.0, 1.0], [1.0, 3.0, 3.0, 1.0, 1.0, 3.0, 1.0, 2.0, 1.0, 1.0, 1.0, 1.0, 2.0, 1.0, 1.0, 1.0, 1.0, 1.0, 3.0, 1.0, 3.0, 1.0, 1.0, 3.0, 3.0, 1.0, 3.0, 3.0, 1.0, 1.0, 1.0, 3.0, 3.0, 3.0, 1.0, 3.0, 1.0, 1.0, 1.0, 2.0, 3.0, 1.0], [1.0, 3.0, 3.0, 1.0, 1.0, 3.0, 1.0, 1.0, 1.0, 1.0, 1.0, 1.0, 2.0, 1.0, 1.0, 1.0, 1.0, 1.0, 3.0, 1.0, 3.0, 1.0, 1.0, 2.0, 2.0, 1.0, 3.0, 3.0, 1.0, 1.0, 1.0, 2.0, 3.0, 3.0, 1.0, 3.0, 1.0, 1.0, 2.0, 2.0, 3.0, 1.0], [1.0, 3.0, 3.0, 1.0, 1.0, 3.0, 1.0, 1.0, 1.0, 1.0, 1.0, 1.0, 2.0, 1.0, 1.0, 1.0, 1.0, 1.0, 3.0, 1.0, 3.0, 1.0, 2.0, 3.0, 2.0, 1.0, 3.0, 3.0, 1.0, 1.0, 1.0, 2.0, 3.0, 3.0, 1.0, 3.0, 1.0, 1.0, 2.0, 2.0, 2.0, 2.0], [1.0, 3.0, 3.0, 1.0, 1.0, 3.0, 1.0, 1.0, 1.0, 1.0, 1.0, 1.0, 2.0, 1.0, 1.0, 1.0, 1.0, 1.0, 3.0, 1.0, 3.0, 1.0, 1.0, 3.0, 2.0, 1.0, 3.0, 3.0, 1.0, 1.0, 1.0, 2.0, 3.0, 3.0, 1.0, 3.0, 1.0, 1.0, 2.0, 2.0, 1.0, 1.0], [1.0, 3.0, 3.0, 1.0, 1.0, 3.0, 1.0, 1.0, 1.0, 1.0, 1.0, 1.0, 2.0, 1.0, 1.0, 1.0, 1.0, 1.0, 3.0, 1.0, 3.0, 1.0, 3.0, 3.0, 2.0, 1.0, 3.0, 3.0, 1.0, 1.0, 1.0, 2.0, 3.0, 3.0, 1.0, 3.0, 1.0, 1.0, 1.0, 2.0, 3.0, 1.0], [1.0, 3.0, 3.0, 1.0, 1.0, 3.0, 1.0, 1.0, 1.0, 1.0, 2.0, 1.0, 3.0, 1.0, 1.0, 1.0, 1.0, 1.0, 3.0, 1.0, 3.0, 1.0, 1.0, 3.0, 3.0, 1.0, 3.0, 3.0, 1.0, 1.0, 1.0, 2.0, 3.0, 3.0, 1.0, 3.0, 1.0, 1.0, 2.0, 2.0, 3.0, 2.0], [0.0, 3.0, 3.0, 1.0, 1.0, 3.0, 1.0, 1.0, 1.0, 1.0, 1.0, 1.0, 3.0, 1.0, 1.0, 1.0, 1.0, 1.0, 3.0, 1.0, 3.0, 1.0, 2.0, 3.0, 2.0, 1.0, 3.0, 3.0, 1.0, 1.0, 1.0, 3.0, 3.0, 3.0, 1.0, 3.0, 1.0, 1.0, 2.0, 1.0, 2.0, 1.0], [1.0, 3.0, 3.0, 1.0, 1.0, 3.0, 1.0, 1.0, 1.0, 1.0, 1.0, 1.0, 2.0, 1.0, 1.0, 1.0, 1.0, 1.0, 2.0, 1.0, 3.0, 1.0, 2.0, 3.0, 2.0, 1.0, 3.0, 3.0, 1.0, 1.0, 1.0, 2.0, 3.0, 3.0, 1.0, 3.0, 1.0, 1.0, 2.0, 2.0, 3.0, 2.0], [1.0, 3.0, 2.0, 1.0, 1.0, 3.0, 1.0, 1.0, 1.0, 1.0, 1.0, 1.0, 2.0, 1.0, 1.0, 1.0, 1.0, 0.0, 3.0, 1.0, 3.0, 1.0, 2.0, 3.0, 2.0, 1.0, 3.0, 3.0, 1.0, 1.0, 1.0, 2.0, 3.0, 3.0, 1.0, 3.0, 1.0, 1.0, 2.0, 2.0, 2.0, 2.0], [1.0, 3.0, 3.0, 1.0, 1.0, 3.0, 1.0, 2.0, 1.0, 1.0, 1.0, 1.0, 2.0, 1.0, 1.0, 1.0, 1.0, 1.0, 3.0, 1.0, 3.0, 1.0, 2.0, 3.0, 2.0, 1.0, 3.0, 3.0, 1.0, 1.0, 1.0, 2.0, 3.0, 3.0, 1.0, 3.0, 1.0, 1.0, 1.0, 1.0, 3.0, 1.0], [0.0, 3.0, 3.0, 1.0, 1.0, 3.0, 1.0, 1.0, 1.0, 1.0, 1.0, 1.0, 2.0, 1.0, 1.0, 1.0, 1.0, 0.0, 3.0, 1.0, 3.0, 1.0, 2.0, 3.0, 3.0, 1.0, 3.0, 3.0, 1.0, 1.0, 1.0, 3.0, 3.0, 3.0, 1.0, 3.0, 1.0, 1.0, 2.0, 1.0, 3.0, 2.0], [1.0, 3.0, 3.0, 1.0, 1.0, 3.0, 1.0, 2.0, 1.0, 1.0, 1.0, 1.0, 2.0, 1.0, 1.0, 1.0, 1.0, 0.0, 3.0, 1.0, 3.0, 1.0, 1.0, 3.0, 2.0, 1.0, 3.0, 3.0, 1.0, 1.0, 1.0, 2.0, 3.0, 3.0, 1.0, 3.0, 1.0, 1.0, 2.0, 2.0, 2.0, 2.0], [1.0, 3.0, 3.0, 1.0, 1.0, 3.0, 1.0, 1.0, 1.0, 1.0, 1.0, 1.0, 3.0, 1.0, 1.0, 1.0, 1.0, 1.0, 3.0, 1.0, 3.0, 1.0, 1.0, 3.0, 2.0, 1.0, 3.0, 3.0, 1.0, 1.0, 1.0, 2.0, 3.0, 3.0, 1.0, 1.0, 1.0, 1.0, 2.0, 2.0, 2.0, 1.0]]

first layer check: Conv2d(6, 64, kernel_size=(7, 7), stride=(2, 2), padding=(3, 3), bias=False)

for model 4: mode acc: 0.5952380895614624, run mean acc: 0.6041666269302368, top-2 acc:0.8770833611488342, mode f1: 0.5952380895614624

model 4 mode preds
[0.0, 3.0, 3.0, 1.0, 0.0, 3.0, 1.0, 2.0, 1.0, 0.0, 1.0, 0.0, 2.0, 0.0, 1.0, 1.0, 1.0, 0.0, 3.0, 0.0, 3.0, 1.0, 2.0, 3.0, 2.0, 0.0, 3.0, 3.0, 1.0, 1.0, 0.0, 2.0, 3.0, 3.0, 1.0, 3.0, 1.0, 1.0, 2.0, 2.0, 2.0, 2.0]

model 4 all preds
[[0.0, 3.0, 3.0, 1.0, 0.0, 3.0, 1.0, 2.0, 1.0, 0.0, 1.0, 0.0, 2.0, 0.0, 1.0, 1.0, 1.0, 0.0, 3.0, 0.0, 3.0, 1.0, 2.0, 3.0, 3.0, 0.0, 3.0, 3.0, 0.0, 1.0, 1.0, 2.0, 3.0, 2.0, 1.0, 3.0, 1.0, 1.0, 1.0, 2.0, 3.0, 2.0], [0.0, 3.0, 3.0, 1.0, 0.0, 3.0, 1.0, 2.0, 0.0, 0.0, 1.0, 0.0, 3.0, 0.0, 1.0, 1.0, 1.0, 0.0, 3.0, 0.0, 3.0, 1.0, 2.0, 3.0, 3.0, 0.0, 3.0, 3.0, 1.0, 1.0, 0.0, 3.0, 3.0, 3.0, 0.0, 3.0, 1.0, 1.0, 2.0, 1.0, 2.0, 1.0], [0.0, 3.0, 3.0, 1.0, 0.0, 3.0, 1.0, 2.0, 0.0, 0.0, 1.0, 0.0, 3.0, 0.0, 1.0, 1.0, 1.0, 1.0, 3.0, 0.0, 3.0, 1.0, 2.0, 3.0, 2.0, 0.0, 3.0, 3.0, 1.0, 1.0, 0.0, 2.0, 3.0, 3.0, 1.0, 3.0, 1.0, 1.0, 2.0, 0.0, 2.0, 2.0], [0.0, 3.0, 3.0, 1.0, 0.0, 3.0, 1.0, 2.0, 0.0, 0.0, 1.0, 0.0, 2.0, 0.0, 1.0, 1.0, 1.0, 0.0, 3.0, 0.0, 3.0, 0.0, 2.0, 3.0, 3.0, 0.0, 3.0, 3.0, 1.0, 1.0, 1.0, 2.0, 3.0, 3.0, 0.0, 3.0, 1.0, 1.0, 2.0, 2.0, 3.0, 2.0], [0.0, 3.0, 3.0, 1.0, 0.0, 3.0, 1.0, 2.0, 0.0, 0.0, 1.0, 0.0, 2.0, 0.0, 1.0, 1.0, 1.0, 1.0, 3.0, 0.0, 3.0, 1.0, 1.0, 3.0, 2.0, 0.0, 3.0, 3.0, 1.0, 1.0, 1.0, 2.0, 3.0, 2.0, 1.0, 3.0, 1.0, 1.0, 2.0, 2.0, 2.0, 2.0], [0.0, 3.0, 3.0, 1.0, 0.0, 3.0, 1.0, 2.0, 1.0, 0.0, 2.0, 0.0, 2.0, 0.0, 1.0, 1.0, 1.0, 0.0, 3.0, 0.0, 3.0, 1.0, 2.0, 3.0, 2.0, 1.0, 3.0, 3.0, 1.0, 1.0, 0.0, 3.0, 3.0, 3.0, 1.0, 3.0, 1.0, 1.0, 2.0, 2.0, 2.0, 2.0], [1.0, 3.0, 2.0, 1.0, 1.0, 3.0, 1.0, 3.0, 1.0, 0.0, 1.0, 0.0, 2.0, 0.0, 1.0, 0.0, 1.0, 0.0, 3.0, 0.0, 3.0, 1.0, 1.0, 3.0, 2.0, 0.0, 3.0, 3.0, 0.0, 1.0, 0.0, 3.0, 3.0, 3.0, 0.0, 3.0, 1.0, 1.0, 2.0, 0.0, 3.0, 2.0], [0.0, 3.0, 3.0, 1.0, 0.0, 3.0, 1.0, 2.0, 0.0, 0.0, 1.0, 0.0, 2.0, 0.0, 1.0, 1.0, 1.0, 0.0, 3.0, 0.0, 3.0, 0.0, 2.0, 3.0, 3.0, 0.0, 3.0, 3.0, 0.0, 1.0, 0.0, 2.0, 3.0, 3.0, 1.0, 2.0, 1.0, 1.0, 2.0, 2.0, 3.0, 2.0], [0.0, 3.0, 3.0, 1.0, 1.0, 3.0, 1.0, 2.0, 1.0, 0.0, 2.0, 0.0, 3.0, 0.0, 1.0, 1.0, 1.0, 1.0, 3.0, 0.0, 3.0, 1.0, 2.0, 3.0, 3.0, 1.0, 3.0, 3.0, 1.0, 1.0, 1.0, 3.0, 3.0, 3.0, 1.0, 2.0, 1.0, 1.0, 2.0, 2.0, 2.0, 2.0], [0.0, 3.0, 3.0, 1.0, 0.0, 3.0, 1.0, 2.0, 0.0, 0.0, 1.0, 0.0, 2.0, 0.0, 1.0, 1.0, 1.0, 0.0, 3.0, 0.0, 3.0, 0.0, 2.0, 2.0, 3.0, 1.0, 3.0, 3.0, 0.0, 1.0, 0.0, 2.0, 3.0, 3.0, 1.0, 3.0, 1.0, 1.0, 2.0, 2.0, 2.0, 2.0], [1.0, 3.0, 3.0, 1.0, 0.0, 3.0, 1.0, 2.0, 1.0, 1.0, 1.0, 0.0, 2.0, 0.0, 1.0, 1.0, 1.0, 1.0, 3.0, 0.0, 3.0, 1.0, 1.0, 3.0, 2.0, 1.0, 3.0, 3.0, 0.0, 1.0, 0.0, 2.0, 3.0, 3.0, 1.0, 3.0, 1.0, 1.0, 2.0, 2.0, 3.0, 2.0], [0.0, 3.0, 3.0, 1.0, 0.0, 3.0, 1.0, 2.0, 0.0, 0.0, 1.0, 0.0, 2.0, 0.0, 1.0, 1.0, 1.0, 1.0, 3.0, 0.0, 3.0, 0.0, 2.0, 3.0, 2.0, 1.0, 3.0, 3.0, 1.0, 1.0, 0.0, 2.0, 3.0, 3.0, 1.0, 3.0, 1.0, 1.0, 2.0, 2.0, 2.0, 1.0], [1.0, 3.0, 2.0, 1.0, 0.0, 3.0, 1.0, 1.0, 0.0, 0.0, 2.0, 0.0, 2.0, 0.0, 1.0, 1.0, 1.0, 1.0, 3.0, 0.0, 3.0, 1.0, 1.0, 3.0, 3.0, 0.0, 3.0, 3.0, 0.0, 1.0, 0.0, 2.0, 3.0, 3.0, 1.0, 2.0, 1.0, 1.0, 2.0, 2.0, 3.0, 2.0], [1.0, 3.0, 3.0, 1.0, 0.0, 3.0, 1.0, 1.0, 1.0, 0.0, 1.0, 0.0, 3.0, 0.0, 1.0, 1.0, 1.0, 1.0, 3.0, 0.0, 3.0, 1.0, 2.0, 3.0, 2.0, 1.0, 3.0, 3.0, 1.0, 1.0, 0.0, 2.0, 3.0, 3.0, 1.0, 3.0, 1.0, 1.0, 2.0, 1.0, 3.0, 2.0], [1.0, 3.0, 3.0, 1.0, 0.0, 3.0, 1.0, 2.0, 1.0, 0.0, 1.0, 0.0, 3.0, 0.0, 1.0, 1.0, 1.0, 1.0, 3.0, 0.0, 3.0, 1.0, 2.0, 3.0, 3.0, 0.0, 3.0, 3.0, 1.0, 1.0, 0.0, 2.0, 3.0, 3.0, 1.0, 3.0, 1.0, 1.0, 2.0, 1.0, 2.0, 2.0], [0.0, 3.0, 2.0, 1.0, 0.0, 3.0, 1.0, 2.0, 1.0, 0.0, 1.0, 0.0, 2.0, 0.0, 1.0, 1.0, 1.0, 0.0, 3.0, 0.0, 3.0, 1.0, 2.0, 3.0, 3.0, 0.0, 3.0, 3.0, 1.0, 1.0, 1.0, 2.0, 3.0, 2.0, 1.0, 3.0, 1.0, 1.0, 1.0, 2.0, 3.0, 2.0], [0.0, 3.0, 3.0, 1.0, 0.0, 3.0, 1.0, 2.0, 0.0, 0.0, 1.0, 0.0, 2.0, 0.0, 1.0, 1.0, 1.0, 0.0, 3.0, 0.0, 3.0, 1.0, 2.0, 3.0, 2.0, 1.0, 3.0, 3.0, 1.0, 1.0, 1.0, 3.0, 3.0, 3.0, 1.0, 3.0, 1.0, 1.0, 2.0, 2.0, 2.0, 2.0], [0.0, 3.0, 3.0, 1.0, 0.0, 3.0, 1.0, 2.0, 0.0, 0.0, 1.0, 0.0, 2.0, 0.0, 1.0, 1.0, 1.0, 0.0, 3.0, 0.0, 3.0, 0.0, 2.0, 3.0, 2.0, 1.0, 3.0, 3.0, 1.0, 1.0, 1.0, 2.0, 3.0, 3.0, 1.0, 3.0, 1.0, 1.0, 2.0, 2.0, 2.0, 1.0], [1.0, 3.0, 3.0, 1.0, 1.0, 3.0, 1.0, 2.0, 1.0, 0.0, 1.0, 0.0, 3.0, 0.0, 1.0, 1.0, 1.0, 0.0, 3.0, 0.0, 3.0, 1.0, 2.0, 3.0, 3.0, 0.0, 3.0, 3.0, 1.0, 1.0, 0.0, 2.0, 3.0, 3.0, 1.0, 2.0, 1.0, 1.0, 2.0, 1.0, 3.0, 2.0], [0.0, 3.0, 2.0, 1.0, 0.0, 3.0, 1.0, 2.0, 1.0, 0.0, 2.0, 0.0, 2.0, 0.0, 1.0, 1.0, 1.0, 0.0, 3.0, 0.0, 3.0, 1.0, 2.0, 3.0, 2.0, 0.0, 3.0, 3.0, 1.0, 1.0, 0.0, 2.0, 3.0, 3.0, 1.0, 3.0, 1.0, 1.0, 2.0, 2.0, 2.0, 2.0], [1.0, 3.0, 3.0, 1.0, 0.0, 3.0, 1.0, 3.0, 1.0, 0.0, 2.0, 0.0, 2.0, 0.0, 1.0, 1.0, 1.0, 1.0, 3.0, 0.0, 3.0, 1.0, 2.0, 3.0, 2.0, 0.0, 3.0, 3.0, 0.0, 1.0, 0.0, 2.0, 3.0, 2.0, 1.0, 3.0, 1.0, 1.0, 2.0, 2.0, 3.0, 2.0], [0.0, 3.0, 3.0, 1.0, 0.0, 3.0, 1.0, 2.0, 1.0, 0.0, 1.0, 0.0, 2.0, 0.0, 1.0, 1.0, 1.0, 0.0, 3.0, 0.0, 3.0, 1.0, 2.0, 3.0, 2.0, 0.0, 3.0, 3.0, 0.0, 1.0, 1.0, 3.0, 3.0, 3.0, 0.0, 3.0, 1.0, 1.0, 2.0, 1.0, 3.0, 2.0], [1.0, 3.0, 3.0, 1.0, 0.0, 3.0, 1.0, 1.0, 0.0, 0.0, 2.0, 0.0, 2.0, 0.0, 1.0, 1.0, 1.0, 0.0, 3.0, 0.0, 3.0, 1.0, 1.0, 3.0, 2.0, 1.0, 3.0, 3.0, 0.0, 1.0, 0.0, 2.0, 3.0, 3.0, 1.0, 3.0, 1.0, 1.0, 2.0, 2.0, 3.0, 2.0], [0.0, 3.0, 3.0, 1.0, 0.0, 3.0, 1.0, 2.0, 0.0, 0.0, 1.0, 0.0, 2.0, 0.0, 1.0, 1.0, 1.0, 0.0, 3.0, 0.0, 3.0, 1.0, 2.0, 3.0, 2.0, 1.0, 3.0, 3.0, 1.0, 1.0, 0.0, 2.0, 3.0, 3.0, 1.0, 3.0, 1.0, 1.0, 2.0, 2.0, 2.0, 2.0], [0.0, 3.0, 3.0, 1.0, 0.0, 3.0, 1.0, 2.0, 0.0, 0.0, 1.0, 0.0, 2.0, 0.0, 1.0, 1.0, 1.0, 0.0, 3.0, 0.0, 3.0, 1.0, 1.0, 3.0, 2.0, 1.0, 3.0, 3.0, 1.0, 1.0, 1.0, 3.0, 3.0, 3.0, 1.0, 3.0, 1.0, 1.0, 1.0, 0.0, 2.0, 2.0], [0.0, 3.0, 3.0, 1.0, 0.0, 3.0, 1.0, 2.0, 1.0, 0.0, 2.0, 0.0, 2.0, 0.0, 1.0, 1.0, 1.0, 0.0, 3.0, 0.0, 3.0, 1.0, 2.0, 3.0, 3.0, 1.0, 3.0, 1.0, 1.0, 1.0, 1.0, 2.0, 3.0, 3.0, 1.0, 3.0, 1.0, 1.0, 2.0, 2.0, 2.0, 2.0], [1.0, 3.0, 3.0, 1.0, 0.0, 3.0, 1.0, 2.0, 1.0, 0.0, 1.0, 0.0, 2.0, 0.0, 1.0, 0.0, 1.0, 0.0, 3.0, 0.0, 3.0, 1.0, 1.0, 3.0, 2.0, 1.0, 3.0, 3.0, 1.0, 1.0, 1.0, 3.0, 3.0, 3.0, 0.0, 3.0, 1.0, 1.0, 2.0, 0.0, 2.0, 2.0], [0.0, 3.0, 3.0, 1.0, 0.0, 3.0, 1.0, 2.0, 0.0, 0.0, 2.0, 0.0, 3.0, 0.0, 1.0, 1.0, 1.0, 1.0, 3.0, 0.0, 3.0, 0.0, 2.0, 3.0, 3.0, 1.0, 3.0, 3.0, 1.0, 1.0, 0.0, 3.0, 3.0, 2.0, 0.0, 2.0, 1.0, 1.0, 2.0, 0.0, 2.0, 2.0], [1.0, 3.0, 3.0, 1.0, 0.0, 3.0, 1.0, 2.0, 1.0, 0.0, 1.0, 0.0, 2.0, 0.0, 1.0, 1.0, 1.0, 1.0, 3.0, 0.0, 3.0, 0.0, 2.0, 3.0, 2.0, 1.0, 3.0, 3.0, 1.0, 1.0, 1.0, 2.0, 3.0, 3.0, 1.0, 3.0, 1.0, 1.0, 2.0, 1.0, 2.0, 2.0], [1.0, 3.0, 3.0, 1.0, 0.0, 3.0, 1.0, 2.0, 1.0, 0.0, 1.0, 0.0, 3.0, 0.0, 1.0, 1.0, 1.0, 1.0, 3.0, 0.0, 3.0, 1.0, 2.0, 3.0, 3.0, 1.0, 3.0, 3.0, 1.0, 1.0, 0.0, 2.0, 3.0, 3.0, 1.0, 3.0, 1.0, 1.0, 1.0, 2.0, 2.0, 2.0], [0.0, 3.0, 2.0, 1.0, 0.0, 3.0, 1.0, 2.0, 0.0, 0.0, 1.0, 0.0, 2.0, 0.0, 1.0, 1.0, 1.0, 0.0, 3.0, 0.0, 3.0, 0.0, 1.0, 3.0, 2.0, 0.0, 3.0, 3.0, 1.0, 1.0, 1.0, 2.0, 3.0, 3.0, 1.0, 3.0, 1.0, 1.0, 2.0, 0.0, 3.0, 1.0], [0.0, 3.0, 3.0, 1.0, 1.0, 3.0, 1.0, 1.0, 0.0, 0.0, 1.0, 0.0, 3.0, 0.0, 1.0, 1.0, 1.0, 0.0, 3.0, 0.0, 3.0, 0.0, 2.0, 3.0, 2.0, 0.0, 3.0, 3.0, 1.0, 1.0, 0.0, 2.0, 3.0, 3.0, 1.0, 3.0, 1.0, 1.0, 1.0, 1.0, 2.0, 2.0], [0.0, 3.0, 3.0, 1.0, 0.0, 3.0, 1.0, 2.0, 1.0, 0.0, 1.0, 0.0, 2.0, 0.0, 1.0, 1.0, 1.0, 0.0, 3.0, 0.0, 3.0, 1.0, 1.0, 3.0, 2.0, 0.0, 3.0, 3.0, 1.0, 1.0, 0.0, 3.0, 3.0, 3.0, 0.0, 2.0, 1.0, 1.0, 2.0, 2.0, 2.0, 2.0], [0.0, 3.0, 3.0, 1.0, 0.0, 3.0, 1.0, 2.0, 1.0, 0.0, 1.0, 0.0, 2.0, 0.0, 1.0, 0.0, 1.0, 1.0, 3.0, 0.0, 3.0, 1.0, 1.0, 3.0, 3.0, 1.0, 3.0, 3.0, 1.0, 1.0, 0.0, 3.0, 3.0, 3.0, 1.0, 3.0, 1.0, 1.0, 2.0, 2.0, 3.0, 2.0], [1.0, 3.0, 3.0, 1.0, 0.0, 3.0, 1.0, 2.0, 0.0, 0.0, 1.0, 0.0, 2.0, 0.0, 1.0, 1.0, 1.0, 1.0, 3.0, 0.0, 3.0, 1.0, 2.0, 3.0, 2.0, 0.0, 3.0, 3.0, 1.0, 1.0, 1.0, 2.0, 3.0, 3.0, 1.0, 3.0, 1.0, 1.0, 2.0, 1.0, 3.0, 2.0], [0.0, 3.0, 3.0, 1.0, 0.0, 3.0, 1.0, 2.0, 1.0, 1.0, 1.0, 0.0, 2.0, 0.0, 1.0, 1.0, 1.0, 0.0, 3.0, 0.0, 3.0, 0.0, 2.0, 3.0, 3.0, 0.0, 3.0, 3.0, 0.0, 1.0, 0.0, 3.0, 3.0, 3.0, 1.0, 3.0, 1.0, 1.0, 2.0, 2.0, 2.0, 2.0], [0.0, 3.0, 3.0, 1.0, 0.0, 3.0, 1.0, 2.0, 1.0, 0.0, 1.0, 0.0, 2.0, 0.0, 1.0, 0.0, 1.0, 1.0, 3.0, 0.0, 3.0, 1.0, 2.0, 3.0, 3.0, 0.0, 3.0, 3.0, 1.0, 1.0, 0.0, 2.0, 3.0, 3.0, 1.0, 3.0, 1.0, 1.0, 1.0, 0.0, 3.0, 2.0], [0.0, 3.0, 3.0, 1.0, 0.0, 3.0, 1.0, 1.0, 1.0, 0.0, 1.0, 0.0, 2.0, 0.0, 1.0, 1.0, 1.0, 0.0, 3.0, 0.0, 3.0, 1.0, 1.0, 3.0, 2.0, 0.0, 3.0, 3.0, 1.0, 1.0, 0.0, 2.0, 3.0, 3.0, 1.0, 3.0, 1.0, 1.0, 2.0, 2.0, 2.0, 2.0], [0.0, 3.0, 3.0, 1.0, 1.0, 3.0, 1.0, 2.0, 0.0, 0.0, 1.0, 0.0, 2.0, 0.0, 1.0, 1.0, 1.0, 1.0, 3.0, 0.0, 3.0, 0.0, 2.0, 3.0, 2.0, 0.0, 3.0, 3.0, 1.0, 1.0, 0.0, 2.0, 3.0, 3.0, 1.0, 3.0, 1.0, 1.0, 2.0, 0.0, 3.0, 2.0], [0.0, 3.0, 3.0, 1.0, 1.0, 3.0, 1.0, 2.0, 0.0, 0.0, 2.0, 0.0, 3.0, 0.0, 1.0, 1.0, 1.0, 0.0, 3.0, 0.0, 3.0, 0.0, 2.0, 3.0, 2.0, 0.0, 3.0, 3.0, 0.0, 1.0, 0.0, 2.0, 3.0, 3.0, 0.0, 3.0, 1.0, 1.0, 2.0, 2.0, 2.0, 2.0], [0.0, 3.0, 3.0, 1.0, 0.0, 3.0, 1.0, 2.0, 1.0, 0.0, 1.0, 0.0, 2.0, 0.0, 1.0, 1.0, 1.0, 0.0, 3.0, 0.0, 3.0, 1.0, 2.0, 3.0, 3.0, 0.0, 3.0, 3.0, 1.0, 1.0, 0.0, 2.0, 3.0, 2.0, 1.0, 3.0, 1.0, 1.0, 2.0, 2.0, 3.0, 2.0], [1.0, 3.0, 2.0, 1.0, 0.0, 3.0, 1.0, 2.0, 0.0, 0.0, 1.0, 0.0, 2.0, 0.0, 1.0, 1.0, 1.0, 0.0, 3.0, 0.0, 3.0, 0.0, 2.0, 3.0, 2.0, 0.0, 3.0, 3.0, 1.0, 1.0, 1.0, 3.0, 3.0, 3.0, 1.0, 3.0, 1.0, 1.0, 1.0, 1.0, 2.0, 1.0], [1.0, 3.0, 3.0, 1.0, 0.0, 3.0, 1.0, 1.0, 1.0, 0.0, 1.0, 0.0, 3.0, 0.0, 1.0, 1.0, 1.0, 0.0, 3.0, 0.0, 3.0, 1.0, 2.0, 3.0, 2.0, 0.0, 3.0, 3.0, 1.0, 1.0, 0.0, 2.0, 3.0, 3.0, 1.0, 2.0, 1.0, 1.0, 2.0, 2.0, 2.0, 1.0], [1.0, 3.0, 3.0, 1.0, 0.0, 3.0, 1.0, 2.0, 0.0, 0.0, 1.0, 0.0, 2.0, 0.0, 1.0, 0.0, 1.0, 0.0, 3.0, 0.0, 3.0, 1.0, 2.0, 3.0, 2.0, 1.0, 3.0, 3.0, 1.0, 1.0, 1.0, 2.0, 3.0, 3.0, 1.0, 3.0, 1.0, 1.0, 2.0, 2.0, 3.0, 1.0], [0.0, 3.0, 2.0, 1.0, 0.0, 3.0, 1.0, 2.0, 1.0, 0.0, 1.0, 0.0, 2.0, 0.0, 1.0, 1.0, 1.0, 0.0, 3.0, 0.0, 3.0, 1.0, 2.0, 3.0, 2.0, 1.0, 3.0, 3.0, 0.0, 1.0, 0.0, 2.0, 3.0, 3.0, 1.0, 3.0, 1.0, 1.0, 2.0, 2.0, 2.0, 2.0], [0.0, 3.0, 3.0, 1.0, 0.0, 3.0, 1.0, 2.0, 1.0, 0.0, 1.0, 0.0, 2.0, 0.0, 1.0, 1.0, 1.0, 0.0, 3.0, 0.0, 3.0, 0.0, 2.0, 3.0, 2.0, 1.0, 3.0, 3.0, 1.0, 1.0, 1.0, 2.0, 3.0, 3.0, 1.0, 3.0, 1.0, 1.0, 2.0, 2.0, 2.0, 2.0], [0.0, 2.0, 3.0, 1.0, 1.0, 3.0, 1.0, 1.0, 0.0, 0.0, 2.0, 0.0, 2.0, 0.0, 1.0, 1.0, 1.0, 0.0, 3.0, 0.0, 3.0, 1.0, 2.0, 3.0, 3.0, 1.0, 3.0, 3.0, 1.0, 1.0, 1.0, 2.0, 3.0, 3.0, 1.0, 3.0, 1.0, 1.0, 2.0, 0.0, 3.0, 2.0], [1.0, 3.0, 3.0, 1.0, 0.0, 3.0, 1.0, 2.0, 0.0, 0.0, 1.0, 0.0, 2.0, 0.0, 1.0, 0.0, 1.0, 1.0, 3.0, 0.0, 3.0, 1.0, 1.0, 3.0, 3.0, 1.0, 3.0, 3.0, 1.0, 1.0, 0.0, 2.0, 3.0, 3.0, 1.0, 3.0, 1.0, 1.0, 2.0, 0.0, 3.0, 2.0], [0.0, 3.0, 3.0, 1.0, 1.0, 3.0, 1.0, 2.0, 1.0, 0.0, 1.0, 0.0, 3.0, 0.0, 1.0, 1.0, 1.0, 1.0, 3.0, 0.0, 3.0, 1.0, 1.0, 3.0, 3.0, 0.0, 3.0, 3.0, 1.0, 1.0, 0.0, 2.0, 2.0, 3.0, 1.0, 2.0, 1.0, 1.0, 2.0, 1.0, 3.0, 2.0], [1.0, 1.0, 3.0, 1.0, 0.0, 3.0, 1.0, 2.0, 1.0, 0.0, 2.0, 0.0, 3.0, 0.0, 1.0, 1.0, 1.0, 1.0, 3.0, 0.0, 3.0, 1.0, 1.0, 3.0, 2.0, 0.0, 3.0, 3.0, 1.0, 1.0, 1.0, 3.0, 3.0, 3.0, 1.0, 3.0, 1.0, 1.0, 2.0, 2.0, 2.0, 2.0]]

