first layer check: Conv2d(9, 64, kernel_size=(7, 7), stride=(2, 2), padding=(3, 3), bias=False)

target ys
[0.0, 3.0, 2.0, 1.0, 1.0, 1.0, 1.0, 1.0, 1.0, 2.0, 3.0, 1.0, 3.0, 0.0, 1.0, 1.0, 1.0, 1.0, 2.0, 1.0, 3.0, 1.0, 3.0, 3.0, 2.0, 1.0, 2.0, 3.0, 2.0, 1.0, 1.0, 2.0, 3.0, 3.0, 1.0, 3.0, 1.0, 1.0, 2.0, 2.0, 3.0, 2.0]

for model 0: mode acc: 0.6666666865348816, run mean acc: 0.6645833849906921, top-2 acc:0.8695834279060364, mode f1: 0.6666666865348816

model 0 mode preds
[0.0, 3.0, 3.0, 1.0, 1.0, 3.0, 1.0, 2.0, 1.0, 1.0, 2.0, 1.0, 2.0, 1.0, 1.0, 1.0, 0.0, 1.0, 1.0, 1.0, 3.0, 1.0, 2.0, 3.0, 2.0, 1.0, 3.0, 3.0, 1.0, 1.0, 1.0, 2.0, 3.0, 2.0, 1.0, 3.0, 1.0, 1.0, 2.0, 2.0, 2.0, 2.0]

model 0 all preds
[[1.0, 3.0, 3.0, 1.0, 1.0, 2.0, 1.0, 1.0, 1.0, 1.0, 2.0, 1.0, 2.0, 0.0, 1.0, 1.0, 0.0, 1.0, 1.0, 0.0, 3.0, 1.0, 2.0, 3.0, 3.0, 1.0, 3.0, 3.0, 1.0, 1.0, 1.0, 2.0, 3.0, 2.0, 1.0, 3.0, 1.0, 1.0, 2.0, 2.0, 3.0, 2.0], [0.0, 3.0, 3.0, 1.0, 1.0, 3.0, 1.0, 2.0, 0.0, 1.0, 1.0, 1.0, 2.0, 1.0, 1.0, 1.0, 0.0, 1.0, 3.0, 1.0, 3.0, 1.0, 2.0, 3.0, 1.0, 1.0, 3.0, 3.0, 1.0, 1.0, 1.0, 2.0, 3.0, 2.0, 1.0, 3.0, 1.0, 1.0, 2.0, 2.0, 3.0, 2.0], [1.0, 3.0, 3.0, 1.0, 1.0, 3.0, 1.0, 2.0, 1.0, 1.0, 2.0, 1.0, 2.0, 1.0, 1.0, 1.0, 0.0, 1.0, 3.0, 1.0, 3.0, 1.0, 2.0, 3.0, 1.0, 1.0, 3.0, 3.0, 1.0, 1.0, 1.0, 2.0, 3.0, 2.0, 1.0, 3.0, 1.0, 1.0, 2.0, 2.0, 3.0, 2.0], [0.0, 3.0, 2.0, 1.0, 1.0, 2.0, 1.0, 1.0, 1.0, 1.0, 2.0, 1.0, 2.0, 1.0, 1.0, 1.0, 0.0, 1.0, 3.0, 1.0, 3.0, 1.0, 2.0, 3.0, 2.0, 1.0, 3.0, 3.0, 1.0, 1.0, 1.0, 2.0, 1.0, 3.0, 1.0, 2.0, 1.0, 1.0, 2.0, 1.0, 3.0, 2.0], [1.0, 3.0, 3.0, 1.0, 1.0, 3.0, 1.0, 1.0, 1.0, 1.0, 2.0, 1.0, 2.0, 0.0, 1.0, 1.0, 0.0, 1.0, 1.0, 1.0, 3.0, 1.0, 2.0, 3.0, 2.0, 1.0, 3.0, 3.0, 1.0, 1.0, 1.0, 2.0, 3.0, 2.0, 1.0, 3.0, 1.0, 1.0, 2.0, 2.0, 3.0, 2.0], [0.0, 3.0, 3.0, 1.0, 1.0, 1.0, 1.0, 1.0, 1.0, 1.0, 1.0, 1.0, 2.0, 0.0, 1.0, 1.0, 0.0, 0.0, 1.0, 1.0, 3.0, 0.0, 2.0, 3.0, 2.0, 1.0, 3.0, 3.0, 1.0, 1.0, 1.0, 2.0, 3.0, 2.0, 1.0, 3.0, 1.0, 1.0, 2.0, 1.0, 2.0, 2.0], [1.0, 2.0, 3.0, 1.0, 1.0, 3.0, 1.0, 1.0, 1.0, 1.0, 2.0, 1.0, 2.0, 0.0, 1.0, 1.0, 0.0, 0.0, 3.0, 1.0, 3.0, 1.0, 1.0, 3.0, 3.0, 1.0, 3.0, 3.0, 1.0, 1.0, 1.0, 2.0, 3.0, 2.0, 1.0, 2.0, 1.0, 1.0, 1.0, 1.0, 2.0, 2.0], [1.0, 3.0, 2.0, 1.0, 1.0, 1.0, 1.0, 2.0, 1.0, 1.0, 2.0, 1.0, 2.0, 1.0, 1.0, 1.0, 0.0, 1.0, 1.0, 1.0, 3.0, 1.0, 2.0, 3.0, 2.0, 1.0, 3.0, 3.0, 1.0, 1.0, 1.0, 2.0, 3.0, 2.0, 1.0, 2.0, 1.0, 1.0, 1.0, 1.0, 3.0, 2.0], [0.0, 2.0, 3.0, 1.0, 1.0, 3.0, 1.0, 2.0, 1.0, 1.0, 2.0, 1.0, 2.0, 1.0, 1.0, 1.0, 0.0, 0.0, 1.0, 0.0, 1.0, 1.0, 2.0, 2.0, 3.0, 1.0, 2.0, 3.0, 1.0, 1.0, 1.0, 2.0, 3.0, 3.0, 1.0, 2.0, 1.0, 1.0, 2.0, 1.0, 2.0, 2.0], [1.0, 3.0, 3.0, 1.0, 1.0, 2.0, 1.0, 2.0, 1.0, 1.0, 2.0, 1.0, 2.0, 0.0, 1.0, 1.0, 0.0, 0.0, 1.0, 1.0, 3.0, 1.0, 1.0, 3.0, 2.0, 1.0, 3.0, 1.0, 1.0, 1.0, 1.0, 2.0, 3.0, 3.0, 1.0, 3.0, 1.0, 1.0, 2.0, 1.0, 2.0, 2.0], [1.0, 1.0, 3.0, 1.0, 1.0, 3.0, 1.0, 1.0, 1.0, 1.0, 2.0, 1.0, 2.0, 1.0, 1.0, 1.0, 0.0, 1.0, 2.0, 1.0, 3.0, 1.0, 2.0, 3.0, 2.0, 1.0, 3.0, 3.0, 1.0, 1.0, 1.0, 3.0, 3.0, 2.0, 1.0, 3.0, 1.0, 1.0, 2.0, 1.0, 3.0, 2.0], [0.0, 3.0, 2.0, 1.0, 1.0, 1.0, 1.0, 1.0, 1.0, 0.0, 1.0, 0.0, 3.0, 1.0, 1.0, 1.0, 0.0, 0.0, 3.0, 1.0, 3.0, 1.0, 2.0, 3.0, 2.0, 1.0, 3.0, 3.0, 1.0, 1.0, 1.0, 2.0, 3.0, 3.0, 1.0, 3.0, 1.0, 1.0, 2.0, 1.0, 2.0, 2.0], [0.0, 3.0, 3.0, 1.0, 1.0, 1.0, 1.0, 2.0, 1.0, 1.0, 1.0, 1.0, 2.0, 1.0, 1.0, 1.0, 0.0, 0.0, 3.0, 1.0, 3.0, 1.0, 2.0, 3.0, 1.0, 1.0, 3.0, 2.0, 1.0, 1.0, 1.0, 3.0, 3.0, 2.0, 1.0, 2.0, 1.0, 1.0, 2.0, 1.0, 3.0, 1.0], [0.0, 3.0, 3.0, 1.0, 1.0, 3.0, 1.0, 2.0, 1.0, 1.0, 2.0, 1.0, 2.0, 1.0, 1.0, 1.0, 0.0, 1.0, 1.0, 0.0, 3.0, 0.0, 2.0, 3.0, 2.0, 1.0, 2.0, 1.0, 1.0, 1.0, 1.0, 3.0, 3.0, 3.0, 1.0, 3.0, 1.0, 1.0, 2.0, 1.0, 2.0, 2.0], [0.0, 2.0, 2.0, 1.0, 1.0, 3.0, 1.0, 1.0, 1.0, 1.0, 2.0, 1.0, 2.0, 1.0, 1.0, 1.0, 0.0, 0.0, 1.0, 1.0, 3.0, 1.0, 2.0, 3.0, 2.0, 1.0, 3.0, 3.0, 1.0, 1.0, 1.0, 1.0, 3.0, 1.0, 1.0, 3.0, 1.0, 1.0, 2.0, 2.0, 3.0, 2.0], [0.0, 3.0, 2.0, 1.0, 1.0, 3.0, 1.0, 2.0, 1.0, 1.0, 1.0, 0.0, 2.0, 1.0, 1.0, 1.0, 0.0, 0.0, 1.0, 1.0, 3.0, 1.0, 2.0, 3.0, 2.0, 1.0, 3.0, 3.0, 1.0, 1.0, 1.0, 2.0, 3.0, 2.0, 1.0, 3.0, 1.0, 1.0, 2.0, 2.0, 3.0, 2.0], [1.0, 3.0, 3.0, 1.0, 1.0, 3.0, 1.0, 2.0, 1.0, 1.0, 2.0, 0.0, 2.0, 0.0, 1.0, 1.0, 0.0, 0.0, 3.0, 1.0, 3.0, 1.0, 1.0, 3.0, 2.0, 1.0, 2.0, 1.0, 1.0, 1.0, 1.0, 3.0, 3.0, 3.0, 1.0, 2.0, 1.0, 1.0, 2.0, 2.0, 3.0, 2.0], [0.0, 1.0, 3.0, 1.0, 1.0, 3.0, 1.0, 2.0, 1.0, 1.0, 1.0, 1.0, 3.0, 1.0, 1.0, 1.0, 1.0, 1.0, 1.0, 1.0, 3.0, 1.0, 2.0, 3.0, 1.0, 1.0, 3.0, 3.0, 1.0, 1.0, 1.0, 2.0, 3.0, 3.0, 1.0, 3.0, 1.0, 1.0, 2.0, 2.0, 3.0, 1.0], [1.0, 3.0, 2.0, 1.0, 1.0, 1.0, 1.0, 1.0, 1.0, 1.0, 2.0, 0.0, 2.0, 1.0, 1.0, 1.0, 0.0, 0.0, 3.0, 1.0, 3.0, 1.0, 2.0, 3.0, 2.0, 1.0, 3.0, 3.0, 1.0, 1.0, 1.0, 2.0, 3.0, 3.0, 1.0, 3.0, 1.0, 1.0, 2.0, 1.0, 2.0, 2.0], [0.0, 3.0, 3.0, 1.0, 1.0, 3.0, 1.0, 2.0, 1.0, 1.0, 1.0, 1.0, 2.0, 0.0, 1.0, 1.0, 0.0, 1.0, 1.0, 1.0, 3.0, 1.0, 3.0, 3.0, 2.0, 1.0, 3.0, 3.0, 1.0, 1.0, 1.0, 1.0, 3.0, 2.0, 1.0, 3.0, 1.0, 1.0, 2.0, 1.0, 2.0, 2.0], [0.0, 3.0, 3.0, 1.0, 1.0, 1.0, 1.0, 2.0, 1.0, 1.0, 1.0, 1.0, 3.0, 1.0, 1.0, 1.0, 0.0, 1.0, 3.0, 0.0, 3.0, 1.0, 2.0, 3.0, 2.0, 1.0, 3.0, 3.0, 1.0, 1.0, 1.0, 2.0, 2.0, 2.0, 1.0, 1.0, 1.0, 1.0, 2.0, 2.0, 3.0, 2.0], [1.0, 3.0, 3.0, 1.0, 1.0, 3.0, 1.0, 1.0, 1.0, 1.0, 2.0, 1.0, 2.0, 1.0, 1.0, 1.0, 0.0, 0.0, 1.0, 1.0, 3.0, 1.0, 2.0, 3.0, 2.0, 1.0, 3.0, 3.0, 1.0, 1.0, 1.0, 2.0, 2.0, 2.0, 1.0, 3.0, 1.0, 1.0, 2.0, 1.0, 2.0, 2.0], [0.0, 3.0, 3.0, 1.0, 1.0, 3.0, 1.0, 1.0, 1.0, 1.0, 2.0, 1.0, 2.0, 1.0, 1.0, 1.0, 0.0, 0.0, 2.0, 1.0, 3.0, 1.0, 1.0, 3.0, 2.0, 1.0, 2.0, 3.0, 1.0, 1.0, 1.0, 2.0, 3.0, 2.0, 1.0, 3.0, 1.0, 1.0, 2.0, 2.0, 2.0, 2.0], [0.0, 3.0, 3.0, 1.0, 1.0, 3.0, 1.0, 2.0, 1.0, 1.0, 2.0, 1.0, 2.0, 1.0, 1.0, 1.0, 0.0, 0.0, 3.0, 1.0, 3.0, 1.0, 2.0, 3.0, 2.0, 1.0, 3.0, 3.0, 1.0, 1.0, 1.0, 3.0, 3.0, 2.0, 1.0, 3.0, 1.0, 1.0, 2.0, 1.0, 2.0, 2.0], [1.0, 3.0, 2.0, 1.0, 1.0, 3.0, 1.0, 2.0, 1.0, 1.0, 1.0, 1.0, 3.0, 1.0, 1.0, 1.0, 0.0, 0.0, 1.0, 1.0, 3.0, 1.0, 2.0, 3.0, 2.0, 1.0, 3.0, 3.0, 1.0, 1.0, 1.0, 2.0, 3.0, 2.0, 1.0, 2.0, 1.0, 1.0, 2.0, 2.0, 3.0, 2.0], [1.0, 3.0, 2.0, 1.0, 1.0, 3.0, 1.0, 1.0, 1.0, 1.0, 2.0, 1.0, 2.0, 1.0, 1.0, 1.0, 0.0, 1.0, 3.0, 1.0, 3.0, 1.0, 2.0, 3.0, 3.0, 1.0, 3.0, 3.0, 1.0, 1.0, 1.0, 2.0, 3.0, 2.0, 1.0, 3.0, 1.0, 1.0, 2.0, 2.0, 3.0, 2.0], [0.0, 3.0, 3.0, 1.0, 1.0, 3.0, 1.0, 2.0, 1.0, 1.0, 2.0, 1.0, 2.0, 0.0, 1.0, 1.0, 0.0, 0.0, 1.0, 0.0, 3.0, 1.0, 2.0, 3.0, 3.0, 1.0, 3.0, 3.0, 1.0, 1.0, 1.0, 1.0, 2.0, 2.0, 1.0, 2.0, 1.0, 1.0, 2.0, 2.0, 2.0, 2.0], [1.0, 3.0, 2.0, 1.0, 1.0, 3.0, 1.0, 2.0, 0.0, 1.0, 2.0, 1.0, 2.0, 1.0, 1.0, 1.0, 0.0, 1.0, 1.0, 1.0, 3.0, 1.0, 2.0, 3.0, 2.0, 1.0, 1.0, 1.0, 1.0, 1.0, 1.0, 2.0, 3.0, 3.0, 1.0, 3.0, 1.0, 1.0, 2.0, 1.0, 2.0, 2.0], [0.0, 3.0, 3.0, 1.0, 1.0, 3.0, 1.0, 2.0, 1.0, 1.0, 2.0, 1.0, 2.0, 1.0, 1.0, 1.0, 0.0, 1.0, 3.0, 1.0, 3.0, 1.0, 1.0, 3.0, 2.0, 1.0, 2.0, 3.0, 1.0, 1.0, 1.0, 2.0, 3.0, 2.0, 1.0, 2.0, 1.0, 1.0, 2.0, 2.0, 2.0, 2.0], [0.0, 3.0, 3.0, 1.0, 1.0, 1.0, 1.0, 2.0, 1.0, 1.0, 2.0, 1.0, 2.0, 1.0, 1.0, 1.0, 0.0, 1.0, 1.0, 1.0, 3.0, 1.0, 2.0, 3.0, 1.0, 1.0, 1.0, 3.0, 1.0, 1.0, 1.0, 2.0, 3.0, 3.0, 1.0, 3.0, 1.0, 1.0, 2.0, 1.0, 2.0, 2.0], [0.0, 3.0, 1.0, 1.0, 1.0, 3.0, 1.0, 2.0, 1.0, 1.0, 1.0, 1.0, 1.0, 0.0, 1.0, 1.0, 0.0, 0.0, 1.0, 1.0, 3.0, 1.0, 2.0, 3.0, 3.0, 1.0, 3.0, 3.0, 1.0, 1.0, 1.0, 2.0, 3.0, 2.0, 1.0, 2.0, 1.0, 1.0, 2.0, 1.0, 2.0, 2.0], [1.0, 3.0, 3.0, 1.0, 1.0, 3.0, 1.0, 1.0, 1.0, 0.0, 1.0, 1.0, 2.0, 1.0, 1.0, 1.0, 0.0, 0.0, 3.0, 0.0, 3.0, 0.0, 2.0, 3.0, 1.0, 1.0, 2.0, 3.0, 1.0, 1.0, 1.0, 2.0, 2.0, 2.0, 1.0, 3.0, 1.0, 1.0, 2.0, 2.0, 2.0, 2.0], [1.0, 3.0, 3.0, 1.0, 1.0, 3.0, 1.0, 1.0, 1.0, 1.0, 2.0, 1.0, 2.0, 1.0, 1.0, 1.0, 0.0, 1.0, 2.0, 1.0, 3.0, 1.0, 2.0, 3.0, 3.0, 1.0, 3.0, 3.0, 1.0, 1.0, 1.0, 2.0, 3.0, 2.0, 1.0, 2.0, 1.0, 1.0, 2.0, 1.0, 2.0, 2.0], [0.0, 1.0, 3.0, 1.0, 1.0, 1.0, 1.0, 2.0, 0.0, 1.0, 1.0, 1.0, 2.0, 1.0, 1.0, 1.0, 0.0, 1.0, 2.0, 1.0, 3.0, 1.0, 2.0, 3.0, 1.0, 1.0, 1.0, 2.0, 1.0, 1.0, 1.0, 1.0, 3.0, 2.0, 1.0, 1.0, 1.0, 1.0, 2.0, 2.0, 2.0, 2.0], [0.0, 3.0, 2.0, 1.0, 1.0, 3.0, 1.0, 2.0, 1.0, 0.0, 1.0, 1.0, 2.0, 1.0, 1.0, 1.0, 1.0, 1.0, 1.0, 1.0, 3.0, 1.0, 2.0, 3.0, 2.0, 1.0, 1.0, 1.0, 1.0, 1.0, 1.0, 2.0, 3.0, 3.0, 1.0, 3.0, 1.0, 1.0, 2.0, 2.0, 2.0, 2.0], [1.0, 2.0, 2.0, 1.0, 1.0, 3.0, 1.0, 1.0, 1.0, 1.0, 2.0, 1.0, 2.0, 1.0, 1.0, 1.0, 0.0, 1.0, 1.0, 1.0, 3.0, 1.0, 2.0, 3.0, 1.0, 1.0, 3.0, 1.0, 1.0, 1.0, 1.0, 2.0, 3.0, 3.0, 1.0, 3.0, 1.0, 1.0, 2.0, 2.0, 2.0, 2.0], [0.0, 3.0, 3.0, 1.0, 1.0, 3.0, 1.0, 1.0, 1.0, 1.0, 1.0, 1.0, 2.0, 1.0, 1.0, 1.0, 0.0, 0.0, 1.0, 1.0, 1.0, 1.0, 2.0, 3.0, 3.0, 1.0, 3.0, 3.0, 1.0, 1.0, 1.0, 2.0, 3.0, 3.0, 1.0, 2.0, 1.0, 1.0, 2.0, 1.0, 3.0, 2.0], [0.0, 1.0, 2.0, 1.0, 1.0, 3.0, 1.0, 2.0, 1.0, 1.0, 1.0, 1.0, 1.0, 1.0, 1.0, 1.0, 0.0, 0.0, 1.0, 1.0, 3.0, 0.0, 3.0, 3.0, 2.0, 1.0, 3.0, 3.0, 1.0, 1.0, 1.0, 2.0, 3.0, 3.0, 1.0, 3.0, 1.0, 1.0, 2.0, 1.0, 2.0, 2.0], [0.0, 3.0, 1.0, 1.0, 1.0, 3.0, 1.0, 1.0, 1.0, 1.0, 2.0, 1.0, 2.0, 1.0, 1.0, 1.0, 0.0, 1.0, 1.0, 1.0, 3.0, 1.0, 1.0, 3.0, 1.0, 1.0, 3.0, 3.0, 1.0, 1.0, 1.0, 2.0, 3.0, 2.0, 1.0, 1.0, 1.0, 1.0, 2.0, 2.0, 3.0, 1.0], [1.0, 3.0, 3.0, 1.0, 1.0, 1.0, 1.0, 1.0, 1.0, 1.0, 1.0, 1.0, 2.0, 1.0, 1.0, 1.0, 1.0, 1.0, 1.0, 0.0, 3.0, 1.0, 2.0, 3.0, 1.0, 1.0, 3.0, 1.0, 1.0, 1.0, 1.0, 2.0, 3.0, 3.0, 1.0, 3.0, 1.0, 1.0, 2.0, 1.0, 2.0, 2.0], [1.0, 3.0, 3.0, 1.0, 1.0, 3.0, 1.0, 2.0, 1.0, 1.0, 2.0, 1.0, 2.0, 1.0, 1.0, 1.0, 0.0, 0.0, 3.0, 1.0, 3.0, 1.0, 2.0, 2.0, 2.0, 1.0, 3.0, 3.0, 1.0, 1.0, 1.0, 2.0, 3.0, 2.0, 1.0, 2.0, 1.0, 1.0, 2.0, 2.0, 2.0, 2.0], [1.0, 3.0, 3.0, 1.0, 1.0, 3.0, 1.0, 2.0, 1.0, 1.0, 2.0, 1.0, 2.0, 1.0, 1.0, 1.0, 0.0, 1.0, 3.0, 1.0, 3.0, 1.0, 2.0, 3.0, 1.0, 1.0, 3.0, 3.0, 1.0, 1.0, 1.0, 2.0, 3.0, 2.0, 1.0, 3.0, 1.0, 1.0, 2.0, 1.0, 3.0, 2.0], [0.0, 3.0, 3.0, 1.0, 1.0, 3.0, 1.0, 1.0, 1.0, 1.0, 1.0, 1.0, 2.0, 1.0, 1.0, 1.0, 0.0, 1.0, 1.0, 1.0, 3.0, 1.0, 2.0, 3.0, 3.0, 1.0, 3.0, 3.0, 1.0, 1.0, 1.0, 2.0, 3.0, 3.0, 1.0, 1.0, 1.0, 1.0, 2.0, 1.0, 3.0, 2.0], [1.0, 3.0, 3.0, 1.0, 1.0, 3.0, 1.0, 2.0, 1.0, 0.0, 1.0, 1.0, 2.0, 1.0, 1.0, 1.0, 0.0, 1.0, 1.0, 1.0, 3.0, 1.0, 2.0, 3.0, 1.0, 1.0, 2.0, 1.0, 1.0, 1.0, 1.0, 2.0, 3.0, 2.0, 1.0, 3.0, 1.0, 1.0, 2.0, 2.0, 3.0, 2.0], [0.0, 3.0, 2.0, 1.0, 1.0, 3.0, 1.0, 1.0, 1.0, 1.0, 2.0, 1.0, 2.0, 1.0, 1.0, 1.0, 0.0, 0.0, 3.0, 1.0, 3.0, 1.0, 2.0, 3.0, 2.0, 1.0, 1.0, 3.0, 1.0, 1.0, 1.0, 3.0, 3.0, 2.0, 1.0, 1.0, 1.0, 1.0, 2.0, 2.0, 3.0, 2.0], [0.0, 3.0, 1.0, 1.0, 1.0, 1.0, 1.0, 2.0, 1.0, 1.0, 2.0, 1.0, 3.0, 0.0, 1.0, 1.0, 0.0, 0.0, 1.0, 1.0, 3.0, 0.0, 1.0, 2.0, 2.0, 1.0, 3.0, 3.0, 1.0, 1.0, 1.0, 2.0, 3.0, 2.0, 1.0, 3.0, 1.0, 1.0, 2.0, 2.0, 3.0, 2.0], [0.0, 3.0, 3.0, 1.0, 1.0, 1.0, 1.0, 1.0, 1.0, 1.0, 2.0, 0.0, 2.0, 1.0, 1.0, 1.0, 0.0, 0.0, 1.0, 0.0, 3.0, 1.0, 1.0, 3.0, 2.0, 1.0, 3.0, 3.0, 1.0, 1.0, 1.0, 2.0, 3.0, 3.0, 1.0, 3.0, 1.0, 1.0, 2.0, 2.0, 3.0, 2.0], [1.0, 1.0, 3.0, 1.0, 1.0, 1.0, 1.0, 2.0, 1.0, 0.0, 1.0, 1.0, 2.0, 0.0, 1.0, 1.0, 0.0, 1.0, 1.0, 1.0, 3.0, 1.0, 2.0, 3.0, 2.0, 1.0, 3.0, 3.0, 1.0, 1.0, 1.0, 2.0, 3.0, 3.0, 1.0, 3.0, 1.0, 1.0, 2.0, 2.0, 2.0, 2.0], [0.0, 3.0, 3.0, 1.0, 1.0, 3.0, 1.0, 2.0, 1.0, 1.0, 2.0, 1.0, 2.0, 1.0, 1.0, 1.0, 0.0, 1.0, 3.0, 1.0, 3.0, 1.0, 2.0, 3.0, 1.0, 1.0, 3.0, 3.0, 1.0, 1.0, 1.0, 2.0, 3.0, 2.0, 1.0, 3.0, 1.0, 1.0, 2.0, 1.0, 3.0, 2.0], [1.0, 3.0, 3.0, 1.0, 1.0, 3.0, 1.0, 1.0, 1.0, 1.0, 1.0, 1.0, 3.0, 0.0, 1.0, 1.0, 0.0, 0.0, 3.0, 1.0, 3.0, 0.0, 1.0, 3.0, 2.0, 1.0, 2.0, 3.0, 1.0, 1.0, 1.0, 2.0, 3.0, 3.0, 1.0, 2.0, 1.0, 1.0, 2.0, 2.0, 3.0, 2.0]]

first layer check: Conv2d(9, 64, kernel_size=(7, 7), stride=(2, 2), padding=(3, 3), bias=False)

for model 1: mode acc: 0.7142857313156128, run mean acc: 0.6933332681655884, top-2 acc:0.8954167366027832, mode f1: 0.7142857313156128

model 1 mode preds
[1.0, 3.0, 3.0, 1.0, 1.0, 2.0, 1.0, 1.0, 1.0, 1.0, 1.0, 1.0, 3.0, 1.0, 1.0, 1.0, 1.0, 1.0, 3.0, 1.0, 3.0, 1.0, 2.0, 3.0, 3.0, 1.0, 3.0, 3.0, 2.0, 1.0, 1.0, 3.0, 3.0, 3.0, 1.0, 3.0, 1.0, 1.0, 2.0, 2.0, 3.0, 1.0]

model 1 all preds
[[1.0, 3.0, 3.0, 1.0, 1.0, 2.0, 1.0, 2.0, 1.0, 1.0, 1.0, 1.0, 3.0, 1.0, 1.0, 1.0, 1.0, 1.0, 3.0, 1.0, 3.0, 1.0, 2.0, 3.0, 3.0, 1.0, 3.0, 3.0, 1.0, 1.0, 1.0, 3.0, 3.0, 2.0, 1.0, 3.0, 1.0, 1.0, 2.0, 2.0, 3.0, 1.0], [1.0, 3.0, 3.0, 1.0, 1.0, 2.0, 1.0, 2.0, 1.0, 1.0, 1.0, 1.0, 3.0, 1.0, 1.0, 1.0, 1.0, 1.0, 3.0, 1.0, 3.0, 1.0, 1.0, 3.0, 2.0, 1.0, 3.0, 3.0, 2.0, 1.0, 1.0, 3.0, 3.0, 3.0, 1.0, 3.0, 1.0, 1.0, 2.0, 2.0, 2.0, 3.0], [1.0, 3.0, 2.0, 1.0, 1.0, 3.0, 1.0, 1.0, 1.0, 1.0, 1.0, 1.0, 2.0, 1.0, 1.0, 1.0, 1.0, 1.0, 1.0, 1.0, 3.0, 1.0, 2.0, 3.0, 2.0, 1.0, 3.0, 3.0, 2.0, 1.0, 1.0, 1.0, 3.0, 3.0, 1.0, 3.0, 1.0, 1.0, 2.0, 2.0, 3.0, 1.0], [1.0, 3.0, 3.0, 1.0, 1.0, 2.0, 1.0, 3.0, 1.0, 1.0, 1.0, 1.0, 3.0, 1.0, 1.0, 1.0, 1.0, 1.0, 3.0, 1.0, 3.0, 1.0, 2.0, 3.0, 2.0, 1.0, 3.0, 2.0, 2.0, 1.0, 1.0, 3.0, 3.0, 3.0, 1.0, 3.0, 1.0, 1.0, 2.0, 2.0, 3.0, 1.0], [1.0, 3.0, 3.0, 1.0, 1.0, 3.0, 1.0, 3.0, 1.0, 1.0, 1.0, 1.0, 2.0, 1.0, 1.0, 1.0, 1.0, 1.0, 3.0, 1.0, 3.0, 1.0, 1.0, 3.0, 3.0, 1.0, 3.0, 3.0, 1.0, 1.0, 1.0, 3.0, 3.0, 3.0, 1.0, 3.0, 1.0, 1.0, 2.0, 1.0, 3.0, 1.0], [1.0, 2.0, 3.0, 1.0, 1.0, 3.0, 1.0, 1.0, 1.0, 1.0, 1.0, 1.0, 3.0, 1.0, 1.0, 1.0, 1.0, 1.0, 3.0, 1.0, 3.0, 1.0, 2.0, 3.0, 3.0, 1.0, 3.0, 2.0, 1.0, 1.0, 1.0, 3.0, 3.0, 3.0, 1.0, 3.0, 1.0, 1.0, 2.0, 2.0, 2.0, 1.0], [1.0, 3.0, 2.0, 1.0, 1.0, 2.0, 1.0, 1.0, 1.0, 1.0, 1.0, 1.0, 2.0, 1.0, 1.0, 1.0, 1.0, 1.0, 3.0, 1.0, 3.0, 1.0, 2.0, 3.0, 3.0, 1.0, 3.0, 3.0, 2.0, 1.0, 1.0, 3.0, 3.0, 3.0, 1.0, 3.0, 1.0, 1.0, 2.0, 2.0, 2.0, 1.0], [1.0, 2.0, 3.0, 1.0, 1.0, 3.0, 1.0, 1.0, 1.0, 1.0, 1.0, 1.0, 3.0, 1.0, 1.0, 1.0, 1.0, 1.0, 3.0, 1.0, 3.0, 1.0, 1.0, 3.0, 2.0, 1.0, 3.0, 2.0, 1.0, 1.0, 1.0, 3.0, 3.0, 3.0, 1.0, 3.0, 1.0, 1.0, 2.0, 2.0, 3.0, 1.0], [1.0, 3.0, 3.0, 1.0, 1.0, 3.0, 1.0, 3.0, 1.0, 1.0, 1.0, 1.0, 2.0, 1.0, 1.0, 1.0, 1.0, 1.0, 1.0, 1.0, 3.0, 1.0, 2.0, 3.0, 3.0, 1.0, 3.0, 3.0, 2.0, 1.0, 1.0, 3.0, 3.0, 3.0, 1.0, 3.0, 1.0, 1.0, 2.0, 2.0, 3.0, 3.0], [1.0, 2.0, 3.0, 1.0, 1.0, 2.0, 1.0, 1.0, 1.0, 1.0, 1.0, 1.0, 3.0, 1.0, 1.0, 1.0, 1.0, 1.0, 3.0, 1.0, 3.0, 1.0, 2.0, 3.0, 3.0, 1.0, 3.0, 1.0, 1.0, 1.0, 1.0, 3.0, 3.0, 3.0, 1.0, 3.0, 1.0, 1.0, 2.0, 2.0, 2.0, 1.0], [1.0, 2.0, 3.0, 1.0, 1.0, 1.0, 1.0, 3.0, 1.0, 1.0, 1.0, 1.0, 3.0, 1.0, 1.0, 1.0, 1.0, 1.0, 3.0, 1.0, 3.0, 1.0, 2.0, 3.0, 2.0, 1.0, 1.0, 3.0, 2.0, 1.0, 1.0, 3.0, 3.0, 3.0, 1.0, 3.0, 1.0, 1.0, 2.0, 2.0, 3.0, 2.0], [1.0, 3.0, 2.0, 1.0, 1.0, 2.0, 1.0, 2.0, 1.0, 1.0, 1.0, 1.0, 2.0, 1.0, 1.0, 1.0, 1.0, 1.0, 2.0, 1.0, 3.0, 1.0, 2.0, 3.0, 3.0, 1.0, 3.0, 3.0, 2.0, 1.0, 1.0, 1.0, 3.0, 3.0, 1.0, 3.0, 1.0, 1.0, 2.0, 2.0, 3.0, 1.0], [1.0, 3.0, 3.0, 1.0, 1.0, 3.0, 1.0, 2.0, 1.0, 1.0, 1.0, 1.0, 3.0, 1.0, 1.0, 1.0, 1.0, 1.0, 2.0, 1.0, 3.0, 1.0, 2.0, 3.0, 3.0, 1.0, 3.0, 3.0, 2.0, 1.0, 1.0, 3.0, 3.0, 2.0, 1.0, 3.0, 1.0, 1.0, 2.0, 2.0, 3.0, 2.0], [1.0, 3.0, 3.0, 1.0, 1.0, 3.0, 1.0, 1.0, 1.0, 1.0, 1.0, 1.0, 1.0, 1.0, 1.0, 1.0, 1.0, 1.0, 1.0, 1.0, 3.0, 1.0, 2.0, 3.0, 3.0, 1.0, 3.0, 3.0, 2.0, 1.0, 1.0, 1.0, 3.0, 3.0, 1.0, 3.0, 1.0, 1.0, 2.0, 2.0, 3.0, 1.0], [1.0, 3.0, 3.0, 1.0, 1.0, 3.0, 1.0, 1.0, 1.0, 1.0, 1.0, 1.0, 3.0, 1.0, 1.0, 1.0, 1.0, 1.0, 1.0, 1.0, 2.0, 1.0, 2.0, 3.0, 3.0, 1.0, 3.0, 3.0, 2.0, 1.0, 1.0, 3.0, 3.0, 2.0, 1.0, 3.0, 1.0, 1.0, 2.0, 2.0, 2.0, 2.0], [1.0, 3.0, 3.0, 1.0, 1.0, 3.0, 1.0, 2.0, 1.0, 1.0, 1.0, 1.0, 3.0, 1.0, 1.0, 1.0, 1.0, 1.0, 3.0, 1.0, 3.0, 1.0, 2.0, 3.0, 2.0, 1.0, 3.0, 2.0, 1.0, 1.0, 1.0, 3.0, 3.0, 3.0, 1.0, 2.0, 1.0, 1.0, 2.0, 2.0, 3.0, 1.0], [1.0, 3.0, 3.0, 1.0, 1.0, 1.0, 1.0, 1.0, 1.0, 1.0, 1.0, 1.0, 3.0, 1.0, 1.0, 1.0, 1.0, 1.0, 3.0, 1.0, 3.0, 1.0, 2.0, 3.0, 3.0, 1.0, 3.0, 3.0, 2.0, 1.0, 1.0, 3.0, 3.0, 3.0, 1.0, 3.0, 1.0, 1.0, 2.0, 1.0, 3.0, 3.0], [1.0, 3.0, 2.0, 1.0, 1.0, 2.0, 1.0, 2.0, 1.0, 1.0, 1.0, 1.0, 2.0, 1.0, 1.0, 1.0, 1.0, 1.0, 2.0, 1.0, 3.0, 1.0, 2.0, 2.0, 2.0, 1.0, 3.0, 3.0, 1.0, 1.0, 1.0, 3.0, 3.0, 3.0, 1.0, 3.0, 1.0, 1.0, 2.0, 2.0, 3.0, 1.0], [1.0, 2.0, 2.0, 1.0, 1.0, 3.0, 1.0, 2.0, 1.0, 1.0, 1.0, 1.0, 2.0, 1.0, 1.0, 1.0, 1.0, 1.0, 3.0, 1.0, 3.0, 1.0, 2.0, 3.0, 3.0, 1.0, 3.0, 3.0, 2.0, 1.0, 1.0, 3.0, 3.0, 3.0, 1.0, 3.0, 1.0, 1.0, 2.0, 2.0, 2.0, 1.0], [1.0, 2.0, 3.0, 1.0, 1.0, 2.0, 1.0, 1.0, 1.0, 1.0, 1.0, 1.0, 2.0, 0.0, 1.0, 1.0, 1.0, 1.0, 3.0, 1.0, 3.0, 1.0, 1.0, 3.0, 3.0, 1.0, 3.0, 3.0, 2.0, 1.0, 1.0, 3.0, 3.0, 3.0, 1.0, 3.0, 1.0, 1.0, 2.0, 1.0, 3.0, 1.0], [1.0, 3.0, 3.0, 1.0, 1.0, 3.0, 1.0, 1.0, 1.0, 1.0, 1.0, 1.0, 2.0, 1.0, 1.0, 1.0, 1.0, 1.0, 3.0, 1.0, 3.0, 1.0, 2.0, 3.0, 3.0, 1.0, 3.0, 3.0, 2.0, 1.0, 1.0, 3.0, 3.0, 1.0, 1.0, 3.0, 1.0, 1.0, 2.0, 2.0, 2.0, 3.0], [1.0, 2.0, 3.0, 1.0, 1.0, 2.0, 1.0, 2.0, 1.0, 1.0, 1.0, 1.0, 3.0, 1.0, 1.0, 1.0, 1.0, 1.0, 3.0, 1.0, 3.0, 1.0, 2.0, 3.0, 3.0, 1.0, 3.0, 3.0, 1.0, 1.0, 1.0, 3.0, 3.0, 3.0, 1.0, 3.0, 1.0, 1.0, 1.0, 2.0, 2.0, 1.0], [1.0, 3.0, 2.0, 1.0, 1.0, 2.0, 1.0, 1.0, 1.0, 1.0, 1.0, 1.0, 2.0, 0.0, 1.0, 1.0, 1.0, 1.0, 1.0, 1.0, 3.0, 1.0, 2.0, 3.0, 3.0, 1.0, 3.0, 3.0, 1.0, 1.0, 1.0, 3.0, 3.0, 3.0, 1.0, 3.0, 1.0, 1.0, 2.0, 2.0, 2.0, 1.0], [1.0, 2.0, 2.0, 1.0, 1.0, 1.0, 1.0, 2.0, 1.0, 1.0, 1.0, 1.0, 3.0, 1.0, 1.0, 1.0, 1.0, 1.0, 3.0, 1.0, 3.0, 1.0, 2.0, 3.0, 1.0, 1.0, 3.0, 3.0, 1.0, 1.0, 1.0, 3.0, 3.0, 3.0, 1.0, 3.0, 1.0, 1.0, 2.0, 2.0, 3.0, 1.0], [1.0, 2.0, 2.0, 1.0, 1.0, 3.0, 1.0, 2.0, 1.0, 1.0, 1.0, 1.0, 3.0, 1.0, 1.0, 1.0, 1.0, 1.0, 3.0, 1.0, 3.0, 1.0, 2.0, 3.0, 2.0, 1.0, 3.0, 3.0, 2.0, 1.0, 1.0, 3.0, 2.0, 3.0, 1.0, 3.0, 1.0, 1.0, 1.0, 2.0, 3.0, 1.0], [1.0, 3.0, 3.0, 1.0, 1.0, 2.0, 1.0, 1.0, 1.0, 1.0, 1.0, 1.0, 3.0, 1.0, 1.0, 1.0, 1.0, 1.0, 2.0, 1.0, 3.0, 1.0, 2.0, 3.0, 2.0, 1.0, 3.0, 3.0, 2.0, 1.0, 1.0, 3.0, 3.0, 3.0, 1.0, 3.0, 1.0, 1.0, 2.0, 2.0, 2.0, 1.0], [1.0, 3.0, 2.0, 1.0, 1.0, 2.0, 1.0, 3.0, 1.0, 1.0, 1.0, 1.0, 3.0, 1.0, 1.0, 1.0, 1.0, 1.0, 3.0, 1.0, 3.0, 1.0, 2.0, 3.0, 2.0, 1.0, 3.0, 3.0, 2.0, 1.0, 1.0, 3.0, 3.0, 3.0, 1.0, 3.0, 1.0, 1.0, 2.0, 2.0, 2.0, 1.0], [1.0, 3.0, 3.0, 1.0, 1.0, 1.0, 1.0, 2.0, 1.0, 1.0, 1.0, 1.0, 3.0, 1.0, 1.0, 1.0, 1.0, 1.0, 3.0, 1.0, 3.0, 1.0, 2.0, 3.0, 2.0, 1.0, 3.0, 3.0, 2.0, 1.0, 1.0, 3.0, 3.0, 3.0, 1.0, 3.0, 1.0, 1.0, 2.0, 1.0, 3.0, 2.0], [1.0, 3.0, 3.0, 1.0, 1.0, 1.0, 1.0, 1.0, 1.0, 1.0, 1.0, 1.0, 3.0, 1.0, 1.0, 1.0, 1.0, 1.0, 2.0, 1.0, 3.0, 1.0, 3.0, 3.0, 3.0, 1.0, 3.0, 3.0, 1.0, 1.0, 1.0, 3.0, 3.0, 3.0, 1.0, 3.0, 1.0, 1.0, 1.0, 2.0, 3.0, 1.0], [1.0, 2.0, 3.0, 1.0, 1.0, 2.0, 1.0, 1.0, 1.0, 1.0, 1.0, 1.0, 2.0, 1.0, 1.0, 1.0, 1.0, 1.0, 3.0, 1.0, 2.0, 1.0, 1.0, 3.0, 2.0, 1.0, 3.0, 3.0, 2.0, 1.0, 1.0, 3.0, 3.0, 3.0, 1.0, 3.0, 1.0, 1.0, 2.0, 2.0, 3.0, 1.0], [1.0, 2.0, 3.0, 1.0, 1.0, 1.0, 1.0, 2.0, 1.0, 1.0, 1.0, 1.0, 2.0, 1.0, 1.0, 1.0, 1.0, 1.0, 3.0, 1.0, 3.0, 1.0, 2.0, 3.0, 3.0, 1.0, 3.0, 3.0, 1.0, 1.0, 1.0, 3.0, 3.0, 3.0, 1.0, 3.0, 1.0, 1.0, 2.0, 2.0, 3.0, 1.0], [1.0, 3.0, 2.0, 1.0, 1.0, 3.0, 1.0, 1.0, 1.0, 0.0, 1.0, 1.0, 3.0, 1.0, 1.0, 1.0, 1.0, 1.0, 2.0, 1.0, 3.0, 1.0, 2.0, 3.0, 2.0, 1.0, 3.0, 3.0, 1.0, 1.0, 1.0, 3.0, 3.0, 2.0, 1.0, 3.0, 1.0, 1.0, 1.0, 2.0, 2.0, 1.0], [1.0, 2.0, 3.0, 1.0, 1.0, 2.0, 1.0, 2.0, 1.0, 1.0, 1.0, 1.0, 3.0, 1.0, 1.0, 1.0, 1.0, 1.0, 2.0, 1.0, 2.0, 1.0, 2.0, 3.0, 3.0, 1.0, 3.0, 3.0, 2.0, 1.0, 1.0, 3.0, 3.0, 3.0, 1.0, 3.0, 1.0, 1.0, 2.0, 2.0, 3.0, 1.0], [1.0, 2.0, 3.0, 1.0, 1.0, 2.0, 1.0, 1.0, 1.0, 1.0, 1.0, 1.0, 3.0, 1.0, 1.0, 1.0, 1.0, 1.0, 3.0, 1.0, 3.0, 1.0, 2.0, 3.0, 2.0, 1.0, 3.0, 3.0, 1.0, 1.0, 1.0, 3.0, 3.0, 3.0, 1.0, 3.0, 1.0, 1.0, 2.0, 2.0, 3.0, 2.0], [1.0, 3.0, 2.0, 1.0, 1.0, 3.0, 1.0, 1.0, 1.0, 1.0, 1.0, 1.0, 3.0, 1.0, 1.0, 1.0, 1.0, 1.0, 3.0, 1.0, 3.0, 1.0, 1.0, 3.0, 3.0, 1.0, 3.0, 3.0, 2.0, 1.0, 1.0, 3.0, 3.0, 3.0, 1.0, 3.0, 1.0, 1.0, 2.0, 2.0, 3.0, 1.0], [1.0, 2.0, 3.0, 1.0, 1.0, 3.0, 1.0, 2.0, 1.0, 1.0, 1.0, 1.0, 2.0, 1.0, 1.0, 1.0, 1.0, 1.0, 3.0, 1.0, 3.0, 1.0, 2.0, 3.0, 2.0, 1.0, 3.0, 3.0, 2.0, 1.0, 1.0, 3.0, 3.0, 3.0, 1.0, 3.0, 1.0, 1.0, 2.0, 2.0, 2.0, 1.0], [1.0, 3.0, 2.0, 1.0, 1.0, 3.0, 1.0, 1.0, 1.0, 1.0, 1.0, 1.0, 3.0, 1.0, 1.0, 1.0, 1.0, 1.0, 3.0, 1.0, 3.0, 1.0, 2.0, 3.0, 2.0, 1.0, 3.0, 3.0, 2.0, 1.0, 1.0, 1.0, 3.0, 3.0, 1.0, 2.0, 1.0, 1.0, 1.0, 2.0, 3.0, 1.0], [1.0, 3.0, 3.0, 1.0, 1.0, 2.0, 1.0, 1.0, 1.0, 1.0, 1.0, 1.0, 3.0, 1.0, 1.0, 1.0, 1.0, 1.0, 3.0, 1.0, 3.0, 1.0, 2.0, 3.0, 2.0, 1.0, 3.0, 3.0, 2.0, 1.0, 1.0, 3.0, 3.0, 3.0, 1.0, 3.0, 1.0, 1.0, 2.0, 2.0, 3.0, 1.0], [1.0, 3.0, 2.0, 1.0, 1.0, 2.0, 1.0, 1.0, 1.0, 1.0, 1.0, 1.0, 2.0, 1.0, 1.0, 1.0, 1.0, 1.0, 3.0, 1.0, 3.0, 1.0, 2.0, 3.0, 3.0, 1.0, 3.0, 3.0, 2.0, 1.0, 1.0, 3.0, 3.0, 2.0, 1.0, 3.0, 1.0, 1.0, 2.0, 2.0, 3.0, 1.0], [1.0, 3.0, 2.0, 1.0, 1.0, 3.0, 1.0, 2.0, 1.0, 1.0, 1.0, 1.0, 2.0, 1.0, 1.0, 1.0, 1.0, 1.0, 2.0, 1.0, 3.0, 1.0, 2.0, 3.0, 2.0, 1.0, 3.0, 3.0, 1.0, 1.0, 1.0, 3.0, 3.0, 1.0, 1.0, 3.0, 1.0, 1.0, 2.0, 2.0, 2.0, 3.0], [1.0, 2.0, 3.0, 1.0, 1.0, 2.0, 1.0, 2.0, 1.0, 1.0, 1.0, 1.0, 2.0, 1.0, 1.0, 1.0, 1.0, 1.0, 3.0, 1.0, 3.0, 1.0, 2.0, 3.0, 2.0, 1.0, 3.0, 3.0, 1.0, 1.0, 1.0, 3.0, 3.0, 3.0, 1.0, 3.0, 1.0, 1.0, 2.0, 2.0, 3.0, 2.0], [1.0, 3.0, 3.0, 1.0, 1.0, 2.0, 1.0, 2.0, 1.0, 1.0, 1.0, 1.0, 3.0, 1.0, 1.0, 1.0, 1.0, 1.0, 3.0, 1.0, 3.0, 1.0, 2.0, 3.0, 2.0, 1.0, 3.0, 3.0, 2.0, 1.0, 1.0, 3.0, 3.0, 3.0, 1.0, 3.0, 1.0, 1.0, 2.0, 2.0, 3.0, 1.0], [1.0, 3.0, 3.0, 1.0, 1.0, 2.0, 1.0, 3.0, 1.0, 1.0, 1.0, 1.0, 2.0, 1.0, 1.0, 1.0, 1.0, 1.0, 3.0, 1.0, 3.0, 1.0, 1.0, 3.0, 2.0, 1.0, 3.0, 2.0, 1.0, 1.0, 1.0, 3.0, 3.0, 3.0, 1.0, 3.0, 1.0, 1.0, 2.0, 2.0, 3.0, 2.0], [1.0, 2.0, 3.0, 1.0, 1.0, 3.0, 1.0, 1.0, 1.0, 1.0, 1.0, 1.0, 2.0, 1.0, 1.0, 1.0, 1.0, 1.0, 1.0, 1.0, 3.0, 1.0, 2.0, 3.0, 2.0, 1.0, 2.0, 3.0, 2.0, 1.0, 1.0, 3.0, 3.0, 3.0, 1.0, 3.0, 1.0, 1.0, 2.0, 2.0, 3.0, 2.0], [1.0, 3.0, 2.0, 1.0, 1.0, 3.0, 1.0, 2.0, 1.0, 1.0, 1.0, 1.0, 3.0, 1.0, 1.0, 1.0, 1.0, 1.0, 3.0, 1.0, 3.0, 1.0, 3.0, 3.0, 3.0, 1.0, 3.0, 1.0, 1.0, 1.0, 1.0, 3.0, 3.0, 3.0, 1.0, 3.0, 1.0, 1.0, 2.0, 2.0, 3.0, 2.0], [1.0, 3.0, 3.0, 1.0, 1.0, 2.0, 1.0, 1.0, 1.0, 1.0, 1.0, 1.0, 2.0, 1.0, 1.0, 1.0, 1.0, 1.0, 3.0, 1.0, 3.0, 1.0, 2.0, 2.0, 3.0, 1.0, 3.0, 3.0, 2.0, 1.0, 1.0, 3.0, 3.0, 3.0, 1.0, 3.0, 1.0, 1.0, 2.0, 2.0, 3.0, 1.0], [1.0, 1.0, 3.0, 1.0, 1.0, 2.0, 1.0, 2.0, 1.0, 1.0, 1.0, 1.0, 3.0, 1.0, 1.0, 1.0, 1.0, 1.0, 3.0, 1.0, 3.0, 1.0, 1.0, 3.0, 2.0, 1.0, 3.0, 3.0, 1.0, 1.0, 1.0, 3.0, 3.0, 3.0, 1.0, 3.0, 1.0, 1.0, 2.0, 2.0, 3.0, 1.0], [1.0, 3.0, 3.0, 1.0, 1.0, 2.0, 1.0, 1.0, 1.0, 1.0, 1.0, 1.0, 2.0, 1.0, 1.0, 1.0, 1.0, 1.0, 3.0, 1.0, 3.0, 1.0, 2.0, 3.0, 3.0, 1.0, 3.0, 2.0, 2.0, 1.0, 1.0, 3.0, 3.0, 3.0, 1.0, 3.0, 1.0, 1.0, 1.0, 1.0, 3.0, 1.0], [1.0, 2.0, 3.0, 1.0, 1.0, 2.0, 1.0, 2.0, 1.0, 1.0, 1.0, 1.0, 3.0, 1.0, 1.0, 1.0, 1.0, 1.0, 3.0, 1.0, 3.0, 1.0, 1.0, 3.0, 1.0, 1.0, 3.0, 3.0, 1.0, 1.0, 1.0, 3.0, 3.0, 3.0, 1.0, 3.0, 1.0, 1.0, 2.0, 2.0, 2.0, 1.0], [1.0, 3.0, 2.0, 1.0, 1.0, 3.0, 1.0, 2.0, 1.0, 1.0, 1.0, 1.0, 2.0, 1.0, 1.0, 1.0, 1.0, 1.0, 3.0, 1.0, 3.0, 1.0, 2.0, 3.0, 3.0, 1.0, 3.0, 3.0, 2.0, 1.0, 1.0, 3.0, 3.0, 3.0, 1.0, 3.0, 1.0, 1.0, 2.0, 2.0, 3.0, 1.0]]

first layer check: Conv2d(9, 64, kernel_size=(7, 7), stride=(2, 2), padding=(3, 3), bias=False)

for model 2: mode acc: 0.6428571343421936, run mean acc: 0.6212499737739563, top-2 acc:0.8837499022483826, mode f1: 0.6428571343421936

model 2 mode preds
[1.0, 3.0, 3.0, 1.0, 0.0, 3.0, 1.0, 1.0, 1.0, 0.0, 1.0, 1.0, 3.0, 1.0, 1.0, 1.0, 1.0, 1.0, 3.0, 0.0, 3.0, 1.0, 2.0, 3.0, 2.0, 1.0, 3.0, 3.0, 0.0, 1.0, 1.0, 3.0, 3.0, 3.0, 1.0, 3.0, 1.0, 1.0, 1.0, 2.0, 3.0, 1.0]

model 2 all preds
[[1.0, 3.0, 3.0, 1.0, 0.0, 3.0, 1.0, 1.0, 1.0, 0.0, 2.0, 1.0, 3.0, 1.0, 1.0, 1.0, 1.0, 0.0, 3.0, 0.0, 3.0, 1.0, 2.0, 3.0, 2.0, 1.0, 3.0, 3.0, 0.0, 1.0, 1.0, 1.0, 3.0, 3.0, 1.0, 3.0, 1.0, 1.0, 2.0, 2.0, 3.0, 1.0], [1.0, 3.0, 3.0, 1.0, 0.0, 3.0, 1.0, 1.0, 1.0, 0.0, 2.0, 1.0, 3.0, 0.0, 1.0, 1.0, 1.0, 0.0, 3.0, 0.0, 3.0, 1.0, 1.0, 3.0, 3.0, 1.0, 3.0, 3.0, 1.0, 1.0, 0.0, 3.0, 3.0, 2.0, 1.0, 3.0, 1.0, 1.0, 2.0, 0.0, 3.0, 1.0], [1.0, 3.0, 3.0, 1.0, 0.0, 3.0, 1.0, 2.0, 1.0, 0.0, 1.0, 1.0, 3.0, 1.0, 1.0, 1.0, 1.0, 1.0, 3.0, 0.0, 3.0, 1.0, 2.0, 3.0, 2.0, 1.0, 3.0, 3.0, 0.0, 1.0, 1.0, 1.0, 3.0, 3.0, 1.0, 2.0, 1.0, 1.0, 2.0, 2.0, 3.0, 1.0], [0.0, 3.0, 3.0, 1.0, 0.0, 2.0, 1.0, 1.0, 1.0, 1.0, 1.0, 0.0, 2.0, 0.0, 1.0, 1.0, 1.0, 1.0, 1.0, 0.0, 3.0, 1.0, 3.0, 3.0, 2.0, 1.0, 3.0, 3.0, 0.0, 1.0, 1.0, 1.0, 3.0, 2.0, 1.0, 3.0, 1.0, 1.0, 1.0, 2.0, 3.0, 1.0], [1.0, 3.0, 3.0, 1.0, 0.0, 3.0, 1.0, 1.0, 1.0, 1.0, 1.0, 1.0, 2.0, 1.0, 1.0, 1.0, 1.0, 1.0, 3.0, 0.0, 3.0, 1.0, 2.0, 3.0, 2.0, 1.0, 3.0, 3.0, 1.0, 1.0, 1.0, 3.0, 3.0, 3.0, 1.0, 3.0, 1.0, 1.0, 2.0, 1.0, 3.0, 1.0], [1.0, 3.0, 3.0, 1.0, 0.0, 2.0, 1.0, 2.0, 1.0, 0.0, 1.0, 1.0, 2.0, 1.0, 1.0, 1.0, 1.0, 1.0, 3.0, 0.0, 3.0, 1.0, 2.0, 3.0, 2.0, 1.0, 3.0, 3.0, 0.0, 1.0, 1.0, 3.0, 3.0, 3.0, 1.0, 2.0, 1.0, 1.0, 1.0, 1.0, 3.0, 1.0], [1.0, 3.0, 3.0, 1.0, 0.0, 1.0, 1.0, 1.0, 1.0, 0.0, 1.0, 1.0, 3.0, 1.0, 1.0, 1.0, 1.0, 0.0, 3.0, 0.0, 3.0, 1.0, 2.0, 3.0, 1.0, 1.0, 3.0, 3.0, 0.0, 1.0, 1.0, 3.0, 3.0, 1.0, 1.0, 3.0, 1.0, 1.0, 1.0, 2.0, 2.0, 1.0], [0.0, 3.0, 3.0, 1.0, 0.0, 3.0, 1.0, 1.0, 1.0, 0.0, 1.0, 1.0, 3.0, 1.0, 1.0, 1.0, 1.0, 1.0, 2.0, 0.0, 3.0, 1.0, 2.0, 3.0, 2.0, 1.0, 3.0, 3.0, 0.0, 1.0, 1.0, 3.0, 3.0, 2.0, 1.0, 3.0, 1.0, 1.0, 1.0, 1.0, 3.0, 1.0], [1.0, 2.0, 3.0, 1.0, 0.0, 1.0, 1.0, 2.0, 1.0, 1.0, 1.0, 1.0, 2.0, 0.0, 1.0, 1.0, 1.0, 1.0, 3.0, 0.0, 3.0, 0.0, 2.0, 3.0, 2.0, 1.0, 3.0, 3.0, 0.0, 1.0, 1.0, 3.0, 3.0, 3.0, 1.0, 3.0, 1.0, 1.0, 1.0, 1.0, 3.0, 1.0], [0.0, 3.0, 3.0, 1.0, 0.0, 3.0, 0.0, 1.0, 1.0, 0.0, 2.0, 1.0, 2.0, 1.0, 1.0, 1.0, 1.0, 0.0, 3.0, 0.0, 1.0, 1.0, 0.0, 3.0, 2.0, 1.0, 3.0, 3.0, 1.0, 1.0, 1.0, 2.0, 3.0, 3.0, 1.0, 3.0, 1.0, 1.0, 1.0, 2.0, 3.0, 2.0], [1.0, 3.0, 3.0, 1.0, 0.0, 3.0, 1.0, 2.0, 1.0, 0.0, 1.0, 1.0, 3.0, 0.0, 1.0, 1.0, 1.0, 1.0, 1.0, 0.0, 3.0, 1.0, 2.0, 3.0, 2.0, 1.0, 3.0, 3.0, 1.0, 1.0, 1.0, 1.0, 3.0, 3.0, 1.0, 2.0, 1.0, 1.0, 1.0, 2.0, 3.0, 1.0], [0.0, 3.0, 3.0, 1.0, 0.0, 3.0, 1.0, 2.0, 1.0, 1.0, 2.0, 1.0, 2.0, 1.0, 1.0, 1.0, 1.0, 1.0, 3.0, 0.0, 3.0, 1.0, 1.0, 3.0, 2.0, 1.0, 3.0, 3.0, 0.0, 1.0, 1.0, 3.0, 3.0, 3.0, 1.0, 3.0, 1.0, 1.0, 1.0, 2.0, 3.0, 1.0], [1.0, 3.0, 3.0, 1.0, 0.0, 1.0, 1.0, 2.0, 1.0, 0.0, 2.0, 1.0, 2.0, 1.0, 1.0, 1.0, 1.0, 1.0, 3.0, 0.0, 3.0, 1.0, 2.0, 3.0, 3.0, 1.0, 3.0, 3.0, 0.0, 1.0, 1.0, 3.0, 3.0, 3.0, 1.0, 2.0, 1.0, 1.0, 2.0, 2.0, 2.0, 1.0], [1.0, 3.0, 3.0, 1.0, 0.0, 3.0, 1.0, 1.0, 1.0, 0.0, 1.0, 1.0, 3.0, 0.0, 1.0, 1.0, 1.0, 0.0, 1.0, 0.0, 3.0, 1.0, 2.0, 3.0, 2.0, 1.0, 3.0, 3.0, 1.0, 1.0, 1.0, 1.0, 3.0, 3.0, 1.0, 3.0, 1.0, 1.0, 1.0, 2.0, 3.0, 1.0], [1.0, 3.0, 3.0, 1.0, 0.0, 1.0, 0.0, 1.0, 1.0, 0.0, 2.0, 1.0, 2.0, 0.0, 1.0, 1.0, 1.0, 1.0, 3.0, 0.0, 3.0, 0.0, 1.0, 3.0, 2.0, 1.0, 3.0, 3.0, 0.0, 1.0, 1.0, 2.0, 3.0, 2.0, 1.0, 3.0, 1.0, 1.0, 2.0, 2.0, 2.0, 1.0], [1.0, 3.0, 3.0, 1.0, 0.0, 3.0, 0.0, 1.0, 1.0, 1.0, 2.0, 0.0, 2.0, 1.0, 1.0, 1.0, 1.0, 0.0, 3.0, 0.0, 3.0, 1.0, 2.0, 3.0, 2.0, 1.0, 3.0, 3.0, 0.0, 1.0, 1.0, 3.0, 3.0, 3.0, 1.0, 3.0, 1.0, 1.0, 1.0, 2.0, 3.0, 1.0], [0.0, 3.0, 3.0, 1.0, 0.0, 2.0, 1.0, 2.0, 1.0, 0.0, 1.0, 1.0, 1.0, 1.0, 1.0, 1.0, 1.0, 0.0, 3.0, 0.0, 3.0, 1.0, 2.0, 3.0, 3.0, 1.0, 3.0, 3.0, 0.0, 1.0, 1.0, 3.0, 3.0, 3.0, 1.0, 3.0, 1.0, 1.0, 1.0, 0.0, 3.0, 1.0], [1.0, 3.0, 3.0, 1.0, 0.0, 3.0, 1.0, 2.0, 1.0, 0.0, 1.0, 1.0, 2.0, 0.0, 1.0, 1.0, 1.0, 1.0, 1.0, 0.0, 3.0, 1.0, 2.0, 3.0, 2.0, 1.0, 2.0, 3.0, 1.0, 1.0, 1.0, 2.0, 3.0, 3.0, 1.0, 3.0, 1.0, 1.0, 1.0, 2.0, 3.0, 2.0], [1.0, 3.0, 3.0, 1.0, 0.0, 3.0, 1.0, 1.0, 1.0, 0.0, 1.0, 1.0, 3.0, 0.0, 1.0, 1.0, 1.0, 0.0, 3.0, 0.0, 3.0, 1.0, 2.0, 3.0, 3.0, 1.0, 3.0, 3.0, 1.0, 1.0, 1.0, 2.0, 3.0, 2.0, 1.0, 3.0, 1.0, 1.0, 1.0, 2.0, 3.0, 1.0], [0.0, 3.0, 3.0, 1.0, 0.0, 3.0, 1.0, 1.0, 1.0, 0.0, 1.0, 1.0, 1.0, 0.0, 1.0, 1.0, 1.0, 1.0, 2.0, 0.0, 3.0, 1.0, 2.0, 3.0, 2.0, 0.0, 3.0, 3.0, 0.0, 1.0, 1.0, 2.0, 3.0, 3.0, 1.0, 3.0, 1.0, 1.0, 1.0, 2.0, 3.0, 1.0], [0.0, 3.0, 3.0, 1.0, 0.0, 3.0, 1.0, 2.0, 1.0, 1.0, 2.0, 1.0, 3.0, 1.0, 1.0, 1.0, 1.0, 1.0, 2.0, 0.0, 3.0, 1.0, 2.0, 3.0, 2.0, 1.0, 3.0, 3.0, 0.0, 1.0, 1.0, 3.0, 3.0, 2.0, 1.0, 3.0, 1.0, 1.0, 2.0, 0.0, 3.0, 2.0], [0.0, 3.0, 3.0, 1.0, 0.0, 3.0, 1.0, 2.0, 1.0, 1.0, 1.0, 1.0, 2.0, 0.0, 1.0, 1.0, 1.0, 0.0, 3.0, 0.0, 3.0, 0.0, 2.0, 3.0, 3.0, 1.0, 3.0, 3.0, 0.0, 1.0, 1.0, 2.0, 3.0, 3.0, 1.0, 3.0, 1.0, 1.0, 1.0, 0.0, 3.0, 2.0], [1.0, 3.0, 3.0, 1.0, 0.0, 3.0, 1.0, 1.0, 1.0, 0.0, 1.0, 1.0, 1.0, 1.0, 1.0, 1.0, 1.0, 0.0, 3.0, 0.0, 3.0, 1.0, 2.0, 3.0, 2.0, 1.0, 3.0, 3.0, 1.0, 1.0, 1.0, 2.0, 3.0, 2.0, 1.0, 3.0, 1.0, 1.0, 1.0, 2.0, 3.0, 1.0], [1.0, 3.0, 3.0, 1.0, 0.0, 3.0, 0.0, 1.0, 1.0, 0.0, 2.0, 1.0, 3.0, 1.0, 1.0, 1.0, 1.0, 1.0, 3.0, 0.0, 3.0, 1.0, 2.0, 3.0, 2.0, 0.0, 3.0, 2.0, 1.0, 1.0, 1.0, 3.0, 3.0, 3.0, 1.0, 3.0, 1.0, 1.0, 1.0, 1.0, 3.0, 1.0], [0.0, 3.0, 3.0, 1.0, 0.0, 3.0, 1.0, 1.0, 1.0, 1.0, 1.0, 1.0, 2.0, 1.0, 1.0, 1.0, 1.0, 1.0, 2.0, 0.0, 3.0, 0.0, 1.0, 2.0, 2.0, 1.0, 3.0, 3.0, 1.0, 1.0, 1.0, 1.0, 3.0, 3.0, 1.0, 3.0, 1.0, 1.0, 2.0, 1.0, 3.0, 1.0], [1.0, 3.0, 3.0, 1.0, 0.0, 3.0, 0.0, 2.0, 1.0, 0.0, 1.0, 0.0, 2.0, 1.0, 1.0, 1.0, 1.0, 1.0, 1.0, 0.0, 3.0, 1.0, 2.0, 3.0, 1.0, 1.0, 2.0, 3.0, 1.0, 1.0, 1.0, 3.0, 3.0, 2.0, 1.0, 2.0, 1.0, 1.0, 2.0, 2.0, 2.0, 1.0], [1.0, 3.0, 3.0, 1.0, 0.0, 3.0, 1.0, 1.0, 1.0, 0.0, 1.0, 1.0, 3.0, 1.0, 1.0, 1.0, 1.0, 1.0, 2.0, 0.0, 3.0, 1.0, 2.0, 3.0, 2.0, 1.0, 3.0, 3.0, 0.0, 1.0, 1.0, 2.0, 3.0, 2.0, 1.0, 2.0, 1.0, 1.0, 1.0, 2.0, 3.0, 1.0], [1.0, 2.0, 3.0, 1.0, 0.0, 3.0, 1.0, 1.0, 1.0, 0.0, 1.0, 1.0, 3.0, 0.0, 1.0, 1.0, 1.0, 0.0, 3.0, 1.0, 3.0, 1.0, 2.0, 3.0, 2.0, 1.0, 3.0, 3.0, 1.0, 1.0, 1.0, 2.0, 3.0, 2.0, 1.0, 3.0, 1.0, 1.0, 1.0, 2.0, 2.0, 1.0], [0.0, 3.0, 3.0, 1.0, 0.0, 3.0, 1.0, 1.0, 1.0, 0.0, 1.0, 1.0, 3.0, 1.0, 1.0, 1.0, 1.0, 1.0, 3.0, 0.0, 3.0, 1.0, 2.0, 3.0, 3.0, 1.0, 3.0, 3.0, 0.0, 1.0, 1.0, 3.0, 3.0, 3.0, 1.0, 2.0, 1.0, 1.0, 1.0, 1.0, 3.0, 1.0], [0.0, 3.0, 3.0, 1.0, 0.0, 3.0, 1.0, 1.0, 1.0, 0.0, 1.0, 1.0, 3.0, 0.0, 1.0, 1.0, 1.0, 0.0, 3.0, 0.0, 3.0, 0.0, 2.0, 3.0, 3.0, 1.0, 3.0, 3.0, 0.0, 1.0, 1.0, 1.0, 3.0, 3.0, 1.0, 3.0, 1.0, 1.0, 2.0, 2.0, 3.0, 1.0], [1.0, 3.0, 3.0, 1.0, 0.0, 1.0, 1.0, 2.0, 1.0, 1.0, 1.0, 1.0, 3.0, 1.0, 1.0, 1.0, 1.0, 0.0, 3.0, 0.0, 3.0, 0.0, 0.0, 3.0, 3.0, 1.0, 3.0, 3.0, 0.0, 1.0, 1.0, 3.0, 3.0, 2.0, 1.0, 3.0, 1.0, 1.0, 1.0, 0.0, 3.0, 1.0], [1.0, 3.0, 3.0, 1.0, 0.0, 3.0, 1.0, 2.0, 1.0, 1.0, 1.0, 0.0, 3.0, 0.0, 1.0, 1.0, 1.0, 1.0, 3.0, 0.0, 3.0, 0.0, 1.0, 3.0, 2.0, 1.0, 3.0, 3.0, 0.0, 1.0, 1.0, 2.0, 3.0, 3.0, 1.0, 3.0, 1.0, 1.0, 1.0, 1.0, 3.0, 1.0], [1.0, 3.0, 3.0, 1.0, 0.0, 3.0, 1.0, 1.0, 1.0, 0.0, 1.0, 1.0, 2.0, 1.0, 1.0, 1.0, 1.0, 1.0, 3.0, 0.0, 3.0, 0.0, 2.0, 3.0, 2.0, 1.0, 3.0, 3.0, 0.0, 1.0, 1.0, 3.0, 3.0, 3.0, 1.0, 3.0, 1.0, 1.0, 2.0, 0.0, 3.0, 1.0], [0.0, 3.0, 3.0, 1.0, 0.0, 3.0, 1.0, 2.0, 1.0, 0.0, 1.0, 1.0, 3.0, 1.0, 1.0, 1.0, 1.0, 0.0, 3.0, 0.0, 3.0, 1.0, 2.0, 3.0, 2.0, 1.0, 3.0, 3.0, 1.0, 1.0, 1.0, 3.0, 1.0, 3.0, 1.0, 3.0, 1.0, 1.0, 2.0, 2.0, 3.0, 1.0], [0.0, 3.0, 3.0, 1.0, 0.0, 3.0, 1.0, 1.0, 0.0, 1.0, 1.0, 1.0, 3.0, 1.0, 1.0, 1.0, 1.0, 1.0, 3.0, 0.0, 3.0, 1.0, 1.0, 3.0, 2.0, 1.0, 3.0, 1.0, 1.0, 1.0, 1.0, 3.0, 3.0, 3.0, 1.0, 3.0, 1.0, 1.0, 1.0, 2.0, 3.0, 1.0], [1.0, 3.0, 3.0, 1.0, 0.0, 2.0, 1.0, 2.0, 1.0, 0.0, 1.0, 1.0, 3.0, 1.0, 1.0, 1.0, 1.0, 1.0, 3.0, 0.0, 3.0, 0.0, 2.0, 3.0, 2.0, 1.0, 3.0, 3.0, 0.0, 1.0, 1.0, 3.0, 2.0, 3.0, 1.0, 3.0, 1.0, 1.0, 1.0, 1.0, 3.0, 1.0], [1.0, 3.0, 3.0, 1.0, 0.0, 1.0, 1.0, 2.0, 1.0, 0.0, 1.0, 1.0, 3.0, 1.0, 1.0, 1.0, 1.0, 1.0, 1.0, 0.0, 3.0, 1.0, 2.0, 3.0, 3.0, 1.0, 3.0, 3.0, 0.0, 1.0, 1.0, 2.0, 3.0, 3.0, 1.0, 3.0, 1.0, 1.0, 2.0, 2.0, 3.0, 1.0], [1.0, 2.0, 3.0, 1.0, 0.0, 1.0, 1.0, 1.0, 1.0, 1.0, 2.0, 1.0, 3.0, 1.0, 1.0, 1.0, 1.0, 1.0, 3.0, 0.0, 3.0, 1.0, 2.0, 3.0, 2.0, 1.0, 3.0, 3.0, 1.0, 1.0, 1.0, 2.0, 3.0, 3.0, 1.0, 1.0, 1.0, 1.0, 1.0, 2.0, 3.0, 1.0], [1.0, 3.0, 3.0, 1.0, 0.0, 1.0, 1.0, 2.0, 1.0, 1.0, 1.0, 1.0, 2.0, 1.0, 1.0, 1.0, 1.0, 1.0, 3.0, 0.0, 3.0, 1.0, 2.0, 3.0, 2.0, 0.0, 3.0, 3.0, 0.0, 1.0, 1.0, 2.0, 3.0, 3.0, 1.0, 3.0, 1.0, 1.0, 2.0, 0.0, 3.0, 2.0], [1.0, 3.0, 3.0, 1.0, 0.0, 1.0, 1.0, 1.0, 1.0, 1.0, 1.0, 1.0, 2.0, 1.0, 1.0, 1.0, 1.0, 1.0, 3.0, 0.0, 3.0, 1.0, 2.0, 3.0, 2.0, 1.0, 3.0, 3.0, 1.0, 1.0, 1.0, 2.0, 3.0, 3.0, 1.0, 3.0, 1.0, 1.0, 2.0, 2.0, 2.0, 2.0], [1.0, 3.0, 3.0, 1.0, 0.0, 1.0, 1.0, 1.0, 1.0, 0.0, 1.0, 1.0, 3.0, 0.0, 1.0, 1.0, 1.0, 0.0, 1.0, 0.0, 3.0, 1.0, 3.0, 3.0, 2.0, 1.0, 3.0, 3.0, 0.0, 1.0, 1.0, 1.0, 3.0, 2.0, 1.0, 2.0, 1.0, 1.0, 1.0, 2.0, 3.0, 1.0], [1.0, 3.0, 3.0, 1.0, 0.0, 3.0, 1.0, 1.0, 1.0, 1.0, 1.0, 0.0, 2.0, 1.0, 1.0, 1.0, 1.0, 1.0, 2.0, 1.0, 3.0, 0.0, 2.0, 3.0, 2.0, 1.0, 3.0, 3.0, 1.0, 1.0, 1.0, 2.0, 3.0, 3.0, 1.0, 3.0, 1.0, 1.0, 1.0, 2.0, 3.0, 1.0], [1.0, 3.0, 3.0, 1.0, 0.0, 2.0, 1.0, 1.0, 1.0, 0.0, 1.0, 1.0, 2.0, 1.0, 1.0, 1.0, 1.0, 1.0, 3.0, 0.0, 3.0, 1.0, 2.0, 3.0, 1.0, 1.0, 3.0, 3.0, 1.0, 1.0, 1.0, 1.0, 3.0, 3.0, 1.0, 3.0, 1.0, 1.0, 2.0, 2.0, 3.0, 1.0], [1.0, 3.0, 3.0, 1.0, 0.0, 2.0, 0.0, 1.0, 1.0, 1.0, 1.0, 1.0, 3.0, 0.0, 1.0, 1.0, 1.0, 0.0, 2.0, 0.0, 3.0, 0.0, 2.0, 3.0, 2.0, 1.0, 3.0, 3.0, 0.0, 1.0, 1.0, 2.0, 3.0, 3.0, 1.0, 3.0, 1.0, 1.0, 1.0, 0.0, 3.0, 1.0], [1.0, 3.0, 3.0, 1.0, 0.0, 1.0, 1.0, 1.0, 1.0, 0.0, 1.0, 1.0, 2.0, 1.0, 1.0, 1.0, 1.0, 1.0, 3.0, 0.0, 3.0, 1.0, 2.0, 3.0, 2.0, 1.0, 3.0, 3.0, 0.0, 1.0, 1.0, 1.0, 3.0, 3.0, 1.0, 3.0, 1.0, 1.0, 1.0, 0.0, 3.0, 1.0], [1.0, 3.0, 3.0, 1.0, 0.0, 2.0, 1.0, 2.0, 1.0, 1.0, 2.0, 1.0, 3.0, 0.0, 1.0, 1.0, 1.0, 1.0, 3.0, 0.0, 3.0, 1.0, 3.0, 3.0, 2.0, 1.0, 3.0, 3.0, 1.0, 1.0, 1.0, 1.0, 3.0, 3.0, 1.0, 3.0, 1.0, 1.0, 1.0, 2.0, 3.0, 1.0], [1.0, 3.0, 3.0, 1.0, 0.0, 1.0, 1.0, 1.0, 1.0, 1.0, 0.0, 1.0, 3.0, 0.0, 1.0, 1.0, 1.0, 1.0, 3.0, 0.0, 3.0, 1.0, 2.0, 3.0, 2.0, 1.0, 3.0, 3.0, 0.0, 1.0, 1.0, 2.0, 3.0, 3.0, 1.0, 2.0, 1.0, 1.0, 2.0, 2.0, 3.0, 1.0], [1.0, 3.0, 3.0, 1.0, 0.0, 3.0, 1.0, 1.0, 1.0, 0.0, 1.0, 1.0, 2.0, 1.0, 1.0, 1.0, 1.0, 0.0, 3.0, 0.0, 3.0, 0.0, 2.0, 3.0, 2.0, 1.0, 3.0, 3.0, 1.0, 1.0, 1.0, 2.0, 3.0, 3.0, 1.0, 3.0, 1.0, 1.0, 1.0, 2.0, 3.0, 1.0], [1.0, 3.0, 3.0, 1.0, 0.0, 3.0, 1.0, 2.0, 1.0, 0.0, 1.0, 1.0, 1.0, 1.0, 1.0, 1.0, 1.0, 0.0, 1.0, 0.0, 3.0, 1.0, 2.0, 3.0, 2.0, 1.0, 3.0, 3.0, 1.0, 1.0, 1.0, 2.0, 3.0, 3.0, 1.0, 3.0, 1.0, 1.0, 1.0, 2.0, 3.0, 1.0], [1.0, 3.0, 3.0, 1.0, 0.0, 1.0, 1.0, 1.0, 1.0, 1.0, 1.0, 1.0, 1.0, 0.0, 1.0, 1.0, 1.0, 1.0, 3.0, 0.0, 3.0, 1.0, 2.0, 3.0, 2.0, 1.0, 3.0, 3.0, 0.0, 1.0, 1.0, 3.0, 3.0, 3.0, 1.0, 3.0, 1.0, 1.0, 1.0, 2.0, 3.0, 1.0]]

first layer check: Conv2d(9, 64, kernel_size=(7, 7), stride=(2, 2), padding=(3, 3), bias=False)

for model 3: mode acc: 0.6666666865348816, run mean acc: 0.6349999904632568, top-2 acc:0.8550000190734863, mode f1: 0.6666666865348816

model 3 mode preds
[1.0, 3.0, 3.0, 1.0, 0.0, 3.0, 1.0, 1.0, 1.0, 0.0, 1.0, 1.0, 3.0, 1.0, 1.0, 1.0, 1.0, 1.0, 3.0, 1.0, 3.0, 1.0, 1.0, 3.0, 1.0, 1.0, 3.0, 3.0, 1.0, 1.0, 1.0, 3.0, 3.0, 3.0, 1.0, 3.0, 1.0, 1.0, 2.0, 2.0, 3.0, 1.0]

model 3 all preds
[[1.0, 3.0, 3.0, 1.0, 0.0, 3.0, 1.0, 1.0, 1.0, 0.0, 1.0, 1.0, 3.0, 1.0, 1.0, 1.0, 1.0, 1.0, 3.0, 1.0, 3.0, 1.0, 1.0, 3.0, 1.0, 1.0, 3.0, 3.0, 1.0, 1.0, 1.0, 1.0, 3.0, 3.0, 1.0, 3.0, 1.0, 1.0, 2.0, 1.0, 1.0, 1.0], [1.0, 3.0, 2.0, 1.0, 0.0, 3.0, 1.0, 1.0, 1.0, 0.0, 1.0, 1.0, 3.0, 1.0, 1.0, 1.0, 1.0, 1.0, 3.0, 1.0, 3.0, 1.0, 1.0, 3.0, 3.0, 1.0, 2.0, 3.0, 1.0, 1.0, 1.0, 2.0, 3.0, 3.0, 1.0, 3.0, 1.0, 1.0, 2.0, 2.0, 3.0, 1.0], [1.0, 3.0, 3.0, 1.0, 0.0, 3.0, 1.0, 1.0, 1.0, 0.0, 1.0, 1.0, 2.0, 1.0, 1.0, 1.0, 1.0, 1.0, 1.0, 1.0, 3.0, 1.0, 1.0, 2.0, 2.0, 1.0, 3.0, 3.0, 1.0, 1.0, 1.0, 3.0, 3.0, 2.0, 1.0, 3.0, 1.0, 1.0, 1.0, 0.0, 3.0, 1.0], [1.0, 3.0, 3.0, 1.0, 0.0, 3.0, 1.0, 2.0, 1.0, 1.0, 1.0, 1.0, 3.0, 1.0, 1.0, 1.0, 1.0, 1.0, 3.0, 1.0, 3.0, 1.0, 1.0, 3.0, 1.0, 1.0, 3.0, 3.0, 1.0, 1.0, 1.0, 3.0, 3.0, 1.0, 1.0, 3.0, 1.0, 1.0, 1.0, 2.0, 3.0, 2.0], [1.0, 3.0, 3.0, 1.0, 0.0, 1.0, 1.0, 1.0, 1.0, 1.0, 1.0, 1.0, 3.0, 1.0, 1.0, 1.0, 1.0, 1.0, 1.0, 1.0, 3.0, 1.0, 2.0, 3.0, 2.0, 0.0, 3.0, 3.0, 1.0, 1.0, 0.0, 3.0, 3.0, 2.0, 1.0, 3.0, 1.0, 1.0, 2.0, 1.0, 3.0, 2.0], [1.0, 3.0, 3.0, 1.0, 0.0, 3.0, 1.0, 1.0, 1.0, 0.0, 1.0, 1.0, 3.0, 1.0, 1.0, 1.0, 1.0, 1.0, 1.0, 1.0, 3.0, 1.0, 2.0, 3.0, 1.0, 0.0, 3.0, 3.0, 1.0, 1.0, 1.0, 3.0, 3.0, 1.0, 1.0, 3.0, 1.0, 1.0, 1.0, 0.0, 3.0, 1.0], [1.0, 3.0, 3.0, 1.0, 0.0, 3.0, 1.0, 2.0, 1.0, 1.0, 1.0, 1.0, 3.0, 1.0, 1.0, 1.0, 1.0, 1.0, 3.0, 1.0, 3.0, 1.0, 1.0, 3.0, 2.0, 1.0, 3.0, 3.0, 1.0, 1.0, 1.0, 2.0, 3.0, 3.0, 1.0, 3.0, 1.0, 1.0, 2.0, 0.0, 1.0, 2.0], [1.0, 3.0, 2.0, 1.0, 0.0, 2.0, 1.0, 1.0, 1.0, 1.0, 1.0, 1.0, 2.0, 1.0, 1.0, 1.0, 1.0, 0.0, 1.0, 1.0, 3.0, 1.0, 1.0, 2.0, 1.0, 1.0, 3.0, 3.0, 1.0, 1.0, 1.0, 2.0, 3.0, 3.0, 1.0, 3.0, 1.0, 1.0, 2.0, 2.0, 3.0, 1.0], [1.0, 3.0, 3.0, 1.0, 0.0, 3.0, 1.0, 2.0, 1.0, 0.0, 1.0, 1.0, 2.0, 1.0, 1.0, 1.0, 1.0, 1.0, 1.0, 1.0, 3.0, 1.0, 1.0, 3.0, 2.0, 1.0, 3.0, 3.0, 1.0, 1.0, 0.0, 2.0, 3.0, 1.0, 1.0, 3.0, 1.0, 1.0, 1.0, 1.0, 3.0, 2.0], [1.0, 3.0, 3.0, 1.0, 0.0, 1.0, 1.0, 1.0, 1.0, 1.0, 1.0, 1.0, 3.0, 1.0, 1.0, 1.0, 1.0, 1.0, 3.0, 1.0, 3.0, 1.0, 1.0, 3.0, 1.0, 1.0, 2.0, 3.0, 1.0, 1.0, 1.0, 2.0, 3.0, 3.0, 1.0, 3.0, 1.0, 1.0, 2.0, 0.0, 3.0, 1.0], [1.0, 3.0, 3.0, 1.0, 0.0, 2.0, 1.0, 2.0, 1.0, 1.0, 1.0, 1.0, 3.0, 1.0, 1.0, 1.0, 1.0, 1.0, 1.0, 1.0, 3.0, 1.0, 2.0, 3.0, 2.0, 1.0, 3.0, 3.0, 1.0, 1.0, 1.0, 2.0, 3.0, 3.0, 1.0, 3.0, 1.0, 1.0, 2.0, 1.0, 3.0, 2.0], [1.0, 3.0, 3.0, 1.0, 0.0, 3.0, 1.0, 2.0, 1.0, 0.0, 1.0, 1.0, 3.0, 1.0, 1.0, 1.0, 1.0, 1.0, 3.0, 1.0, 3.0, 1.0, 2.0, 3.0, 2.0, 1.0, 1.0, 3.0, 1.0, 1.0, 0.0, 3.0, 3.0, 3.0, 1.0, 3.0, 1.0, 1.0, 1.0, 0.0, 2.0, 1.0], [1.0, 3.0, 3.0, 1.0, 0.0, 3.0, 1.0, 1.0, 1.0, 1.0, 1.0, 1.0, 3.0, 1.0, 1.0, 1.0, 1.0, 0.0, 1.0, 1.0, 3.0, 1.0, 1.0, 3.0, 2.0, 1.0, 3.0, 3.0, 1.0, 1.0, 1.0, 3.0, 3.0, 2.0, 1.0, 3.0, 1.0, 1.0, 1.0, 1.0, 2.0, 1.0], [1.0, 3.0, 3.0, 1.0, 0.0, 3.0, 1.0, 1.0, 1.0, 1.0, 1.0, 1.0, 3.0, 1.0, 1.0, 1.0, 1.0, 1.0, 3.0, 1.0, 3.0, 1.0, 1.0, 3.0, 3.0, 1.0, 3.0, 3.0, 1.0, 1.0, 0.0, 3.0, 3.0, 3.0, 1.0, 2.0, 1.0, 1.0, 1.0, 0.0, 3.0, 1.0], [1.0, 3.0, 3.0, 1.0, 0.0, 3.0, 1.0, 1.0, 1.0, 1.0, 1.0, 1.0, 3.0, 1.0, 1.0, 1.0, 1.0, 1.0, 3.0, 1.0, 3.0, 1.0, 2.0, 3.0, 3.0, 1.0, 3.0, 3.0, 1.0, 1.0, 1.0, 3.0, 1.0, 3.0, 1.0, 3.0, 1.0, 1.0, 1.0, 2.0, 3.0, 1.0], [1.0, 3.0, 3.0, 1.0, 0.0, 3.0, 1.0, 1.0, 1.0, 0.0, 1.0, 1.0, 1.0, 1.0, 1.0, 1.0, 1.0, 1.0, 3.0, 1.0, 3.0, 1.0, 3.0, 3.0, 1.0, 1.0, 3.0, 3.0, 1.0, 1.0, 1.0, 2.0, 3.0, 3.0, 1.0, 3.0, 1.0, 1.0, 1.0, 1.0, 3.0, 1.0], [1.0, 3.0, 2.0, 1.0, 0.0, 3.0, 1.0, 2.0, 1.0, 1.0, 1.0, 1.0, 2.0, 1.0, 1.0, 1.0, 1.0, 1.0, 3.0, 1.0, 3.0, 1.0, 2.0, 3.0, 1.0, 1.0, 1.0, 3.0, 1.0, 1.0, 0.0, 2.0, 3.0, 1.0, 1.0, 3.0, 1.0, 1.0, 1.0, 0.0, 3.0, 1.0], [1.0, 3.0, 3.0, 1.0, 0.0, 3.0, 1.0, 1.0, 1.0, 0.0, 1.0, 1.0, 2.0, 1.0, 1.0, 1.0, 1.0, 1.0, 3.0, 1.0, 3.0, 1.0, 2.0, 3.0, 2.0, 1.0, 3.0, 3.0, 1.0, 1.0, 1.0, 2.0, 3.0, 3.0, 1.0, 3.0, 1.0, 1.0, 2.0, 1.0, 3.0, 2.0], [1.0, 3.0, 3.0, 1.0, 0.0, 2.0, 1.0, 2.0, 1.0, 1.0, 1.0, 1.0, 3.0, 1.0, 1.0, 1.0, 1.0, 1.0, 1.0, 1.0, 3.0, 1.0, 1.0, 3.0, 1.0, 0.0, 1.0, 3.0, 1.0, 1.0, 1.0, 3.0, 3.0, 3.0, 1.0, 3.0, 1.0, 1.0, 1.0, 2.0, 2.0, 1.0], [1.0, 3.0, 3.0, 1.0, 0.0, 3.0, 1.0, 1.0, 1.0, 0.0, 1.0, 1.0, 3.0, 1.0, 1.0, 1.0, 1.0, 0.0, 3.0, 1.0, 3.0, 1.0, 2.0, 2.0, 3.0, 1.0, 3.0, 3.0, 1.0, 1.0, 1.0, 1.0, 3.0, 3.0, 1.0, 2.0, 1.0, 1.0, 2.0, 2.0, 3.0, 1.0], [1.0, 3.0, 3.0, 1.0, 0.0, 1.0, 1.0, 1.0, 1.0, 0.0, 1.0, 1.0, 1.0, 1.0, 1.0, 1.0, 1.0, 1.0, 3.0, 1.0, 3.0, 1.0, 2.0, 3.0, 2.0, 1.0, 3.0, 3.0, 1.0, 1.0, 1.0, 2.0, 2.0, 3.0, 1.0, 3.0, 1.0, 1.0, 2.0, 2.0, 3.0, 1.0], [1.0, 3.0, 3.0, 1.0, 0.0, 1.0, 1.0, 1.0, 1.0, 1.0, 1.0, 1.0, 3.0, 1.0, 1.0, 1.0, 1.0, 1.0, 3.0, 1.0, 3.0, 1.0, 2.0, 3.0, 3.0, 1.0, 3.0, 3.0, 1.0, 1.0, 0.0, 2.0, 3.0, 3.0, 1.0, 3.0, 1.0, 1.0, 1.0, 0.0, 3.0, 1.0], [1.0, 3.0, 3.0, 1.0, 0.0, 3.0, 1.0, 2.0, 1.0, 1.0, 1.0, 1.0, 2.0, 1.0, 1.0, 1.0, 1.0, 1.0, 3.0, 1.0, 3.0, 1.0, 1.0, 3.0, 3.0, 1.0, 3.0, 3.0, 1.0, 1.0, 1.0, 3.0, 3.0, 3.0, 1.0, 3.0, 1.0, 1.0, 2.0, 0.0, 3.0, 2.0], [1.0, 2.0, 3.0, 1.0, 0.0, 1.0, 1.0, 2.0, 1.0, 0.0, 1.0, 1.0, 3.0, 1.0, 1.0, 1.0, 1.0, 0.0, 3.0, 1.0, 3.0, 1.0, 1.0, 3.0, 2.0, 1.0, 3.0, 3.0, 1.0, 1.0, 0.0, 2.0, 3.0, 3.0, 1.0, 3.0, 1.0, 1.0, 1.0, 2.0, 2.0, 1.0], [1.0, 3.0, 3.0, 1.0, 0.0, 3.0, 1.0, 2.0, 1.0, 0.0, 1.0, 1.0, 3.0, 1.0, 1.0, 1.0, 1.0, 1.0, 3.0, 1.0, 3.0, 1.0, 2.0, 3.0, 2.0, 1.0, 3.0, 3.0, 1.0, 1.0, 1.0, 3.0, 3.0, 1.0, 1.0, 2.0, 1.0, 1.0, 2.0, 2.0, 1.0, 2.0], [1.0, 3.0, 3.0, 1.0, 0.0, 2.0, 1.0, 1.0, 1.0, 1.0, 1.0, 1.0, 3.0, 1.0, 1.0, 1.0, 1.0, 1.0, 3.0, 1.0, 3.0, 1.0, 1.0, 3.0, 2.0, 1.0, 3.0, 3.0, 1.0, 1.0, 1.0, 1.0, 3.0, 3.0, 1.0, 3.0, 1.0, 1.0, 2.0, 1.0, 3.0, 1.0], [1.0, 3.0, 2.0, 1.0, 0.0, 3.0, 1.0, 2.0, 1.0, 1.0, 1.0, 1.0, 2.0, 1.0, 1.0, 1.0, 1.0, 1.0, 3.0, 1.0, 3.0, 1.0, 1.0, 3.0, 3.0, 1.0, 3.0, 3.0, 1.0, 1.0, 1.0, 3.0, 3.0, 3.0, 1.0, 3.0, 1.0, 1.0, 2.0, 2.0, 3.0, 1.0], [1.0, 3.0, 3.0, 1.0, 0.0, 2.0, 1.0, 1.0, 1.0, 0.0, 1.0, 1.0, 2.0, 1.0, 1.0, 1.0, 1.0, 1.0, 3.0, 1.0, 3.0, 1.0, 1.0, 3.0, 2.0, 1.0, 3.0, 3.0, 1.0, 1.0, 1.0, 3.0, 3.0, 3.0, 1.0, 3.0, 1.0, 1.0, 2.0, 2.0, 3.0, 1.0], [1.0, 3.0, 3.0, 1.0, 0.0, 3.0, 1.0, 2.0, 1.0, 1.0, 1.0, 1.0, 3.0, 1.0, 1.0, 1.0, 1.0, 1.0, 2.0, 1.0, 3.0, 1.0, 1.0, 3.0, 1.0, 1.0, 3.0, 3.0, 1.0, 1.0, 1.0, 1.0, 3.0, 2.0, 1.0, 3.0, 1.0, 1.0, 1.0, 0.0, 2.0, 2.0], [1.0, 3.0, 3.0, 1.0, 0.0, 1.0, 1.0, 1.0, 1.0, 0.0, 1.0, 1.0, 2.0, 1.0, 1.0, 1.0, 1.0, 1.0, 3.0, 1.0, 3.0, 1.0, 1.0, 3.0, 1.0, 1.0, 3.0, 3.0, 1.0, 1.0, 0.0, 3.0, 3.0, 2.0, 1.0, 3.0, 1.0, 1.0, 2.0, 1.0, 3.0, 1.0], [1.0, 3.0, 3.0, 1.0, 0.0, 3.0, 1.0, 1.0, 1.0, 0.0, 1.0, 1.0, 3.0, 1.0, 1.0, 1.0, 1.0, 1.0, 1.0, 1.0, 3.0, 1.0, 1.0, 3.0, 2.0, 1.0, 3.0, 3.0, 1.0, 1.0, 1.0, 1.0, 3.0, 3.0, 1.0, 3.0, 1.0, 1.0, 2.0, 1.0, 3.0, 2.0], [1.0, 3.0, 2.0, 1.0, 0.0, 2.0, 1.0, 2.0, 1.0, 1.0, 1.0, 1.0, 3.0, 1.0, 1.0, 1.0, 1.0, 1.0, 3.0, 1.0, 3.0, 1.0, 1.0, 3.0, 3.0, 1.0, 3.0, 3.0, 1.0, 1.0, 1.0, 3.0, 3.0, 3.0, 1.0, 2.0, 1.0, 1.0, 2.0, 1.0, 3.0, 1.0], [1.0, 3.0, 3.0, 1.0, 0.0, 3.0, 1.0, 1.0, 1.0, 1.0, 1.0, 1.0, 3.0, 1.0, 1.0, 1.0, 1.0, 1.0, 3.0, 1.0, 3.0, 1.0, 2.0, 3.0, 3.0, 1.0, 2.0, 3.0, 1.0, 1.0, 1.0, 2.0, 3.0, 3.0, 1.0, 3.0, 1.0, 1.0, 2.0, 2.0, 3.0, 2.0], [1.0, 2.0, 3.0, 1.0, 0.0, 3.0, 1.0, 2.0, 1.0, 1.0, 1.0, 1.0, 1.0, 1.0, 1.0, 1.0, 1.0, 1.0, 1.0, 1.0, 3.0, 1.0, 2.0, 3.0, 2.0, 1.0, 3.0, 3.0, 1.0, 1.0, 1.0, 1.0, 3.0, 2.0, 1.0, 3.0, 1.0, 1.0, 2.0, 2.0, 3.0, 1.0], [1.0, 3.0, 3.0, 1.0, 0.0, 3.0, 1.0, 1.0, 1.0, 1.0, 1.0, 1.0, 2.0, 1.0, 1.0, 1.0, 1.0, 1.0, 3.0, 1.0, 3.0, 1.0, 2.0, 3.0, 3.0, 1.0, 3.0, 3.0, 1.0, 1.0, 1.0, 3.0, 3.0, 2.0, 1.0, 3.0, 1.0, 1.0, 1.0, 0.0, 3.0, 2.0], [1.0, 3.0, 3.0, 1.0, 0.0, 2.0, 1.0, 2.0, 1.0, 1.0, 1.0, 1.0, 3.0, 1.0, 1.0, 1.0, 1.0, 1.0, 3.0, 1.0, 3.0, 1.0, 1.0, 3.0, 1.0, 1.0, 3.0, 3.0, 1.0, 1.0, 1.0, 2.0, 3.0, 3.0, 1.0, 3.0, 1.0, 1.0, 2.0, 0.0, 3.0, 1.0], [1.0, 3.0, 3.0, 1.0, 0.0, 2.0, 1.0, 2.0, 1.0, 0.0, 1.0, 1.0, 3.0, 1.0, 1.0, 1.0, 1.0, 1.0, 3.0, 1.0, 3.0, 1.0, 2.0, 3.0, 3.0, 1.0, 3.0, 3.0, 1.0, 1.0, 1.0, 3.0, 3.0, 3.0, 1.0, 3.0, 1.0, 1.0, 1.0, 2.0, 3.0, 2.0], [1.0, 3.0, 3.0, 1.0, 0.0, 3.0, 1.0, 1.0, 1.0, 0.0, 1.0, 1.0, 1.0, 1.0, 1.0, 1.0, 1.0, 1.0, 3.0, 1.0, 3.0, 1.0, 2.0, 3.0, 3.0, 1.0, 3.0, 3.0, 1.0, 1.0, 1.0, 3.0, 3.0, 3.0, 1.0, 3.0, 1.0, 1.0, 2.0, 1.0, 3.0, 1.0], [1.0, 3.0, 3.0, 1.0, 0.0, 3.0, 1.0, 1.0, 1.0, 0.0, 1.0, 1.0, 3.0, 1.0, 1.0, 1.0, 1.0, 1.0, 3.0, 1.0, 3.0, 1.0, 2.0, 3.0, 1.0, 1.0, 3.0, 3.0, 1.0, 1.0, 1.0, 2.0, 3.0, 3.0, 1.0, 3.0, 1.0, 1.0, 2.0, 1.0, 3.0, 1.0], [1.0, 3.0, 3.0, 1.0, 0.0, 2.0, 1.0, 1.0, 1.0, 0.0, 1.0, 1.0, 2.0, 1.0, 1.0, 1.0, 1.0, 0.0, 3.0, 1.0, 3.0, 1.0, 1.0, 3.0, 3.0, 1.0, 1.0, 3.0, 1.0, 1.0, 0.0, 3.0, 3.0, 3.0, 1.0, 3.0, 1.0, 1.0, 2.0, 2.0, 2.0, 1.0], [1.0, 3.0, 3.0, 1.0, 0.0, 2.0, 0.0, 2.0, 1.0, 0.0, 1.0, 1.0, 2.0, 1.0, 1.0, 1.0, 1.0, 1.0, 3.0, 1.0, 3.0, 1.0, 2.0, 3.0, 1.0, 1.0, 1.0, 3.0, 1.0, 1.0, 1.0, 2.0, 3.0, 3.0, 1.0, 3.0, 1.0, 1.0, 1.0, 2.0, 3.0, 1.0], [1.0, 3.0, 3.0, 1.0, 0.0, 1.0, 1.0, 1.0, 1.0, 0.0, 1.0, 1.0, 2.0, 1.0, 1.0, 1.0, 1.0, 1.0, 3.0, 1.0, 3.0, 1.0, 2.0, 2.0, 3.0, 1.0, 3.0, 3.0, 1.0, 1.0, 1.0, 3.0, 3.0, 2.0, 1.0, 3.0, 1.0, 1.0, 1.0, 1.0, 3.0, 1.0], [1.0, 3.0, 3.0, 1.0, 0.0, 3.0, 1.0, 1.0, 1.0, 0.0, 1.0, 1.0, 3.0, 1.0, 1.0, 1.0, 1.0, 1.0, 3.0, 1.0, 3.0, 1.0, 1.0, 3.0, 1.0, 1.0, 3.0, 3.0, 1.0, 1.0, 1.0, 3.0, 3.0, 2.0, 1.0, 3.0, 1.0, 1.0, 2.0, 2.0, 3.0, 1.0], [1.0, 3.0, 3.0, 1.0, 0.0, 3.0, 1.0, 1.0, 1.0, 1.0, 1.0, 1.0, 2.0, 1.0, 1.0, 1.0, 1.0, 1.0, 3.0, 1.0, 3.0, 1.0, 2.0, 3.0, 1.0, 1.0, 1.0, 3.0, 1.0, 1.0, 1.0, 2.0, 3.0, 3.0, 1.0, 3.0, 1.0, 1.0, 2.0, 1.0, 3.0, 1.0], [1.0, 1.0, 2.0, 1.0, 0.0, 1.0, 1.0, 1.0, 1.0, 1.0, 1.0, 1.0, 3.0, 1.0, 1.0, 1.0, 1.0, 1.0, 1.0, 1.0, 3.0, 1.0, 1.0, 3.0, 1.0, 0.0, 3.0, 3.0, 1.0, 1.0, 1.0, 2.0, 3.0, 3.0, 1.0, 3.0, 1.0, 1.0, 1.0, 1.0, 3.0, 1.0], [1.0, 3.0, 3.0, 1.0, 0.0, 3.0, 1.0, 1.0, 1.0, 0.0, 1.0, 1.0, 3.0, 1.0, 1.0, 1.0, 1.0, 0.0, 1.0, 1.0, 3.0, 1.0, 1.0, 3.0, 3.0, 1.0, 3.0, 3.0, 1.0, 1.0, 0.0, 2.0, 3.0, 1.0, 1.0, 3.0, 1.0, 1.0, 2.0, 1.0, 3.0, 1.0], [1.0, 3.0, 3.0, 1.0, 0.0, 3.0, 1.0, 2.0, 1.0, 0.0, 1.0, 1.0, 3.0, 1.0, 1.0, 1.0, 1.0, 1.0, 3.0, 1.0, 3.0, 1.0, 2.0, 3.0, 1.0, 1.0, 3.0, 3.0, 1.0, 1.0, 1.0, 2.0, 3.0, 3.0, 1.0, 3.0, 1.0, 1.0, 2.0, 2.0, 3.0, 1.0], [1.0, 3.0, 3.0, 1.0, 0.0, 2.0, 1.0, 2.0, 1.0, 1.0, 1.0, 1.0, 2.0, 1.0, 1.0, 1.0, 1.0, 1.0, 3.0, 1.0, 3.0, 1.0, 1.0, 3.0, 3.0, 1.0, 1.0, 3.0, 1.0, 1.0, 1.0, 3.0, 3.0, 3.0, 1.0, 3.0, 1.0, 1.0, 1.0, 0.0, 3.0, 1.0], [1.0, 3.0, 3.0, 1.0, 0.0, 2.0, 1.0, 2.0, 1.0, 0.0, 1.0, 1.0, 3.0, 1.0, 1.0, 1.0, 1.0, 1.0, 3.0, 1.0, 3.0, 1.0, 2.0, 3.0, 3.0, 1.0, 3.0, 3.0, 1.0, 1.0, 0.0, 2.0, 3.0, 3.0, 1.0, 3.0, 1.0, 1.0, 2.0, 2.0, 3.0, 2.0], [1.0, 3.0, 3.0, 1.0, 0.0, 3.0, 1.0, 2.0, 1.0, 0.0, 1.0, 1.0, 3.0, 1.0, 1.0, 1.0, 1.0, 0.0, 3.0, 1.0, 3.0, 1.0, 2.0, 3.0, 2.0, 1.0, 3.0, 3.0, 1.0, 1.0, 1.0, 1.0, 3.0, 2.0, 1.0, 3.0, 1.0, 1.0, 2.0, 2.0, 2.0, 2.0]]

first layer check: Conv2d(9, 64, kernel_size=(7, 7), stride=(2, 2), padding=(3, 3), bias=False)

for model 4: mode acc: 0.6666666865348816, run mean acc: 0.6229166388511658, top-2 acc:0.8883333802223206, mode f1: 0.6666666865348816

model 4 mode preds
[1.0, 3.0, 3.0, 1.0, 1.0, 3.0, 1.0, 1.0, 1.0, 1.0, 1.0, 1.0, 3.0, 1.0, 1.0, 1.0, 1.0, 1.0, 3.0, 1.0, 3.0, 1.0, 2.0, 3.0, 3.0, 1.0, 3.0, 3.0, 1.0, 1.0, 0.0, 3.0, 3.0, 3.0, 1.0, 3.0, 1.0, 1.0, 1.0, 2.0, 3.0, 2.0]

model 4 all preds
[[1.0, 3.0, 3.0, 1.0, 1.0, 3.0, 1.0, 2.0, 1.0, 1.0, 1.0, 1.0, 2.0, 1.0, 1.0, 1.0, 1.0, 1.0, 3.0, 1.0, 3.0, 1.0, 2.0, 3.0, 3.0, 1.0, 3.0, 3.0, 1.0, 1.0, 0.0, 3.0, 3.0, 3.0, 1.0, 3.0, 1.0, 1.0, 1.0, 2.0, 3.0, 2.0], [1.0, 3.0, 3.0, 1.0, 1.0, 3.0, 1.0, 1.0, 1.0, 1.0, 2.0, 1.0, 3.0, 1.0, 1.0, 1.0, 1.0, 1.0, 3.0, 1.0, 3.0, 1.0, 2.0, 3.0, 3.0, 0.0, 3.0, 3.0, 1.0, 1.0, 1.0, 3.0, 2.0, 3.0, 1.0, 3.0, 1.0, 1.0, 1.0, 1.0, 3.0, 1.0], [1.0, 3.0, 3.0, 1.0, 1.0, 3.0, 1.0, 3.0, 1.0, 1.0, 1.0, 1.0, 3.0, 1.0, 1.0, 1.0, 1.0, 1.0, 3.0, 0.0, 3.0, 1.0, 2.0, 3.0, 1.0, 1.0, 3.0, 3.0, 1.0, 1.0, 0.0, 3.0, 3.0, 1.0, 1.0, 3.0, 1.0, 1.0, 1.0, 2.0, 2.0, 2.0], [1.0, 3.0, 2.0, 1.0, 1.0, 3.0, 1.0, 2.0, 1.0, 0.0, 1.0, 1.0, 2.0, 0.0, 1.0, 1.0, 1.0, 1.0, 3.0, 0.0, 3.0, 1.0, 2.0, 3.0, 3.0, 1.0, 3.0, 3.0, 1.0, 1.0, 0.0, 3.0, 3.0, 3.0, 1.0, 3.0, 1.0, 1.0, 1.0, 2.0, 3.0, 2.0], [1.0, 3.0, 3.0, 1.0, 1.0, 3.0, 1.0, 1.0, 1.0, 0.0, 1.0, 1.0, 2.0, 1.0, 1.0, 1.0, 1.0, 1.0, 3.0, 1.0, 3.0, 1.0, 2.0, 3.0, 3.0, 1.0, 3.0, 3.0, 1.0, 1.0, 0.0, 3.0, 3.0, 3.0, 1.0, 3.0, 1.0, 1.0, 1.0, 2.0, 3.0, 1.0], [1.0, 3.0, 3.0, 1.0, 1.0, 3.0, 1.0, 2.0, 1.0, 0.0, 1.0, 0.0, 2.0, 1.0, 1.0, 1.0, 1.0, 1.0, 3.0, 1.0, 3.0, 1.0, 2.0, 3.0, 1.0, 1.0, 3.0, 3.0, 1.0, 1.0, 1.0, 3.0, 3.0, 2.0, 1.0, 3.0, 1.0, 1.0, 1.0, 2.0, 3.0, 2.0], [1.0, 3.0, 3.0, 1.0, 1.0, 3.0, 1.0, 1.0, 1.0, 1.0, 1.0, 1.0, 3.0, 1.0, 1.0, 1.0, 1.0, 1.0, 3.0, 1.0, 3.0, 1.0, 2.0, 3.0, 3.0, 1.0, 2.0, 3.0, 1.0, 1.0, 0.0, 3.0, 3.0, 3.0, 1.0, 3.0, 1.0, 1.0, 1.0, 2.0, 3.0, 1.0], [1.0, 3.0, 3.0, 1.0, 1.0, 3.0, 1.0, 2.0, 1.0, 1.0, 2.0, 0.0, 3.0, 1.0, 1.0, 1.0, 1.0, 1.0, 3.0, 1.0, 3.0, 1.0, 2.0, 3.0, 3.0, 1.0, 3.0, 3.0, 1.0, 1.0, 0.0, 3.0, 3.0, 3.0, 1.0, 3.0, 1.0, 1.0, 1.0, 1.0, 3.0, 1.0], [1.0, 3.0, 3.0, 1.0, 1.0, 3.0, 1.0, 2.0, 1.0, 1.0, 1.0, 1.0, 3.0, 1.0, 1.0, 1.0, 1.0, 1.0, 3.0, 1.0, 3.0, 1.0, 2.0, 3.0, 3.0, 1.0, 3.0, 3.0, 1.0, 1.0, 1.0, 3.0, 3.0, 3.0, 1.0, 3.0, 1.0, 1.0, 1.0, 0.0, 2.0, 2.0], [1.0, 3.0, 3.0, 1.0, 1.0, 3.0, 1.0, 1.0, 1.0, 0.0, 1.0, 0.0, 2.0, 1.0, 1.0, 1.0, 1.0, 1.0, 3.0, 0.0, 3.0, 1.0, 2.0, 3.0, 3.0, 1.0, 3.0, 3.0, 1.0, 1.0, 1.0, 3.0, 3.0, 3.0, 1.0, 3.0, 1.0, 1.0, 1.0, 2.0, 2.0, 1.0], [1.0, 3.0, 3.0, 1.0, 1.0, 3.0, 1.0, 1.0, 1.0, 1.0, 1.0, 0.0, 1.0, 1.0, 1.0, 1.0, 1.0, 1.0, 3.0, 1.0, 3.0, 1.0, 3.0, 3.0, 2.0, 1.0, 3.0, 3.0, 1.0, 1.0, 0.0, 1.0, 3.0, 3.0, 1.0, 3.0, 1.0, 1.0, 1.0, 2.0, 3.0, 1.0], [1.0, 2.0, 2.0, 1.0, 1.0, 3.0, 1.0, 2.0, 1.0, 1.0, 1.0, 0.0, 3.0, 1.0, 1.0, 1.0, 1.0, 1.0, 3.0, 1.0, 3.0, 1.0, 2.0, 3.0, 1.0, 1.0, 3.0, 3.0, 1.0, 1.0, 1.0, 1.0, 3.0, 3.0, 1.0, 3.0, 1.0, 1.0, 1.0, 2.0, 3.0, 2.0], [1.0, 3.0, 3.0, 1.0, 1.0, 3.0, 1.0, 1.0, 1.0, 1.0, 1.0, 1.0, 2.0, 0.0, 1.0, 1.0, 1.0, 1.0, 3.0, 1.0, 3.0, 1.0, 2.0, 3.0, 2.0, 1.0, 3.0, 3.0, 1.0, 1.0, 0.0, 3.0, 3.0, 3.0, 1.0, 3.0, 1.0, 1.0, 1.0, 1.0, 2.0, 2.0], [1.0, 3.0, 3.0, 1.0, 1.0, 3.0, 1.0, 1.0, 1.0, 1.0, 1.0, 1.0, 2.0, 0.0, 1.0, 1.0, 1.0, 1.0, 3.0, 0.0, 3.0, 1.0, 2.0, 3.0, 3.0, 1.0, 3.0, 3.0, 1.0, 1.0, 1.0, 3.0, 3.0, 2.0, 1.0, 3.0, 1.0, 1.0, 1.0, 1.0, 2.0, 2.0], [1.0, 2.0, 2.0, 1.0, 1.0, 3.0, 1.0, 2.0, 1.0, 1.0, 1.0, 0.0, 3.0, 1.0, 1.0, 1.0, 1.0, 1.0, 1.0, 1.0, 3.0, 1.0, 2.0, 3.0, 3.0, 1.0, 3.0, 3.0, 1.0, 1.0, 1.0, 3.0, 3.0, 3.0, 1.0, 3.0, 1.0, 1.0, 1.0, 0.0, 2.0, 1.0], [1.0, 3.0, 3.0, 1.0, 1.0, 3.0, 1.0, 2.0, 1.0, 0.0, 1.0, 1.0, 3.0, 0.0, 1.0, 1.0, 1.0, 0.0, 3.0, 1.0, 3.0, 1.0, 2.0, 3.0, 3.0, 1.0, 3.0, 3.0, 1.0, 1.0, 1.0, 3.0, 3.0, 3.0, 1.0, 3.0, 1.0, 1.0, 1.0, 1.0, 3.0, 1.0], [1.0, 3.0, 3.0, 1.0, 1.0, 1.0, 1.0, 1.0, 1.0, 1.0, 1.0, 1.0, 2.0, 1.0, 1.0, 1.0, 1.0, 0.0, 3.0, 1.0, 3.0, 1.0, 2.0, 3.0, 3.0, 1.0, 3.0, 3.0, 1.0, 1.0, 1.0, 3.0, 3.0, 3.0, 1.0, 3.0, 1.0, 1.0, 2.0, 1.0, 3.0, 1.0], [1.0, 3.0, 3.0, 1.0, 1.0, 3.0, 1.0, 3.0, 1.0, 1.0, 1.0, 1.0, 3.0, 1.0, 1.0, 1.0, 1.0, 1.0, 3.0, 0.0, 3.0, 1.0, 2.0, 3.0, 3.0, 1.0, 3.0, 3.0, 1.0, 1.0, 1.0, 3.0, 3.0, 1.0, 1.0, 3.0, 1.0, 1.0, 1.0, 2.0, 3.0, 1.0], [1.0, 3.0, 3.0, 1.0, 1.0, 3.0, 1.0, 2.0, 1.0, 1.0, 1.0, 1.0, 2.0, 1.0, 1.0, 1.0, 1.0, 0.0, 3.0, 0.0, 3.0, 1.0, 2.0, 3.0, 3.0, 1.0, 3.0, 3.0, 1.0, 1.0, 0.0, 2.0, 3.0, 3.0, 1.0, 3.0, 1.0, 1.0, 2.0, 2.0, 1.0, 2.0], [1.0, 3.0, 3.0, 1.0, 1.0, 3.0, 1.0, 3.0, 1.0, 0.0, 1.0, 1.0, 2.0, 1.0, 1.0, 1.0, 1.0, 1.0, 3.0, 1.0, 3.0, 1.0, 2.0, 3.0, 2.0, 1.0, 3.0, 3.0, 1.0, 1.0, 0.0, 3.0, 3.0, 3.0, 1.0, 3.0, 1.0, 1.0, 1.0, 2.0, 3.0, 1.0], [1.0, 3.0, 2.0, 1.0, 1.0, 3.0, 1.0, 3.0, 1.0, 1.0, 1.0, 1.0, 2.0, 1.0, 1.0, 1.0, 1.0, 1.0, 3.0, 0.0, 3.0, 1.0, 2.0, 3.0, 2.0, 1.0, 3.0, 3.0, 1.0, 1.0, 0.0, 3.0, 3.0, 3.0, 1.0, 3.0, 1.0, 1.0, 1.0, 1.0, 3.0, 1.0], [1.0, 3.0, 3.0, 1.0, 1.0, 3.0, 1.0, 3.0, 1.0, 1.0, 1.0, 1.0, 1.0, 1.0, 1.0, 1.0, 1.0, 1.0, 3.0, 1.0, 3.0, 1.0, 2.0, 3.0, 3.0, 1.0, 3.0, 3.0, 1.0, 1.0, 1.0, 3.0, 3.0, 3.0, 1.0, 3.0, 1.0, 1.0, 1.0, 1.0, 3.0, 1.0], [1.0, 3.0, 3.0, 1.0, 1.0, 3.0, 1.0, 2.0, 1.0, 1.0, 1.0, 1.0, 2.0, 1.0, 1.0, 1.0, 1.0, 1.0, 3.0, 0.0, 3.0, 1.0, 2.0, 3.0, 1.0, 1.0, 3.0, 3.0, 1.0, 1.0, 0.0, 3.0, 3.0, 3.0, 1.0, 3.0, 1.0, 1.0, 1.0, 2.0, 3.0, 2.0], [1.0, 3.0, 3.0, 1.0, 1.0, 3.0, 1.0, 3.0, 1.0, 1.0, 1.0, 1.0, 2.0, 0.0, 1.0, 1.0, 1.0, 1.0, 2.0, 1.0, 3.0, 1.0, 2.0, 3.0, 3.0, 1.0, 3.0, 3.0, 1.0, 1.0, 0.0, 3.0, 3.0, 3.0, 1.0, 3.0, 1.0, 1.0, 1.0, 1.0, 2.0, 2.0], [1.0, 3.0, 3.0, 1.0, 1.0, 3.0, 1.0, 1.0, 1.0, 1.0, 1.0, 1.0, 2.0, 1.0, 1.0, 1.0, 1.0, 1.0, 3.0, 1.0, 3.0, 1.0, 2.0, 3.0, 3.0, 1.0, 3.0, 3.0, 1.0, 1.0, 0.0, 3.0, 3.0, 3.0, 1.0, 3.0, 1.0, 1.0, 2.0, 2.0, 3.0, 2.0], [1.0, 3.0, 3.0, 1.0, 1.0, 3.0, 1.0, 1.0, 1.0, 0.0, 2.0, 0.0, 2.0, 1.0, 1.0, 1.0, 1.0, 1.0, 3.0, 1.0, 3.0, 1.0, 2.0, 3.0, 1.0, 1.0, 2.0, 3.0, 1.0, 1.0, 0.0, 3.0, 3.0, 3.0, 1.0, 3.0, 1.0, 1.0, 1.0, 2.0, 3.0, 2.0], [1.0, 3.0, 3.0, 1.0, 1.0, 3.0, 1.0, 1.0, 1.0, 1.0, 1.0, 0.0, 2.0, 1.0, 1.0, 1.0, 1.0, 1.0, 3.0, 0.0, 3.0, 1.0, 2.0, 3.0, 3.0, 1.0, 3.0, 3.0, 1.0, 1.0, 0.0, 3.0, 3.0, 3.0, 1.0, 3.0, 1.0, 1.0, 1.0, 2.0, 3.0, 2.0], [1.0, 3.0, 3.0, 1.0, 1.0, 3.0, 1.0, 3.0, 1.0, 0.0, 1.0, 1.0, 3.0, 0.0, 1.0, 1.0, 1.0, 0.0, 3.0, 0.0, 3.0, 1.0, 2.0, 3.0, 1.0, 1.0, 3.0, 3.0, 1.0, 1.0, 0.0, 3.0, 3.0, 3.0, 1.0, 3.0, 1.0, 1.0, 1.0, 2.0, 3.0, 1.0], [1.0, 3.0, 3.0, 1.0, 1.0, 3.0, 1.0, 2.0, 1.0, 1.0, 1.0, 1.0, 1.0, 1.0, 1.0, 1.0, 1.0, 1.0, 3.0, 1.0, 3.0, 1.0, 2.0, 3.0, 2.0, 1.0, 3.0, 3.0, 1.0, 1.0, 0.0, 3.0, 3.0, 3.0, 1.0, 3.0, 1.0, 1.0, 1.0, 1.0, 3.0, 1.0], [1.0, 3.0, 3.0, 1.0, 1.0, 3.0, 1.0, 3.0, 1.0, 0.0, 1.0, 0.0, 3.0, 1.0, 1.0, 1.0, 1.0, 1.0, 3.0, 1.0, 3.0, 1.0, 2.0, 3.0, 3.0, 1.0, 3.0, 3.0, 1.0, 1.0, 1.0, 3.0, 3.0, 2.0, 1.0, 3.0, 1.0, 1.0, 1.0, 1.0, 2.0, 2.0], [1.0, 2.0, 3.0, 1.0, 1.0, 3.0, 1.0, 1.0, 1.0, 1.0, 1.0, 1.0, 3.0, 1.0, 1.0, 1.0, 1.0, 1.0, 3.0, 1.0, 3.0, 1.0, 2.0, 3.0, 3.0, 1.0, 3.0, 3.0, 1.0, 1.0, 0.0, 3.0, 3.0, 3.0, 1.0, 3.0, 1.0, 1.0, 1.0, 1.0, 3.0, 2.0], [1.0, 3.0, 2.0, 1.0, 1.0, 3.0, 1.0, 1.0, 1.0, 1.0, 1.0, 1.0, 3.0, 1.0, 1.0, 1.0, 1.0, 1.0, 3.0, 0.0, 3.0, 1.0, 1.0, 3.0, 3.0, 1.0, 3.0, 3.0, 1.0, 1.0, 0.0, 3.0, 3.0, 3.0, 1.0, 3.0, 1.0, 1.0, 1.0, 2.0, 2.0, 2.0], [1.0, 3.0, 3.0, 1.0, 1.0, 3.0, 1.0, 2.0, 1.0, 1.0, 1.0, 1.0, 3.0, 1.0, 1.0, 1.0, 1.0, 1.0, 3.0, 1.0, 3.0, 1.0, 3.0, 3.0, 3.0, 1.0, 3.0, 3.0, 1.0, 1.0, 1.0, 2.0, 3.0, 3.0, 1.0, 3.0, 1.0, 1.0, 1.0, 2.0, 1.0, 1.0], [1.0, 3.0, 3.0, 1.0, 1.0, 3.0, 1.0, 3.0, 1.0, 1.0, 1.0, 0.0, 3.0, 1.0, 1.0, 1.0, 1.0, 1.0, 3.0, 1.0, 3.0, 1.0, 2.0, 3.0, 1.0, 1.0, 3.0, 3.0, 1.0, 1.0, 1.0, 3.0, 3.0, 3.0, 1.0, 3.0, 1.0, 1.0, 1.0, 2.0, 2.0, 1.0], [1.0, 3.0, 3.0, 1.0, 1.0, 3.0, 1.0, 1.0, 1.0, 1.0, 1.0, 1.0, 3.0, 1.0, 1.0, 1.0, 1.0, 1.0, 3.0, 1.0, 3.0, 1.0, 2.0, 3.0, 3.0, 1.0, 3.0, 3.0, 1.0, 1.0, 0.0, 2.0, 3.0, 3.0, 1.0, 3.0, 1.0, 1.0, 1.0, 2.0, 3.0, 2.0], [1.0, 2.0, 3.0, 1.0, 1.0, 3.0, 1.0, 1.0, 1.0, 1.0, 1.0, 1.0, 3.0, 1.0, 1.0, 1.0, 1.0, 1.0, 3.0, 0.0, 3.0, 1.0, 2.0, 3.0, 2.0, 1.0, 3.0, 3.0, 1.0, 1.0, 1.0, 3.0, 3.0, 3.0, 1.0, 3.0, 1.0, 1.0, 2.0, 1.0, 3.0, 2.0], [1.0, 3.0, 3.0, 1.0, 1.0, 3.0, 1.0, 1.0, 1.0, 1.0, 1.0, 1.0, 3.0, 0.0, 1.0, 1.0, 1.0, 1.0, 3.0, 1.0, 3.0, 1.0, 2.0, 3.0, 3.0, 1.0, 3.0, 3.0, 1.0, 1.0, 0.0, 3.0, 3.0, 3.0, 1.0, 3.0, 1.0, 1.0, 1.0, 1.0, 3.0, 2.0], [1.0, 3.0, 3.0, 1.0, 1.0, 3.0, 1.0, 3.0, 1.0, 1.0, 1.0, 0.0, 3.0, 1.0, 1.0, 1.0, 1.0, 1.0, 3.0, 1.0, 3.0, 1.0, 2.0, 3.0, 3.0, 1.0, 3.0, 3.0, 1.0, 1.0, 0.0, 3.0, 3.0, 3.0, 1.0, 3.0, 1.0, 1.0, 1.0, 2.0, 3.0, 1.0], [1.0, 3.0, 3.0, 1.0, 1.0, 2.0, 1.0, 1.0, 1.0, 0.0, 1.0, 1.0, 2.0, 0.0, 1.0, 1.0, 1.0, 1.0, 3.0, 0.0, 3.0, 1.0, 2.0, 3.0, 2.0, 1.0, 3.0, 3.0, 1.0, 1.0, 1.0, 3.0, 3.0, 3.0, 1.0, 3.0, 1.0, 1.0, 2.0, 1.0, 2.0, 2.0], [1.0, 3.0, 3.0, 1.0, 1.0, 3.0, 1.0, 1.0, 1.0, 1.0, 1.0, 0.0, 2.0, 1.0, 1.0, 1.0, 1.0, 1.0, 2.0, 1.0, 3.0, 1.0, 2.0, 3.0, 3.0, 1.0, 3.0, 3.0, 1.0, 1.0, 0.0, 3.0, 3.0, 1.0, 1.0, 3.0, 1.0, 1.0, 1.0, 2.0, 3.0, 2.0], [1.0, 3.0, 3.0, 1.0, 1.0, 3.0, 1.0, 3.0, 1.0, 1.0, 1.0, 1.0, 2.0, 1.0, 1.0, 1.0, 1.0, 1.0, 3.0, 1.0, 3.0, 1.0, 2.0, 3.0, 3.0, 1.0, 3.0, 3.0, 1.0, 1.0, 0.0, 3.0, 3.0, 3.0, 1.0, 3.0, 1.0, 1.0, 2.0, 2.0, 3.0, 1.0], [1.0, 3.0, 3.0, 1.0, 1.0, 3.0, 1.0, 2.0, 1.0, 1.0, 1.0, 0.0, 3.0, 1.0, 1.0, 1.0, 1.0, 1.0, 3.0, 0.0, 3.0, 1.0, 2.0, 3.0, 3.0, 1.0, 3.0, 3.0, 1.0, 1.0, 0.0, 3.0, 3.0, 3.0, 1.0, 3.0, 1.0, 1.0, 1.0, 1.0, 3.0, 1.0], [1.0, 3.0, 3.0, 1.0, 1.0, 3.0, 1.0, 2.0, 1.0, 0.0, 1.0, 0.0, 2.0, 1.0, 1.0, 1.0, 1.0, 1.0, 3.0, 0.0, 3.0, 1.0, 2.0, 3.0, 1.0, 1.0, 3.0, 3.0, 1.0, 1.0, 1.0, 2.0, 3.0, 3.0, 1.0, 3.0, 1.0, 1.0, 2.0, 2.0, 2.0, 2.0], [1.0, 3.0, 3.0, 1.0, 1.0, 3.0, 1.0, 3.0, 1.0, 1.0, 1.0, 1.0, 3.0, 1.0, 1.0, 1.0, 1.0, 1.0, 3.0, 0.0, 3.0, 1.0, 2.0, 3.0, 1.0, 1.0, 3.0, 3.0, 1.0, 1.0, 0.0, 3.0, 3.0, 2.0, 1.0, 3.0, 1.0, 1.0, 2.0, 0.0, 3.0, 1.0], [1.0, 3.0, 3.0, 1.0, 1.0, 3.0, 1.0, 1.0, 1.0, 0.0, 2.0, 0.0, 2.0, 1.0, 1.0, 1.0, 1.0, 1.0, 3.0, 1.0, 3.0, 1.0, 2.0, 3.0, 3.0, 1.0, 3.0, 3.0, 1.0, 1.0, 1.0, 3.0, 3.0, 3.0, 1.0, 3.0, 1.0, 1.0, 1.0, 2.0, 2.0, 1.0], [1.0, 3.0, 3.0, 1.0, 1.0, 3.0, 1.0, 3.0, 1.0, 1.0, 1.0, 0.0, 3.0, 1.0, 1.0, 1.0, 1.0, 1.0, 3.0, 1.0, 3.0, 1.0, 2.0, 3.0, 2.0, 1.0, 3.0, 3.0, 1.0, 1.0, 0.0, 3.0, 3.0, 3.0, 1.0, 3.0, 1.0, 1.0, 1.0, 2.0, 3.0, 2.0], [1.0, 3.0, 2.0, 1.0, 1.0, 3.0, 1.0, 1.0, 1.0, 0.0, 1.0, 1.0, 3.0, 1.0, 1.0, 1.0, 1.0, 1.0, 3.0, 1.0, 3.0, 1.0, 2.0, 3.0, 1.0, 1.0, 3.0, 1.0, 1.0, 1.0, 0.0, 3.0, 3.0, 3.0, 1.0, 3.0, 1.0, 1.0, 1.0, 0.0, 3.0, 2.0], [1.0, 3.0, 2.0, 1.0, 1.0, 3.0, 1.0, 1.0, 1.0, 0.0, 1.0, 0.0, 3.0, 1.0, 1.0, 1.0, 1.0, 1.0, 3.0, 1.0, 3.0, 1.0, 2.0, 3.0, 3.0, 1.0, 3.0, 3.0, 1.0, 1.0, 0.0, 3.0, 3.0, 3.0, 1.0, 3.0, 1.0, 1.0, 1.0, 1.0, 3.0, 1.0], [1.0, 3.0, 3.0, 1.0, 1.0, 3.0, 1.0, 1.0, 1.0, 1.0, 1.0, 1.0, 3.0, 1.0, 1.0, 1.0, 1.0, 1.0, 3.0, 1.0, 3.0, 1.0, 1.0, 3.0, 3.0, 1.0, 3.0, 3.0, 1.0, 1.0, 1.0, 3.0, 3.0, 3.0, 1.0, 3.0, 1.0, 1.0, 1.0, 2.0, 3.0, 2.0], [1.0, 3.0, 3.0, 1.0, 1.0, 3.0, 1.0, 3.0, 1.0, 1.0, 2.0, 0.0, 2.0, 1.0, 1.0, 1.0, 1.0, 1.0, 3.0, 0.0, 3.0, 1.0, 2.0, 3.0, 1.0, 1.0, 3.0, 3.0, 1.0, 1.0, 0.0, 3.0, 3.0, 3.0, 1.0, 3.0, 1.0, 1.0, 1.0, 2.0, 3.0, 2.0]]

