first layer check: Conv2d(9, 64, kernel_size=(7, 7), stride=(2, 2), padding=(3, 3), bias=False)

target ys
[1.0, 3.0, 2.0, 0.0, 3.0, 1.0, 1.0, 1.0, 1.0, 2.0, 0.0, 0.0, 1.0, 0.0, 1.0, 1.0, 3.0, 2.0, 1.0, 1.0, 1.0, 2.0, 3.0, 1.0, 2.0, 1.0, 2.0, 1.0, 3.0, 1.0, 3.0, 3.0, 3.0, 2.0, 1.0, 1.0, 1.0, 2.0, 1.0, 0.0, 1.0]

for model 0: mode acc: 0.7317073345184326, run mean acc: 0.7116667032241821, top-2 acc:0.872499942779541, mode f1: 0.7317073345184326

model 0 mode preds
[1.0, 3.0, 1.0, 1.0, 3.0, 1.0, 1.0, 1.0, 1.0, 1.0, 1.0, 1.0, 1.0, 1.0, 1.0, 1.0, 3.0, 2.0, 1.0, 1.0, 1.0, 2.0, 3.0, 2.0, 2.0, 1.0, 3.0, 1.0, 3.0, 1.0, 3.0, 3.0, 3.0, 3.0, 3.0, 1.0, 1.0, 2.0, 1.0, 1.0, 1.0]

model 0 all preds
[[1.0, 3.0, 1.0, 1.0, 3.0, 1.0, 1.0, 1.0, 1.0, 1.0, 1.0, 1.0, 1.0, 1.0, 1.0, 1.0, 3.0, 3.0, 2.0, 1.0, 1.0, 2.0, 3.0, 1.0, 1.0, 1.0, 2.0, 1.0, 3.0, 1.0, 3.0, 3.0, 3.0, 3.0, 3.0, 1.0, 1.0, 2.0, 1.0, 1.0, 1.0], [1.0, 3.0, 1.0, 1.0, 3.0, 1.0, 1.0, 1.0, 1.0, 1.0, 1.0, 1.0, 1.0, 1.0, 1.0, 1.0, 3.0, 3.0, 1.0, 1.0, 1.0, 2.0, 3.0, 2.0, 1.0, 1.0, 3.0, 1.0, 3.0, 1.0, 3.0, 3.0, 3.0, 2.0, 3.0, 1.0, 1.0, 2.0, 1.0, 1.0, 1.0], [1.0, 3.0, 1.0, 1.0, 3.0, 1.0, 1.0, 1.0, 1.0, 1.0, 1.0, 1.0, 1.0, 1.0, 1.0, 1.0, 3.0, 3.0, 1.0, 1.0, 1.0, 2.0, 3.0, 2.0, 2.0, 1.0, 3.0, 1.0, 3.0, 1.0, 3.0, 3.0, 3.0, 3.0, 3.0, 1.0, 1.0, 2.0, 1.0, 1.0, 1.0], [1.0, 3.0, 1.0, 1.0, 3.0, 1.0, 1.0, 1.0, 1.0, 1.0, 1.0, 1.0, 1.0, 1.0, 1.0, 1.0, 3.0, 2.0, 1.0, 1.0, 1.0, 3.0, 3.0, 1.0, 2.0, 1.0, 3.0, 1.0, 3.0, 1.0, 2.0, 3.0, 3.0, 3.0, 3.0, 1.0, 1.0, 2.0, 1.0, 1.0, 1.0], [1.0, 2.0, 1.0, 1.0, 3.0, 1.0, 1.0, 1.0, 1.0, 1.0, 1.0, 1.0, 1.0, 1.0, 1.0, 1.0, 3.0, 3.0, 2.0, 1.0, 1.0, 2.0, 3.0, 2.0, 2.0, 1.0, 3.0, 1.0, 3.0, 1.0, 2.0, 3.0, 3.0, 3.0, 3.0, 1.0, 1.0, 2.0, 1.0, 1.0, 1.0], [1.0, 3.0, 1.0, 1.0, 3.0, 1.0, 1.0, 1.0, 1.0, 1.0, 1.0, 1.0, 1.0, 1.0, 1.0, 1.0, 3.0, 3.0, 2.0, 1.0, 1.0, 2.0, 3.0, 2.0, 2.0, 2.0, 3.0, 1.0, 3.0, 1.0, 2.0, 3.0, 3.0, 3.0, 3.0, 1.0, 1.0, 3.0, 1.0, 1.0, 1.0], [1.0, 3.0, 1.0, 1.0, 3.0, 1.0, 1.0, 1.0, 1.0, 1.0, 1.0, 1.0, 1.0, 1.0, 1.0, 1.0, 3.0, 3.0, 1.0, 1.0, 1.0, 2.0, 3.0, 1.0, 2.0, 1.0, 3.0, 1.0, 3.0, 1.0, 3.0, 3.0, 3.0, 3.0, 3.0, 1.0, 1.0, 2.0, 1.0, 1.0, 1.0], [1.0, 3.0, 1.0, 1.0, 3.0, 1.0, 1.0, 1.0, 1.0, 1.0, 1.0, 1.0, 1.0, 1.0, 1.0, 1.0, 3.0, 3.0, 1.0, 1.0, 1.0, 2.0, 3.0, 2.0, 2.0, 1.0, 3.0, 1.0, 3.0, 1.0, 2.0, 3.0, 3.0, 3.0, 3.0, 1.0, 1.0, 3.0, 1.0, 1.0, 1.0], [1.0, 2.0, 1.0, 1.0, 3.0, 1.0, 1.0, 1.0, 1.0, 1.0, 1.0, 1.0, 1.0, 1.0, 1.0, 1.0, 3.0, 2.0, 1.0, 1.0, 1.0, 2.0, 3.0, 2.0, 2.0, 1.0, 2.0, 1.0, 3.0, 1.0, 3.0, 3.0, 3.0, 3.0, 3.0, 1.0, 1.0, 2.0, 1.0, 1.0, 1.0], [1.0, 2.0, 1.0, 1.0, 3.0, 1.0, 1.0, 1.0, 1.0, 1.0, 1.0, 1.0, 1.0, 1.0, 1.0, 1.0, 3.0, 2.0, 2.0, 1.0, 1.0, 3.0, 3.0, 2.0, 2.0, 1.0, 3.0, 1.0, 3.0, 1.0, 3.0, 3.0, 3.0, 3.0, 3.0, 1.0, 1.0, 2.0, 1.0, 1.0, 1.0], [1.0, 3.0, 1.0, 1.0, 3.0, 1.0, 1.0, 1.0, 1.0, 1.0, 1.0, 1.0, 1.0, 1.0, 1.0, 1.0, 3.0, 3.0, 2.0, 1.0, 1.0, 2.0, 3.0, 2.0, 1.0, 1.0, 2.0, 1.0, 3.0, 1.0, 3.0, 3.0, 2.0, 3.0, 3.0, 1.0, 1.0, 2.0, 1.0, 1.0, 1.0], [1.0, 3.0, 1.0, 1.0, 3.0, 1.0, 1.0, 1.0, 1.0, 1.0, 1.0, 1.0, 1.0, 1.0, 1.0, 1.0, 3.0, 3.0, 1.0, 1.0, 1.0, 2.0, 3.0, 1.0, 1.0, 1.0, 3.0, 1.0, 3.0, 1.0, 2.0, 3.0, 3.0, 3.0, 3.0, 1.0, 1.0, 2.0, 1.0, 1.0, 1.0], [1.0, 3.0, 1.0, 1.0, 3.0, 1.0, 1.0, 1.0, 1.0, 1.0, 1.0, 1.0, 1.0, 1.0, 1.0, 1.0, 3.0, 2.0, 1.0, 1.0, 1.0, 2.0, 3.0, 1.0, 1.0, 1.0, 3.0, 1.0, 3.0, 1.0, 3.0, 3.0, 2.0, 3.0, 3.0, 1.0, 1.0, 2.0, 1.0, 1.0, 1.0], [1.0, 3.0, 1.0, 1.0, 3.0, 1.0, 1.0, 1.0, 1.0, 1.0, 1.0, 1.0, 1.0, 1.0, 1.0, 1.0, 3.0, 2.0, 2.0, 1.0, 1.0, 2.0, 3.0, 3.0, 2.0, 1.0, 2.0, 1.0, 3.0, 1.0, 2.0, 3.0, 3.0, 3.0, 3.0, 1.0, 1.0, 2.0, 1.0, 1.0, 1.0], [1.0, 3.0, 1.0, 1.0, 3.0, 1.0, 1.0, 1.0, 1.0, 1.0, 1.0, 1.0, 1.0, 1.0, 1.0, 1.0, 3.0, 3.0, 2.0, 1.0, 1.0, 3.0, 3.0, 2.0, 2.0, 1.0, 2.0, 1.0, 3.0, 1.0, 2.0, 3.0, 3.0, 3.0, 3.0, 1.0, 1.0, 2.0, 1.0, 1.0, 1.0], [1.0, 2.0, 1.0, 1.0, 3.0, 1.0, 1.0, 1.0, 1.0, 1.0, 1.0, 1.0, 1.0, 1.0, 1.0, 1.0, 3.0, 2.0, 1.0, 1.0, 1.0, 2.0, 3.0, 2.0, 1.0, 1.0, 2.0, 1.0, 3.0, 1.0, 3.0, 3.0, 3.0, 3.0, 3.0, 1.0, 1.0, 2.0, 1.0, 1.0, 1.0], [1.0, 3.0, 1.0, 1.0, 3.0, 1.0, 1.0, 1.0, 1.0, 1.0, 1.0, 1.0, 1.0, 1.0, 1.0, 1.0, 3.0, 3.0, 1.0, 1.0, 1.0, 2.0, 3.0, 3.0, 2.0, 1.0, 3.0, 1.0, 3.0, 1.0, 3.0, 3.0, 3.0, 3.0, 3.0, 1.0, 1.0, 2.0, 1.0, 1.0, 1.0], [1.0, 3.0, 1.0, 1.0, 3.0, 1.0, 1.0, 1.0, 1.0, 1.0, 1.0, 1.0, 1.0, 1.0, 1.0, 1.0, 3.0, 2.0, 1.0, 1.0, 1.0, 2.0, 3.0, 2.0, 2.0, 1.0, 3.0, 1.0, 3.0, 1.0, 3.0, 3.0, 3.0, 3.0, 3.0, 1.0, 1.0, 3.0, 1.0, 1.0, 1.0], [1.0, 2.0, 1.0, 1.0, 3.0, 1.0, 1.0, 1.0, 1.0, 1.0, 1.0, 1.0, 1.0, 1.0, 1.0, 1.0, 3.0, 3.0, 1.0, 1.0, 1.0, 2.0, 3.0, 1.0, 1.0, 1.0, 2.0, 1.0, 3.0, 1.0, 3.0, 3.0, 3.0, 2.0, 3.0, 1.0, 1.0, 2.0, 1.0, 1.0, 1.0], [1.0, 3.0, 1.0, 1.0, 3.0, 1.0, 1.0, 1.0, 1.0, 1.0, 1.0, 1.0, 1.0, 1.0, 1.0, 1.0, 3.0, 2.0, 2.0, 1.0, 1.0, 2.0, 3.0, 1.0, 1.0, 1.0, 3.0, 1.0, 3.0, 1.0, 3.0, 3.0, 3.0, 3.0, 3.0, 1.0, 1.0, 2.0, 1.0, 1.0, 1.0], [1.0, 3.0, 1.0, 1.0, 3.0, 1.0, 1.0, 1.0, 1.0, 1.0, 1.0, 1.0, 1.0, 1.0, 1.0, 1.0, 3.0, 2.0, 1.0, 1.0, 1.0, 1.0, 3.0, 1.0, 2.0, 1.0, 3.0, 1.0, 3.0, 1.0, 2.0, 3.0, 3.0, 3.0, 3.0, 1.0, 1.0, 2.0, 1.0, 1.0, 1.0], [1.0, 3.0, 1.0, 1.0, 3.0, 1.0, 1.0, 1.0, 1.0, 1.0, 1.0, 1.0, 1.0, 1.0, 1.0, 1.0, 3.0, 3.0, 1.0, 1.0, 1.0, 2.0, 3.0, 2.0, 1.0, 1.0, 2.0, 1.0, 3.0, 1.0, 3.0, 3.0, 2.0, 3.0, 3.0, 1.0, 1.0, 2.0, 1.0, 1.0, 1.0], [1.0, 3.0, 1.0, 1.0, 3.0, 1.0, 1.0, 1.0, 1.0, 1.0, 1.0, 1.0, 1.0, 1.0, 1.0, 1.0, 3.0, 1.0, 2.0, 1.0, 1.0, 1.0, 3.0, 1.0, 2.0, 1.0, 3.0, 1.0, 3.0, 1.0, 3.0, 3.0, 3.0, 2.0, 3.0, 1.0, 1.0, 2.0, 1.0, 1.0, 1.0], [1.0, 3.0, 1.0, 1.0, 3.0, 1.0, 1.0, 1.0, 1.0, 1.0, 1.0, 1.0, 1.0, 1.0, 1.0, 1.0, 3.0, 2.0, 1.0, 1.0, 1.0, 2.0, 3.0, 1.0, 2.0, 1.0, 3.0, 1.0, 3.0, 1.0, 2.0, 3.0, 3.0, 3.0, 3.0, 1.0, 1.0, 2.0, 1.0, 1.0, 1.0], [1.0, 3.0, 1.0, 1.0, 3.0, 1.0, 1.0, 1.0, 1.0, 1.0, 1.0, 1.0, 1.0, 1.0, 1.0, 1.0, 3.0, 2.0, 2.0, 1.0, 1.0, 2.0, 3.0, 1.0, 1.0, 1.0, 3.0, 1.0, 3.0, 1.0, 2.0, 3.0, 3.0, 3.0, 3.0, 1.0, 1.0, 2.0, 1.0, 1.0, 1.0], [1.0, 3.0, 1.0, 1.0, 3.0, 1.0, 1.0, 1.0, 1.0, 1.0, 1.0, 1.0, 1.0, 1.0, 1.0, 1.0, 3.0, 3.0, 2.0, 1.0, 1.0, 2.0, 3.0, 1.0, 1.0, 1.0, 2.0, 1.0, 3.0, 1.0, 2.0, 3.0, 3.0, 3.0, 3.0, 1.0, 1.0, 2.0, 1.0, 1.0, 1.0], [1.0, 3.0, 1.0, 1.0, 3.0, 1.0, 1.0, 1.0, 1.0, 1.0, 1.0, 1.0, 1.0, 1.0, 1.0, 1.0, 3.0, 2.0, 2.0, 1.0, 1.0, 2.0, 3.0, 1.0, 2.0, 1.0, 3.0, 1.0, 3.0, 1.0, 3.0, 3.0, 3.0, 3.0, 3.0, 1.0, 1.0, 2.0, 1.0, 1.0, 1.0], [1.0, 3.0, 1.0, 1.0, 3.0, 1.0, 1.0, 1.0, 1.0, 1.0, 1.0, 1.0, 1.0, 1.0, 1.0, 1.0, 3.0, 2.0, 1.0, 1.0, 1.0, 2.0, 3.0, 2.0, 2.0, 1.0, 2.0, 1.0, 3.0, 1.0, 3.0, 3.0, 3.0, 3.0, 3.0, 1.0, 1.0, 2.0, 1.0, 1.0, 1.0], [1.0, 3.0, 1.0, 1.0, 3.0, 1.0, 1.0, 1.0, 1.0, 1.0, 1.0, 1.0, 1.0, 1.0, 1.0, 1.0, 3.0, 3.0, 1.0, 1.0, 1.0, 3.0, 3.0, 2.0, 2.0, 1.0, 2.0, 1.0, 3.0, 1.0, 2.0, 3.0, 3.0, 3.0, 3.0, 1.0, 1.0, 2.0, 1.0, 1.0, 1.0], [1.0, 2.0, 1.0, 1.0, 3.0, 1.0, 1.0, 1.0, 1.0, 1.0, 1.0, 1.0, 1.0, 1.0, 1.0, 1.0, 3.0, 2.0, 2.0, 1.0, 1.0, 2.0, 3.0, 1.0, 2.0, 1.0, 3.0, 1.0, 3.0, 1.0, 3.0, 3.0, 3.0, 3.0, 3.0, 1.0, 1.0, 2.0, 1.0, 1.0, 1.0], [1.0, 3.0, 1.0, 1.0, 3.0, 1.0, 1.0, 1.0, 1.0, 1.0, 1.0, 1.0, 1.0, 1.0, 1.0, 1.0, 3.0, 3.0, 1.0, 1.0, 1.0, 3.0, 3.0, 2.0, 2.0, 1.0, 3.0, 1.0, 3.0, 1.0, 2.0, 3.0, 3.0, 3.0, 3.0, 1.0, 1.0, 2.0, 1.0, 1.0, 1.0], [1.0, 3.0, 1.0, 1.0, 3.0, 1.0, 1.0, 1.0, 1.0, 1.0, 1.0, 1.0, 1.0, 1.0, 1.0, 1.0, 3.0, 2.0, 1.0, 1.0, 1.0, 2.0, 3.0, 1.0, 1.0, 1.0, 3.0, 1.0, 3.0, 1.0, 3.0, 3.0, 3.0, 3.0, 3.0, 1.0, 1.0, 3.0, 1.0, 1.0, 1.0], [1.0, 3.0, 1.0, 1.0, 3.0, 1.0, 1.0, 1.0, 1.0, 1.0, 1.0, 1.0, 1.0, 1.0, 1.0, 1.0, 3.0, 3.0, 1.0, 1.0, 1.0, 2.0, 3.0, 1.0, 1.0, 1.0, 2.0, 1.0, 3.0, 1.0, 3.0, 3.0, 3.0, 3.0, 3.0, 1.0, 1.0, 3.0, 1.0, 1.0, 1.0], [1.0, 3.0, 1.0, 1.0, 3.0, 1.0, 1.0, 1.0, 1.0, 1.0, 1.0, 1.0, 1.0, 1.0, 1.0, 1.0, 3.0, 2.0, 2.0, 1.0, 1.0, 2.0, 3.0, 2.0, 1.0, 1.0, 3.0, 1.0, 3.0, 1.0, 3.0, 3.0, 3.0, 2.0, 3.0, 1.0, 1.0, 2.0, 1.0, 1.0, 1.0], [1.0, 2.0, 1.0, 1.0, 3.0, 1.0, 1.0, 1.0, 1.0, 1.0, 1.0, 1.0, 1.0, 1.0, 1.0, 1.0, 3.0, 2.0, 1.0, 1.0, 1.0, 2.0, 3.0, 2.0, 2.0, 1.0, 3.0, 1.0, 3.0, 1.0, 2.0, 3.0, 3.0, 3.0, 3.0, 1.0, 1.0, 2.0, 1.0, 1.0, 1.0], [1.0, 3.0, 1.0, 1.0, 3.0, 1.0, 1.0, 1.0, 1.0, 1.0, 1.0, 1.0, 1.0, 1.0, 1.0, 1.0, 3.0, 3.0, 1.0, 1.0, 1.0, 2.0, 3.0, 2.0, 2.0, 1.0, 2.0, 1.0, 3.0, 1.0, 3.0, 3.0, 3.0, 3.0, 3.0, 1.0, 1.0, 2.0, 1.0, 1.0, 1.0], [1.0, 3.0, 1.0, 1.0, 3.0, 1.0, 1.0, 1.0, 1.0, 1.0, 1.0, 1.0, 1.0, 1.0, 1.0, 1.0, 3.0, 1.0, 1.0, 1.0, 1.0, 2.0, 3.0, 1.0, 2.0, 1.0, 3.0, 1.0, 3.0, 1.0, 3.0, 3.0, 3.0, 3.0, 3.0, 1.0, 1.0, 2.0, 1.0, 1.0, 1.0], [1.0, 3.0, 1.0, 1.0, 3.0, 1.0, 1.0, 1.0, 1.0, 1.0, 1.0, 1.0, 1.0, 1.0, 1.0, 1.0, 3.0, 3.0, 2.0, 1.0, 1.0, 3.0, 3.0, 1.0, 1.0, 1.0, 2.0, 1.0, 3.0, 1.0, 2.0, 3.0, 3.0, 3.0, 3.0, 1.0, 1.0, 2.0, 1.0, 1.0, 1.0], [1.0, 3.0, 1.0, 1.0, 3.0, 1.0, 1.0, 1.0, 1.0, 1.0, 1.0, 1.0, 1.0, 1.0, 1.0, 1.0, 3.0, 2.0, 1.0, 1.0, 1.0, 2.0, 3.0, 2.0, 1.0, 1.0, 2.0, 1.0, 3.0, 1.0, 2.0, 3.0, 3.0, 3.0, 3.0, 1.0, 1.0, 2.0, 1.0, 1.0, 1.0], [1.0, 3.0, 1.0, 1.0, 3.0, 1.0, 1.0, 1.0, 1.0, 1.0, 1.0, 1.0, 1.0, 1.0, 1.0, 1.0, 3.0, 2.0, 2.0, 1.0, 1.0, 1.0, 3.0, 2.0, 2.0, 1.0, 3.0, 1.0, 3.0, 1.0, 3.0, 3.0, 3.0, 3.0, 3.0, 1.0, 1.0, 2.0, 1.0, 1.0, 1.0], [1.0, 3.0, 1.0, 1.0, 3.0, 1.0, 1.0, 1.0, 1.0, 1.0, 1.0, 1.0, 1.0, 1.0, 1.0, 1.0, 3.0, 3.0, 1.0, 1.0, 1.0, 2.0, 3.0, 2.0, 2.0, 1.0, 3.0, 1.0, 3.0, 1.0, 1.0, 3.0, 3.0, 3.0, 3.0, 1.0, 1.0, 2.0, 1.0, 1.0, 1.0], [1.0, 3.0, 1.0, 1.0, 3.0, 1.0, 1.0, 1.0, 1.0, 1.0, 1.0, 1.0, 1.0, 1.0, 1.0, 1.0, 3.0, 3.0, 2.0, 1.0, 1.0, 2.0, 3.0, 2.0, 1.0, 1.0, 2.0, 1.0, 3.0, 1.0, 3.0, 3.0, 3.0, 3.0, 3.0, 1.0, 1.0, 2.0, 1.0, 1.0, 1.0], [1.0, 3.0, 1.0, 1.0, 3.0, 1.0, 1.0, 1.0, 1.0, 1.0, 1.0, 1.0, 1.0, 1.0, 1.0, 1.0, 3.0, 2.0, 2.0, 1.0, 1.0, 2.0, 3.0, 2.0, 2.0, 1.0, 2.0, 1.0, 3.0, 1.0, 3.0, 3.0, 3.0, 3.0, 3.0, 1.0, 1.0, 2.0, 1.0, 1.0, 1.0], [1.0, 3.0, 1.0, 1.0, 3.0, 1.0, 1.0, 1.0, 1.0, 1.0, 1.0, 1.0, 1.0, 1.0, 1.0, 1.0, 3.0, 2.0, 1.0, 1.0, 1.0, 2.0, 3.0, 3.0, 2.0, 1.0, 2.0, 1.0, 3.0, 1.0, 3.0, 3.0, 3.0, 3.0, 3.0, 1.0, 1.0, 2.0, 1.0, 1.0, 1.0], [1.0, 3.0, 1.0, 1.0, 3.0, 1.0, 1.0, 1.0, 1.0, 1.0, 1.0, 1.0, 1.0, 1.0, 1.0, 1.0, 3.0, 2.0, 1.0, 1.0, 1.0, 2.0, 3.0, 1.0, 1.0, 1.0, 2.0, 1.0, 3.0, 1.0, 3.0, 3.0, 3.0, 3.0, 3.0, 1.0, 1.0, 2.0, 1.0, 1.0, 1.0], [1.0, 3.0, 1.0, 1.0, 3.0, 1.0, 1.0, 1.0, 1.0, 1.0, 1.0, 1.0, 1.0, 1.0, 1.0, 1.0, 3.0, 3.0, 2.0, 1.0, 1.0, 2.0, 3.0, 2.0, 2.0, 1.0, 2.0, 1.0, 3.0, 1.0, 2.0, 3.0, 2.0, 3.0, 3.0, 1.0, 1.0, 2.0, 1.0, 1.0, 1.0], [1.0, 3.0, 1.0, 1.0, 3.0, 1.0, 1.0, 1.0, 1.0, 1.0, 1.0, 1.0, 1.0, 1.0, 1.0, 1.0, 3.0, 2.0, 2.0, 1.0, 1.0, 2.0, 3.0, 1.0, 1.0, 1.0, 3.0, 1.0, 3.0, 1.0, 3.0, 3.0, 3.0, 3.0, 3.0, 1.0, 1.0, 2.0, 1.0, 1.0, 1.0], [1.0, 3.0, 1.0, 1.0, 3.0, 1.0, 1.0, 1.0, 1.0, 1.0, 1.0, 1.0, 1.0, 1.0, 1.0, 1.0, 3.0, 3.0, 2.0, 1.0, 1.0, 2.0, 3.0, 2.0, 2.0, 1.0, 3.0, 1.0, 3.0, 1.0, 3.0, 3.0, 3.0, 3.0, 3.0, 1.0, 1.0, 2.0, 1.0, 1.0, 1.0], [1.0, 3.0, 1.0, 1.0, 3.0, 1.0, 1.0, 1.0, 1.0, 1.0, 1.0, 1.0, 1.0, 1.0, 1.0, 1.0, 3.0, 2.0, 1.0, 1.0, 1.0, 2.0, 3.0, 1.0, 2.0, 1.0, 3.0, 1.0, 3.0, 1.0, 3.0, 3.0, 3.0, 3.0, 3.0, 1.0, 1.0, 2.0, 1.0, 1.0, 1.0], [1.0, 3.0, 1.0, 1.0, 3.0, 1.0, 1.0, 1.0, 1.0, 1.0, 1.0, 1.0, 1.0, 1.0, 1.0, 1.0, 3.0, 2.0, 2.0, 1.0, 1.0, 2.0, 3.0, 1.0, 1.0, 1.0, 3.0, 1.0, 3.0, 1.0, 2.0, 3.0, 3.0, 2.0, 3.0, 1.0, 1.0, 2.0, 1.0, 1.0, 1.0]]

first layer check: Conv2d(9, 64, kernel_size=(7, 7), stride=(2, 2), padding=(3, 3), bias=False)

for model 1: mode acc: 0.7317073345184326, run mean acc: 0.6810000538825989, top-2 acc:0.9208332896232605, mode f1: 0.7317073345184326

model 1 mode preds
[1.0, 3.0, 1.0, 1.0, 3.0, 1.0, 1.0, 1.0, 1.0, 1.0, 1.0, 1.0, 1.0, 1.0, 1.0, 1.0, 3.0, 2.0, 1.0, 1.0, 1.0, 2.0, 3.0, 2.0, 2.0, 1.0, 2.0, 1.0, 3.0, 1.0, 3.0, 3.0, 3.0, 3.0, 3.0, 1.0, 1.0, 2.0, 1.0, 1.0, 2.0]

model 1 all preds
[[1.0, 3.0, 1.0, 1.0, 3.0, 1.0, 1.0, 1.0, 1.0, 1.0, 1.0, 1.0, 1.0, 1.0, 1.0, 1.0, 3.0, 2.0, 1.0, 1.0, 1.0, 2.0, 3.0, 1.0, 2.0, 1.0, 2.0, 1.0, 3.0, 1.0, 3.0, 3.0, 3.0, 2.0, 3.0, 1.0, 2.0, 2.0, 1.0, 1.0, 2.0], [1.0, 3.0, 1.0, 1.0, 3.0, 1.0, 1.0, 1.0, 1.0, 1.0, 1.0, 1.0, 1.0, 1.0, 1.0, 1.0, 3.0, 2.0, 1.0, 1.0, 1.0, 2.0, 3.0, 2.0, 2.0, 2.0, 2.0, 1.0, 3.0, 1.0, 2.0, 3.0, 3.0, 3.0, 3.0, 1.0, 1.0, 2.0, 1.0, 1.0, 2.0], [1.0, 3.0, 1.0, 1.0, 3.0, 1.0, 1.0, 1.0, 1.0, 1.0, 1.0, 1.0, 1.0, 1.0, 1.0, 1.0, 3.0, 3.0, 2.0, 1.0, 1.0, 2.0, 3.0, 2.0, 2.0, 1.0, 3.0, 1.0, 3.0, 1.0, 3.0, 3.0, 3.0, 3.0, 3.0, 1.0, 1.0, 2.0, 1.0, 1.0, 2.0], [1.0, 3.0, 1.0, 1.0, 3.0, 1.0, 1.0, 1.0, 2.0, 1.0, 1.0, 1.0, 1.0, 1.0, 1.0, 1.0, 3.0, 3.0, 2.0, 1.0, 1.0, 2.0, 3.0, 2.0, 2.0, 1.0, 2.0, 1.0, 3.0, 1.0, 3.0, 3.0, 3.0, 3.0, 3.0, 1.0, 1.0, 2.0, 1.0, 1.0, 2.0], [1.0, 3.0, 1.0, 1.0, 3.0, 1.0, 1.0, 1.0, 1.0, 1.0, 1.0, 1.0, 1.0, 1.0, 1.0, 1.0, 3.0, 3.0, 1.0, 1.0, 1.0, 1.0, 3.0, 2.0, 2.0, 1.0, 2.0, 1.0, 3.0, 1.0, 3.0, 3.0, 3.0, 3.0, 3.0, 1.0, 1.0, 2.0, 1.0, 1.0, 1.0], [1.0, 3.0, 1.0, 1.0, 3.0, 1.0, 1.0, 1.0, 1.0, 1.0, 1.0, 1.0, 1.0, 1.0, 1.0, 1.0, 3.0, 3.0, 2.0, 1.0, 1.0, 2.0, 3.0, 2.0, 2.0, 1.0, 2.0, 1.0, 3.0, 1.0, 3.0, 3.0, 3.0, 3.0, 3.0, 1.0, 2.0, 2.0, 1.0, 1.0, 1.0], [1.0, 3.0, 1.0, 1.0, 3.0, 1.0, 1.0, 1.0, 1.0, 1.0, 1.0, 1.0, 1.0, 1.0, 1.0, 1.0, 3.0, 3.0, 1.0, 1.0, 1.0, 2.0, 2.0, 2.0, 2.0, 1.0, 2.0, 1.0, 3.0, 1.0, 3.0, 3.0, 3.0, 3.0, 3.0, 1.0, 2.0, 2.0, 1.0, 1.0, 2.0], [1.0, 3.0, 1.0, 1.0, 3.0, 1.0, 1.0, 1.0, 1.0, 1.0, 1.0, 1.0, 1.0, 1.0, 1.0, 1.0, 3.0, 2.0, 1.0, 1.0, 1.0, 1.0, 3.0, 2.0, 2.0, 1.0, 3.0, 1.0, 3.0, 1.0, 3.0, 3.0, 3.0, 3.0, 3.0, 1.0, 1.0, 2.0, 1.0, 1.0, 2.0], [1.0, 3.0, 1.0, 1.0, 3.0, 1.0, 1.0, 1.0, 1.0, 1.0, 1.0, 1.0, 1.0, 1.0, 1.0, 1.0, 3.0, 2.0, 1.0, 1.0, 1.0, 2.0, 3.0, 1.0, 2.0, 1.0, 2.0, 1.0, 3.0, 1.0, 3.0, 3.0, 3.0, 3.0, 3.0, 1.0, 2.0, 2.0, 1.0, 1.0, 2.0], [1.0, 3.0, 1.0, 1.0, 3.0, 1.0, 1.0, 1.0, 1.0, 1.0, 1.0, 1.0, 1.0, 1.0, 1.0, 1.0, 3.0, 2.0, 2.0, 1.0, 1.0, 2.0, 3.0, 2.0, 2.0, 1.0, 2.0, 1.0, 3.0, 1.0, 3.0, 3.0, 3.0, 3.0, 3.0, 1.0, 1.0, 2.0, 1.0, 1.0, 1.0], [1.0, 3.0, 1.0, 1.0, 3.0, 1.0, 1.0, 1.0, 1.0, 1.0, 1.0, 1.0, 1.0, 1.0, 1.0, 1.0, 3.0, 3.0, 1.0, 1.0, 1.0, 2.0, 3.0, 2.0, 2.0, 1.0, 2.0, 1.0, 3.0, 1.0, 3.0, 3.0, 3.0, 3.0, 3.0, 1.0, 1.0, 2.0, 1.0, 1.0, 2.0], [1.0, 3.0, 1.0, 1.0, 3.0, 1.0, 1.0, 1.0, 1.0, 1.0, 1.0, 1.0, 1.0, 1.0, 1.0, 1.0, 3.0, 3.0, 1.0, 1.0, 1.0, 2.0, 3.0, 2.0, 2.0, 1.0, 2.0, 1.0, 3.0, 1.0, 2.0, 3.0, 3.0, 3.0, 3.0, 1.0, 2.0, 2.0, 1.0, 1.0, 2.0], [1.0, 3.0, 1.0, 1.0, 3.0, 1.0, 1.0, 1.0, 1.0, 1.0, 1.0, 1.0, 1.0, 1.0, 1.0, 1.0, 3.0, 3.0, 1.0, 1.0, 1.0, 2.0, 3.0, 2.0, 2.0, 1.0, 2.0, 1.0, 3.0, 1.0, 3.0, 3.0, 3.0, 3.0, 3.0, 1.0, 2.0, 2.0, 1.0, 1.0, 2.0], [1.0, 3.0, 2.0, 1.0, 3.0, 1.0, 1.0, 1.0, 1.0, 1.0, 1.0, 1.0, 1.0, 1.0, 1.0, 1.0, 3.0, 2.0, 1.0, 1.0, 1.0, 1.0, 3.0, 2.0, 2.0, 1.0, 2.0, 1.0, 3.0, 1.0, 2.0, 3.0, 3.0, 3.0, 3.0, 1.0, 1.0, 2.0, 1.0, 1.0, 2.0], [1.0, 3.0, 1.0, 1.0, 3.0, 1.0, 1.0, 1.0, 1.0, 1.0, 1.0, 1.0, 1.0, 1.0, 1.0, 1.0, 3.0, 3.0, 2.0, 1.0, 1.0, 2.0, 3.0, 2.0, 2.0, 1.0, 2.0, 1.0, 3.0, 1.0, 3.0, 3.0, 3.0, 2.0, 3.0, 1.0, 2.0, 2.0, 1.0, 1.0, 1.0], [1.0, 3.0, 1.0, 1.0, 3.0, 1.0, 1.0, 1.0, 1.0, 1.0, 1.0, 1.0, 1.0, 1.0, 1.0, 1.0, 3.0, 2.0, 1.0, 1.0, 1.0, 1.0, 3.0, 2.0, 2.0, 1.0, 2.0, 1.0, 3.0, 1.0, 2.0, 3.0, 3.0, 3.0, 3.0, 1.0, 2.0, 2.0, 1.0, 1.0, 2.0], [1.0, 3.0, 2.0, 1.0, 2.0, 1.0, 1.0, 1.0, 1.0, 1.0, 1.0, 1.0, 1.0, 1.0, 1.0, 1.0, 3.0, 2.0, 2.0, 1.0, 1.0, 2.0, 3.0, 2.0, 2.0, 1.0, 2.0, 1.0, 3.0, 1.0, 3.0, 3.0, 3.0, 3.0, 3.0, 1.0, 2.0, 2.0, 1.0, 1.0, 2.0], [1.0, 3.0, 1.0, 1.0, 3.0, 1.0, 1.0, 1.0, 1.0, 1.0, 1.0, 1.0, 1.0, 1.0, 1.0, 1.0, 3.0, 3.0, 1.0, 1.0, 1.0, 2.0, 3.0, 2.0, 2.0, 1.0, 3.0, 1.0, 3.0, 1.0, 3.0, 3.0, 3.0, 3.0, 3.0, 1.0, 1.0, 2.0, 1.0, 1.0, 1.0], [1.0, 3.0, 1.0, 1.0, 3.0, 1.0, 1.0, 1.0, 1.0, 1.0, 1.0, 1.0, 1.0, 1.0, 1.0, 1.0, 3.0, 2.0, 2.0, 1.0, 2.0, 2.0, 3.0, 2.0, 2.0, 1.0, 3.0, 1.0, 3.0, 1.0, 3.0, 3.0, 3.0, 3.0, 3.0, 1.0, 2.0, 2.0, 1.0, 1.0, 1.0], [1.0, 3.0, 1.0, 1.0, 3.0, 1.0, 1.0, 1.0, 1.0, 1.0, 1.0, 1.0, 1.0, 1.0, 1.0, 1.0, 3.0, 3.0, 1.0, 1.0, 1.0, 2.0, 3.0, 2.0, 2.0, 1.0, 2.0, 1.0, 3.0, 1.0, 2.0, 3.0, 2.0, 3.0, 3.0, 1.0, 2.0, 2.0, 1.0, 1.0, 1.0], [1.0, 3.0, 1.0, 1.0, 3.0, 1.0, 1.0, 1.0, 1.0, 1.0, 1.0, 1.0, 1.0, 1.0, 1.0, 1.0, 3.0, 3.0, 1.0, 1.0, 1.0, 2.0, 3.0, 2.0, 2.0, 1.0, 2.0, 1.0, 3.0, 1.0, 3.0, 3.0, 3.0, 3.0, 3.0, 1.0, 1.0, 2.0, 1.0, 1.0, 2.0], [1.0, 3.0, 1.0, 1.0, 3.0, 1.0, 1.0, 1.0, 1.0, 1.0, 1.0, 1.0, 1.0, 1.0, 1.0, 1.0, 3.0, 2.0, 2.0, 1.0, 1.0, 1.0, 3.0, 2.0, 2.0, 1.0, 3.0, 1.0, 3.0, 1.0, 3.0, 3.0, 3.0, 3.0, 3.0, 1.0, 1.0, 2.0, 1.0, 1.0, 2.0], [1.0, 3.0, 1.0, 1.0, 3.0, 1.0, 1.0, 1.0, 1.0, 1.0, 1.0, 1.0, 1.0, 1.0, 1.0, 1.0, 3.0, 3.0, 2.0, 1.0, 1.0, 2.0, 3.0, 2.0, 2.0, 2.0, 2.0, 1.0, 3.0, 1.0, 2.0, 3.0, 3.0, 3.0, 3.0, 1.0, 1.0, 2.0, 1.0, 1.0, 2.0], [1.0, 3.0, 1.0, 1.0, 3.0, 1.0, 1.0, 1.0, 1.0, 1.0, 1.0, 1.0, 1.0, 1.0, 1.0, 1.0, 3.0, 2.0, 2.0, 1.0, 1.0, 2.0, 3.0, 2.0, 2.0, 1.0, 2.0, 1.0, 3.0, 1.0, 3.0, 3.0, 3.0, 3.0, 3.0, 1.0, 2.0, 2.0, 1.0, 1.0, 1.0], [1.0, 3.0, 1.0, 1.0, 3.0, 1.0, 1.0, 1.0, 1.0, 1.0, 1.0, 1.0, 1.0, 1.0, 1.0, 1.0, 3.0, 2.0, 2.0, 1.0, 1.0, 2.0, 3.0, 2.0, 2.0, 1.0, 2.0, 1.0, 3.0, 1.0, 3.0, 3.0, 3.0, 3.0, 3.0, 1.0, 2.0, 2.0, 1.0, 1.0, 1.0], [1.0, 3.0, 1.0, 1.0, 3.0, 1.0, 1.0, 1.0, 1.0, 1.0, 1.0, 1.0, 1.0, 1.0, 1.0, 1.0, 3.0, 3.0, 1.0, 1.0, 1.0, 2.0, 3.0, 2.0, 2.0, 1.0, 3.0, 1.0, 3.0, 1.0, 3.0, 3.0, 3.0, 3.0, 3.0, 1.0, 2.0, 2.0, 1.0, 1.0, 2.0], [1.0, 3.0, 2.0, 1.0, 3.0, 1.0, 1.0, 1.0, 1.0, 1.0, 1.0, 1.0, 1.0, 1.0, 1.0, 1.0, 3.0, 2.0, 1.0, 1.0, 1.0, 1.0, 3.0, 2.0, 2.0, 1.0, 3.0, 1.0, 3.0, 1.0, 3.0, 3.0, 3.0, 3.0, 3.0, 1.0, 1.0, 2.0, 1.0, 1.0, 1.0], [1.0, 3.0, 1.0, 1.0, 3.0, 1.0, 1.0, 1.0, 1.0, 1.0, 1.0, 1.0, 1.0, 1.0, 1.0, 1.0, 3.0, 3.0, 1.0, 1.0, 1.0, 1.0, 2.0, 2.0, 2.0, 1.0, 2.0, 1.0, 3.0, 1.0, 3.0, 3.0, 2.0, 3.0, 3.0, 1.0, 1.0, 2.0, 1.0, 1.0, 2.0], [1.0, 3.0, 1.0, 1.0, 3.0, 1.0, 1.0, 1.0, 1.0, 1.0, 1.0, 1.0, 1.0, 1.0, 1.0, 1.0, 3.0, 3.0, 2.0, 1.0, 1.0, 2.0, 3.0, 2.0, 2.0, 1.0, 3.0, 1.0, 3.0, 1.0, 3.0, 3.0, 3.0, 3.0, 3.0, 1.0, 1.0, 2.0, 1.0, 1.0, 2.0], [1.0, 3.0, 1.0, 1.0, 3.0, 1.0, 1.0, 1.0, 1.0, 1.0, 1.0, 1.0, 1.0, 1.0, 1.0, 1.0, 3.0, 3.0, 2.0, 1.0, 1.0, 2.0, 3.0, 2.0, 2.0, 1.0, 3.0, 1.0, 3.0, 1.0, 3.0, 3.0, 3.0, 3.0, 3.0, 1.0, 1.0, 2.0, 1.0, 1.0, 2.0], [1.0, 3.0, 2.0, 1.0, 3.0, 1.0, 1.0, 1.0, 1.0, 1.0, 1.0, 1.0, 1.0, 1.0, 1.0, 1.0, 3.0, 3.0, 1.0, 1.0, 1.0, 2.0, 3.0, 2.0, 2.0, 1.0, 2.0, 1.0, 3.0, 1.0, 3.0, 3.0, 3.0, 3.0, 3.0, 1.0, 1.0, 2.0, 1.0, 1.0, 2.0], [1.0, 3.0, 1.0, 1.0, 3.0, 1.0, 1.0, 1.0, 1.0, 1.0, 1.0, 1.0, 1.0, 1.0, 1.0, 1.0, 3.0, 2.0, 1.0, 1.0, 1.0, 2.0, 3.0, 2.0, 2.0, 2.0, 3.0, 1.0, 3.0, 1.0, 3.0, 3.0, 3.0, 3.0, 3.0, 1.0, 1.0, 2.0, 1.0, 1.0, 2.0], [1.0, 3.0, 1.0, 1.0, 3.0, 1.0, 1.0, 1.0, 1.0, 1.0, 1.0, 1.0, 1.0, 1.0, 1.0, 1.0, 3.0, 2.0, 2.0, 1.0, 1.0, 2.0, 3.0, 2.0, 2.0, 1.0, 2.0, 1.0, 3.0, 1.0, 3.0, 3.0, 3.0, 3.0, 3.0, 1.0, 1.0, 2.0, 1.0, 1.0, 2.0], [1.0, 3.0, 2.0, 1.0, 3.0, 1.0, 1.0, 1.0, 1.0, 1.0, 1.0, 1.0, 1.0, 1.0, 1.0, 1.0, 3.0, 2.0, 1.0, 1.0, 1.0, 2.0, 3.0, 2.0, 2.0, 1.0, 3.0, 1.0, 3.0, 1.0, 3.0, 3.0, 3.0, 3.0, 3.0, 1.0, 1.0, 2.0, 1.0, 1.0, 2.0], [1.0, 2.0, 1.0, 1.0, 3.0, 1.0, 1.0, 1.0, 1.0, 1.0, 1.0, 1.0, 1.0, 1.0, 1.0, 1.0, 3.0, 2.0, 2.0, 1.0, 1.0, 2.0, 3.0, 2.0, 2.0, 1.0, 2.0, 1.0, 3.0, 1.0, 3.0, 3.0, 3.0, 3.0, 3.0, 1.0, 2.0, 2.0, 1.0, 1.0, 1.0], [1.0, 3.0, 1.0, 1.0, 3.0, 1.0, 1.0, 1.0, 1.0, 1.0, 1.0, 1.0, 1.0, 1.0, 1.0, 1.0, 3.0, 2.0, 1.0, 1.0, 1.0, 2.0, 3.0, 2.0, 2.0, 2.0, 3.0, 1.0, 3.0, 1.0, 3.0, 3.0, 3.0, 3.0, 3.0, 1.0, 1.0, 2.0, 1.0, 1.0, 2.0], [1.0, 3.0, 1.0, 1.0, 3.0, 1.0, 1.0, 1.0, 1.0, 1.0, 1.0, 1.0, 1.0, 1.0, 1.0, 1.0, 3.0, 2.0, 2.0, 1.0, 1.0, 2.0, 3.0, 2.0, 2.0, 1.0, 3.0, 1.0, 3.0, 1.0, 2.0, 3.0, 3.0, 3.0, 3.0, 1.0, 2.0, 2.0, 1.0, 1.0, 2.0], [1.0, 3.0, 1.0, 1.0, 3.0, 1.0, 1.0, 1.0, 1.0, 1.0, 1.0, 1.0, 1.0, 1.0, 1.0, 1.0, 3.0, 3.0, 1.0, 1.0, 1.0, 2.0, 3.0, 1.0, 2.0, 1.0, 3.0, 1.0, 3.0, 1.0, 3.0, 3.0, 3.0, 3.0, 3.0, 1.0, 1.0, 2.0, 1.0, 1.0, 1.0], [1.0, 3.0, 1.0, 1.0, 3.0, 1.0, 1.0, 1.0, 1.0, 1.0, 1.0, 1.0, 1.0, 1.0, 1.0, 1.0, 3.0, 2.0, 2.0, 1.0, 1.0, 2.0, 3.0, 1.0, 2.0, 1.0, 2.0, 1.0, 3.0, 1.0, 3.0, 3.0, 3.0, 3.0, 3.0, 1.0, 1.0, 2.0, 1.0, 1.0, 1.0], [1.0, 3.0, 1.0, 1.0, 3.0, 1.0, 1.0, 1.0, 1.0, 1.0, 1.0, 1.0, 1.0, 1.0, 1.0, 1.0, 3.0, 2.0, 2.0, 1.0, 1.0, 2.0, 3.0, 2.0, 2.0, 2.0, 2.0, 1.0, 3.0, 1.0, 3.0, 3.0, 3.0, 3.0, 3.0, 1.0, 1.0, 2.0, 1.0, 1.0, 2.0], [1.0, 3.0, 1.0, 1.0, 3.0, 1.0, 1.0, 1.0, 1.0, 1.0, 1.0, 1.0, 1.0, 1.0, 1.0, 1.0, 3.0, 3.0, 2.0, 1.0, 1.0, 2.0, 3.0, 1.0, 2.0, 1.0, 2.0, 1.0, 3.0, 1.0, 2.0, 3.0, 3.0, 3.0, 3.0, 1.0, 1.0, 2.0, 1.0, 1.0, 1.0], [1.0, 3.0, 1.0, 1.0, 3.0, 1.0, 1.0, 1.0, 1.0, 1.0, 1.0, 1.0, 1.0, 1.0, 1.0, 1.0, 3.0, 2.0, 1.0, 1.0, 2.0, 2.0, 3.0, 2.0, 2.0, 2.0, 3.0, 1.0, 3.0, 1.0, 3.0, 3.0, 3.0, 3.0, 3.0, 1.0, 1.0, 2.0, 1.0, 1.0, 1.0], [1.0, 3.0, 2.0, 1.0, 3.0, 1.0, 1.0, 1.0, 1.0, 1.0, 1.0, 1.0, 1.0, 1.0, 1.0, 1.0, 3.0, 3.0, 2.0, 1.0, 1.0, 2.0, 3.0, 2.0, 2.0, 1.0, 3.0, 1.0, 3.0, 1.0, 3.0, 3.0, 3.0, 3.0, 3.0, 1.0, 1.0, 2.0, 1.0, 1.0, 2.0], [1.0, 3.0, 1.0, 1.0, 3.0, 1.0, 1.0, 1.0, 1.0, 1.0, 1.0, 1.0, 1.0, 1.0, 1.0, 1.0, 3.0, 2.0, 2.0, 1.0, 1.0, 2.0, 3.0, 2.0, 2.0, 1.0, 2.0, 1.0, 3.0, 1.0, 3.0, 3.0, 3.0, 3.0, 3.0, 1.0, 2.0, 2.0, 1.0, 1.0, 1.0], [1.0, 3.0, 1.0, 1.0, 3.0, 1.0, 1.0, 1.0, 1.0, 1.0, 1.0, 1.0, 1.0, 1.0, 1.0, 1.0, 3.0, 3.0, 1.0, 1.0, 1.0, 2.0, 3.0, 1.0, 2.0, 1.0, 2.0, 1.0, 3.0, 1.0, 3.0, 3.0, 3.0, 3.0, 3.0, 1.0, 1.0, 2.0, 1.0, 1.0, 1.0], [1.0, 3.0, 2.0, 1.0, 3.0, 1.0, 1.0, 1.0, 1.0, 1.0, 1.0, 1.0, 1.0, 1.0, 1.0, 1.0, 3.0, 3.0, 1.0, 1.0, 1.0, 2.0, 3.0, 2.0, 2.0, 2.0, 2.0, 1.0, 3.0, 1.0, 3.0, 3.0, 3.0, 3.0, 3.0, 1.0, 1.0, 2.0, 1.0, 1.0, 2.0], [1.0, 3.0, 1.0, 1.0, 3.0, 1.0, 1.0, 1.0, 1.0, 1.0, 1.0, 1.0, 1.0, 1.0, 1.0, 1.0, 3.0, 3.0, 2.0, 1.0, 1.0, 2.0, 3.0, 1.0, 2.0, 1.0, 2.0, 1.0, 3.0, 1.0, 3.0, 3.0, 3.0, 2.0, 3.0, 1.0, 1.0, 2.0, 1.0, 1.0, 2.0], [1.0, 3.0, 1.0, 1.0, 3.0, 1.0, 1.0, 1.0, 1.0, 1.0, 1.0, 1.0, 1.0, 1.0, 1.0, 1.0, 3.0, 3.0, 1.0, 1.0, 1.0, 2.0, 3.0, 2.0, 2.0, 1.0, 2.0, 1.0, 3.0, 1.0, 3.0, 3.0, 3.0, 3.0, 3.0, 1.0, 1.0, 2.0, 1.0, 1.0, 2.0], [1.0, 3.0, 2.0, 1.0, 3.0, 1.0, 1.0, 1.0, 1.0, 1.0, 1.0, 1.0, 1.0, 1.0, 1.0, 1.0, 3.0, 2.0, 2.0, 1.0, 1.0, 2.0, 3.0, 2.0, 2.0, 1.0, 2.0, 1.0, 3.0, 1.0, 3.0, 3.0, 3.0, 3.0, 3.0, 1.0, 1.0, 2.0, 1.0, 1.0, 2.0], [1.0, 3.0, 1.0, 1.0, 3.0, 1.0, 1.0, 1.0, 1.0, 1.0, 1.0, 1.0, 1.0, 1.0, 1.0, 1.0, 3.0, 2.0, 1.0, 1.0, 1.0, 2.0, 3.0, 2.0, 2.0, 1.0, 2.0, 1.0, 3.0, 1.0, 2.0, 3.0, 3.0, 3.0, 2.0, 1.0, 1.0, 2.0, 1.0, 1.0, 1.0]]

first layer check: Conv2d(9, 64, kernel_size=(7, 7), stride=(2, 2), padding=(3, 3), bias=False)

for model 2: mode acc: 0.7317073345184326, run mean acc: 0.7315834164619446, top-2 acc:0.9541666507720947, mode f1: 0.7317073345184326

model 2 mode preds
[1.0, 3.0, 1.0, 1.0, 3.0, 1.0, 1.0, 1.0, 1.0, 1.0, 1.0, 1.0, 1.0, 1.0, 1.0, 1.0, 3.0, 3.0, 1.0, 1.0, 1.0, 2.0, 3.0, 1.0, 2.0, 1.0, 3.0, 1.0, 3.0, 1.0, 3.0, 3.0, 3.0, 3.0, 2.0, 1.0, 1.0, 2.0, 1.0, 1.0, 1.0]

model 2 all preds
[[1.0, 3.0, 1.0, 1.0, 3.0, 1.0, 1.0, 1.0, 1.0, 1.0, 1.0, 1.0, 1.0, 1.0, 1.0, 1.0, 3.0, 3.0, 1.0, 1.0, 1.0, 2.0, 3.0, 1.0, 2.0, 1.0, 3.0, 1.0, 3.0, 1.0, 2.0, 3.0, 3.0, 3.0, 2.0, 1.0, 1.0, 2.0, 1.0, 1.0, 1.0], [1.0, 3.0, 1.0, 1.0, 3.0, 1.0, 1.0, 1.0, 1.0, 1.0, 1.0, 1.0, 1.0, 1.0, 1.0, 1.0, 3.0, 3.0, 1.0, 1.0, 1.0, 2.0, 3.0, 1.0, 2.0, 1.0, 3.0, 1.0, 3.0, 1.0, 3.0, 3.0, 3.0, 2.0, 2.0, 1.0, 1.0, 2.0, 1.0, 1.0, 2.0], [1.0, 3.0, 1.0, 1.0, 3.0, 1.0, 1.0, 1.0, 1.0, 1.0, 1.0, 1.0, 1.0, 1.0, 1.0, 1.0, 3.0, 2.0, 1.0, 1.0, 1.0, 2.0, 3.0, 1.0, 2.0, 1.0, 3.0, 1.0, 3.0, 1.0, 3.0, 3.0, 3.0, 3.0, 2.0, 1.0, 1.0, 2.0, 1.0, 1.0, 1.0], [1.0, 3.0, 2.0, 1.0, 3.0, 1.0, 1.0, 1.0, 1.0, 1.0, 1.0, 1.0, 1.0, 1.0, 1.0, 1.0, 3.0, 3.0, 1.0, 1.0, 1.0, 2.0, 3.0, 2.0, 2.0, 1.0, 3.0, 1.0, 3.0, 1.0, 3.0, 2.0, 3.0, 2.0, 2.0, 1.0, 1.0, 2.0, 1.0, 1.0, 1.0], [1.0, 3.0, 1.0, 1.0, 3.0, 1.0, 1.0, 1.0, 1.0, 1.0, 1.0, 1.0, 1.0, 1.0, 1.0, 1.0, 3.0, 2.0, 1.0, 1.0, 1.0, 2.0, 3.0, 1.0, 2.0, 1.0, 3.0, 1.0, 3.0, 1.0, 2.0, 3.0, 3.0, 3.0, 2.0, 1.0, 1.0, 2.0, 1.0, 1.0, 1.0], [1.0, 3.0, 1.0, 1.0, 3.0, 1.0, 1.0, 1.0, 1.0, 1.0, 1.0, 1.0, 1.0, 1.0, 1.0, 1.0, 3.0, 2.0, 2.0, 1.0, 1.0, 2.0, 3.0, 1.0, 2.0, 1.0, 3.0, 1.0, 3.0, 1.0, 3.0, 3.0, 3.0, 3.0, 2.0, 1.0, 1.0, 2.0, 1.0, 1.0, 1.0], [1.0, 3.0, 2.0, 1.0, 3.0, 1.0, 1.0, 1.0, 1.0, 1.0, 1.0, 1.0, 1.0, 1.0, 1.0, 1.0, 3.0, 2.0, 1.0, 1.0, 1.0, 2.0, 3.0, 1.0, 2.0, 1.0, 3.0, 1.0, 3.0, 1.0, 3.0, 3.0, 3.0, 3.0, 2.0, 1.0, 1.0, 2.0, 1.0, 1.0, 1.0], [1.0, 3.0, 1.0, 1.0, 3.0, 1.0, 1.0, 1.0, 1.0, 1.0, 1.0, 1.0, 1.0, 1.0, 1.0, 1.0, 3.0, 2.0, 1.0, 1.0, 1.0, 2.0, 3.0, 1.0, 2.0, 1.0, 3.0, 1.0, 3.0, 1.0, 3.0, 3.0, 3.0, 3.0, 3.0, 1.0, 1.0, 2.0, 1.0, 1.0, 1.0], [1.0, 3.0, 1.0, 1.0, 3.0, 1.0, 1.0, 1.0, 1.0, 1.0, 1.0, 1.0, 1.0, 1.0, 1.0, 1.0, 3.0, 2.0, 1.0, 1.0, 1.0, 2.0, 3.0, 1.0, 2.0, 1.0, 2.0, 1.0, 3.0, 1.0, 2.0, 3.0, 3.0, 3.0, 2.0, 1.0, 1.0, 2.0, 1.0, 1.0, 1.0], [1.0, 3.0, 1.0, 1.0, 3.0, 1.0, 1.0, 1.0, 1.0, 1.0, 1.0, 1.0, 1.0, 1.0, 1.0, 1.0, 3.0, 3.0, 2.0, 1.0, 1.0, 2.0, 3.0, 1.0, 2.0, 1.0, 3.0, 1.0, 3.0, 1.0, 3.0, 3.0, 3.0, 2.0, 2.0, 1.0, 1.0, 2.0, 1.0, 1.0, 1.0], [1.0, 3.0, 1.0, 1.0, 3.0, 1.0, 1.0, 1.0, 1.0, 1.0, 1.0, 1.0, 1.0, 1.0, 1.0, 1.0, 3.0, 2.0, 1.0, 1.0, 1.0, 2.0, 3.0, 2.0, 2.0, 1.0, 3.0, 1.0, 3.0, 1.0, 2.0, 3.0, 3.0, 3.0, 3.0, 1.0, 1.0, 2.0, 1.0, 1.0, 1.0], [1.0, 3.0, 2.0, 1.0, 3.0, 1.0, 1.0, 1.0, 1.0, 1.0, 1.0, 1.0, 1.0, 1.0, 1.0, 1.0, 3.0, 2.0, 2.0, 1.0, 1.0, 2.0, 3.0, 2.0, 2.0, 1.0, 2.0, 1.0, 3.0, 1.0, 2.0, 3.0, 3.0, 3.0, 2.0, 1.0, 1.0, 2.0, 1.0, 1.0, 2.0], [1.0, 3.0, 1.0, 1.0, 3.0, 1.0, 1.0, 1.0, 1.0, 1.0, 1.0, 1.0, 1.0, 1.0, 1.0, 1.0, 3.0, 3.0, 1.0, 1.0, 1.0, 2.0, 3.0, 2.0, 2.0, 1.0, 3.0, 1.0, 3.0, 1.0, 3.0, 2.0, 3.0, 3.0, 3.0, 1.0, 1.0, 2.0, 1.0, 1.0, 1.0], [1.0, 3.0, 1.0, 1.0, 3.0, 1.0, 1.0, 1.0, 1.0, 1.0, 1.0, 1.0, 1.0, 1.0, 1.0, 1.0, 3.0, 3.0, 2.0, 1.0, 1.0, 2.0, 3.0, 2.0, 2.0, 1.0, 3.0, 1.0, 3.0, 1.0, 3.0, 3.0, 3.0, 3.0, 2.0, 1.0, 1.0, 2.0, 1.0, 1.0, 2.0], [1.0, 3.0, 1.0, 1.0, 3.0, 1.0, 1.0, 1.0, 1.0, 1.0, 1.0, 1.0, 1.0, 1.0, 1.0, 1.0, 3.0, 2.0, 2.0, 1.0, 1.0, 2.0, 3.0, 1.0, 2.0, 1.0, 3.0, 1.0, 3.0, 1.0, 3.0, 3.0, 3.0, 3.0, 3.0, 1.0, 1.0, 2.0, 1.0, 1.0, 1.0], [1.0, 3.0, 1.0, 1.0, 3.0, 1.0, 1.0, 1.0, 1.0, 1.0, 1.0, 1.0, 1.0, 1.0, 1.0, 1.0, 3.0, 2.0, 1.0, 1.0, 1.0, 2.0, 3.0, 1.0, 2.0, 1.0, 2.0, 1.0, 3.0, 1.0, 2.0, 3.0, 3.0, 2.0, 2.0, 1.0, 1.0, 2.0, 1.0, 1.0, 1.0], [1.0, 3.0, 1.0, 1.0, 3.0, 1.0, 1.0, 1.0, 1.0, 1.0, 1.0, 1.0, 1.0, 1.0, 1.0, 1.0, 3.0, 3.0, 2.0, 1.0, 1.0, 2.0, 3.0, 1.0, 2.0, 1.0, 2.0, 1.0, 3.0, 1.0, 3.0, 3.0, 3.0, 3.0, 2.0, 1.0, 1.0, 2.0, 1.0, 1.0, 2.0], [1.0, 3.0, 1.0, 1.0, 3.0, 1.0, 1.0, 1.0, 1.0, 1.0, 1.0, 1.0, 1.0, 1.0, 1.0, 1.0, 3.0, 3.0, 2.0, 1.0, 1.0, 2.0, 3.0, 1.0, 2.0, 1.0, 3.0, 1.0, 3.0, 1.0, 3.0, 3.0, 3.0, 3.0, 2.0, 1.0, 1.0, 2.0, 1.0, 1.0, 1.0], [1.0, 3.0, 2.0, 1.0, 3.0, 1.0, 1.0, 1.0, 1.0, 1.0, 1.0, 1.0, 1.0, 1.0, 1.0, 1.0, 3.0, 3.0, 1.0, 1.0, 1.0, 2.0, 3.0, 2.0, 2.0, 1.0, 3.0, 1.0, 3.0, 1.0, 3.0, 3.0, 3.0, 3.0, 2.0, 1.0, 1.0, 2.0, 1.0, 1.0, 2.0], [1.0, 3.0, 1.0, 1.0, 3.0, 1.0, 1.0, 1.0, 1.0, 1.0, 1.0, 1.0, 1.0, 1.0, 1.0, 1.0, 3.0, 3.0, 1.0, 1.0, 1.0, 2.0, 3.0, 1.0, 2.0, 1.0, 3.0, 1.0, 3.0, 1.0, 2.0, 3.0, 3.0, 3.0, 2.0, 1.0, 1.0, 2.0, 1.0, 1.0, 1.0], [1.0, 3.0, 2.0, 1.0, 3.0, 1.0, 1.0, 1.0, 1.0, 1.0, 1.0, 1.0, 1.0, 1.0, 1.0, 1.0, 3.0, 3.0, 1.0, 1.0, 1.0, 2.0, 3.0, 1.0, 2.0, 1.0, 3.0, 1.0, 3.0, 1.0, 3.0, 3.0, 3.0, 2.0, 2.0, 1.0, 1.0, 2.0, 1.0, 1.0, 1.0], [1.0, 3.0, 2.0, 1.0, 3.0, 1.0, 1.0, 1.0, 1.0, 1.0, 1.0, 1.0, 1.0, 1.0, 1.0, 1.0, 3.0, 2.0, 2.0, 1.0, 1.0, 2.0, 3.0, 2.0, 2.0, 1.0, 2.0, 1.0, 3.0, 1.0, 3.0, 3.0, 3.0, 3.0, 2.0, 1.0, 1.0, 2.0, 1.0, 1.0, 2.0], [1.0, 3.0, 2.0, 1.0, 3.0, 1.0, 1.0, 1.0, 1.0, 1.0, 1.0, 1.0, 1.0, 1.0, 1.0, 1.0, 3.0, 3.0, 2.0, 1.0, 1.0, 2.0, 3.0, 1.0, 2.0, 1.0, 2.0, 1.0, 3.0, 1.0, 3.0, 3.0, 3.0, 3.0, 2.0, 1.0, 1.0, 2.0, 1.0, 1.0, 1.0], [1.0, 3.0, 1.0, 1.0, 3.0, 1.0, 1.0, 1.0, 1.0, 1.0, 1.0, 1.0, 1.0, 1.0, 1.0, 1.0, 3.0, 3.0, 1.0, 1.0, 1.0, 2.0, 3.0, 1.0, 2.0, 1.0, 3.0, 1.0, 3.0, 1.0, 3.0, 3.0, 3.0, 3.0, 2.0, 1.0, 1.0, 2.0, 1.0, 1.0, 2.0], [1.0, 3.0, 2.0, 1.0, 3.0, 1.0, 1.0, 1.0, 1.0, 1.0, 1.0, 1.0, 1.0, 1.0, 1.0, 1.0, 3.0, 2.0, 1.0, 1.0, 1.0, 2.0, 3.0, 2.0, 2.0, 1.0, 3.0, 1.0, 3.0, 1.0, 3.0, 3.0, 3.0, 2.0, 2.0, 1.0, 1.0, 2.0, 1.0, 1.0, 1.0], [1.0, 3.0, 1.0, 1.0, 3.0, 1.0, 1.0, 1.0, 1.0, 1.0, 1.0, 1.0, 1.0, 1.0, 1.0, 1.0, 3.0, 2.0, 2.0, 1.0, 2.0, 2.0, 3.0, 1.0, 2.0, 1.0, 3.0, 1.0, 3.0, 1.0, 3.0, 3.0, 3.0, 3.0, 3.0, 1.0, 1.0, 2.0, 1.0, 1.0, 1.0], [1.0, 3.0, 1.0, 1.0, 3.0, 1.0, 1.0, 1.0, 1.0, 1.0, 1.0, 1.0, 1.0, 1.0, 1.0, 1.0, 3.0, 2.0, 1.0, 1.0, 1.0, 2.0, 3.0, 2.0, 2.0, 1.0, 3.0, 1.0, 3.0, 1.0, 3.0, 3.0, 3.0, 3.0, 2.0, 1.0, 1.0, 2.0, 1.0, 1.0, 1.0], [1.0, 3.0, 2.0, 1.0, 3.0, 1.0, 1.0, 1.0, 1.0, 1.0, 1.0, 1.0, 1.0, 1.0, 1.0, 1.0, 3.0, 3.0, 1.0, 1.0, 1.0, 2.0, 2.0, 1.0, 2.0, 1.0, 3.0, 1.0, 3.0, 1.0, 3.0, 3.0, 3.0, 3.0, 2.0, 1.0, 1.0, 2.0, 1.0, 1.0, 2.0], [1.0, 3.0, 1.0, 1.0, 3.0, 1.0, 1.0, 1.0, 1.0, 1.0, 1.0, 1.0, 1.0, 1.0, 1.0, 1.0, 3.0, 2.0, 2.0, 1.0, 1.0, 2.0, 3.0, 2.0, 2.0, 1.0, 3.0, 1.0, 3.0, 1.0, 3.0, 3.0, 3.0, 3.0, 2.0, 1.0, 1.0, 2.0, 1.0, 1.0, 2.0], [1.0, 3.0, 2.0, 1.0, 3.0, 1.0, 1.0, 1.0, 1.0, 1.0, 1.0, 1.0, 1.0, 1.0, 1.0, 1.0, 3.0, 3.0, 2.0, 1.0, 1.0, 2.0, 3.0, 2.0, 2.0, 1.0, 3.0, 1.0, 3.0, 1.0, 3.0, 3.0, 3.0, 2.0, 2.0, 1.0, 1.0, 2.0, 1.0, 1.0, 1.0], [1.0, 3.0, 1.0, 1.0, 3.0, 1.0, 1.0, 1.0, 1.0, 1.0, 1.0, 1.0, 1.0, 1.0, 1.0, 1.0, 2.0, 3.0, 2.0, 1.0, 1.0, 2.0, 3.0, 1.0, 2.0, 1.0, 3.0, 1.0, 3.0, 1.0, 3.0, 3.0, 3.0, 3.0, 2.0, 1.0, 1.0, 2.0, 1.0, 1.0, 2.0], [1.0, 3.0, 1.0, 1.0, 3.0, 1.0, 1.0, 1.0, 1.0, 1.0, 1.0, 1.0, 1.0, 1.0, 1.0, 1.0, 3.0, 3.0, 1.0, 1.0, 1.0, 2.0, 3.0, 1.0, 2.0, 1.0, 2.0, 1.0, 3.0, 1.0, 3.0, 3.0, 3.0, 3.0, 2.0, 1.0, 1.0, 2.0, 1.0, 1.0, 2.0], [1.0, 3.0, 1.0, 1.0, 3.0, 1.0, 1.0, 1.0, 1.0, 1.0, 1.0, 1.0, 1.0, 1.0, 1.0, 1.0, 3.0, 2.0, 2.0, 1.0, 1.0, 2.0, 3.0, 1.0, 2.0, 1.0, 3.0, 1.0, 3.0, 1.0, 3.0, 3.0, 3.0, 3.0, 2.0, 1.0, 1.0, 2.0, 1.0, 1.0, 1.0], [1.0, 3.0, 1.0, 1.0, 3.0, 1.0, 1.0, 1.0, 1.0, 1.0, 1.0, 1.0, 1.0, 1.0, 1.0, 1.0, 3.0, 3.0, 2.0, 1.0, 1.0, 2.0, 3.0, 1.0, 2.0, 1.0, 3.0, 1.0, 3.0, 1.0, 3.0, 3.0, 3.0, 3.0, 3.0, 1.0, 1.0, 2.0, 1.0, 1.0, 1.0], [1.0, 3.0, 1.0, 1.0, 3.0, 1.0, 1.0, 1.0, 1.0, 1.0, 1.0, 1.0, 1.0, 1.0, 1.0, 1.0, 3.0, 3.0, 1.0, 1.0, 1.0, 2.0, 3.0, 1.0, 2.0, 1.0, 2.0, 1.0, 3.0, 1.0, 3.0, 3.0, 3.0, 3.0, 2.0, 1.0, 1.0, 2.0, 1.0, 1.0, 1.0], [1.0, 3.0, 2.0, 1.0, 3.0, 1.0, 1.0, 1.0, 1.0, 1.0, 1.0, 1.0, 1.0, 1.0, 1.0, 1.0, 3.0, 3.0, 1.0, 1.0, 1.0, 2.0, 3.0, 1.0, 1.0, 1.0, 2.0, 1.0, 3.0, 1.0, 3.0, 3.0, 2.0, 2.0, 2.0, 1.0, 1.0, 2.0, 1.0, 1.0, 1.0], [1.0, 2.0, 1.0, 1.0, 3.0, 1.0, 1.0, 1.0, 1.0, 1.0, 1.0, 1.0, 1.0, 1.0, 1.0, 1.0, 3.0, 2.0, 1.0, 1.0, 1.0, 2.0, 3.0, 1.0, 2.0, 1.0, 3.0, 1.0, 3.0, 1.0, 3.0, 3.0, 2.0, 3.0, 2.0, 1.0, 1.0, 2.0, 1.0, 1.0, 1.0], [1.0, 3.0, 1.0, 1.0, 3.0, 1.0, 1.0, 1.0, 1.0, 1.0, 1.0, 1.0, 1.0, 1.0, 1.0, 1.0, 3.0, 3.0, 1.0, 1.0, 1.0, 2.0, 3.0, 1.0, 2.0, 1.0, 2.0, 1.0, 3.0, 1.0, 3.0, 3.0, 3.0, 3.0, 2.0, 1.0, 1.0, 2.0, 1.0, 1.0, 1.0], [1.0, 3.0, 1.0, 1.0, 3.0, 1.0, 1.0, 1.0, 1.0, 1.0, 1.0, 1.0, 1.0, 1.0, 1.0, 1.0, 3.0, 3.0, 1.0, 1.0, 1.0, 2.0, 3.0, 1.0, 2.0, 1.0, 2.0, 1.0, 3.0, 1.0, 3.0, 3.0, 3.0, 3.0, 2.0, 1.0, 1.0, 2.0, 1.0, 1.0, 2.0], [1.0, 3.0, 1.0, 1.0, 3.0, 1.0, 1.0, 1.0, 1.0, 1.0, 1.0, 1.0, 1.0, 1.0, 1.0, 1.0, 3.0, 3.0, 1.0, 1.0, 1.0, 2.0, 3.0, 2.0, 2.0, 1.0, 3.0, 1.0, 3.0, 1.0, 3.0, 2.0, 3.0, 3.0, 2.0, 1.0, 1.0, 2.0, 1.0, 1.0, 1.0], [1.0, 3.0, 1.0, 1.0, 3.0, 1.0, 1.0, 1.0, 1.0, 1.0, 1.0, 1.0, 1.0, 1.0, 1.0, 1.0, 3.0, 3.0, 1.0, 1.0, 1.0, 2.0, 3.0, 2.0, 2.0, 1.0, 3.0, 1.0, 3.0, 1.0, 2.0, 3.0, 3.0, 2.0, 2.0, 1.0, 1.0, 2.0, 1.0, 1.0, 1.0], [1.0, 3.0, 1.0, 1.0, 3.0, 1.0, 1.0, 1.0, 1.0, 1.0, 1.0, 1.0, 1.0, 1.0, 1.0, 1.0, 3.0, 3.0, 1.0, 1.0, 1.0, 2.0, 3.0, 1.0, 2.0, 1.0, 2.0, 1.0, 3.0, 1.0, 3.0, 3.0, 3.0, 3.0, 3.0, 1.0, 1.0, 2.0, 1.0, 1.0, 1.0], [1.0, 3.0, 1.0, 1.0, 3.0, 1.0, 1.0, 1.0, 1.0, 1.0, 1.0, 1.0, 1.0, 1.0, 1.0, 1.0, 3.0, 3.0, 1.0, 1.0, 1.0, 2.0, 3.0, 1.0, 2.0, 1.0, 3.0, 1.0, 3.0, 1.0, 3.0, 3.0, 3.0, 3.0, 2.0, 1.0, 1.0, 2.0, 1.0, 1.0, 1.0], [1.0, 3.0, 2.0, 1.0, 3.0, 1.0, 1.0, 1.0, 1.0, 1.0, 1.0, 1.0, 1.0, 1.0, 1.0, 1.0, 3.0, 2.0, 1.0, 1.0, 1.0, 1.0, 3.0, 1.0, 2.0, 1.0, 3.0, 1.0, 3.0, 1.0, 3.0, 3.0, 3.0, 2.0, 2.0, 1.0, 1.0, 2.0, 1.0, 1.0, 1.0], [1.0, 3.0, 2.0, 1.0, 3.0, 1.0, 1.0, 1.0, 1.0, 1.0, 1.0, 1.0, 1.0, 1.0, 1.0, 1.0, 3.0, 2.0, 1.0, 1.0, 1.0, 2.0, 3.0, 1.0, 2.0, 1.0, 3.0, 1.0, 3.0, 1.0, 3.0, 3.0, 2.0, 3.0, 2.0, 1.0, 1.0, 2.0, 1.0, 1.0, 1.0], [1.0, 3.0, 2.0, 1.0, 3.0, 1.0, 1.0, 1.0, 1.0, 1.0, 1.0, 1.0, 1.0, 1.0, 1.0, 1.0, 2.0, 2.0, 1.0, 1.0, 1.0, 2.0, 3.0, 1.0, 2.0, 1.0, 3.0, 1.0, 3.0, 1.0, 3.0, 3.0, 3.0, 3.0, 2.0, 1.0, 1.0, 2.0, 1.0, 1.0, 1.0], [1.0, 3.0, 1.0, 1.0, 3.0, 1.0, 1.0, 1.0, 1.0, 1.0, 1.0, 1.0, 1.0, 1.0, 1.0, 1.0, 3.0, 2.0, 2.0, 1.0, 1.0, 2.0, 3.0, 1.0, 2.0, 1.0, 2.0, 1.0, 3.0, 1.0, 3.0, 3.0, 3.0, 3.0, 2.0, 1.0, 1.0, 2.0, 1.0, 1.0, 1.0], [1.0, 3.0, 1.0, 1.0, 3.0, 1.0, 1.0, 1.0, 1.0, 1.0, 1.0, 1.0, 1.0, 1.0, 1.0, 1.0, 3.0, 2.0, 2.0, 1.0, 1.0, 2.0, 3.0, 1.0, 2.0, 1.0, 3.0, 1.0, 3.0, 1.0, 3.0, 3.0, 3.0, 3.0, 2.0, 1.0, 1.0, 2.0, 1.0, 1.0, 2.0], [1.0, 3.0, 1.0, 1.0, 3.0, 1.0, 1.0, 1.0, 1.0, 1.0, 1.0, 1.0, 1.0, 1.0, 1.0, 1.0, 3.0, 2.0, 1.0, 1.0, 1.0, 2.0, 3.0, 2.0, 2.0, 1.0, 3.0, 1.0, 3.0, 1.0, 3.0, 3.0, 3.0, 3.0, 2.0, 1.0, 1.0, 2.0, 1.0, 1.0, 1.0], [1.0, 3.0, 2.0, 1.0, 3.0, 1.0, 1.0, 1.0, 1.0, 1.0, 1.0, 1.0, 1.0, 1.0, 1.0, 1.0, 3.0, 3.0, 1.0, 1.0, 1.0, 2.0, 3.0, 2.0, 2.0, 1.0, 3.0, 1.0, 3.0, 1.0, 2.0, 3.0, 3.0, 3.0, 2.0, 1.0, 1.0, 2.0, 1.0, 1.0, 1.0]]

first layer check: Conv2d(9, 64, kernel_size=(7, 7), stride=(2, 2), padding=(3, 3), bias=False)

for model 3: mode acc: 0.7560975551605225, run mean acc: 0.7490832805633545, top-2 acc:0.9391666650772095, mode f1: 0.7560975551605225

model 3 mode preds
[1.0, 3.0, 1.0, 1.0, 3.0, 1.0, 1.0, 1.0, 1.0, 1.0, 1.0, 1.0, 1.0, 1.0, 1.0, 1.0, 3.0, 2.0, 1.0, 1.0, 1.0, 2.0, 3.0, 2.0, 2.0, 1.0, 2.0, 1.0, 3.0, 1.0, 3.0, 3.0, 3.0, 3.0, 2.0, 1.0, 1.0, 2.0, 1.0, 1.0, 1.0]

model 3 all preds
[[1.0, 3.0, 1.0, 1.0, 3.0, 1.0, 1.0, 1.0, 1.0, 0.0, 1.0, 1.0, 1.0, 1.0, 1.0, 1.0, 3.0, 2.0, 1.0, 1.0, 1.0, 2.0, 3.0, 2.0, 2.0, 1.0, 3.0, 1.0, 3.0, 1.0, 2.0, 3.0, 3.0, 3.0, 2.0, 1.0, 1.0, 2.0, 1.0, 1.0, 1.0], [1.0, 3.0, 2.0, 1.0, 3.0, 1.0, 1.0, 1.0, 1.0, 1.0, 1.0, 1.0, 1.0, 1.0, 1.0, 1.0, 3.0, 2.0, 1.0, 1.0, 1.0, 2.0, 3.0, 2.0, 2.0, 1.0, 2.0, 1.0, 3.0, 1.0, 2.0, 3.0, 3.0, 3.0, 2.0, 1.0, 1.0, 2.0, 1.0, 1.0, 1.0], [1.0, 3.0, 1.0, 1.0, 3.0, 1.0, 1.0, 1.0, 1.0, 1.0, 1.0, 1.0, 1.0, 1.0, 1.0, 1.0, 3.0, 2.0, 1.0, 1.0, 1.0, 2.0, 3.0, 2.0, 2.0, 1.0, 2.0, 1.0, 3.0, 1.0, 3.0, 3.0, 3.0, 3.0, 2.0, 1.0, 1.0, 2.0, 1.0, 1.0, 1.0], [1.0, 3.0, 1.0, 1.0, 3.0, 1.0, 1.0, 1.0, 1.0, 1.0, 1.0, 1.0, 1.0, 1.0, 1.0, 1.0, 2.0, 2.0, 1.0, 1.0, 1.0, 1.0, 3.0, 2.0, 2.0, 1.0, 3.0, 1.0, 3.0, 1.0, 2.0, 3.0, 3.0, 2.0, 2.0, 1.0, 1.0, 2.0, 1.0, 1.0, 1.0], [1.0, 3.0, 1.0, 1.0, 3.0, 1.0, 1.0, 1.0, 1.0, 1.0, 1.0, 1.0, 1.0, 1.0, 1.0, 1.0, 3.0, 2.0, 1.0, 1.0, 1.0, 2.0, 3.0, 2.0, 2.0, 1.0, 2.0, 1.0, 3.0, 1.0, 2.0, 3.0, 3.0, 3.0, 2.0, 1.0, 1.0, 2.0, 1.0, 1.0, 1.0], [1.0, 3.0, 1.0, 1.0, 3.0, 1.0, 1.0, 1.0, 1.0, 1.0, 1.0, 1.0, 1.0, 1.0, 1.0, 1.0, 3.0, 2.0, 1.0, 1.0, 1.0, 1.0, 3.0, 1.0, 2.0, 1.0, 2.0, 1.0, 3.0, 1.0, 3.0, 3.0, 3.0, 3.0, 2.0, 1.0, 1.0, 2.0, 1.0, 1.0, 1.0], [1.0, 3.0, 2.0, 1.0, 3.0, 1.0, 1.0, 1.0, 1.0, 1.0, 1.0, 1.0, 1.0, 1.0, 1.0, 1.0, 3.0, 2.0, 1.0, 1.0, 1.0, 1.0, 3.0, 2.0, 2.0, 1.0, 2.0, 1.0, 3.0, 1.0, 2.0, 3.0, 2.0, 3.0, 2.0, 1.0, 1.0, 2.0, 1.0, 1.0, 1.0], [1.0, 3.0, 1.0, 1.0, 3.0, 1.0, 1.0, 1.0, 1.0, 1.0, 1.0, 1.0, 1.0, 1.0, 1.0, 1.0, 2.0, 2.0, 1.0, 1.0, 1.0, 1.0, 3.0, 1.0, 2.0, 1.0, 3.0, 1.0, 3.0, 1.0, 3.0, 3.0, 3.0, 2.0, 2.0, 1.0, 1.0, 2.0, 1.0, 1.0, 1.0], [1.0, 3.0, 1.0, 1.0, 3.0, 1.0, 1.0, 1.0, 1.0, 1.0, 1.0, 1.0, 1.0, 1.0, 1.0, 1.0, 3.0, 2.0, 1.0, 1.0, 1.0, 2.0, 3.0, 2.0, 2.0, 1.0, 2.0, 1.0, 3.0, 1.0, 3.0, 3.0, 3.0, 2.0, 2.0, 1.0, 1.0, 2.0, 1.0, 1.0, 1.0], [1.0, 3.0, 1.0, 1.0, 3.0, 1.0, 1.0, 1.0, 1.0, 1.0, 1.0, 1.0, 1.0, 1.0, 1.0, 1.0, 3.0, 2.0, 1.0, 1.0, 1.0, 2.0, 3.0, 2.0, 2.0, 1.0, 2.0, 1.0, 3.0, 1.0, 3.0, 3.0, 3.0, 3.0, 2.0, 1.0, 1.0, 2.0, 1.0, 1.0, 1.0], [1.0, 3.0, 1.0, 1.0, 3.0, 1.0, 1.0, 1.0, 1.0, 1.0, 1.0, 1.0, 1.0, 1.0, 1.0, 1.0, 3.0, 2.0, 1.0, 1.0, 1.0, 1.0, 3.0, 2.0, 2.0, 1.0, 3.0, 1.0, 3.0, 1.0, 3.0, 3.0, 3.0, 3.0, 2.0, 1.0, 1.0, 2.0, 1.0, 1.0, 1.0], [1.0, 3.0, 1.0, 1.0, 3.0, 1.0, 1.0, 1.0, 1.0, 1.0, 1.0, 1.0, 1.0, 1.0, 1.0, 1.0, 3.0, 2.0, 1.0, 1.0, 1.0, 2.0, 3.0, 2.0, 2.0, 1.0, 2.0, 1.0, 3.0, 1.0, 3.0, 3.0, 2.0, 3.0, 2.0, 1.0, 1.0, 2.0, 1.0, 1.0, 1.0], [1.0, 3.0, 1.0, 1.0, 3.0, 1.0, 1.0, 1.0, 1.0, 1.0, 1.0, 1.0, 1.0, 1.0, 1.0, 1.0, 3.0, 2.0, 1.0, 1.0, 1.0, 1.0, 3.0, 2.0, 2.0, 1.0, 2.0, 1.0, 3.0, 1.0, 3.0, 3.0, 3.0, 2.0, 2.0, 1.0, 1.0, 2.0, 1.0, 1.0, 1.0], [1.0, 3.0, 2.0, 1.0, 3.0, 1.0, 1.0, 1.0, 1.0, 1.0, 1.0, 1.0, 1.0, 1.0, 1.0, 1.0, 3.0, 2.0, 2.0, 1.0, 1.0, 2.0, 3.0, 1.0, 2.0, 1.0, 2.0, 1.0, 3.0, 1.0, 2.0, 3.0, 3.0, 2.0, 2.0, 1.0, 1.0, 1.0, 1.0, 1.0, 1.0], [1.0, 3.0, 1.0, 1.0, 3.0, 1.0, 1.0, 1.0, 1.0, 1.0, 0.0, 1.0, 1.0, 1.0, 1.0, 1.0, 3.0, 2.0, 1.0, 1.0, 1.0, 2.0, 3.0, 2.0, 2.0, 1.0, 2.0, 1.0, 3.0, 1.0, 3.0, 3.0, 3.0, 3.0, 2.0, 1.0, 1.0, 2.0, 1.0, 1.0, 1.0], [1.0, 3.0, 1.0, 1.0, 3.0, 1.0, 1.0, 1.0, 1.0, 1.0, 1.0, 1.0, 1.0, 1.0, 1.0, 1.0, 3.0, 2.0, 1.0, 1.0, 1.0, 2.0, 3.0, 1.0, 2.0, 1.0, 2.0, 1.0, 3.0, 1.0, 3.0, 3.0, 3.0, 3.0, 3.0, 1.0, 1.0, 2.0, 1.0, 1.0, 1.0], [1.0, 3.0, 2.0, 1.0, 3.0, 1.0, 1.0, 1.0, 1.0, 1.0, 1.0, 1.0, 1.0, 1.0, 1.0, 1.0, 3.0, 2.0, 1.0, 1.0, 1.0, 1.0, 3.0, 1.0, 1.0, 1.0, 2.0, 1.0, 3.0, 1.0, 3.0, 3.0, 3.0, 3.0, 2.0, 1.0, 1.0, 2.0, 1.0, 1.0, 1.0], [1.0, 3.0, 1.0, 1.0, 3.0, 1.0, 1.0, 1.0, 1.0, 1.0, 1.0, 1.0, 1.0, 1.0, 1.0, 1.0, 3.0, 2.0, 1.0, 1.0, 1.0, 1.0, 3.0, 1.0, 1.0, 1.0, 2.0, 1.0, 3.0, 1.0, 3.0, 3.0, 3.0, 3.0, 2.0, 1.0, 1.0, 2.0, 1.0, 1.0, 1.0], [1.0, 3.0, 2.0, 1.0, 3.0, 0.0, 1.0, 1.0, 1.0, 1.0, 1.0, 1.0, 1.0, 1.0, 1.0, 1.0, 3.0, 2.0, 1.0, 1.0, 1.0, 2.0, 3.0, 2.0, 2.0, 1.0, 3.0, 1.0, 3.0, 1.0, 3.0, 3.0, 3.0, 3.0, 2.0, 1.0, 1.0, 2.0, 1.0, 1.0, 1.0], [1.0, 3.0, 1.0, 1.0, 3.0, 1.0, 1.0, 1.0, 1.0, 1.0, 1.0, 1.0, 1.0, 1.0, 1.0, 1.0, 3.0, 2.0, 1.0, 1.0, 1.0, 2.0, 3.0, 2.0, 2.0, 1.0, 2.0, 1.0, 3.0, 1.0, 3.0, 3.0, 3.0, 2.0, 2.0, 1.0, 1.0, 2.0, 1.0, 1.0, 1.0], [1.0, 2.0, 1.0, 1.0, 3.0, 1.0, 1.0, 1.0, 1.0, 1.0, 1.0, 1.0, 1.0, 1.0, 1.0, 1.0, 3.0, 2.0, 1.0, 1.0, 1.0, 1.0, 3.0, 2.0, 2.0, 1.0, 2.0, 1.0, 3.0, 1.0, 3.0, 3.0, 3.0, 2.0, 2.0, 1.0, 1.0, 2.0, 1.0, 1.0, 1.0], [1.0, 3.0, 2.0, 1.0, 3.0, 1.0, 1.0, 1.0, 1.0, 1.0, 1.0, 1.0, 1.0, 1.0, 1.0, 1.0, 3.0, 2.0, 1.0, 1.0, 1.0, 1.0, 3.0, 1.0, 2.0, 1.0, 2.0, 1.0, 3.0, 1.0, 3.0, 3.0, 3.0, 3.0, 2.0, 1.0, 1.0, 1.0, 1.0, 1.0, 1.0], [1.0, 3.0, 1.0, 1.0, 3.0, 1.0, 1.0, 1.0, 1.0, 1.0, 1.0, 1.0, 1.0, 1.0, 1.0, 1.0, 3.0, 2.0, 1.0, 1.0, 1.0, 2.0, 3.0, 2.0, 2.0, 1.0, 3.0, 1.0, 3.0, 1.0, 3.0, 3.0, 3.0, 3.0, 2.0, 1.0, 1.0, 2.0, 1.0, 1.0, 1.0], [1.0, 3.0, 1.0, 1.0, 3.0, 1.0, 1.0, 1.0, 1.0, 1.0, 1.0, 1.0, 1.0, 1.0, 1.0, 1.0, 3.0, 2.0, 1.0, 1.0, 1.0, 1.0, 3.0, 2.0, 1.0, 1.0, 2.0, 1.0, 3.0, 1.0, 3.0, 3.0, 3.0, 3.0, 2.0, 1.0, 1.0, 2.0, 1.0, 1.0, 1.0], [1.0, 3.0, 1.0, 1.0, 3.0, 1.0, 1.0, 1.0, 1.0, 1.0, 0.0, 1.0, 1.0, 1.0, 1.0, 1.0, 3.0, 2.0, 1.0, 1.0, 1.0, 2.0, 3.0, 2.0, 1.0, 1.0, 2.0, 1.0, 3.0, 1.0, 3.0, 3.0, 2.0, 2.0, 2.0, 1.0, 1.0, 2.0, 1.0, 1.0, 1.0], [1.0, 3.0, 1.0, 1.0, 3.0, 1.0, 1.0, 1.0, 1.0, 1.0, 1.0, 1.0, 1.0, 1.0, 1.0, 1.0, 3.0, 2.0, 1.0, 1.0, 1.0, 2.0, 3.0, 2.0, 2.0, 1.0, 3.0, 1.0, 3.0, 1.0, 3.0, 3.0, 2.0, 2.0, 2.0, 1.0, 1.0, 2.0, 1.0, 1.0, 1.0], [1.0, 3.0, 1.0, 1.0, 3.0, 1.0, 1.0, 1.0, 1.0, 1.0, 1.0, 1.0, 1.0, 1.0, 1.0, 1.0, 3.0, 2.0, 1.0, 1.0, 1.0, 2.0, 3.0, 2.0, 2.0, 1.0, 3.0, 1.0, 3.0, 1.0, 2.0, 3.0, 3.0, 1.0, 2.0, 1.0, 1.0, 2.0, 1.0, 1.0, 1.0], [1.0, 3.0, 1.0, 1.0, 3.0, 1.0, 1.0, 1.0, 1.0, 1.0, 1.0, 1.0, 1.0, 1.0, 1.0, 1.0, 3.0, 2.0, 1.0, 1.0, 1.0, 1.0, 3.0, 2.0, 2.0, 1.0, 2.0, 1.0, 3.0, 1.0, 3.0, 3.0, 3.0, 2.0, 2.0, 1.0, 1.0, 2.0, 1.0, 1.0, 1.0], [1.0, 3.0, 1.0, 1.0, 3.0, 1.0, 1.0, 1.0, 1.0, 1.0, 1.0, 1.0, 1.0, 1.0, 1.0, 1.0, 3.0, 2.0, 1.0, 1.0, 1.0, 2.0, 3.0, 2.0, 1.0, 1.0, 3.0, 1.0, 3.0, 1.0, 3.0, 3.0, 2.0, 2.0, 2.0, 1.0, 1.0, 2.0, 1.0, 1.0, 1.0], [1.0, 3.0, 1.0, 1.0, 3.0, 1.0, 1.0, 1.0, 1.0, 1.0, 1.0, 1.0, 1.0, 1.0, 1.0, 1.0, 3.0, 2.0, 1.0, 1.0, 1.0, 2.0, 3.0, 2.0, 2.0, 1.0, 2.0, 1.0, 3.0, 1.0, 3.0, 3.0, 3.0, 3.0, 3.0, 1.0, 1.0, 2.0, 1.0, 1.0, 1.0], [1.0, 3.0, 1.0, 1.0, 3.0, 1.0, 1.0, 1.0, 1.0, 1.0, 1.0, 1.0, 1.0, 1.0, 1.0, 1.0, 3.0, 2.0, 1.0, 1.0, 1.0, 2.0, 3.0, 1.0, 2.0, 1.0, 2.0, 1.0, 3.0, 1.0, 2.0, 3.0, 3.0, 3.0, 3.0, 1.0, 1.0, 2.0, 1.0, 1.0, 1.0], [1.0, 3.0, 1.0, 1.0, 3.0, 1.0, 1.0, 1.0, 1.0, 0.0, 1.0, 1.0, 1.0, 1.0, 1.0, 1.0, 3.0, 2.0, 1.0, 1.0, 1.0, 1.0, 3.0, 2.0, 2.0, 1.0, 2.0, 1.0, 3.0, 1.0, 3.0, 2.0, 3.0, 3.0, 2.0, 1.0, 1.0, 2.0, 1.0, 1.0, 1.0], [1.0, 3.0, 1.0, 1.0, 3.0, 1.0, 1.0, 1.0, 1.0, 1.0, 1.0, 1.0, 1.0, 1.0, 1.0, 1.0, 3.0, 2.0, 1.0, 1.0, 1.0, 1.0, 3.0, 2.0, 2.0, 1.0, 2.0, 1.0, 3.0, 1.0, 3.0, 3.0, 3.0, 3.0, 2.0, 1.0, 1.0, 2.0, 1.0, 1.0, 1.0], [1.0, 3.0, 1.0, 1.0, 3.0, 1.0, 1.0, 1.0, 1.0, 1.0, 1.0, 1.0, 1.0, 1.0, 1.0, 1.0, 3.0, 2.0, 1.0, 1.0, 1.0, 2.0, 3.0, 2.0, 2.0, 1.0, 2.0, 1.0, 3.0, 1.0, 3.0, 3.0, 3.0, 3.0, 2.0, 1.0, 1.0, 2.0, 1.0, 1.0, 1.0], [1.0, 3.0, 1.0, 1.0, 3.0, 1.0, 1.0, 1.0, 1.0, 1.0, 1.0, 1.0, 1.0, 1.0, 1.0, 1.0, 3.0, 2.0, 1.0, 1.0, 1.0, 2.0, 3.0, 2.0, 2.0, 1.0, 2.0, 1.0, 3.0, 1.0, 3.0, 3.0, 3.0, 2.0, 2.0, 1.0, 1.0, 2.0, 1.0, 1.0, 1.0], [1.0, 3.0, 1.0, 1.0, 3.0, 1.0, 1.0, 1.0, 1.0, 1.0, 1.0, 1.0, 1.0, 1.0, 1.0, 1.0, 3.0, 2.0, 1.0, 1.0, 1.0, 2.0, 3.0, 2.0, 2.0, 1.0, 2.0, 1.0, 3.0, 1.0, 3.0, 3.0, 3.0, 3.0, 2.0, 1.0, 1.0, 2.0, 1.0, 1.0, 1.0], [1.0, 3.0, 1.0, 1.0, 3.0, 1.0, 1.0, 1.0, 1.0, 1.0, 1.0, 1.0, 1.0, 1.0, 1.0, 1.0, 3.0, 2.0, 1.0, 1.0, 1.0, 2.0, 3.0, 2.0, 2.0, 1.0, 2.0, 1.0, 3.0, 1.0, 3.0, 3.0, 3.0, 3.0, 2.0, 1.0, 1.0, 2.0, 1.0, 1.0, 1.0], [1.0, 3.0, 1.0, 1.0, 3.0, 1.0, 1.0, 1.0, 1.0, 1.0, 0.0, 1.0, 1.0, 1.0, 1.0, 1.0, 3.0, 2.0, 1.0, 1.0, 1.0, 2.0, 3.0, 2.0, 2.0, 1.0, 3.0, 1.0, 3.0, 1.0, 2.0, 3.0, 3.0, 3.0, 3.0, 1.0, 1.0, 2.0, 1.0, 1.0, 1.0], [1.0, 3.0, 1.0, 1.0, 3.0, 1.0, 1.0, 1.0, 1.0, 1.0, 1.0, 1.0, 1.0, 1.0, 1.0, 1.0, 3.0, 2.0, 1.0, 1.0, 1.0, 1.0, 3.0, 1.0, 1.0, 1.0, 2.0, 1.0, 3.0, 1.0, 3.0, 1.0, 3.0, 2.0, 2.0, 1.0, 1.0, 2.0, 1.0, 1.0, 1.0], [1.0, 3.0, 1.0, 1.0, 3.0, 1.0, 1.0, 1.0, 1.0, 1.0, 1.0, 1.0, 1.0, 1.0, 1.0, 1.0, 3.0, 2.0, 1.0, 1.0, 1.0, 2.0, 3.0, 2.0, 2.0, 1.0, 2.0, 1.0, 3.0, 1.0, 2.0, 3.0, 2.0, 3.0, 3.0, 1.0, 1.0, 2.0, 1.0, 1.0, 1.0], [1.0, 3.0, 1.0, 1.0, 3.0, 1.0, 1.0, 1.0, 1.0, 1.0, 1.0, 1.0, 1.0, 1.0, 1.0, 1.0, 3.0, 2.0, 1.0, 1.0, 1.0, 2.0, 3.0, 2.0, 2.0, 1.0, 2.0, 1.0, 3.0, 1.0, 3.0, 3.0, 3.0, 3.0, 2.0, 1.0, 1.0, 2.0, 1.0, 1.0, 1.0], [1.0, 3.0, 1.0, 1.0, 3.0, 1.0, 1.0, 1.0, 1.0, 1.0, 1.0, 1.0, 1.0, 1.0, 1.0, 1.0, 3.0, 3.0, 1.0, 1.0, 1.0, 1.0, 3.0, 1.0, 2.0, 1.0, 2.0, 1.0, 3.0, 1.0, 3.0, 3.0, 3.0, 2.0, 2.0, 1.0, 1.0, 1.0, 1.0, 1.0, 1.0], [1.0, 3.0, 1.0, 1.0, 3.0, 1.0, 1.0, 1.0, 1.0, 1.0, 1.0, 1.0, 1.0, 1.0, 1.0, 1.0, 3.0, 2.0, 1.0, 1.0, 1.0, 2.0, 3.0, 1.0, 2.0, 1.0, 3.0, 1.0, 3.0, 1.0, 3.0, 3.0, 3.0, 3.0, 2.0, 1.0, 1.0, 2.0, 1.0, 1.0, 1.0], [1.0, 3.0, 1.0, 1.0, 3.0, 1.0, 1.0, 1.0, 1.0, 1.0, 1.0, 1.0, 1.0, 1.0, 1.0, 1.0, 3.0, 2.0, 1.0, 1.0, 1.0, 2.0, 3.0, 1.0, 2.0, 1.0, 2.0, 1.0, 3.0, 1.0, 3.0, 3.0, 3.0, 3.0, 2.0, 1.0, 1.0, 2.0, 1.0, 1.0, 1.0], [1.0, 3.0, 1.0, 1.0, 3.0, 1.0, 1.0, 1.0, 1.0, 1.0, 1.0, 1.0, 1.0, 1.0, 1.0, 1.0, 3.0, 2.0, 1.0, 1.0, 1.0, 2.0, 3.0, 2.0, 2.0, 1.0, 2.0, 1.0, 3.0, 1.0, 2.0, 3.0, 3.0, 3.0, 2.0, 1.0, 1.0, 2.0, 1.0, 1.0, 1.0], [1.0, 3.0, 1.0, 1.0, 3.0, 1.0, 1.0, 1.0, 1.0, 1.0, 0.0, 1.0, 1.0, 1.0, 1.0, 1.0, 3.0, 2.0, 1.0, 1.0, 1.0, 2.0, 3.0, 1.0, 2.0, 1.0, 2.0, 1.0, 2.0, 1.0, 3.0, 3.0, 3.0, 2.0, 2.0, 1.0, 1.0, 2.0, 1.0, 1.0, 1.0], [1.0, 3.0, 1.0, 1.0, 3.0, 1.0, 1.0, 1.0, 1.0, 1.0, 1.0, 1.0, 1.0, 1.0, 1.0, 1.0, 3.0, 2.0, 1.0, 1.0, 1.0, 1.0, 3.0, 1.0, 2.0, 1.0, 2.0, 1.0, 2.0, 1.0, 3.0, 3.0, 3.0, 3.0, 2.0, 1.0, 1.0, 2.0, 1.0, 1.0, 1.0], [1.0, 3.0, 1.0, 1.0, 3.0, 1.0, 1.0, 1.0, 1.0, 1.0, 1.0, 1.0, 1.0, 1.0, 1.0, 1.0, 3.0, 2.0, 1.0, 1.0, 1.0, 2.0, 3.0, 1.0, 2.0, 1.0, 3.0, 1.0, 3.0, 1.0, 2.0, 3.0, 3.0, 3.0, 2.0, 1.0, 1.0, 2.0, 1.0, 1.0, 1.0], [1.0, 2.0, 1.0, 1.0, 3.0, 1.0, 1.0, 1.0, 1.0, 1.0, 1.0, 1.0, 1.0, 1.0, 1.0, 1.0, 3.0, 2.0, 1.0, 1.0, 1.0, 2.0, 3.0, 1.0, 2.0, 1.0, 2.0, 1.0, 3.0, 1.0, 3.0, 3.0, 3.0, 2.0, 2.0, 1.0, 1.0, 2.0, 1.0, 1.0, 1.0], [1.0, 3.0, 1.0, 1.0, 3.0, 1.0, 1.0, 1.0, 1.0, 1.0, 1.0, 1.0, 1.0, 1.0, 1.0, 1.0, 3.0, 2.0, 1.0, 1.0, 1.0, 1.0, 3.0, 2.0, 2.0, 1.0, 3.0, 1.0, 3.0, 1.0, 2.0, 3.0, 3.0, 3.0, 2.0, 1.0, 1.0, 2.0, 1.0, 1.0, 1.0]]

first layer check: Conv2d(9, 64, kernel_size=(7, 7), stride=(2, 2), padding=(3, 3), bias=False)

for model 4: mode acc: 0.7804877758026123, run mean acc: 0.7541666626930237, top-2 acc:0.9537498950958252, mode f1: 0.7804877758026123

model 4 mode preds
[1.0, 3.0, 1.0, 1.0, 3.0, 1.0, 1.0, 1.0, 1.0, 1.0, 1.0, 1.0, 1.0, 1.0, 1.0, 1.0, 3.0, 2.0, 1.0, 1.0, 1.0, 2.0, 3.0, 1.0, 2.0, 1.0, 2.0, 1.0, 3.0, 1.0, 3.0, 3.0, 3.0, 3.0, 3.0, 1.0, 1.0, 2.0, 1.0, 1.0, 1.0]

model 4 all preds
[[1.0, 2.0, 1.0, 1.0, 3.0, 1.0, 1.0, 1.0, 1.0, 1.0, 1.0, 1.0, 1.0, 1.0, 1.0, 1.0, 3.0, 2.0, 1.0, 1.0, 1.0, 2.0, 2.0, 1.0, 2.0, 1.0, 2.0, 1.0, 3.0, 1.0, 2.0, 3.0, 3.0, 2.0, 2.0, 1.0, 1.0, 2.0, 1.0, 1.0, 1.0], [1.0, 3.0, 1.0, 1.0, 3.0, 1.0, 1.0, 1.0, 1.0, 1.0, 1.0, 1.0, 1.0, 1.0, 1.0, 1.0, 3.0, 2.0, 2.0, 1.0, 1.0, 2.0, 3.0, 1.0, 2.0, 1.0, 2.0, 1.0, 3.0, 1.0, 2.0, 3.0, 3.0, 3.0, 3.0, 1.0, 1.0, 2.0, 1.0, 1.0, 1.0], [1.0, 3.0, 2.0, 1.0, 3.0, 1.0, 1.0, 1.0, 1.0, 1.0, 1.0, 1.0, 1.0, 1.0, 1.0, 1.0, 3.0, 2.0, 1.0, 1.0, 1.0, 2.0, 3.0, 1.0, 2.0, 1.0, 2.0, 1.0, 3.0, 1.0, 2.0, 3.0, 3.0, 3.0, 3.0, 1.0, 1.0, 2.0, 1.0, 1.0, 1.0], [1.0, 3.0, 1.0, 1.0, 3.0, 1.0, 1.0, 1.0, 1.0, 1.0, 1.0, 1.0, 1.0, 1.0, 1.0, 1.0, 3.0, 2.0, 1.0, 1.0, 1.0, 2.0, 2.0, 2.0, 2.0, 1.0, 2.0, 1.0, 3.0, 1.0, 3.0, 2.0, 3.0, 2.0, 3.0, 1.0, 1.0, 2.0, 1.0, 1.0, 1.0], [1.0, 3.0, 1.0, 1.0, 3.0, 1.0, 1.0, 1.0, 1.0, 1.0, 1.0, 1.0, 1.0, 1.0, 1.0, 1.0, 3.0, 2.0, 2.0, 1.0, 1.0, 1.0, 3.0, 2.0, 2.0, 1.0, 3.0, 1.0, 3.0, 1.0, 3.0, 3.0, 3.0, 2.0, 3.0, 1.0, 1.0, 2.0, 1.0, 1.0, 1.0], [1.0, 3.0, 1.0, 1.0, 3.0, 1.0, 1.0, 1.0, 1.0, 1.0, 1.0, 1.0, 1.0, 1.0, 1.0, 1.0, 3.0, 2.0, 2.0, 1.0, 1.0, 2.0, 3.0, 1.0, 2.0, 1.0, 3.0, 1.0, 3.0, 1.0, 3.0, 3.0, 3.0, 3.0, 3.0, 1.0, 1.0, 2.0, 1.0, 1.0, 1.0], [1.0, 3.0, 1.0, 1.0, 3.0, 1.0, 1.0, 1.0, 1.0, 1.0, 1.0, 1.0, 1.0, 1.0, 1.0, 1.0, 3.0, 2.0, 2.0, 1.0, 1.0, 2.0, 3.0, 2.0, 2.0, 1.0, 2.0, 1.0, 3.0, 1.0, 3.0, 3.0, 3.0, 3.0, 3.0, 1.0, 1.0, 2.0, 1.0, 1.0, 1.0], [1.0, 3.0, 1.0, 1.0, 3.0, 1.0, 1.0, 1.0, 1.0, 1.0, 1.0, 1.0, 1.0, 1.0, 1.0, 1.0, 3.0, 2.0, 1.0, 1.0, 1.0, 2.0, 3.0, 1.0, 2.0, 1.0, 3.0, 1.0, 3.0, 1.0, 3.0, 3.0, 3.0, 3.0, 3.0, 1.0, 1.0, 2.0, 1.0, 1.0, 1.0], [1.0, 3.0, 1.0, 1.0, 3.0, 1.0, 1.0, 1.0, 1.0, 1.0, 1.0, 1.0, 1.0, 1.0, 1.0, 1.0, 3.0, 2.0, 1.0, 1.0, 1.0, 2.0, 2.0, 1.0, 2.0, 1.0, 2.0, 1.0, 3.0, 1.0, 3.0, 3.0, 3.0, 2.0, 3.0, 1.0, 1.0, 2.0, 1.0, 1.0, 1.0], [1.0, 3.0, 1.0, 1.0, 3.0, 1.0, 1.0, 1.0, 1.0, 1.0, 1.0, 1.0, 1.0, 1.0, 1.0, 1.0, 3.0, 3.0, 1.0, 1.0, 1.0, 2.0, 3.0, 1.0, 2.0, 1.0, 2.0, 1.0, 3.0, 1.0, 3.0, 3.0, 3.0, 3.0, 3.0, 1.0, 1.0, 2.0, 1.0, 1.0, 1.0], [1.0, 3.0, 1.0, 1.0, 3.0, 1.0, 1.0, 1.0, 1.0, 1.0, 1.0, 1.0, 1.0, 1.0, 1.0, 1.0, 3.0, 2.0, 1.0, 1.0, 1.0, 2.0, 3.0, 1.0, 2.0, 1.0, 2.0, 1.0, 2.0, 1.0, 2.0, 3.0, 3.0, 2.0, 3.0, 1.0, 1.0, 2.0, 1.0, 1.0, 1.0], [1.0, 3.0, 1.0, 1.0, 3.0, 1.0, 1.0, 1.0, 1.0, 1.0, 1.0, 1.0, 1.0, 1.0, 1.0, 1.0, 3.0, 3.0, 1.0, 1.0, 1.0, 1.0, 3.0, 1.0, 2.0, 1.0, 2.0, 1.0, 3.0, 1.0, 2.0, 3.0, 3.0, 3.0, 3.0, 1.0, 1.0, 2.0, 1.0, 1.0, 1.0], [1.0, 3.0, 1.0, 1.0, 3.0, 1.0, 1.0, 1.0, 1.0, 1.0, 1.0, 1.0, 1.0, 1.0, 1.0, 1.0, 3.0, 2.0, 1.0, 1.0, 1.0, 2.0, 3.0, 1.0, 2.0, 1.0, 3.0, 1.0, 3.0, 1.0, 3.0, 3.0, 3.0, 2.0, 2.0, 1.0, 1.0, 2.0, 1.0, 1.0, 1.0], [1.0, 3.0, 1.0, 1.0, 3.0, 1.0, 1.0, 1.0, 1.0, 1.0, 1.0, 1.0, 1.0, 1.0, 1.0, 1.0, 3.0, 2.0, 1.0, 1.0, 1.0, 2.0, 3.0, 1.0, 2.0, 1.0, 2.0, 1.0, 3.0, 1.0, 3.0, 3.0, 3.0, 2.0, 3.0, 1.0, 1.0, 2.0, 1.0, 1.0, 1.0], [1.0, 2.0, 1.0, 1.0, 3.0, 1.0, 1.0, 1.0, 1.0, 1.0, 1.0, 1.0, 1.0, 1.0, 1.0, 1.0, 3.0, 2.0, 1.0, 1.0, 1.0, 2.0, 3.0, 1.0, 2.0, 1.0, 2.0, 1.0, 3.0, 1.0, 3.0, 3.0, 3.0, 3.0, 3.0, 1.0, 1.0, 2.0, 1.0, 1.0, 1.0], [1.0, 3.0, 1.0, 1.0, 3.0, 1.0, 1.0, 1.0, 1.0, 1.0, 1.0, 1.0, 1.0, 1.0, 1.0, 1.0, 3.0, 2.0, 1.0, 1.0, 1.0, 2.0, 3.0, 1.0, 2.0, 1.0, 3.0, 1.0, 3.0, 1.0, 3.0, 3.0, 3.0, 3.0, 3.0, 1.0, 1.0, 2.0, 1.0, 1.0, 1.0], [1.0, 3.0, 1.0, 1.0, 3.0, 1.0, 1.0, 1.0, 1.0, 1.0, 1.0, 1.0, 1.0, 1.0, 1.0, 1.0, 3.0, 2.0, 1.0, 1.0, 1.0, 2.0, 3.0, 1.0, 2.0, 1.0, 2.0, 1.0, 3.0, 1.0, 3.0, 3.0, 3.0, 3.0, 3.0, 1.0, 1.0, 2.0, 1.0, 1.0, 1.0], [1.0, 3.0, 2.0, 1.0, 3.0, 1.0, 1.0, 1.0, 1.0, 1.0, 1.0, 1.0, 1.0, 1.0, 1.0, 1.0, 3.0, 2.0, 1.0, 1.0, 1.0, 2.0, 3.0, 1.0, 2.0, 1.0, 2.0, 1.0, 3.0, 1.0, 3.0, 3.0, 2.0, 3.0, 3.0, 1.0, 1.0, 2.0, 1.0, 1.0, 1.0], [1.0, 2.0, 1.0, 1.0, 3.0, 1.0, 1.0, 1.0, 1.0, 1.0, 1.0, 1.0, 1.0, 1.0, 1.0, 1.0, 3.0, 2.0, 2.0, 1.0, 1.0, 2.0, 2.0, 1.0, 2.0, 1.0, 2.0, 1.0, 3.0, 1.0, 3.0, 3.0, 3.0, 3.0, 3.0, 1.0, 1.0, 2.0, 1.0, 1.0, 1.0], [1.0, 2.0, 2.0, 1.0, 3.0, 1.0, 1.0, 1.0, 1.0, 1.0, 1.0, 1.0, 1.0, 1.0, 1.0, 1.0, 3.0, 3.0, 1.0, 1.0, 1.0, 2.0, 3.0, 1.0, 2.0, 1.0, 2.0, 1.0, 3.0, 1.0, 2.0, 3.0, 3.0, 3.0, 3.0, 1.0, 1.0, 2.0, 1.0, 1.0, 1.0], [1.0, 3.0, 1.0, 1.0, 3.0, 1.0, 1.0, 1.0, 1.0, 1.0, 1.0, 1.0, 1.0, 1.0, 1.0, 1.0, 3.0, 2.0, 2.0, 1.0, 1.0, 2.0, 3.0, 1.0, 2.0, 1.0, 2.0, 1.0, 3.0, 1.0, 3.0, 3.0, 3.0, 3.0, 3.0, 1.0, 1.0, 2.0, 1.0, 1.0, 1.0], [1.0, 3.0, 1.0, 1.0, 3.0, 1.0, 1.0, 1.0, 1.0, 1.0, 1.0, 1.0, 1.0, 1.0, 1.0, 1.0, 3.0, 2.0, 1.0, 1.0, 1.0, 2.0, 3.0, 2.0, 2.0, 1.0, 2.0, 1.0, 3.0, 1.0, 3.0, 3.0, 3.0, 3.0, 3.0, 1.0, 1.0, 2.0, 1.0, 1.0, 1.0], [1.0, 3.0, 2.0, 1.0, 3.0, 1.0, 1.0, 1.0, 1.0, 1.0, 1.0, 1.0, 1.0, 1.0, 1.0, 1.0, 3.0, 2.0, 1.0, 1.0, 1.0, 2.0, 3.0, 2.0, 2.0, 1.0, 2.0, 1.0, 2.0, 1.0, 3.0, 3.0, 3.0, 3.0, 3.0, 1.0, 1.0, 2.0, 1.0, 1.0, 1.0], [1.0, 3.0, 1.0, 1.0, 3.0, 1.0, 1.0, 1.0, 1.0, 1.0, 1.0, 1.0, 1.0, 1.0, 1.0, 1.0, 3.0, 2.0, 1.0, 1.0, 1.0, 2.0, 3.0, 1.0, 2.0, 1.0, 2.0, 1.0, 3.0, 1.0, 3.0, 3.0, 3.0, 3.0, 3.0, 1.0, 1.0, 2.0, 1.0, 1.0, 1.0], [1.0, 3.0, 1.0, 1.0, 3.0, 1.0, 1.0, 1.0, 1.0, 1.0, 1.0, 1.0, 1.0, 1.0, 1.0, 1.0, 3.0, 2.0, 1.0, 1.0, 1.0, 2.0, 3.0, 1.0, 2.0, 1.0, 2.0, 1.0, 3.0, 1.0, 3.0, 3.0, 3.0, 3.0, 2.0, 1.0, 1.0, 2.0, 1.0, 1.0, 1.0], [1.0, 3.0, 1.0, 1.0, 3.0, 1.0, 1.0, 1.0, 1.0, 1.0, 1.0, 1.0, 1.0, 1.0, 1.0, 1.0, 3.0, 2.0, 1.0, 1.0, 1.0, 2.0, 3.0, 1.0, 2.0, 1.0, 2.0, 1.0, 3.0, 1.0, 3.0, 3.0, 3.0, 3.0, 3.0, 1.0, 1.0, 2.0, 1.0, 1.0, 1.0], [1.0, 3.0, 1.0, 1.0, 3.0, 1.0, 1.0, 1.0, 1.0, 1.0, 1.0, 1.0, 1.0, 1.0, 1.0, 1.0, 3.0, 2.0, 2.0, 1.0, 1.0, 2.0, 3.0, 2.0, 2.0, 1.0, 2.0, 1.0, 3.0, 1.0, 2.0, 3.0, 3.0, 3.0, 3.0, 1.0, 1.0, 2.0, 1.0, 1.0, 1.0], [1.0, 3.0, 1.0, 1.0, 3.0, 1.0, 1.0, 1.0, 1.0, 1.0, 1.0, 1.0, 1.0, 1.0, 1.0, 1.0, 3.0, 2.0, 2.0, 1.0, 1.0, 2.0, 3.0, 1.0, 2.0, 1.0, 2.0, 1.0, 3.0, 1.0, 3.0, 3.0, 3.0, 3.0, 3.0, 1.0, 1.0, 2.0, 1.0, 1.0, 1.0], [1.0, 3.0, 1.0, 1.0, 3.0, 1.0, 1.0, 1.0, 1.0, 1.0, 1.0, 1.0, 1.0, 1.0, 1.0, 1.0, 3.0, 2.0, 1.0, 1.0, 1.0, 2.0, 3.0, 2.0, 2.0, 1.0, 2.0, 1.0, 3.0, 1.0, 3.0, 3.0, 3.0, 2.0, 3.0, 1.0, 1.0, 2.0, 1.0, 1.0, 1.0], [1.0, 3.0, 1.0, 1.0, 3.0, 1.0, 1.0, 1.0, 1.0, 1.0, 1.0, 1.0, 1.0, 1.0, 1.0, 1.0, 3.0, 2.0, 2.0, 1.0, 1.0, 2.0, 3.0, 2.0, 2.0, 1.0, 2.0, 1.0, 3.0, 1.0, 3.0, 3.0, 3.0, 3.0, 2.0, 1.0, 1.0, 2.0, 1.0, 1.0, 1.0], [1.0, 2.0, 1.0, 1.0, 3.0, 1.0, 1.0, 1.0, 1.0, 1.0, 1.0, 1.0, 1.0, 1.0, 1.0, 1.0, 3.0, 2.0, 1.0, 1.0, 1.0, 2.0, 3.0, 1.0, 2.0, 1.0, 3.0, 1.0, 3.0, 1.0, 3.0, 3.0, 3.0, 3.0, 2.0, 1.0, 1.0, 2.0, 1.0, 1.0, 1.0], [1.0, 3.0, 2.0, 1.0, 3.0, 1.0, 1.0, 1.0, 1.0, 1.0, 1.0, 1.0, 1.0, 1.0, 1.0, 1.0, 3.0, 2.0, 1.0, 1.0, 1.0, 2.0, 3.0, 1.0, 2.0, 1.0, 2.0, 1.0, 3.0, 1.0, 3.0, 3.0, 3.0, 3.0, 3.0, 1.0, 1.0, 2.0, 1.0, 1.0, 1.0], [1.0, 3.0, 1.0, 1.0, 3.0, 1.0, 1.0, 1.0, 1.0, 1.0, 1.0, 1.0, 1.0, 1.0, 1.0, 1.0, 3.0, 2.0, 1.0, 1.0, 1.0, 2.0, 2.0, 1.0, 2.0, 1.0, 2.0, 1.0, 3.0, 1.0, 2.0, 3.0, 3.0, 2.0, 2.0, 1.0, 1.0, 2.0, 1.0, 1.0, 1.0], [1.0, 3.0, 1.0, 1.0, 3.0, 1.0, 1.0, 1.0, 1.0, 1.0, 1.0, 1.0, 1.0, 1.0, 1.0, 1.0, 3.0, 2.0, 2.0, 1.0, 1.0, 3.0, 3.0, 1.0, 2.0, 1.0, 2.0, 1.0, 2.0, 1.0, 3.0, 3.0, 3.0, 3.0, 3.0, 1.0, 1.0, 2.0, 1.0, 1.0, 1.0], [1.0, 3.0, 1.0, 1.0, 3.0, 1.0, 1.0, 1.0, 1.0, 1.0, 1.0, 1.0, 1.0, 1.0, 1.0, 1.0, 3.0, 2.0, 1.0, 1.0, 1.0, 2.0, 3.0, 1.0, 2.0, 1.0, 2.0, 1.0, 3.0, 1.0, 3.0, 3.0, 3.0, 3.0, 3.0, 1.0, 1.0, 2.0, 1.0, 1.0, 1.0], [1.0, 2.0, 1.0, 1.0, 3.0, 1.0, 1.0, 1.0, 1.0, 1.0, 1.0, 1.0, 1.0, 1.0, 1.0, 1.0, 3.0, 2.0, 1.0, 1.0, 1.0, 2.0, 3.0, 1.0, 2.0, 1.0, 2.0, 1.0, 3.0, 1.0, 2.0, 3.0, 3.0, 3.0, 3.0, 1.0, 1.0, 2.0, 1.0, 1.0, 1.0], [1.0, 3.0, 1.0, 1.0, 3.0, 1.0, 1.0, 1.0, 1.0, 1.0, 1.0, 1.0, 1.0, 1.0, 1.0, 1.0, 3.0, 2.0, 1.0, 1.0, 1.0, 2.0, 3.0, 2.0, 2.0, 1.0, 3.0, 1.0, 3.0, 1.0, 2.0, 3.0, 3.0, 3.0, 3.0, 1.0, 1.0, 2.0, 1.0, 1.0, 1.0], [1.0, 3.0, 1.0, 1.0, 3.0, 1.0, 1.0, 1.0, 1.0, 1.0, 1.0, 1.0, 1.0, 1.0, 1.0, 1.0, 3.0, 2.0, 2.0, 1.0, 1.0, 2.0, 3.0, 2.0, 2.0, 1.0, 2.0, 1.0, 3.0, 1.0, 2.0, 3.0, 3.0, 2.0, 3.0, 1.0, 1.0, 2.0, 1.0, 1.0, 1.0], [1.0, 3.0, 2.0, 1.0, 3.0, 1.0, 1.0, 1.0, 1.0, 1.0, 1.0, 1.0, 1.0, 1.0, 1.0, 1.0, 3.0, 3.0, 1.0, 1.0, 1.0, 2.0, 3.0, 1.0, 1.0, 1.0, 2.0, 1.0, 3.0, 1.0, 2.0, 3.0, 3.0, 3.0, 3.0, 1.0, 1.0, 2.0, 1.0, 1.0, 1.0], [1.0, 3.0, 1.0, 1.0, 3.0, 1.0, 1.0, 1.0, 1.0, 1.0, 1.0, 1.0, 1.0, 1.0, 1.0, 1.0, 3.0, 2.0, 1.0, 1.0, 1.0, 2.0, 3.0, 1.0, 2.0, 1.0, 2.0, 1.0, 3.0, 1.0, 2.0, 3.0, 3.0, 2.0, 2.0, 1.0, 1.0, 2.0, 1.0, 1.0, 1.0], [1.0, 3.0, 1.0, 1.0, 3.0, 1.0, 1.0, 1.0, 1.0, 1.0, 1.0, 1.0, 1.0, 1.0, 1.0, 1.0, 3.0, 3.0, 2.0, 1.0, 1.0, 2.0, 3.0, 1.0, 2.0, 1.0, 2.0, 1.0, 3.0, 1.0, 3.0, 3.0, 3.0, 3.0, 2.0, 1.0, 1.0, 2.0, 1.0, 1.0, 1.0], [1.0, 3.0, 1.0, 1.0, 3.0, 1.0, 1.0, 1.0, 1.0, 1.0, 1.0, 1.0, 1.0, 1.0, 1.0, 1.0, 3.0, 3.0, 2.0, 1.0, 1.0, 1.0, 3.0, 1.0, 2.0, 1.0, 3.0, 1.0, 3.0, 1.0, 2.0, 2.0, 3.0, 3.0, 2.0, 1.0, 1.0, 2.0, 1.0, 1.0, 1.0], [1.0, 3.0, 1.0, 1.0, 3.0, 1.0, 1.0, 1.0, 1.0, 1.0, 1.0, 1.0, 1.0, 1.0, 1.0, 1.0, 3.0, 2.0, 1.0, 1.0, 1.0, 2.0, 3.0, 2.0, 2.0, 1.0, 2.0, 1.0, 3.0, 1.0, 3.0, 3.0, 3.0, 2.0, 3.0, 1.0, 1.0, 2.0, 1.0, 1.0, 1.0], [1.0, 2.0, 1.0, 1.0, 3.0, 1.0, 1.0, 1.0, 1.0, 1.0, 1.0, 1.0, 1.0, 1.0, 1.0, 1.0, 3.0, 2.0, 2.0, 1.0, 1.0, 2.0, 3.0, 1.0, 2.0, 1.0, 2.0, 1.0, 3.0, 1.0, 2.0, 3.0, 3.0, 3.0, 2.0, 1.0, 1.0, 2.0, 1.0, 1.0, 1.0], [1.0, 3.0, 1.0, 1.0, 3.0, 1.0, 1.0, 1.0, 1.0, 1.0, 1.0, 1.0, 1.0, 1.0, 1.0, 1.0, 3.0, 2.0, 1.0, 1.0, 1.0, 2.0, 3.0, 1.0, 2.0, 1.0, 2.0, 1.0, 3.0, 1.0, 2.0, 3.0, 3.0, 3.0, 2.0, 1.0, 1.0, 2.0, 1.0, 1.0, 1.0], [1.0, 3.0, 1.0, 1.0, 3.0, 1.0, 1.0, 1.0, 1.0, 1.0, 1.0, 1.0, 1.0, 1.0, 1.0, 1.0, 3.0, 2.0, 1.0, 1.0, 1.0, 2.0, 3.0, 1.0, 2.0, 1.0, 3.0, 1.0, 2.0, 1.0, 2.0, 2.0, 3.0, 3.0, 3.0, 1.0, 1.0, 2.0, 1.0, 1.0, 1.0], [1.0, 3.0, 1.0, 1.0, 3.0, 1.0, 1.0, 1.0, 1.0, 1.0, 1.0, 1.0, 1.0, 1.0, 1.0, 1.0, 3.0, 2.0, 1.0, 1.0, 1.0, 2.0, 3.0, 1.0, 2.0, 1.0, 2.0, 1.0, 3.0, 1.0, 3.0, 3.0, 3.0, 3.0, 3.0, 1.0, 1.0, 2.0, 1.0, 1.0, 1.0], [1.0, 2.0, 1.0, 1.0, 3.0, 1.0, 1.0, 1.0, 1.0, 1.0, 1.0, 1.0, 1.0, 1.0, 1.0, 1.0, 3.0, 2.0, 1.0, 1.0, 1.0, 2.0, 3.0, 2.0, 2.0, 1.0, 2.0, 1.0, 3.0, 1.0, 2.0, 3.0, 3.0, 3.0, 3.0, 1.0, 1.0, 2.0, 1.0, 1.0, 1.0], [1.0, 3.0, 1.0, 1.0, 3.0, 1.0, 1.0, 1.0, 1.0, 1.0, 1.0, 1.0, 1.0, 1.0, 1.0, 1.0, 3.0, 2.0, 1.0, 1.0, 1.0, 2.0, 3.0, 1.0, 2.0, 1.0, 2.0, 1.0, 3.0, 1.0, 2.0, 3.0, 3.0, 3.0, 3.0, 1.0, 1.0, 2.0, 1.0, 1.0, 1.0], [1.0, 3.0, 1.0, 1.0, 3.0, 1.0, 1.0, 1.0, 1.0, 1.0, 1.0, 1.0, 1.0, 1.0, 1.0, 1.0, 3.0, 2.0, 1.0, 1.0, 1.0, 2.0, 3.0, 1.0, 2.0, 1.0, 3.0, 1.0, 2.0, 1.0, 3.0, 3.0, 3.0, 3.0, 3.0, 1.0, 1.0, 2.0, 1.0, 1.0, 1.0]]

