first layer check: Conv2d(6, 64, kernel_size=(7, 7), stride=(2, 2), padding=(3, 3), bias=False)

target ys
[2.0, 1.0, 1.0, 1.0, 1.0, 3.0, 2.0, 2.0, 1.0, 1.0, 1.0, 2.0, 3.0, 3.0, 1.0, 2.0, 2.0, 2.0, 2.0, 2.0, 0.0, 1.0, 1.0, 3.0, 1.0, 2.0, 1.0, 3.0, 1.0, 3.0, 3.0, 3.0, 2.0, 1.0, 2.0, 2.0, 3.0, 1.0, 1.0, 3.0]

for model 0: mode acc: 0.7250000238418579, run mean acc: 0.6670832633972168, top-2 acc:0.8508333563804626, mode f1: 0.7250000238418579

model 0 mode preds
[1.0, 1.0, 1.0, 1.0, 1.0, 3.0, 3.0, 2.0, 1.0, 1.0, 1.0, 2.0, 1.0, 3.0, 1.0, 1.0, 2.0, 2.0, 2.0, 1.0, 0.0, 1.0, 1.0, 2.0, 1.0, 1.0, 1.0, 3.0, 1.0, 3.0, 3.0, 3.0, 1.0, 1.0, 1.0, 1.0, 1.0, 1.0, 1.0, 3.0]

model 0 all preds
[[1.0, 1.0, 1.0, 1.0, 1.0, 3.0, 3.0, 1.0, 1.0, 1.0, 1.0, 1.0, 1.0, 3.0, 1.0, 1.0, 2.0, 2.0, 2.0, 1.0, 0.0, 1.0, 1.0, 1.0, 1.0, 1.0, 1.0, 3.0, 1.0, 3.0, 3.0, 3.0, 1.0, 1.0, 1.0, 1.0, 1.0, 1.0, 1.0, 3.0], [1.0, 1.0, 1.0, 1.0, 1.0, 3.0, 3.0, 1.0, 1.0, 1.0, 1.0, 2.0, 1.0, 3.0, 1.0, 1.0, 2.0, 1.0, 2.0, 1.0, 1.0, 1.0, 1.0, 2.0, 1.0, 1.0, 1.0, 3.0, 1.0, 3.0, 3.0, 3.0, 1.0, 1.0, 1.0, 1.0, 1.0, 1.0, 1.0, 3.0], [1.0, 1.0, 1.0, 1.0, 1.0, 3.0, 3.0, 2.0, 1.0, 1.0, 1.0, 2.0, 1.0, 2.0, 1.0, 1.0, 2.0, 2.0, 2.0, 1.0, 0.0, 1.0, 1.0, 2.0, 1.0, 1.0, 1.0, 3.0, 1.0, 3.0, 2.0, 3.0, 1.0, 1.0, 1.0, 1.0, 1.0, 1.0, 1.0, 3.0], [1.0, 1.0, 1.0, 1.0, 2.0, 3.0, 1.0, 2.0, 1.0, 1.0, 1.0, 2.0, 1.0, 3.0, 2.0, 1.0, 2.0, 2.0, 2.0, 1.0, 0.0, 1.0, 1.0, 1.0, 1.0, 1.0, 1.0, 3.0, 1.0, 3.0, 2.0, 3.0, 2.0, 1.0, 1.0, 1.0, 1.0, 1.0, 1.0, 3.0], [1.0, 1.0, 1.0, 1.0, 1.0, 3.0, 3.0, 1.0, 1.0, 1.0, 1.0, 2.0, 1.0, 3.0, 1.0, 1.0, 1.0, 2.0, 3.0, 1.0, 0.0, 1.0, 1.0, 2.0, 1.0, 1.0, 1.0, 3.0, 1.0, 3.0, 3.0, 3.0, 1.0, 1.0, 1.0, 1.0, 1.0, 1.0, 1.0, 3.0], [1.0, 1.0, 1.0, 1.0, 1.0, 3.0, 2.0, 2.0, 1.0, 1.0, 1.0, 2.0, 1.0, 2.0, 2.0, 1.0, 1.0, 2.0, 2.0, 1.0, 0.0, 1.0, 1.0, 1.0, 1.0, 1.0, 1.0, 3.0, 1.0, 3.0, 2.0, 3.0, 1.0, 1.0, 1.0, 1.0, 1.0, 1.0, 1.0, 3.0], [1.0, 1.0, 1.0, 1.0, 1.0, 3.0, 3.0, 2.0, 0.0, 1.0, 1.0, 2.0, 1.0, 3.0, 1.0, 1.0, 2.0, 2.0, 2.0, 1.0, 0.0, 1.0, 1.0, 2.0, 1.0, 1.0, 1.0, 3.0, 1.0, 3.0, 3.0, 3.0, 1.0, 1.0, 1.0, 1.0, 2.0, 1.0, 1.0, 3.0], [1.0, 1.0, 1.0, 1.0, 1.0, 3.0, 2.0, 2.0, 1.0, 0.0, 1.0, 2.0, 1.0, 3.0, 2.0, 1.0, 2.0, 1.0, 2.0, 1.0, 0.0, 1.0, 1.0, 2.0, 1.0, 1.0, 1.0, 3.0, 1.0, 3.0, 3.0, 3.0, 1.0, 1.0, 1.0, 1.0, 2.0, 1.0, 1.0, 3.0], [1.0, 2.0, 1.0, 1.0, 1.0, 3.0, 3.0, 1.0, 1.0, 1.0, 1.0, 2.0, 1.0, 3.0, 1.0, 1.0, 2.0, 2.0, 2.0, 1.0, 0.0, 1.0, 1.0, 2.0, 1.0, 1.0, 1.0, 3.0, 1.0, 3.0, 3.0, 2.0, 1.0, 1.0, 1.0, 1.0, 2.0, 1.0, 1.0, 3.0], [1.0, 1.0, 1.0, 1.0, 1.0, 3.0, 1.0, 1.0, 1.0, 1.0, 1.0, 2.0, 1.0, 2.0, 1.0, 1.0, 2.0, 3.0, 2.0, 1.0, 0.0, 1.0, 1.0, 2.0, 1.0, 1.0, 1.0, 3.0, 1.0, 3.0, 3.0, 3.0, 1.0, 1.0, 1.0, 1.0, 1.0, 1.0, 1.0, 3.0], [1.0, 1.0, 1.0, 1.0, 1.0, 3.0, 2.0, 1.0, 1.0, 1.0, 1.0, 2.0, 1.0, 2.0, 1.0, 1.0, 2.0, 1.0, 3.0, 1.0, 1.0, 1.0, 1.0, 2.0, 1.0, 1.0, 1.0, 3.0, 1.0, 3.0, 3.0, 3.0, 2.0, 1.0, 1.0, 1.0, 1.0, 1.0, 1.0, 3.0], [1.0, 1.0, 1.0, 1.0, 1.0, 3.0, 1.0, 2.0, 1.0, 1.0, 1.0, 2.0, 1.0, 3.0, 1.0, 1.0, 2.0, 2.0, 3.0, 1.0, 0.0, 1.0, 1.0, 1.0, 1.0, 1.0, 1.0, 3.0, 1.0, 3.0, 3.0, 3.0, 1.0, 1.0, 1.0, 1.0, 2.0, 1.0, 1.0, 3.0], [1.0, 1.0, 1.0, 1.0, 1.0, 3.0, 1.0, 2.0, 1.0, 1.0, 1.0, 1.0, 1.0, 2.0, 1.0, 1.0, 2.0, 2.0, 2.0, 1.0, 0.0, 1.0, 1.0, 2.0, 1.0, 1.0, 1.0, 3.0, 1.0, 3.0, 2.0, 3.0, 1.0, 1.0, 1.0, 1.0, 1.0, 1.0, 1.0, 3.0], [1.0, 1.0, 1.0, 1.0, 2.0, 3.0, 1.0, 1.0, 0.0, 1.0, 1.0, 2.0, 1.0, 2.0, 2.0, 1.0, 1.0, 2.0, 2.0, 1.0, 1.0, 1.0, 1.0, 2.0, 1.0, 1.0, 1.0, 3.0, 1.0, 3.0, 3.0, 3.0, 2.0, 1.0, 1.0, 1.0, 1.0, 1.0, 1.0, 3.0], [1.0, 1.0, 1.0, 1.0, 1.0, 3.0, 3.0, 1.0, 0.0, 1.0, 1.0, 2.0, 1.0, 1.0, 1.0, 1.0, 1.0, 2.0, 2.0, 1.0, 1.0, 1.0, 1.0, 2.0, 1.0, 1.0, 1.0, 3.0, 1.0, 3.0, 3.0, 3.0, 2.0, 1.0, 1.0, 1.0, 2.0, 1.0, 1.0, 3.0], [1.0, 1.0, 1.0, 1.0, 1.0, 3.0, 2.0, 2.0, 1.0, 1.0, 1.0, 2.0, 1.0, 3.0, 1.0, 1.0, 1.0, 2.0, 3.0, 1.0, 0.0, 1.0, 1.0, 1.0, 1.0, 1.0, 1.0, 3.0, 1.0, 3.0, 3.0, 3.0, 1.0, 1.0, 1.0, 1.0, 1.0, 1.0, 1.0, 3.0], [1.0, 1.0, 1.0, 1.0, 1.0, 3.0, 2.0, 2.0, 1.0, 1.0, 1.0, 2.0, 1.0, 3.0, 1.0, 1.0, 1.0, 2.0, 2.0, 1.0, 1.0, 1.0, 1.0, 2.0, 1.0, 1.0, 1.0, 3.0, 1.0, 3.0, 3.0, 3.0, 1.0, 1.0, 1.0, 1.0, 1.0, 1.0, 1.0, 3.0], [1.0, 1.0, 1.0, 1.0, 1.0, 3.0, 3.0, 1.0, 1.0, 1.0, 1.0, 2.0, 1.0, 3.0, 1.0, 1.0, 1.0, 2.0, 3.0, 1.0, 0.0, 1.0, 1.0, 1.0, 1.0, 1.0, 1.0, 3.0, 1.0, 3.0, 3.0, 2.0, 1.0, 1.0, 1.0, 1.0, 1.0, 1.0, 1.0, 3.0], [1.0, 1.0, 1.0, 1.0, 1.0, 3.0, 1.0, 2.0, 1.0, 1.0, 1.0, 2.0, 1.0, 3.0, 2.0, 1.0, 2.0, 2.0, 2.0, 1.0, 0.0, 1.0, 1.0, 1.0, 1.0, 1.0, 1.0, 3.0, 1.0, 3.0, 3.0, 2.0, 1.0, 1.0, 1.0, 1.0, 1.0, 1.0, 1.0, 3.0], [1.0, 1.0, 1.0, 1.0, 1.0, 3.0, 1.0, 2.0, 1.0, 1.0, 1.0, 2.0, 1.0, 3.0, 1.0, 1.0, 2.0, 2.0, 2.0, 1.0, 0.0, 1.0, 1.0, 2.0, 1.0, 1.0, 1.0, 3.0, 1.0, 3.0, 3.0, 3.0, 1.0, 1.0, 1.0, 1.0, 2.0, 1.0, 1.0, 3.0], [1.0, 1.0, 1.0, 1.0, 1.0, 3.0, 1.0, 2.0, 1.0, 0.0, 1.0, 2.0, 1.0, 3.0, 1.0, 1.0, 1.0, 1.0, 1.0, 1.0, 0.0, 1.0, 1.0, 2.0, 2.0, 1.0, 1.0, 3.0, 1.0, 3.0, 3.0, 2.0, 2.0, 1.0, 1.0, 1.0, 1.0, 1.0, 1.0, 3.0], [1.0, 1.0, 1.0, 1.0, 1.0, 3.0, 3.0, 1.0, 0.0, 1.0, 1.0, 2.0, 1.0, 3.0, 1.0, 1.0, 2.0, 1.0, 2.0, 1.0, 0.0, 1.0, 1.0, 1.0, 1.0, 1.0, 1.0, 3.0, 1.0, 3.0, 3.0, 3.0, 1.0, 1.0, 1.0, 1.0, 1.0, 1.0, 1.0, 3.0], [1.0, 1.0, 1.0, 1.0, 1.0, 3.0, 3.0, 2.0, 1.0, 1.0, 1.0, 2.0, 1.0, 2.0, 1.0, 1.0, 1.0, 1.0, 1.0, 1.0, 0.0, 1.0, 1.0, 2.0, 1.0, 1.0, 1.0, 3.0, 1.0, 3.0, 3.0, 2.0, 1.0, 1.0, 1.0, 1.0, 1.0, 1.0, 1.0, 3.0], [1.0, 1.0, 1.0, 1.0, 1.0, 3.0, 1.0, 2.0, 1.0, 1.0, 1.0, 2.0, 1.0, 2.0, 1.0, 1.0, 1.0, 1.0, 2.0, 1.0, 0.0, 1.0, 1.0, 2.0, 1.0, 1.0, 1.0, 3.0, 1.0, 3.0, 3.0, 2.0, 1.0, 1.0, 1.0, 1.0, 1.0, 1.0, 1.0, 3.0], [1.0, 1.0, 1.0, 1.0, 1.0, 3.0, 3.0, 1.0, 1.0, 1.0, 1.0, 2.0, 1.0, 2.0, 2.0, 1.0, 2.0, 2.0, 2.0, 1.0, 1.0, 1.0, 1.0, 2.0, 1.0, 1.0, 1.0, 3.0, 1.0, 3.0, 3.0, 2.0, 1.0, 1.0, 2.0, 1.0, 1.0, 1.0, 1.0, 3.0], [1.0, 1.0, 1.0, 1.0, 1.0, 3.0, 3.0, 1.0, 1.0, 1.0, 1.0, 2.0, 1.0, 3.0, 2.0, 1.0, 2.0, 2.0, 2.0, 1.0, 0.0, 1.0, 1.0, 2.0, 1.0, 1.0, 1.0, 3.0, 1.0, 3.0, 3.0, 2.0, 1.0, 1.0, 1.0, 1.0, 2.0, 1.0, 1.0, 3.0], [1.0, 1.0, 1.0, 1.0, 1.0, 3.0, 3.0, 1.0, 1.0, 0.0, 1.0, 2.0, 1.0, 1.0, 1.0, 1.0, 2.0, 2.0, 2.0, 1.0, 0.0, 1.0, 1.0, 2.0, 1.0, 1.0, 1.0, 3.0, 1.0, 3.0, 3.0, 2.0, 1.0, 1.0, 1.0, 1.0, 1.0, 1.0, 1.0, 3.0], [1.0, 1.0, 1.0, 1.0, 1.0, 3.0, 3.0, 1.0, 1.0, 1.0, 1.0, 1.0, 1.0, 3.0, 1.0, 1.0, 1.0, 2.0, 2.0, 1.0, 0.0, 1.0, 1.0, 2.0, 1.0, 1.0, 1.0, 3.0, 1.0, 3.0, 3.0, 2.0, 1.0, 1.0, 1.0, 1.0, 2.0, 1.0, 1.0, 3.0], [1.0, 1.0, 1.0, 1.0, 1.0, 3.0, 3.0, 1.0, 0.0, 1.0, 1.0, 2.0, 1.0, 2.0, 1.0, 1.0, 2.0, 2.0, 2.0, 1.0, 0.0, 1.0, 1.0, 2.0, 1.0, 1.0, 1.0, 3.0, 1.0, 3.0, 3.0, 2.0, 1.0, 1.0, 1.0, 1.0, 2.0, 1.0, 1.0, 3.0], [1.0, 1.0, 1.0, 1.0, 1.0, 3.0, 2.0, 2.0, 1.0, 1.0, 1.0, 2.0, 1.0, 3.0, 1.0, 1.0, 1.0, 1.0, 2.0, 1.0, 0.0, 1.0, 1.0, 2.0, 1.0, 1.0, 1.0, 3.0, 1.0, 3.0, 3.0, 3.0, 1.0, 1.0, 1.0, 1.0, 2.0, 1.0, 1.0, 3.0], [1.0, 1.0, 1.0, 1.0, 1.0, 3.0, 2.0, 1.0, 1.0, 1.0, 1.0, 2.0, 1.0, 3.0, 1.0, 1.0, 1.0, 2.0, 2.0, 1.0, 0.0, 1.0, 1.0, 2.0, 1.0, 1.0, 1.0, 3.0, 1.0, 3.0, 3.0, 3.0, 1.0, 1.0, 1.0, 1.0, 2.0, 1.0, 1.0, 3.0], [1.0, 1.0, 1.0, 1.0, 1.0, 3.0, 3.0, 2.0, 1.0, 1.0, 1.0, 2.0, 1.0, 1.0, 2.0, 1.0, 2.0, 1.0, 2.0, 1.0, 0.0, 1.0, 1.0, 2.0, 1.0, 1.0, 1.0, 3.0, 1.0, 3.0, 1.0, 3.0, 1.0, 1.0, 1.0, 1.0, 1.0, 1.0, 1.0, 3.0], [1.0, 1.0, 1.0, 1.0, 1.0, 3.0, 3.0, 1.0, 1.0, 1.0, 1.0, 2.0, 1.0, 2.0, 1.0, 1.0, 1.0, 2.0, 1.0, 1.0, 1.0, 1.0, 1.0, 2.0, 1.0, 1.0, 1.0, 3.0, 1.0, 3.0, 3.0, 2.0, 1.0, 1.0, 1.0, 1.0, 1.0, 1.0, 1.0, 3.0], [1.0, 1.0, 1.0, 1.0, 1.0, 3.0, 3.0, 2.0, 1.0, 1.0, 1.0, 2.0, 1.0, 2.0, 2.0, 1.0, 1.0, 2.0, 2.0, 1.0, 0.0, 1.0, 1.0, 2.0, 1.0, 1.0, 1.0, 3.0, 1.0, 3.0, 2.0, 3.0, 1.0, 1.0, 1.0, 1.0, 1.0, 1.0, 1.0, 3.0], [1.0, 1.0, 1.0, 1.0, 1.0, 3.0, 1.0, 2.0, 1.0, 1.0, 1.0, 2.0, 1.0, 3.0, 2.0, 1.0, 2.0, 2.0, 2.0, 1.0, 1.0, 1.0, 1.0, 2.0, 1.0, 1.0, 1.0, 3.0, 1.0, 3.0, 3.0, 3.0, 1.0, 1.0, 1.0, 1.0, 1.0, 1.0, 1.0, 3.0], [1.0, 1.0, 1.0, 1.0, 1.0, 3.0, 3.0, 1.0, 1.0, 1.0, 1.0, 1.0, 1.0, 3.0, 1.0, 1.0, 2.0, 1.0, 2.0, 1.0, 0.0, 1.0, 1.0, 2.0, 1.0, 1.0, 1.0, 3.0, 1.0, 3.0, 1.0, 2.0, 1.0, 1.0, 1.0, 1.0, 1.0, 1.0, 1.0, 3.0], [1.0, 1.0, 1.0, 1.0, 1.0, 3.0, 1.0, 2.0, 1.0, 1.0, 1.0, 2.0, 1.0, 3.0, 1.0, 1.0, 1.0, 2.0, 2.0, 1.0, 0.0, 1.0, 1.0, 2.0, 1.0, 1.0, 1.0, 3.0, 1.0, 3.0, 3.0, 3.0, 1.0, 1.0, 1.0, 1.0, 1.0, 1.0, 1.0, 3.0], [1.0, 1.0, 1.0, 1.0, 1.0, 3.0, 1.0, 2.0, 1.0, 1.0, 1.0, 2.0, 1.0, 2.0, 2.0, 1.0, 2.0, 1.0, 2.0, 1.0, 0.0, 1.0, 1.0, 2.0, 2.0, 1.0, 1.0, 3.0, 1.0, 3.0, 3.0, 3.0, 2.0, 1.0, 1.0, 1.0, 2.0, 1.0, 1.0, 3.0], [1.0, 1.0, 1.0, 1.0, 1.0, 3.0, 3.0, 2.0, 1.0, 1.0, 1.0, 2.0, 1.0, 3.0, 1.0, 1.0, 1.0, 1.0, 3.0, 1.0, 0.0, 1.0, 1.0, 2.0, 1.0, 1.0, 1.0, 3.0, 1.0, 3.0, 1.0, 3.0, 1.0, 1.0, 1.0, 1.0, 1.0, 1.0, 1.0, 3.0], [1.0, 1.0, 1.0, 1.0, 1.0, 3.0, 1.0, 2.0, 1.0, 1.0, 1.0, 2.0, 1.0, 2.0, 1.0, 1.0, 2.0, 1.0, 1.0, 1.0, 0.0, 1.0, 1.0, 1.0, 1.0, 1.0, 1.0, 3.0, 1.0, 3.0, 3.0, 2.0, 1.0, 1.0, 1.0, 1.0, 2.0, 1.0, 1.0, 3.0], [1.0, 1.0, 1.0, 1.0, 1.0, 3.0, 3.0, 2.0, 1.0, 1.0, 1.0, 2.0, 1.0, 3.0, 1.0, 1.0, 2.0, 2.0, 2.0, 1.0, 0.0, 1.0, 1.0, 1.0, 2.0, 1.0, 1.0, 3.0, 1.0, 3.0, 3.0, 2.0, 1.0, 1.0, 1.0, 1.0, 1.0, 1.0, 1.0, 3.0], [1.0, 1.0, 1.0, 1.0, 1.0, 3.0, 2.0, 2.0, 1.0, 1.0, 1.0, 2.0, 1.0, 2.0, 1.0, 1.0, 1.0, 2.0, 2.0, 1.0, 0.0, 1.0, 1.0, 2.0, 1.0, 1.0, 1.0, 3.0, 1.0, 3.0, 2.0, 3.0, 2.0, 1.0, 1.0, 1.0, 1.0, 1.0, 1.0, 3.0], [1.0, 1.0, 1.0, 1.0, 1.0, 3.0, 3.0, 2.0, 0.0, 0.0, 1.0, 2.0, 1.0, 3.0, 2.0, 1.0, 2.0, 2.0, 2.0, 1.0, 0.0, 1.0, 1.0, 2.0, 1.0, 1.0, 1.0, 3.0, 1.0, 3.0, 2.0, 3.0, 2.0, 1.0, 1.0, 1.0, 1.0, 1.0, 1.0, 3.0], [1.0, 1.0, 1.0, 1.0, 2.0, 3.0, 2.0, 2.0, 0.0, 1.0, 1.0, 2.0, 1.0, 2.0, 1.0, 1.0, 2.0, 2.0, 2.0, 1.0, 0.0, 1.0, 1.0, 2.0, 1.0, 1.0, 1.0, 3.0, 1.0, 3.0, 3.0, 3.0, 1.0, 1.0, 1.0, 1.0, 2.0, 1.0, 1.0, 3.0], [1.0, 1.0, 1.0, 1.0, 2.0, 3.0, 3.0, 2.0, 0.0, 1.0, 1.0, 1.0, 1.0, 2.0, 2.0, 1.0, 2.0, 1.0, 3.0, 1.0, 0.0, 1.0, 1.0, 2.0, 1.0, 1.0, 1.0, 3.0, 1.0, 3.0, 3.0, 2.0, 2.0, 1.0, 1.0, 1.0, 2.0, 1.0, 1.0, 3.0], [1.0, 1.0, 1.0, 1.0, 1.0, 3.0, 1.0, 2.0, 1.0, 1.0, 1.0, 2.0, 1.0, 2.0, 1.0, 1.0, 1.0, 2.0, 2.0, 1.0, 0.0, 1.0, 1.0, 2.0, 1.0, 1.0, 1.0, 3.0, 1.0, 3.0, 3.0, 3.0, 2.0, 1.0, 1.0, 1.0, 1.0, 1.0, 1.0, 3.0], [1.0, 1.0, 1.0, 1.0, 1.0, 3.0, 1.0, 2.0, 1.0, 1.0, 1.0, 2.0, 1.0, 2.0, 1.0, 1.0, 2.0, 2.0, 3.0, 1.0, 0.0, 1.0, 1.0, 1.0, 1.0, 1.0, 1.0, 3.0, 1.0, 3.0, 2.0, 2.0, 1.0, 1.0, 1.0, 1.0, 1.0, 1.0, 1.0, 3.0], [1.0, 1.0, 1.0, 1.0, 2.0, 3.0, 2.0, 1.0, 0.0, 1.0, 1.0, 2.0, 1.0, 2.0, 1.0, 1.0, 1.0, 2.0, 3.0, 1.0, 0.0, 1.0, 1.0, 2.0, 1.0, 1.0, 1.0, 3.0, 1.0, 3.0, 3.0, 3.0, 1.0, 1.0, 1.0, 1.0, 1.0, 1.0, 1.0, 3.0], [1.0, 1.0, 1.0, 1.0, 1.0, 3.0, 2.0, 2.0, 0.0, 1.0, 1.0, 1.0, 1.0, 2.0, 1.0, 1.0, 2.0, 2.0, 2.0, 1.0, 0.0, 1.0, 1.0, 2.0, 1.0, 1.0, 1.0, 3.0, 1.0, 3.0, 3.0, 2.0, 1.0, 1.0, 1.0, 1.0, 2.0, 1.0, 1.0, 3.0], [1.0, 1.0, 1.0, 1.0, 1.0, 3.0, 1.0, 2.0, 1.0, 1.0, 1.0, 2.0, 1.0, 3.0, 1.0, 1.0, 2.0, 1.0, 2.0, 1.0, 0.0, 1.0, 1.0, 2.0, 1.0, 1.0, 1.0, 3.0, 1.0, 3.0, 3.0, 2.0, 2.0, 1.0, 1.0, 1.0, 1.0, 1.0, 1.0, 3.0]]

first layer check: Conv2d(6, 64, kernel_size=(7, 7), stride=(2, 2), padding=(3, 3), bias=False)

for model 1: mode acc: 0.574999988079071, run mean acc: 0.6187499761581421, top-2 acc:0.8558333516120911, mode f1: 0.574999988079071

model 1 mode preds
[2.0, 1.0, 1.0, 1.0, 1.0, 3.0, 1.0, 1.0, 1.0, 1.0, 1.0, 1.0, 1.0, 3.0, 1.0, 1.0, 1.0, 1.0, 1.0, 1.0, 1.0, 1.0, 1.0, 2.0, 1.0, 1.0, 1.0, 3.0, 1.0, 3.0, 3.0, 1.0, 1.0, 1.0, 1.0, 1.0, 1.0, 1.0, 1.0, 3.0]

model 1 all preds
[[2.0, 1.0, 1.0, 1.0, 1.0, 3.0, 1.0, 1.0, 1.0, 1.0, 1.0, 1.0, 1.0, 1.0, 1.0, 1.0, 1.0, 1.0, 1.0, 1.0, 1.0, 1.0, 1.0, 1.0, 1.0, 1.0, 1.0, 3.0, 1.0, 3.0, 3.0, 3.0, 1.0, 1.0, 1.0, 1.0, 1.0, 1.0, 1.0, 3.0], [2.0, 1.0, 1.0, 1.0, 1.0, 3.0, 1.0, 1.0, 1.0, 1.0, 1.0, 2.0, 1.0, 1.0, 1.0, 1.0, 1.0, 1.0, 1.0, 1.0, 1.0, 1.0, 1.0, 2.0, 1.0, 1.0, 1.0, 3.0, 1.0, 3.0, 3.0, 3.0, 1.0, 1.0, 1.0, 1.0, 1.0, 1.0, 1.0, 3.0], [2.0, 1.0, 1.0, 1.0, 1.0, 3.0, 1.0, 1.0, 1.0, 1.0, 1.0, 2.0, 1.0, 3.0, 1.0, 1.0, 1.0, 1.0, 1.0, 1.0, 1.0, 1.0, 1.0, 2.0, 1.0, 1.0, 1.0, 3.0, 1.0, 3.0, 3.0, 1.0, 1.0, 1.0, 1.0, 1.0, 1.0, 1.0, 1.0, 3.0], [2.0, 1.0, 1.0, 1.0, 1.0, 3.0, 3.0, 1.0, 1.0, 1.0, 1.0, 2.0, 1.0, 3.0, 1.0, 1.0, 1.0, 1.0, 1.0, 1.0, 1.0, 1.0, 1.0, 2.0, 1.0, 1.0, 1.0, 3.0, 1.0, 3.0, 3.0, 1.0, 1.0, 1.0, 1.0, 1.0, 2.0, 1.0, 1.0, 3.0], [2.0, 1.0, 1.0, 1.0, 1.0, 3.0, 1.0, 1.0, 1.0, 1.0, 1.0, 2.0, 1.0, 1.0, 1.0, 1.0, 1.0, 1.0, 3.0, 1.0, 1.0, 1.0, 1.0, 2.0, 1.0, 1.0, 1.0, 3.0, 1.0, 3.0, 3.0, 1.0, 1.0, 1.0, 1.0, 1.0, 1.0, 1.0, 1.0, 3.0], [2.0, 1.0, 1.0, 1.0, 1.0, 3.0, 1.0, 1.0, 1.0, 1.0, 1.0, 1.0, 1.0, 1.0, 1.0, 1.0, 1.0, 1.0, 1.0, 1.0, 1.0, 1.0, 1.0, 1.0, 1.0, 1.0, 1.0, 3.0, 1.0, 3.0, 3.0, 3.0, 1.0, 1.0, 1.0, 1.0, 2.0, 1.0, 1.0, 3.0], [2.0, 1.0, 1.0, 1.0, 1.0, 3.0, 1.0, 1.0, 1.0, 1.0, 1.0, 1.0, 1.0, 3.0, 1.0, 1.0, 1.0, 1.0, 1.0, 1.0, 1.0, 1.0, 1.0, 2.0, 1.0, 1.0, 1.0, 3.0, 1.0, 3.0, 3.0, 3.0, 1.0, 1.0, 1.0, 1.0, 1.0, 1.0, 1.0, 3.0], [2.0, 1.0, 1.0, 1.0, 1.0, 3.0, 1.0, 1.0, 1.0, 1.0, 1.0, 2.0, 1.0, 3.0, 1.0, 1.0, 1.0, 1.0, 3.0, 1.0, 1.0, 1.0, 1.0, 2.0, 1.0, 1.0, 1.0, 3.0, 1.0, 3.0, 3.0, 1.0, 1.0, 1.0, 1.0, 1.0, 1.0, 1.0, 1.0, 3.0], [2.0, 1.0, 1.0, 1.0, 1.0, 3.0, 1.0, 1.0, 1.0, 1.0, 1.0, 1.0, 1.0, 3.0, 1.0, 1.0, 1.0, 1.0, 1.0, 1.0, 1.0, 1.0, 1.0, 3.0, 1.0, 1.0, 1.0, 3.0, 1.0, 3.0, 3.0, 3.0, 1.0, 1.0, 1.0, 1.0, 1.0, 1.0, 1.0, 3.0], [2.0, 1.0, 1.0, 1.0, 1.0, 3.0, 1.0, 1.0, 1.0, 1.0, 1.0, 1.0, 1.0, 3.0, 1.0, 1.0, 2.0, 1.0, 3.0, 1.0, 1.0, 1.0, 1.0, 2.0, 1.0, 1.0, 1.0, 3.0, 1.0, 3.0, 3.0, 3.0, 1.0, 1.0, 1.0, 1.0, 1.0, 1.0, 1.0, 3.0], [2.0, 1.0, 1.0, 1.0, 1.0, 3.0, 1.0, 1.0, 1.0, 1.0, 1.0, 1.0, 1.0, 3.0, 1.0, 1.0, 1.0, 1.0, 3.0, 1.0, 1.0, 1.0, 1.0, 2.0, 1.0, 1.0, 1.0, 3.0, 1.0, 3.0, 3.0, 1.0, 1.0, 1.0, 1.0, 1.0, 2.0, 1.0, 1.0, 3.0], [2.0, 1.0, 1.0, 1.0, 1.0, 3.0, 3.0, 1.0, 1.0, 1.0, 1.0, 1.0, 1.0, 3.0, 1.0, 1.0, 2.0, 1.0, 2.0, 1.0, 1.0, 1.0, 1.0, 1.0, 1.0, 1.0, 1.0, 3.0, 1.0, 3.0, 3.0, 1.0, 1.0, 1.0, 1.0, 1.0, 2.0, 1.0, 1.0, 3.0], [2.0, 1.0, 1.0, 1.0, 1.0, 3.0, 1.0, 1.0, 1.0, 1.0, 1.0, 2.0, 1.0, 1.0, 1.0, 1.0, 2.0, 1.0, 3.0, 1.0, 1.0, 1.0, 1.0, 1.0, 1.0, 1.0, 1.0, 3.0, 1.0, 3.0, 3.0, 1.0, 1.0, 1.0, 1.0, 1.0, 2.0, 1.0, 1.0, 3.0], [2.0, 1.0, 1.0, 1.0, 1.0, 3.0, 1.0, 1.0, 1.0, 1.0, 1.0, 2.0, 1.0, 3.0, 1.0, 1.0, 1.0, 1.0, 3.0, 1.0, 1.0, 1.0, 1.0, 2.0, 1.0, 1.0, 1.0, 3.0, 1.0, 3.0, 3.0, 1.0, 1.0, 1.0, 1.0, 1.0, 1.0, 1.0, 1.0, 3.0], [2.0, 1.0, 1.0, 1.0, 1.0, 3.0, 1.0, 1.0, 1.0, 1.0, 1.0, 2.0, 1.0, 1.0, 1.0, 1.0, 2.0, 1.0, 3.0, 1.0, 1.0, 1.0, 1.0, 1.0, 1.0, 1.0, 1.0, 3.0, 1.0, 3.0, 3.0, 1.0, 1.0, 1.0, 1.0, 1.0, 1.0, 1.0, 1.0, 3.0], [2.0, 1.0, 1.0, 1.0, 1.0, 3.0, 1.0, 1.0, 1.0, 1.0, 1.0, 2.0, 1.0, 3.0, 1.0, 1.0, 1.0, 1.0, 3.0, 1.0, 1.0, 1.0, 1.0, 2.0, 1.0, 1.0, 1.0, 3.0, 1.0, 3.0, 3.0, 1.0, 1.0, 1.0, 1.0, 1.0, 1.0, 1.0, 1.0, 3.0], [2.0, 1.0, 1.0, 1.0, 1.0, 3.0, 1.0, 1.0, 1.0, 1.0, 1.0, 2.0, 1.0, 1.0, 1.0, 1.0, 1.0, 1.0, 1.0, 1.0, 1.0, 1.0, 1.0, 2.0, 1.0, 1.0, 1.0, 3.0, 1.0, 3.0, 3.0, 1.0, 1.0, 1.0, 1.0, 1.0, 1.0, 1.0, 1.0, 3.0], [2.0, 1.0, 1.0, 1.0, 1.0, 3.0, 1.0, 1.0, 1.0, 1.0, 1.0, 2.0, 1.0, 3.0, 1.0, 1.0, 1.0, 1.0, 1.0, 1.0, 1.0, 1.0, 1.0, 2.0, 1.0, 1.0, 1.0, 3.0, 1.0, 3.0, 3.0, 1.0, 1.0, 1.0, 1.0, 1.0, 1.0, 1.0, 1.0, 3.0], [2.0, 1.0, 1.0, 1.0, 1.0, 3.0, 1.0, 1.0, 1.0, 1.0, 1.0, 2.0, 1.0, 1.0, 1.0, 1.0, 1.0, 1.0, 1.0, 1.0, 1.0, 1.0, 1.0, 2.0, 1.0, 1.0, 1.0, 3.0, 1.0, 3.0, 3.0, 1.0, 1.0, 1.0, 1.0, 1.0, 1.0, 1.0, 1.0, 3.0], [2.0, 1.0, 1.0, 1.0, 1.0, 3.0, 1.0, 3.0, 1.0, 1.0, 1.0, 1.0, 1.0, 1.0, 1.0, 1.0, 1.0, 1.0, 3.0, 1.0, 1.0, 1.0, 1.0, 2.0, 1.0, 1.0, 1.0, 3.0, 1.0, 3.0, 3.0, 1.0, 1.0, 1.0, 1.0, 1.0, 1.0, 1.0, 1.0, 3.0], [2.0, 1.0, 1.0, 1.0, 1.0, 3.0, 1.0, 1.0, 1.0, 1.0, 1.0, 1.0, 1.0, 3.0, 1.0, 1.0, 1.0, 1.0, 1.0, 1.0, 1.0, 1.0, 1.0, 2.0, 1.0, 1.0, 1.0, 3.0, 1.0, 3.0, 3.0, 1.0, 1.0, 1.0, 1.0, 1.0, 1.0, 1.0, 1.0, 3.0], [2.0, 1.0, 1.0, 1.0, 1.0, 3.0, 1.0, 3.0, 1.0, 1.0, 1.0, 1.0, 1.0, 3.0, 1.0, 1.0, 3.0, 1.0, 1.0, 1.0, 1.0, 1.0, 1.0, 2.0, 1.0, 1.0, 1.0, 3.0, 1.0, 3.0, 3.0, 3.0, 1.0, 1.0, 1.0, 1.0, 1.0, 1.0, 1.0, 3.0], [2.0, 1.0, 1.0, 1.0, 1.0, 3.0, 1.0, 1.0, 1.0, 1.0, 1.0, 1.0, 1.0, 3.0, 1.0, 1.0, 1.0, 1.0, 1.0, 1.0, 1.0, 1.0, 1.0, 2.0, 1.0, 1.0, 1.0, 3.0, 1.0, 3.0, 3.0, 1.0, 1.0, 1.0, 1.0, 1.0, 1.0, 1.0, 1.0, 3.0], [2.0, 1.0, 1.0, 1.0, 1.0, 3.0, 1.0, 1.0, 1.0, 1.0, 1.0, 1.0, 1.0, 1.0, 1.0, 1.0, 1.0, 1.0, 1.0, 1.0, 1.0, 1.0, 1.0, 2.0, 1.0, 1.0, 1.0, 3.0, 1.0, 3.0, 3.0, 3.0, 1.0, 1.0, 1.0, 1.0, 2.0, 1.0, 1.0, 3.0], [2.0, 1.0, 1.0, 1.0, 1.0, 3.0, 1.0, 1.0, 1.0, 1.0, 1.0, 2.0, 1.0, 1.0, 1.0, 1.0, 1.0, 1.0, 1.0, 1.0, 1.0, 1.0, 1.0, 2.0, 1.0, 1.0, 1.0, 3.0, 1.0, 3.0, 3.0, 3.0, 1.0, 1.0, 1.0, 1.0, 1.0, 1.0, 1.0, 3.0], [2.0, 1.0, 1.0, 1.0, 1.0, 3.0, 1.0, 3.0, 1.0, 1.0, 1.0, 1.0, 1.0, 1.0, 1.0, 1.0, 1.0, 1.0, 1.0, 1.0, 1.0, 1.0, 1.0, 2.0, 1.0, 1.0, 1.0, 3.0, 1.0, 3.0, 3.0, 3.0, 1.0, 1.0, 1.0, 1.0, 1.0, 1.0, 1.0, 3.0], [2.0, 1.0, 1.0, 1.0, 1.0, 3.0, 1.0, 1.0, 1.0, 1.0, 1.0, 1.0, 1.0, 3.0, 1.0, 1.0, 1.0, 1.0, 3.0, 1.0, 1.0, 1.0, 1.0, 1.0, 1.0, 1.0, 1.0, 3.0, 1.0, 3.0, 1.0, 3.0, 1.0, 1.0, 1.0, 1.0, 1.0, 1.0, 1.0, 3.0], [2.0, 1.0, 1.0, 1.0, 1.0, 3.0, 3.0, 1.0, 1.0, 1.0, 1.0, 2.0, 1.0, 1.0, 1.0, 1.0, 1.0, 1.0, 3.0, 1.0, 1.0, 1.0, 1.0, 2.0, 1.0, 1.0, 1.0, 3.0, 1.0, 3.0, 3.0, 1.0, 1.0, 1.0, 1.0, 1.0, 1.0, 1.0, 1.0, 3.0], [2.0, 1.0, 1.0, 1.0, 1.0, 3.0, 1.0, 1.0, 1.0, 1.0, 1.0, 1.0, 1.0, 3.0, 1.0, 1.0, 1.0, 1.0, 3.0, 1.0, 1.0, 1.0, 1.0, 2.0, 1.0, 1.0, 1.0, 3.0, 1.0, 3.0, 3.0, 1.0, 1.0, 1.0, 1.0, 1.0, 1.0, 1.0, 1.0, 3.0], [2.0, 1.0, 1.0, 1.0, 1.0, 3.0, 3.0, 1.0, 1.0, 1.0, 1.0, 2.0, 1.0, 1.0, 1.0, 1.0, 2.0, 1.0, 1.0, 1.0, 1.0, 1.0, 1.0, 2.0, 1.0, 1.0, 1.0, 3.0, 1.0, 3.0, 3.0, 1.0, 1.0, 1.0, 1.0, 1.0, 1.0, 1.0, 1.0, 3.0], [2.0, 1.0, 1.0, 1.0, 1.0, 3.0, 1.0, 1.0, 1.0, 1.0, 1.0, 2.0, 1.0, 3.0, 1.0, 1.0, 2.0, 1.0, 1.0, 1.0, 1.0, 1.0, 1.0, 2.0, 1.0, 1.0, 1.0, 3.0, 1.0, 3.0, 3.0, 3.0, 1.0, 1.0, 1.0, 1.0, 1.0, 1.0, 1.0, 3.0], [2.0, 1.0, 1.0, 1.0, 1.0, 3.0, 1.0, 3.0, 1.0, 1.0, 1.0, 1.0, 1.0, 3.0, 1.0, 1.0, 1.0, 1.0, 2.0, 1.0, 1.0, 1.0, 1.0, 2.0, 1.0, 1.0, 1.0, 3.0, 1.0, 3.0, 3.0, 1.0, 1.0, 1.0, 1.0, 1.0, 1.0, 1.0, 1.0, 3.0], [2.0, 1.0, 1.0, 1.0, 1.0, 3.0, 2.0, 1.0, 1.0, 1.0, 1.0, 1.0, 1.0, 1.0, 1.0, 1.0, 1.0, 1.0, 3.0, 1.0, 1.0, 1.0, 1.0, 2.0, 1.0, 1.0, 1.0, 3.0, 1.0, 3.0, 3.0, 1.0, 1.0, 1.0, 1.0, 1.0, 1.0, 1.0, 1.0, 3.0], [2.0, 1.0, 1.0, 1.0, 1.0, 3.0, 1.0, 1.0, 1.0, 1.0, 1.0, 2.0, 1.0, 1.0, 1.0, 1.0, 1.0, 1.0, 3.0, 1.0, 1.0, 1.0, 1.0, 2.0, 1.0, 1.0, 1.0, 3.0, 1.0, 3.0, 3.0, 1.0, 1.0, 1.0, 1.0, 1.0, 1.0, 1.0, 1.0, 3.0], [2.0, 1.0, 1.0, 1.0, 1.0, 3.0, 1.0, 1.0, 1.0, 1.0, 1.0, 2.0, 1.0, 3.0, 1.0, 1.0, 1.0, 1.0, 3.0, 1.0, 1.0, 1.0, 1.0, 2.0, 1.0, 1.0, 1.0, 3.0, 1.0, 3.0, 3.0, 1.0, 1.0, 1.0, 1.0, 1.0, 1.0, 1.0, 1.0, 3.0], [2.0, 1.0, 1.0, 1.0, 1.0, 3.0, 3.0, 3.0, 1.0, 1.0, 1.0, 2.0, 1.0, 3.0, 1.0, 1.0, 1.0, 1.0, 3.0, 1.0, 1.0, 1.0, 1.0, 2.0, 1.0, 1.0, 1.0, 3.0, 1.0, 3.0, 3.0, 3.0, 1.0, 1.0, 1.0, 1.0, 1.0, 1.0, 1.0, 3.0], [2.0, 1.0, 1.0, 1.0, 1.0, 3.0, 1.0, 1.0, 1.0, 1.0, 1.0, 2.0, 1.0, 3.0, 1.0, 1.0, 1.0, 1.0, 3.0, 1.0, 1.0, 1.0, 1.0, 2.0, 1.0, 1.0, 1.0, 3.0, 1.0, 3.0, 3.0, 3.0, 1.0, 1.0, 1.0, 1.0, 1.0, 1.0, 1.0, 3.0], [2.0, 1.0, 1.0, 1.0, 1.0, 3.0, 1.0, 1.0, 1.0, 1.0, 1.0, 2.0, 1.0, 1.0, 1.0, 1.0, 1.0, 1.0, 3.0, 1.0, 1.0, 1.0, 1.0, 2.0, 1.0, 1.0, 1.0, 3.0, 1.0, 3.0, 3.0, 1.0, 1.0, 1.0, 1.0, 1.0, 1.0, 1.0, 1.0, 3.0], [2.0, 1.0, 1.0, 1.0, 1.0, 3.0, 2.0, 1.0, 1.0, 1.0, 1.0, 1.0, 1.0, 3.0, 1.0, 1.0, 1.0, 1.0, 3.0, 1.0, 1.0, 1.0, 1.0, 2.0, 1.0, 1.0, 1.0, 3.0, 1.0, 3.0, 3.0, 1.0, 1.0, 1.0, 1.0, 1.0, 1.0, 1.0, 1.0, 3.0], [2.0, 1.0, 1.0, 1.0, 1.0, 3.0, 3.0, 1.0, 1.0, 1.0, 1.0, 1.0, 1.0, 3.0, 1.0, 1.0, 3.0, 1.0, 2.0, 1.0, 1.0, 1.0, 1.0, 2.0, 1.0, 1.0, 1.0, 3.0, 1.0, 3.0, 3.0, 1.0, 1.0, 1.0, 1.0, 1.0, 1.0, 1.0, 1.0, 3.0], [2.0, 1.0, 1.0, 1.0, 1.0, 3.0, 3.0, 1.0, 1.0, 1.0, 1.0, 2.0, 1.0, 1.0, 1.0, 1.0, 1.0, 1.0, 2.0, 1.0, 1.0, 1.0, 1.0, 2.0, 1.0, 1.0, 1.0, 2.0, 1.0, 3.0, 3.0, 1.0, 1.0, 1.0, 1.0, 1.0, 1.0, 1.0, 1.0, 3.0], [2.0, 1.0, 1.0, 1.0, 1.0, 3.0, 3.0, 1.0, 1.0, 1.0, 1.0, 1.0, 1.0, 3.0, 1.0, 1.0, 1.0, 1.0, 1.0, 1.0, 1.0, 1.0, 1.0, 1.0, 1.0, 1.0, 1.0, 3.0, 1.0, 3.0, 3.0, 1.0, 1.0, 1.0, 1.0, 1.0, 1.0, 1.0, 1.0, 3.0], [2.0, 1.0, 1.0, 1.0, 1.0, 3.0, 1.0, 1.0, 1.0, 1.0, 1.0, 2.0, 1.0, 3.0, 1.0, 1.0, 1.0, 1.0, 3.0, 1.0, 1.0, 1.0, 1.0, 1.0, 1.0, 1.0, 1.0, 3.0, 1.0, 3.0, 3.0, 1.0, 1.0, 1.0, 1.0, 1.0, 1.0, 1.0, 1.0, 3.0], [2.0, 1.0, 1.0, 1.0, 1.0, 3.0, 1.0, 1.0, 1.0, 1.0, 1.0, 1.0, 1.0, 1.0, 1.0, 1.0, 1.0, 1.0, 1.0, 1.0, 1.0, 1.0, 1.0, 3.0, 1.0, 1.0, 1.0, 3.0, 1.0, 3.0, 3.0, 3.0, 1.0, 1.0, 1.0, 1.0, 1.0, 1.0, 1.0, 3.0], [2.0, 1.0, 1.0, 1.0, 1.0, 3.0, 1.0, 1.0, 1.0, 1.0, 1.0, 1.0, 1.0, 3.0, 1.0, 1.0, 2.0, 1.0, 3.0, 1.0, 1.0, 1.0, 1.0, 1.0, 1.0, 1.0, 1.0, 3.0, 1.0, 3.0, 3.0, 3.0, 1.0, 1.0, 1.0, 1.0, 1.0, 1.0, 1.0, 3.0], [2.0, 1.0, 1.0, 1.0, 1.0, 3.0, 1.0, 1.0, 1.0, 1.0, 1.0, 1.0, 1.0, 3.0, 1.0, 1.0, 1.0, 1.0, 3.0, 1.0, 1.0, 1.0, 1.0, 1.0, 1.0, 1.0, 1.0, 3.0, 1.0, 3.0, 3.0, 3.0, 1.0, 1.0, 1.0, 1.0, 1.0, 1.0, 1.0, 3.0], [2.0, 1.0, 1.0, 1.0, 1.0, 3.0, 3.0, 1.0, 1.0, 1.0, 1.0, 2.0, 1.0, 1.0, 1.0, 1.0, 1.0, 1.0, 1.0, 1.0, 1.0, 1.0, 1.0, 1.0, 1.0, 1.0, 1.0, 3.0, 1.0, 3.0, 3.0, 3.0, 1.0, 1.0, 1.0, 1.0, 1.0, 1.0, 1.0, 3.0], [2.0, 1.0, 1.0, 1.0, 1.0, 3.0, 1.0, 1.0, 1.0, 1.0, 1.0, 1.0, 1.0, 3.0, 1.0, 1.0, 1.0, 1.0, 1.0, 1.0, 1.0, 1.0, 1.0, 2.0, 1.0, 1.0, 1.0, 3.0, 1.0, 3.0, 3.0, 1.0, 1.0, 1.0, 1.0, 1.0, 2.0, 1.0, 1.0, 3.0], [2.0, 1.0, 1.0, 1.0, 1.0, 3.0, 1.0, 1.0, 1.0, 1.0, 1.0, 1.0, 1.0, 1.0, 1.0, 1.0, 1.0, 1.0, 1.0, 1.0, 1.0, 1.0, 1.0, 2.0, 1.0, 1.0, 1.0, 3.0, 1.0, 3.0, 3.0, 1.0, 1.0, 1.0, 1.0, 1.0, 1.0, 1.0, 1.0, 3.0], [2.0, 1.0, 1.0, 1.0, 1.0, 3.0, 1.0, 1.0, 1.0, 1.0, 1.0, 1.0, 1.0, 3.0, 1.0, 1.0, 2.0, 1.0, 3.0, 1.0, 1.0, 1.0, 1.0, 2.0, 1.0, 1.0, 1.0, 3.0, 1.0, 3.0, 3.0, 1.0, 1.0, 1.0, 1.0, 1.0, 1.0, 1.0, 1.0, 3.0]]

first layer check: Conv2d(6, 64, kernel_size=(7, 7), stride=(2, 2), padding=(3, 3), bias=False)

for model 2: mode acc: 0.699999988079071, run mean acc: 0.625, top-2 acc:0.857499897480011, mode f1: 0.699999988079071

model 2 mode preds
[2.0, 1.0, 1.0, 1.0, 1.0, 3.0, 1.0, 2.0, 1.0, 1.0, 1.0, 2.0, 2.0, 2.0, 1.0, 1.0, 2.0, 2.0, 2.0, 1.0, 0.0, 1.0, 1.0, 2.0, 1.0, 1.0, 1.0, 3.0, 1.0, 3.0, 3.0, 2.0, 1.0, 1.0, 1.0, 1.0, 2.0, 1.0, 1.0, 3.0]

model 2 all preds
[[2.0, 1.0, 1.0, 1.0, 2.0, 3.0, 1.0, 2.0, 1.0, 0.0, 1.0, 2.0, 2.0, 2.0, 1.0, 1.0, 2.0, 2.0, 3.0, 1.0, 0.0, 1.0, 1.0, 2.0, 2.0, 1.0, 1.0, 3.0, 1.0, 3.0, 2.0, 2.0, 1.0, 1.0, 1.0, 1.0, 1.0, 1.0, 0.0, 3.0], [2.0, 1.0, 1.0, 1.0, 1.0, 3.0, 1.0, 1.0, 1.0, 1.0, 1.0, 2.0, 2.0, 2.0, 2.0, 1.0, 2.0, 2.0, 1.0, 1.0, 0.0, 1.0, 1.0, 2.0, 2.0, 1.0, 1.0, 3.0, 1.0, 3.0, 3.0, 3.0, 1.0, 1.0, 1.0, 1.0, 2.0, 1.0, 0.0, 3.0], [2.0, 2.0, 1.0, 1.0, 2.0, 3.0, 2.0, 2.0, 1.0, 0.0, 1.0, 2.0, 2.0, 2.0, 1.0, 1.0, 2.0, 2.0, 1.0, 1.0, 0.0, 1.0, 1.0, 2.0, 1.0, 1.0, 1.0, 3.0, 1.0, 3.0, 3.0, 3.0, 1.0, 1.0, 1.0, 1.0, 2.0, 1.0, 1.0, 3.0], [2.0, 1.0, 1.0, 1.0, 1.0, 3.0, 1.0, 2.0, 1.0, 1.0, 1.0, 2.0, 2.0, 2.0, 1.0, 1.0, 2.0, 2.0, 2.0, 1.0, 0.0, 1.0, 1.0, 2.0, 1.0, 1.0, 1.0, 3.0, 1.0, 3.0, 3.0, 2.0, 1.0, 1.0, 1.0, 1.0, 2.0, 1.0, 1.0, 2.0], [2.0, 1.0, 1.0, 1.0, 2.0, 3.0, 2.0, 2.0, 1.0, 0.0, 1.0, 2.0, 2.0, 2.0, 1.0, 1.0, 2.0, 1.0, 2.0, 1.0, 0.0, 1.0, 1.0, 2.0, 2.0, 1.0, 1.0, 3.0, 0.0, 3.0, 3.0, 2.0, 1.0, 1.0, 1.0, 1.0, 2.0, 1.0, 1.0, 3.0], [2.0, 1.0, 1.0, 1.0, 1.0, 3.0, 2.0, 2.0, 1.0, 1.0, 1.0, 2.0, 2.0, 2.0, 1.0, 1.0, 2.0, 2.0, 1.0, 1.0, 1.0, 1.0, 1.0, 2.0, 2.0, 1.0, 1.0, 3.0, 1.0, 3.0, 3.0, 3.0, 1.0, 1.0, 1.0, 1.0, 2.0, 1.0, 0.0, 3.0], [2.0, 1.0, 1.0, 1.0, 2.0, 3.0, 1.0, 2.0, 1.0, 1.0, 1.0, 2.0, 2.0, 1.0, 1.0, 1.0, 2.0, 2.0, 2.0, 1.0, 0.0, 1.0, 1.0, 2.0, 1.0, 1.0, 1.0, 3.0, 0.0, 3.0, 3.0, 3.0, 1.0, 1.0, 1.0, 1.0, 2.0, 1.0, 0.0, 3.0], [2.0, 1.0, 1.0, 1.0, 2.0, 3.0, 1.0, 2.0, 1.0, 1.0, 1.0, 2.0, 2.0, 2.0, 2.0, 1.0, 2.0, 2.0, 1.0, 1.0, 0.0, 1.0, 1.0, 2.0, 1.0, 1.0, 1.0, 2.0, 1.0, 3.0, 3.0, 3.0, 1.0, 1.0, 1.0, 1.0, 2.0, 1.0, 1.0, 3.0], [2.0, 2.0, 1.0, 1.0, 1.0, 3.0, 2.0, 2.0, 1.0, 1.0, 1.0, 2.0, 2.0, 2.0, 2.0, 1.0, 2.0, 2.0, 2.0, 1.0, 0.0, 1.0, 1.0, 2.0, 1.0, 1.0, 1.0, 3.0, 0.0, 3.0, 3.0, 3.0, 1.0, 1.0, 1.0, 1.0, 2.0, 1.0, 1.0, 3.0], [2.0, 1.0, 1.0, 1.0, 1.0, 3.0, 1.0, 2.0, 1.0, 1.0, 1.0, 2.0, 2.0, 2.0, 1.0, 1.0, 2.0, 2.0, 1.0, 1.0, 0.0, 1.0, 1.0, 2.0, 1.0, 1.0, 1.0, 2.0, 1.0, 3.0, 3.0, 3.0, 1.0, 1.0, 1.0, 1.0, 2.0, 1.0, 1.0, 3.0], [2.0, 1.0, 1.0, 1.0, 2.0, 3.0, 1.0, 2.0, 1.0, 1.0, 1.0, 1.0, 2.0, 2.0, 2.0, 2.0, 2.0, 2.0, 2.0, 1.0, 0.0, 1.0, 1.0, 2.0, 1.0, 1.0, 1.0, 3.0, 1.0, 3.0, 3.0, 2.0, 1.0, 1.0, 1.0, 1.0, 2.0, 1.0, 0.0, 3.0], [2.0, 1.0, 1.0, 1.0, 1.0, 3.0, 1.0, 2.0, 1.0, 1.0, 1.0, 2.0, 2.0, 3.0, 2.0, 1.0, 2.0, 2.0, 2.0, 1.0, 1.0, 1.0, 1.0, 2.0, 2.0, 1.0, 1.0, 2.0, 1.0, 3.0, 3.0, 2.0, 1.0, 1.0, 1.0, 1.0, 2.0, 1.0, 0.0, 3.0], [2.0, 2.0, 1.0, 1.0, 1.0, 3.0, 1.0, 2.0, 1.0, 1.0, 1.0, 2.0, 2.0, 1.0, 1.0, 1.0, 2.0, 2.0, 1.0, 1.0, 0.0, 1.0, 1.0, 2.0, 2.0, 1.0, 1.0, 3.0, 1.0, 3.0, 3.0, 2.0, 1.0, 1.0, 1.0, 1.0, 2.0, 1.0, 1.0, 3.0], [2.0, 1.0, 1.0, 1.0, 1.0, 3.0, 1.0, 2.0, 1.0, 1.0, 1.0, 2.0, 2.0, 2.0, 1.0, 1.0, 2.0, 2.0, 2.0, 1.0, 0.0, 1.0, 1.0, 2.0, 1.0, 1.0, 1.0, 3.0, 1.0, 3.0, 3.0, 2.0, 1.0, 1.0, 1.0, 1.0, 2.0, 1.0, 1.0, 3.0], [2.0, 1.0, 1.0, 1.0, 1.0, 3.0, 2.0, 2.0, 1.0, 0.0, 1.0, 1.0, 2.0, 2.0, 1.0, 1.0, 2.0, 2.0, 2.0, 1.0, 0.0, 1.0, 1.0, 2.0, 2.0, 1.0, 1.0, 3.0, 1.0, 3.0, 3.0, 3.0, 1.0, 1.0, 1.0, 1.0, 2.0, 1.0, 1.0, 3.0], [2.0, 2.0, 1.0, 1.0, 2.0, 3.0, 1.0, 2.0, 0.0, 1.0, 1.0, 2.0, 2.0, 2.0, 2.0, 2.0, 2.0, 1.0, 2.0, 1.0, 0.0, 1.0, 1.0, 2.0, 1.0, 1.0, 1.0, 2.0, 1.0, 3.0, 3.0, 3.0, 1.0, 1.0, 1.0, 1.0, 2.0, 1.0, 1.0, 3.0], [2.0, 2.0, 1.0, 1.0, 2.0, 3.0, 2.0, 2.0, 0.0, 1.0, 1.0, 1.0, 2.0, 2.0, 2.0, 1.0, 2.0, 2.0, 2.0, 1.0, 0.0, 1.0, 1.0, 2.0, 1.0, 1.0, 1.0, 3.0, 1.0, 3.0, 3.0, 2.0, 1.0, 1.0, 1.0, 1.0, 2.0, 1.0, 1.0, 3.0], [2.0, 1.0, 1.0, 1.0, 1.0, 3.0, 1.0, 2.0, 1.0, 1.0, 1.0, 1.0, 2.0, 2.0, 1.0, 1.0, 2.0, 2.0, 1.0, 1.0, 0.0, 1.0, 1.0, 2.0, 2.0, 1.0, 1.0, 3.0, 1.0, 3.0, 1.0, 2.0, 1.0, 1.0, 1.0, 1.0, 2.0, 1.0, 1.0, 3.0], [2.0, 2.0, 1.0, 1.0, 1.0, 3.0, 1.0, 2.0, 1.0, 1.0, 1.0, 2.0, 2.0, 2.0, 2.0, 1.0, 2.0, 1.0, 2.0, 1.0, 0.0, 1.0, 1.0, 2.0, 2.0, 1.0, 1.0, 3.0, 1.0, 3.0, 3.0, 3.0, 1.0, 1.0, 1.0, 1.0, 2.0, 1.0, 0.0, 3.0], [2.0, 1.0, 1.0, 1.0, 2.0, 3.0, 3.0, 2.0, 1.0, 1.0, 1.0, 1.0, 2.0, 1.0, 1.0, 1.0, 2.0, 2.0, 2.0, 1.0, 0.0, 1.0, 1.0, 2.0, 1.0, 1.0, 1.0, 3.0, 1.0, 3.0, 3.0, 3.0, 1.0, 1.0, 1.0, 1.0, 2.0, 1.0, 0.0, 2.0], [2.0, 1.0, 1.0, 1.0, 2.0, 3.0, 1.0, 2.0, 1.0, 1.0, 1.0, 2.0, 2.0, 2.0, 1.0, 1.0, 2.0, 2.0, 3.0, 1.0, 0.0, 1.0, 1.0, 2.0, 2.0, 1.0, 1.0, 3.0, 0.0, 3.0, 2.0, 3.0, 2.0, 1.0, 1.0, 1.0, 2.0, 1.0, 1.0, 3.0], [2.0, 2.0, 1.0, 1.0, 2.0, 3.0, 1.0, 1.0, 1.0, 1.0, 1.0, 2.0, 2.0, 2.0, 2.0, 1.0, 2.0, 2.0, 2.0, 1.0, 0.0, 1.0, 1.0, 2.0, 2.0, 1.0, 1.0, 3.0, 1.0, 3.0, 2.0, 3.0, 1.0, 1.0, 1.0, 1.0, 2.0, 1.0, 1.0, 2.0], [2.0, 1.0, 1.0, 1.0, 1.0, 3.0, 1.0, 2.0, 1.0, 1.0, 1.0, 2.0, 2.0, 2.0, 2.0, 1.0, 2.0, 2.0, 3.0, 1.0, 0.0, 1.0, 1.0, 2.0, 1.0, 1.0, 1.0, 3.0, 1.0, 3.0, 2.0, 1.0, 1.0, 1.0, 1.0, 1.0, 2.0, 1.0, 1.0, 3.0], [2.0, 1.0, 1.0, 1.0, 1.0, 3.0, 1.0, 2.0, 1.0, 0.0, 1.0, 2.0, 2.0, 2.0, 1.0, 1.0, 2.0, 2.0, 2.0, 1.0, 0.0, 1.0, 1.0, 2.0, 2.0, 1.0, 1.0, 3.0, 1.0, 3.0, 3.0, 3.0, 1.0, 1.0, 1.0, 1.0, 2.0, 1.0, 1.0, 3.0], [2.0, 1.0, 1.0, 1.0, 1.0, 3.0, 1.0, 2.0, 1.0, 1.0, 1.0, 2.0, 2.0, 2.0, 2.0, 1.0, 2.0, 2.0, 1.0, 1.0, 0.0, 1.0, 1.0, 2.0, 1.0, 1.0, 1.0, 3.0, 1.0, 3.0, 3.0, 3.0, 1.0, 1.0, 1.0, 1.0, 1.0, 1.0, 1.0, 2.0], [2.0, 2.0, 1.0, 1.0, 1.0, 3.0, 1.0, 2.0, 1.0, 0.0, 1.0, 2.0, 2.0, 2.0, 1.0, 1.0, 2.0, 2.0, 2.0, 1.0, 0.0, 1.0, 1.0, 2.0, 1.0, 1.0, 1.0, 3.0, 0.0, 3.0, 3.0, 2.0, 1.0, 1.0, 1.0, 1.0, 2.0, 1.0, 1.0, 3.0], [2.0, 1.0, 1.0, 1.0, 2.0, 3.0, 1.0, 2.0, 0.0, 1.0, 1.0, 2.0, 2.0, 2.0, 2.0, 1.0, 2.0, 2.0, 2.0, 1.0, 0.0, 1.0, 1.0, 2.0, 2.0, 1.0, 1.0, 2.0, 1.0, 3.0, 3.0, 2.0, 1.0, 1.0, 1.0, 1.0, 2.0, 1.0, 1.0, 3.0], [2.0, 1.0, 1.0, 1.0, 1.0, 3.0, 1.0, 1.0, 1.0, 0.0, 1.0, 2.0, 2.0, 2.0, 1.0, 1.0, 2.0, 2.0, 2.0, 1.0, 0.0, 1.0, 1.0, 2.0, 1.0, 1.0, 1.0, 3.0, 1.0, 3.0, 3.0, 2.0, 1.0, 1.0, 1.0, 1.0, 1.0, 1.0, 1.0, 3.0], [2.0, 1.0, 1.0, 1.0, 2.0, 3.0, 3.0, 1.0, 1.0, 0.0, 1.0, 1.0, 2.0, 2.0, 2.0, 1.0, 2.0, 2.0, 1.0, 1.0, 0.0, 1.0, 1.0, 2.0, 1.0, 1.0, 1.0, 3.0, 1.0, 3.0, 3.0, 3.0, 1.0, 1.0, 1.0, 1.0, 2.0, 1.0, 0.0, 3.0], [2.0, 1.0, 1.0, 1.0, 1.0, 3.0, 3.0, 1.0, 1.0, 1.0, 1.0, 2.0, 2.0, 1.0, 1.0, 1.0, 2.0, 2.0, 1.0, 1.0, 0.0, 1.0, 1.0, 2.0, 1.0, 1.0, 1.0, 3.0, 1.0, 3.0, 3.0, 2.0, 1.0, 1.0, 1.0, 1.0, 1.0, 1.0, 0.0, 3.0], [2.0, 2.0, 1.0, 1.0, 1.0, 3.0, 1.0, 2.0, 1.0, 1.0, 2.0, 2.0, 2.0, 3.0, 1.0, 1.0, 2.0, 2.0, 2.0, 1.0, 0.0, 1.0, 1.0, 2.0, 1.0, 1.0, 1.0, 2.0, 1.0, 3.0, 3.0, 2.0, 1.0, 1.0, 1.0, 1.0, 2.0, 1.0, 1.0, 3.0], [2.0, 1.0, 1.0, 1.0, 1.0, 3.0, 1.0, 2.0, 0.0, 0.0, 1.0, 2.0, 2.0, 2.0, 1.0, 1.0, 2.0, 2.0, 2.0, 1.0, 0.0, 1.0, 1.0, 2.0, 2.0, 1.0, 1.0, 3.0, 0.0, 3.0, 3.0, 3.0, 1.0, 1.0, 1.0, 1.0, 2.0, 1.0, 1.0, 3.0], [2.0, 1.0, 1.0, 1.0, 2.0, 2.0, 1.0, 2.0, 1.0, 0.0, 1.0, 2.0, 2.0, 1.0, 1.0, 1.0, 2.0, 2.0, 3.0, 1.0, 0.0, 1.0, 1.0, 2.0, 1.0, 1.0, 1.0, 3.0, 1.0, 3.0, 3.0, 3.0, 1.0, 1.0, 1.0, 1.0, 2.0, 1.0, 1.0, 3.0], [2.0, 1.0, 1.0, 1.0, 1.0, 3.0, 1.0, 2.0, 1.0, 0.0, 1.0, 1.0, 2.0, 2.0, 1.0, 1.0, 2.0, 2.0, 2.0, 1.0, 0.0, 1.0, 1.0, 2.0, 1.0, 1.0, 1.0, 2.0, 0.0, 3.0, 2.0, 2.0, 1.0, 1.0, 1.0, 1.0, 2.0, 1.0, 1.0, 3.0], [2.0, 1.0, 1.0, 1.0, 2.0, 3.0, 1.0, 1.0, 1.0, 1.0, 1.0, 1.0, 2.0, 2.0, 1.0, 1.0, 2.0, 2.0, 1.0, 1.0, 1.0, 1.0, 1.0, 2.0, 1.0, 1.0, 1.0, 3.0, 1.0, 3.0, 2.0, 2.0, 1.0, 1.0, 1.0, 1.0, 2.0, 1.0, 0.0, 3.0], [2.0, 1.0, 1.0, 1.0, 2.0, 3.0, 2.0, 1.0, 1.0, 1.0, 1.0, 2.0, 2.0, 2.0, 1.0, 1.0, 2.0, 2.0, 1.0, 1.0, 0.0, 1.0, 1.0, 2.0, 2.0, 1.0, 1.0, 3.0, 1.0, 3.0, 3.0, 3.0, 1.0, 1.0, 1.0, 1.0, 2.0, 1.0, 1.0, 3.0], [2.0, 1.0, 1.0, 1.0, 1.0, 3.0, 3.0, 2.0, 1.0, 0.0, 1.0, 2.0, 2.0, 1.0, 1.0, 1.0, 2.0, 2.0, 2.0, 1.0, 1.0, 1.0, 1.0, 2.0, 2.0, 1.0, 1.0, 3.0, 1.0, 3.0, 2.0, 2.0, 1.0, 1.0, 1.0, 1.0, 2.0, 1.0, 1.0, 3.0], [2.0, 1.0, 1.0, 1.0, 1.0, 3.0, 2.0, 2.0, 1.0, 1.0, 1.0, 2.0, 2.0, 2.0, 2.0, 1.0, 2.0, 2.0, 1.0, 1.0, 0.0, 1.0, 1.0, 2.0, 2.0, 1.0, 1.0, 3.0, 1.0, 3.0, 3.0, 3.0, 1.0, 1.0, 1.0, 1.0, 2.0, 1.0, 1.0, 2.0], [2.0, 1.0, 1.0, 1.0, 2.0, 3.0, 1.0, 2.0, 1.0, 0.0, 1.0, 2.0, 2.0, 2.0, 2.0, 1.0, 2.0, 2.0, 2.0, 1.0, 0.0, 1.0, 1.0, 2.0, 1.0, 1.0, 1.0, 3.0, 1.0, 3.0, 3.0, 3.0, 1.0, 1.0, 1.0, 1.0, 2.0, 1.0, 0.0, 3.0], [2.0, 1.0, 1.0, 1.0, 2.0, 3.0, 1.0, 2.0, 1.0, 1.0, 1.0, 2.0, 2.0, 1.0, 1.0, 1.0, 2.0, 1.0, 1.0, 1.0, 0.0, 1.0, 1.0, 2.0, 1.0, 1.0, 1.0, 3.0, 1.0, 3.0, 3.0, 2.0, 1.0, 1.0, 1.0, 1.0, 2.0, 1.0, 0.0, 3.0], [2.0, 1.0, 1.0, 1.0, 1.0, 3.0, 1.0, 1.0, 0.0, 1.0, 1.0, 2.0, 2.0, 2.0, 1.0, 1.0, 2.0, 2.0, 2.0, 1.0, 0.0, 1.0, 1.0, 2.0, 1.0, 1.0, 1.0, 3.0, 1.0, 3.0, 3.0, 2.0, 1.0, 1.0, 1.0, 1.0, 2.0, 1.0, 0.0, 2.0], [2.0, 1.0, 1.0, 1.0, 1.0, 3.0, 1.0, 2.0, 1.0, 1.0, 1.0, 2.0, 2.0, 1.0, 2.0, 1.0, 2.0, 2.0, 3.0, 1.0, 1.0, 1.0, 1.0, 2.0, 1.0, 1.0, 1.0, 3.0, 1.0, 3.0, 3.0, 2.0, 1.0, 1.0, 1.0, 1.0, 1.0, 1.0, 1.0, 2.0], [2.0, 1.0, 1.0, 1.0, 1.0, 3.0, 1.0, 2.0, 0.0, 1.0, 2.0, 2.0, 2.0, 2.0, 1.0, 1.0, 2.0, 2.0, 2.0, 1.0, 0.0, 1.0, 1.0, 2.0, 2.0, 1.0, 1.0, 3.0, 1.0, 3.0, 3.0, 2.0, 1.0, 1.0, 1.0, 1.0, 1.0, 1.0, 1.0, 3.0], [2.0, 1.0, 1.0, 1.0, 1.0, 3.0, 1.0, 1.0, 1.0, 1.0, 1.0, 2.0, 2.0, 2.0, 2.0, 1.0, 2.0, 2.0, 2.0, 1.0, 0.0, 1.0, 1.0, 2.0, 1.0, 1.0, 1.0, 3.0, 0.0, 3.0, 3.0, 2.0, 1.0, 1.0, 1.0, 1.0, 2.0, 1.0, 1.0, 3.0], [2.0, 1.0, 1.0, 1.0, 2.0, 3.0, 2.0, 2.0, 1.0, 1.0, 1.0, 2.0, 2.0, 2.0, 2.0, 1.0, 2.0, 2.0, 2.0, 1.0, 0.0, 1.0, 1.0, 2.0, 2.0, 1.0, 1.0, 3.0, 1.0, 3.0, 2.0, 3.0, 1.0, 1.0, 1.0, 1.0, 2.0, 1.0, 1.0, 3.0], [2.0, 1.0, 1.0, 1.0, 1.0, 3.0, 1.0, 2.0, 1.0, 1.0, 1.0, 2.0, 2.0, 2.0, 1.0, 1.0, 2.0, 2.0, 2.0, 1.0, 0.0, 1.0, 1.0, 2.0, 1.0, 1.0, 1.0, 3.0, 1.0, 3.0, 3.0, 2.0, 1.0, 1.0, 1.0, 1.0, 2.0, 1.0, 0.0, 3.0], [2.0, 1.0, 1.0, 1.0, 1.0, 3.0, 1.0, 2.0, 0.0, 1.0, 1.0, 1.0, 2.0, 3.0, 1.0, 1.0, 2.0, 2.0, 3.0, 1.0, 0.0, 1.0, 1.0, 2.0, 2.0, 1.0, 1.0, 3.0, 0.0, 3.0, 3.0, 2.0, 1.0, 1.0, 1.0, 1.0, 2.0, 1.0, 1.0, 3.0], [2.0, 0.0, 1.0, 1.0, 1.0, 3.0, 1.0, 2.0, 1.0, 1.0, 2.0, 2.0, 2.0, 2.0, 2.0, 1.0, 2.0, 2.0, 2.0, 1.0, 0.0, 1.0, 1.0, 2.0, 2.0, 1.0, 1.0, 3.0, 1.0, 3.0, 3.0, 2.0, 1.0, 1.0, 1.0, 1.0, 2.0, 1.0, 1.0, 3.0], [2.0, 1.0, 1.0, 1.0, 1.0, 3.0, 2.0, 2.0, 1.0, 1.0, 1.0, 2.0, 2.0, 2.0, 1.0, 2.0, 2.0, 2.0, 3.0, 1.0, 1.0, 1.0, 1.0, 2.0, 1.0, 1.0, 1.0, 3.0, 1.0, 3.0, 3.0, 2.0, 1.0, 1.0, 1.0, 1.0, 2.0, 1.0, 0.0, 3.0], [2.0, 1.0, 1.0, 1.0, 1.0, 3.0, 1.0, 1.0, 1.0, 1.0, 1.0, 2.0, 2.0, 2.0, 1.0, 1.0, 2.0, 2.0, 2.0, 1.0, 0.0, 1.0, 1.0, 2.0, 2.0, 1.0, 1.0, 3.0, 0.0, 3.0, 3.0, 1.0, 1.0, 1.0, 1.0, 1.0, 2.0, 1.0, 1.0, 3.0]]

first layer check: Conv2d(6, 64, kernel_size=(7, 7), stride=(2, 2), padding=(3, 3), bias=False)

for model 3: mode acc: 0.625, run mean acc: 0.6474999785423279, top-2 acc:0.87458336353302, mode f1: 0.625

model 3 mode preds
[2.0, 1.0, 1.0, 1.0, 1.0, 3.0, 3.0, 1.0, 1.0, 1.0, 1.0, 2.0, 2.0, 3.0, 1.0, 1.0, 2.0, 1.0, 3.0, 1.0, 1.0, 1.0, 1.0, 2.0, 1.0, 1.0, 1.0, 3.0, 1.0, 3.0, 3.0, 2.0, 1.0, 1.0, 1.0, 1.0, 2.0, 1.0, 1.0, 3.0]

model 3 all preds
[[2.0, 1.0, 1.0, 1.0, 1.0, 3.0, 3.0, 1.0, 1.0, 1.0, 1.0, 2.0, 2.0, 3.0, 2.0, 2.0, 1.0, 2.0, 2.0, 1.0, 1.0, 1.0, 1.0, 2.0, 1.0, 1.0, 1.0, 3.0, 1.0, 3.0, 3.0, 3.0, 1.0, 1.0, 1.0, 1.0, 2.0, 1.0, 1.0, 3.0], [2.0, 1.0, 1.0, 1.0, 1.0, 3.0, 3.0, 2.0, 1.0, 1.0, 1.0, 2.0, 2.0, 2.0, 2.0, 1.0, 2.0, 1.0, 2.0, 1.0, 1.0, 1.0, 1.0, 2.0, 1.0, 1.0, 1.0, 3.0, 1.0, 3.0, 2.0, 2.0, 1.0, 1.0, 1.0, 1.0, 2.0, 1.0, 1.0, 3.0], [2.0, 1.0, 1.0, 1.0, 1.0, 3.0, 2.0, 1.0, 1.0, 1.0, 1.0, 2.0, 2.0, 2.0, 1.0, 2.0, 2.0, 1.0, 2.0, 1.0, 1.0, 1.0, 1.0, 2.0, 1.0, 1.0, 1.0, 3.0, 1.0, 3.0, 3.0, 2.0, 1.0, 1.0, 1.0, 1.0, 2.0, 1.0, 1.0, 3.0], [2.0, 1.0, 1.0, 1.0, 1.0, 3.0, 3.0, 2.0, 1.0, 1.0, 1.0, 2.0, 2.0, 3.0, 1.0, 2.0, 2.0, 1.0, 3.0, 1.0, 1.0, 1.0, 1.0, 2.0, 1.0, 1.0, 1.0, 3.0, 1.0, 3.0, 2.0, 2.0, 1.0, 1.0, 1.0, 1.0, 2.0, 1.0, 1.0, 3.0], [2.0, 1.0, 1.0, 1.0, 1.0, 3.0, 2.0, 1.0, 1.0, 1.0, 1.0, 2.0, 2.0, 2.0, 2.0, 1.0, 1.0, 1.0, 3.0, 1.0, 1.0, 1.0, 1.0, 2.0, 1.0, 1.0, 1.0, 3.0, 1.0, 3.0, 3.0, 3.0, 1.0, 1.0, 1.0, 1.0, 2.0, 1.0, 1.0, 3.0], [2.0, 1.0, 1.0, 1.0, 1.0, 3.0, 3.0, 1.0, 1.0, 1.0, 1.0, 1.0, 2.0, 3.0, 2.0, 1.0, 3.0, 1.0, 2.0, 1.0, 1.0, 1.0, 1.0, 2.0, 1.0, 1.0, 1.0, 3.0, 1.0, 3.0, 3.0, 3.0, 1.0, 1.0, 1.0, 1.0, 2.0, 1.0, 1.0, 3.0], [2.0, 1.0, 1.0, 1.0, 1.0, 3.0, 2.0, 2.0, 1.0, 1.0, 1.0, 1.0, 2.0, 2.0, 1.0, 1.0, 1.0, 2.0, 2.0, 1.0, 1.0, 1.0, 1.0, 2.0, 1.0, 1.0, 1.0, 3.0, 1.0, 3.0, 2.0, 3.0, 1.0, 1.0, 1.0, 1.0, 2.0, 1.0, 1.0, 3.0], [2.0, 1.0, 1.0, 1.0, 1.0, 3.0, 3.0, 1.0, 1.0, 1.0, 1.0, 2.0, 2.0, 3.0, 2.0, 1.0, 2.0, 1.0, 1.0, 1.0, 1.0, 1.0, 1.0, 2.0, 1.0, 1.0, 1.0, 3.0, 1.0, 3.0, 3.0, 2.0, 1.0, 1.0, 1.0, 1.0, 2.0, 1.0, 1.0, 3.0], [2.0, 1.0, 1.0, 1.0, 1.0, 3.0, 2.0, 1.0, 1.0, 1.0, 1.0, 1.0, 2.0, 3.0, 1.0, 1.0, 1.0, 1.0, 2.0, 1.0, 1.0, 1.0, 1.0, 2.0, 1.0, 1.0, 1.0, 3.0, 1.0, 3.0, 3.0, 2.0, 1.0, 1.0, 1.0, 1.0, 2.0, 1.0, 1.0, 3.0], [2.0, 1.0, 1.0, 1.0, 1.0, 3.0, 2.0, 1.0, 1.0, 1.0, 1.0, 2.0, 2.0, 3.0, 1.0, 1.0, 2.0, 1.0, 3.0, 1.0, 1.0, 1.0, 1.0, 2.0, 1.0, 1.0, 1.0, 3.0, 1.0, 3.0, 3.0, 2.0, 1.0, 1.0, 1.0, 1.0, 2.0, 1.0, 1.0, 3.0], [2.0, 1.0, 1.0, 1.0, 1.0, 3.0, 3.0, 1.0, 1.0, 1.0, 1.0, 2.0, 2.0, 2.0, 2.0, 1.0, 2.0, 2.0, 3.0, 1.0, 1.0, 1.0, 1.0, 2.0, 1.0, 1.0, 1.0, 3.0, 1.0, 3.0, 3.0, 2.0, 1.0, 1.0, 1.0, 1.0, 2.0, 1.0, 1.0, 3.0], [2.0, 1.0, 1.0, 1.0, 1.0, 3.0, 3.0, 2.0, 1.0, 1.0, 1.0, 1.0, 2.0, 2.0, 2.0, 1.0, 3.0, 1.0, 2.0, 1.0, 1.0, 1.0, 1.0, 2.0, 1.0, 1.0, 1.0, 3.0, 1.0, 3.0, 2.0, 2.0, 1.0, 1.0, 1.0, 1.0, 2.0, 1.0, 1.0, 3.0], [2.0, 1.0, 1.0, 1.0, 1.0, 3.0, 3.0, 1.0, 1.0, 1.0, 1.0, 2.0, 2.0, 2.0, 2.0, 1.0, 2.0, 1.0, 3.0, 1.0, 1.0, 1.0, 1.0, 2.0, 1.0, 1.0, 1.0, 3.0, 1.0, 3.0, 2.0, 2.0, 1.0, 1.0, 1.0, 1.0, 2.0, 1.0, 1.0, 3.0], [2.0, 1.0, 1.0, 1.0, 1.0, 3.0, 2.0, 2.0, 1.0, 1.0, 1.0, 2.0, 2.0, 3.0, 2.0, 1.0, 1.0, 1.0, 2.0, 1.0, 1.0, 1.0, 1.0, 2.0, 1.0, 1.0, 1.0, 3.0, 1.0, 3.0, 3.0, 2.0, 1.0, 1.0, 1.0, 1.0, 2.0, 1.0, 1.0, 3.0], [2.0, 1.0, 1.0, 1.0, 1.0, 3.0, 3.0, 1.0, 1.0, 1.0, 1.0, 2.0, 2.0, 2.0, 1.0, 1.0, 2.0, 1.0, 2.0, 1.0, 1.0, 1.0, 1.0, 2.0, 1.0, 1.0, 1.0, 3.0, 1.0, 3.0, 3.0, 2.0, 1.0, 1.0, 1.0, 1.0, 2.0, 1.0, 1.0, 2.0], [2.0, 1.0, 1.0, 1.0, 1.0, 3.0, 3.0, 1.0, 1.0, 1.0, 1.0, 2.0, 2.0, 3.0, 2.0, 1.0, 2.0, 1.0, 3.0, 1.0, 1.0, 1.0, 1.0, 2.0, 1.0, 1.0, 1.0, 3.0, 1.0, 3.0, 2.0, 2.0, 1.0, 1.0, 1.0, 1.0, 2.0, 1.0, 1.0, 3.0], [2.0, 1.0, 1.0, 1.0, 1.0, 3.0, 2.0, 1.0, 1.0, 1.0, 1.0, 2.0, 2.0, 3.0, 1.0, 1.0, 1.0, 2.0, 2.0, 1.0, 1.0, 1.0, 1.0, 3.0, 1.0, 1.0, 1.0, 3.0, 1.0, 3.0, 2.0, 2.0, 1.0, 1.0, 1.0, 1.0, 2.0, 1.0, 1.0, 3.0], [2.0, 1.0, 1.0, 1.0, 1.0, 3.0, 3.0, 2.0, 1.0, 1.0, 1.0, 2.0, 2.0, 3.0, 2.0, 1.0, 3.0, 1.0, 2.0, 1.0, 1.0, 1.0, 1.0, 2.0, 1.0, 1.0, 1.0, 3.0, 1.0, 3.0, 3.0, 3.0, 1.0, 1.0, 1.0, 1.0, 2.0, 1.0, 1.0, 3.0], [2.0, 1.0, 1.0, 1.0, 1.0, 3.0, 3.0, 1.0, 1.0, 1.0, 1.0, 2.0, 2.0, 2.0, 1.0, 1.0, 1.0, 2.0, 3.0, 1.0, 1.0, 1.0, 1.0, 2.0, 1.0, 1.0, 1.0, 3.0, 1.0, 3.0, 3.0, 2.0, 1.0, 1.0, 1.0, 1.0, 2.0, 1.0, 1.0, 3.0], [2.0, 1.0, 1.0, 1.0, 1.0, 3.0, 2.0, 1.0, 1.0, 1.0, 1.0, 1.0, 2.0, 2.0, 1.0, 1.0, 2.0, 1.0, 1.0, 1.0, 1.0, 1.0, 1.0, 2.0, 1.0, 1.0, 1.0, 3.0, 1.0, 3.0, 3.0, 2.0, 1.0, 1.0, 1.0, 1.0, 1.0, 1.0, 1.0, 3.0], [2.0, 1.0, 1.0, 1.0, 1.0, 3.0, 2.0, 2.0, 1.0, 1.0, 1.0, 2.0, 2.0, 3.0, 2.0, 1.0, 2.0, 1.0, 3.0, 1.0, 1.0, 1.0, 1.0, 2.0, 1.0, 1.0, 1.0, 3.0, 1.0, 3.0, 3.0, 2.0, 1.0, 1.0, 1.0, 1.0, 2.0, 1.0, 1.0, 3.0], [2.0, 1.0, 1.0, 1.0, 1.0, 3.0, 2.0, 1.0, 1.0, 1.0, 1.0, 2.0, 2.0, 3.0, 1.0, 2.0, 2.0, 2.0, 3.0, 1.0, 1.0, 1.0, 1.0, 2.0, 1.0, 1.0, 1.0, 3.0, 1.0, 3.0, 3.0, 3.0, 1.0, 1.0, 1.0, 1.0, 2.0, 1.0, 1.0, 2.0], [2.0, 1.0, 1.0, 1.0, 1.0, 3.0, 2.0, 2.0, 1.0, 1.0, 1.0, 2.0, 2.0, 2.0, 1.0, 1.0, 2.0, 2.0, 3.0, 1.0, 1.0, 1.0, 1.0, 3.0, 1.0, 1.0, 1.0, 3.0, 1.0, 3.0, 2.0, 2.0, 1.0, 1.0, 1.0, 1.0, 2.0, 1.0, 1.0, 3.0], [2.0, 1.0, 1.0, 1.0, 1.0, 3.0, 3.0, 1.0, 1.0, 1.0, 1.0, 2.0, 2.0, 3.0, 2.0, 1.0, 2.0, 2.0, 3.0, 1.0, 1.0, 1.0, 1.0, 2.0, 1.0, 1.0, 1.0, 3.0, 1.0, 3.0, 2.0, 3.0, 1.0, 1.0, 1.0, 1.0, 2.0, 1.0, 1.0, 3.0], [2.0, 1.0, 1.0, 1.0, 1.0, 3.0, 2.0, 1.0, 1.0, 1.0, 1.0, 2.0, 2.0, 2.0, 1.0, 1.0, 2.0, 1.0, 3.0, 1.0, 1.0, 1.0, 1.0, 2.0, 1.0, 1.0, 1.0, 3.0, 1.0, 3.0, 3.0, 3.0, 1.0, 1.0, 1.0, 1.0, 2.0, 1.0, 1.0, 3.0], [2.0, 1.0, 1.0, 1.0, 1.0, 3.0, 3.0, 1.0, 1.0, 1.0, 1.0, 1.0, 2.0, 2.0, 1.0, 1.0, 2.0, 2.0, 3.0, 1.0, 1.0, 1.0, 1.0, 2.0, 1.0, 1.0, 1.0, 3.0, 1.0, 3.0, 2.0, 2.0, 1.0, 1.0, 1.0, 1.0, 2.0, 1.0, 1.0, 3.0], [2.0, 1.0, 1.0, 1.0, 1.0, 3.0, 2.0, 1.0, 1.0, 1.0, 1.0, 2.0, 2.0, 3.0, 2.0, 1.0, 2.0, 2.0, 2.0, 1.0, 1.0, 1.0, 1.0, 2.0, 1.0, 1.0, 1.0, 3.0, 1.0, 3.0, 3.0, 2.0, 1.0, 1.0, 1.0, 1.0, 2.0, 1.0, 1.0, 3.0], [2.0, 1.0, 1.0, 1.0, 1.0, 3.0, 3.0, 2.0, 1.0, 1.0, 1.0, 2.0, 2.0, 3.0, 1.0, 1.0, 3.0, 2.0, 2.0, 1.0, 1.0, 1.0, 1.0, 1.0, 1.0, 1.0, 1.0, 3.0, 1.0, 3.0, 3.0, 2.0, 1.0, 1.0, 1.0, 1.0, 2.0, 1.0, 1.0, 3.0], [2.0, 1.0, 1.0, 1.0, 1.0, 3.0, 2.0, 1.0, 1.0, 1.0, 1.0, 2.0, 2.0, 3.0, 2.0, 2.0, 3.0, 2.0, 3.0, 1.0, 1.0, 1.0, 1.0, 2.0, 1.0, 1.0, 1.0, 3.0, 1.0, 3.0, 3.0, 3.0, 1.0, 1.0, 1.0, 1.0, 2.0, 1.0, 1.0, 3.0], [2.0, 1.0, 1.0, 1.0, 1.0, 3.0, 2.0, 1.0, 1.0, 1.0, 1.0, 2.0, 2.0, 3.0, 1.0, 2.0, 2.0, 1.0, 3.0, 1.0, 1.0, 1.0, 1.0, 2.0, 1.0, 1.0, 1.0, 3.0, 1.0, 3.0, 3.0, 3.0, 1.0, 1.0, 1.0, 1.0, 2.0, 1.0, 1.0, 2.0], [2.0, 1.0, 1.0, 1.0, 1.0, 3.0, 2.0, 1.0, 1.0, 1.0, 1.0, 2.0, 2.0, 2.0, 1.0, 1.0, 2.0, 2.0, 3.0, 1.0, 1.0, 1.0, 1.0, 3.0, 1.0, 1.0, 1.0, 3.0, 1.0, 3.0, 3.0, 2.0, 1.0, 1.0, 1.0, 1.0, 2.0, 1.0, 1.0, 3.0], [2.0, 1.0, 1.0, 1.0, 1.0, 3.0, 2.0, 2.0, 1.0, 1.0, 1.0, 1.0, 2.0, 2.0, 2.0, 1.0, 2.0, 1.0, 2.0, 1.0, 1.0, 1.0, 1.0, 2.0, 1.0, 1.0, 1.0, 3.0, 1.0, 3.0, 3.0, 3.0, 1.0, 1.0, 1.0, 1.0, 2.0, 1.0, 1.0, 3.0], [2.0, 1.0, 1.0, 1.0, 1.0, 3.0, 2.0, 2.0, 1.0, 1.0, 1.0, 2.0, 2.0, 3.0, 1.0, 1.0, 3.0, 2.0, 3.0, 1.0, 1.0, 1.0, 1.0, 2.0, 1.0, 1.0, 1.0, 3.0, 1.0, 3.0, 2.0, 3.0, 1.0, 1.0, 1.0, 1.0, 2.0, 1.0, 1.0, 3.0], [2.0, 1.0, 1.0, 1.0, 1.0, 3.0, 3.0, 1.0, 1.0, 1.0, 1.0, 2.0, 2.0, 3.0, 1.0, 2.0, 3.0, 1.0, 3.0, 1.0, 1.0, 1.0, 1.0, 2.0, 1.0, 1.0, 1.0, 3.0, 1.0, 3.0, 3.0, 2.0, 1.0, 1.0, 1.0, 1.0, 2.0, 1.0, 1.0, 3.0], [2.0, 1.0, 1.0, 1.0, 1.0, 3.0, 1.0, 1.0, 1.0, 1.0, 1.0, 1.0, 2.0, 2.0, 2.0, 1.0, 2.0, 2.0, 2.0, 1.0, 1.0, 1.0, 1.0, 2.0, 1.0, 1.0, 1.0, 3.0, 1.0, 3.0, 2.0, 2.0, 1.0, 1.0, 1.0, 1.0, 2.0, 1.0, 1.0, 3.0], [2.0, 1.0, 1.0, 1.0, 1.0, 3.0, 3.0, 2.0, 1.0, 1.0, 1.0, 2.0, 2.0, 2.0, 2.0, 1.0, 2.0, 1.0, 3.0, 1.0, 1.0, 1.0, 1.0, 2.0, 1.0, 1.0, 1.0, 3.0, 1.0, 2.0, 2.0, 2.0, 1.0, 1.0, 1.0, 1.0, 2.0, 1.0, 1.0, 3.0], [2.0, 1.0, 1.0, 1.0, 1.0, 3.0, 3.0, 2.0, 1.0, 1.0, 1.0, 2.0, 2.0, 2.0, 2.0, 1.0, 3.0, 1.0, 2.0, 1.0, 1.0, 1.0, 1.0, 2.0, 1.0, 1.0, 1.0, 3.0, 1.0, 3.0, 3.0, 3.0, 1.0, 1.0, 1.0, 1.0, 2.0, 1.0, 1.0, 3.0], [2.0, 1.0, 1.0, 1.0, 1.0, 3.0, 3.0, 2.0, 1.0, 1.0, 1.0, 2.0, 2.0, 3.0, 2.0, 1.0, 2.0, 1.0, 2.0, 1.0, 1.0, 1.0, 1.0, 2.0, 1.0, 1.0, 1.0, 3.0, 1.0, 3.0, 2.0, 2.0, 1.0, 1.0, 1.0, 1.0, 2.0, 1.0, 1.0, 3.0], [2.0, 1.0, 1.0, 1.0, 1.0, 3.0, 3.0, 1.0, 1.0, 1.0, 1.0, 2.0, 2.0, 1.0, 1.0, 1.0, 2.0, 2.0, 3.0, 1.0, 1.0, 1.0, 1.0, 2.0, 1.0, 1.0, 1.0, 3.0, 1.0, 3.0, 2.0, 3.0, 1.0, 1.0, 1.0, 1.0, 2.0, 1.0, 1.0, 3.0], [2.0, 1.0, 1.0, 1.0, 1.0, 3.0, 2.0, 2.0, 1.0, 1.0, 1.0, 2.0, 2.0, 3.0, 1.0, 1.0, 2.0, 2.0, 3.0, 1.0, 1.0, 1.0, 1.0, 2.0, 1.0, 1.0, 1.0, 3.0, 1.0, 3.0, 3.0, 2.0, 1.0, 1.0, 1.0, 1.0, 2.0, 1.0, 1.0, 3.0], [2.0, 1.0, 1.0, 1.0, 1.0, 3.0, 3.0, 1.0, 1.0, 1.0, 1.0, 2.0, 2.0, 3.0, 2.0, 1.0, 2.0, 1.0, 2.0, 1.0, 1.0, 1.0, 1.0, 2.0, 1.0, 1.0, 1.0, 3.0, 1.0, 3.0, 2.0, 2.0, 1.0, 1.0, 1.0, 1.0, 2.0, 1.0, 1.0, 3.0], [2.0, 1.0, 1.0, 1.0, 1.0, 3.0, 3.0, 1.0, 1.0, 1.0, 1.0, 1.0, 2.0, 2.0, 1.0, 2.0, 1.0, 1.0, 3.0, 1.0, 1.0, 1.0, 1.0, 2.0, 1.0, 1.0, 1.0, 3.0, 1.0, 3.0, 3.0, 3.0, 1.0, 1.0, 1.0, 1.0, 2.0, 1.0, 1.0, 2.0], [2.0, 1.0, 1.0, 1.0, 1.0, 3.0, 2.0, 1.0, 1.0, 1.0, 1.0, 2.0, 2.0, 3.0, 1.0, 1.0, 2.0, 2.0, 3.0, 1.0, 1.0, 1.0, 1.0, 2.0, 1.0, 1.0, 1.0, 3.0, 1.0, 3.0, 3.0, 2.0, 1.0, 1.0, 1.0, 1.0, 2.0, 1.0, 1.0, 3.0], [2.0, 1.0, 1.0, 1.0, 1.0, 3.0, 3.0, 1.0, 1.0, 1.0, 1.0, 2.0, 2.0, 3.0, 1.0, 1.0, 2.0, 1.0, 3.0, 1.0, 1.0, 1.0, 1.0, 2.0, 1.0, 1.0, 1.0, 3.0, 1.0, 3.0, 2.0, 2.0, 1.0, 1.0, 1.0, 1.0, 2.0, 1.0, 1.0, 3.0], [2.0, 1.0, 1.0, 1.0, 1.0, 3.0, 2.0, 1.0, 1.0, 1.0, 1.0, 2.0, 2.0, 2.0, 1.0, 1.0, 2.0, 1.0, 2.0, 1.0, 1.0, 1.0, 1.0, 2.0, 1.0, 1.0, 1.0, 3.0, 1.0, 3.0, 2.0, 3.0, 1.0, 1.0, 1.0, 1.0, 2.0, 1.0, 1.0, 3.0], [2.0, 1.0, 1.0, 1.0, 1.0, 3.0, 2.0, 1.0, 1.0, 1.0, 1.0, 2.0, 2.0, 3.0, 2.0, 1.0, 2.0, 2.0, 2.0, 1.0, 1.0, 1.0, 1.0, 2.0, 1.0, 1.0, 1.0, 3.0, 1.0, 3.0, 3.0, 2.0, 1.0, 1.0, 1.0, 1.0, 2.0, 1.0, 1.0, 3.0], [2.0, 1.0, 1.0, 1.0, 1.0, 3.0, 3.0, 1.0, 1.0, 1.0, 1.0, 2.0, 2.0, 3.0, 1.0, 1.0, 3.0, 1.0, 2.0, 1.0, 1.0, 1.0, 1.0, 2.0, 1.0, 1.0, 1.0, 3.0, 1.0, 3.0, 3.0, 2.0, 1.0, 1.0, 1.0, 1.0, 2.0, 1.0, 1.0, 3.0], [2.0, 1.0, 1.0, 1.0, 1.0, 3.0, 2.0, 1.0, 1.0, 1.0, 1.0, 2.0, 2.0, 3.0, 2.0, 1.0, 3.0, 2.0, 3.0, 1.0, 1.0, 1.0, 1.0, 2.0, 1.0, 1.0, 1.0, 3.0, 1.0, 3.0, 3.0, 2.0, 1.0, 1.0, 1.0, 1.0, 2.0, 1.0, 1.0, 3.0], [2.0, 1.0, 1.0, 1.0, 1.0, 3.0, 2.0, 2.0, 1.0, 1.0, 1.0, 1.0, 2.0, 2.0, 1.0, 1.0, 3.0, 1.0, 3.0, 1.0, 1.0, 1.0, 1.0, 3.0, 1.0, 1.0, 1.0, 3.0, 1.0, 3.0, 3.0, 3.0, 1.0, 1.0, 1.0, 1.0, 2.0, 1.0, 1.0, 3.0], [2.0, 1.0, 1.0, 1.0, 1.0, 3.0, 3.0, 1.0, 1.0, 1.0, 1.0, 1.0, 2.0, 2.0, 1.0, 1.0, 2.0, 2.0, 3.0, 1.0, 1.0, 1.0, 1.0, 2.0, 1.0, 1.0, 1.0, 3.0, 1.0, 3.0, 3.0, 2.0, 1.0, 1.0, 1.0, 1.0, 2.0, 1.0, 1.0, 3.0]]

first layer check: Conv2d(6, 64, kernel_size=(7, 7), stride=(2, 2), padding=(3, 3), bias=False)

for model 4: mode acc: 0.6499999761581421, run mean acc: 0.6670833826065063, top-2 acc:0.9483333826065063, mode f1: 0.6499999761581421

model 4 mode preds
[1.0, 1.0, 1.0, 1.0, 1.0, 3.0, 2.0, 1.0, 1.0, 1.0, 1.0, 2.0, 1.0, 3.0, 2.0, 2.0, 2.0, 3.0, 3.0, 1.0, 1.0, 1.0, 1.0, 2.0, 1.0, 1.0, 1.0, 3.0, 1.0, 3.0, 3.0, 3.0, 1.0, 1.0, 1.0, 1.0, 2.0, 1.0, 1.0, 3.0]

model 4 all preds
[[1.0, 1.0, 1.0, 1.0, 1.0, 3.0, 2.0, 2.0, 1.0, 1.0, 1.0, 1.0, 1.0, 3.0, 1.0, 1.0, 2.0, 2.0, 3.0, 1.0, 1.0, 1.0, 1.0, 3.0, 2.0, 1.0, 1.0, 3.0, 1.0, 3.0, 3.0, 3.0, 1.0, 1.0, 1.0, 2.0, 2.0, 1.0, 1.0, 3.0], [1.0, 1.0, 1.0, 1.0, 1.0, 3.0, 2.0, 2.0, 1.0, 1.0, 1.0, 2.0, 1.0, 2.0, 2.0, 2.0, 3.0, 2.0, 3.0, 1.0, 1.0, 1.0, 1.0, 2.0, 1.0, 1.0, 1.0, 3.0, 1.0, 3.0, 3.0, 3.0, 1.0, 1.0, 1.0, 2.0, 2.0, 1.0, 1.0, 3.0], [1.0, 1.0, 1.0, 1.0, 1.0, 3.0, 3.0, 2.0, 1.0, 1.0, 1.0, 2.0, 1.0, 3.0, 2.0, 2.0, 2.0, 1.0, 2.0, 1.0, 1.0, 1.0, 1.0, 2.0, 1.0, 1.0, 1.0, 3.0, 1.0, 3.0, 3.0, 3.0, 1.0, 1.0, 1.0, 1.0, 2.0, 1.0, 1.0, 3.0], [1.0, 1.0, 1.0, 1.0, 1.0, 3.0, 3.0, 2.0, 1.0, 1.0, 1.0, 2.0, 1.0, 2.0, 2.0, 2.0, 2.0, 3.0, 2.0, 1.0, 1.0, 1.0, 1.0, 2.0, 1.0, 1.0, 1.0, 3.0, 1.0, 3.0, 3.0, 3.0, 1.0, 1.0, 1.0, 1.0, 2.0, 1.0, 1.0, 3.0], [1.0, 1.0, 1.0, 1.0, 1.0, 3.0, 2.0, 2.0, 1.0, 1.0, 1.0, 1.0, 1.0, 3.0, 2.0, 2.0, 1.0, 3.0, 2.0, 2.0, 1.0, 1.0, 1.0, 2.0, 1.0, 1.0, 1.0, 3.0, 1.0, 3.0, 3.0, 3.0, 1.0, 1.0, 1.0, 1.0, 2.0, 1.0, 1.0, 3.0], [1.0, 1.0, 1.0, 1.0, 1.0, 3.0, 3.0, 2.0, 1.0, 1.0, 1.0, 2.0, 1.0, 2.0, 2.0, 2.0, 2.0, 1.0, 2.0, 1.0, 1.0, 1.0, 1.0, 2.0, 1.0, 1.0, 1.0, 3.0, 1.0, 3.0, 2.0, 3.0, 1.0, 1.0, 1.0, 2.0, 2.0, 1.0, 1.0, 3.0], [1.0, 1.0, 1.0, 1.0, 1.0, 3.0, 3.0, 1.0, 1.0, 1.0, 1.0, 1.0, 1.0, 3.0, 2.0, 1.0, 1.0, 3.0, 1.0, 1.0, 1.0, 1.0, 1.0, 2.0, 1.0, 1.0, 1.0, 3.0, 1.0, 3.0, 3.0, 3.0, 1.0, 1.0, 1.0, 1.0, 2.0, 1.0, 1.0, 3.0], [1.0, 1.0, 1.0, 1.0, 1.0, 3.0, 3.0, 1.0, 1.0, 1.0, 1.0, 2.0, 1.0, 2.0, 2.0, 1.0, 2.0, 1.0, 2.0, 1.0, 1.0, 1.0, 1.0, 2.0, 1.0, 1.0, 1.0, 3.0, 1.0, 3.0, 3.0, 3.0, 1.0, 1.0, 1.0, 2.0, 2.0, 1.0, 1.0, 3.0], [1.0, 1.0, 1.0, 1.0, 1.0, 3.0, 3.0, 1.0, 1.0, 1.0, 1.0, 2.0, 1.0, 3.0, 2.0, 1.0, 2.0, 3.0, 3.0, 1.0, 1.0, 1.0, 1.0, 2.0, 1.0, 1.0, 1.0, 3.0, 1.0, 3.0, 3.0, 3.0, 1.0, 1.0, 1.0, 1.0, 2.0, 1.0, 1.0, 3.0], [1.0, 1.0, 1.0, 1.0, 1.0, 3.0, 2.0, 2.0, 1.0, 1.0, 1.0, 2.0, 1.0, 3.0, 2.0, 2.0, 3.0, 3.0, 2.0, 1.0, 1.0, 1.0, 1.0, 2.0, 1.0, 1.0, 1.0, 3.0, 1.0, 3.0, 3.0, 3.0, 1.0, 1.0, 1.0, 1.0, 2.0, 1.0, 1.0, 3.0], [1.0, 1.0, 1.0, 1.0, 1.0, 3.0, 2.0, 1.0, 1.0, 1.0, 1.0, 2.0, 1.0, 1.0, 1.0, 2.0, 2.0, 3.0, 3.0, 1.0, 1.0, 1.0, 1.0, 2.0, 2.0, 1.0, 1.0, 3.0, 1.0, 3.0, 3.0, 3.0, 1.0, 1.0, 1.0, 1.0, 2.0, 1.0, 1.0, 3.0], [1.0, 1.0, 1.0, 1.0, 1.0, 3.0, 2.0, 2.0, 1.0, 1.0, 1.0, 2.0, 1.0, 2.0, 2.0, 2.0, 2.0, 2.0, 2.0, 1.0, 1.0, 1.0, 1.0, 2.0, 1.0, 1.0, 1.0, 3.0, 1.0, 3.0, 3.0, 3.0, 2.0, 1.0, 1.0, 2.0, 2.0, 1.0, 1.0, 3.0], [1.0, 1.0, 1.0, 1.0, 1.0, 3.0, 2.0, 2.0, 1.0, 1.0, 1.0, 2.0, 1.0, 1.0, 2.0, 1.0, 1.0, 3.0, 2.0, 1.0, 1.0, 1.0, 1.0, 2.0, 1.0, 1.0, 1.0, 3.0, 1.0, 3.0, 3.0, 3.0, 1.0, 1.0, 1.0, 1.0, 2.0, 1.0, 1.0, 3.0], [1.0, 1.0, 1.0, 1.0, 1.0, 3.0, 2.0, 3.0, 1.0, 1.0, 1.0, 2.0, 1.0, 3.0, 1.0, 2.0, 1.0, 1.0, 3.0, 2.0, 1.0, 1.0, 1.0, 2.0, 1.0, 1.0, 1.0, 3.0, 1.0, 3.0, 3.0, 3.0, 1.0, 1.0, 1.0, 2.0, 2.0, 1.0, 1.0, 3.0], [1.0, 1.0, 1.0, 1.0, 1.0, 3.0, 1.0, 2.0, 1.0, 1.0, 1.0, 2.0, 1.0, 3.0, 2.0, 2.0, 2.0, 1.0, 3.0, 1.0, 1.0, 1.0, 1.0, 2.0, 1.0, 1.0, 1.0, 3.0, 1.0, 3.0, 2.0, 3.0, 1.0, 1.0, 1.0, 2.0, 2.0, 1.0, 1.0, 3.0], [1.0, 1.0, 1.0, 1.0, 1.0, 3.0, 2.0, 2.0, 1.0, 1.0, 1.0, 2.0, 1.0, 3.0, 2.0, 2.0, 3.0, 3.0, 3.0, 1.0, 1.0, 1.0, 1.0, 2.0, 1.0, 1.0, 1.0, 3.0, 1.0, 3.0, 3.0, 3.0, 1.0, 1.0, 1.0, 1.0, 2.0, 1.0, 1.0, 3.0], [1.0, 1.0, 1.0, 1.0, 1.0, 3.0, 1.0, 2.0, 1.0, 1.0, 1.0, 2.0, 1.0, 3.0, 2.0, 2.0, 3.0, 2.0, 3.0, 1.0, 1.0, 1.0, 1.0, 2.0, 1.0, 1.0, 1.0, 3.0, 1.0, 3.0, 3.0, 3.0, 1.0, 1.0, 1.0, 1.0, 2.0, 1.0, 1.0, 3.0], [1.0, 1.0, 1.0, 1.0, 1.0, 3.0, 2.0, 2.0, 1.0, 1.0, 1.0, 2.0, 1.0, 3.0, 2.0, 1.0, 1.0, 3.0, 3.0, 1.0, 1.0, 1.0, 1.0, 2.0, 1.0, 1.0, 1.0, 3.0, 1.0, 3.0, 3.0, 3.0, 1.0, 1.0, 1.0, 1.0, 2.0, 1.0, 1.0, 3.0], [1.0, 1.0, 1.0, 1.0, 1.0, 3.0, 2.0, 1.0, 1.0, 1.0, 1.0, 2.0, 1.0, 3.0, 2.0, 2.0, 2.0, 2.0, 2.0, 1.0, 1.0, 1.0, 1.0, 2.0, 1.0, 1.0, 1.0, 3.0, 1.0, 3.0, 3.0, 3.0, 1.0, 1.0, 1.0, 1.0, 2.0, 1.0, 1.0, 3.0], [1.0, 1.0, 1.0, 1.0, 1.0, 3.0, 3.0, 1.0, 1.0, 1.0, 1.0, 2.0, 1.0, 3.0, 2.0, 2.0, 2.0, 2.0, 3.0, 1.0, 1.0, 1.0, 1.0, 2.0, 1.0, 1.0, 1.0, 3.0, 1.0, 3.0, 3.0, 3.0, 1.0, 1.0, 1.0, 1.0, 2.0, 1.0, 1.0, 3.0], [1.0, 1.0, 1.0, 1.0, 1.0, 3.0, 3.0, 1.0, 1.0, 1.0, 1.0, 2.0, 1.0, 3.0, 2.0, 2.0, 3.0, 3.0, 2.0, 1.0, 1.0, 1.0, 1.0, 2.0, 1.0, 1.0, 1.0, 3.0, 1.0, 3.0, 3.0, 2.0, 1.0, 1.0, 1.0, 2.0, 2.0, 1.0, 1.0, 3.0], [1.0, 1.0, 1.0, 1.0, 1.0, 3.0, 3.0, 2.0, 1.0, 1.0, 1.0, 2.0, 1.0, 3.0, 2.0, 2.0, 2.0, 3.0, 3.0, 1.0, 1.0, 1.0, 1.0, 2.0, 1.0, 1.0, 1.0, 3.0, 1.0, 3.0, 3.0, 3.0, 1.0, 1.0, 1.0, 1.0, 2.0, 1.0, 1.0, 3.0], [1.0, 1.0, 1.0, 1.0, 1.0, 3.0, 3.0, 1.0, 1.0, 1.0, 1.0, 2.0, 1.0, 2.0, 2.0, 2.0, 2.0, 2.0, 3.0, 1.0, 1.0, 1.0, 1.0, 2.0, 1.0, 1.0, 1.0, 3.0, 1.0, 3.0, 3.0, 3.0, 1.0, 1.0, 1.0, 2.0, 2.0, 1.0, 1.0, 3.0], [1.0, 1.0, 1.0, 1.0, 1.0, 3.0, 2.0, 1.0, 1.0, 1.0, 1.0, 2.0, 1.0, 3.0, 1.0, 2.0, 2.0, 3.0, 2.0, 1.0, 1.0, 1.0, 1.0, 2.0, 1.0, 1.0, 1.0, 3.0, 1.0, 3.0, 3.0, 3.0, 1.0, 1.0, 1.0, 1.0, 2.0, 1.0, 1.0, 3.0], [1.0, 1.0, 1.0, 1.0, 1.0, 3.0, 3.0, 3.0, 1.0, 1.0, 1.0, 2.0, 1.0, 3.0, 2.0, 2.0, 2.0, 1.0, 3.0, 2.0, 1.0, 1.0, 1.0, 2.0, 2.0, 1.0, 1.0, 3.0, 1.0, 3.0, 3.0, 3.0, 1.0, 1.0, 1.0, 1.0, 2.0, 1.0, 1.0, 3.0], [1.0, 1.0, 1.0, 1.0, 1.0, 3.0, 2.0, 1.0, 1.0, 1.0, 1.0, 2.0, 1.0, 3.0, 2.0, 2.0, 2.0, 1.0, 3.0, 1.0, 1.0, 1.0, 1.0, 2.0, 1.0, 1.0, 1.0, 3.0, 1.0, 3.0, 3.0, 3.0, 1.0, 1.0, 1.0, 1.0, 2.0, 1.0, 1.0, 3.0], [1.0, 1.0, 1.0, 1.0, 1.0, 3.0, 2.0, 1.0, 1.0, 1.0, 1.0, 2.0, 1.0, 2.0, 2.0, 2.0, 2.0, 3.0, 3.0, 1.0, 1.0, 1.0, 1.0, 2.0, 1.0, 1.0, 1.0, 3.0, 1.0, 3.0, 3.0, 3.0, 1.0, 1.0, 1.0, 1.0, 2.0, 1.0, 1.0, 3.0], [1.0, 1.0, 1.0, 1.0, 1.0, 3.0, 3.0, 2.0, 1.0, 1.0, 1.0, 2.0, 1.0, 3.0, 2.0, 2.0, 2.0, 2.0, 3.0, 2.0, 1.0, 1.0, 1.0, 2.0, 2.0, 1.0, 1.0, 3.0, 1.0, 3.0, 3.0, 3.0, 2.0, 1.0, 1.0, 2.0, 2.0, 1.0, 1.0, 3.0], [1.0, 1.0, 1.0, 1.0, 1.0, 3.0, 3.0, 1.0, 1.0, 1.0, 1.0, 2.0, 1.0, 3.0, 2.0, 2.0, 2.0, 1.0, 3.0, 1.0, 1.0, 1.0, 1.0, 2.0, 2.0, 1.0, 1.0, 3.0, 1.0, 3.0, 2.0, 3.0, 1.0, 1.0, 1.0, 1.0, 2.0, 1.0, 1.0, 3.0], [1.0, 1.0, 1.0, 1.0, 1.0, 3.0, 3.0, 2.0, 1.0, 1.0, 1.0, 2.0, 1.0, 3.0, 1.0, 2.0, 2.0, 3.0, 3.0, 1.0, 1.0, 1.0, 1.0, 2.0, 1.0, 1.0, 1.0, 3.0, 1.0, 3.0, 3.0, 3.0, 2.0, 1.0, 1.0, 2.0, 2.0, 1.0, 1.0, 3.0], [1.0, 1.0, 1.0, 1.0, 1.0, 3.0, 1.0, 1.0, 1.0, 1.0, 1.0, 2.0, 1.0, 3.0, 2.0, 2.0, 3.0, 1.0, 2.0, 2.0, 1.0, 1.0, 1.0, 2.0, 1.0, 1.0, 1.0, 3.0, 1.0, 3.0, 3.0, 3.0, 1.0, 1.0, 1.0, 1.0, 2.0, 1.0, 1.0, 3.0], [1.0, 1.0, 1.0, 1.0, 1.0, 3.0, 2.0, 2.0, 1.0, 1.0, 1.0, 2.0, 1.0, 3.0, 2.0, 2.0, 2.0, 2.0, 3.0, 1.0, 1.0, 1.0, 1.0, 3.0, 1.0, 1.0, 1.0, 3.0, 1.0, 3.0, 2.0, 3.0, 1.0, 1.0, 1.0, 1.0, 2.0, 1.0, 1.0, 3.0], [1.0, 1.0, 1.0, 1.0, 1.0, 3.0, 3.0, 1.0, 1.0, 1.0, 1.0, 2.0, 1.0, 2.0, 2.0, 1.0, 2.0, 3.0, 2.0, 2.0, 1.0, 1.0, 1.0, 2.0, 1.0, 1.0, 1.0, 3.0, 1.0, 3.0, 3.0, 3.0, 1.0, 1.0, 1.0, 2.0, 2.0, 1.0, 1.0, 3.0], [1.0, 1.0, 1.0, 1.0, 1.0, 3.0, 3.0, 1.0, 1.0, 1.0, 1.0, 2.0, 1.0, 3.0, 2.0, 2.0, 2.0, 1.0, 3.0, 1.0, 1.0, 1.0, 1.0, 2.0, 1.0, 1.0, 1.0, 3.0, 1.0, 3.0, 3.0, 3.0, 1.0, 1.0, 1.0, 2.0, 2.0, 1.0, 1.0, 3.0], [1.0, 1.0, 1.0, 1.0, 1.0, 3.0, 2.0, 2.0, 1.0, 1.0, 1.0, 2.0, 1.0, 3.0, 1.0, 1.0, 2.0, 3.0, 3.0, 2.0, 1.0, 1.0, 1.0, 2.0, 2.0, 1.0, 1.0, 3.0, 1.0, 3.0, 3.0, 3.0, 1.0, 1.0, 1.0, 1.0, 2.0, 1.0, 1.0, 3.0], [1.0, 1.0, 1.0, 1.0, 1.0, 3.0, 3.0, 2.0, 1.0, 1.0, 1.0, 2.0, 1.0, 3.0, 2.0, 1.0, 3.0, 3.0, 3.0, 1.0, 1.0, 1.0, 1.0, 2.0, 1.0, 1.0, 1.0, 3.0, 1.0, 3.0, 3.0, 3.0, 1.0, 1.0, 1.0, 2.0, 2.0, 1.0, 1.0, 3.0], [1.0, 1.0, 1.0, 1.0, 1.0, 3.0, 3.0, 1.0, 1.0, 1.0, 1.0, 2.0, 1.0, 3.0, 2.0, 2.0, 2.0, 3.0, 3.0, 1.0, 1.0, 1.0, 1.0, 2.0, 1.0, 1.0, 1.0, 3.0, 1.0, 3.0, 2.0, 3.0, 1.0, 1.0, 1.0, 2.0, 2.0, 1.0, 1.0, 3.0], [1.0, 1.0, 1.0, 1.0, 1.0, 3.0, 1.0, 2.0, 1.0, 1.0, 1.0, 2.0, 1.0, 2.0, 2.0, 2.0, 3.0, 2.0, 2.0, 2.0, 1.0, 1.0, 1.0, 2.0, 1.0, 1.0, 1.0, 3.0, 1.0, 3.0, 2.0, 3.0, 1.0, 1.0, 1.0, 1.0, 2.0, 1.0, 1.0, 3.0], [1.0, 1.0, 1.0, 1.0, 1.0, 3.0, 3.0, 2.0, 1.0, 1.0, 1.0, 2.0, 1.0, 2.0, 2.0, 1.0, 2.0, 3.0, 3.0, 1.0, 1.0, 1.0, 1.0, 2.0, 1.0, 1.0, 1.0, 3.0, 1.0, 3.0, 2.0, 3.0, 1.0, 1.0, 1.0, 1.0, 2.0, 1.0, 1.0, 3.0], [1.0, 1.0, 1.0, 1.0, 1.0, 3.0, 1.0, 2.0, 1.0, 1.0, 1.0, 2.0, 1.0, 3.0, 2.0, 2.0, 2.0, 3.0, 3.0, 1.0, 1.0, 1.0, 1.0, 2.0, 1.0, 1.0, 1.0, 3.0, 1.0, 3.0, 3.0, 3.0, 1.0, 1.0, 1.0, 2.0, 2.0, 1.0, 1.0, 3.0], [1.0, 1.0, 1.0, 1.0, 1.0, 3.0, 1.0, 1.0, 1.0, 1.0, 1.0, 3.0, 1.0, 2.0, 2.0, 1.0, 2.0, 1.0, 3.0, 1.0, 1.0, 1.0, 1.0, 2.0, 1.0, 1.0, 1.0, 3.0, 1.0, 3.0, 3.0, 3.0, 1.0, 1.0, 1.0, 1.0, 2.0, 1.0, 1.0, 3.0], [1.0, 1.0, 1.0, 1.0, 1.0, 3.0, 2.0, 1.0, 1.0, 1.0, 1.0, 2.0, 1.0, 3.0, 2.0, 1.0, 3.0, 3.0, 2.0, 1.0, 1.0, 1.0, 1.0, 2.0, 1.0, 1.0, 1.0, 3.0, 1.0, 3.0, 2.0, 3.0, 1.0, 1.0, 1.0, 2.0, 2.0, 1.0, 1.0, 3.0], [1.0, 1.0, 1.0, 1.0, 1.0, 3.0, 2.0, 1.0, 1.0, 1.0, 1.0, 2.0, 1.0, 2.0, 2.0, 2.0, 2.0, 2.0, 3.0, 1.0, 1.0, 1.0, 1.0, 2.0, 1.0, 1.0, 1.0, 3.0, 1.0, 3.0, 3.0, 3.0, 1.0, 1.0, 1.0, 2.0, 2.0, 1.0, 1.0, 3.0], [1.0, 1.0, 1.0, 1.0, 1.0, 3.0, 2.0, 1.0, 1.0, 1.0, 1.0, 2.0, 1.0, 3.0, 2.0, 2.0, 2.0, 1.0, 1.0, 1.0, 1.0, 1.0, 1.0, 2.0, 1.0, 1.0, 1.0, 3.0, 1.0, 3.0, 3.0, 3.0, 1.0, 1.0, 1.0, 2.0, 2.0, 1.0, 1.0, 3.0], [1.0, 1.0, 1.0, 1.0, 1.0, 3.0, 3.0, 1.0, 1.0, 1.0, 1.0, 2.0, 1.0, 3.0, 2.0, 2.0, 3.0, 1.0, 2.0, 1.0, 1.0, 1.0, 1.0, 2.0, 1.0, 1.0, 1.0, 3.0, 1.0, 3.0, 3.0, 3.0, 2.0, 1.0, 1.0, 2.0, 2.0, 1.0, 1.0, 3.0], [1.0, 1.0, 1.0, 1.0, 1.0, 3.0, 2.0, 2.0, 1.0, 1.0, 1.0, 2.0, 1.0, 3.0, 2.0, 2.0, 2.0, 3.0, 3.0, 1.0, 1.0, 1.0, 1.0, 2.0, 1.0, 1.0, 1.0, 3.0, 1.0, 3.0, 3.0, 3.0, 1.0, 1.0, 1.0, 2.0, 2.0, 1.0, 1.0, 3.0], [1.0, 1.0, 1.0, 1.0, 1.0, 3.0, 1.0, 1.0, 1.0, 1.0, 1.0, 2.0, 1.0, 3.0, 2.0, 2.0, 2.0, 3.0, 2.0, 2.0, 1.0, 1.0, 1.0, 2.0, 1.0, 1.0, 1.0, 3.0, 1.0, 3.0, 3.0, 3.0, 1.0, 1.0, 1.0, 1.0, 2.0, 1.0, 1.0, 3.0], [1.0, 1.0, 1.0, 1.0, 1.0, 3.0, 2.0, 1.0, 1.0, 1.0, 1.0, 2.0, 1.0, 3.0, 2.0, 2.0, 3.0, 3.0, 3.0, 1.0, 1.0, 1.0, 1.0, 2.0, 1.0, 1.0, 1.0, 3.0, 1.0, 3.0, 3.0, 3.0, 1.0, 1.0, 1.0, 2.0, 2.0, 1.0, 1.0, 3.0], [1.0, 1.0, 1.0, 1.0, 1.0, 3.0, 2.0, 1.0, 1.0, 1.0, 1.0, 2.0, 1.0, 2.0, 2.0, 1.0, 1.0, 3.0, 3.0, 1.0, 1.0, 1.0, 1.0, 2.0, 2.0, 1.0, 1.0, 3.0, 1.0, 3.0, 3.0, 3.0, 1.0, 1.0, 1.0, 2.0, 2.0, 1.0, 1.0, 3.0], [1.0, 1.0, 1.0, 1.0, 1.0, 3.0, 3.0, 2.0, 1.0, 1.0, 1.0, 1.0, 1.0, 3.0, 2.0, 2.0, 2.0, 3.0, 3.0, 1.0, 1.0, 1.0, 1.0, 2.0, 2.0, 1.0, 1.0, 3.0, 1.0, 3.0, 3.0, 3.0, 1.0, 1.0, 1.0, 1.0, 2.0, 1.0, 1.0, 3.0]]

