first layer check: Conv2d(9, 64, kernel_size=(7, 7), stride=(2, 2), padding=(3, 3), bias=False)

target ys
[1.0, 3.0, 1.0, 2.0, 2.0, 1.0, 3.0, 2.0, 1.0, 2.0, 0.0, 2.0, 1.0, 3.0, 1.0, 0.0, 1.0, 1.0, 2.0, 2.0, 1.0, 1.0, 1.0, 2.0, 2.0, 1.0, 1.0, 1.0, 1.0, 1.0, 1.0, 2.0, 1.0, 2.0, 1.0, 2.0, 2.0, 3.0, 3.0, 2.0, 3.0, 2.0]

for model 0: mode acc: 0.6904761791229248, run mean acc: 0.6670833826065063, top-2 acc:0.9574999809265137, mode f1: 0.6904761791229248

model 0 mode preds
[1.0, 3.0, 1.0, 1.0, 2.0, 1.0, 3.0, 2.0, 1.0, 1.0, 1.0, 1.0, 1.0, 3.0, 1.0, 1.0, 1.0, 1.0, 2.0, 1.0, 1.0, 2.0, 2.0, 1.0, 3.0, 1.0, 1.0, 1.0, 1.0, 1.0, 1.0, 3.0, 1.0, 2.0, 1.0, 1.0, 1.0, 3.0, 3.0, 2.0, 3.0, 2.0]

model 0 all preds
[[1.0, 3.0, 1.0, 1.0, 1.0, 1.0, 3.0, 1.0, 1.0, 1.0, 1.0, 1.0, 1.0, 3.0, 1.0, 1.0, 1.0, 1.0, 2.0, 1.0, 1.0, 2.0, 2.0, 1.0, 3.0, 1.0, 1.0, 1.0, 1.0, 1.0, 1.0, 2.0, 1.0, 2.0, 1.0, 1.0, 1.0, 3.0, 3.0, 2.0, 2.0, 2.0], [1.0, 2.0, 1.0, 1.0, 2.0, 1.0, 3.0, 1.0, 1.0, 1.0, 1.0, 1.0, 1.0, 3.0, 1.0, 1.0, 1.0, 1.0, 2.0, 1.0, 1.0, 3.0, 2.0, 1.0, 3.0, 1.0, 1.0, 1.0, 1.0, 1.0, 1.0, 3.0, 1.0, 2.0, 1.0, 1.0, 1.0, 3.0, 3.0, 1.0, 3.0, 2.0], [1.0, 3.0, 1.0, 1.0, 2.0, 1.0, 3.0, 1.0, 1.0, 1.0, 1.0, 1.0, 1.0, 3.0, 1.0, 1.0, 1.0, 1.0, 2.0, 1.0, 1.0, 3.0, 2.0, 1.0, 3.0, 1.0, 1.0, 1.0, 1.0, 1.0, 1.0, 3.0, 1.0, 3.0, 1.0, 1.0, 1.0, 3.0, 3.0, 2.0, 3.0, 2.0], [1.0, 3.0, 1.0, 1.0, 2.0, 1.0, 3.0, 1.0, 1.0, 1.0, 1.0, 1.0, 1.0, 3.0, 1.0, 1.0, 1.0, 1.0, 2.0, 1.0, 1.0, 3.0, 2.0, 1.0, 2.0, 1.0, 1.0, 1.0, 1.0, 1.0, 1.0, 2.0, 1.0, 1.0, 1.0, 1.0, 1.0, 3.0, 3.0, 2.0, 3.0, 2.0], [1.0, 3.0, 1.0, 1.0, 2.0, 1.0, 3.0, 1.0, 1.0, 1.0, 1.0, 1.0, 1.0, 3.0, 1.0, 1.0, 1.0, 1.0, 2.0, 1.0, 2.0, 2.0, 2.0, 2.0, 2.0, 1.0, 1.0, 1.0, 1.0, 1.0, 1.0, 2.0, 1.0, 3.0, 1.0, 1.0, 1.0, 3.0, 3.0, 2.0, 3.0, 2.0], [1.0, 3.0, 1.0, 1.0, 2.0, 1.0, 3.0, 2.0, 1.0, 1.0, 1.0, 1.0, 1.0, 3.0, 1.0, 1.0, 1.0, 1.0, 2.0, 1.0, 1.0, 3.0, 3.0, 1.0, 2.0, 1.0, 1.0, 1.0, 1.0, 1.0, 1.0, 3.0, 1.0, 3.0, 1.0, 1.0, 1.0, 3.0, 3.0, 1.0, 3.0, 2.0], [1.0, 3.0, 1.0, 1.0, 2.0, 1.0, 3.0, 1.0, 1.0, 1.0, 1.0, 1.0, 1.0, 3.0, 1.0, 1.0, 1.0, 1.0, 2.0, 1.0, 1.0, 2.0, 2.0, 2.0, 2.0, 1.0, 1.0, 1.0, 1.0, 1.0, 1.0, 3.0, 1.0, 2.0, 1.0, 1.0, 1.0, 3.0, 3.0, 2.0, 3.0, 1.0], [1.0, 3.0, 1.0, 1.0, 2.0, 1.0, 3.0, 1.0, 1.0, 1.0, 1.0, 1.0, 1.0, 3.0, 1.0, 1.0, 1.0, 1.0, 2.0, 1.0, 2.0, 3.0, 2.0, 2.0, 2.0, 1.0, 1.0, 1.0, 1.0, 1.0, 1.0, 2.0, 1.0, 2.0, 1.0, 1.0, 1.0, 3.0, 3.0, 2.0, 3.0, 2.0], [1.0, 1.0, 1.0, 1.0, 2.0, 1.0, 3.0, 2.0, 1.0, 1.0, 1.0, 1.0, 1.0, 3.0, 1.0, 1.0, 1.0, 1.0, 1.0, 1.0, 2.0, 3.0, 2.0, 1.0, 2.0, 1.0, 1.0, 1.0, 1.0, 1.0, 1.0, 2.0, 1.0, 3.0, 1.0, 1.0, 1.0, 3.0, 3.0, 2.0, 3.0, 2.0], [1.0, 3.0, 1.0, 1.0, 2.0, 1.0, 3.0, 2.0, 1.0, 1.0, 1.0, 1.0, 1.0, 3.0, 1.0, 1.0, 1.0, 1.0, 1.0, 1.0, 1.0, 3.0, 3.0, 1.0, 3.0, 1.0, 1.0, 1.0, 1.0, 1.0, 1.0, 2.0, 1.0, 3.0, 1.0, 1.0, 1.0, 3.0, 3.0, 2.0, 3.0, 1.0], [1.0, 3.0, 1.0, 1.0, 1.0, 1.0, 3.0, 1.0, 1.0, 1.0, 1.0, 1.0, 1.0, 3.0, 1.0, 1.0, 1.0, 1.0, 2.0, 1.0, 2.0, 1.0, 3.0, 1.0, 3.0, 1.0, 1.0, 1.0, 1.0, 1.0, 1.0, 2.0, 1.0, 2.0, 1.0, 1.0, 1.0, 3.0, 3.0, 2.0, 3.0, 2.0], [1.0, 3.0, 1.0, 1.0, 2.0, 1.0, 2.0, 2.0, 1.0, 1.0, 1.0, 1.0, 1.0, 3.0, 1.0, 1.0, 1.0, 1.0, 2.0, 1.0, 1.0, 1.0, 2.0, 1.0, 3.0, 1.0, 1.0, 1.0, 1.0, 1.0, 1.0, 2.0, 1.0, 2.0, 1.0, 1.0, 1.0, 3.0, 3.0, 2.0, 2.0, 2.0], [1.0, 3.0, 1.0, 1.0, 1.0, 1.0, 3.0, 2.0, 1.0, 1.0, 1.0, 1.0, 1.0, 3.0, 1.0, 1.0, 1.0, 1.0, 2.0, 1.0, 1.0, 2.0, 2.0, 1.0, 2.0, 1.0, 1.0, 1.0, 1.0, 1.0, 1.0, 3.0, 1.0, 3.0, 1.0, 1.0, 1.0, 3.0, 3.0, 1.0, 3.0, 2.0], [1.0, 3.0, 1.0, 1.0, 2.0, 1.0, 3.0, 1.0, 1.0, 1.0, 1.0, 1.0, 1.0, 3.0, 1.0, 1.0, 1.0, 1.0, 2.0, 1.0, 1.0, 3.0, 1.0, 1.0, 3.0, 1.0, 1.0, 1.0, 1.0, 1.0, 1.0, 1.0, 1.0, 2.0, 1.0, 1.0, 1.0, 3.0, 3.0, 2.0, 3.0, 2.0], [1.0, 3.0, 1.0, 1.0, 1.0, 1.0, 3.0, 2.0, 1.0, 1.0, 1.0, 1.0, 1.0, 3.0, 1.0, 1.0, 1.0, 1.0, 2.0, 1.0, 1.0, 3.0, 2.0, 1.0, 2.0, 1.0, 1.0, 1.0, 1.0, 1.0, 1.0, 3.0, 1.0, 2.0, 1.0, 1.0, 1.0, 3.0, 3.0, 2.0, 3.0, 1.0], [1.0, 3.0, 1.0, 1.0, 2.0, 1.0, 3.0, 2.0, 1.0, 1.0, 1.0, 1.0, 1.0, 3.0, 1.0, 1.0, 1.0, 1.0, 2.0, 1.0, 1.0, 3.0, 2.0, 1.0, 3.0, 1.0, 1.0, 1.0, 1.0, 1.0, 1.0, 3.0, 1.0, 2.0, 1.0, 1.0, 1.0, 3.0, 3.0, 2.0, 3.0, 2.0], [1.0, 3.0, 1.0, 1.0, 1.0, 1.0, 3.0, 1.0, 1.0, 1.0, 1.0, 1.0, 1.0, 3.0, 1.0, 1.0, 1.0, 1.0, 2.0, 1.0, 2.0, 2.0, 1.0, 1.0, 3.0, 1.0, 1.0, 1.0, 1.0, 1.0, 1.0, 2.0, 1.0, 2.0, 1.0, 1.0, 1.0, 3.0, 3.0, 2.0, 3.0, 1.0], [1.0, 3.0, 1.0, 1.0, 2.0, 1.0, 3.0, 1.0, 1.0, 1.0, 1.0, 1.0, 1.0, 3.0, 1.0, 1.0, 1.0, 1.0, 1.0, 1.0, 2.0, 3.0, 2.0, 1.0, 3.0, 1.0, 1.0, 1.0, 1.0, 1.0, 1.0, 3.0, 1.0, 2.0, 1.0, 1.0, 1.0, 3.0, 3.0, 1.0, 3.0, 2.0], [1.0, 3.0, 1.0, 1.0, 1.0, 1.0, 3.0, 2.0, 1.0, 1.0, 1.0, 1.0, 1.0, 3.0, 1.0, 1.0, 1.0, 1.0, 2.0, 1.0, 1.0, 2.0, 2.0, 2.0, 3.0, 1.0, 1.0, 1.0, 1.0, 1.0, 1.0, 3.0, 1.0, 3.0, 1.0, 1.0, 1.0, 3.0, 3.0, 2.0, 3.0, 2.0], [1.0, 3.0, 1.0, 1.0, 2.0, 1.0, 3.0, 1.0, 1.0, 1.0, 1.0, 1.0, 1.0, 3.0, 1.0, 1.0, 1.0, 1.0, 2.0, 1.0, 1.0, 3.0, 2.0, 1.0, 3.0, 1.0, 1.0, 1.0, 1.0, 1.0, 1.0, 3.0, 1.0, 1.0, 1.0, 1.0, 1.0, 3.0, 3.0, 2.0, 2.0, 2.0], [1.0, 3.0, 1.0, 1.0, 2.0, 1.0, 3.0, 2.0, 1.0, 1.0, 1.0, 1.0, 1.0, 3.0, 1.0, 1.0, 1.0, 1.0, 2.0, 1.0, 1.0, 2.0, 2.0, 1.0, 3.0, 1.0, 1.0, 1.0, 1.0, 1.0, 1.0, 2.0, 1.0, 3.0, 1.0, 1.0, 1.0, 3.0, 3.0, 2.0, 3.0, 2.0], [1.0, 1.0, 1.0, 1.0, 2.0, 1.0, 3.0, 1.0, 1.0, 1.0, 1.0, 1.0, 1.0, 3.0, 1.0, 1.0, 1.0, 1.0, 2.0, 1.0, 1.0, 2.0, 2.0, 1.0, 3.0, 1.0, 1.0, 1.0, 1.0, 1.0, 1.0, 2.0, 1.0, 2.0, 1.0, 1.0, 1.0, 3.0, 3.0, 2.0, 3.0, 2.0], [1.0, 3.0, 1.0, 1.0, 2.0, 1.0, 3.0, 2.0, 1.0, 1.0, 1.0, 1.0, 1.0, 3.0, 1.0, 1.0, 1.0, 1.0, 2.0, 1.0, 2.0, 3.0, 2.0, 1.0, 2.0, 1.0, 1.0, 1.0, 1.0, 1.0, 1.0, 3.0, 1.0, 3.0, 1.0, 1.0, 1.0, 3.0, 3.0, 2.0, 3.0, 2.0], [1.0, 3.0, 1.0, 1.0, 2.0, 1.0, 3.0, 2.0, 1.0, 1.0, 1.0, 1.0, 1.0, 3.0, 1.0, 1.0, 1.0, 1.0, 2.0, 1.0, 2.0, 1.0, 2.0, 1.0, 3.0, 1.0, 1.0, 1.0, 1.0, 1.0, 1.0, 3.0, 1.0, 2.0, 1.0, 1.0, 1.0, 3.0, 3.0, 1.0, 3.0, 2.0], [1.0, 3.0, 1.0, 1.0, 2.0, 1.0, 3.0, 2.0, 1.0, 1.0, 1.0, 1.0, 1.0, 3.0, 1.0, 1.0, 1.0, 1.0, 2.0, 1.0, 2.0, 3.0, 2.0, 1.0, 3.0, 1.0, 1.0, 1.0, 1.0, 1.0, 1.0, 3.0, 1.0, 3.0, 1.0, 1.0, 1.0, 3.0, 3.0, 2.0, 3.0, 2.0], [1.0, 3.0, 1.0, 1.0, 2.0, 1.0, 3.0, 2.0, 1.0, 1.0, 1.0, 1.0, 1.0, 3.0, 1.0, 1.0, 1.0, 1.0, 2.0, 1.0, 2.0, 3.0, 2.0, 1.0, 3.0, 1.0, 1.0, 1.0, 1.0, 1.0, 1.0, 2.0, 1.0, 3.0, 1.0, 1.0, 1.0, 3.0, 3.0, 1.0, 3.0, 1.0], [1.0, 3.0, 2.0, 1.0, 2.0, 1.0, 3.0, 1.0, 1.0, 1.0, 1.0, 1.0, 1.0, 3.0, 1.0, 1.0, 1.0, 1.0, 2.0, 1.0, 1.0, 2.0, 2.0, 1.0, 2.0, 1.0, 1.0, 1.0, 1.0, 1.0, 1.0, 3.0, 1.0, 3.0, 1.0, 1.0, 1.0, 3.0, 3.0, 2.0, 3.0, 2.0], [1.0, 3.0, 1.0, 1.0, 2.0, 1.0, 3.0, 2.0, 1.0, 1.0, 1.0, 1.0, 1.0, 3.0, 1.0, 1.0, 1.0, 1.0, 1.0, 1.0, 2.0, 1.0, 2.0, 1.0, 3.0, 1.0, 1.0, 1.0, 1.0, 1.0, 1.0, 2.0, 1.0, 3.0, 1.0, 1.0, 1.0, 3.0, 3.0, 1.0, 3.0, 2.0], [1.0, 3.0, 2.0, 1.0, 2.0, 1.0, 3.0, 2.0, 1.0, 1.0, 1.0, 1.0, 1.0, 3.0, 1.0, 1.0, 1.0, 1.0, 1.0, 1.0, 1.0, 3.0, 2.0, 1.0, 2.0, 1.0, 1.0, 1.0, 1.0, 1.0, 1.0, 2.0, 1.0, 3.0, 1.0, 1.0, 1.0, 3.0, 3.0, 2.0, 2.0, 1.0], [1.0, 3.0, 1.0, 1.0, 2.0, 1.0, 3.0, 1.0, 1.0, 1.0, 1.0, 1.0, 1.0, 3.0, 1.0, 1.0, 1.0, 1.0, 2.0, 1.0, 2.0, 3.0, 2.0, 1.0, 3.0, 1.0, 1.0, 1.0, 1.0, 1.0, 1.0, 2.0, 1.0, 2.0, 1.0, 1.0, 1.0, 3.0, 3.0, 1.0, 3.0, 2.0], [1.0, 3.0, 1.0, 1.0, 1.0, 1.0, 3.0, 1.0, 1.0, 1.0, 1.0, 1.0, 1.0, 3.0, 1.0, 1.0, 1.0, 1.0, 2.0, 1.0, 2.0, 2.0, 2.0, 1.0, 3.0, 1.0, 1.0, 1.0, 1.0, 1.0, 1.0, 2.0, 1.0, 3.0, 1.0, 1.0, 1.0, 3.0, 3.0, 2.0, 3.0, 2.0], [1.0, 3.0, 1.0, 1.0, 2.0, 1.0, 3.0, 1.0, 1.0, 1.0, 1.0, 1.0, 1.0, 3.0, 1.0, 1.0, 1.0, 1.0, 1.0, 1.0, 1.0, 2.0, 2.0, 2.0, 2.0, 1.0, 1.0, 1.0, 1.0, 1.0, 1.0, 3.0, 1.0, 2.0, 1.0, 1.0, 1.0, 3.0, 3.0, 2.0, 3.0, 2.0], [1.0, 3.0, 1.0, 1.0, 2.0, 1.0, 3.0, 1.0, 1.0, 1.0, 1.0, 1.0, 1.0, 3.0, 1.0, 1.0, 1.0, 1.0, 1.0, 1.0, 2.0, 2.0, 2.0, 1.0, 3.0, 1.0, 1.0, 1.0, 1.0, 1.0, 1.0, 2.0, 1.0, 2.0, 1.0, 1.0, 1.0, 3.0, 3.0, 1.0, 3.0, 2.0], [1.0, 3.0, 1.0, 1.0, 1.0, 1.0, 3.0, 2.0, 1.0, 1.0, 1.0, 2.0, 1.0, 3.0, 1.0, 1.0, 1.0, 1.0, 2.0, 1.0, 2.0, 2.0, 2.0, 1.0, 3.0, 1.0, 1.0, 1.0, 1.0, 1.0, 1.0, 3.0, 1.0, 3.0, 1.0, 1.0, 1.0, 3.0, 3.0, 2.0, 3.0, 2.0], [1.0, 3.0, 1.0, 1.0, 2.0, 1.0, 3.0, 1.0, 1.0, 1.0, 1.0, 1.0, 1.0, 3.0, 1.0, 1.0, 1.0, 1.0, 2.0, 1.0, 1.0, 1.0, 1.0, 1.0, 3.0, 1.0, 1.0, 1.0, 1.0, 1.0, 1.0, 3.0, 1.0, 3.0, 1.0, 1.0, 1.0, 3.0, 3.0, 2.0, 3.0, 2.0], [1.0, 3.0, 2.0, 1.0, 2.0, 1.0, 3.0, 2.0, 1.0, 1.0, 1.0, 1.0, 1.0, 3.0, 1.0, 1.0, 1.0, 1.0, 2.0, 1.0, 1.0, 2.0, 2.0, 1.0, 3.0, 1.0, 1.0, 1.0, 1.0, 1.0, 1.0, 3.0, 1.0, 3.0, 1.0, 1.0, 1.0, 3.0, 3.0, 2.0, 3.0, 2.0], [1.0, 3.0, 1.0, 1.0, 1.0, 1.0, 3.0, 2.0, 1.0, 1.0, 1.0, 1.0, 1.0, 3.0, 1.0, 1.0, 1.0, 1.0, 2.0, 1.0, 2.0, 2.0, 1.0, 1.0, 3.0, 1.0, 1.0, 1.0, 1.0, 1.0, 1.0, 3.0, 1.0, 3.0, 1.0, 1.0, 1.0, 3.0, 3.0, 2.0, 3.0, 2.0], [1.0, 3.0, 1.0, 1.0, 2.0, 1.0, 3.0, 2.0, 1.0, 1.0, 1.0, 1.0, 1.0, 3.0, 1.0, 1.0, 1.0, 1.0, 1.0, 1.0, 2.0, 3.0, 1.0, 1.0, 3.0, 1.0, 1.0, 1.0, 1.0, 1.0, 1.0, 3.0, 1.0, 2.0, 1.0, 1.0, 1.0, 3.0, 3.0, 2.0, 3.0, 2.0], [1.0, 3.0, 1.0, 1.0, 1.0, 1.0, 3.0, 1.0, 1.0, 1.0, 1.0, 1.0, 1.0, 3.0, 1.0, 1.0, 1.0, 1.0, 2.0, 1.0, 2.0, 2.0, 2.0, 1.0, 3.0, 1.0, 1.0, 1.0, 1.0, 1.0, 1.0, 3.0, 1.0, 2.0, 1.0, 1.0, 1.0, 3.0, 3.0, 2.0, 3.0, 2.0], [1.0, 3.0, 1.0, 1.0, 1.0, 1.0, 3.0, 1.0, 1.0, 1.0, 1.0, 1.0, 1.0, 3.0, 1.0, 1.0, 1.0, 1.0, 2.0, 1.0, 2.0, 2.0, 3.0, 1.0, 3.0, 1.0, 1.0, 1.0, 1.0, 1.0, 1.0, 3.0, 1.0, 2.0, 1.0, 1.0, 1.0, 3.0, 3.0, 1.0, 3.0, 2.0], [1.0, 3.0, 1.0, 1.0, 1.0, 1.0, 3.0, 2.0, 1.0, 1.0, 1.0, 1.0, 1.0, 3.0, 1.0, 1.0, 1.0, 1.0, 2.0, 1.0, 2.0, 2.0, 3.0, 2.0, 2.0, 1.0, 1.0, 1.0, 1.0, 1.0, 1.0, 3.0, 1.0, 2.0, 1.0, 1.0, 1.0, 3.0, 3.0, 2.0, 3.0, 1.0], [1.0, 3.0, 1.0, 1.0, 2.0, 1.0, 2.0, 1.0, 1.0, 1.0, 1.0, 2.0, 1.0, 3.0, 1.0, 1.0, 1.0, 1.0, 2.0, 1.0, 1.0, 2.0, 3.0, 2.0, 3.0, 1.0, 1.0, 1.0, 1.0, 1.0, 1.0, 3.0, 1.0, 2.0, 1.0, 1.0, 1.0, 3.0, 3.0, 2.0, 3.0, 2.0], [1.0, 3.0, 1.0, 1.0, 1.0, 1.0, 3.0, 2.0, 1.0, 1.0, 1.0, 1.0, 1.0, 3.0, 1.0, 1.0, 1.0, 1.0, 2.0, 1.0, 1.0, 2.0, 1.0, 2.0, 3.0, 1.0, 1.0, 1.0, 1.0, 1.0, 1.0, 3.0, 1.0, 2.0, 1.0, 1.0, 1.0, 3.0, 3.0, 2.0, 3.0, 2.0], [1.0, 3.0, 1.0, 1.0, 2.0, 1.0, 3.0, 2.0, 1.0, 1.0, 1.0, 1.0, 1.0, 3.0, 1.0, 1.0, 1.0, 1.0, 2.0, 1.0, 2.0, 2.0, 3.0, 2.0, 3.0, 1.0, 1.0, 1.0, 1.0, 1.0, 1.0, 2.0, 1.0, 3.0, 1.0, 1.0, 1.0, 3.0, 3.0, 2.0, 3.0, 2.0], [1.0, 3.0, 1.0, 1.0, 2.0, 1.0, 3.0, 2.0, 1.0, 1.0, 1.0, 1.0, 1.0, 3.0, 1.0, 1.0, 1.0, 1.0, 1.0, 1.0, 1.0, 2.0, 2.0, 1.0, 3.0, 1.0, 1.0, 1.0, 1.0, 1.0, 1.0, 2.0, 1.0, 3.0, 1.0, 1.0, 1.0, 3.0, 3.0, 2.0, 3.0, 2.0], [1.0, 3.0, 1.0, 1.0, 1.0, 1.0, 3.0, 2.0, 1.0, 1.0, 1.0, 1.0, 1.0, 3.0, 1.0, 1.0, 1.0, 1.0, 1.0, 1.0, 2.0, 3.0, 2.0, 1.0, 3.0, 1.0, 1.0, 1.0, 1.0, 1.0, 1.0, 3.0, 1.0, 2.0, 1.0, 1.0, 1.0, 3.0, 3.0, 1.0, 3.0, 2.0], [1.0, 3.0, 1.0, 1.0, 2.0, 1.0, 3.0, 2.0, 1.0, 1.0, 1.0, 1.0, 1.0, 3.0, 1.0, 1.0, 1.0, 1.0, 2.0, 1.0, 1.0, 3.0, 2.0, 1.0, 2.0, 1.0, 1.0, 1.0, 1.0, 1.0, 1.0, 2.0, 1.0, 3.0, 1.0, 1.0, 1.0, 3.0, 3.0, 2.0, 3.0, 2.0], [1.0, 2.0, 1.0, 1.0, 2.0, 1.0, 3.0, 2.0, 1.0, 1.0, 1.0, 1.0, 1.0, 3.0, 1.0, 1.0, 1.0, 1.0, 2.0, 1.0, 1.0, 2.0, 3.0, 1.0, 3.0, 1.0, 1.0, 1.0, 1.0, 1.0, 1.0, 3.0, 1.0, 2.0, 1.0, 1.0, 1.0, 3.0, 3.0, 1.0, 3.0, 2.0], [1.0, 3.0, 1.0, 1.0, 1.0, 1.0, 3.0, 1.0, 1.0, 1.0, 1.0, 1.0, 1.0, 3.0, 1.0, 1.0, 1.0, 1.0, 2.0, 1.0, 1.0, 3.0, 2.0, 1.0, 2.0, 1.0, 1.0, 1.0, 1.0, 1.0, 1.0, 2.0, 1.0, 3.0, 1.0, 1.0, 1.0, 3.0, 3.0, 1.0, 2.0, 2.0], [1.0, 3.0, 1.0, 1.0, 2.0, 1.0, 3.0, 1.0, 1.0, 1.0, 1.0, 1.0, 1.0, 3.0, 1.0, 1.0, 1.0, 1.0, 2.0, 1.0, 2.0, 1.0, 2.0, 1.0, 3.0, 1.0, 1.0, 1.0, 1.0, 1.0, 1.0, 3.0, 1.0, 2.0, 1.0, 1.0, 1.0, 3.0, 3.0, 1.0, 3.0, 2.0]]

first layer check: Conv2d(9, 64, kernel_size=(7, 7), stride=(2, 2), padding=(3, 3), bias=False)

for model 1: mode acc: 0.738095223903656, run mean acc: 0.7179166674613953, top-2 acc:0.9491666555404663, mode f1: 0.738095223903656

model 1 mode preds
[1.0, 3.0, 1.0, 2.0, 2.0, 1.0, 3.0, 2.0, 1.0, 1.0, 1.0, 2.0, 1.0, 3.0, 1.0, 1.0, 1.0, 2.0, 2.0, 2.0, 2.0, 2.0, 2.0, 2.0, 2.0, 1.0, 1.0, 1.0, 1.0, 1.0, 1.0, 3.0, 2.0, 2.0, 1.0, 1.0, 1.0, 3.0, 3.0, 2.0, 3.0, 2.0]

model 1 all preds
[[1.0, 3.0, 2.0, 2.0, 2.0, 1.0, 3.0, 2.0, 1.0, 1.0, 1.0, 2.0, 1.0, 3.0, 1.0, 1.0, 1.0, 2.0, 2.0, 2.0, 2.0, 2.0, 2.0, 2.0, 2.0, 1.0, 1.0, 1.0, 1.0, 1.0, 1.0, 3.0, 2.0, 2.0, 1.0, 1.0, 1.0, 3.0, 3.0, 2.0, 3.0, 2.0], [1.0, 3.0, 1.0, 1.0, 2.0, 1.0, 3.0, 2.0, 1.0, 1.0, 1.0, 2.0, 1.0, 3.0, 1.0, 1.0, 1.0, 1.0, 2.0, 1.0, 2.0, 3.0, 2.0, 2.0, 2.0, 1.0, 1.0, 1.0, 1.0, 1.0, 1.0, 2.0, 2.0, 2.0, 1.0, 1.0, 1.0, 3.0, 3.0, 2.0, 3.0, 2.0], [1.0, 3.0, 1.0, 1.0, 2.0, 1.0, 3.0, 1.0, 1.0, 1.0, 1.0, 2.0, 1.0, 3.0, 1.0, 1.0, 1.0, 2.0, 2.0, 2.0, 2.0, 3.0, 2.0, 2.0, 3.0, 1.0, 1.0, 1.0, 1.0, 1.0, 1.0, 2.0, 1.0, 3.0, 1.0, 1.0, 1.0, 3.0, 3.0, 2.0, 3.0, 2.0], [1.0, 3.0, 1.0, 1.0, 2.0, 1.0, 3.0, 2.0, 1.0, 1.0, 1.0, 2.0, 1.0, 3.0, 1.0, 1.0, 1.0, 1.0, 2.0, 1.0, 2.0, 3.0, 2.0, 2.0, 2.0, 1.0, 1.0, 1.0, 1.0, 1.0, 1.0, 3.0, 1.0, 2.0, 1.0, 1.0, 1.0, 3.0, 3.0, 2.0, 3.0, 2.0], [1.0, 3.0, 1.0, 2.0, 2.0, 1.0, 3.0, 1.0, 1.0, 1.0, 1.0, 1.0, 1.0, 3.0, 1.0, 1.0, 1.0, 1.0, 2.0, 1.0, 2.0, 2.0, 2.0, 2.0, 3.0, 1.0, 1.0, 1.0, 1.0, 2.0, 1.0, 3.0, 2.0, 2.0, 1.0, 1.0, 1.0, 3.0, 3.0, 2.0, 3.0, 2.0], [1.0, 3.0, 1.0, 2.0, 2.0, 1.0, 3.0, 2.0, 1.0, 1.0, 1.0, 2.0, 1.0, 3.0, 1.0, 1.0, 1.0, 2.0, 2.0, 2.0, 2.0, 3.0, 2.0, 2.0, 2.0, 1.0, 1.0, 1.0, 1.0, 1.0, 1.0, 2.0, 1.0, 2.0, 1.0, 1.0, 1.0, 3.0, 3.0, 2.0, 2.0, 2.0], [1.0, 3.0, 1.0, 1.0, 2.0, 1.0, 3.0, 2.0, 1.0, 1.0, 1.0, 2.0, 1.0, 3.0, 1.0, 1.0, 1.0, 2.0, 2.0, 1.0, 2.0, 3.0, 2.0, 2.0, 2.0, 1.0, 1.0, 1.0, 1.0, 1.0, 1.0, 3.0, 1.0, 2.0, 1.0, 1.0, 1.0, 3.0, 3.0, 2.0, 3.0, 2.0], [1.0, 3.0, 1.0, 2.0, 2.0, 1.0, 3.0, 2.0, 1.0, 1.0, 1.0, 2.0, 1.0, 3.0, 1.0, 1.0, 1.0, 2.0, 2.0, 2.0, 2.0, 2.0, 2.0, 2.0, 3.0, 1.0, 1.0, 1.0, 1.0, 1.0, 1.0, 3.0, 2.0, 2.0, 1.0, 1.0, 1.0, 3.0, 3.0, 2.0, 2.0, 2.0], [1.0, 3.0, 2.0, 2.0, 2.0, 1.0, 3.0, 2.0, 1.0, 1.0, 1.0, 2.0, 1.0, 3.0, 1.0, 1.0, 1.0, 2.0, 2.0, 2.0, 2.0, 2.0, 1.0, 2.0, 3.0, 1.0, 1.0, 1.0, 1.0, 1.0, 1.0, 3.0, 2.0, 2.0, 1.0, 1.0, 1.0, 3.0, 3.0, 2.0, 2.0, 2.0], [1.0, 3.0, 1.0, 1.0, 2.0, 1.0, 3.0, 1.0, 1.0, 1.0, 1.0, 2.0, 1.0, 3.0, 1.0, 1.0, 1.0, 2.0, 2.0, 1.0, 2.0, 2.0, 2.0, 2.0, 2.0, 1.0, 1.0, 1.0, 1.0, 1.0, 1.0, 2.0, 1.0, 2.0, 1.0, 1.0, 1.0, 3.0, 3.0, 2.0, 3.0, 2.0], [1.0, 3.0, 1.0, 2.0, 2.0, 1.0, 2.0, 2.0, 1.0, 1.0, 1.0, 2.0, 1.0, 3.0, 1.0, 1.0, 1.0, 2.0, 2.0, 1.0, 2.0, 3.0, 2.0, 2.0, 2.0, 1.0, 1.0, 1.0, 1.0, 1.0, 1.0, 3.0, 1.0, 2.0, 1.0, 1.0, 1.0, 3.0, 3.0, 2.0, 2.0, 2.0], [1.0, 3.0, 1.0, 1.0, 2.0, 1.0, 2.0, 2.0, 1.0, 1.0, 1.0, 2.0, 1.0, 3.0, 1.0, 1.0, 1.0, 2.0, 2.0, 2.0, 2.0, 3.0, 2.0, 2.0, 2.0, 1.0, 1.0, 1.0, 1.0, 1.0, 1.0, 3.0, 1.0, 2.0, 1.0, 1.0, 1.0, 3.0, 3.0, 2.0, 3.0, 2.0], [1.0, 3.0, 1.0, 1.0, 2.0, 1.0, 3.0, 2.0, 1.0, 1.0, 1.0, 2.0, 1.0, 3.0, 1.0, 1.0, 1.0, 2.0, 2.0, 1.0, 2.0, 2.0, 2.0, 2.0, 2.0, 1.0, 1.0, 1.0, 1.0, 1.0, 1.0, 3.0, 2.0, 2.0, 1.0, 1.0, 1.0, 3.0, 3.0, 2.0, 3.0, 2.0], [1.0, 3.0, 1.0, 1.0, 2.0, 1.0, 3.0, 2.0, 1.0, 1.0, 1.0, 2.0, 1.0, 3.0, 1.0, 1.0, 1.0, 2.0, 2.0, 2.0, 2.0, 2.0, 2.0, 1.0, 2.0, 1.0, 1.0, 1.0, 1.0, 1.0, 1.0, 3.0, 2.0, 3.0, 1.0, 1.0, 1.0, 3.0, 3.0, 2.0, 3.0, 2.0], [1.0, 3.0, 1.0, 2.0, 2.0, 1.0, 3.0, 2.0, 1.0, 1.0, 1.0, 1.0, 1.0, 3.0, 1.0, 1.0, 1.0, 2.0, 2.0, 1.0, 2.0, 2.0, 2.0, 2.0, 3.0, 1.0, 1.0, 1.0, 1.0, 1.0, 1.0, 2.0, 2.0, 2.0, 1.0, 1.0, 1.0, 3.0, 3.0, 2.0, 3.0, 2.0], [1.0, 3.0, 1.0, 2.0, 2.0, 1.0, 3.0, 1.0, 1.0, 1.0, 1.0, 2.0, 1.0, 3.0, 1.0, 1.0, 1.0, 2.0, 2.0, 2.0, 1.0, 3.0, 2.0, 2.0, 2.0, 1.0, 1.0, 1.0, 1.0, 1.0, 1.0, 3.0, 2.0, 2.0, 1.0, 1.0, 1.0, 3.0, 3.0, 2.0, 3.0, 2.0], [1.0, 3.0, 1.0, 2.0, 2.0, 1.0, 3.0, 2.0, 1.0, 1.0, 1.0, 2.0, 1.0, 3.0, 1.0, 1.0, 1.0, 1.0, 2.0, 1.0, 2.0, 3.0, 2.0, 2.0, 3.0, 1.0, 1.0, 1.0, 1.0, 1.0, 1.0, 3.0, 2.0, 2.0, 1.0, 1.0, 1.0, 3.0, 3.0, 2.0, 3.0, 2.0], [1.0, 3.0, 1.0, 2.0, 2.0, 1.0, 3.0, 2.0, 1.0, 1.0, 1.0, 2.0, 1.0, 3.0, 2.0, 1.0, 1.0, 2.0, 2.0, 2.0, 2.0, 2.0, 2.0, 2.0, 3.0, 1.0, 1.0, 1.0, 1.0, 1.0, 1.0, 2.0, 1.0, 2.0, 1.0, 1.0, 1.0, 3.0, 3.0, 2.0, 3.0, 1.0], [1.0, 3.0, 1.0, 2.0, 2.0, 1.0, 3.0, 2.0, 1.0, 1.0, 1.0, 2.0, 1.0, 3.0, 1.0, 1.0, 1.0, 2.0, 2.0, 2.0, 2.0, 2.0, 2.0, 2.0, 2.0, 1.0, 1.0, 1.0, 1.0, 2.0, 1.0, 3.0, 2.0, 2.0, 1.0, 1.0, 1.0, 3.0, 3.0, 2.0, 3.0, 2.0], [1.0, 3.0, 1.0, 2.0, 2.0, 1.0, 3.0, 2.0, 1.0, 1.0, 1.0, 2.0, 1.0, 3.0, 1.0, 1.0, 1.0, 2.0, 2.0, 2.0, 2.0, 2.0, 2.0, 2.0, 3.0, 1.0, 1.0, 1.0, 1.0, 2.0, 1.0, 3.0, 1.0, 3.0, 1.0, 2.0, 2.0, 3.0, 3.0, 2.0, 3.0, 2.0], [1.0, 3.0, 2.0, 2.0, 2.0, 1.0, 3.0, 2.0, 1.0, 1.0, 1.0, 2.0, 1.0, 3.0, 2.0, 1.0, 1.0, 2.0, 2.0, 2.0, 2.0, 2.0, 1.0, 2.0, 2.0, 1.0, 1.0, 1.0, 1.0, 1.0, 1.0, 3.0, 2.0, 2.0, 1.0, 1.0, 1.0, 3.0, 3.0, 2.0, 3.0, 2.0], [1.0, 3.0, 1.0, 1.0, 2.0, 1.0, 3.0, 2.0, 1.0, 1.0, 1.0, 2.0, 1.0, 3.0, 1.0, 1.0, 1.0, 2.0, 2.0, 1.0, 2.0, 2.0, 2.0, 2.0, 2.0, 1.0, 1.0, 1.0, 1.0, 1.0, 1.0, 2.0, 1.0, 2.0, 1.0, 1.0, 1.0, 3.0, 3.0, 2.0, 3.0, 2.0], [1.0, 3.0, 1.0, 1.0, 2.0, 1.0, 3.0, 2.0, 1.0, 1.0, 1.0, 2.0, 1.0, 3.0, 1.0, 1.0, 1.0, 2.0, 2.0, 2.0, 2.0, 2.0, 2.0, 2.0, 2.0, 1.0, 1.0, 1.0, 1.0, 1.0, 1.0, 3.0, 2.0, 2.0, 1.0, 1.0, 1.0, 3.0, 3.0, 2.0, 2.0, 2.0], [1.0, 3.0, 1.0, 1.0, 2.0, 1.0, 3.0, 2.0, 1.0, 1.0, 1.0, 2.0, 1.0, 3.0, 1.0, 1.0, 1.0, 2.0, 2.0, 1.0, 2.0, 3.0, 2.0, 2.0, 2.0, 1.0, 1.0, 1.0, 1.0, 1.0, 1.0, 3.0, 1.0, 2.0, 1.0, 1.0, 1.0, 3.0, 3.0, 2.0, 3.0, 2.0], [1.0, 3.0, 1.0, 2.0, 2.0, 1.0, 3.0, 2.0, 1.0, 1.0, 1.0, 2.0, 1.0, 3.0, 1.0, 1.0, 1.0, 2.0, 2.0, 1.0, 2.0, 2.0, 2.0, 2.0, 3.0, 1.0, 1.0, 1.0, 1.0, 1.0, 1.0, 3.0, 2.0, 2.0, 1.0, 1.0, 1.0, 3.0, 3.0, 2.0, 3.0, 2.0], [1.0, 3.0, 2.0, 2.0, 2.0, 1.0, 3.0, 2.0, 1.0, 1.0, 1.0, 2.0, 1.0, 3.0, 1.0, 1.0, 1.0, 2.0, 2.0, 1.0, 2.0, 3.0, 2.0, 2.0, 2.0, 1.0, 1.0, 1.0, 1.0, 1.0, 1.0, 2.0, 2.0, 2.0, 1.0, 1.0, 1.0, 3.0, 3.0, 2.0, 3.0, 2.0], [1.0, 3.0, 1.0, 2.0, 2.0, 1.0, 3.0, 2.0, 1.0, 1.0, 1.0, 2.0, 1.0, 3.0, 1.0, 1.0, 1.0, 2.0, 2.0, 1.0, 2.0, 3.0, 2.0, 2.0, 3.0, 1.0, 1.0, 1.0, 1.0, 2.0, 1.0, 2.0, 2.0, 2.0, 1.0, 1.0, 1.0, 3.0, 3.0, 2.0, 2.0, 2.0], [1.0, 3.0, 1.0, 2.0, 2.0, 1.0, 3.0, 2.0, 1.0, 1.0, 1.0, 1.0, 1.0, 3.0, 1.0, 1.0, 1.0, 2.0, 2.0, 1.0, 2.0, 2.0, 2.0, 2.0, 2.0, 1.0, 1.0, 1.0, 1.0, 1.0, 1.0, 3.0, 2.0, 2.0, 1.0, 1.0, 1.0, 3.0, 3.0, 2.0, 3.0, 2.0], [1.0, 3.0, 2.0, 2.0, 2.0, 1.0, 3.0, 2.0, 1.0, 1.0, 1.0, 2.0, 1.0, 3.0, 1.0, 1.0, 1.0, 1.0, 2.0, 1.0, 2.0, 2.0, 2.0, 2.0, 2.0, 1.0, 1.0, 1.0, 1.0, 1.0, 1.0, 3.0, 2.0, 2.0, 1.0, 1.0, 1.0, 3.0, 3.0, 2.0, 3.0, 2.0], [1.0, 3.0, 1.0, 1.0, 2.0, 1.0, 2.0, 2.0, 1.0, 1.0, 1.0, 2.0, 1.0, 3.0, 1.0, 1.0, 1.0, 2.0, 2.0, 2.0, 2.0, 3.0, 2.0, 2.0, 3.0, 1.0, 1.0, 1.0, 1.0, 1.0, 1.0, 3.0, 2.0, 2.0, 1.0, 1.0, 1.0, 3.0, 3.0, 2.0, 3.0, 2.0], [1.0, 3.0, 1.0, 1.0, 2.0, 1.0, 3.0, 1.0, 1.0, 1.0, 1.0, 1.0, 1.0, 3.0, 1.0, 1.0, 1.0, 2.0, 2.0, 1.0, 2.0, 2.0, 2.0, 2.0, 3.0, 1.0, 1.0, 1.0, 1.0, 1.0, 1.0, 3.0, 1.0, 2.0, 1.0, 1.0, 1.0, 3.0, 3.0, 2.0, 3.0, 2.0], [1.0, 3.0, 1.0, 2.0, 2.0, 1.0, 3.0, 2.0, 1.0, 1.0, 1.0, 2.0, 1.0, 3.0, 1.0, 1.0, 1.0, 2.0, 2.0, 1.0, 2.0, 2.0, 2.0, 1.0, 2.0, 1.0, 1.0, 1.0, 1.0, 1.0, 1.0, 3.0, 1.0, 2.0, 1.0, 2.0, 1.0, 3.0, 3.0, 2.0, 3.0, 2.0], [1.0, 3.0, 1.0, 1.0, 2.0, 1.0, 3.0, 2.0, 1.0, 1.0, 1.0, 2.0, 1.0, 3.0, 1.0, 1.0, 1.0, 2.0, 2.0, 2.0, 2.0, 2.0, 2.0, 2.0, 2.0, 1.0, 1.0, 1.0, 1.0, 1.0, 1.0, 2.0, 2.0, 2.0, 1.0, 1.0, 1.0, 3.0, 3.0, 2.0, 3.0, 2.0], [1.0, 3.0, 1.0, 1.0, 2.0, 1.0, 3.0, 2.0, 1.0, 1.0, 1.0, 2.0, 1.0, 3.0, 1.0, 1.0, 1.0, 2.0, 2.0, 2.0, 2.0, 2.0, 2.0, 2.0, 3.0, 1.0, 1.0, 1.0, 1.0, 1.0, 1.0, 2.0, 2.0, 2.0, 1.0, 1.0, 1.0, 3.0, 3.0, 2.0, 2.0, 2.0], [1.0, 3.0, 1.0, 2.0, 2.0, 1.0, 3.0, 2.0, 1.0, 1.0, 1.0, 1.0, 1.0, 3.0, 1.0, 1.0, 1.0, 2.0, 2.0, 2.0, 2.0, 2.0, 2.0, 2.0, 3.0, 1.0, 1.0, 1.0, 1.0, 1.0, 1.0, 3.0, 1.0, 2.0, 1.0, 1.0, 1.0, 3.0, 3.0, 2.0, 2.0, 2.0], [1.0, 3.0, 1.0, 1.0, 2.0, 1.0, 3.0, 2.0, 1.0, 1.0, 1.0, 2.0, 1.0, 3.0, 1.0, 1.0, 1.0, 2.0, 2.0, 1.0, 2.0, 2.0, 2.0, 1.0, 2.0, 1.0, 1.0, 1.0, 1.0, 2.0, 1.0, 2.0, 1.0, 2.0, 1.0, 1.0, 1.0, 3.0, 3.0, 2.0, 3.0, 2.0], [1.0, 3.0, 1.0, 1.0, 2.0, 1.0, 3.0, 2.0, 1.0, 1.0, 1.0, 2.0, 1.0, 3.0, 1.0, 1.0, 1.0, 2.0, 2.0, 2.0, 1.0, 2.0, 2.0, 2.0, 3.0, 1.0, 1.0, 1.0, 1.0, 1.0, 1.0, 3.0, 2.0, 2.0, 1.0, 1.0, 1.0, 3.0, 3.0, 2.0, 3.0, 2.0], [1.0, 3.0, 1.0, 1.0, 2.0, 1.0, 3.0, 2.0, 1.0, 1.0, 1.0, 2.0, 1.0, 3.0, 1.0, 1.0, 1.0, 2.0, 2.0, 1.0, 2.0, 2.0, 2.0, 2.0, 2.0, 1.0, 1.0, 1.0, 1.0, 1.0, 1.0, 2.0, 1.0, 2.0, 1.0, 1.0, 1.0, 3.0, 3.0, 2.0, 3.0, 2.0], [1.0, 3.0, 1.0, 2.0, 2.0, 1.0, 3.0, 2.0, 1.0, 1.0, 1.0, 1.0, 1.0, 3.0, 1.0, 1.0, 1.0, 2.0, 2.0, 2.0, 2.0, 2.0, 2.0, 2.0, 2.0, 1.0, 1.0, 1.0, 1.0, 1.0, 1.0, 3.0, 2.0, 2.0, 1.0, 1.0, 1.0, 3.0, 3.0, 2.0, 2.0, 2.0], [1.0, 3.0, 1.0, 2.0, 2.0, 1.0, 3.0, 2.0, 1.0, 1.0, 1.0, 2.0, 1.0, 3.0, 1.0, 1.0, 1.0, 2.0, 2.0, 2.0, 2.0, 3.0, 2.0, 2.0, 2.0, 1.0, 1.0, 1.0, 1.0, 1.0, 1.0, 3.0, 1.0, 2.0, 1.0, 1.0, 1.0, 3.0, 3.0, 2.0, 3.0, 2.0], [1.0, 3.0, 1.0, 2.0, 2.0, 1.0, 3.0, 2.0, 1.0, 1.0, 1.0, 2.0, 1.0, 3.0, 2.0, 1.0, 1.0, 2.0, 2.0, 2.0, 2.0, 2.0, 2.0, 2.0, 3.0, 1.0, 1.0, 1.0, 1.0, 1.0, 1.0, 2.0, 2.0, 2.0, 1.0, 1.0, 1.0, 3.0, 3.0, 2.0, 2.0, 2.0], [1.0, 3.0, 1.0, 2.0, 2.0, 1.0, 3.0, 2.0, 1.0, 1.0, 1.0, 2.0, 1.0, 3.0, 1.0, 1.0, 1.0, 2.0, 2.0, 2.0, 2.0, 2.0, 2.0, 2.0, 2.0, 1.0, 1.0, 1.0, 1.0, 2.0, 1.0, 3.0, 2.0, 2.0, 1.0, 1.0, 1.0, 3.0, 3.0, 2.0, 3.0, 2.0], [1.0, 3.0, 1.0, 2.0, 2.0, 1.0, 3.0, 2.0, 1.0, 1.0, 1.0, 2.0, 1.0, 3.0, 1.0, 1.0, 1.0, 2.0, 2.0, 1.0, 2.0, 2.0, 2.0, 2.0, 2.0, 1.0, 1.0, 1.0, 1.0, 1.0, 1.0, 2.0, 1.0, 3.0, 1.0, 1.0, 1.0, 3.0, 3.0, 2.0, 3.0, 2.0], [1.0, 3.0, 1.0, 1.0, 2.0, 1.0, 3.0, 2.0, 1.0, 1.0, 1.0, 2.0, 1.0, 3.0, 1.0, 1.0, 1.0, 2.0, 2.0, 1.0, 2.0, 2.0, 2.0, 2.0, 3.0, 1.0, 1.0, 1.0, 1.0, 1.0, 1.0, 3.0, 1.0, 2.0, 1.0, 1.0, 1.0, 3.0, 3.0, 2.0, 2.0, 2.0], [1.0, 3.0, 1.0, 2.0, 2.0, 1.0, 3.0, 2.0, 1.0, 1.0, 1.0, 2.0, 1.0, 3.0, 1.0, 1.0, 1.0, 1.0, 2.0, 2.0, 2.0, 3.0, 2.0, 1.0, 2.0, 1.0, 1.0, 1.0, 1.0, 1.0, 1.0, 3.0, 1.0, 2.0, 1.0, 1.0, 1.0, 3.0, 3.0, 2.0, 2.0, 2.0], [1.0, 3.0, 1.0, 2.0, 2.0, 1.0, 3.0, 2.0, 1.0, 1.0, 1.0, 2.0, 1.0, 3.0, 1.0, 1.0, 1.0, 2.0, 2.0, 2.0, 2.0, 3.0, 2.0, 2.0, 2.0, 1.0, 1.0, 1.0, 1.0, 1.0, 1.0, 3.0, 1.0, 2.0, 1.0, 1.0, 1.0, 3.0, 3.0, 2.0, 2.0, 2.0], [1.0, 3.0, 1.0, 2.0, 2.0, 1.0, 3.0, 2.0, 1.0, 1.0, 1.0, 2.0, 1.0, 3.0, 1.0, 1.0, 1.0, 2.0, 2.0, 1.0, 2.0, 2.0, 1.0, 2.0, 2.0, 1.0, 1.0, 1.0, 1.0, 1.0, 1.0, 3.0, 2.0, 2.0, 1.0, 1.0, 1.0, 3.0, 3.0, 2.0, 3.0, 2.0], [1.0, 3.0, 1.0, 2.0, 2.0, 1.0, 3.0, 2.0, 1.0, 1.0, 1.0, 2.0, 1.0, 3.0, 1.0, 1.0, 1.0, 2.0, 2.0, 2.0, 2.0, 2.0, 2.0, 2.0, 3.0, 1.0, 1.0, 1.0, 1.0, 1.0, 1.0, 3.0, 1.0, 2.0, 1.0, 1.0, 1.0, 3.0, 3.0, 2.0, 3.0, 2.0], [1.0, 3.0, 1.0, 1.0, 2.0, 1.0, 3.0, 2.0, 1.0, 1.0, 1.0, 2.0, 1.0, 3.0, 1.0, 1.0, 1.0, 2.0, 2.0, 2.0, 2.0, 2.0, 2.0, 2.0, 3.0, 1.0, 1.0, 1.0, 1.0, 1.0, 1.0, 3.0, 2.0, 2.0, 1.0, 1.0, 1.0, 3.0, 3.0, 2.0, 3.0, 2.0], [1.0, 3.0, 1.0, 2.0, 2.0, 1.0, 3.0, 2.0, 1.0, 1.0, 1.0, 2.0, 1.0, 3.0, 1.0, 1.0, 1.0, 2.0, 2.0, 1.0, 2.0, 3.0, 2.0, 2.0, 3.0, 1.0, 1.0, 1.0, 1.0, 1.0, 1.0, 3.0, 1.0, 2.0, 1.0, 1.0, 1.0, 3.0, 3.0, 2.0, 2.0, 2.0]]

first layer check: Conv2d(9, 64, kernel_size=(7, 7), stride=(2, 2), padding=(3, 3), bias=False)

for model 2: mode acc: 0.7142857313156128, run mean acc: 0.6800000667572021, top-2 acc:0.8962500095367432, mode f1: 0.7142857313156128

model 2 mode preds
[1.0, 3.0, 1.0, 1.0, 2.0, 1.0, 3.0, 2.0, 1.0, 1.0, 1.0, 2.0, 1.0, 3.0, 1.0, 1.0, 1.0, 2.0, 2.0, 1.0, 2.0, 2.0, 2.0, 2.0, 2.0, 1.0, 1.0, 1.0, 1.0, 1.0, 1.0, 2.0, 2.0, 2.0, 1.0, 1.0, 1.0, 3.0, 3.0, 2.0, 3.0, 2.0]

model 2 all preds
[[1.0, 3.0, 1.0, 1.0, 2.0, 1.0, 3.0, 2.0, 1.0, 1.0, 1.0, 2.0, 1.0, 3.0, 1.0, 1.0, 1.0, 2.0, 2.0, 1.0, 2.0, 3.0, 2.0, 2.0, 2.0, 1.0, 1.0, 1.0, 1.0, 1.0, 1.0, 2.0, 2.0, 2.0, 1.0, 1.0, 1.0, 3.0, 3.0, 2.0, 3.0, 2.0], [1.0, 2.0, 1.0, 1.0, 2.0, 1.0, 3.0, 2.0, 1.0, 1.0, 1.0, 2.0, 1.0, 3.0, 1.0, 1.0, 1.0, 2.0, 2.0, 1.0, 2.0, 2.0, 2.0, 1.0, 2.0, 1.0, 1.0, 1.0, 1.0, 1.0, 1.0, 3.0, 2.0, 2.0, 1.0, 1.0, 1.0, 3.0, 3.0, 2.0, 3.0, 2.0], [1.0, 3.0, 1.0, 1.0, 2.0, 1.0, 2.0, 2.0, 1.0, 1.0, 1.0, 2.0, 1.0, 3.0, 1.0, 1.0, 1.0, 2.0, 2.0, 1.0, 2.0, 2.0, 2.0, 1.0, 2.0, 1.0, 1.0, 1.0, 1.0, 2.0, 1.0, 2.0, 2.0, 2.0, 1.0, 1.0, 1.0, 3.0, 3.0, 2.0, 3.0, 2.0], [1.0, 3.0, 1.0, 1.0, 2.0, 1.0, 3.0, 2.0, 1.0, 1.0, 1.0, 1.0, 1.0, 3.0, 1.0, 1.0, 1.0, 2.0, 2.0, 2.0, 2.0, 2.0, 1.0, 2.0, 2.0, 1.0, 1.0, 1.0, 1.0, 1.0, 1.0, 2.0, 1.0, 2.0, 1.0, 1.0, 1.0, 3.0, 3.0, 2.0, 3.0, 2.0], [1.0, 3.0, 1.0, 1.0, 2.0, 1.0, 2.0, 1.0, 1.0, 1.0, 1.0, 1.0, 1.0, 3.0, 1.0, 1.0, 1.0, 1.0, 2.0, 1.0, 2.0, 3.0, 2.0, 1.0, 2.0, 1.0, 1.0, 1.0, 1.0, 2.0, 1.0, 2.0, 2.0, 2.0, 1.0, 1.0, 1.0, 3.0, 3.0, 2.0, 3.0, 2.0], [1.0, 2.0, 1.0, 1.0, 2.0, 1.0, 3.0, 2.0, 1.0, 1.0, 1.0, 2.0, 1.0, 3.0, 1.0, 1.0, 1.0, 2.0, 2.0, 1.0, 2.0, 2.0, 2.0, 2.0, 2.0, 1.0, 1.0, 1.0, 1.0, 2.0, 1.0, 2.0, 2.0, 2.0, 1.0, 1.0, 1.0, 3.0, 3.0, 2.0, 2.0, 2.0], [1.0, 3.0, 1.0, 1.0, 2.0, 1.0, 2.0, 2.0, 1.0, 1.0, 1.0, 2.0, 1.0, 3.0, 1.0, 1.0, 1.0, 2.0, 2.0, 1.0, 2.0, 3.0, 2.0, 1.0, 2.0, 1.0, 1.0, 1.0, 1.0, 2.0, 1.0, 3.0, 1.0, 3.0, 1.0, 1.0, 1.0, 3.0, 3.0, 2.0, 3.0, 2.0], [1.0, 3.0, 1.0, 1.0, 2.0, 1.0, 2.0, 2.0, 1.0, 1.0, 1.0, 2.0, 1.0, 3.0, 1.0, 1.0, 1.0, 2.0, 2.0, 2.0, 2.0, 3.0, 1.0, 2.0, 2.0, 1.0, 1.0, 1.0, 1.0, 1.0, 1.0, 2.0, 2.0, 2.0, 1.0, 1.0, 1.0, 3.0, 3.0, 2.0, 3.0, 2.0], [1.0, 3.0, 1.0, 1.0, 2.0, 1.0, 3.0, 1.0, 1.0, 1.0, 1.0, 2.0, 1.0, 3.0, 1.0, 1.0, 1.0, 2.0, 2.0, 1.0, 2.0, 2.0, 1.0, 2.0, 2.0, 1.0, 1.0, 1.0, 1.0, 1.0, 1.0, 2.0, 2.0, 2.0, 1.0, 1.0, 1.0, 3.0, 3.0, 2.0, 2.0, 2.0], [1.0, 2.0, 1.0, 1.0, 2.0, 1.0, 3.0, 1.0, 1.0, 1.0, 1.0, 1.0, 1.0, 3.0, 1.0, 1.0, 1.0, 2.0, 2.0, 2.0, 2.0, 2.0, 2.0, 1.0, 2.0, 1.0, 1.0, 1.0, 1.0, 2.0, 1.0, 2.0, 2.0, 2.0, 1.0, 1.0, 1.0, 3.0, 3.0, 2.0, 2.0, 2.0], [1.0, 3.0, 1.0, 1.0, 2.0, 1.0, 3.0, 2.0, 1.0, 1.0, 1.0, 1.0, 1.0, 3.0, 1.0, 1.0, 1.0, 2.0, 2.0, 1.0, 2.0, 2.0, 2.0, 1.0, 2.0, 1.0, 1.0, 1.0, 1.0, 3.0, 1.0, 3.0, 1.0, 2.0, 1.0, 1.0, 1.0, 3.0, 3.0, 2.0, 2.0, 2.0], [1.0, 3.0, 1.0, 1.0, 2.0, 1.0, 3.0, 2.0, 1.0, 1.0, 1.0, 1.0, 1.0, 3.0, 1.0, 1.0, 1.0, 2.0, 2.0, 1.0, 2.0, 3.0, 1.0, 2.0, 2.0, 1.0, 1.0, 1.0, 1.0, 1.0, 1.0, 2.0, 2.0, 2.0, 1.0, 1.0, 1.0, 3.0, 3.0, 2.0, 3.0, 2.0], [1.0, 3.0, 1.0, 1.0, 2.0, 1.0, 3.0, 2.0, 1.0, 1.0, 1.0, 1.0, 1.0, 3.0, 1.0, 1.0, 1.0, 2.0, 2.0, 1.0, 2.0, 2.0, 2.0, 1.0, 2.0, 1.0, 1.0, 1.0, 1.0, 2.0, 1.0, 2.0, 1.0, 2.0, 1.0, 1.0, 1.0, 3.0, 3.0, 2.0, 3.0, 2.0], [1.0, 3.0, 1.0, 1.0, 2.0, 1.0, 3.0, 2.0, 1.0, 1.0, 1.0, 1.0, 1.0, 3.0, 1.0, 1.0, 1.0, 2.0, 2.0, 1.0, 2.0, 3.0, 2.0, 1.0, 2.0, 1.0, 1.0, 1.0, 1.0, 2.0, 1.0, 3.0, 2.0, 2.0, 1.0, 1.0, 1.0, 3.0, 3.0, 2.0, 3.0, 2.0], [1.0, 3.0, 1.0, 1.0, 2.0, 1.0, 3.0, 2.0, 1.0, 1.0, 1.0, 2.0, 1.0, 3.0, 1.0, 1.0, 1.0, 2.0, 2.0, 1.0, 2.0, 3.0, 2.0, 2.0, 2.0, 1.0, 1.0, 1.0, 1.0, 1.0, 1.0, 2.0, 2.0, 2.0, 1.0, 1.0, 1.0, 3.0, 3.0, 2.0, 3.0, 2.0], [1.0, 2.0, 1.0, 1.0, 2.0, 1.0, 2.0, 2.0, 1.0, 1.0, 1.0, 1.0, 1.0, 3.0, 1.0, 1.0, 1.0, 2.0, 2.0, 2.0, 2.0, 3.0, 2.0, 2.0, 2.0, 1.0, 1.0, 1.0, 1.0, 2.0, 2.0, 2.0, 2.0, 2.0, 1.0, 1.0, 1.0, 3.0, 3.0, 2.0, 3.0, 2.0], [1.0, 2.0, 1.0, 1.0, 2.0, 1.0, 2.0, 2.0, 1.0, 1.0, 1.0, 2.0, 1.0, 3.0, 1.0, 1.0, 1.0, 2.0, 2.0, 2.0, 2.0, 2.0, 2.0, 1.0, 2.0, 1.0, 1.0, 1.0, 1.0, 1.0, 1.0, 3.0, 2.0, 2.0, 1.0, 1.0, 1.0, 3.0, 3.0, 2.0, 2.0, 2.0], [1.0, 3.0, 1.0, 1.0, 2.0, 1.0, 3.0, 1.0, 1.0, 1.0, 1.0, 1.0, 1.0, 3.0, 1.0, 1.0, 1.0, 2.0, 2.0, 1.0, 2.0, 2.0, 2.0, 2.0, 2.0, 1.0, 1.0, 1.0, 1.0, 2.0, 1.0, 2.0, 2.0, 2.0, 1.0, 1.0, 1.0, 3.0, 3.0, 2.0, 3.0, 2.0], [1.0, 3.0, 1.0, 1.0, 2.0, 1.0, 3.0, 1.0, 1.0, 1.0, 1.0, 2.0, 1.0, 3.0, 1.0, 1.0, 1.0, 2.0, 2.0, 1.0, 2.0, 2.0, 2.0, 1.0, 2.0, 1.0, 1.0, 1.0, 1.0, 2.0, 1.0, 2.0, 2.0, 3.0, 1.0, 1.0, 1.0, 3.0, 3.0, 2.0, 3.0, 2.0], [1.0, 3.0, 1.0, 1.0, 2.0, 1.0, 3.0, 2.0, 1.0, 1.0, 1.0, 1.0, 1.0, 3.0, 1.0, 1.0, 1.0, 2.0, 2.0, 1.0, 2.0, 2.0, 2.0, 1.0, 2.0, 1.0, 1.0, 1.0, 1.0, 2.0, 1.0, 2.0, 2.0, 2.0, 1.0, 1.0, 1.0, 3.0, 3.0, 2.0, 3.0, 2.0], [1.0, 2.0, 1.0, 1.0, 2.0, 1.0, 3.0, 2.0, 1.0, 1.0, 1.0, 2.0, 1.0, 3.0, 1.0, 1.0, 1.0, 2.0, 2.0, 2.0, 2.0, 3.0, 2.0, 2.0, 2.0, 1.0, 1.0, 1.0, 1.0, 2.0, 1.0, 2.0, 2.0, 2.0, 1.0, 1.0, 1.0, 3.0, 3.0, 2.0, 3.0, 2.0], [1.0, 2.0, 1.0, 1.0, 2.0, 1.0, 3.0, 1.0, 1.0, 1.0, 1.0, 1.0, 1.0, 3.0, 1.0, 1.0, 1.0, 2.0, 2.0, 1.0, 2.0, 2.0, 2.0, 2.0, 2.0, 1.0, 1.0, 1.0, 1.0, 1.0, 1.0, 2.0, 2.0, 2.0, 1.0, 1.0, 1.0, 3.0, 3.0, 2.0, 2.0, 2.0], [1.0, 3.0, 1.0, 1.0, 2.0, 1.0, 2.0, 1.0, 1.0, 1.0, 1.0, 1.0, 1.0, 2.0, 1.0, 1.0, 1.0, 2.0, 2.0, 1.0, 2.0, 2.0, 2.0, 2.0, 2.0, 1.0, 1.0, 1.0, 1.0, 1.0, 1.0, 2.0, 2.0, 2.0, 1.0, 1.0, 1.0, 3.0, 3.0, 2.0, 3.0, 2.0], [1.0, 3.0, 1.0, 1.0, 2.0, 1.0, 3.0, 2.0, 1.0, 1.0, 1.0, 1.0, 1.0, 3.0, 1.0, 1.0, 1.0, 2.0, 2.0, 1.0, 2.0, 2.0, 1.0, 2.0, 2.0, 1.0, 1.0, 1.0, 1.0, 1.0, 1.0, 3.0, 2.0, 2.0, 1.0, 1.0, 1.0, 3.0, 2.0, 2.0, 2.0, 2.0], [1.0, 3.0, 1.0, 1.0, 2.0, 1.0, 3.0, 1.0, 1.0, 1.0, 1.0, 2.0, 1.0, 3.0, 1.0, 1.0, 1.0, 2.0, 2.0, 1.0, 2.0, 2.0, 1.0, 2.0, 2.0, 1.0, 1.0, 1.0, 1.0, 1.0, 1.0, 2.0, 2.0, 3.0, 1.0, 1.0, 1.0, 3.0, 3.0, 2.0, 3.0, 2.0], [1.0, 3.0, 1.0, 1.0, 2.0, 1.0, 3.0, 2.0, 1.0, 1.0, 1.0, 1.0, 1.0, 3.0, 1.0, 1.0, 1.0, 1.0, 2.0, 1.0, 2.0, 2.0, 2.0, 1.0, 2.0, 1.0, 1.0, 1.0, 1.0, 2.0, 1.0, 2.0, 2.0, 2.0, 1.0, 1.0, 1.0, 3.0, 3.0, 2.0, 2.0, 2.0], [1.0, 3.0, 1.0, 1.0, 2.0, 1.0, 3.0, 2.0, 1.0, 1.0, 1.0, 2.0, 1.0, 3.0, 1.0, 1.0, 1.0, 2.0, 2.0, 1.0, 2.0, 2.0, 2.0, 1.0, 2.0, 1.0, 1.0, 1.0, 1.0, 2.0, 1.0, 2.0, 1.0, 2.0, 1.0, 1.0, 1.0, 3.0, 3.0, 2.0, 2.0, 2.0], [1.0, 3.0, 1.0, 2.0, 2.0, 1.0, 3.0, 1.0, 1.0, 1.0, 1.0, 2.0, 1.0, 3.0, 1.0, 1.0, 1.0, 2.0, 2.0, 1.0, 2.0, 2.0, 2.0, 1.0, 2.0, 1.0, 1.0, 1.0, 1.0, 1.0, 1.0, 2.0, 2.0, 2.0, 1.0, 1.0, 1.0, 3.0, 3.0, 2.0, 3.0, 2.0], [1.0, 3.0, 1.0, 1.0, 2.0, 1.0, 3.0, 2.0, 1.0, 1.0, 1.0, 2.0, 1.0, 3.0, 1.0, 1.0, 1.0, 2.0, 2.0, 1.0, 2.0, 3.0, 2.0, 2.0, 2.0, 1.0, 1.0, 1.0, 1.0, 1.0, 1.0, 2.0, 2.0, 3.0, 1.0, 1.0, 1.0, 3.0, 3.0, 2.0, 2.0, 2.0], [1.0, 3.0, 1.0, 1.0, 2.0, 1.0, 3.0, 2.0, 1.0, 1.0, 1.0, 2.0, 1.0, 3.0, 1.0, 1.0, 1.0, 2.0, 2.0, 1.0, 2.0, 2.0, 2.0, 2.0, 2.0, 1.0, 1.0, 1.0, 1.0, 1.0, 1.0, 2.0, 2.0, 2.0, 1.0, 1.0, 1.0, 3.0, 3.0, 2.0, 3.0, 2.0], [1.0, 2.0, 1.0, 1.0, 2.0, 1.0, 3.0, 1.0, 1.0, 1.0, 1.0, 2.0, 1.0, 3.0, 1.0, 1.0, 1.0, 2.0, 2.0, 1.0, 2.0, 2.0, 2.0, 2.0, 2.0, 1.0, 1.0, 1.0, 1.0, 2.0, 2.0, 2.0, 2.0, 2.0, 1.0, 1.0, 1.0, 3.0, 3.0, 2.0, 3.0, 2.0], [1.0, 3.0, 1.0, 1.0, 2.0, 1.0, 3.0, 1.0, 1.0, 1.0, 1.0, 1.0, 1.0, 3.0, 1.0, 1.0, 1.0, 2.0, 2.0, 1.0, 2.0, 3.0, 2.0, 2.0, 2.0, 1.0, 1.0, 1.0, 1.0, 2.0, 1.0, 2.0, 2.0, 2.0, 1.0, 1.0, 1.0, 3.0, 3.0, 2.0, 3.0, 2.0], [1.0, 3.0, 1.0, 1.0, 2.0, 1.0, 3.0, 2.0, 1.0, 1.0, 1.0, 2.0, 1.0, 3.0, 1.0, 1.0, 1.0, 2.0, 2.0, 1.0, 2.0, 2.0, 2.0, 2.0, 2.0, 1.0, 1.0, 1.0, 1.0, 2.0, 1.0, 3.0, 2.0, 2.0, 1.0, 1.0, 1.0, 3.0, 3.0, 2.0, 3.0, 2.0], [1.0, 3.0, 1.0, 1.0, 2.0, 1.0, 3.0, 1.0, 1.0, 1.0, 1.0, 1.0, 1.0, 3.0, 1.0, 1.0, 1.0, 1.0, 1.0, 1.0, 2.0, 2.0, 2.0, 1.0, 2.0, 1.0, 1.0, 1.0, 1.0, 1.0, 1.0, 2.0, 2.0, 2.0, 1.0, 1.0, 1.0, 3.0, 3.0, 2.0, 3.0, 2.0], [1.0, 3.0, 1.0, 1.0, 2.0, 1.0, 3.0, 2.0, 1.0, 1.0, 1.0, 1.0, 1.0, 3.0, 1.0, 1.0, 1.0, 2.0, 2.0, 1.0, 2.0, 2.0, 2.0, 2.0, 2.0, 1.0, 1.0, 1.0, 1.0, 1.0, 1.0, 2.0, 2.0, 2.0, 1.0, 2.0, 1.0, 3.0, 3.0, 2.0, 3.0, 2.0], [1.0, 2.0, 1.0, 1.0, 2.0, 1.0, 3.0, 2.0, 1.0, 1.0, 1.0, 2.0, 1.0, 3.0, 1.0, 1.0, 1.0, 2.0, 2.0, 1.0, 2.0, 2.0, 2.0, 1.0, 2.0, 1.0, 1.0, 1.0, 1.0, 2.0, 1.0, 2.0, 2.0, 3.0, 1.0, 1.0, 1.0, 3.0, 3.0, 2.0, 3.0, 2.0], [1.0, 3.0, 1.0, 1.0, 2.0, 1.0, 3.0, 1.0, 1.0, 1.0, 1.0, 1.0, 1.0, 3.0, 1.0, 1.0, 1.0, 2.0, 2.0, 1.0, 2.0, 2.0, 2.0, 2.0, 2.0, 1.0, 1.0, 1.0, 1.0, 1.0, 1.0, 2.0, 2.0, 2.0, 1.0, 1.0, 1.0, 3.0, 3.0, 2.0, 3.0, 2.0], [1.0, 3.0, 1.0, 2.0, 2.0, 1.0, 3.0, 2.0, 1.0, 1.0, 1.0, 2.0, 1.0, 3.0, 1.0, 1.0, 1.0, 2.0, 2.0, 1.0, 2.0, 2.0, 1.0, 2.0, 2.0, 1.0, 1.0, 1.0, 1.0, 1.0, 1.0, 2.0, 1.0, 2.0, 1.0, 1.0, 1.0, 3.0, 3.0, 2.0, 3.0, 2.0], [1.0, 3.0, 1.0, 1.0, 2.0, 1.0, 2.0, 2.0, 1.0, 1.0, 1.0, 1.0, 1.0, 3.0, 1.0, 1.0, 1.0, 2.0, 2.0, 1.0, 2.0, 2.0, 2.0, 1.0, 2.0, 1.0, 1.0, 1.0, 1.0, 2.0, 1.0, 2.0, 2.0, 2.0, 1.0, 1.0, 1.0, 3.0, 3.0, 2.0, 3.0, 2.0], [1.0, 3.0, 1.0, 2.0, 2.0, 1.0, 3.0, 1.0, 1.0, 1.0, 1.0, 1.0, 1.0, 3.0, 1.0, 1.0, 1.0, 2.0, 2.0, 2.0, 2.0, 3.0, 2.0, 2.0, 2.0, 1.0, 1.0, 1.0, 1.0, 3.0, 1.0, 2.0, 2.0, 2.0, 1.0, 1.0, 1.0, 3.0, 3.0, 2.0, 2.0, 2.0], [1.0, 3.0, 1.0, 1.0, 2.0, 1.0, 3.0, 1.0, 1.0, 1.0, 1.0, 2.0, 1.0, 3.0, 1.0, 1.0, 1.0, 2.0, 2.0, 2.0, 2.0, 3.0, 1.0, 1.0, 2.0, 1.0, 1.0, 1.0, 1.0, 2.0, 1.0, 3.0, 2.0, 2.0, 1.0, 1.0, 1.0, 3.0, 3.0, 2.0, 3.0, 2.0], [1.0, 3.0, 1.0, 1.0, 2.0, 1.0, 3.0, 2.0, 1.0, 1.0, 1.0, 2.0, 1.0, 3.0, 1.0, 1.0, 1.0, 2.0, 2.0, 2.0, 2.0, 3.0, 2.0, 2.0, 2.0, 1.0, 1.0, 1.0, 1.0, 1.0, 1.0, 3.0, 2.0, 2.0, 1.0, 1.0, 1.0, 3.0, 3.0, 2.0, 3.0, 2.0], [1.0, 3.0, 1.0, 1.0, 2.0, 1.0, 3.0, 2.0, 1.0, 1.0, 1.0, 1.0, 1.0, 3.0, 1.0, 1.0, 1.0, 2.0, 2.0, 2.0, 2.0, 2.0, 2.0, 1.0, 2.0, 1.0, 1.0, 1.0, 1.0, 2.0, 1.0, 2.0, 2.0, 2.0, 1.0, 1.0, 1.0, 3.0, 3.0, 2.0, 3.0, 2.0], [1.0, 3.0, 1.0, 1.0, 2.0, 1.0, 3.0, 2.0, 1.0, 1.0, 1.0, 2.0, 1.0, 3.0, 1.0, 1.0, 1.0, 2.0, 2.0, 2.0, 2.0, 2.0, 2.0, 1.0, 2.0, 1.0, 1.0, 1.0, 1.0, 2.0, 1.0, 3.0, 2.0, 2.0, 1.0, 1.0, 1.0, 3.0, 3.0, 2.0, 3.0, 2.0], [1.0, 3.0, 1.0, 1.0, 2.0, 1.0, 3.0, 2.0, 1.0, 1.0, 1.0, 2.0, 1.0, 3.0, 1.0, 1.0, 1.0, 2.0, 2.0, 1.0, 2.0, 2.0, 1.0, 2.0, 2.0, 1.0, 1.0, 1.0, 1.0, 2.0, 1.0, 2.0, 2.0, 2.0, 1.0, 1.0, 1.0, 3.0, 3.0, 2.0, 3.0, 2.0], [1.0, 3.0, 1.0, 1.0, 2.0, 1.0, 3.0, 2.0, 1.0, 1.0, 1.0, 1.0, 1.0, 3.0, 1.0, 1.0, 1.0, 2.0, 2.0, 1.0, 2.0, 2.0, 2.0, 2.0, 2.0, 1.0, 1.0, 1.0, 1.0, 2.0, 1.0, 2.0, 2.0, 2.0, 1.0, 1.0, 1.0, 3.0, 3.0, 2.0, 3.0, 2.0], [1.0, 3.0, 1.0, 1.0, 2.0, 1.0, 3.0, 2.0, 1.0, 1.0, 1.0, 2.0, 1.0, 3.0, 1.0, 1.0, 1.0, 2.0, 2.0, 1.0, 2.0, 2.0, 2.0, 1.0, 2.0, 1.0, 1.0, 1.0, 1.0, 1.0, 1.0, 2.0, 2.0, 2.0, 1.0, 1.0, 1.0, 3.0, 2.0, 2.0, 3.0, 2.0], [1.0, 3.0, 1.0, 1.0, 2.0, 1.0, 3.0, 2.0, 1.0, 1.0, 1.0, 2.0, 1.0, 3.0, 1.0, 1.0, 1.0, 2.0, 2.0, 1.0, 2.0, 3.0, 2.0, 1.0, 2.0, 1.0, 1.0, 1.0, 1.0, 1.0, 2.0, 2.0, 2.0, 2.0, 1.0, 1.0, 1.0, 3.0, 3.0, 2.0, 3.0, 2.0], [1.0, 2.0, 1.0, 1.0, 2.0, 1.0, 2.0, 2.0, 1.0, 1.0, 1.0, 1.0, 1.0, 3.0, 1.0, 1.0, 1.0, 2.0, 2.0, 1.0, 2.0, 2.0, 2.0, 2.0, 2.0, 1.0, 1.0, 1.0, 1.0, 1.0, 1.0, 3.0, 1.0, 2.0, 1.0, 1.0, 1.0, 3.0, 3.0, 2.0, 3.0, 2.0], [1.0, 3.0, 1.0, 1.0, 2.0, 1.0, 3.0, 1.0, 1.0, 1.0, 1.0, 2.0, 1.0, 3.0, 1.0, 1.0, 1.0, 2.0, 2.0, 2.0, 2.0, 2.0, 1.0, 1.0, 2.0, 1.0, 1.0, 1.0, 1.0, 1.0, 1.0, 3.0, 1.0, 2.0, 1.0, 1.0, 1.0, 3.0, 3.0, 2.0, 3.0, 2.0]]

first layer check: Conv2d(9, 64, kernel_size=(7, 7), stride=(2, 2), padding=(3, 3), bias=False)

for model 3: mode acc: 0.6666666865348816, run mean acc: 0.6487500071525574, top-2 acc:0.8812500238418579, mode f1: 0.6666666865348816

model 3 mode preds
[1.0, 3.0, 1.0, 1.0, 2.0, 1.0, 3.0, 1.0, 1.0, 1.0, 1.0, 1.0, 1.0, 3.0, 1.0, 1.0, 1.0, 1.0, 2.0, 1.0, 1.0, 3.0, 1.0, 1.0, 3.0, 1.0, 1.0, 1.0, 1.0, 1.0, 1.0, 3.0, 1.0, 2.0, 1.0, 1.0, 1.0, 3.0, 3.0, 1.0, 3.0, 2.0]

model 3 all preds
[[1.0, 2.0, 1.0, 1.0, 1.0, 1.0, 3.0, 1.0, 1.0, 1.0, 1.0, 1.0, 1.0, 3.0, 1.0, 1.0, 1.0, 2.0, 1.0, 1.0, 1.0, 1.0, 1.0, 1.0, 3.0, 1.0, 1.0, 1.0, 1.0, 1.0, 1.0, 2.0, 1.0, 3.0, 1.0, 1.0, 1.0, 3.0, 3.0, 1.0, 3.0, 1.0], [1.0, 3.0, 1.0, 1.0, 2.0, 1.0, 3.0, 1.0, 1.0, 1.0, 1.0, 1.0, 1.0, 3.0, 1.0, 1.0, 1.0, 1.0, 2.0, 1.0, 1.0, 3.0, 2.0, 1.0, 3.0, 1.0, 1.0, 1.0, 1.0, 1.0, 1.0, 2.0, 1.0, 2.0, 1.0, 1.0, 1.0, 3.0, 3.0, 1.0, 3.0, 2.0], [1.0, 3.0, 1.0, 1.0, 2.0, 1.0, 3.0, 1.0, 1.0, 1.0, 1.0, 1.0, 1.0, 3.0, 1.0, 1.0, 1.0, 1.0, 1.0, 1.0, 1.0, 3.0, 1.0, 1.0, 2.0, 1.0, 1.0, 1.0, 1.0, 1.0, 1.0, 3.0, 1.0, 2.0, 1.0, 1.0, 1.0, 3.0, 3.0, 1.0, 3.0, 2.0], [1.0, 3.0, 1.0, 1.0, 1.0, 1.0, 3.0, 1.0, 1.0, 1.0, 1.0, 1.0, 1.0, 3.0, 1.0, 1.0, 1.0, 1.0, 2.0, 1.0, 1.0, 3.0, 3.0, 1.0, 2.0, 1.0, 1.0, 1.0, 1.0, 1.0, 1.0, 2.0, 1.0, 2.0, 1.0, 1.0, 1.0, 3.0, 3.0, 2.0, 3.0, 1.0], [1.0, 2.0, 1.0, 1.0, 2.0, 1.0, 3.0, 1.0, 1.0, 1.0, 1.0, 1.0, 1.0, 3.0, 1.0, 1.0, 1.0, 1.0, 2.0, 1.0, 1.0, 2.0, 2.0, 1.0, 2.0, 1.0, 1.0, 1.0, 1.0, 1.0, 1.0, 3.0, 1.0, 3.0, 1.0, 1.0, 1.0, 3.0, 3.0, 1.0, 3.0, 1.0], [1.0, 3.0, 1.0, 1.0, 2.0, 1.0, 2.0, 1.0, 1.0, 1.0, 1.0, 1.0, 1.0, 3.0, 1.0, 1.0, 1.0, 1.0, 1.0, 1.0, 1.0, 3.0, 1.0, 1.0, 3.0, 1.0, 1.0, 1.0, 1.0, 1.0, 1.0, 3.0, 1.0, 3.0, 1.0, 1.0, 1.0, 3.0, 3.0, 1.0, 3.0, 2.0], [1.0, 2.0, 1.0, 1.0, 2.0, 1.0, 3.0, 1.0, 1.0, 1.0, 1.0, 1.0, 1.0, 3.0, 1.0, 1.0, 1.0, 1.0, 2.0, 1.0, 1.0, 2.0, 2.0, 1.0, 3.0, 1.0, 1.0, 1.0, 1.0, 1.0, 1.0, 3.0, 1.0, 2.0, 1.0, 1.0, 1.0, 3.0, 3.0, 1.0, 3.0, 2.0], [1.0, 3.0, 1.0, 1.0, 1.0, 1.0, 2.0, 1.0, 1.0, 1.0, 1.0, 1.0, 1.0, 3.0, 1.0, 1.0, 1.0, 1.0, 2.0, 1.0, 1.0, 3.0, 1.0, 1.0, 3.0, 1.0, 1.0, 1.0, 1.0, 1.0, 1.0, 3.0, 2.0, 3.0, 1.0, 1.0, 1.0, 3.0, 3.0, 1.0, 3.0, 2.0], [1.0, 3.0, 1.0, 1.0, 2.0, 1.0, 3.0, 1.0, 1.0, 1.0, 1.0, 1.0, 1.0, 3.0, 1.0, 1.0, 1.0, 1.0, 2.0, 1.0, 1.0, 1.0, 1.0, 1.0, 3.0, 1.0, 1.0, 1.0, 1.0, 1.0, 1.0, 3.0, 1.0, 2.0, 1.0, 1.0, 1.0, 3.0, 3.0, 1.0, 3.0, 2.0], [1.0, 3.0, 1.0, 1.0, 1.0, 1.0, 3.0, 1.0, 1.0, 1.0, 1.0, 1.0, 1.0, 3.0, 1.0, 1.0, 1.0, 1.0, 2.0, 1.0, 1.0, 3.0, 1.0, 1.0, 2.0, 1.0, 1.0, 1.0, 1.0, 1.0, 1.0, 3.0, 1.0, 3.0, 1.0, 1.0, 1.0, 3.0, 3.0, 1.0, 3.0, 1.0], [1.0, 3.0, 1.0, 1.0, 1.0, 1.0, 3.0, 1.0, 1.0, 1.0, 1.0, 1.0, 1.0, 3.0, 1.0, 1.0, 1.0, 1.0, 2.0, 2.0, 1.0, 2.0, 1.0, 2.0, 3.0, 1.0, 1.0, 1.0, 1.0, 1.0, 1.0, 3.0, 1.0, 2.0, 1.0, 1.0, 1.0, 3.0, 3.0, 1.0, 3.0, 2.0], [1.0, 3.0, 1.0, 1.0, 1.0, 1.0, 3.0, 1.0, 1.0, 1.0, 1.0, 1.0, 1.0, 3.0, 1.0, 1.0, 1.0, 1.0, 2.0, 1.0, 1.0, 3.0, 1.0, 1.0, 2.0, 1.0, 1.0, 1.0, 1.0, 1.0, 1.0, 3.0, 1.0, 3.0, 1.0, 1.0, 1.0, 3.0, 3.0, 1.0, 3.0, 2.0], [1.0, 3.0, 1.0, 1.0, 1.0, 1.0, 3.0, 1.0, 1.0, 1.0, 1.0, 1.0, 1.0, 3.0, 1.0, 1.0, 1.0, 2.0, 1.0, 1.0, 1.0, 2.0, 1.0, 1.0, 2.0, 1.0, 1.0, 1.0, 1.0, 1.0, 1.0, 3.0, 1.0, 2.0, 1.0, 1.0, 1.0, 3.0, 3.0, 1.0, 3.0, 2.0], [1.0, 3.0, 1.0, 1.0, 2.0, 1.0, 3.0, 1.0, 1.0, 1.0, 1.0, 1.0, 1.0, 3.0, 1.0, 1.0, 1.0, 1.0, 2.0, 1.0, 1.0, 3.0, 1.0, 1.0, 2.0, 1.0, 1.0, 1.0, 1.0, 1.0, 1.0, 3.0, 1.0, 3.0, 1.0, 1.0, 1.0, 3.0, 3.0, 2.0, 3.0, 2.0], [1.0, 3.0, 1.0, 1.0, 2.0, 1.0, 3.0, 1.0, 1.0, 1.0, 1.0, 1.0, 1.0, 3.0, 1.0, 1.0, 1.0, 1.0, 2.0, 1.0, 1.0, 3.0, 1.0, 1.0, 3.0, 1.0, 1.0, 1.0, 1.0, 1.0, 1.0, 3.0, 2.0, 2.0, 1.0, 1.0, 1.0, 3.0, 3.0, 1.0, 3.0, 2.0], [1.0, 3.0, 1.0, 1.0, 2.0, 1.0, 3.0, 1.0, 1.0, 1.0, 1.0, 1.0, 1.0, 3.0, 1.0, 1.0, 1.0, 1.0, 2.0, 1.0, 1.0, 3.0, 2.0, 1.0, 3.0, 1.0, 1.0, 1.0, 1.0, 1.0, 1.0, 3.0, 2.0, 3.0, 1.0, 1.0, 1.0, 3.0, 3.0, 1.0, 3.0, 2.0], [1.0, 3.0, 1.0, 1.0, 2.0, 1.0, 3.0, 1.0, 1.0, 1.0, 1.0, 1.0, 1.0, 3.0, 1.0, 1.0, 1.0, 1.0, 2.0, 2.0, 1.0, 3.0, 1.0, 1.0, 3.0, 1.0, 1.0, 1.0, 1.0, 1.0, 1.0, 3.0, 1.0, 3.0, 1.0, 2.0, 1.0, 3.0, 3.0, 1.0, 3.0, 1.0], [1.0, 1.0, 1.0, 1.0, 2.0, 1.0, 3.0, 1.0, 1.0, 1.0, 1.0, 1.0, 1.0, 3.0, 1.0, 1.0, 1.0, 1.0, 2.0, 1.0, 1.0, 1.0, 2.0, 1.0, 2.0, 1.0, 1.0, 1.0, 1.0, 1.0, 1.0, 3.0, 1.0, 2.0, 1.0, 1.0, 1.0, 3.0, 3.0, 2.0, 3.0, 2.0], [1.0, 3.0, 1.0, 1.0, 2.0, 1.0, 3.0, 1.0, 1.0, 1.0, 1.0, 1.0, 1.0, 3.0, 1.0, 1.0, 1.0, 1.0, 1.0, 1.0, 1.0, 3.0, 2.0, 1.0, 3.0, 1.0, 1.0, 1.0, 1.0, 1.0, 1.0, 3.0, 1.0, 2.0, 1.0, 1.0, 1.0, 3.0, 3.0, 1.0, 3.0, 2.0], [1.0, 3.0, 1.0, 1.0, 2.0, 1.0, 3.0, 1.0, 1.0, 1.0, 1.0, 1.0, 1.0, 3.0, 1.0, 1.0, 1.0, 1.0, 2.0, 1.0, 1.0, 3.0, 1.0, 1.0, 3.0, 1.0, 1.0, 1.0, 1.0, 1.0, 1.0, 2.0, 1.0, 2.0, 1.0, 1.0, 1.0, 3.0, 3.0, 2.0, 3.0, 1.0], [1.0, 2.0, 1.0, 1.0, 1.0, 1.0, 3.0, 1.0, 1.0, 1.0, 1.0, 1.0, 1.0, 3.0, 1.0, 1.0, 1.0, 1.0, 2.0, 1.0, 1.0, 3.0, 1.0, 1.0, 3.0, 1.0, 1.0, 1.0, 1.0, 1.0, 1.0, 2.0, 1.0, 2.0, 1.0, 1.0, 1.0, 3.0, 3.0, 1.0, 3.0, 1.0], [1.0, 3.0, 1.0, 1.0, 2.0, 1.0, 3.0, 1.0, 1.0, 1.0, 1.0, 1.0, 1.0, 3.0, 1.0, 1.0, 1.0, 1.0, 2.0, 1.0, 1.0, 2.0, 2.0, 1.0, 2.0, 1.0, 1.0, 1.0, 1.0, 1.0, 1.0, 3.0, 1.0, 1.0, 1.0, 1.0, 1.0, 3.0, 3.0, 2.0, 3.0, 2.0], [1.0, 3.0, 1.0, 1.0, 1.0, 1.0, 3.0, 1.0, 1.0, 1.0, 1.0, 1.0, 1.0, 3.0, 1.0, 1.0, 1.0, 2.0, 2.0, 1.0, 1.0, 1.0, 1.0, 1.0, 3.0, 1.0, 1.0, 1.0, 1.0, 1.0, 1.0, 2.0, 2.0, 1.0, 1.0, 1.0, 1.0, 3.0, 3.0, 2.0, 3.0, 1.0], [1.0, 3.0, 1.0, 1.0, 2.0, 1.0, 2.0, 1.0, 1.0, 1.0, 1.0, 1.0, 1.0, 3.0, 1.0, 1.0, 1.0, 1.0, 1.0, 1.0, 1.0, 3.0, 2.0, 1.0, 3.0, 1.0, 1.0, 1.0, 1.0, 1.0, 1.0, 2.0, 2.0, 2.0, 1.0, 1.0, 1.0, 3.0, 3.0, 1.0, 3.0, 2.0], [1.0, 3.0, 1.0, 1.0, 2.0, 1.0, 3.0, 1.0, 1.0, 1.0, 1.0, 1.0, 1.0, 3.0, 1.0, 1.0, 1.0, 1.0, 1.0, 1.0, 1.0, 3.0, 2.0, 2.0, 2.0, 1.0, 1.0, 1.0, 1.0, 1.0, 1.0, 3.0, 1.0, 3.0, 1.0, 1.0, 1.0, 3.0, 3.0, 2.0, 3.0, 1.0], [1.0, 3.0, 1.0, 1.0, 1.0, 1.0, 3.0, 1.0, 1.0, 1.0, 1.0, 1.0, 1.0, 3.0, 1.0, 1.0, 1.0, 1.0, 2.0, 1.0, 1.0, 3.0, 3.0, 1.0, 2.0, 1.0, 1.0, 1.0, 1.0, 1.0, 1.0, 3.0, 1.0, 2.0, 1.0, 1.0, 1.0, 3.0, 3.0, 2.0, 3.0, 2.0], [1.0, 3.0, 1.0, 1.0, 1.0, 1.0, 3.0, 1.0, 1.0, 1.0, 1.0, 1.0, 1.0, 3.0, 1.0, 1.0, 1.0, 1.0, 1.0, 1.0, 1.0, 3.0, 1.0, 1.0, 3.0, 1.0, 1.0, 1.0, 1.0, 1.0, 1.0, 3.0, 1.0, 2.0, 1.0, 1.0, 1.0, 3.0, 3.0, 1.0, 3.0, 2.0], [1.0, 3.0, 1.0, 1.0, 2.0, 1.0, 3.0, 1.0, 1.0, 1.0, 1.0, 1.0, 1.0, 3.0, 1.0, 1.0, 1.0, 1.0, 2.0, 1.0, 1.0, 1.0, 1.0, 1.0, 3.0, 1.0, 1.0, 1.0, 1.0, 1.0, 1.0, 3.0, 1.0, 3.0, 1.0, 1.0, 1.0, 3.0, 3.0, 1.0, 3.0, 2.0], [1.0, 2.0, 1.0, 1.0, 2.0, 1.0, 3.0, 1.0, 1.0, 1.0, 1.0, 1.0, 1.0, 3.0, 1.0, 1.0, 1.0, 1.0, 1.0, 1.0, 1.0, 1.0, 2.0, 1.0, 2.0, 1.0, 1.0, 1.0, 1.0, 1.0, 1.0, 3.0, 1.0, 2.0, 1.0, 1.0, 1.0, 3.0, 3.0, 1.0, 3.0, 2.0], [1.0, 3.0, 1.0, 1.0, 2.0, 1.0, 3.0, 1.0, 1.0, 1.0, 1.0, 1.0, 1.0, 3.0, 1.0, 1.0, 1.0, 1.0, 2.0, 1.0, 1.0, 1.0, 1.0, 1.0, 3.0, 1.0, 1.0, 1.0, 1.0, 1.0, 1.0, 3.0, 1.0, 3.0, 1.0, 1.0, 1.0, 3.0, 3.0, 1.0, 3.0, 2.0], [1.0, 3.0, 1.0, 1.0, 2.0, 1.0, 3.0, 1.0, 1.0, 1.0, 1.0, 1.0, 1.0, 3.0, 1.0, 1.0, 1.0, 1.0, 2.0, 1.0, 1.0, 1.0, 1.0, 1.0, 2.0, 1.0, 1.0, 1.0, 1.0, 1.0, 1.0, 3.0, 1.0, 2.0, 1.0, 1.0, 1.0, 3.0, 3.0, 2.0, 3.0, 2.0], [1.0, 3.0, 1.0, 1.0, 2.0, 1.0, 3.0, 1.0, 1.0, 1.0, 1.0, 1.0, 1.0, 3.0, 1.0, 1.0, 1.0, 1.0, 2.0, 1.0, 1.0, 2.0, 1.0, 1.0, 3.0, 1.0, 1.0, 1.0, 1.0, 1.0, 1.0, 3.0, 1.0, 2.0, 1.0, 1.0, 1.0, 3.0, 3.0, 2.0, 3.0, 2.0], [1.0, 2.0, 1.0, 1.0, 2.0, 1.0, 3.0, 1.0, 1.0, 1.0, 1.0, 1.0, 1.0, 3.0, 1.0, 1.0, 1.0, 1.0, 1.0, 1.0, 1.0, 3.0, 1.0, 1.0, 3.0, 1.0, 1.0, 1.0, 1.0, 1.0, 1.0, 2.0, 1.0, 3.0, 1.0, 2.0, 1.0, 3.0, 3.0, 2.0, 3.0, 2.0], [1.0, 3.0, 1.0, 1.0, 2.0, 1.0, 3.0, 1.0, 1.0, 1.0, 1.0, 1.0, 1.0, 3.0, 1.0, 1.0, 1.0, 2.0, 2.0, 1.0, 1.0, 3.0, 2.0, 2.0, 2.0, 1.0, 1.0, 1.0, 1.0, 1.0, 1.0, 3.0, 1.0, 2.0, 1.0, 1.0, 1.0, 3.0, 3.0, 1.0, 3.0, 2.0], [1.0, 3.0, 1.0, 1.0, 2.0, 1.0, 1.0, 1.0, 1.0, 1.0, 1.0, 1.0, 1.0, 3.0, 1.0, 1.0, 1.0, 1.0, 1.0, 1.0, 1.0, 2.0, 1.0, 1.0, 3.0, 1.0, 1.0, 1.0, 1.0, 1.0, 1.0, 3.0, 1.0, 3.0, 1.0, 1.0, 1.0, 3.0, 3.0, 2.0, 3.0, 2.0], [1.0, 3.0, 1.0, 1.0, 2.0, 1.0, 2.0, 1.0, 1.0, 1.0, 1.0, 1.0, 1.0, 3.0, 1.0, 1.0, 1.0, 2.0, 1.0, 1.0, 1.0, 3.0, 1.0, 1.0, 2.0, 1.0, 1.0, 1.0, 1.0, 1.0, 1.0, 3.0, 1.0, 2.0, 1.0, 1.0, 1.0, 3.0, 3.0, 1.0, 3.0, 2.0], [1.0, 3.0, 1.0, 1.0, 2.0, 1.0, 3.0, 1.0, 1.0, 1.0, 1.0, 1.0, 1.0, 3.0, 1.0, 1.0, 1.0, 1.0, 2.0, 1.0, 1.0, 3.0, 2.0, 1.0, 2.0, 1.0, 1.0, 1.0, 1.0, 1.0, 1.0, 3.0, 1.0, 3.0, 1.0, 1.0, 1.0, 3.0, 3.0, 1.0, 3.0, 1.0], [1.0, 3.0, 1.0, 1.0, 2.0, 1.0, 3.0, 1.0, 1.0, 1.0, 1.0, 1.0, 1.0, 3.0, 1.0, 1.0, 1.0, 1.0, 2.0, 1.0, 1.0, 2.0, 2.0, 1.0, 3.0, 1.0, 1.0, 1.0, 1.0, 1.0, 1.0, 3.0, 2.0, 2.0, 1.0, 1.0, 1.0, 3.0, 3.0, 1.0, 3.0, 2.0], [1.0, 2.0, 1.0, 1.0, 1.0, 1.0, 3.0, 1.0, 1.0, 1.0, 1.0, 1.0, 1.0, 3.0, 1.0, 1.0, 1.0, 1.0, 1.0, 1.0, 1.0, 3.0, 2.0, 1.0, 3.0, 1.0, 1.0, 1.0, 1.0, 1.0, 1.0, 3.0, 1.0, 2.0, 1.0, 1.0, 1.0, 3.0, 3.0, 1.0, 3.0, 2.0], [1.0, 3.0, 1.0, 1.0, 1.0, 1.0, 3.0, 1.0, 1.0, 1.0, 1.0, 1.0, 1.0, 3.0, 1.0, 1.0, 1.0, 1.0, 2.0, 1.0, 1.0, 3.0, 1.0, 2.0, 2.0, 1.0, 1.0, 1.0, 1.0, 1.0, 1.0, 3.0, 1.0, 2.0, 1.0, 1.0, 1.0, 3.0, 3.0, 1.0, 3.0, 2.0], [1.0, 3.0, 1.0, 1.0, 2.0, 1.0, 3.0, 1.0, 1.0, 1.0, 1.0, 1.0, 1.0, 3.0, 1.0, 1.0, 1.0, 1.0, 1.0, 1.0, 1.0, 3.0, 1.0, 1.0, 3.0, 1.0, 1.0, 1.0, 1.0, 1.0, 1.0, 1.0, 1.0, 2.0, 1.0, 1.0, 1.0, 3.0, 3.0, 1.0, 3.0, 2.0], [1.0, 3.0, 1.0, 1.0, 1.0, 1.0, 3.0, 1.0, 1.0, 1.0, 1.0, 1.0, 1.0, 3.0, 1.0, 1.0, 1.0, 2.0, 1.0, 1.0, 1.0, 3.0, 1.0, 1.0, 3.0, 1.0, 1.0, 1.0, 1.0, 1.0, 1.0, 3.0, 1.0, 2.0, 1.0, 1.0, 1.0, 3.0, 3.0, 1.0, 3.0, 2.0], [1.0, 3.0, 1.0, 1.0, 2.0, 1.0, 3.0, 1.0, 1.0, 1.0, 1.0, 1.0, 1.0, 3.0, 1.0, 1.0, 1.0, 1.0, 2.0, 1.0, 1.0, 3.0, 1.0, 1.0, 3.0, 1.0, 1.0, 1.0, 1.0, 1.0, 1.0, 3.0, 1.0, 2.0, 1.0, 1.0, 1.0, 3.0, 3.0, 2.0, 3.0, 2.0], [1.0, 3.0, 1.0, 1.0, 2.0, 1.0, 3.0, 1.0, 1.0, 1.0, 1.0, 1.0, 1.0, 3.0, 1.0, 1.0, 1.0, 1.0, 1.0, 1.0, 1.0, 1.0, 1.0, 1.0, 3.0, 1.0, 1.0, 1.0, 1.0, 1.0, 1.0, 2.0, 1.0, 2.0, 1.0, 1.0, 1.0, 3.0, 3.0, 1.0, 3.0, 2.0], [1.0, 3.0, 1.0, 1.0, 1.0, 1.0, 3.0, 2.0, 1.0, 1.0, 1.0, 1.0, 1.0, 3.0, 1.0, 1.0, 1.0, 1.0, 2.0, 1.0, 1.0, 3.0, 3.0, 1.0, 2.0, 1.0, 1.0, 1.0, 1.0, 1.0, 1.0, 3.0, 1.0, 1.0, 1.0, 1.0, 1.0, 3.0, 3.0, 1.0, 3.0, 2.0], [1.0, 3.0, 1.0, 1.0, 2.0, 1.0, 3.0, 1.0, 1.0, 1.0, 1.0, 1.0, 1.0, 3.0, 1.0, 1.0, 1.0, 1.0, 2.0, 1.0, 1.0, 1.0, 1.0, 1.0, 3.0, 1.0, 1.0, 1.0, 1.0, 1.0, 1.0, 3.0, 1.0, 2.0, 1.0, 1.0, 1.0, 3.0, 3.0, 1.0, 3.0, 1.0], [1.0, 3.0, 1.0, 1.0, 2.0, 1.0, 3.0, 1.0, 1.0, 1.0, 1.0, 1.0, 1.0, 3.0, 1.0, 1.0, 1.0, 1.0, 2.0, 1.0, 1.0, 2.0, 1.0, 2.0, 3.0, 1.0, 1.0, 1.0, 1.0, 1.0, 1.0, 3.0, 1.0, 2.0, 1.0, 1.0, 1.0, 3.0, 3.0, 1.0, 3.0, 2.0], [1.0, 3.0, 1.0, 1.0, 2.0, 1.0, 3.0, 1.0, 1.0, 1.0, 1.0, 1.0, 1.0, 3.0, 1.0, 1.0, 1.0, 1.0, 2.0, 1.0, 1.0, 3.0, 2.0, 2.0, 2.0, 1.0, 1.0, 1.0, 1.0, 1.0, 1.0, 3.0, 2.0, 3.0, 1.0, 1.0, 1.0, 3.0, 3.0, 1.0, 3.0, 2.0], [1.0, 3.0, 1.0, 1.0, 2.0, 1.0, 3.0, 1.0, 1.0, 1.0, 1.0, 1.0, 1.0, 3.0, 1.0, 1.0, 1.0, 1.0, 2.0, 1.0, 1.0, 3.0, 1.0, 1.0, 3.0, 1.0, 1.0, 1.0, 1.0, 1.0, 1.0, 2.0, 1.0, 2.0, 1.0, 1.0, 1.0, 3.0, 3.0, 1.0, 3.0, 1.0], [1.0, 3.0, 1.0, 1.0, 1.0, 1.0, 3.0, 1.0, 1.0, 1.0, 1.0, 1.0, 1.0, 3.0, 1.0, 1.0, 1.0, 1.0, 2.0, 1.0, 1.0, 2.0, 2.0, 1.0, 2.0, 1.0, 1.0, 1.0, 1.0, 1.0, 1.0, 2.0, 2.0, 2.0, 1.0, 1.0, 1.0, 3.0, 3.0, 1.0, 3.0, 2.0]]

first layer check: Conv2d(9, 64, kernel_size=(7, 7), stride=(2, 2), padding=(3, 3), bias=False)

for model 4: mode acc: 0.6190476417541504, run mean acc: 0.6424999833106995, top-2 acc:0.909583330154419, mode f1: 0.6190476417541504

model 4 mode preds
[1.0, 2.0, 1.0, 1.0, 1.0, 1.0, 2.0, 2.0, 1.0, 1.0, 0.0, 1.0, 1.0, 2.0, 1.0, 1.0, 1.0, 1.0, 1.0, 1.0, 1.0, 3.0, 2.0, 1.0, 2.0, 1.0, 1.0, 1.0, 1.0, 1.0, 1.0, 2.0, 1.0, 2.0, 1.0, 1.0, 1.0, 3.0, 3.0, 2.0, 2.0, 2.0]

model 4 all preds
[[1.0, 2.0, 1.0, 1.0, 2.0, 1.0, 2.0, 2.0, 1.0, 1.0, 0.0, 2.0, 1.0, 3.0, 1.0, 1.0, 1.0, 1.0, 2.0, 1.0, 1.0, 3.0, 2.0, 1.0, 2.0, 1.0, 1.0, 1.0, 1.0, 1.0, 1.0, 2.0, 1.0, 2.0, 1.0, 2.0, 1.0, 3.0, 3.0, 2.0, 2.0, 2.0], [1.0, 2.0, 1.0, 1.0, 1.0, 1.0, 2.0, 2.0, 1.0, 1.0, 0.0, 1.0, 1.0, 3.0, 1.0, 1.0, 1.0, 1.0, 1.0, 1.0, 1.0, 3.0, 2.0, 1.0, 2.0, 1.0, 1.0, 1.0, 1.0, 1.0, 1.0, 2.0, 1.0, 2.0, 1.0, 1.0, 1.0, 3.0, 3.0, 2.0, 2.0, 2.0], [1.0, 2.0, 1.0, 1.0, 1.0, 1.0, 2.0, 1.0, 1.0, 1.0, 0.0, 1.0, 0.0, 2.0, 1.0, 1.0, 1.0, 1.0, 2.0, 1.0, 1.0, 1.0, 2.0, 1.0, 2.0, 1.0, 1.0, 1.0, 1.0, 1.0, 1.0, 2.0, 1.0, 2.0, 1.0, 1.0, 1.0, 2.0, 3.0, 1.0, 2.0, 2.0], [1.0, 2.0, 1.0, 1.0, 1.0, 1.0, 2.0, 2.0, 1.0, 1.0, 0.0, 1.0, 1.0, 3.0, 1.0, 1.0, 1.0, 1.0, 2.0, 1.0, 1.0, 3.0, 2.0, 2.0, 2.0, 1.0, 1.0, 1.0, 1.0, 1.0, 1.0, 2.0, 2.0, 1.0, 1.0, 1.0, 1.0, 3.0, 3.0, 2.0, 2.0, 2.0], [1.0, 2.0, 1.0, 1.0, 1.0, 1.0, 2.0, 2.0, 1.0, 1.0, 0.0, 2.0, 1.0, 2.0, 1.0, 1.0, 1.0, 1.0, 1.0, 1.0, 1.0, 2.0, 2.0, 2.0, 2.0, 1.0, 1.0, 1.0, 1.0, 1.0, 1.0, 2.0, 1.0, 2.0, 1.0, 1.0, 1.0, 3.0, 3.0, 2.0, 2.0, 2.0], [1.0, 2.0, 1.0, 1.0, 2.0, 1.0, 2.0, 2.0, 1.0, 1.0, 0.0, 2.0, 1.0, 3.0, 1.0, 1.0, 1.0, 1.0, 2.0, 2.0, 1.0, 3.0, 2.0, 2.0, 2.0, 1.0, 1.0, 1.0, 1.0, 1.0, 1.0, 2.0, 2.0, 2.0, 1.0, 1.0, 1.0, 3.0, 3.0, 2.0, 2.0, 2.0], [1.0, 2.0, 1.0, 1.0, 2.0, 1.0, 2.0, 2.0, 1.0, 1.0, 0.0, 1.0, 0.0, 2.0, 1.0, 1.0, 1.0, 1.0, 2.0, 2.0, 1.0, 3.0, 2.0, 1.0, 2.0, 1.0, 1.0, 1.0, 1.0, 1.0, 1.0, 2.0, 1.0, 2.0, 1.0, 1.0, 1.0, 3.0, 3.0, 2.0, 2.0, 2.0], [1.0, 2.0, 1.0, 1.0, 2.0, 1.0, 3.0, 2.0, 1.0, 1.0, 0.0, 2.0, 1.0, 2.0, 1.0, 1.0, 1.0, 1.0, 2.0, 2.0, 1.0, 3.0, 2.0, 1.0, 2.0, 1.0, 1.0, 1.0, 1.0, 1.0, 1.0, 2.0, 1.0, 2.0, 1.0, 1.0, 1.0, 3.0, 3.0, 2.0, 2.0, 1.0], [1.0, 2.0, 1.0, 1.0, 1.0, 1.0, 3.0, 2.0, 1.0, 1.0, 0.0, 1.0, 0.0, 3.0, 1.0, 1.0, 1.0, 1.0, 2.0, 1.0, 1.0, 3.0, 2.0, 2.0, 2.0, 1.0, 1.0, 1.0, 1.0, 1.0, 1.0, 2.0, 1.0, 2.0, 1.0, 1.0, 1.0, 3.0, 3.0, 2.0, 2.0, 2.0], [1.0, 2.0, 1.0, 1.0, 1.0, 1.0, 2.0, 2.0, 1.0, 1.0, 0.0, 1.0, 1.0, 3.0, 1.0, 1.0, 1.0, 1.0, 2.0, 1.0, 2.0, 2.0, 2.0, 2.0, 2.0, 1.0, 1.0, 1.0, 1.0, 1.0, 1.0, 2.0, 2.0, 2.0, 1.0, 1.0, 1.0, 3.0, 3.0, 2.0, 2.0, 2.0], [1.0, 2.0, 1.0, 1.0, 1.0, 1.0, 2.0, 1.0, 1.0, 1.0, 0.0, 2.0, 1.0, 2.0, 1.0, 1.0, 1.0, 1.0, 1.0, 1.0, 1.0, 3.0, 2.0, 2.0, 2.0, 1.0, 0.0, 1.0, 1.0, 1.0, 1.0, 2.0, 1.0, 2.0, 1.0, 1.0, 1.0, 3.0, 3.0, 2.0, 2.0, 2.0], [1.0, 2.0, 1.0, 1.0, 1.0, 1.0, 3.0, 2.0, 1.0, 1.0, 1.0, 2.0, 1.0, 3.0, 1.0, 1.0, 1.0, 1.0, 1.0, 1.0, 1.0, 3.0, 2.0, 1.0, 2.0, 1.0, 1.0, 1.0, 1.0, 1.0, 1.0, 2.0, 1.0, 2.0, 1.0, 1.0, 1.0, 3.0, 3.0, 2.0, 2.0, 2.0], [1.0, 2.0, 1.0, 1.0, 1.0, 1.0, 3.0, 2.0, 1.0, 1.0, 0.0, 2.0, 1.0, 3.0, 1.0, 1.0, 1.0, 1.0, 1.0, 1.0, 1.0, 2.0, 2.0, 1.0, 2.0, 1.0, 1.0, 1.0, 1.0, 1.0, 1.0, 2.0, 1.0, 2.0, 1.0, 1.0, 1.0, 3.0, 3.0, 2.0, 2.0, 2.0], [1.0, 2.0, 1.0, 1.0, 1.0, 1.0, 2.0, 2.0, 1.0, 1.0, 0.0, 2.0, 1.0, 3.0, 1.0, 1.0, 1.0, 1.0, 2.0, 1.0, 1.0, 3.0, 2.0, 1.0, 2.0, 1.0, 1.0, 1.0, 1.0, 1.0, 1.0, 2.0, 1.0, 2.0, 1.0, 1.0, 1.0, 3.0, 3.0, 2.0, 2.0, 1.0], [1.0, 2.0, 1.0, 1.0, 1.0, 1.0, 2.0, 2.0, 1.0, 1.0, 0.0, 2.0, 1.0, 3.0, 1.0, 1.0, 1.0, 1.0, 1.0, 2.0, 1.0, 3.0, 2.0, 1.0, 2.0, 1.0, 1.0, 1.0, 1.0, 1.0, 1.0, 2.0, 1.0, 2.0, 1.0, 1.0, 1.0, 3.0, 3.0, 2.0, 2.0, 2.0], [1.0, 2.0, 1.0, 1.0, 1.0, 1.0, 3.0, 1.0, 1.0, 1.0, 0.0, 2.0, 0.0, 2.0, 1.0, 1.0, 1.0, 1.0, 1.0, 1.0, 1.0, 3.0, 2.0, 1.0, 2.0, 1.0, 1.0, 1.0, 1.0, 1.0, 1.0, 2.0, 1.0, 2.0, 1.0, 1.0, 1.0, 2.0, 3.0, 2.0, 2.0, 2.0], [1.0, 2.0, 1.0, 1.0, 1.0, 1.0, 2.0, 2.0, 1.0, 1.0, 0.0, 2.0, 1.0, 3.0, 1.0, 1.0, 1.0, 1.0, 2.0, 1.0, 1.0, 3.0, 2.0, 1.0, 2.0, 1.0, 1.0, 1.0, 1.0, 1.0, 1.0, 2.0, 1.0, 2.0, 1.0, 1.0, 1.0, 2.0, 3.0, 2.0, 2.0, 2.0], [1.0, 2.0, 1.0, 1.0, 1.0, 1.0, 2.0, 2.0, 1.0, 1.0, 0.0, 1.0, 1.0, 3.0, 1.0, 1.0, 1.0, 1.0, 2.0, 1.0, 1.0, 1.0, 2.0, 1.0, 2.0, 1.0, 1.0, 1.0, 1.0, 1.0, 1.0, 2.0, 1.0, 2.0, 1.0, 1.0, 1.0, 3.0, 3.0, 1.0, 2.0, 2.0], [1.0, 2.0, 1.0, 1.0, 1.0, 1.0, 3.0, 2.0, 1.0, 1.0, 0.0, 2.0, 1.0, 2.0, 1.0, 1.0, 1.0, 1.0, 2.0, 2.0, 2.0, 2.0, 2.0, 2.0, 2.0, 1.0, 1.0, 1.0, 1.0, 1.0, 1.0, 2.0, 1.0, 2.0, 1.0, 1.0, 1.0, 3.0, 3.0, 2.0, 2.0, 2.0], [1.0, 3.0, 1.0, 1.0, 1.0, 1.0, 2.0, 2.0, 1.0, 1.0, 0.0, 2.0, 1.0, 2.0, 1.0, 1.0, 1.0, 1.0, 1.0, 1.0, 1.0, 2.0, 2.0, 2.0, 2.0, 1.0, 1.0, 1.0, 1.0, 1.0, 1.0, 2.0, 1.0, 2.0, 1.0, 1.0, 1.0, 3.0, 3.0, 2.0, 2.0, 2.0], [1.0, 2.0, 2.0, 1.0, 2.0, 1.0, 2.0, 2.0, 1.0, 1.0, 0.0, 1.0, 1.0, 3.0, 1.0, 1.0, 1.0, 1.0, 2.0, 1.0, 1.0, 3.0, 2.0, 2.0, 2.0, 1.0, 1.0, 1.0, 1.0, 1.0, 1.0, 2.0, 2.0, 2.0, 1.0, 1.0, 1.0, 3.0, 3.0, 2.0, 2.0, 2.0], [1.0, 2.0, 1.0, 1.0, 1.0, 1.0, 2.0, 2.0, 1.0, 1.0, 0.0, 2.0, 1.0, 3.0, 1.0, 1.0, 1.0, 1.0, 2.0, 1.0, 1.0, 3.0, 2.0, 1.0, 3.0, 1.0, 1.0, 1.0, 1.0, 1.0, 1.0, 2.0, 1.0, 2.0, 1.0, 1.0, 1.0, 3.0, 3.0, 2.0, 2.0, 2.0], [1.0, 2.0, 1.0, 1.0, 1.0, 1.0, 2.0, 2.0, 1.0, 1.0, 0.0, 2.0, 1.0, 2.0, 1.0, 1.0, 1.0, 1.0, 2.0, 2.0, 1.0, 2.0, 2.0, 2.0, 2.0, 1.0, 1.0, 1.0, 1.0, 1.0, 1.0, 2.0, 1.0, 2.0, 1.0, 1.0, 1.0, 2.0, 3.0, 2.0, 2.0, 2.0], [1.0, 2.0, 1.0, 1.0, 2.0, 1.0, 2.0, 2.0, 1.0, 1.0, 0.0, 1.0, 0.0, 2.0, 1.0, 1.0, 1.0, 1.0, 1.0, 1.0, 2.0, 2.0, 2.0, 2.0, 2.0, 1.0, 1.0, 1.0, 1.0, 1.0, 1.0, 2.0, 2.0, 2.0, 1.0, 1.0, 1.0, 3.0, 3.0, 2.0, 2.0, 2.0], [1.0, 2.0, 1.0, 1.0, 1.0, 1.0, 3.0, 2.0, 1.0, 1.0, 1.0, 1.0, 1.0, 3.0, 1.0, 1.0, 1.0, 1.0, 1.0, 2.0, 1.0, 3.0, 1.0, 1.0, 2.0, 1.0, 1.0, 1.0, 1.0, 1.0, 1.0, 2.0, 1.0, 2.0, 1.0, 1.0, 1.0, 3.0, 3.0, 2.0, 2.0, 2.0], [1.0, 2.0, 1.0, 1.0, 1.0, 1.0, 2.0, 2.0, 1.0, 1.0, 0.0, 2.0, 1.0, 3.0, 1.0, 1.0, 1.0, 1.0, 1.0, 1.0, 1.0, 3.0, 2.0, 1.0, 2.0, 1.0, 1.0, 1.0, 1.0, 1.0, 1.0, 2.0, 2.0, 2.0, 1.0, 1.0, 1.0, 3.0, 2.0, 2.0, 2.0, 2.0], [1.0, 2.0, 1.0, 1.0, 1.0, 1.0, 2.0, 1.0, 1.0, 1.0, 0.0, 2.0, 0.0, 2.0, 1.0, 1.0, 1.0, 1.0, 2.0, 1.0, 1.0, 3.0, 2.0, 1.0, 2.0, 1.0, 1.0, 1.0, 1.0, 1.0, 1.0, 2.0, 1.0, 2.0, 1.0, 1.0, 1.0, 3.0, 2.0, 2.0, 2.0, 2.0], [1.0, 2.0, 1.0, 1.0, 1.0, 1.0, 2.0, 2.0, 1.0, 1.0, 0.0, 1.0, 1.0, 2.0, 1.0, 1.0, 1.0, 1.0, 1.0, 1.0, 1.0, 3.0, 2.0, 2.0, 2.0, 1.0, 1.0, 1.0, 1.0, 1.0, 1.0, 2.0, 1.0, 2.0, 1.0, 1.0, 1.0, 3.0, 3.0, 2.0, 2.0, 2.0], [1.0, 2.0, 1.0, 1.0, 1.0, 1.0, 3.0, 2.0, 1.0, 1.0, 0.0, 1.0, 1.0, 2.0, 1.0, 1.0, 1.0, 1.0, 1.0, 1.0, 1.0, 3.0, 2.0, 2.0, 2.0, 1.0, 1.0, 1.0, 1.0, 1.0, 1.0, 2.0, 2.0, 2.0, 1.0, 1.0, 1.0, 2.0, 3.0, 2.0, 2.0, 2.0], [1.0, 2.0, 2.0, 1.0, 1.0, 1.0, 2.0, 2.0, 1.0, 1.0, 0.0, 1.0, 1.0, 3.0, 1.0, 1.0, 1.0, 1.0, 1.0, 2.0, 1.0, 3.0, 1.0, 1.0, 2.0, 1.0, 1.0, 1.0, 1.0, 1.0, 1.0, 2.0, 2.0, 2.0, 1.0, 1.0, 1.0, 3.0, 3.0, 2.0, 2.0, 2.0], [1.0, 3.0, 2.0, 1.0, 1.0, 1.0, 2.0, 1.0, 1.0, 1.0, 0.0, 1.0, 0.0, 2.0, 1.0, 1.0, 1.0, 1.0, 1.0, 1.0, 1.0, 3.0, 2.0, 1.0, 2.0, 1.0, 1.0, 1.0, 1.0, 1.0, 1.0, 2.0, 2.0, 2.0, 1.0, 1.0, 1.0, 3.0, 3.0, 2.0, 2.0, 2.0], [1.0, 2.0, 1.0, 1.0, 2.0, 1.0, 3.0, 1.0, 1.0, 1.0, 0.0, 2.0, 1.0, 2.0, 1.0, 1.0, 1.0, 1.0, 1.0, 1.0, 1.0, 3.0, 2.0, 1.0, 2.0, 1.0, 1.0, 1.0, 1.0, 1.0, 1.0, 2.0, 1.0, 2.0, 1.0, 1.0, 1.0, 2.0, 3.0, 1.0, 2.0, 2.0], [1.0, 2.0, 1.0, 1.0, 1.0, 1.0, 2.0, 2.0, 1.0, 1.0, 0.0, 1.0, 0.0, 2.0, 1.0, 1.0, 1.0, 1.0, 1.0, 2.0, 1.0, 3.0, 2.0, 1.0, 2.0, 1.0, 1.0, 1.0, 1.0, 1.0, 1.0, 2.0, 1.0, 2.0, 1.0, 1.0, 1.0, 3.0, 3.0, 1.0, 2.0, 2.0], [1.0, 2.0, 1.0, 1.0, 2.0, 1.0, 2.0, 2.0, 1.0, 1.0, 0.0, 1.0, 1.0, 2.0, 1.0, 1.0, 1.0, 1.0, 1.0, 1.0, 1.0, 2.0, 2.0, 2.0, 2.0, 1.0, 1.0, 1.0, 1.0, 1.0, 1.0, 2.0, 2.0, 2.0, 1.0, 1.0, 1.0, 3.0, 2.0, 2.0, 2.0, 2.0], [1.0, 2.0, 1.0, 1.0, 2.0, 1.0, 2.0, 2.0, 1.0, 1.0, 0.0, 1.0, 1.0, 2.0, 1.0, 1.0, 1.0, 1.0, 1.0, 2.0, 2.0, 2.0, 2.0, 1.0, 2.0, 1.0, 1.0, 1.0, 1.0, 1.0, 1.0, 2.0, 1.0, 1.0, 1.0, 1.0, 1.0, 3.0, 3.0, 2.0, 3.0, 2.0], [1.0, 1.0, 2.0, 1.0, 1.0, 1.0, 2.0, 2.0, 1.0, 1.0, 0.0, 1.0, 0.0, 2.0, 1.0, 1.0, 1.0, 1.0, 2.0, 2.0, 1.0, 3.0, 2.0, 1.0, 2.0, 1.0, 1.0, 1.0, 1.0, 1.0, 1.0, 2.0, 1.0, 2.0, 1.0, 1.0, 1.0, 3.0, 3.0, 2.0, 2.0, 2.0], [1.0, 2.0, 1.0, 1.0, 2.0, 1.0, 2.0, 2.0, 1.0, 1.0, 0.0, 1.0, 0.0, 2.0, 1.0, 1.0, 1.0, 1.0, 1.0, 1.0, 1.0, 3.0, 2.0, 1.0, 2.0, 1.0, 1.0, 1.0, 1.0, 1.0, 1.0, 2.0, 1.0, 2.0, 1.0, 1.0, 1.0, 3.0, 3.0, 2.0, 2.0, 2.0], [1.0, 3.0, 1.0, 1.0, 2.0, 1.0, 2.0, 1.0, 1.0, 1.0, 0.0, 1.0, 1.0, 2.0, 1.0, 1.0, 1.0, 1.0, 2.0, 1.0, 2.0, 3.0, 2.0, 1.0, 2.0, 1.0, 1.0, 1.0, 1.0, 1.0, 1.0, 2.0, 1.0, 2.0, 1.0, 1.0, 1.0, 3.0, 3.0, 2.0, 2.0, 2.0], [1.0, 3.0, 1.0, 1.0, 1.0, 1.0, 2.0, 1.0, 1.0, 1.0, 1.0, 1.0, 0.0, 2.0, 1.0, 1.0, 1.0, 1.0, 1.0, 1.0, 1.0, 3.0, 2.0, 1.0, 2.0, 1.0, 1.0, 1.0, 1.0, 1.0, 1.0, 2.0, 1.0, 2.0, 1.0, 1.0, 1.0, 3.0, 3.0, 2.0, 2.0, 2.0], [1.0, 2.0, 1.0, 1.0, 1.0, 1.0, 2.0, 2.0, 1.0, 1.0, 0.0, 1.0, 1.0, 3.0, 1.0, 1.0, 1.0, 1.0, 1.0, 1.0, 1.0, 1.0, 2.0, 1.0, 2.0, 1.0, 1.0, 1.0, 1.0, 1.0, 1.0, 2.0, 2.0, 2.0, 1.0, 1.0, 1.0, 2.0, 3.0, 2.0, 2.0, 2.0], [1.0, 2.0, 1.0, 1.0, 1.0, 1.0, 2.0, 2.0, 1.0, 1.0, 0.0, 2.0, 1.0, 3.0, 1.0, 1.0, 1.0, 1.0, 1.0, 1.0, 1.0, 2.0, 2.0, 1.0, 2.0, 1.0, 1.0, 1.0, 1.0, 1.0, 1.0, 2.0, 1.0, 2.0, 1.0, 2.0, 1.0, 3.0, 3.0, 1.0, 2.0, 2.0], [1.0, 2.0, 1.0, 1.0, 2.0, 1.0, 2.0, 1.0, 1.0, 1.0, 0.0, 1.0, 1.0, 2.0, 1.0, 1.0, 1.0, 1.0, 1.0, 2.0, 1.0, 3.0, 2.0, 2.0, 2.0, 1.0, 1.0, 1.0, 1.0, 1.0, 1.0, 2.0, 2.0, 2.0, 1.0, 1.0, 1.0, 2.0, 2.0, 2.0, 2.0, 2.0], [1.0, 2.0, 2.0, 1.0, 2.0, 1.0, 2.0, 2.0, 1.0, 1.0, 0.0, 2.0, 1.0, 2.0, 1.0, 1.0, 1.0, 1.0, 2.0, 1.0, 1.0, 3.0, 2.0, 2.0, 2.0, 1.0, 1.0, 1.0, 1.0, 1.0, 1.0, 2.0, 1.0, 2.0, 1.0, 1.0, 1.0, 3.0, 3.0, 2.0, 2.0, 2.0], [1.0, 2.0, 1.0, 1.0, 1.0, 1.0, 3.0, 2.0, 1.0, 1.0, 0.0, 1.0, 1.0, 3.0, 1.0, 1.0, 1.0, 1.0, 2.0, 1.0, 1.0, 3.0, 2.0, 1.0, 2.0, 1.0, 1.0, 1.0, 1.0, 1.0, 1.0, 2.0, 1.0, 2.0, 1.0, 1.0, 1.0, 3.0, 3.0, 2.0, 2.0, 2.0], [1.0, 2.0, 1.0, 1.0, 1.0, 1.0, 2.0, 1.0, 1.0, 1.0, 1.0, 2.0, 1.0, 3.0, 1.0, 1.0, 1.0, 1.0, 2.0, 1.0, 1.0, 3.0, 1.0, 1.0, 2.0, 1.0, 1.0, 1.0, 1.0, 1.0, 1.0, 2.0, 2.0, 2.0, 1.0, 1.0, 1.0, 3.0, 3.0, 2.0, 2.0, 2.0], [1.0, 2.0, 1.0, 1.0, 1.0, 1.0, 3.0, 2.0, 1.0, 1.0, 0.0, 2.0, 1.0, 2.0, 1.0, 1.0, 1.0, 1.0, 1.0, 1.0, 2.0, 3.0, 2.0, 1.0, 2.0, 1.0, 1.0, 1.0, 1.0, 1.0, 1.0, 2.0, 2.0, 2.0, 1.0, 1.0, 1.0, 3.0, 3.0, 2.0, 2.0, 2.0], [1.0, 2.0, 1.0, 1.0, 1.0, 1.0, 2.0, 2.0, 1.0, 1.0, 0.0, 1.0, 1.0, 2.0, 1.0, 1.0, 1.0, 1.0, 2.0, 1.0, 1.0, 3.0, 2.0, 1.0, 2.0, 1.0, 1.0, 1.0, 1.0, 1.0, 1.0, 2.0, 1.0, 2.0, 1.0, 1.0, 1.0, 2.0, 3.0, 2.0, 2.0, 2.0], [1.0, 2.0, 1.0, 1.0, 2.0, 1.0, 2.0, 1.0, 1.0, 1.0, 0.0, 1.0, 1.0, 2.0, 1.0, 1.0, 1.0, 1.0, 1.0, 1.0, 1.0, 2.0, 2.0, 1.0, 2.0, 1.0, 1.0, 1.0, 1.0, 1.0, 1.0, 2.0, 1.0, 2.0, 1.0, 1.0, 1.0, 3.0, 3.0, 2.0, 2.0, 2.0], [1.0, 2.0, 1.0, 1.0, 2.0, 1.0, 2.0, 2.0, 1.0, 1.0, 0.0, 2.0, 0.0, 3.0, 1.0, 1.0, 1.0, 1.0, 2.0, 1.0, 1.0, 2.0, 2.0, 1.0, 2.0, 1.0, 1.0, 1.0, 1.0, 1.0, 1.0, 2.0, 1.0, 2.0, 1.0, 1.0, 1.0, 3.0, 3.0, 2.0, 2.0, 2.0], [1.0, 2.0, 1.0, 1.0, 1.0, 1.0, 2.0, 2.0, 1.0, 1.0, 0.0, 2.0, 1.0, 2.0, 1.0, 1.0, 1.0, 1.0, 2.0, 1.0, 1.0, 3.0, 2.0, 1.0, 2.0, 1.0, 1.0, 1.0, 1.0, 1.0, 1.0, 2.0, 1.0, 2.0, 1.0, 1.0, 1.0, 3.0, 3.0, 2.0, 2.0, 2.0]]

