first layer check: Conv2d(6, 64, kernel_size=(7, 7), stride=(2, 2), padding=(3, 3), bias=False)

target ys
[2.0, 3.0, 2.0, 1.0, 3.0, 2.0, 1.0, 1.0, 2.0, 3.0, 2.0, 3.0, 0.0, 3.0, 1.0, 1.0, 1.0, 1.0, 2.0, 1.0, 1.0, 2.0, 3.0, 1.0, 1.0, 1.0, 1.0, 1.0, 1.0, 2.0, 2.0, 0.0, 3.0, 3.0, 1.0, 1.0, 1.0, 3.0, 1.0, 3.0, 2.0, 1.0]

for model 0: mode acc: 0.6428571343421936, run mean acc: 0.6175000071525574, top-2 acc:0.9625000953674316, mode f1: 0.6428571343421936

model 0 mode preds
[2.0, 2.0, 3.0, 1.0, 3.0, 3.0, 1.0, 1.0, 1.0, 3.0, 1.0, 3.0, 0.0, 2.0, 2.0, 1.0, 1.0, 2.0, 2.0, 1.0, 1.0, 3.0, 3.0, 1.0, 1.0, 3.0, 1.0, 1.0, 0.0, 2.0, 2.0, 1.0, 3.0, 3.0, 0.0, 1.0, 1.0, 2.0, 1.0, 3.0, 1.0, 1.0]

model 0 all preds
[[2.0, 2.0, 3.0, 1.0, 3.0, 2.0, 1.0, 1.0, 1.0, 2.0, 2.0, 3.0, 0.0, 2.0, 2.0, 0.0, 1.0, 2.0, 1.0, 0.0, 2.0, 3.0, 3.0, 1.0, 1.0, 3.0, 2.0, 1.0, 0.0, 2.0, 3.0, 1.0, 3.0, 3.0, 0.0, 0.0, 1.0, 3.0, 1.0, 3.0, 1.0, 1.0], [2.0, 2.0, 3.0, 1.0, 2.0, 3.0, 1.0, 1.0, 2.0, 3.0, 2.0, 3.0, 0.0, 2.0, 2.0, 0.0, 1.0, 2.0, 2.0, 0.0, 1.0, 3.0, 3.0, 1.0, 2.0, 3.0, 2.0, 1.0, 0.0, 2.0, 3.0, 1.0, 3.0, 3.0, 0.0, 1.0, 2.0, 2.0, 1.0, 3.0, 1.0, 1.0], [2.0, 2.0, 3.0, 1.0, 3.0, 2.0, 1.0, 1.0, 1.0, 3.0, 1.0, 3.0, 0.0, 3.0, 1.0, 1.0, 1.0, 2.0, 2.0, 1.0, 1.0, 3.0, 3.0, 2.0, 1.0, 3.0, 1.0, 2.0, 0.0, 2.0, 2.0, 1.0, 3.0, 3.0, 0.0, 1.0, 1.0, 2.0, 1.0, 3.0, 1.0, 1.0], [2.0, 3.0, 3.0, 1.0, 3.0, 3.0, 1.0, 1.0, 1.0, 3.0, 1.0, 3.0, 0.0, 2.0, 2.0, 0.0, 1.0, 2.0, 2.0, 1.0, 2.0, 3.0, 3.0, 1.0, 1.0, 3.0, 1.0, 1.0, 0.0, 2.0, 2.0, 1.0, 3.0, 3.0, 0.0, 1.0, 1.0, 3.0, 1.0, 3.0, 1.0, 1.0], [2.0, 3.0, 3.0, 1.0, 2.0, 3.0, 1.0, 1.0, 1.0, 3.0, 1.0, 3.0, 0.0, 2.0, 1.0, 0.0, 1.0, 2.0, 1.0, 1.0, 1.0, 3.0, 3.0, 1.0, 1.0, 3.0, 1.0, 1.0, 0.0, 2.0, 3.0, 1.0, 3.0, 3.0, 0.0, 1.0, 2.0, 3.0, 1.0, 3.0, 2.0, 1.0], [2.0, 2.0, 3.0, 1.0, 2.0, 3.0, 1.0, 1.0, 1.0, 3.0, 1.0, 3.0, 0.0, 2.0, 1.0, 1.0, 1.0, 2.0, 2.0, 1.0, 1.0, 3.0, 3.0, 1.0, 1.0, 3.0, 1.0, 2.0, 0.0, 2.0, 2.0, 1.0, 3.0, 3.0, 0.0, 0.0, 1.0, 2.0, 1.0, 3.0, 2.0, 1.0], [2.0, 2.0, 3.0, 1.0, 2.0, 3.0, 1.0, 1.0, 1.0, 3.0, 2.0, 3.0, 0.0, 2.0, 2.0, 1.0, 1.0, 2.0, 2.0, 0.0, 2.0, 3.0, 3.0, 1.0, 1.0, 3.0, 1.0, 2.0, 0.0, 2.0, 3.0, 1.0, 3.0, 3.0, 0.0, 1.0, 2.0, 3.0, 2.0, 3.0, 1.0, 1.0], [2.0, 2.0, 3.0, 1.0, 3.0, 3.0, 1.0, 1.0, 2.0, 3.0, 1.0, 3.0, 0.0, 2.0, 1.0, 1.0, 1.0, 2.0, 2.0, 0.0, 1.0, 3.0, 3.0, 1.0, 2.0, 3.0, 2.0, 1.0, 0.0, 2.0, 3.0, 1.0, 3.0, 3.0, 0.0, 1.0, 2.0, 2.0, 1.0, 3.0, 1.0, 1.0], [2.0, 2.0, 3.0, 1.0, 2.0, 3.0, 1.0, 1.0, 1.0, 3.0, 1.0, 3.0, 0.0, 3.0, 1.0, 1.0, 1.0, 2.0, 1.0, 1.0, 2.0, 3.0, 3.0, 1.0, 1.0, 3.0, 2.0, 1.0, 0.0, 2.0, 2.0, 1.0, 3.0, 3.0, 0.0, 1.0, 1.0, 3.0, 2.0, 3.0, 1.0, 1.0], [2.0, 2.0, 3.0, 1.0, 3.0, 3.0, 1.0, 1.0, 1.0, 3.0, 1.0, 3.0, 0.0, 2.0, 1.0, 0.0, 1.0, 2.0, 1.0, 1.0, 1.0, 3.0, 3.0, 2.0, 1.0, 3.0, 1.0, 1.0, 0.0, 2.0, 2.0, 1.0, 3.0, 3.0, 0.0, 1.0, 2.0, 2.0, 1.0, 3.0, 1.0, 1.0], [2.0, 3.0, 3.0, 1.0, 3.0, 3.0, 1.0, 1.0, 1.0, 2.0, 1.0, 3.0, 0.0, 2.0, 2.0, 0.0, 1.0, 1.0, 2.0, 0.0, 1.0, 3.0, 3.0, 1.0, 2.0, 3.0, 2.0, 2.0, 0.0, 2.0, 2.0, 1.0, 3.0, 3.0, 0.0, 1.0, 1.0, 3.0, 1.0, 3.0, 1.0, 1.0], [2.0, 2.0, 3.0, 1.0, 3.0, 2.0, 1.0, 1.0, 1.0, 2.0, 1.0, 3.0, 0.0, 2.0, 2.0, 0.0, 1.0, 1.0, 2.0, 0.0, 2.0, 3.0, 3.0, 1.0, 1.0, 3.0, 2.0, 1.0, 0.0, 2.0, 2.0, 1.0, 3.0, 3.0, 0.0, 0.0, 1.0, 3.0, 0.0, 3.0, 1.0, 1.0], [2.0, 2.0, 2.0, 1.0, 3.0, 2.0, 1.0, 1.0, 1.0, 3.0, 2.0, 3.0, 0.0, 2.0, 1.0, 1.0, 1.0, 2.0, 2.0, 1.0, 1.0, 3.0, 3.0, 1.0, 1.0, 3.0, 1.0, 2.0, 0.0, 2.0, 2.0, 1.0, 3.0, 3.0, 0.0, 1.0, 1.0, 3.0, 1.0, 3.0, 1.0, 1.0], [2.0, 2.0, 3.0, 1.0, 3.0, 2.0, 1.0, 1.0, 1.0, 3.0, 1.0, 3.0, 0.0, 2.0, 1.0, 1.0, 1.0, 2.0, 2.0, 0.0, 1.0, 3.0, 3.0, 1.0, 1.0, 3.0, 1.0, 1.0, 0.0, 2.0, 3.0, 0.0, 3.0, 3.0, 0.0, 1.0, 1.0, 3.0, 2.0, 3.0, 1.0, 1.0], [3.0, 2.0, 3.0, 1.0, 3.0, 2.0, 1.0, 1.0, 1.0, 2.0, 2.0, 3.0, 0.0, 2.0, 2.0, 1.0, 1.0, 2.0, 2.0, 1.0, 1.0, 3.0, 3.0, 1.0, 2.0, 3.0, 2.0, 1.0, 0.0, 2.0, 2.0, 0.0, 3.0, 3.0, 0.0, 1.0, 1.0, 2.0, 1.0, 3.0, 1.0, 1.0], [2.0, 2.0, 3.0, 1.0, 3.0, 3.0, 1.0, 1.0, 1.0, 3.0, 1.0, 3.0, 0.0, 2.0, 2.0, 1.0, 1.0, 2.0, 1.0, 0.0, 1.0, 3.0, 3.0, 1.0, 1.0, 3.0, 1.0, 2.0, 0.0, 2.0, 3.0, 1.0, 3.0, 3.0, 0.0, 1.0, 1.0, 2.0, 1.0, 3.0, 1.0, 1.0], [2.0, 2.0, 3.0, 1.0, 3.0, 3.0, 1.0, 1.0, 1.0, 2.0, 2.0, 3.0, 0.0, 2.0, 2.0, 0.0, 1.0, 2.0, 2.0, 0.0, 2.0, 3.0, 3.0, 1.0, 1.0, 3.0, 1.0, 2.0, 0.0, 2.0, 2.0, 1.0, 3.0, 3.0, 0.0, 1.0, 1.0, 3.0, 1.0, 2.0, 1.0, 0.0], [3.0, 2.0, 3.0, 1.0, 3.0, 3.0, 1.0, 1.0, 1.0, 3.0, 1.0, 3.0, 0.0, 2.0, 2.0, 1.0, 1.0, 2.0, 2.0, 1.0, 2.0, 3.0, 3.0, 1.0, 1.0, 3.0, 2.0, 1.0, 0.0, 2.0, 3.0, 0.0, 3.0, 3.0, 0.0, 1.0, 1.0, 3.0, 1.0, 3.0, 1.0, 1.0], [3.0, 2.0, 3.0, 1.0, 3.0, 3.0, 1.0, 1.0, 1.0, 3.0, 2.0, 2.0, 0.0, 2.0, 2.0, 1.0, 1.0, 2.0, 2.0, 1.0, 1.0, 3.0, 3.0, 1.0, 2.0, 3.0, 1.0, 2.0, 0.0, 2.0, 2.0, 1.0, 3.0, 3.0, 0.0, 1.0, 1.0, 2.0, 1.0, 3.0, 1.0, 1.0], [2.0, 3.0, 3.0, 1.0, 3.0, 3.0, 1.0, 1.0, 1.0, 3.0, 1.0, 3.0, 0.0, 1.0, 2.0, 1.0, 1.0, 2.0, 2.0, 1.0, 1.0, 3.0, 3.0, 1.0, 1.0, 3.0, 2.0, 1.0, 0.0, 2.0, 3.0, 1.0, 3.0, 3.0, 0.0, 1.0, 2.0, 3.0, 1.0, 3.0, 2.0, 1.0], [2.0, 3.0, 3.0, 1.0, 3.0, 3.0, 1.0, 1.0, 1.0, 3.0, 1.0, 3.0, 0.0, 2.0, 1.0, 0.0, 1.0, 1.0, 2.0, 1.0, 2.0, 3.0, 3.0, 1.0, 1.0, 3.0, 1.0, 1.0, 1.0, 2.0, 3.0, 1.0, 3.0, 3.0, 0.0, 1.0, 1.0, 3.0, 2.0, 3.0, 1.0, 1.0], [2.0, 3.0, 3.0, 2.0, 2.0, 2.0, 0.0, 1.0, 1.0, 3.0, 2.0, 3.0, 0.0, 3.0, 2.0, 1.0, 1.0, 2.0, 1.0, 1.0, 1.0, 3.0, 3.0, 1.0, 1.0, 3.0, 1.0, 2.0, 0.0, 2.0, 2.0, 0.0, 3.0, 3.0, 0.0, 1.0, 1.0, 2.0, 1.0, 3.0, 1.0, 1.0], [2.0, 2.0, 3.0, 1.0, 3.0, 3.0, 1.0, 1.0, 1.0, 3.0, 2.0, 3.0, 0.0, 2.0, 1.0, 0.0, 1.0, 2.0, 1.0, 0.0, 1.0, 3.0, 3.0, 1.0, 2.0, 3.0, 1.0, 2.0, 0.0, 2.0, 2.0, 1.0, 3.0, 3.0, 0.0, 1.0, 1.0, 2.0, 1.0, 3.0, 2.0, 1.0], [2.0, 2.0, 2.0, 1.0, 3.0, 2.0, 2.0, 1.0, 1.0, 3.0, 2.0, 3.0, 0.0, 2.0, 1.0, 1.0, 1.0, 2.0, 2.0, 1.0, 2.0, 3.0, 3.0, 1.0, 2.0, 3.0, 1.0, 1.0, 0.0, 2.0, 2.0, 1.0, 3.0, 3.0, 0.0, 1.0, 1.0, 3.0, 1.0, 3.0, 1.0, 1.0], [2.0, 2.0, 3.0, 1.0, 2.0, 3.0, 1.0, 1.0, 1.0, 2.0, 1.0, 3.0, 0.0, 2.0, 2.0, 1.0, 1.0, 2.0, 1.0, 1.0, 1.0, 3.0, 3.0, 1.0, 1.0, 3.0, 1.0, 2.0, 0.0, 2.0, 2.0, 1.0, 3.0, 3.0, 0.0, 1.0, 1.0, 2.0, 1.0, 3.0, 2.0, 1.0], [2.0, 2.0, 3.0, 1.0, 3.0, 3.0, 1.0, 1.0, 1.0, 3.0, 1.0, 3.0, 0.0, 2.0, 2.0, 0.0, 1.0, 2.0, 1.0, 0.0, 1.0, 3.0, 3.0, 2.0, 1.0, 3.0, 2.0, 2.0, 0.0, 3.0, 2.0, 1.0, 3.0, 3.0, 0.0, 1.0, 2.0, 2.0, 1.0, 3.0, 2.0, 1.0], [2.0, 2.0, 3.0, 1.0, 2.0, 2.0, 1.0, 1.0, 1.0, 3.0, 1.0, 3.0, 0.0, 3.0, 1.0, 1.0, 1.0, 2.0, 2.0, 0.0, 1.0, 3.0, 3.0, 1.0, 1.0, 3.0, 1.0, 1.0, 0.0, 2.0, 2.0, 1.0, 3.0, 3.0, 0.0, 1.0, 1.0, 2.0, 1.0, 3.0, 1.0, 1.0], [2.0, 3.0, 3.0, 1.0, 2.0, 2.0, 1.0, 1.0, 2.0, 3.0, 1.0, 3.0, 0.0, 2.0, 2.0, 1.0, 1.0, 2.0, 2.0, 0.0, 1.0, 3.0, 3.0, 1.0, 2.0, 3.0, 2.0, 2.0, 0.0, 2.0, 2.0, 0.0, 3.0, 3.0, 0.0, 1.0, 1.0, 3.0, 2.0, 3.0, 1.0, 1.0], [2.0, 2.0, 3.0, 1.0, 3.0, 2.0, 1.0, 1.0, 1.0, 2.0, 1.0, 3.0, 0.0, 2.0, 2.0, 0.0, 1.0, 2.0, 2.0, 1.0, 2.0, 3.0, 3.0, 1.0, 1.0, 3.0, 1.0, 1.0, 0.0, 2.0, 2.0, 1.0, 3.0, 3.0, 0.0, 1.0, 1.0, 2.0, 1.0, 3.0, 1.0, 1.0], [2.0, 2.0, 3.0, 1.0, 3.0, 2.0, 1.0, 1.0, 1.0, 3.0, 1.0, 3.0, 0.0, 3.0, 2.0, 0.0, 1.0, 2.0, 2.0, 1.0, 2.0, 3.0, 3.0, 1.0, 1.0, 3.0, 2.0, 1.0, 0.0, 2.0, 2.0, 1.0, 3.0, 3.0, 0.0, 1.0, 1.0, 2.0, 1.0, 3.0, 1.0, 1.0], [2.0, 3.0, 3.0, 1.0, 3.0, 1.0, 1.0, 1.0, 1.0, 3.0, 1.0, 3.0, 0.0, 2.0, 2.0, 1.0, 1.0, 1.0, 2.0, 0.0, 1.0, 3.0, 3.0, 2.0, 1.0, 3.0, 1.0, 1.0, 0.0, 2.0, 2.0, 0.0, 3.0, 3.0, 0.0, 1.0, 1.0, 2.0, 1.0, 3.0, 2.0, 1.0], [2.0, 2.0, 3.0, 1.0, 3.0, 2.0, 1.0, 1.0, 1.0, 3.0, 1.0, 3.0, 0.0, 2.0, 1.0, 0.0, 1.0, 2.0, 2.0, 1.0, 2.0, 3.0, 3.0, 1.0, 1.0, 3.0, 1.0, 2.0, 0.0, 2.0, 2.0, 1.0, 3.0, 3.0, 0.0, 1.0, 1.0, 3.0, 1.0, 3.0, 1.0, 1.0], [2.0, 2.0, 3.0, 1.0, 3.0, 3.0, 1.0, 1.0, 0.0, 3.0, 1.0, 3.0, 0.0, 2.0, 2.0, 1.0, 1.0, 2.0, 2.0, 0.0, 2.0, 3.0, 3.0, 1.0, 1.0, 3.0, 1.0, 1.0, 0.0, 2.0, 2.0, 1.0, 2.0, 3.0, 0.0, 1.0, 1.0, 2.0, 1.0, 3.0, 1.0, 1.0], [2.0, 2.0, 3.0, 1.0, 3.0, 3.0, 1.0, 1.0, 1.0, 3.0, 1.0, 3.0, 0.0, 2.0, 1.0, 0.0, 1.0, 2.0, 2.0, 1.0, 1.0, 3.0, 3.0, 1.0, 1.0, 3.0, 2.0, 2.0, 1.0, 2.0, 2.0, 1.0, 2.0, 3.0, 0.0, 1.0, 1.0, 2.0, 2.0, 3.0, 1.0, 1.0], [2.0, 2.0, 3.0, 1.0, 3.0, 3.0, 1.0, 1.0, 1.0, 3.0, 2.0, 3.0, 0.0, 3.0, 1.0, 1.0, 1.0, 1.0, 2.0, 1.0, 1.0, 3.0, 3.0, 2.0, 1.0, 3.0, 1.0, 1.0, 0.0, 2.0, 2.0, 1.0, 3.0, 3.0, 0.0, 1.0, 2.0, 2.0, 1.0, 3.0, 2.0, 1.0], [2.0, 2.0, 3.0, 1.0, 3.0, 2.0, 1.0, 1.0, 1.0, 2.0, 1.0, 3.0, 0.0, 2.0, 1.0, 0.0, 1.0, 2.0, 2.0, 0.0, 2.0, 3.0, 3.0, 1.0, 2.0, 3.0, 1.0, 1.0, 0.0, 2.0, 2.0, 1.0, 3.0, 3.0, 0.0, 1.0, 1.0, 3.0, 1.0, 2.0, 1.0, 1.0], [3.0, 2.0, 3.0, 2.0, 3.0, 3.0, 1.0, 1.0, 1.0, 3.0, 2.0, 3.0, 0.0, 2.0, 2.0, 1.0, 1.0, 2.0, 1.0, 1.0, 1.0, 3.0, 3.0, 1.0, 1.0, 3.0, 1.0, 2.0, 0.0, 2.0, 2.0, 1.0, 3.0, 3.0, 0.0, 1.0, 2.0, 3.0, 1.0, 3.0, 1.0, 1.0], [2.0, 2.0, 3.0, 1.0, 3.0, 3.0, 1.0, 1.0, 1.0, 2.0, 1.0, 3.0, 0.0, 2.0, 1.0, 1.0, 1.0, 1.0, 2.0, 1.0, 1.0, 3.0, 3.0, 1.0, 1.0, 3.0, 2.0, 1.0, 0.0, 2.0, 2.0, 0.0, 3.0, 3.0, 0.0, 0.0, 1.0, 2.0, 2.0, 2.0, 1.0, 1.0], [2.0, 2.0, 3.0, 1.0, 3.0, 3.0, 1.0, 1.0, 1.0, 3.0, 1.0, 3.0, 0.0, 2.0, 1.0, 1.0, 1.0, 2.0, 2.0, 0.0, 1.0, 3.0, 3.0, 1.0, 2.0, 3.0, 1.0, 2.0, 0.0, 2.0, 2.0, 1.0, 2.0, 3.0, 0.0, 1.0, 1.0, 3.0, 2.0, 2.0, 1.0, 1.0], [2.0, 2.0, 3.0, 1.0, 3.0, 2.0, 1.0, 1.0, 1.0, 3.0, 1.0, 3.0, 0.0, 2.0, 2.0, 1.0, 1.0, 2.0, 1.0, 1.0, 1.0, 3.0, 3.0, 1.0, 1.0, 3.0, 2.0, 1.0, 0.0, 2.0, 2.0, 1.0, 3.0, 3.0, 0.0, 1.0, 1.0, 3.0, 1.0, 3.0, 1.0, 1.0], [2.0, 2.0, 3.0, 1.0, 3.0, 3.0, 0.0, 1.0, 1.0, 3.0, 1.0, 3.0, 0.0, 2.0, 1.0, 1.0, 1.0, 2.0, 2.0, 0.0, 1.0, 3.0, 3.0, 1.0, 2.0, 3.0, 1.0, 1.0, 0.0, 2.0, 2.0, 1.0, 3.0, 3.0, 0.0, 1.0, 1.0, 2.0, 1.0, 3.0, 2.0, 0.0], [2.0, 2.0, 3.0, 1.0, 3.0, 2.0, 1.0, 1.0, 1.0, 2.0, 2.0, 3.0, 0.0, 2.0, 2.0, 1.0, 1.0, 1.0, 2.0, 1.0, 2.0, 3.0, 3.0, 1.0, 1.0, 3.0, 2.0, 2.0, 0.0, 2.0, 2.0, 1.0, 3.0, 3.0, 0.0, 1.0, 2.0, 3.0, 1.0, 3.0, 1.0, 1.0], [2.0, 2.0, 3.0, 2.0, 3.0, 3.0, 1.0, 1.0, 1.0, 3.0, 1.0, 3.0, 0.0, 2.0, 1.0, 0.0, 1.0, 2.0, 2.0, 0.0, 1.0, 3.0, 3.0, 1.0, 2.0, 3.0, 1.0, 2.0, 0.0, 2.0, 2.0, 0.0, 3.0, 3.0, 0.0, 1.0, 2.0, 3.0, 1.0, 3.0, 2.0, 1.0], [2.0, 2.0, 3.0, 1.0, 3.0, 2.0, 1.0, 1.0, 1.0, 2.0, 1.0, 3.0, 0.0, 2.0, 1.0, 1.0, 1.0, 1.0, 1.0, 1.0, 2.0, 3.0, 3.0, 1.0, 1.0, 3.0, 2.0, 1.0, 0.0, 2.0, 2.0, 0.0, 3.0, 3.0, 0.0, 1.0, 2.0, 2.0, 1.0, 3.0, 1.0, 1.0], [3.0, 2.0, 3.0, 1.0, 3.0, 1.0, 1.0, 1.0, 1.0, 3.0, 1.0, 3.0, 0.0, 2.0, 2.0, 1.0, 1.0, 2.0, 2.0, 0.0, 1.0, 3.0, 3.0, 1.0, 2.0, 3.0, 1.0, 1.0, 0.0, 2.0, 2.0, 1.0, 3.0, 3.0, 0.0, 1.0, 2.0, 2.0, 1.0, 3.0, 2.0, 1.0], [2.0, 2.0, 3.0, 1.0, 3.0, 3.0, 1.0, 1.0, 2.0, 2.0, 1.0, 3.0, 0.0, 2.0, 1.0, 0.0, 1.0, 2.0, 2.0, 1.0, 1.0, 3.0, 3.0, 1.0, 1.0, 3.0, 1.0, 1.0, 0.0, 2.0, 2.0, 1.0, 3.0, 3.0, 0.0, 1.0, 1.0, 3.0, 2.0, 3.0, 2.0, 1.0], [2.0, 2.0, 3.0, 1.0, 3.0, 2.0, 1.0, 1.0, 1.0, 3.0, 2.0, 3.0, 0.0, 2.0, 2.0, 0.0, 1.0, 2.0, 2.0, 0.0, 1.0, 3.0, 3.0, 1.0, 1.0, 3.0, 1.0, 1.0, 0.0, 2.0, 2.0, 1.0, 3.0, 3.0, 0.0, 1.0, 1.0, 3.0, 1.0, 3.0, 1.0, 1.0], [2.0, 2.0, 3.0, 1.0, 3.0, 3.0, 1.0, 1.0, 1.0, 3.0, 1.0, 3.0, 0.0, 2.0, 1.0, 0.0, 1.0, 2.0, 2.0, 0.0, 1.0, 3.0, 3.0, 2.0, 1.0, 3.0, 1.0, 1.0, 1.0, 2.0, 2.0, 1.0, 3.0, 3.0, 0.0, 1.0, 2.0, 3.0, 1.0, 3.0, 1.0, 1.0], [2.0, 2.0, 3.0, 1.0, 3.0, 2.0, 1.0, 1.0, 1.0, 3.0, 2.0, 3.0, 0.0, 2.0, 2.0, 1.0, 1.0, 2.0, 2.0, 1.0, 1.0, 3.0, 3.0, 1.0, 1.0, 3.0, 1.0, 2.0, 0.0, 2.0, 2.0, 0.0, 3.0, 3.0, 0.0, 1.0, 1.0, 2.0, 1.0, 3.0, 1.0, 1.0], [2.0, 3.0, 3.0, 2.0, 3.0, 3.0, 1.0, 1.0, 1.0, 3.0, 1.0, 3.0, 0.0, 2.0, 2.0, 1.0, 1.0, 2.0, 2.0, 1.0, 1.0, 3.0, 3.0, 1.0, 1.0, 3.0, 2.0, 2.0, 0.0, 2.0, 2.0, 0.0, 3.0, 3.0, 0.0, 1.0, 2.0, 2.0, 2.0, 3.0, 2.0, 1.0]]

first layer check: Conv2d(6, 64, kernel_size=(7, 7), stride=(2, 2), padding=(3, 3), bias=False)

for model 1: mode acc: 0.6666666865348816, run mean acc: 0.6579166650772095, top-2 acc:0.9229166507720947, mode f1: 0.6666666865348816

model 1 mode preds
[2.0, 2.0, 3.0, 1.0, 3.0, 3.0, 1.0, 1.0, 1.0, 3.0, 1.0, 3.0, 0.0, 1.0, 1.0, 1.0, 1.0, 1.0, 1.0, 1.0, 1.0, 3.0, 3.0, 1.0, 1.0, 3.0, 1.0, 1.0, 0.0, 3.0, 2.0, 1.0, 3.0, 3.0, 0.0, 1.0, 1.0, 3.0, 1.0, 3.0, 1.0, 1.0]

model 1 all preds
[[2.0, 2.0, 3.0, 1.0, 3.0, 3.0, 1.0, 1.0, 1.0, 3.0, 1.0, 3.0, 0.0, 2.0, 1.0, 1.0, 1.0, 1.0, 1.0, 0.0, 1.0, 3.0, 3.0, 1.0, 1.0, 3.0, 1.0, 1.0, 0.0, 2.0, 3.0, 1.0, 3.0, 3.0, 0.0, 0.0, 1.0, 3.0, 1.0, 3.0, 1.0, 1.0], [1.0, 2.0, 3.0, 1.0, 3.0, 3.0, 1.0, 1.0, 1.0, 3.0, 1.0, 3.0, 0.0, 1.0, 1.0, 1.0, 1.0, 1.0, 1.0, 0.0, 1.0, 3.0, 3.0, 1.0, 1.0, 3.0, 1.0, 1.0, 0.0, 2.0, 2.0, 0.0, 3.0, 3.0, 0.0, 1.0, 2.0, 3.0, 1.0, 3.0, 1.0, 1.0], [2.0, 2.0, 3.0, 1.0, 3.0, 3.0, 1.0, 1.0, 1.0, 3.0, 1.0, 3.0, 0.0, 2.0, 1.0, 0.0, 1.0, 1.0, 1.0, 1.0, 1.0, 3.0, 3.0, 1.0, 1.0, 3.0, 1.0, 1.0, 0.0, 3.0, 2.0, 1.0, 3.0, 3.0, 0.0, 1.0, 1.0, 3.0, 1.0, 3.0, 1.0, 1.0], [2.0, 3.0, 3.0, 1.0, 3.0, 3.0, 1.0, 1.0, 1.0, 3.0, 1.0, 3.0, 0.0, 1.0, 1.0, 1.0, 1.0, 1.0, 1.0, 1.0, 1.0, 3.0, 3.0, 1.0, 1.0, 3.0, 1.0, 1.0, 0.0, 2.0, 3.0, 0.0, 3.0, 3.0, 0.0, 1.0, 1.0, 3.0, 1.0, 3.0, 1.0, 1.0], [2.0, 2.0, 3.0, 1.0, 3.0, 3.0, 1.0, 1.0, 1.0, 3.0, 1.0, 3.0, 0.0, 1.0, 1.0, 1.0, 1.0, 1.0, 1.0, 0.0, 1.0, 3.0, 3.0, 1.0, 1.0, 3.0, 1.0, 1.0, 0.0, 3.0, 2.0, 1.0, 3.0, 3.0, 0.0, 1.0, 1.0, 3.0, 1.0, 3.0, 1.0, 1.0], [2.0, 2.0, 3.0, 1.0, 3.0, 3.0, 1.0, 1.0, 1.0, 3.0, 2.0, 3.0, 0.0, 2.0, 1.0, 0.0, 1.0, 1.0, 2.0, 1.0, 1.0, 3.0, 3.0, 1.0, 1.0, 3.0, 1.0, 1.0, 0.0, 2.0, 3.0, 1.0, 3.0, 3.0, 0.0, 0.0, 1.0, 3.0, 1.0, 3.0, 1.0, 0.0], [2.0, 1.0, 3.0, 1.0, 3.0, 3.0, 0.0, 1.0, 1.0, 3.0, 1.0, 3.0, 0.0, 1.0, 1.0, 1.0, 1.0, 1.0, 1.0, 1.0, 1.0, 3.0, 3.0, 1.0, 1.0, 3.0, 1.0, 1.0, 0.0, 2.0, 2.0, 1.0, 3.0, 3.0, 0.0, 1.0, 1.0, 3.0, 1.0, 3.0, 1.0, 0.0], [1.0, 2.0, 3.0, 1.0, 3.0, 3.0, 1.0, 1.0, 1.0, 3.0, 1.0, 3.0, 1.0, 1.0, 1.0, 0.0, 1.0, 1.0, 1.0, 0.0, 1.0, 3.0, 3.0, 1.0, 1.0, 3.0, 1.0, 1.0, 0.0, 2.0, 3.0, 1.0, 3.0, 3.0, 0.0, 1.0, 1.0, 3.0, 1.0, 3.0, 1.0, 1.0], [2.0, 3.0, 3.0, 1.0, 3.0, 3.0, 1.0, 1.0, 1.0, 3.0, 1.0, 2.0, 0.0, 1.0, 1.0, 0.0, 1.0, 1.0, 2.0, 1.0, 1.0, 3.0, 3.0, 1.0, 1.0, 3.0, 1.0, 1.0, 0.0, 2.0, 2.0, 0.0, 3.0, 3.0, 0.0, 1.0, 1.0, 3.0, 1.0, 3.0, 1.0, 1.0], [2.0, 2.0, 2.0, 1.0, 3.0, 3.0, 1.0, 1.0, 1.0, 3.0, 1.0, 3.0, 0.0, 2.0, 1.0, 1.0, 1.0, 1.0, 1.0, 0.0, 1.0, 3.0, 3.0, 1.0, 1.0, 3.0, 1.0, 1.0, 0.0, 3.0, 3.0, 0.0, 3.0, 3.0, 0.0, 1.0, 1.0, 3.0, 1.0, 3.0, 1.0, 1.0], [2.0, 2.0, 3.0, 1.0, 3.0, 3.0, 0.0, 1.0, 1.0, 3.0, 1.0, 2.0, 1.0, 1.0, 1.0, 0.0, 1.0, 1.0, 2.0, 1.0, 1.0, 3.0, 3.0, 1.0, 1.0, 3.0, 1.0, 1.0, 0.0, 3.0, 3.0, 1.0, 3.0, 3.0, 0.0, 0.0, 1.0, 3.0, 1.0, 3.0, 1.0, 1.0], [2.0, 2.0, 3.0, 1.0, 3.0, 3.0, 0.0, 1.0, 1.0, 3.0, 1.0, 3.0, 1.0, 1.0, 1.0, 1.0, 1.0, 1.0, 2.0, 1.0, 1.0, 3.0, 3.0, 1.0, 1.0, 3.0, 1.0, 1.0, 0.0, 3.0, 3.0, 1.0, 3.0, 3.0, 0.0, 1.0, 1.0, 3.0, 1.0, 3.0, 1.0, 1.0], [1.0, 2.0, 3.0, 1.0, 3.0, 3.0, 1.0, 1.0, 1.0, 3.0, 1.0, 3.0, 0.0, 2.0, 1.0, 0.0, 1.0, 1.0, 1.0, 1.0, 1.0, 3.0, 3.0, 1.0, 1.0, 3.0, 1.0, 1.0, 0.0, 3.0, 3.0, 0.0, 3.0, 3.0, 0.0, 1.0, 1.0, 3.0, 1.0, 3.0, 1.0, 1.0], [2.0, 2.0, 3.0, 1.0, 3.0, 3.0, 1.0, 1.0, 1.0, 3.0, 2.0, 2.0, 0.0, 1.0, 1.0, 1.0, 1.0, 1.0, 2.0, 1.0, 1.0, 3.0, 3.0, 1.0, 1.0, 3.0, 1.0, 1.0, 0.0, 3.0, 2.0, 1.0, 3.0, 3.0, 0.0, 1.0, 2.0, 3.0, 1.0, 3.0, 1.0, 1.0], [2.0, 2.0, 3.0, 1.0, 3.0, 2.0, 1.0, 1.0, 1.0, 3.0, 1.0, 3.0, 1.0, 1.0, 1.0, 1.0, 1.0, 1.0, 1.0, 0.0, 1.0, 3.0, 3.0, 1.0, 1.0, 3.0, 1.0, 1.0, 0.0, 3.0, 2.0, 1.0, 3.0, 3.0, 0.0, 1.0, 1.0, 3.0, 1.0, 3.0, 1.0, 1.0], [2.0, 2.0, 3.0, 1.0, 3.0, 3.0, 1.0, 1.0, 1.0, 3.0, 1.0, 3.0, 0.0, 2.0, 1.0, 0.0, 1.0, 1.0, 1.0, 1.0, 1.0, 3.0, 3.0, 1.0, 1.0, 3.0, 1.0, 1.0, 0.0, 3.0, 2.0, 1.0, 3.0, 3.0, 0.0, 0.0, 1.0, 3.0, 1.0, 3.0, 1.0, 1.0], [2.0, 2.0, 3.0, 1.0, 3.0, 3.0, 1.0, 1.0, 1.0, 3.0, 1.0, 3.0, 1.0, 1.0, 1.0, 1.0, 1.0, 1.0, 1.0, 0.0, 1.0, 3.0, 3.0, 1.0, 1.0, 3.0, 1.0, 1.0, 0.0, 2.0, 2.0, 1.0, 3.0, 3.0, 0.0, 0.0, 1.0, 3.0, 1.0, 3.0, 1.0, 1.0], [2.0, 2.0, 3.0, 1.0, 3.0, 3.0, 1.0, 1.0, 1.0, 3.0, 1.0, 3.0, 1.0, 2.0, 1.0, 1.0, 1.0, 1.0, 1.0, 1.0, 1.0, 3.0, 3.0, 1.0, 1.0, 3.0, 1.0, 1.0, 0.0, 2.0, 3.0, 1.0, 3.0, 3.0, 0.0, 1.0, 1.0, 3.0, 1.0, 3.0, 1.0, 0.0], [2.0, 2.0, 3.0, 1.0, 3.0, 3.0, 1.0, 1.0, 1.0, 3.0, 1.0, 3.0, 0.0, 1.0, 1.0, 1.0, 1.0, 1.0, 1.0, 1.0, 1.0, 3.0, 3.0, 1.0, 1.0, 3.0, 1.0, 1.0, 0.0, 3.0, 2.0, 1.0, 3.0, 3.0, 0.0, 0.0, 1.0, 3.0, 1.0, 3.0, 1.0, 1.0], [2.0, 3.0, 3.0, 1.0, 3.0, 1.0, 1.0, 1.0, 1.0, 3.0, 1.0, 3.0, 0.0, 1.0, 1.0, 1.0, 1.0, 1.0, 1.0, 0.0, 1.0, 3.0, 3.0, 1.0, 1.0, 3.0, 1.0, 1.0, 0.0, 3.0, 2.0, 1.0, 3.0, 3.0, 0.0, 1.0, 1.0, 3.0, 1.0, 3.0, 1.0, 1.0], [2.0, 2.0, 3.0, 1.0, 3.0, 1.0, 1.0, 1.0, 1.0, 3.0, 1.0, 3.0, 0.0, 1.0, 1.0, 1.0, 1.0, 1.0, 1.0, 1.0, 1.0, 3.0, 3.0, 1.0, 1.0, 3.0, 1.0, 1.0, 0.0, 3.0, 2.0, 1.0, 3.0, 3.0, 0.0, 0.0, 1.0, 3.0, 1.0, 3.0, 1.0, 1.0], [2.0, 2.0, 3.0, 1.0, 3.0, 3.0, 1.0, 1.0, 1.0, 3.0, 1.0, 3.0, 1.0, 1.0, 1.0, 1.0, 1.0, 1.0, 1.0, 0.0, 1.0, 3.0, 3.0, 1.0, 1.0, 3.0, 1.0, 1.0, 0.0, 3.0, 2.0, 1.0, 3.0, 3.0, 0.0, 1.0, 1.0, 3.0, 1.0, 3.0, 2.0, 1.0], [2.0, 1.0, 3.0, 1.0, 3.0, 3.0, 1.0, 1.0, 1.0, 3.0, 1.0, 3.0, 0.0, 2.0, 1.0, 0.0, 1.0, 1.0, 1.0, 1.0, 1.0, 3.0, 3.0, 1.0, 1.0, 3.0, 1.0, 1.0, 0.0, 2.0, 3.0, 0.0, 3.0, 3.0, 0.0, 0.0, 1.0, 3.0, 1.0, 3.0, 1.0, 1.0], [2.0, 3.0, 3.0, 1.0, 3.0, 3.0, 1.0, 1.0, 1.0, 3.0, 1.0, 3.0, 1.0, 1.0, 1.0, 0.0, 1.0, 1.0, 2.0, 1.0, 1.0, 3.0, 3.0, 1.0, 1.0, 3.0, 1.0, 1.0, 0.0, 2.0, 2.0, 0.0, 3.0, 3.0, 0.0, 1.0, 1.0, 3.0, 1.0, 3.0, 1.0, 1.0], [2.0, 2.0, 3.0, 1.0, 3.0, 3.0, 1.0, 1.0, 1.0, 3.0, 1.0, 3.0, 0.0, 1.0, 1.0, 1.0, 1.0, 1.0, 1.0, 0.0, 1.0, 3.0, 3.0, 1.0, 1.0, 3.0, 1.0, 1.0, 0.0, 2.0, 2.0, 1.0, 3.0, 3.0, 0.0, 1.0, 1.0, 2.0, 1.0, 3.0, 1.0, 0.0], [2.0, 2.0, 3.0, 1.0, 3.0, 3.0, 1.0, 1.0, 1.0, 3.0, 1.0, 3.0, 1.0, 1.0, 1.0, 1.0, 1.0, 1.0, 2.0, 1.0, 1.0, 3.0, 3.0, 1.0, 1.0, 3.0, 1.0, 1.0, 0.0, 3.0, 2.0, 1.0, 3.0, 3.0, 0.0, 1.0, 1.0, 3.0, 1.0, 3.0, 1.0, 0.0], [2.0, 2.0, 3.0, 1.0, 3.0, 2.0, 0.0, 1.0, 1.0, 3.0, 1.0, 3.0, 1.0, 2.0, 1.0, 1.0, 1.0, 1.0, 2.0, 0.0, 1.0, 3.0, 3.0, 1.0, 1.0, 3.0, 1.0, 1.0, 0.0, 3.0, 3.0, 0.0, 3.0, 3.0, 0.0, 1.0, 1.0, 3.0, 1.0, 3.0, 1.0, 0.0], [2.0, 2.0, 3.0, 1.0, 3.0, 3.0, 1.0, 1.0, 1.0, 3.0, 1.0, 3.0, 0.0, 1.0, 1.0, 1.0, 1.0, 1.0, 1.0, 1.0, 1.0, 3.0, 3.0, 1.0, 1.0, 3.0, 1.0, 1.0, 0.0, 2.0, 3.0, 0.0, 3.0, 3.0, 0.0, 1.0, 1.0, 3.0, 1.0, 3.0, 1.0, 1.0], [2.0, 2.0, 3.0, 1.0, 3.0, 3.0, 1.0, 1.0, 1.0, 3.0, 1.0, 3.0, 1.0, 1.0, 1.0, 1.0, 1.0, 1.0, 1.0, 0.0, 1.0, 3.0, 3.0, 1.0, 1.0, 3.0, 1.0, 1.0, 0.0, 3.0, 2.0, 1.0, 3.0, 3.0, 0.0, 1.0, 1.0, 3.0, 1.0, 3.0, 1.0, 1.0], [2.0, 1.0, 3.0, 1.0, 3.0, 3.0, 1.0, 1.0, 1.0, 3.0, 1.0, 3.0, 1.0, 2.0, 1.0, 1.0, 1.0, 1.0, 2.0, 1.0, 1.0, 3.0, 3.0, 2.0, 1.0, 3.0, 1.0, 1.0, 0.0, 2.0, 3.0, 0.0, 3.0, 3.0, 0.0, 1.0, 1.0, 3.0, 1.0, 3.0, 1.0, 1.0], [2.0, 2.0, 3.0, 1.0, 3.0, 3.0, 1.0, 1.0, 1.0, 3.0, 1.0, 3.0, 0.0, 1.0, 1.0, 1.0, 1.0, 1.0, 1.0, 0.0, 1.0, 3.0, 3.0, 1.0, 1.0, 3.0, 1.0, 1.0, 0.0, 2.0, 2.0, 0.0, 3.0, 3.0, 0.0, 1.0, 1.0, 3.0, 1.0, 3.0, 1.0, 1.0], [2.0, 2.0, 3.0, 1.0, 3.0, 3.0, 1.0, 1.0, 1.0, 3.0, 1.0, 3.0, 0.0, 1.0, 1.0, 1.0, 1.0, 1.0, 1.0, 0.0, 1.0, 3.0, 3.0, 1.0, 1.0, 3.0, 1.0, 1.0, 0.0, 3.0, 3.0, 0.0, 3.0, 3.0, 0.0, 1.0, 1.0, 3.0, 1.0, 3.0, 1.0, 1.0], [1.0, 2.0, 3.0, 1.0, 3.0, 3.0, 1.0, 1.0, 1.0, 3.0, 1.0, 3.0, 0.0, 2.0, 1.0, 0.0, 1.0, 1.0, 1.0, 1.0, 1.0, 3.0, 3.0, 1.0, 1.0, 3.0, 1.0, 1.0, 0.0, 3.0, 2.0, 1.0, 3.0, 3.0, 0.0, 1.0, 1.0, 3.0, 1.0, 3.0, 1.0, 1.0], [2.0, 1.0, 3.0, 1.0, 3.0, 3.0, 1.0, 1.0, 1.0, 3.0, 1.0, 3.0, 0.0, 2.0, 1.0, 0.0, 1.0, 1.0, 1.0, 1.0, 1.0, 3.0, 3.0, 1.0, 1.0, 3.0, 1.0, 1.0, 0.0, 3.0, 2.0, 1.0, 3.0, 3.0, 0.0, 1.0, 1.0, 3.0, 1.0, 3.0, 1.0, 1.0], [2.0, 2.0, 2.0, 1.0, 3.0, 3.0, 1.0, 1.0, 1.0, 3.0, 1.0, 3.0, 1.0, 1.0, 1.0, 1.0, 1.0, 1.0, 1.0, 0.0, 1.0, 3.0, 3.0, 1.0, 1.0, 3.0, 1.0, 1.0, 0.0, 3.0, 3.0, 0.0, 3.0, 3.0, 0.0, 0.0, 2.0, 3.0, 1.0, 3.0, 1.0, 1.0], [2.0, 2.0, 3.0, 1.0, 3.0, 3.0, 0.0, 1.0, 1.0, 3.0, 1.0, 3.0, 1.0, 1.0, 1.0, 1.0, 1.0, 1.0, 1.0, 0.0, 1.0, 3.0, 3.0, 1.0, 1.0, 3.0, 1.0, 1.0, 0.0, 2.0, 2.0, 1.0, 3.0, 3.0, 0.0, 1.0, 1.0, 3.0, 1.0, 3.0, 1.0, 1.0], [2.0, 2.0, 3.0, 1.0, 3.0, 3.0, 1.0, 1.0, 1.0, 3.0, 1.0, 3.0, 0.0, 1.0, 1.0, 1.0, 1.0, 1.0, 2.0, 1.0, 1.0, 3.0, 3.0, 1.0, 1.0, 3.0, 1.0, 1.0, 0.0, 2.0, 2.0, 1.0, 3.0, 3.0, 0.0, 1.0, 1.0, 3.0, 1.0, 2.0, 1.0, 1.0], [2.0, 2.0, 3.0, 1.0, 3.0, 3.0, 1.0, 1.0, 1.0, 3.0, 1.0, 3.0, 1.0, 2.0, 1.0, 1.0, 1.0, 1.0, 1.0, 0.0, 1.0, 3.0, 3.0, 1.0, 1.0, 3.0, 1.0, 2.0, 0.0, 3.0, 3.0, 1.0, 3.0, 3.0, 0.0, 1.0, 1.0, 3.0, 1.0, 3.0, 1.0, 1.0], [2.0, 3.0, 3.0, 1.0, 3.0, 3.0, 1.0, 1.0, 1.0, 3.0, 1.0, 3.0, 0.0, 2.0, 1.0, 1.0, 1.0, 1.0, 1.0, 0.0, 1.0, 3.0, 3.0, 1.0, 1.0, 3.0, 1.0, 1.0, 0.0, 3.0, 3.0, 1.0, 3.0, 3.0, 0.0, 1.0, 1.0, 3.0, 1.0, 3.0, 1.0, 1.0], [2.0, 2.0, 3.0, 1.0, 3.0, 3.0, 1.0, 1.0, 1.0, 3.0, 1.0, 3.0, 0.0, 1.0, 1.0, 0.0, 1.0, 1.0, 1.0, 1.0, 1.0, 3.0, 3.0, 1.0, 1.0, 3.0, 1.0, 1.0, 0.0, 2.0, 3.0, 1.0, 3.0, 3.0, 0.0, 1.0, 1.0, 3.0, 1.0, 3.0, 1.0, 1.0], [2.0, 2.0, 3.0, 1.0, 3.0, 3.0, 1.0, 1.0, 1.0, 3.0, 1.0, 3.0, 1.0, 2.0, 1.0, 1.0, 1.0, 1.0, 1.0, 1.0, 1.0, 3.0, 3.0, 1.0, 1.0, 3.0, 1.0, 1.0, 0.0, 2.0, 2.0, 1.0, 3.0, 3.0, 0.0, 1.0, 1.0, 3.0, 1.0, 3.0, 1.0, 1.0], [2.0, 2.0, 3.0, 1.0, 3.0, 3.0, 1.0, 1.0, 1.0, 3.0, 1.0, 3.0, 0.0, 3.0, 1.0, 1.0, 1.0, 1.0, 1.0, 0.0, 1.0, 3.0, 3.0, 1.0, 1.0, 3.0, 1.0, 1.0, 0.0, 2.0, 3.0, 1.0, 2.0, 3.0, 0.0, 0.0, 1.0, 3.0, 1.0, 3.0, 1.0, 1.0], [2.0, 2.0, 3.0, 1.0, 3.0, 2.0, 1.0, 1.0, 1.0, 3.0, 1.0, 3.0, 0.0, 1.0, 1.0, 0.0, 1.0, 1.0, 1.0, 1.0, 1.0, 3.0, 3.0, 1.0, 1.0, 3.0, 1.0, 1.0, 0.0, 3.0, 3.0, 1.0, 3.0, 3.0, 0.0, 0.0, 1.0, 3.0, 1.0, 3.0, 1.0, 1.0], [2.0, 2.0, 3.0, 1.0, 3.0, 1.0, 1.0, 1.0, 1.0, 3.0, 1.0, 3.0, 1.0, 2.0, 1.0, 1.0, 1.0, 1.0, 1.0, 1.0, 1.0, 3.0, 3.0, 1.0, 1.0, 3.0, 1.0, 1.0, 0.0, 2.0, 3.0, 1.0, 3.0, 3.0, 0.0, 1.0, 1.0, 3.0, 1.0, 3.0, 1.0, 1.0], [2.0, 2.0, 3.0, 1.0, 3.0, 3.0, 1.0, 1.0, 1.0, 3.0, 1.0, 3.0, 0.0, 2.0, 1.0, 0.0, 1.0, 1.0, 2.0, 0.0, 1.0, 3.0, 3.0, 1.0, 1.0, 3.0, 1.0, 1.0, 0.0, 2.0, 2.0, 0.0, 3.0, 3.0, 0.0, 1.0, 1.0, 3.0, 1.0, 3.0, 1.0, 1.0], [2.0, 2.0, 3.0, 1.0, 3.0, 3.0, 1.0, 1.0, 1.0, 3.0, 1.0, 2.0, 1.0, 2.0, 1.0, 1.0, 1.0, 1.0, 1.0, 1.0, 1.0, 3.0, 3.0, 1.0, 1.0, 3.0, 1.0, 1.0, 0.0, 3.0, 3.0, 0.0, 3.0, 3.0, 0.0, 1.0, 1.0, 3.0, 1.0, 3.0, 1.0, 0.0], [2.0, 2.0, 3.0, 1.0, 2.0, 2.0, 1.0, 1.0, 1.0, 3.0, 1.0, 3.0, 0.0, 2.0, 1.0, 0.0, 1.0, 1.0, 1.0, 1.0, 1.0, 3.0, 3.0, 1.0, 1.0, 3.0, 1.0, 1.0, 0.0, 3.0, 3.0, 1.0, 3.0, 3.0, 0.0, 1.0, 1.0, 3.0, 1.0, 3.0, 1.0, 1.0], [2.0, 2.0, 3.0, 1.0, 3.0, 3.0, 1.0, 1.0, 1.0, 3.0, 1.0, 3.0, 1.0, 2.0, 1.0, 1.0, 1.0, 1.0, 1.0, 0.0, 1.0, 3.0, 3.0, 1.0, 1.0, 3.0, 1.0, 1.0, 0.0, 2.0, 3.0, 1.0, 3.0, 3.0, 0.0, 0.0, 1.0, 3.0, 1.0, 3.0, 1.0, 0.0], [2.0, 2.0, 3.0, 1.0, 3.0, 3.0, 1.0, 1.0, 1.0, 3.0, 1.0, 3.0, 0.0, 1.0, 1.0, 1.0, 1.0, 1.0, 1.0, 0.0, 1.0, 3.0, 3.0, 1.0, 1.0, 3.0, 1.0, 1.0, 0.0, 3.0, 2.0, 1.0, 3.0, 3.0, 0.0, 0.0, 1.0, 3.0, 1.0, 3.0, 1.0, 1.0], [2.0, 2.0, 3.0, 1.0, 3.0, 3.0, 1.0, 1.0, 1.0, 3.0, 1.0, 3.0, 1.0, 2.0, 1.0, 1.0, 1.0, 1.0, 2.0, 0.0, 1.0, 3.0, 3.0, 1.0, 1.0, 3.0, 1.0, 1.0, 0.0, 2.0, 3.0, 0.0, 3.0, 3.0, 0.0, 1.0, 1.0, 3.0, 1.0, 3.0, 1.0, 1.0]]

first layer check: Conv2d(6, 64, kernel_size=(7, 7), stride=(2, 2), padding=(3, 3), bias=False)

for model 2: mode acc: 0.6904761791229248, run mean acc: 0.7066667079925537, top-2 acc:0.9316666126251221, mode f1: 0.6904761791229248

model 2 mode preds
[2.0, 2.0, 3.0, 1.0, 3.0, 3.0, 1.0, 1.0, 1.0, 3.0, 1.0, 3.0, 0.0, 1.0, 1.0, 1.0, 1.0, 1.0, 1.0, 1.0, 1.0, 3.0, 3.0, 1.0, 1.0, 3.0, 1.0, 1.0, 1.0, 2.0, 3.0, 1.0, 3.0, 3.0, 0.0, 1.0, 1.0, 3.0, 1.0, 3.0, 1.0, 1.0]

model 2 all preds
[[2.0, 3.0, 3.0, 1.0, 3.0, 3.0, 1.0, 1.0, 1.0, 3.0, 1.0, 3.0, 0.0, 1.0, 1.0, 1.0, 1.0, 1.0, 1.0, 1.0, 0.0, 3.0, 3.0, 1.0, 1.0, 3.0, 1.0, 1.0, 1.0, 2.0, 2.0, 1.0, 3.0, 3.0, 1.0, 1.0, 1.0, 3.0, 1.0, 3.0, 1.0, 1.0], [2.0, 3.0, 3.0, 1.0, 3.0, 2.0, 1.0, 1.0, 1.0, 3.0, 1.0, 3.0, 0.0, 1.0, 1.0, 1.0, 1.0, 1.0, 2.0, 1.0, 0.0, 3.0, 3.0, 1.0, 1.0, 3.0, 1.0, 1.0, 1.0, 2.0, 3.0, 1.0, 3.0, 3.0, 0.0, 1.0, 1.0, 3.0, 1.0, 2.0, 2.0, 1.0], [2.0, 3.0, 3.0, 1.0, 3.0, 2.0, 1.0, 1.0, 1.0, 3.0, 1.0, 3.0, 0.0, 1.0, 2.0, 1.0, 1.0, 1.0, 2.0, 1.0, 1.0, 3.0, 3.0, 1.0, 1.0, 3.0, 1.0, 1.0, 1.0, 2.0, 2.0, 1.0, 3.0, 3.0, 0.0, 1.0, 1.0, 3.0, 1.0, 3.0, 1.0, 1.0], [2.0, 2.0, 2.0, 1.0, 3.0, 3.0, 1.0, 1.0, 1.0, 3.0, 1.0, 3.0, 0.0, 2.0, 1.0, 1.0, 1.0, 1.0, 1.0, 1.0, 0.0, 3.0, 3.0, 1.0, 1.0, 3.0, 1.0, 1.0, 1.0, 2.0, 3.0, 1.0, 3.0, 3.0, 1.0, 1.0, 1.0, 2.0, 1.0, 3.0, 1.0, 1.0], [2.0, 2.0, 3.0, 1.0, 3.0, 3.0, 1.0, 1.0, 1.0, 3.0, 1.0, 3.0, 0.0, 1.0, 2.0, 1.0, 1.0, 1.0, 1.0, 1.0, 1.0, 3.0, 3.0, 1.0, 1.0, 3.0, 1.0, 1.0, 1.0, 2.0, 3.0, 1.0, 3.0, 3.0, 0.0, 1.0, 1.0, 3.0, 1.0, 3.0, 1.0, 1.0], [2.0, 2.0, 3.0, 1.0, 3.0, 3.0, 0.0, 1.0, 1.0, 2.0, 1.0, 3.0, 0.0, 2.0, 1.0, 1.0, 1.0, 2.0, 1.0, 1.0, 1.0, 3.0, 3.0, 1.0, 1.0, 3.0, 1.0, 1.0, 1.0, 3.0, 3.0, 1.0, 3.0, 3.0, 1.0, 1.0, 1.0, 3.0, 1.0, 3.0, 1.0, 1.0], [2.0, 2.0, 3.0, 1.0, 3.0, 2.0, 1.0, 1.0, 1.0, 3.0, 1.0, 3.0, 0.0, 1.0, 1.0, 1.0, 1.0, 1.0, 1.0, 1.0, 1.0, 3.0, 3.0, 1.0, 1.0, 3.0, 1.0, 1.0, 1.0, 3.0, 2.0, 1.0, 2.0, 3.0, 1.0, 1.0, 1.0, 3.0, 1.0, 3.0, 2.0, 1.0], [2.0, 1.0, 3.0, 1.0, 3.0, 3.0, 1.0, 1.0, 1.0, 3.0, 1.0, 3.0, 0.0, 1.0, 2.0, 1.0, 1.0, 1.0, 1.0, 1.0, 1.0, 3.0, 3.0, 1.0, 1.0, 3.0, 1.0, 1.0, 0.0, 2.0, 2.0, 1.0, 3.0, 3.0, 0.0, 1.0, 1.0, 2.0, 1.0, 3.0, 1.0, 1.0], [2.0, 2.0, 3.0, 1.0, 3.0, 2.0, 1.0, 1.0, 1.0, 3.0, 1.0, 3.0, 0.0, 1.0, 2.0, 1.0, 1.0, 1.0, 2.0, 1.0, 1.0, 3.0, 3.0, 1.0, 1.0, 3.0, 1.0, 1.0, 0.0, 2.0, 3.0, 1.0, 3.0, 3.0, 1.0, 1.0, 1.0, 3.0, 1.0, 3.0, 1.0, 1.0], [2.0, 2.0, 3.0, 1.0, 3.0, 3.0, 1.0, 1.0, 1.0, 2.0, 1.0, 3.0, 0.0, 1.0, 1.0, 1.0, 1.0, 1.0, 1.0, 1.0, 1.0, 3.0, 3.0, 1.0, 1.0, 3.0, 1.0, 1.0, 1.0, 2.0, 3.0, 1.0, 3.0, 3.0, 0.0, 1.0, 1.0, 3.0, 1.0, 3.0, 1.0, 1.0], [2.0, 2.0, 3.0, 1.0, 3.0, 3.0, 1.0, 1.0, 1.0, 2.0, 1.0, 3.0, 0.0, 1.0, 1.0, 1.0, 1.0, 1.0, 1.0, 1.0, 1.0, 3.0, 3.0, 1.0, 1.0, 3.0, 1.0, 1.0, 1.0, 2.0, 2.0, 1.0, 3.0, 3.0, 0.0, 1.0, 1.0, 3.0, 1.0, 3.0, 2.0, 1.0], [2.0, 3.0, 3.0, 1.0, 3.0, 3.0, 1.0, 1.0, 1.0, 3.0, 1.0, 3.0, 0.0, 2.0, 1.0, 1.0, 1.0, 1.0, 2.0, 1.0, 1.0, 3.0, 3.0, 1.0, 1.0, 3.0, 1.0, 1.0, 0.0, 3.0, 2.0, 1.0, 3.0, 3.0, 0.0, 1.0, 1.0, 2.0, 1.0, 3.0, 1.0, 1.0], [2.0, 2.0, 2.0, 1.0, 3.0, 3.0, 1.0, 1.0, 1.0, 3.0, 1.0, 3.0, 0.0, 2.0, 1.0, 1.0, 1.0, 1.0, 1.0, 1.0, 1.0, 3.0, 3.0, 1.0, 1.0, 3.0, 1.0, 1.0, 1.0, 2.0, 2.0, 1.0, 3.0, 3.0, 1.0, 1.0, 1.0, 3.0, 1.0, 3.0, 1.0, 1.0], [2.0, 3.0, 3.0, 1.0, 3.0, 3.0, 1.0, 1.0, 1.0, 3.0, 1.0, 3.0, 0.0, 1.0, 1.0, 1.0, 1.0, 1.0, 2.0, 1.0, 1.0, 3.0, 3.0, 1.0, 1.0, 3.0, 1.0, 1.0, 1.0, 2.0, 3.0, 1.0, 3.0, 3.0, 1.0, 1.0, 1.0, 3.0, 1.0, 3.0, 1.0, 1.0], [2.0, 2.0, 3.0, 1.0, 3.0, 3.0, 1.0, 1.0, 1.0, 2.0, 1.0, 3.0, 0.0, 2.0, 2.0, 1.0, 1.0, 1.0, 2.0, 1.0, 0.0, 3.0, 3.0, 1.0, 1.0, 3.0, 1.0, 1.0, 1.0, 2.0, 3.0, 1.0, 3.0, 3.0, 0.0, 1.0, 1.0, 3.0, 1.0, 3.0, 1.0, 1.0], [2.0, 3.0, 3.0, 1.0, 3.0, 3.0, 1.0, 1.0, 1.0, 3.0, 1.0, 3.0, 0.0, 2.0, 1.0, 1.0, 1.0, 1.0, 1.0, 1.0, 1.0, 3.0, 3.0, 1.0, 1.0, 3.0, 1.0, 1.0, 1.0, 2.0, 2.0, 1.0, 3.0, 3.0, 0.0, 1.0, 1.0, 2.0, 1.0, 3.0, 1.0, 1.0], [2.0, 3.0, 3.0, 1.0, 3.0, 3.0, 1.0, 1.0, 1.0, 3.0, 1.0, 3.0, 0.0, 2.0, 1.0, 1.0, 1.0, 1.0, 2.0, 1.0, 0.0, 3.0, 3.0, 1.0, 1.0, 3.0, 1.0, 1.0, 1.0, 2.0, 2.0, 1.0, 3.0, 3.0, 0.0, 1.0, 1.0, 3.0, 1.0, 3.0, 1.0, 1.0], [2.0, 2.0, 3.0, 1.0, 3.0, 3.0, 1.0, 1.0, 1.0, 3.0, 1.0, 3.0, 0.0, 1.0, 1.0, 1.0, 1.0, 1.0, 2.0, 1.0, 0.0, 3.0, 3.0, 1.0, 1.0, 3.0, 1.0, 1.0, 1.0, 2.0, 2.0, 1.0, 3.0, 3.0, 1.0, 1.0, 1.0, 2.0, 1.0, 3.0, 1.0, 1.0], [2.0, 3.0, 1.0, 1.0, 3.0, 3.0, 1.0, 1.0, 1.0, 3.0, 1.0, 3.0, 0.0, 2.0, 1.0, 1.0, 1.0, 1.0, 1.0, 1.0, 1.0, 3.0, 3.0, 1.0, 1.0, 3.0, 1.0, 1.0, 1.0, 3.0, 3.0, 1.0, 3.0, 3.0, 0.0, 1.0, 1.0, 3.0, 1.0, 3.0, 1.0, 1.0], [2.0, 2.0, 3.0, 1.0, 3.0, 3.0, 1.0, 1.0, 1.0, 2.0, 1.0, 3.0, 0.0, 1.0, 1.0, 1.0, 1.0, 1.0, 2.0, 1.0, 1.0, 3.0, 3.0, 1.0, 1.0, 3.0, 1.0, 1.0, 1.0, 3.0, 3.0, 1.0, 3.0, 3.0, 1.0, 1.0, 1.0, 3.0, 1.0, 3.0, 1.0, 1.0], [2.0, 2.0, 3.0, 1.0, 3.0, 3.0, 1.0, 1.0, 1.0, 3.0, 1.0, 3.0, 0.0, 1.0, 1.0, 1.0, 1.0, 1.0, 2.0, 1.0, 0.0, 3.0, 3.0, 1.0, 1.0, 3.0, 1.0, 1.0, 1.0, 2.0, 3.0, 1.0, 3.0, 3.0, 1.0, 1.0, 1.0, 3.0, 1.0, 3.0, 1.0, 1.0], [2.0, 2.0, 3.0, 1.0, 3.0, 1.0, 1.0, 1.0, 1.0, 3.0, 1.0, 2.0, 0.0, 2.0, 1.0, 1.0, 1.0, 1.0, 1.0, 1.0, 1.0, 3.0, 3.0, 1.0, 1.0, 3.0, 1.0, 1.0, 1.0, 2.0, 2.0, 1.0, 2.0, 3.0, 0.0, 1.0, 1.0, 3.0, 1.0, 3.0, 1.0, 1.0], [1.0, 3.0, 3.0, 1.0, 3.0, 3.0, 1.0, 1.0, 1.0, 3.0, 1.0, 2.0, 0.0, 1.0, 1.0, 1.0, 1.0, 1.0, 3.0, 1.0, 1.0, 3.0, 3.0, 1.0, 1.0, 3.0, 1.0, 1.0, 1.0, 2.0, 3.0, 1.0, 3.0, 3.0, 0.0, 1.0, 1.0, 3.0, 1.0, 3.0, 2.0, 1.0], [2.0, 2.0, 3.0, 1.0, 3.0, 3.0, 1.0, 1.0, 1.0, 2.0, 1.0, 3.0, 0.0, 1.0, 1.0, 1.0, 1.0, 1.0, 1.0, 1.0, 1.0, 3.0, 3.0, 1.0, 1.0, 3.0, 1.0, 1.0, 1.0, 2.0, 3.0, 1.0, 2.0, 3.0, 0.0, 1.0, 1.0, 2.0, 1.0, 3.0, 1.0, 1.0], [2.0, 2.0, 3.0, 1.0, 3.0, 1.0, 1.0, 1.0, 1.0, 3.0, 1.0, 3.0, 0.0, 2.0, 2.0, 1.0, 1.0, 1.0, 1.0, 1.0, 1.0, 3.0, 3.0, 1.0, 1.0, 3.0, 1.0, 1.0, 1.0, 3.0, 3.0, 1.0, 3.0, 3.0, 0.0, 1.0, 1.0, 2.0, 1.0, 3.0, 2.0, 1.0], [2.0, 1.0, 3.0, 1.0, 3.0, 2.0, 1.0, 1.0, 1.0, 2.0, 1.0, 3.0, 0.0, 1.0, 1.0, 1.0, 1.0, 2.0, 1.0, 1.0, 1.0, 3.0, 3.0, 1.0, 1.0, 3.0, 1.0, 1.0, 1.0, 2.0, 3.0, 1.0, 3.0, 3.0, 1.0, 1.0, 1.0, 3.0, 1.0, 3.0, 1.0, 1.0], [2.0, 2.0, 3.0, 1.0, 3.0, 3.0, 1.0, 1.0, 1.0, 3.0, 1.0, 2.0, 0.0, 2.0, 1.0, 1.0, 1.0, 1.0, 2.0, 1.0, 1.0, 3.0, 3.0, 1.0, 1.0, 3.0, 1.0, 1.0, 1.0, 3.0, 3.0, 1.0, 3.0, 3.0, 0.0, 1.0, 1.0, 3.0, 1.0, 3.0, 1.0, 1.0], [1.0, 1.0, 3.0, 1.0, 3.0, 1.0, 1.0, 1.0, 1.0, 3.0, 1.0, 3.0, 0.0, 2.0, 2.0, 1.0, 1.0, 1.0, 1.0, 1.0, 1.0, 3.0, 3.0, 1.0, 1.0, 3.0, 1.0, 1.0, 1.0, 2.0, 3.0, 1.0, 3.0, 3.0, 1.0, 1.0, 1.0, 3.0, 1.0, 3.0, 1.0, 1.0], [2.0, 2.0, 2.0, 1.0, 3.0, 3.0, 1.0, 1.0, 1.0, 2.0, 1.0, 2.0, 0.0, 2.0, 1.0, 1.0, 1.0, 1.0, 1.0, 1.0, 1.0, 3.0, 3.0, 1.0, 1.0, 3.0, 1.0, 1.0, 1.0, 3.0, 3.0, 1.0, 3.0, 3.0, 0.0, 1.0, 1.0, 3.0, 1.0, 3.0, 2.0, 1.0], [2.0, 2.0, 2.0, 1.0, 3.0, 3.0, 1.0, 1.0, 1.0, 2.0, 1.0, 3.0, 0.0, 1.0, 2.0, 1.0, 1.0, 1.0, 1.0, 1.0, 1.0, 3.0, 3.0, 1.0, 1.0, 3.0, 1.0, 1.0, 1.0, 3.0, 2.0, 1.0, 3.0, 3.0, 0.0, 1.0, 1.0, 3.0, 1.0, 3.0, 1.0, 1.0], [2.0, 2.0, 3.0, 1.0, 3.0, 3.0, 1.0, 1.0, 1.0, 3.0, 1.0, 3.0, 0.0, 2.0, 2.0, 1.0, 1.0, 1.0, 2.0, 1.0, 1.0, 3.0, 3.0, 1.0, 1.0, 3.0, 1.0, 1.0, 1.0, 2.0, 2.0, 1.0, 3.0, 3.0, 1.0, 1.0, 1.0, 2.0, 1.0, 3.0, 2.0, 1.0], [2.0, 2.0, 3.0, 1.0, 3.0, 3.0, 1.0, 1.0, 1.0, 3.0, 1.0, 3.0, 0.0, 1.0, 1.0, 1.0, 1.0, 1.0, 1.0, 1.0, 1.0, 3.0, 3.0, 1.0, 1.0, 3.0, 1.0, 1.0, 0.0, 2.0, 3.0, 1.0, 3.0, 3.0, 1.0, 1.0, 1.0, 2.0, 1.0, 3.0, 1.0, 1.0], [2.0, 2.0, 3.0, 1.0, 3.0, 3.0, 1.0, 1.0, 1.0, 3.0, 1.0, 3.0, 0.0, 1.0, 1.0, 1.0, 1.0, 1.0, 1.0, 1.0, 1.0, 3.0, 3.0, 1.0, 1.0, 3.0, 1.0, 1.0, 1.0, 2.0, 2.0, 1.0, 3.0, 3.0, 1.0, 1.0, 1.0, 3.0, 1.0, 2.0, 2.0, 1.0], [2.0, 1.0, 3.0, 1.0, 2.0, 3.0, 1.0, 1.0, 1.0, 3.0, 1.0, 3.0, 0.0, 2.0, 2.0, 1.0, 1.0, 2.0, 2.0, 1.0, 0.0, 3.0, 3.0, 1.0, 1.0, 3.0, 1.0, 1.0, 1.0, 2.0, 3.0, 1.0, 3.0, 3.0, 0.0, 1.0, 1.0, 3.0, 1.0, 3.0, 1.0, 1.0], [2.0, 2.0, 3.0, 1.0, 3.0, 3.0, 1.0, 1.0, 1.0, 2.0, 1.0, 3.0, 0.0, 1.0, 1.0, 1.0, 1.0, 1.0, 2.0, 1.0, 1.0, 3.0, 3.0, 2.0, 1.0, 3.0, 1.0, 1.0, 1.0, 2.0, 2.0, 1.0, 3.0, 3.0, 1.0, 1.0, 1.0, 3.0, 1.0, 3.0, 1.0, 1.0], [2.0, 2.0, 3.0, 1.0, 3.0, 3.0, 1.0, 1.0, 1.0, 3.0, 1.0, 3.0, 0.0, 2.0, 1.0, 1.0, 1.0, 1.0, 1.0, 1.0, 1.0, 3.0, 3.0, 1.0, 1.0, 3.0, 1.0, 1.0, 1.0, 2.0, 3.0, 1.0, 3.0, 3.0, 1.0, 1.0, 1.0, 2.0, 1.0, 3.0, 1.0, 1.0], [2.0, 2.0, 3.0, 1.0, 2.0, 3.0, 1.0, 1.0, 1.0, 3.0, 1.0, 3.0, 0.0, 1.0, 1.0, 1.0, 1.0, 1.0, 1.0, 1.0, 1.0, 3.0, 3.0, 1.0, 1.0, 3.0, 1.0, 1.0, 1.0, 2.0, 3.0, 1.0, 3.0, 3.0, 0.0, 1.0, 1.0, 3.0, 1.0, 3.0, 2.0, 1.0], [2.0, 2.0, 2.0, 1.0, 3.0, 3.0, 1.0, 1.0, 1.0, 3.0, 1.0, 3.0, 0.0, 2.0, 1.0, 1.0, 1.0, 1.0, 1.0, 1.0, 1.0, 3.0, 3.0, 1.0, 1.0, 3.0, 1.0, 1.0, 1.0, 2.0, 2.0, 1.0, 3.0, 3.0, 1.0, 1.0, 1.0, 2.0, 1.0, 3.0, 1.0, 1.0], [2.0, 3.0, 2.0, 1.0, 3.0, 3.0, 1.0, 1.0, 1.0, 3.0, 1.0, 3.0, 0.0, 1.0, 1.0, 1.0, 1.0, 1.0, 1.0, 1.0, 1.0, 3.0, 3.0, 1.0, 1.0, 3.0, 1.0, 1.0, 0.0, 2.0, 3.0, 1.0, 3.0, 3.0, 1.0, 1.0, 1.0, 2.0, 2.0, 3.0, 1.0, 1.0], [2.0, 2.0, 3.0, 1.0, 3.0, 3.0, 1.0, 1.0, 1.0, 3.0, 1.0, 3.0, 0.0, 1.0, 2.0, 1.0, 1.0, 1.0, 1.0, 1.0, 1.0, 3.0, 3.0, 1.0, 1.0, 3.0, 1.0, 1.0, 1.0, 3.0, 3.0, 1.0, 3.0, 3.0, 1.0, 1.0, 1.0, 2.0, 1.0, 3.0, 1.0, 1.0], [2.0, 2.0, 3.0, 1.0, 3.0, 3.0, 1.0, 1.0, 1.0, 2.0, 1.0, 3.0, 0.0, 1.0, 2.0, 1.0, 1.0, 1.0, 1.0, 1.0, 0.0, 3.0, 3.0, 1.0, 1.0, 3.0, 1.0, 1.0, 1.0, 2.0, 3.0, 1.0, 3.0, 3.0, 0.0, 1.0, 1.0, 2.0, 1.0, 3.0, 1.0, 1.0], [2.0, 2.0, 3.0, 1.0, 3.0, 3.0, 1.0, 1.0, 1.0, 3.0, 1.0, 3.0, 0.0, 2.0, 1.0, 1.0, 1.0, 1.0, 2.0, 1.0, 0.0, 3.0, 3.0, 1.0, 1.0, 3.0, 1.0, 1.0, 1.0, 3.0, 3.0, 1.0, 3.0, 3.0, 0.0, 1.0, 1.0, 3.0, 1.0, 3.0, 2.0, 1.0], [2.0, 2.0, 3.0, 1.0, 3.0, 3.0, 1.0, 1.0, 1.0, 3.0, 1.0, 3.0, 0.0, 1.0, 2.0, 1.0, 1.0, 1.0, 2.0, 1.0, 1.0, 3.0, 3.0, 1.0, 1.0, 3.0, 1.0, 1.0, 1.0, 2.0, 2.0, 1.0, 3.0, 3.0, 0.0, 1.0, 1.0, 3.0, 2.0, 3.0, 1.0, 1.0], [2.0, 2.0, 3.0, 1.0, 3.0, 3.0, 1.0, 1.0, 1.0, 3.0, 1.0, 3.0, 0.0, 1.0, 2.0, 1.0, 1.0, 1.0, 1.0, 1.0, 1.0, 3.0, 3.0, 1.0, 1.0, 3.0, 1.0, 1.0, 1.0, 2.0, 3.0, 1.0, 3.0, 3.0, 1.0, 1.0, 1.0, 3.0, 1.0, 3.0, 2.0, 1.0], [3.0, 2.0, 3.0, 1.0, 2.0, 3.0, 1.0, 1.0, 1.0, 3.0, 1.0, 3.0, 0.0, 2.0, 1.0, 1.0, 1.0, 1.0, 1.0, 1.0, 1.0, 3.0, 3.0, 1.0, 1.0, 3.0, 1.0, 1.0, 1.0, 3.0, 3.0, 1.0, 3.0, 3.0, 1.0, 1.0, 1.0, 3.0, 1.0, 3.0, 1.0, 1.0], [2.0, 2.0, 2.0, 1.0, 2.0, 2.0, 1.0, 1.0, 1.0, 3.0, 1.0, 3.0, 0.0, 1.0, 1.0, 1.0, 1.0, 1.0, 1.0, 1.0, 1.0, 3.0, 3.0, 1.0, 1.0, 3.0, 1.0, 1.0, 0.0, 2.0, 3.0, 1.0, 3.0, 3.0, 0.0, 1.0, 1.0, 3.0, 1.0, 3.0, 2.0, 1.0], [2.0, 2.0, 3.0, 1.0, 3.0, 3.0, 1.0, 1.0, 1.0, 3.0, 1.0, 3.0, 0.0, 2.0, 2.0, 1.0, 1.0, 1.0, 1.0, 1.0, 1.0, 3.0, 3.0, 1.0, 1.0, 3.0, 1.0, 1.0, 1.0, 3.0, 3.0, 1.0, 3.0, 3.0, 0.0, 1.0, 1.0, 2.0, 1.0, 3.0, 2.0, 1.0], [2.0, 1.0, 3.0, 1.0, 3.0, 3.0, 1.0, 1.0, 1.0, 3.0, 1.0, 3.0, 0.0, 1.0, 2.0, 1.0, 1.0, 1.0, 1.0, 1.0, 0.0, 3.0, 3.0, 1.0, 1.0, 3.0, 1.0, 1.0, 1.0, 3.0, 3.0, 1.0, 3.0, 3.0, 1.0, 1.0, 1.0, 3.0, 1.0, 3.0, 2.0, 1.0], [2.0, 3.0, 3.0, 1.0, 3.0, 3.0, 1.0, 1.0, 1.0, 3.0, 1.0, 3.0, 0.0, 1.0, 1.0, 1.0, 1.0, 1.0, 1.0, 1.0, 1.0, 3.0, 3.0, 1.0, 1.0, 3.0, 1.0, 1.0, 1.0, 3.0, 3.0, 1.0, 3.0, 3.0, 1.0, 1.0, 1.0, 3.0, 1.0, 3.0, 1.0, 1.0], [2.0, 2.0, 3.0, 1.0, 3.0, 3.0, 1.0, 1.0, 1.0, 3.0, 1.0, 3.0, 0.0, 1.0, 2.0, 1.0, 1.0, 1.0, 1.0, 1.0, 1.0, 3.0, 3.0, 1.0, 1.0, 3.0, 1.0, 1.0, 1.0, 2.0, 2.0, 1.0, 3.0, 3.0, 1.0, 1.0, 1.0, 3.0, 1.0, 3.0, 2.0, 1.0]]

first layer check: Conv2d(6, 64, kernel_size=(7, 7), stride=(2, 2), padding=(3, 3), bias=False)

for model 3: mode acc: 0.738095223903656, run mean acc: 0.68791663646698, top-2 acc:0.9637500047683716, mode f1: 0.738095223903656

model 3 mode preds
[2.0, 2.0, 3.0, 1.0, 3.0, 2.0, 1.0, 1.0, 1.0, 3.0, 2.0, 3.0, 1.0, 2.0, 1.0, 1.0, 1.0, 2.0, 2.0, 1.0, 1.0, 2.0, 3.0, 2.0, 1.0, 2.0, 1.0, 2.0, 1.0, 2.0, 2.0, 1.0, 3.0, 3.0, 1.0, 1.0, 1.0, 3.0, 1.0, 3.0, 1.0, 1.0]

model 3 all preds
[[2.0, 2.0, 3.0, 1.0, 2.0, 3.0, 1.0, 1.0, 1.0, 2.0, 2.0, 2.0, 1.0, 2.0, 1.0, 1.0, 1.0, 2.0, 2.0, 1.0, 1.0, 2.0, 3.0, 2.0, 1.0, 2.0, 1.0, 1.0, 1.0, 3.0, 2.0, 1.0, 3.0, 3.0, 1.0, 1.0, 1.0, 3.0, 1.0, 3.0, 1.0, 1.0], [2.0, 2.0, 3.0, 1.0, 3.0, 2.0, 1.0, 1.0, 1.0, 2.0, 2.0, 3.0, 1.0, 3.0, 2.0, 1.0, 1.0, 1.0, 1.0, 1.0, 2.0, 2.0, 3.0, 1.0, 1.0, 2.0, 2.0, 1.0, 1.0, 2.0, 2.0, 1.0, 3.0, 3.0, 1.0, 1.0, 2.0, 3.0, 1.0, 3.0, 1.0, 1.0], [2.0, 3.0, 3.0, 1.0, 3.0, 2.0, 1.0, 1.0, 1.0, 3.0, 2.0, 3.0, 1.0, 3.0, 1.0, 1.0, 1.0, 2.0, 2.0, 1.0, 1.0, 2.0, 3.0, 2.0, 1.0, 2.0, 2.0, 2.0, 1.0, 2.0, 3.0, 1.0, 3.0, 3.0, 1.0, 1.0, 1.0, 2.0, 1.0, 3.0, 1.0, 1.0], [2.0, 2.0, 3.0, 1.0, 3.0, 2.0, 1.0, 1.0, 1.0, 2.0, 2.0, 3.0, 1.0, 3.0, 1.0, 1.0, 1.0, 2.0, 1.0, 1.0, 1.0, 2.0, 3.0, 2.0, 1.0, 2.0, 2.0, 1.0, 1.0, 3.0, 3.0, 1.0, 3.0, 3.0, 1.0, 1.0, 1.0, 3.0, 1.0, 3.0, 1.0, 1.0], [2.0, 2.0, 3.0, 1.0, 3.0, 1.0, 1.0, 1.0, 1.0, 3.0, 2.0, 3.0, 1.0, 3.0, 1.0, 1.0, 1.0, 2.0, 1.0, 1.0, 1.0, 2.0, 3.0, 2.0, 1.0, 2.0, 1.0, 2.0, 1.0, 2.0, 2.0, 1.0, 2.0, 3.0, 1.0, 1.0, 2.0, 3.0, 1.0, 3.0, 1.0, 1.0], [2.0, 3.0, 3.0, 1.0, 1.0, 3.0, 1.0, 1.0, 1.0, 3.0, 2.0, 3.0, 1.0, 2.0, 1.0, 1.0, 1.0, 1.0, 2.0, 1.0, 1.0, 2.0, 3.0, 2.0, 1.0, 2.0, 1.0, 2.0, 1.0, 2.0, 3.0, 1.0, 3.0, 3.0, 1.0, 1.0, 1.0, 2.0, 1.0, 3.0, 1.0, 1.0], [2.0, 2.0, 3.0, 1.0, 3.0, 2.0, 1.0, 1.0, 1.0, 2.0, 2.0, 3.0, 1.0, 2.0, 1.0, 1.0, 1.0, 2.0, 2.0, 1.0, 1.0, 2.0, 3.0, 1.0, 1.0, 2.0, 1.0, 2.0, 1.0, 2.0, 2.0, 1.0, 3.0, 3.0, 1.0, 1.0, 2.0, 3.0, 1.0, 2.0, 1.0, 1.0], [2.0, 2.0, 3.0, 1.0, 3.0, 2.0, 1.0, 1.0, 1.0, 2.0, 2.0, 3.0, 1.0, 2.0, 1.0, 1.0, 1.0, 2.0, 1.0, 1.0, 1.0, 2.0, 3.0, 2.0, 2.0, 2.0, 2.0, 2.0, 1.0, 2.0, 2.0, 1.0, 3.0, 3.0, 1.0, 1.0, 1.0, 3.0, 1.0, 3.0, 1.0, 1.0], [2.0, 2.0, 3.0, 1.0, 1.0, 2.0, 1.0, 1.0, 2.0, 3.0, 1.0, 3.0, 1.0, 1.0, 1.0, 1.0, 1.0, 2.0, 1.0, 1.0, 1.0, 2.0, 3.0, 2.0, 1.0, 2.0, 1.0, 1.0, 1.0, 3.0, 3.0, 1.0, 3.0, 3.0, 1.0, 1.0, 1.0, 3.0, 1.0, 3.0, 1.0, 1.0], [2.0, 2.0, 3.0, 1.0, 3.0, 3.0, 1.0, 1.0, 1.0, 3.0, 2.0, 3.0, 1.0, 2.0, 1.0, 1.0, 1.0, 2.0, 1.0, 1.0, 2.0, 2.0, 3.0, 1.0, 1.0, 2.0, 1.0, 2.0, 1.0, 2.0, 3.0, 1.0, 3.0, 3.0, 1.0, 1.0, 1.0, 3.0, 1.0, 3.0, 1.0, 1.0], [2.0, 2.0, 3.0, 1.0, 3.0, 3.0, 1.0, 1.0, 1.0, 3.0, 2.0, 3.0, 1.0, 2.0, 1.0, 1.0, 1.0, 2.0, 2.0, 1.0, 2.0, 2.0, 3.0, 1.0, 1.0, 2.0, 2.0, 2.0, 1.0, 2.0, 3.0, 1.0, 3.0, 3.0, 1.0, 1.0, 1.0, 3.0, 1.0, 3.0, 1.0, 1.0], [2.0, 2.0, 3.0, 1.0, 3.0, 2.0, 1.0, 1.0, 1.0, 3.0, 2.0, 3.0, 1.0, 3.0, 1.0, 1.0, 1.0, 1.0, 2.0, 1.0, 1.0, 2.0, 3.0, 1.0, 1.0, 2.0, 1.0, 2.0, 1.0, 3.0, 2.0, 1.0, 3.0, 3.0, 1.0, 1.0, 1.0, 3.0, 1.0, 3.0, 1.0, 1.0], [3.0, 3.0, 3.0, 1.0, 2.0, 3.0, 1.0, 1.0, 1.0, 3.0, 2.0, 3.0, 1.0, 3.0, 2.0, 1.0, 1.0, 2.0, 2.0, 1.0, 1.0, 2.0, 3.0, 2.0, 1.0, 2.0, 2.0, 1.0, 1.0, 2.0, 3.0, 1.0, 3.0, 3.0, 1.0, 1.0, 1.0, 2.0, 1.0, 3.0, 1.0, 1.0], [2.0, 3.0, 3.0, 1.0, 1.0, 3.0, 1.0, 1.0, 1.0, 3.0, 2.0, 3.0, 1.0, 2.0, 1.0, 1.0, 1.0, 1.0, 1.0, 1.0, 1.0, 2.0, 3.0, 1.0, 1.0, 2.0, 1.0, 1.0, 1.0, 2.0, 3.0, 1.0, 3.0, 3.0, 1.0, 1.0, 2.0, 2.0, 1.0, 3.0, 1.0, 1.0], [2.0, 3.0, 3.0, 1.0, 3.0, 2.0, 1.0, 1.0, 1.0, 3.0, 2.0, 3.0, 1.0, 2.0, 1.0, 1.0, 1.0, 2.0, 1.0, 1.0, 1.0, 2.0, 3.0, 1.0, 1.0, 2.0, 2.0, 1.0, 1.0, 2.0, 2.0, 1.0, 3.0, 3.0, 1.0, 1.0, 2.0, 3.0, 1.0, 3.0, 1.0, 1.0], [2.0, 3.0, 3.0, 1.0, 3.0, 2.0, 1.0, 1.0, 1.0, 3.0, 2.0, 3.0, 1.0, 3.0, 1.0, 1.0, 1.0, 2.0, 2.0, 1.0, 1.0, 2.0, 3.0, 1.0, 1.0, 2.0, 2.0, 1.0, 1.0, 2.0, 3.0, 1.0, 3.0, 3.0, 1.0, 1.0, 2.0, 2.0, 1.0, 3.0, 1.0, 1.0], [2.0, 3.0, 3.0, 1.0, 3.0, 2.0, 1.0, 1.0, 1.0, 3.0, 2.0, 3.0, 1.0, 3.0, 2.0, 1.0, 1.0, 2.0, 1.0, 1.0, 2.0, 2.0, 3.0, 1.0, 1.0, 2.0, 2.0, 2.0, 1.0, 2.0, 2.0, 1.0, 3.0, 3.0, 1.0, 1.0, 1.0, 3.0, 1.0, 3.0, 1.0, 1.0], [2.0, 2.0, 3.0, 1.0, 3.0, 3.0, 1.0, 1.0, 1.0, 3.0, 2.0, 3.0, 1.0, 2.0, 1.0, 1.0, 1.0, 2.0, 2.0, 1.0, 1.0, 2.0, 3.0, 2.0, 1.0, 2.0, 1.0, 2.0, 1.0, 2.0, 2.0, 1.0, 3.0, 3.0, 1.0, 1.0, 1.0, 3.0, 1.0, 3.0, 1.0, 1.0], [2.0, 2.0, 3.0, 1.0, 3.0, 1.0, 2.0, 1.0, 1.0, 2.0, 1.0, 3.0, 1.0, 2.0, 1.0, 1.0, 1.0, 2.0, 2.0, 1.0, 1.0, 2.0, 3.0, 1.0, 1.0, 2.0, 1.0, 2.0, 1.0, 3.0, 2.0, 1.0, 3.0, 3.0, 1.0, 1.0, 1.0, 2.0, 1.0, 3.0, 1.0, 1.0], [2.0, 3.0, 2.0, 1.0, 3.0, 2.0, 1.0, 1.0, 1.0, 3.0, 2.0, 3.0, 1.0, 3.0, 2.0, 1.0, 1.0, 2.0, 2.0, 1.0, 1.0, 2.0, 3.0, 2.0, 1.0, 2.0, 1.0, 2.0, 1.0, 2.0, 3.0, 1.0, 3.0, 3.0, 1.0, 1.0, 1.0, 3.0, 2.0, 3.0, 1.0, 1.0], [2.0, 1.0, 3.0, 1.0, 3.0, 2.0, 1.0, 1.0, 1.0, 2.0, 1.0, 3.0, 1.0, 2.0, 1.0, 1.0, 1.0, 2.0, 2.0, 1.0, 2.0, 2.0, 3.0, 2.0, 1.0, 2.0, 1.0, 2.0, 1.0, 2.0, 3.0, 1.0, 3.0, 3.0, 1.0, 1.0, 2.0, 3.0, 1.0, 3.0, 2.0, 1.0], [2.0, 3.0, 3.0, 1.0, 3.0, 2.0, 1.0, 1.0, 1.0, 2.0, 1.0, 3.0, 1.0, 3.0, 1.0, 1.0, 1.0, 2.0, 1.0, 1.0, 2.0, 2.0, 3.0, 2.0, 1.0, 2.0, 2.0, 2.0, 1.0, 3.0, 3.0, 1.0, 3.0, 3.0, 1.0, 1.0, 1.0, 3.0, 1.0, 2.0, 1.0, 1.0], [1.0, 3.0, 3.0, 1.0, 1.0, 2.0, 1.0, 1.0, 1.0, 2.0, 2.0, 3.0, 1.0, 2.0, 1.0, 1.0, 1.0, 2.0, 2.0, 1.0, 1.0, 2.0, 3.0, 1.0, 1.0, 2.0, 1.0, 2.0, 1.0, 2.0, 3.0, 1.0, 3.0, 3.0, 1.0, 1.0, 1.0, 3.0, 2.0, 3.0, 1.0, 1.0], [2.0, 2.0, 3.0, 1.0, 3.0, 2.0, 1.0, 1.0, 1.0, 2.0, 2.0, 3.0, 1.0, 2.0, 1.0, 1.0, 1.0, 2.0, 2.0, 1.0, 1.0, 2.0, 3.0, 1.0, 1.0, 2.0, 1.0, 1.0, 1.0, 3.0, 2.0, 1.0, 3.0, 3.0, 1.0, 1.0, 2.0, 3.0, 1.0, 3.0, 1.0, 1.0], [2.0, 2.0, 3.0, 1.0, 3.0, 2.0, 1.0, 1.0, 1.0, 3.0, 2.0, 3.0, 1.0, 2.0, 2.0, 1.0, 1.0, 2.0, 1.0, 1.0, 1.0, 2.0, 3.0, 2.0, 1.0, 2.0, 2.0, 1.0, 1.0, 3.0, 2.0, 1.0, 3.0, 3.0, 1.0, 1.0, 1.0, 2.0, 1.0, 3.0, 1.0, 1.0], [2.0, 2.0, 3.0, 1.0, 3.0, 2.0, 1.0, 1.0, 1.0, 2.0, 2.0, 3.0, 1.0, 3.0, 1.0, 1.0, 1.0, 2.0, 1.0, 1.0, 2.0, 2.0, 3.0, 2.0, 1.0, 2.0, 1.0, 2.0, 1.0, 2.0, 2.0, 1.0, 3.0, 3.0, 1.0, 1.0, 1.0, 3.0, 1.0, 3.0, 1.0, 1.0], [2.0, 2.0, 3.0, 1.0, 3.0, 2.0, 1.0, 1.0, 1.0, 3.0, 2.0, 3.0, 1.0, 3.0, 1.0, 1.0, 1.0, 2.0, 2.0, 1.0, 2.0, 2.0, 3.0, 2.0, 1.0, 2.0, 1.0, 2.0, 1.0, 2.0, 2.0, 1.0, 3.0, 3.0, 1.0, 1.0, 1.0, 2.0, 1.0, 3.0, 1.0, 1.0], [2.0, 2.0, 3.0, 1.0, 3.0, 2.0, 1.0, 1.0, 1.0, 3.0, 2.0, 2.0, 1.0, 3.0, 1.0, 1.0, 1.0, 2.0, 1.0, 1.0, 1.0, 2.0, 3.0, 1.0, 1.0, 2.0, 1.0, 1.0, 1.0, 3.0, 2.0, 1.0, 3.0, 3.0, 1.0, 1.0, 1.0, 2.0, 1.0, 3.0, 1.0, 1.0], [2.0, 3.0, 3.0, 1.0, 2.0, 2.0, 1.0, 1.0, 1.0, 3.0, 2.0, 3.0, 1.0, 2.0, 1.0, 1.0, 1.0, 2.0, 1.0, 1.0, 1.0, 2.0, 3.0, 1.0, 1.0, 2.0, 2.0, 2.0, 1.0, 2.0, 2.0, 1.0, 3.0, 3.0, 1.0, 1.0, 1.0, 3.0, 1.0, 3.0, 1.0, 1.0], [2.0, 2.0, 3.0, 1.0, 2.0, 2.0, 1.0, 1.0, 1.0, 3.0, 2.0, 3.0, 1.0, 3.0, 1.0, 1.0, 1.0, 2.0, 2.0, 1.0, 2.0, 2.0, 3.0, 2.0, 1.0, 2.0, 1.0, 2.0, 1.0, 2.0, 2.0, 1.0, 3.0, 3.0, 1.0, 1.0, 1.0, 2.0, 1.0, 3.0, 1.0, 1.0], [2.0, 2.0, 3.0, 1.0, 3.0, 3.0, 1.0, 1.0, 1.0, 3.0, 2.0, 3.0, 1.0, 2.0, 1.0, 1.0, 1.0, 2.0, 2.0, 1.0, 2.0, 2.0, 3.0, 2.0, 1.0, 2.0, 2.0, 2.0, 1.0, 2.0, 2.0, 1.0, 3.0, 3.0, 1.0, 1.0, 2.0, 2.0, 1.0, 2.0, 1.0, 1.0], [2.0, 3.0, 3.0, 1.0, 3.0, 2.0, 1.0, 1.0, 1.0, 3.0, 2.0, 3.0, 1.0, 3.0, 1.0, 1.0, 1.0, 2.0, 1.0, 1.0, 1.0, 2.0, 3.0, 2.0, 1.0, 2.0, 2.0, 1.0, 1.0, 2.0, 2.0, 1.0, 3.0, 3.0, 1.0, 1.0, 1.0, 3.0, 1.0, 3.0, 1.0, 1.0], [2.0, 2.0, 1.0, 1.0, 3.0, 3.0, 1.0, 1.0, 1.0, 3.0, 2.0, 3.0, 1.0, 2.0, 2.0, 1.0, 1.0, 2.0, 1.0, 1.0, 1.0, 2.0, 3.0, 2.0, 1.0, 2.0, 1.0, 2.0, 1.0, 3.0, 2.0, 1.0, 3.0, 3.0, 1.0, 1.0, 2.0, 2.0, 1.0, 3.0, 1.0, 1.0], [2.0, 3.0, 1.0, 1.0, 3.0, 3.0, 1.0, 1.0, 1.0, 2.0, 1.0, 3.0, 1.0, 2.0, 1.0, 1.0, 1.0, 2.0, 2.0, 1.0, 1.0, 2.0, 3.0, 2.0, 1.0, 2.0, 1.0, 1.0, 1.0, 2.0, 2.0, 1.0, 3.0, 3.0, 1.0, 1.0, 2.0, 3.0, 1.0, 3.0, 1.0, 1.0], [2.0, 2.0, 3.0, 1.0, 3.0, 2.0, 1.0, 1.0, 1.0, 2.0, 2.0, 3.0, 1.0, 2.0, 1.0, 1.0, 1.0, 2.0, 1.0, 1.0, 1.0, 2.0, 3.0, 2.0, 1.0, 2.0, 2.0, 2.0, 1.0, 2.0, 3.0, 1.0, 3.0, 3.0, 1.0, 1.0, 2.0, 2.0, 1.0, 3.0, 2.0, 1.0], [2.0, 2.0, 3.0, 1.0, 3.0, 2.0, 2.0, 1.0, 1.0, 3.0, 2.0, 3.0, 1.0, 2.0, 1.0, 1.0, 1.0, 2.0, 1.0, 1.0, 1.0, 2.0, 3.0, 2.0, 2.0, 2.0, 2.0, 2.0, 1.0, 2.0, 2.0, 1.0, 3.0, 3.0, 1.0, 1.0, 1.0, 3.0, 1.0, 2.0, 1.0, 1.0], [2.0, 3.0, 3.0, 1.0, 1.0, 1.0, 1.0, 1.0, 1.0, 3.0, 1.0, 3.0, 1.0, 2.0, 1.0, 1.0, 1.0, 2.0, 2.0, 1.0, 2.0, 2.0, 3.0, 2.0, 1.0, 2.0, 2.0, 2.0, 1.0, 2.0, 3.0, 1.0, 2.0, 3.0, 1.0, 1.0, 1.0, 3.0, 1.0, 3.0, 1.0, 1.0], [2.0, 3.0, 3.0, 1.0, 3.0, 3.0, 1.0, 1.0, 1.0, 3.0, 2.0, 3.0, 1.0, 3.0, 2.0, 1.0, 1.0, 2.0, 1.0, 1.0, 1.0, 2.0, 3.0, 2.0, 1.0, 2.0, 1.0, 2.0, 1.0, 2.0, 3.0, 1.0, 3.0, 3.0, 1.0, 1.0, 2.0, 3.0, 1.0, 3.0, 1.0, 1.0], [2.0, 3.0, 3.0, 1.0, 3.0, 1.0, 1.0, 1.0, 1.0, 2.0, 2.0, 3.0, 1.0, 3.0, 1.0, 1.0, 1.0, 2.0, 1.0, 1.0, 1.0, 2.0, 3.0, 2.0, 1.0, 2.0, 2.0, 2.0, 1.0, 2.0, 2.0, 1.0, 3.0, 3.0, 1.0, 1.0, 2.0, 3.0, 1.0, 3.0, 1.0, 1.0], [2.0, 3.0, 3.0, 1.0, 3.0, 2.0, 1.0, 1.0, 1.0, 3.0, 2.0, 3.0, 1.0, 2.0, 1.0, 1.0, 1.0, 1.0, 1.0, 1.0, 1.0, 2.0, 3.0, 2.0, 1.0, 2.0, 1.0, 2.0, 1.0, 2.0, 2.0, 1.0, 3.0, 3.0, 1.0, 1.0, 1.0, 3.0, 1.0, 3.0, 1.0, 1.0], [2.0, 3.0, 3.0, 1.0, 3.0, 3.0, 1.0, 1.0, 1.0, 2.0, 1.0, 3.0, 1.0, 3.0, 1.0, 1.0, 1.0, 2.0, 1.0, 1.0, 1.0, 2.0, 3.0, 2.0, 1.0, 2.0, 2.0, 2.0, 1.0, 2.0, 2.0, 1.0, 3.0, 3.0, 1.0, 1.0, 2.0, 3.0, 1.0, 3.0, 1.0, 1.0], [2.0, 2.0, 3.0, 1.0, 3.0, 2.0, 1.0, 1.0, 2.0, 3.0, 2.0, 3.0, 1.0, 2.0, 1.0, 1.0, 1.0, 2.0, 2.0, 1.0, 2.0, 2.0, 3.0, 2.0, 1.0, 2.0, 1.0, 2.0, 1.0, 2.0, 2.0, 1.0, 3.0, 3.0, 1.0, 1.0, 1.0, 3.0, 1.0, 3.0, 1.0, 1.0], [2.0, 2.0, 3.0, 1.0, 2.0, 1.0, 1.0, 1.0, 1.0, 2.0, 2.0, 3.0, 1.0, 2.0, 1.0, 1.0, 1.0, 2.0, 2.0, 1.0, 1.0, 2.0, 2.0, 2.0, 1.0, 2.0, 1.0, 1.0, 1.0, 3.0, 2.0, 1.0, 3.0, 3.0, 1.0, 1.0, 1.0, 2.0, 1.0, 3.0, 1.0, 1.0], [2.0, 2.0, 3.0, 1.0, 3.0, 2.0, 1.0, 1.0, 1.0, 3.0, 2.0, 3.0, 1.0, 3.0, 1.0, 1.0, 1.0, 2.0, 2.0, 1.0, 2.0, 2.0, 3.0, 1.0, 1.0, 2.0, 1.0, 2.0, 1.0, 2.0, 2.0, 1.0, 3.0, 3.0, 1.0, 1.0, 1.0, 3.0, 1.0, 3.0, 1.0, 1.0], [2.0, 3.0, 3.0, 1.0, 3.0, 1.0, 1.0, 1.0, 1.0, 3.0, 2.0, 3.0, 1.0, 3.0, 1.0, 1.0, 1.0, 2.0, 2.0, 1.0, 2.0, 2.0, 3.0, 2.0, 1.0, 2.0, 1.0, 2.0, 1.0, 2.0, 3.0, 1.0, 3.0, 3.0, 1.0, 1.0, 1.0, 3.0, 1.0, 3.0, 1.0, 1.0], [2.0, 2.0, 3.0, 1.0, 3.0, 2.0, 1.0, 1.0, 1.0, 2.0, 2.0, 3.0, 1.0, 3.0, 1.0, 1.0, 1.0, 2.0, 2.0, 1.0, 1.0, 2.0, 3.0, 2.0, 1.0, 2.0, 2.0, 1.0, 1.0, 2.0, 3.0, 1.0, 3.0, 3.0, 1.0, 1.0, 1.0, 2.0, 1.0, 3.0, 1.0, 1.0], [2.0, 3.0, 3.0, 1.0, 3.0, 3.0, 1.0, 1.0, 1.0, 3.0, 2.0, 3.0, 1.0, 2.0, 1.0, 1.0, 1.0, 2.0, 2.0, 1.0, 2.0, 2.0, 3.0, 1.0, 1.0, 2.0, 2.0, 1.0, 1.0, 3.0, 2.0, 1.0, 3.0, 3.0, 1.0, 1.0, 1.0, 3.0, 1.0, 3.0, 1.0, 1.0], [1.0, 2.0, 3.0, 1.0, 3.0, 3.0, 1.0, 1.0, 1.0, 3.0, 2.0, 3.0, 1.0, 3.0, 1.0, 1.0, 1.0, 2.0, 2.0, 1.0, 2.0, 2.0, 3.0, 1.0, 1.0, 2.0, 1.0, 2.0, 1.0, 3.0, 2.0, 1.0, 3.0, 3.0, 1.0, 1.0, 1.0, 3.0, 1.0, 3.0, 1.0, 1.0], [2.0, 2.0, 3.0, 1.0, 3.0, 3.0, 1.0, 1.0, 1.0, 3.0, 2.0, 3.0, 1.0, 3.0, 1.0, 1.0, 1.0, 1.0, 1.0, 1.0, 1.0, 2.0, 3.0, 2.0, 1.0, 2.0, 1.0, 2.0, 1.0, 2.0, 2.0, 1.0, 3.0, 3.0, 1.0, 1.0, 1.0, 3.0, 1.0, 3.0, 1.0, 1.0], [2.0, 2.0, 3.0, 1.0, 2.0, 2.0, 1.0, 1.0, 1.0, 3.0, 1.0, 3.0, 1.0, 3.0, 1.0, 1.0, 1.0, 2.0, 2.0, 1.0, 1.0, 2.0, 3.0, 1.0, 1.0, 2.0, 1.0, 2.0, 1.0, 2.0, 3.0, 1.0, 3.0, 3.0, 1.0, 1.0, 2.0, 3.0, 1.0, 3.0, 2.0, 1.0]]

first layer check: Conv2d(6, 64, kernel_size=(7, 7), stride=(2, 2), padding=(3, 3), bias=False)

for model 4: mode acc: 0.6666666865348816, run mean acc: 0.6324999928474426, top-2 acc:0.8999999761581421, mode f1: 0.6666666865348816

model 4 mode preds
[1.0, 2.0, 3.0, 1.0, 3.0, 3.0, 1.0, 1.0, 1.0, 3.0, 1.0, 3.0, 0.0, 1.0, 1.0, 1.0, 1.0, 1.0, 1.0, 1.0, 1.0, 2.0, 3.0, 1.0, 2.0, 3.0, 1.0, 1.0, 1.0, 2.0, 3.0, 1.0, 3.0, 3.0, 0.0, 1.0, 1.0, 3.0, 1.0, 3.0, 1.0, 1.0]

model 4 all preds
[[2.0, 2.0, 3.0, 1.0, 3.0, 3.0, 1.0, 1.0, 1.0, 3.0, 1.0, 3.0, 0.0, 1.0, 2.0, 1.0, 1.0, 1.0, 1.0, 1.0, 1.0, 2.0, 3.0, 1.0, 1.0, 3.0, 1.0, 1.0, 1.0, 2.0, 3.0, 1.0, 3.0, 3.0, 0.0, 1.0, 1.0, 3.0, 1.0, 2.0, 1.0, 1.0], [2.0, 3.0, 1.0, 1.0, 3.0, 3.0, 1.0, 1.0, 1.0, 3.0, 1.0, 3.0, 0.0, 1.0, 1.0, 1.0, 1.0, 1.0, 1.0, 1.0, 2.0, 2.0, 3.0, 1.0, 1.0, 3.0, 1.0, 1.0, 1.0, 3.0, 2.0, 1.0, 3.0, 3.0, 0.0, 1.0, 1.0, 3.0, 1.0, 3.0, 1.0, 1.0], [2.0, 2.0, 3.0, 1.0, 1.0, 1.0, 1.0, 1.0, 1.0, 3.0, 1.0, 3.0, 0.0, 1.0, 1.0, 1.0, 1.0, 1.0, 1.0, 1.0, 2.0, 2.0, 3.0, 1.0, 2.0, 3.0, 1.0, 1.0, 1.0, 2.0, 3.0, 1.0, 3.0, 3.0, 0.0, 1.0, 2.0, 3.0, 1.0, 3.0, 1.0, 1.0], [1.0, 3.0, 3.0, 1.0, 3.0, 3.0, 1.0, 1.0, 1.0, 3.0, 1.0, 3.0, 0.0, 1.0, 2.0, 1.0, 1.0, 1.0, 2.0, 1.0, 1.0, 3.0, 3.0, 1.0, 1.0, 3.0, 1.0, 1.0, 1.0, 2.0, 1.0, 1.0, 3.0, 3.0, 0.0, 1.0, 1.0, 2.0, 1.0, 3.0, 1.0, 1.0], [1.0, 2.0, 3.0, 1.0, 3.0, 3.0, 1.0, 1.0, 0.0, 3.0, 2.0, 3.0, 1.0, 1.0, 2.0, 1.0, 1.0, 1.0, 1.0, 1.0, 1.0, 2.0, 3.0, 1.0, 2.0, 3.0, 1.0, 1.0, 1.0, 2.0, 3.0, 1.0, 3.0, 3.0, 0.0, 1.0, 2.0, 3.0, 1.0, 3.0, 1.0, 1.0], [1.0, 1.0, 3.0, 1.0, 3.0, 3.0, 1.0, 1.0, 1.0, 1.0, 2.0, 3.0, 0.0, 1.0, 1.0, 1.0, 1.0, 1.0, 1.0, 1.0, 1.0, 3.0, 3.0, 1.0, 2.0, 3.0, 1.0, 1.0, 1.0, 2.0, 2.0, 1.0, 3.0, 3.0, 0.0, 1.0, 1.0, 2.0, 1.0, 3.0, 1.0, 1.0], [1.0, 2.0, 3.0, 1.0, 3.0, 2.0, 1.0, 1.0, 1.0, 1.0, 1.0, 3.0, 0.0, 1.0, 1.0, 1.0, 1.0, 1.0, 1.0, 1.0, 2.0, 2.0, 3.0, 1.0, 1.0, 3.0, 1.0, 1.0, 1.0, 3.0, 3.0, 1.0, 3.0, 3.0, 0.0, 1.0, 1.0, 2.0, 2.0, 3.0, 1.0, 1.0], [2.0, 2.0, 3.0, 1.0, 3.0, 1.0, 1.0, 1.0, 1.0, 3.0, 2.0, 3.0, 0.0, 1.0, 1.0, 1.0, 1.0, 1.0, 1.0, 1.0, 2.0, 2.0, 3.0, 1.0, 2.0, 3.0, 1.0, 1.0, 1.0, 3.0, 2.0, 1.0, 3.0, 3.0, 0.0, 1.0, 1.0, 1.0, 2.0, 3.0, 1.0, 1.0], [3.0, 2.0, 3.0, 1.0, 3.0, 3.0, 1.0, 1.0, 1.0, 3.0, 1.0, 3.0, 0.0, 1.0, 1.0, 1.0, 1.0, 2.0, 1.0, 1.0, 1.0, 2.0, 3.0, 1.0, 2.0, 3.0, 1.0, 1.0, 1.0, 2.0, 2.0, 1.0, 3.0, 3.0, 0.0, 1.0, 2.0, 3.0, 2.0, 3.0, 1.0, 1.0], [1.0, 2.0, 3.0, 1.0, 3.0, 1.0, 1.0, 1.0, 1.0, 3.0, 1.0, 3.0, 0.0, 1.0, 2.0, 1.0, 1.0, 1.0, 2.0, 1.0, 2.0, 2.0, 3.0, 1.0, 1.0, 3.0, 1.0, 1.0, 1.0, 2.0, 2.0, 1.0, 3.0, 3.0, 0.0, 1.0, 2.0, 1.0, 1.0, 2.0, 1.0, 1.0], [2.0, 2.0, 3.0, 1.0, 3.0, 1.0, 1.0, 1.0, 1.0, 3.0, 2.0, 3.0, 0.0, 1.0, 1.0, 1.0, 1.0, 1.0, 1.0, 1.0, 1.0, 2.0, 3.0, 1.0, 1.0, 3.0, 1.0, 1.0, 1.0, 2.0, 2.0, 1.0, 3.0, 3.0, 0.0, 1.0, 1.0, 3.0, 1.0, 3.0, 1.0, 1.0], [2.0, 2.0, 3.0, 1.0, 2.0, 3.0, 1.0, 1.0, 1.0, 3.0, 1.0, 3.0, 0.0, 1.0, 1.0, 1.0, 1.0, 1.0, 1.0, 1.0, 1.0, 2.0, 3.0, 1.0, 1.0, 3.0, 1.0, 1.0, 1.0, 2.0, 3.0, 1.0, 3.0, 3.0, 0.0, 1.0, 1.0, 3.0, 1.0, 3.0, 1.0, 1.0], [1.0, 2.0, 3.0, 1.0, 3.0, 3.0, 1.0, 1.0, 1.0, 3.0, 1.0, 3.0, 1.0, 1.0, 1.0, 1.0, 1.0, 1.0, 1.0, 1.0, 2.0, 2.0, 3.0, 1.0, 2.0, 3.0, 1.0, 1.0, 1.0, 2.0, 1.0, 1.0, 3.0, 3.0, 0.0, 1.0, 2.0, 3.0, 2.0, 3.0, 1.0, 1.0], [1.0, 2.0, 3.0, 1.0, 3.0, 2.0, 1.0, 1.0, 0.0, 3.0, 2.0, 3.0, 0.0, 1.0, 2.0, 1.0, 1.0, 1.0, 1.0, 1.0, 1.0, 2.0, 3.0, 1.0, 1.0, 3.0, 1.0, 1.0, 1.0, 2.0, 2.0, 1.0, 3.0, 3.0, 0.0, 1.0, 2.0, 3.0, 2.0, 2.0, 1.0, 1.0], [2.0, 2.0, 1.0, 1.0, 3.0, 3.0, 1.0, 1.0, 1.0, 3.0, 1.0, 3.0, 0.0, 1.0, 2.0, 1.0, 1.0, 1.0, 2.0, 1.0, 1.0, 2.0, 3.0, 1.0, 2.0, 3.0, 1.0, 1.0, 1.0, 2.0, 2.0, 1.0, 3.0, 3.0, 0.0, 1.0, 1.0, 3.0, 1.0, 3.0, 1.0, 1.0], [1.0, 2.0, 3.0, 1.0, 3.0, 3.0, 1.0, 1.0, 1.0, 3.0, 2.0, 3.0, 0.0, 1.0, 1.0, 1.0, 1.0, 1.0, 2.0, 1.0, 2.0, 2.0, 3.0, 1.0, 2.0, 3.0, 1.0, 1.0, 1.0, 3.0, 2.0, 1.0, 3.0, 3.0, 0.0, 1.0, 1.0, 3.0, 1.0, 3.0, 1.0, 1.0], [1.0, 2.0, 3.0, 1.0, 3.0, 3.0, 1.0, 1.0, 1.0, 3.0, 1.0, 3.0, 0.0, 1.0, 1.0, 1.0, 1.0, 1.0, 1.0, 1.0, 2.0, 3.0, 3.0, 1.0, 2.0, 3.0, 1.0, 2.0, 1.0, 3.0, 3.0, 1.0, 3.0, 3.0, 0.0, 1.0, 1.0, 1.0, 2.0, 3.0, 1.0, 1.0], [2.0, 2.0, 3.0, 1.0, 3.0, 1.0, 1.0, 1.0, 1.0, 3.0, 1.0, 3.0, 0.0, 1.0, 1.0, 1.0, 1.0, 2.0, 1.0, 1.0, 1.0, 3.0, 3.0, 1.0, 1.0, 3.0, 1.0, 2.0, 1.0, 2.0, 3.0, 1.0, 3.0, 3.0, 0.0, 1.0, 1.0, 2.0, 2.0, 3.0, 1.0, 1.0], [1.0, 2.0, 3.0, 1.0, 3.0, 3.0, 1.0, 1.0, 0.0, 3.0, 1.0, 3.0, 0.0, 1.0, 1.0, 1.0, 1.0, 2.0, 1.0, 1.0, 1.0, 3.0, 3.0, 1.0, 2.0, 3.0, 1.0, 1.0, 1.0, 3.0, 2.0, 1.0, 3.0, 3.0, 0.0, 1.0, 1.0, 2.0, 2.0, 3.0, 1.0, 1.0], [3.0, 1.0, 3.0, 1.0, 3.0, 3.0, 1.0, 1.0, 1.0, 2.0, 1.0, 3.0, 0.0, 1.0, 1.0, 1.0, 1.0, 1.0, 2.0, 1.0, 2.0, 2.0, 3.0, 1.0, 1.0, 3.0, 1.0, 1.0, 1.0, 3.0, 3.0, 1.0, 3.0, 3.0, 0.0, 1.0, 1.0, 1.0, 1.0, 3.0, 1.0, 1.0], [2.0, 2.0, 3.0, 1.0, 3.0, 3.0, 1.0, 1.0, 1.0, 3.0, 2.0, 3.0, 0.0, 1.0, 2.0, 1.0, 1.0, 2.0, 1.0, 1.0, 1.0, 2.0, 3.0, 1.0, 2.0, 3.0, 1.0, 1.0, 1.0, 2.0, 2.0, 1.0, 3.0, 3.0, 0.0, 1.0, 2.0, 3.0, 2.0, 3.0, 1.0, 1.0], [1.0, 2.0, 1.0, 1.0, 3.0, 2.0, 1.0, 1.0, 1.0, 3.0, 1.0, 3.0, 0.0, 1.0, 1.0, 1.0, 1.0, 1.0, 1.0, 1.0, 1.0, 2.0, 3.0, 1.0, 1.0, 3.0, 1.0, 1.0, 1.0, 2.0, 3.0, 1.0, 3.0, 3.0, 0.0, 1.0, 1.0, 3.0, 2.0, 3.0, 1.0, 1.0], [2.0, 2.0, 3.0, 1.0, 3.0, 1.0, 1.0, 1.0, 1.0, 3.0, 1.0, 3.0, 0.0, 1.0, 1.0, 1.0, 1.0, 1.0, 1.0, 1.0, 1.0, 2.0, 3.0, 1.0, 1.0, 3.0, 1.0, 2.0, 1.0, 2.0, 2.0, 1.0, 3.0, 3.0, 0.0, 1.0, 1.0, 3.0, 2.0, 3.0, 1.0, 1.0], [1.0, 2.0, 1.0, 1.0, 1.0, 3.0, 1.0, 1.0, 1.0, 3.0, 1.0, 3.0, 0.0, 3.0, 2.0, 1.0, 1.0, 2.0, 1.0, 1.0, 1.0, 2.0, 3.0, 1.0, 2.0, 3.0, 1.0, 1.0, 1.0, 3.0, 3.0, 1.0, 3.0, 3.0, 0.0, 1.0, 2.0, 3.0, 1.0, 3.0, 1.0, 1.0], [1.0, 2.0, 3.0, 1.0, 1.0, 3.0, 1.0, 1.0, 1.0, 3.0, 1.0, 3.0, 0.0, 1.0, 1.0, 1.0, 1.0, 2.0, 1.0, 1.0, 1.0, 3.0, 3.0, 1.0, 2.0, 3.0, 1.0, 1.0, 1.0, 3.0, 2.0, 1.0, 3.0, 3.0, 0.0, 1.0, 1.0, 2.0, 1.0, 3.0, 1.0, 1.0], [1.0, 2.0, 3.0, 1.0, 3.0, 1.0, 1.0, 1.0, 1.0, 3.0, 1.0, 3.0, 0.0, 1.0, 1.0, 1.0, 1.0, 1.0, 1.0, 1.0, 1.0, 2.0, 3.0, 1.0, 2.0, 3.0, 1.0, 1.0, 1.0, 2.0, 3.0, 1.0, 3.0, 3.0, 0.0, 1.0, 1.0, 3.0, 2.0, 3.0, 1.0, 1.0], [1.0, 2.0, 3.0, 1.0, 3.0, 1.0, 1.0, 1.0, 1.0, 3.0, 1.0, 3.0, 0.0, 1.0, 2.0, 1.0, 1.0, 1.0, 1.0, 1.0, 2.0, 3.0, 3.0, 1.0, 2.0, 3.0, 1.0, 1.0, 1.0, 2.0, 3.0, 1.0, 3.0, 3.0, 0.0, 1.0, 1.0, 1.0, 1.0, 3.0, 1.0, 1.0], [1.0, 2.0, 3.0, 1.0, 3.0, 3.0, 1.0, 1.0, 1.0, 3.0, 2.0, 3.0, 0.0, 1.0, 1.0, 1.0, 1.0, 1.0, 1.0, 1.0, 1.0, 2.0, 3.0, 1.0, 2.0, 3.0, 1.0, 1.0, 1.0, 3.0, 2.0, 1.0, 3.0, 3.0, 0.0, 1.0, 1.0, 2.0, 2.0, 3.0, 1.0, 1.0], [2.0, 2.0, 3.0, 1.0, 3.0, 1.0, 1.0, 1.0, 1.0, 2.0, 1.0, 3.0, 0.0, 1.0, 2.0, 1.0, 1.0, 1.0, 1.0, 1.0, 1.0, 2.0, 3.0, 1.0, 2.0, 3.0, 1.0, 1.0, 1.0, 2.0, 3.0, 1.0, 3.0, 3.0, 0.0, 1.0, 1.0, 2.0, 2.0, 3.0, 1.0, 1.0], [3.0, 2.0, 3.0, 1.0, 2.0, 1.0, 1.0, 1.0, 1.0, 3.0, 2.0, 3.0, 0.0, 1.0, 1.0, 1.0, 1.0, 1.0, 2.0, 1.0, 1.0, 2.0, 3.0, 1.0, 2.0, 3.0, 1.0, 1.0, 1.0, 2.0, 3.0, 1.0, 3.0, 3.0, 0.0, 1.0, 2.0, 3.0, 1.0, 3.0, 1.0, 1.0], [2.0, 2.0, 3.0, 1.0, 3.0, 2.0, 1.0, 1.0, 1.0, 3.0, 1.0, 3.0, 0.0, 1.0, 1.0, 1.0, 1.0, 2.0, 1.0, 1.0, 1.0, 3.0, 3.0, 1.0, 1.0, 3.0, 1.0, 1.0, 1.0, 3.0, 3.0, 1.0, 3.0, 3.0, 0.0, 1.0, 2.0, 3.0, 1.0, 3.0, 1.0, 1.0], [2.0, 2.0, 3.0, 1.0, 1.0, 3.0, 1.0, 1.0, 1.0, 3.0, 1.0, 3.0, 0.0, 1.0, 1.0, 1.0, 1.0, 1.0, 2.0, 1.0, 1.0, 2.0, 3.0, 1.0, 2.0, 3.0, 1.0, 1.0, 1.0, 3.0, 2.0, 1.0, 3.0, 3.0, 0.0, 1.0, 1.0, 3.0, 1.0, 3.0, 1.0, 1.0], [1.0, 2.0, 3.0, 1.0, 3.0, 3.0, 1.0, 1.0, 1.0, 3.0, 1.0, 3.0, 1.0, 1.0, 2.0, 1.0, 1.0, 1.0, 2.0, 1.0, 1.0, 3.0, 3.0, 1.0, 2.0, 3.0, 1.0, 1.0, 1.0, 3.0, 2.0, 1.0, 3.0, 3.0, 0.0, 1.0, 2.0, 3.0, 2.0, 3.0, 1.0, 1.0], [1.0, 2.0, 3.0, 1.0, 3.0, 3.0, 1.0, 1.0, 0.0, 3.0, 1.0, 3.0, 0.0, 1.0, 2.0, 1.0, 1.0, 1.0, 1.0, 1.0, 1.0, 2.0, 3.0, 1.0, 1.0, 3.0, 1.0, 1.0, 1.0, 3.0, 3.0, 1.0, 3.0, 3.0, 0.0, 1.0, 1.0, 1.0, 2.0, 3.0, 1.0, 1.0], [1.0, 3.0, 3.0, 1.0, 1.0, 1.0, 1.0, 1.0, 1.0, 3.0, 2.0, 3.0, 0.0, 1.0, 1.0, 1.0, 1.0, 1.0, 2.0, 1.0, 2.0, 3.0, 3.0, 1.0, 2.0, 3.0, 1.0, 1.0, 1.0, 3.0, 3.0, 1.0, 3.0, 3.0, 0.0, 1.0, 2.0, 3.0, 2.0, 3.0, 1.0, 1.0], [3.0, 2.0, 1.0, 1.0, 3.0, 1.0, 1.0, 1.0, 1.0, 3.0, 1.0, 3.0, 0.0, 1.0, 2.0, 1.0, 1.0, 1.0, 2.0, 1.0, 1.0, 2.0, 3.0, 1.0, 1.0, 3.0, 1.0, 1.0, 1.0, 3.0, 3.0, 1.0, 3.0, 3.0, 0.0, 1.0, 2.0, 1.0, 1.0, 3.0, 1.0, 1.0], [1.0, 2.0, 3.0, 1.0, 3.0, 1.0, 1.0, 1.0, 1.0, 3.0, 1.0, 3.0, 0.0, 1.0, 1.0, 1.0, 1.0, 1.0, 2.0, 1.0, 1.0, 2.0, 3.0, 1.0, 2.0, 3.0, 1.0, 1.0, 1.0, 3.0, 3.0, 1.0, 3.0, 3.0, 0.0, 1.0, 1.0, 1.0, 2.0, 2.0, 1.0, 1.0], [2.0, 2.0, 3.0, 1.0, 3.0, 1.0, 1.0, 1.0, 1.0, 3.0, 1.0, 3.0, 0.0, 1.0, 1.0, 1.0, 1.0, 1.0, 1.0, 1.0, 2.0, 2.0, 3.0, 1.0, 1.0, 3.0, 1.0, 1.0, 1.0, 3.0, 3.0, 1.0, 3.0, 3.0, 0.0, 1.0, 1.0, 2.0, 2.0, 3.0, 1.0, 1.0], [2.0, 1.0, 3.0, 1.0, 1.0, 3.0, 1.0, 1.0, 1.0, 3.0, 1.0, 3.0, 1.0, 1.0, 1.0, 1.0, 1.0, 1.0, 1.0, 1.0, 2.0, 2.0, 2.0, 1.0, 2.0, 3.0, 1.0, 1.0, 1.0, 2.0, 3.0, 1.0, 3.0, 3.0, 0.0, 1.0, 1.0, 2.0, 2.0, 3.0, 1.0, 1.0], [2.0, 2.0, 2.0, 1.0, 3.0, 3.0, 1.0, 1.0, 1.0, 3.0, 1.0, 3.0, 0.0, 1.0, 1.0, 1.0, 1.0, 1.0, 1.0, 1.0, 1.0, 3.0, 3.0, 1.0, 2.0, 3.0, 1.0, 1.0, 1.0, 2.0, 3.0, 1.0, 2.0, 3.0, 0.0, 1.0, 1.0, 2.0, 1.0, 3.0, 1.0, 1.0], [1.0, 2.0, 3.0, 1.0, 3.0, 3.0, 1.0, 1.0, 1.0, 3.0, 1.0, 1.0, 0.0, 1.0, 2.0, 1.0, 1.0, 1.0, 1.0, 1.0, 1.0, 2.0, 3.0, 1.0, 1.0, 3.0, 1.0, 1.0, 1.0, 2.0, 2.0, 1.0, 3.0, 3.0, 0.0, 1.0, 2.0, 3.0, 2.0, 3.0, 1.0, 1.0], [1.0, 2.0, 3.0, 1.0, 1.0, 3.0, 1.0, 1.0, 1.0, 3.0, 1.0, 3.0, 0.0, 1.0, 1.0, 1.0, 1.0, 1.0, 1.0, 1.0, 2.0, 2.0, 3.0, 1.0, 1.0, 3.0, 1.0, 1.0, 1.0, 2.0, 2.0, 1.0, 3.0, 3.0, 0.0, 1.0, 1.0, 3.0, 1.0, 3.0, 1.0, 1.0], [1.0, 2.0, 3.0, 1.0, 1.0, 1.0, 1.0, 1.0, 1.0, 3.0, 1.0, 3.0, 0.0, 3.0, 1.0, 1.0, 1.0, 1.0, 1.0, 1.0, 1.0, 2.0, 3.0, 1.0, 1.0, 3.0, 1.0, 1.0, 1.0, 3.0, 2.0, 1.0, 3.0, 3.0, 0.0, 1.0, 1.0, 3.0, 2.0, 3.0, 1.0, 1.0], [3.0, 2.0, 3.0, 1.0, 3.0, 3.0, 1.0, 1.0, 1.0, 3.0, 1.0, 3.0, 0.0, 1.0, 1.0, 1.0, 1.0, 1.0, 1.0, 1.0, 1.0, 2.0, 3.0, 1.0, 1.0, 3.0, 1.0, 1.0, 1.0, 3.0, 3.0, 1.0, 3.0, 3.0, 0.0, 1.0, 1.0, 2.0, 1.0, 3.0, 1.0, 1.0], [1.0, 2.0, 3.0, 1.0, 1.0, 2.0, 1.0, 1.0, 1.0, 3.0, 1.0, 3.0, 0.0, 1.0, 1.0, 1.0, 1.0, 1.0, 1.0, 1.0, 1.0, 2.0, 3.0, 1.0, 1.0, 3.0, 1.0, 2.0, 1.0, 2.0, 3.0, 1.0, 2.0, 3.0, 0.0, 1.0, 2.0, 3.0, 1.0, 2.0, 1.0, 1.0], [2.0, 2.0, 3.0, 1.0, 3.0, 2.0, 1.0, 1.0, 1.0, 3.0, 1.0, 3.0, 0.0, 1.0, 2.0, 1.0, 1.0, 1.0, 1.0, 1.0, 2.0, 2.0, 3.0, 1.0, 1.0, 3.0, 1.0, 1.0, 1.0, 2.0, 3.0, 1.0, 3.0, 3.0, 0.0, 1.0, 1.0, 3.0, 2.0, 3.0, 1.0, 1.0], [1.0, 2.0, 3.0, 1.0, 3.0, 3.0, 1.0, 1.0, 1.0, 3.0, 1.0, 3.0, 0.0, 1.0, 1.0, 1.0, 1.0, 1.0, 1.0, 1.0, 2.0, 2.0, 3.0, 1.0, 2.0, 3.0, 1.0, 1.0, 1.0, 2.0, 2.0, 1.0, 3.0, 3.0, 0.0, 1.0, 1.0, 3.0, 1.0, 3.0, 1.0, 1.0], [1.0, 2.0, 3.0, 1.0, 3.0, 3.0, 1.0, 1.0, 1.0, 3.0, 1.0, 3.0, 0.0, 1.0, 2.0, 1.0, 1.0, 1.0, 2.0, 1.0, 1.0, 3.0, 3.0, 1.0, 2.0, 3.0, 1.0, 1.0, 1.0, 3.0, 2.0, 1.0, 3.0, 3.0, 0.0, 1.0, 2.0, 3.0, 1.0, 3.0, 1.0, 1.0], [2.0, 2.0, 2.0, 1.0, 2.0, 1.0, 1.0, 1.0, 1.0, 3.0, 1.0, 3.0, 0.0, 1.0, 1.0, 1.0, 1.0, 1.0, 1.0, 1.0, 1.0, 2.0, 3.0, 1.0, 1.0, 3.0, 1.0, 1.0, 1.0, 2.0, 1.0, 1.0, 3.0, 3.0, 0.0, 1.0, 2.0, 3.0, 1.0, 3.0, 1.0, 1.0], [1.0, 2.0, 3.0, 1.0, 1.0, 2.0, 1.0, 1.0, 0.0, 2.0, 1.0, 3.0, 1.0, 1.0, 1.0, 1.0, 1.0, 1.0, 2.0, 1.0, 1.0, 2.0, 3.0, 1.0, 1.0, 3.0, 1.0, 1.0, 1.0, 2.0, 2.0, 1.0, 3.0, 3.0, 0.0, 1.0, 1.0, 3.0, 1.0, 3.0, 1.0, 1.0]]

