first layer check: Conv2d(9, 64, kernel_size=(7, 7), stride=(2, 2), padding=(3, 3), bias=False)

target ys
[2.0, 3.0, 2.0, 1.0, 3.0, 2.0, 1.0, 1.0, 2.0, 3.0, 2.0, 3.0, 0.0, 3.0, 1.0, 1.0, 1.0, 1.0, 2.0, 1.0, 1.0, 2.0, 3.0, 1.0, 1.0, 1.0, 1.0, 1.0, 1.0, 2.0, 2.0, 0.0, 3.0, 3.0, 1.0, 1.0, 1.0, 3.0, 1.0, 3.0, 2.0, 1.0]

for model 0: mode acc: 0.6904761791229248, run mean acc: 0.7174999713897705, top-2 acc:0.9599999785423279, mode f1: 0.6904761791229248

model 0 mode preds
[2.0, 2.0, 3.0, 1.0, 3.0, 3.0, 1.0, 1.0, 1.0, 3.0, 1.0, 3.0, 0.0, 1.0, 1.0, 1.0, 1.0, 1.0, 1.0, 1.0, 1.0, 2.0, 3.0, 1.0, 1.0, 3.0, 1.0, 1.0, 1.0, 3.0, 3.0, 1.0, 3.0, 3.0, 0.0, 1.0, 1.0, 3.0, 1.0, 3.0, 1.0, 1.0]

model 0 all preds
[[2.0, 3.0, 2.0, 1.0, 3.0, 3.0, 1.0, 1.0, 1.0, 3.0, 1.0, 3.0, 0.0, 1.0, 1.0, 1.0, 1.0, 1.0, 1.0, 1.0, 1.0, 2.0, 3.0, 1.0, 1.0, 3.0, 1.0, 2.0, 1.0, 3.0, 3.0, 1.0, 3.0, 3.0, 0.0, 1.0, 1.0, 3.0, 1.0, 3.0, 1.0, 1.0], [2.0, 3.0, 3.0, 1.0, 3.0, 3.0, 1.0, 1.0, 1.0, 3.0, 1.0, 3.0, 0.0, 1.0, 2.0, 1.0, 1.0, 1.0, 2.0, 1.0, 2.0, 2.0, 3.0, 1.0, 1.0, 3.0, 1.0, 1.0, 1.0, 3.0, 3.0, 1.0, 3.0, 3.0, 0.0, 1.0, 1.0, 3.0, 1.0, 3.0, 1.0, 1.0], [2.0, 2.0, 3.0, 1.0, 3.0, 3.0, 1.0, 1.0, 1.0, 3.0, 1.0, 3.0, 0.0, 3.0, 1.0, 1.0, 1.0, 2.0, 2.0, 1.0, 1.0, 3.0, 3.0, 1.0, 1.0, 3.0, 1.0, 1.0, 1.0, 2.0, 3.0, 1.0, 3.0, 3.0, 0.0, 1.0, 1.0, 3.0, 1.0, 3.0, 1.0, 1.0], [3.0, 3.0, 3.0, 1.0, 3.0, 2.0, 1.0, 1.0, 1.0, 3.0, 2.0, 3.0, 0.0, 1.0, 1.0, 1.0, 1.0, 1.0, 1.0, 1.0, 1.0, 2.0, 3.0, 1.0, 1.0, 3.0, 1.0, 1.0, 1.0, 3.0, 3.0, 1.0, 3.0, 3.0, 0.0, 1.0, 1.0, 3.0, 1.0, 3.0, 1.0, 1.0], [2.0, 3.0, 3.0, 1.0, 3.0, 3.0, 1.0, 1.0, 1.0, 3.0, 1.0, 3.0, 0.0, 1.0, 1.0, 1.0, 1.0, 1.0, 1.0, 1.0, 1.0, 3.0, 3.0, 1.0, 1.0, 3.0, 1.0, 1.0, 1.0, 2.0, 3.0, 1.0, 3.0, 3.0, 0.0, 1.0, 1.0, 3.0, 1.0, 3.0, 1.0, 1.0], [2.0, 3.0, 3.0, 1.0, 3.0, 3.0, 1.0, 1.0, 1.0, 3.0, 1.0, 3.0, 0.0, 3.0, 2.0, 1.0, 1.0, 1.0, 2.0, 1.0, 1.0, 2.0, 3.0, 1.0, 1.0, 3.0, 1.0, 1.0, 1.0, 2.0, 3.0, 1.0, 3.0, 3.0, 0.0, 1.0, 1.0, 3.0, 1.0, 3.0, 1.0, 1.0], [2.0, 2.0, 3.0, 1.0, 3.0, 3.0, 1.0, 1.0, 1.0, 3.0, 1.0, 3.0, 0.0, 2.0, 1.0, 1.0, 1.0, 1.0, 2.0, 1.0, 1.0, 2.0, 3.0, 1.0, 1.0, 3.0, 1.0, 1.0, 1.0, 2.0, 3.0, 1.0, 3.0, 3.0, 0.0, 1.0, 1.0, 3.0, 1.0, 3.0, 1.0, 1.0], [2.0, 2.0, 3.0, 1.0, 3.0, 3.0, 1.0, 1.0, 1.0, 3.0, 1.0, 3.0, 0.0, 1.0, 2.0, 1.0, 1.0, 1.0, 2.0, 1.0, 1.0, 2.0, 3.0, 1.0, 1.0, 3.0, 1.0, 2.0, 1.0, 3.0, 3.0, 1.0, 3.0, 3.0, 0.0, 1.0, 1.0, 3.0, 1.0, 3.0, 1.0, 1.0], [2.0, 3.0, 1.0, 1.0, 3.0, 3.0, 1.0, 1.0, 1.0, 3.0, 1.0, 3.0, 0.0, 1.0, 2.0, 1.0, 1.0, 1.0, 1.0, 1.0, 1.0, 2.0, 3.0, 1.0, 1.0, 3.0, 1.0, 2.0, 1.0, 3.0, 3.0, 1.0, 3.0, 3.0, 0.0, 1.0, 1.0, 3.0, 1.0, 3.0, 1.0, 1.0], [2.0, 2.0, 3.0, 1.0, 3.0, 3.0, 1.0, 1.0, 1.0, 3.0, 2.0, 3.0, 0.0, 2.0, 2.0, 1.0, 1.0, 1.0, 2.0, 1.0, 1.0, 2.0, 3.0, 1.0, 1.0, 3.0, 1.0, 1.0, 1.0, 3.0, 3.0, 1.0, 3.0, 3.0, 0.0, 1.0, 1.0, 3.0, 1.0, 3.0, 1.0, 1.0], [1.0, 3.0, 3.0, 1.0, 3.0, 3.0, 1.0, 1.0, 1.0, 3.0, 1.0, 3.0, 0.0, 3.0, 1.0, 1.0, 1.0, 2.0, 1.0, 1.0, 1.0, 2.0, 3.0, 1.0, 1.0, 3.0, 1.0, 2.0, 1.0, 3.0, 3.0, 1.0, 3.0, 3.0, 0.0, 1.0, 1.0, 3.0, 2.0, 3.0, 1.0, 1.0], [2.0, 3.0, 3.0, 1.0, 3.0, 3.0, 1.0, 1.0, 1.0, 3.0, 1.0, 3.0, 0.0, 1.0, 1.0, 1.0, 1.0, 1.0, 1.0, 1.0, 1.0, 2.0, 3.0, 1.0, 1.0, 3.0, 1.0, 1.0, 1.0, 3.0, 3.0, 1.0, 3.0, 3.0, 0.0, 1.0, 1.0, 2.0, 1.0, 3.0, 1.0, 1.0], [2.0, 3.0, 3.0, 1.0, 3.0, 3.0, 1.0, 1.0, 1.0, 3.0, 1.0, 3.0, 0.0, 1.0, 1.0, 1.0, 1.0, 1.0, 2.0, 1.0, 1.0, 2.0, 3.0, 1.0, 1.0, 3.0, 1.0, 2.0, 1.0, 3.0, 2.0, 1.0, 3.0, 3.0, 0.0, 1.0, 1.0, 3.0, 1.0, 3.0, 2.0, 1.0], [2.0, 3.0, 3.0, 1.0, 3.0, 3.0, 1.0, 1.0, 1.0, 3.0, 1.0, 3.0, 0.0, 3.0, 2.0, 1.0, 1.0, 2.0, 1.0, 1.0, 2.0, 3.0, 3.0, 1.0, 1.0, 3.0, 1.0, 1.0, 1.0, 2.0, 3.0, 1.0, 3.0, 3.0, 0.0, 1.0, 1.0, 3.0, 1.0, 3.0, 1.0, 1.0], [2.0, 3.0, 3.0, 1.0, 3.0, 3.0, 1.0, 1.0, 1.0, 3.0, 2.0, 3.0, 0.0, 1.0, 2.0, 1.0, 1.0, 1.0, 1.0, 1.0, 1.0, 2.0, 3.0, 1.0, 1.0, 3.0, 1.0, 1.0, 1.0, 3.0, 3.0, 1.0, 3.0, 3.0, 0.0, 1.0, 1.0, 3.0, 1.0, 3.0, 2.0, 1.0], [2.0, 2.0, 2.0, 1.0, 3.0, 3.0, 1.0, 1.0, 1.0, 3.0, 1.0, 3.0, 1.0, 3.0, 2.0, 1.0, 1.0, 1.0, 2.0, 1.0, 1.0, 2.0, 3.0, 1.0, 1.0, 3.0, 1.0, 2.0, 1.0, 3.0, 3.0, 1.0, 3.0, 3.0, 0.0, 1.0, 1.0, 2.0, 1.0, 3.0, 1.0, 1.0], [2.0, 2.0, 2.0, 1.0, 3.0, 3.0, 1.0, 1.0, 1.0, 3.0, 1.0, 3.0, 0.0, 3.0, 2.0, 1.0, 1.0, 1.0, 1.0, 1.0, 1.0, 2.0, 3.0, 1.0, 1.0, 3.0, 1.0, 2.0, 1.0, 3.0, 3.0, 1.0, 3.0, 3.0, 0.0, 1.0, 1.0, 3.0, 1.0, 3.0, 1.0, 1.0], [3.0, 2.0, 3.0, 1.0, 3.0, 3.0, 1.0, 1.0, 1.0, 3.0, 2.0, 3.0, 0.0, 2.0, 2.0, 1.0, 1.0, 1.0, 1.0, 1.0, 1.0, 2.0, 3.0, 1.0, 1.0, 3.0, 1.0, 1.0, 1.0, 3.0, 3.0, 1.0, 3.0, 3.0, 0.0, 1.0, 1.0, 3.0, 1.0, 3.0, 1.0, 1.0], [2.0, 3.0, 3.0, 1.0, 3.0, 3.0, 1.0, 1.0, 2.0, 3.0, 2.0, 3.0, 0.0, 2.0, 1.0, 1.0, 1.0, 1.0, 1.0, 1.0, 2.0, 3.0, 3.0, 1.0, 1.0, 3.0, 1.0, 2.0, 1.0, 3.0, 2.0, 1.0, 3.0, 3.0, 0.0, 1.0, 1.0, 2.0, 1.0, 3.0, 1.0, 1.0], [2.0, 2.0, 3.0, 1.0, 3.0, 1.0, 1.0, 1.0, 1.0, 3.0, 2.0, 3.0, 0.0, 1.0, 1.0, 1.0, 1.0, 1.0, 2.0, 1.0, 1.0, 2.0, 3.0, 1.0, 1.0, 3.0, 1.0, 1.0, 1.0, 2.0, 3.0, 1.0, 3.0, 3.0, 0.0, 1.0, 1.0, 3.0, 1.0, 3.0, 1.0, 1.0], [2.0, 2.0, 3.0, 1.0, 1.0, 2.0, 1.0, 1.0, 1.0, 3.0, 2.0, 3.0, 0.0, 3.0, 1.0, 1.0, 1.0, 2.0, 1.0, 1.0, 1.0, 2.0, 3.0, 1.0, 1.0, 3.0, 1.0, 1.0, 1.0, 3.0, 3.0, 1.0, 3.0, 3.0, 0.0, 1.0, 1.0, 3.0, 1.0, 3.0, 1.0, 1.0], [2.0, 3.0, 3.0, 1.0, 3.0, 3.0, 1.0, 1.0, 1.0, 3.0, 1.0, 3.0, 0.0, 1.0, 1.0, 1.0, 1.0, 1.0, 2.0, 1.0, 1.0, 2.0, 3.0, 1.0, 1.0, 3.0, 1.0, 1.0, 1.0, 3.0, 3.0, 1.0, 3.0, 3.0, 0.0, 1.0, 1.0, 3.0, 1.0, 3.0, 1.0, 1.0], [3.0, 2.0, 3.0, 1.0, 3.0, 3.0, 1.0, 1.0, 1.0, 3.0, 1.0, 3.0, 0.0, 3.0, 1.0, 1.0, 1.0, 1.0, 2.0, 1.0, 1.0, 2.0, 3.0, 1.0, 1.0, 3.0, 1.0, 2.0, 0.0, 2.0, 3.0, 1.0, 3.0, 3.0, 0.0, 1.0, 1.0, 2.0, 1.0, 3.0, 1.0, 1.0], [3.0, 3.0, 3.0, 1.0, 3.0, 3.0, 1.0, 1.0, 1.0, 3.0, 1.0, 3.0, 0.0, 3.0, 1.0, 1.0, 1.0, 1.0, 1.0, 1.0, 1.0, 2.0, 3.0, 1.0, 1.0, 3.0, 1.0, 2.0, 1.0, 2.0, 3.0, 1.0, 3.0, 3.0, 0.0, 1.0, 1.0, 3.0, 1.0, 3.0, 1.0, 1.0], [2.0, 3.0, 3.0, 1.0, 3.0, 1.0, 1.0, 1.0, 1.0, 3.0, 1.0, 3.0, 0.0, 1.0, 1.0, 1.0, 1.0, 1.0, 2.0, 1.0, 2.0, 3.0, 3.0, 1.0, 1.0, 3.0, 1.0, 2.0, 1.0, 2.0, 3.0, 1.0, 3.0, 3.0, 0.0, 1.0, 1.0, 3.0, 1.0, 3.0, 1.0, 1.0], [2.0, 2.0, 3.0, 1.0, 3.0, 3.0, 1.0, 1.0, 1.0, 3.0, 2.0, 3.0, 0.0, 2.0, 1.0, 1.0, 1.0, 1.0, 1.0, 1.0, 1.0, 2.0, 3.0, 1.0, 1.0, 3.0, 1.0, 1.0, 1.0, 2.0, 3.0, 1.0, 3.0, 3.0, 0.0, 1.0, 1.0, 3.0, 1.0, 3.0, 1.0, 1.0], [2.0, 2.0, 3.0, 1.0, 3.0, 3.0, 1.0, 1.0, 1.0, 3.0, 1.0, 3.0, 0.0, 1.0, 1.0, 1.0, 1.0, 1.0, 2.0, 1.0, 1.0, 3.0, 3.0, 1.0, 1.0, 3.0, 1.0, 2.0, 1.0, 2.0, 3.0, 1.0, 3.0, 3.0, 0.0, 1.0, 1.0, 3.0, 1.0, 3.0, 1.0, 1.0], [2.0, 2.0, 3.0, 1.0, 3.0, 3.0, 1.0, 1.0, 1.0, 3.0, 1.0, 3.0, 0.0, 3.0, 1.0, 1.0, 1.0, 1.0, 1.0, 1.0, 1.0, 3.0, 3.0, 1.0, 1.0, 3.0, 1.0, 2.0, 0.0, 3.0, 3.0, 1.0, 3.0, 3.0, 0.0, 1.0, 1.0, 3.0, 1.0, 3.0, 1.0, 1.0], [2.0, 3.0, 3.0, 1.0, 3.0, 3.0, 1.0, 1.0, 1.0, 3.0, 1.0, 3.0, 0.0, 3.0, 1.0, 1.0, 1.0, 1.0, 1.0, 1.0, 1.0, 2.0, 3.0, 1.0, 1.0, 3.0, 1.0, 1.0, 1.0, 3.0, 3.0, 1.0, 3.0, 3.0, 0.0, 1.0, 1.0, 3.0, 1.0, 3.0, 2.0, 1.0], [2.0, 3.0, 3.0, 1.0, 3.0, 3.0, 1.0, 1.0, 1.0, 3.0, 1.0, 3.0, 0.0, 1.0, 2.0, 1.0, 1.0, 2.0, 1.0, 1.0, 1.0, 3.0, 3.0, 1.0, 1.0, 3.0, 1.0, 2.0, 1.0, 3.0, 3.0, 1.0, 3.0, 3.0, 0.0, 1.0, 1.0, 3.0, 1.0, 3.0, 1.0, 1.0], [2.0, 3.0, 3.0, 1.0, 3.0, 3.0, 1.0, 1.0, 1.0, 2.0, 1.0, 3.0, 0.0, 3.0, 1.0, 1.0, 1.0, 1.0, 1.0, 1.0, 1.0, 2.0, 3.0, 1.0, 1.0, 3.0, 1.0, 1.0, 1.0, 2.0, 3.0, 1.0, 3.0, 3.0, 0.0, 1.0, 1.0, 3.0, 1.0, 3.0, 1.0, 1.0], [2.0, 3.0, 3.0, 1.0, 3.0, 2.0, 1.0, 1.0, 1.0, 3.0, 1.0, 3.0, 0.0, 2.0, 1.0, 1.0, 1.0, 1.0, 2.0, 1.0, 1.0, 2.0, 3.0, 1.0, 1.0, 3.0, 1.0, 2.0, 1.0, 2.0, 3.0, 1.0, 3.0, 3.0, 0.0, 1.0, 1.0, 2.0, 1.0, 3.0, 1.0, 1.0], [2.0, 2.0, 3.0, 1.0, 3.0, 1.0, 1.0, 1.0, 1.0, 3.0, 1.0, 3.0, 0.0, 1.0, 1.0, 1.0, 1.0, 1.0, 2.0, 1.0, 1.0, 2.0, 3.0, 1.0, 1.0, 3.0, 1.0, 2.0, 1.0, 3.0, 3.0, 1.0, 3.0, 3.0, 0.0, 1.0, 1.0, 3.0, 1.0, 3.0, 1.0, 1.0], [2.0, 3.0, 3.0, 1.0, 3.0, 3.0, 1.0, 1.0, 1.0, 3.0, 2.0, 3.0, 1.0, 1.0, 1.0, 1.0, 1.0, 2.0, 1.0, 1.0, 1.0, 3.0, 3.0, 1.0, 1.0, 3.0, 1.0, 1.0, 1.0, 2.0, 3.0, 1.0, 3.0, 3.0, 0.0, 1.0, 1.0, 3.0, 2.0, 3.0, 1.0, 1.0], [2.0, 2.0, 3.0, 1.0, 3.0, 3.0, 1.0, 1.0, 1.0, 3.0, 1.0, 3.0, 0.0, 3.0, 1.0, 1.0, 1.0, 1.0, 2.0, 1.0, 1.0, 2.0, 3.0, 1.0, 1.0, 3.0, 1.0, 1.0, 1.0, 3.0, 3.0, 1.0, 3.0, 3.0, 0.0, 1.0, 1.0, 3.0, 2.0, 3.0, 1.0, 1.0], [2.0, 3.0, 3.0, 1.0, 3.0, 2.0, 1.0, 1.0, 1.0, 3.0, 1.0, 3.0, 0.0, 1.0, 1.0, 1.0, 1.0, 1.0, 1.0, 1.0, 1.0, 2.0, 3.0, 1.0, 1.0, 3.0, 1.0, 1.0, 1.0, 2.0, 2.0, 1.0, 3.0, 3.0, 0.0, 1.0, 1.0, 3.0, 2.0, 3.0, 1.0, 1.0], [2.0, 2.0, 3.0, 1.0, 3.0, 3.0, 1.0, 1.0, 1.0, 3.0, 1.0, 3.0, 0.0, 1.0, 2.0, 1.0, 1.0, 2.0, 2.0, 1.0, 1.0, 2.0, 3.0, 1.0, 1.0, 3.0, 1.0, 2.0, 1.0, 2.0, 3.0, 1.0, 3.0, 3.0, 0.0, 1.0, 1.0, 3.0, 2.0, 3.0, 2.0, 1.0], [3.0, 2.0, 3.0, 1.0, 3.0, 2.0, 1.0, 1.0, 1.0, 3.0, 1.0, 3.0, 0.0, 1.0, 1.0, 1.0, 1.0, 1.0, 2.0, 1.0, 1.0, 2.0, 3.0, 1.0, 1.0, 3.0, 1.0, 1.0, 1.0, 2.0, 3.0, 1.0, 3.0, 3.0, 0.0, 1.0, 1.0, 3.0, 1.0, 3.0, 1.0, 1.0], [2.0, 3.0, 3.0, 1.0, 3.0, 1.0, 1.0, 1.0, 1.0, 3.0, 1.0, 3.0, 0.0, 1.0, 1.0, 1.0, 1.0, 1.0, 2.0, 1.0, 1.0, 2.0, 3.0, 1.0, 1.0, 3.0, 1.0, 2.0, 1.0, 2.0, 3.0, 1.0, 3.0, 3.0, 0.0, 1.0, 1.0, 3.0, 2.0, 3.0, 1.0, 1.0], [2.0, 2.0, 3.0, 1.0, 3.0, 3.0, 1.0, 1.0, 1.0, 3.0, 1.0, 3.0, 0.0, 1.0, 1.0, 1.0, 1.0, 1.0, 1.0, 1.0, 1.0, 2.0, 3.0, 1.0, 1.0, 3.0, 1.0, 1.0, 1.0, 3.0, 3.0, 1.0, 3.0, 3.0, 0.0, 1.0, 1.0, 3.0, 1.0, 3.0, 1.0, 1.0], [2.0, 2.0, 3.0, 1.0, 3.0, 3.0, 1.0, 1.0, 1.0, 3.0, 1.0, 3.0, 0.0, 2.0, 1.0, 1.0, 1.0, 1.0, 1.0, 1.0, 1.0, 2.0, 3.0, 1.0, 1.0, 3.0, 1.0, 1.0, 1.0, 2.0, 3.0, 1.0, 3.0, 3.0, 0.0, 1.0, 1.0, 3.0, 1.0, 3.0, 1.0, 1.0], [2.0, 2.0, 3.0, 1.0, 3.0, 3.0, 1.0, 1.0, 1.0, 3.0, 1.0, 3.0, 1.0, 3.0, 1.0, 1.0, 1.0, 2.0, 2.0, 1.0, 1.0, 2.0, 3.0, 1.0, 1.0, 3.0, 1.0, 1.0, 1.0, 2.0, 3.0, 1.0, 3.0, 3.0, 0.0, 1.0, 1.0, 3.0, 1.0, 3.0, 1.0, 1.0], [2.0, 2.0, 3.0, 1.0, 3.0, 2.0, 1.0, 1.0, 1.0, 3.0, 1.0, 3.0, 0.0, 1.0, 2.0, 1.0, 1.0, 1.0, 2.0, 1.0, 1.0, 2.0, 3.0, 1.0, 1.0, 3.0, 1.0, 1.0, 1.0, 2.0, 2.0, 1.0, 3.0, 3.0, 0.0, 1.0, 1.0, 2.0, 1.0, 3.0, 1.0, 1.0], [2.0, 2.0, 3.0, 1.0, 3.0, 2.0, 1.0, 1.0, 1.0, 3.0, 1.0, 3.0, 0.0, 3.0, 2.0, 1.0, 1.0, 2.0, 1.0, 1.0, 1.0, 2.0, 3.0, 1.0, 1.0, 3.0, 1.0, 2.0, 1.0, 3.0, 2.0, 1.0, 2.0, 3.0, 0.0, 1.0, 1.0, 3.0, 1.0, 3.0, 2.0, 1.0], [2.0, 2.0, 3.0, 1.0, 3.0, 3.0, 1.0, 1.0, 1.0, 3.0, 2.0, 3.0, 0.0, 1.0, 2.0, 1.0, 1.0, 2.0, 1.0, 1.0, 1.0, 2.0, 3.0, 1.0, 1.0, 3.0, 1.0, 1.0, 1.0, 2.0, 3.0, 1.0, 3.0, 3.0, 0.0, 1.0, 1.0, 3.0, 1.0, 3.0, 1.0, 1.0], [2.0, 2.0, 3.0, 1.0, 3.0, 1.0, 1.0, 1.0, 1.0, 3.0, 2.0, 3.0, 0.0, 1.0, 1.0, 1.0, 1.0, 1.0, 1.0, 1.0, 1.0, 3.0, 3.0, 1.0, 1.0, 3.0, 1.0, 1.0, 1.0, 2.0, 3.0, 1.0, 3.0, 3.0, 0.0, 1.0, 1.0, 3.0, 1.0, 3.0, 1.0, 1.0], [2.0, 3.0, 3.0, 1.0, 3.0, 3.0, 1.0, 1.0, 1.0, 3.0, 1.0, 3.0, 0.0, 2.0, 1.0, 1.0, 1.0, 1.0, 1.0, 1.0, 1.0, 3.0, 3.0, 1.0, 1.0, 3.0, 1.0, 1.0, 1.0, 3.0, 3.0, 1.0, 3.0, 3.0, 0.0, 1.0, 1.0, 3.0, 1.0, 3.0, 1.0, 1.0], [3.0, 3.0, 3.0, 1.0, 3.0, 3.0, 1.0, 1.0, 1.0, 3.0, 2.0, 3.0, 0.0, 1.0, 2.0, 1.0, 1.0, 2.0, 1.0, 1.0, 1.0, 2.0, 3.0, 1.0, 1.0, 3.0, 1.0, 1.0, 1.0, 3.0, 3.0, 1.0, 3.0, 3.0, 0.0, 1.0, 1.0, 2.0, 1.0, 3.0, 1.0, 1.0], [2.0, 2.0, 3.0, 1.0, 3.0, 3.0, 1.0, 1.0, 1.0, 3.0, 1.0, 3.0, 0.0, 2.0, 1.0, 1.0, 1.0, 1.0, 1.0, 1.0, 1.0, 2.0, 3.0, 1.0, 1.0, 3.0, 1.0, 1.0, 1.0, 3.0, 2.0, 1.0, 3.0, 3.0, 0.0, 1.0, 1.0, 3.0, 1.0, 3.0, 1.0, 1.0], [2.0, 2.0, 3.0, 1.0, 3.0, 3.0, 1.0, 1.0, 1.0, 3.0, 1.0, 3.0, 0.0, 3.0, 1.0, 1.0, 1.0, 1.0, 1.0, 1.0, 1.0, 2.0, 3.0, 1.0, 1.0, 3.0, 1.0, 1.0, 1.0, 3.0, 2.0, 1.0, 3.0, 3.0, 0.0, 1.0, 1.0, 3.0, 1.0, 3.0, 1.0, 1.0]]

first layer check: Conv2d(9, 64, kernel_size=(7, 7), stride=(2, 2), padding=(3, 3), bias=False)

for model 1: mode acc: 0.6666666865348816, run mean acc: 0.708333432674408, top-2 acc:0.9441666603088379, mode f1: 0.6666666865348816

model 1 mode preds
[2.0, 2.0, 3.0, 1.0, 3.0, 3.0, 1.0, 1.0, 2.0, 3.0, 2.0, 3.0, 1.0, 1.0, 1.0, 1.0, 1.0, 2.0, 2.0, 1.0, 2.0, 2.0, 3.0, 2.0, 1.0, 2.0, 1.0, 1.0, 1.0, 3.0, 3.0, 1.0, 3.0, 3.0, 1.0, 1.0, 1.0, 2.0, 1.0, 3.0, 1.0, 1.0]

model 1 all preds
[[2.0, 3.0, 3.0, 1.0, 3.0, 3.0, 1.0, 1.0, 2.0, 3.0, 2.0, 3.0, 1.0, 1.0, 1.0, 1.0, 2.0, 2.0, 2.0, 1.0, 2.0, 2.0, 3.0, 2.0, 1.0, 2.0, 1.0, 1.0, 1.0, 3.0, 3.0, 1.0, 3.0, 3.0, 1.0, 1.0, 1.0, 2.0, 1.0, 3.0, 1.0, 1.0], [2.0, 2.0, 3.0, 1.0, 1.0, 1.0, 1.0, 1.0, 1.0, 3.0, 1.0, 3.0, 1.0, 1.0, 1.0, 1.0, 1.0, 2.0, 2.0, 1.0, 1.0, 2.0, 3.0, 2.0, 1.0, 2.0, 1.0, 1.0, 1.0, 3.0, 3.0, 1.0, 3.0, 3.0, 1.0, 1.0, 1.0, 3.0, 1.0, 3.0, 1.0, 1.0], [2.0, 2.0, 3.0, 1.0, 3.0, 3.0, 1.0, 1.0, 2.0, 3.0, 2.0, 3.0, 1.0, 2.0, 1.0, 1.0, 1.0, 2.0, 2.0, 1.0, 2.0, 2.0, 3.0, 2.0, 1.0, 2.0, 1.0, 1.0, 1.0, 3.0, 3.0, 1.0, 3.0, 3.0, 1.0, 1.0, 1.0, 3.0, 1.0, 3.0, 2.0, 1.0], [2.0, 2.0, 3.0, 1.0, 3.0, 1.0, 1.0, 1.0, 2.0, 3.0, 2.0, 3.0, 1.0, 1.0, 1.0, 1.0, 1.0, 2.0, 2.0, 1.0, 1.0, 2.0, 3.0, 2.0, 1.0, 2.0, 1.0, 1.0, 1.0, 3.0, 3.0, 1.0, 3.0, 3.0, 1.0, 1.0, 1.0, 3.0, 1.0, 3.0, 1.0, 1.0], [2.0, 2.0, 3.0, 1.0, 3.0, 1.0, 1.0, 1.0, 2.0, 3.0, 1.0, 3.0, 1.0, 1.0, 1.0, 1.0, 1.0, 1.0, 2.0, 1.0, 2.0, 2.0, 3.0, 2.0, 1.0, 2.0, 1.0, 1.0, 1.0, 2.0, 3.0, 1.0, 3.0, 3.0, 1.0, 1.0, 1.0, 2.0, 1.0, 3.0, 1.0, 1.0], [2.0, 3.0, 1.0, 1.0, 3.0, 3.0, 1.0, 1.0, 1.0, 3.0, 2.0, 2.0, 1.0, 1.0, 1.0, 1.0, 1.0, 2.0, 2.0, 1.0, 1.0, 2.0, 3.0, 2.0, 1.0, 2.0, 1.0, 1.0, 1.0, 3.0, 3.0, 1.0, 3.0, 3.0, 1.0, 1.0, 1.0, 2.0, 1.0, 3.0, 1.0, 1.0], [2.0, 2.0, 3.0, 1.0, 3.0, 3.0, 2.0, 1.0, 2.0, 3.0, 2.0, 3.0, 1.0, 1.0, 1.0, 1.0, 1.0, 2.0, 2.0, 1.0, 1.0, 2.0, 3.0, 1.0, 1.0, 2.0, 1.0, 1.0, 1.0, 2.0, 2.0, 1.0, 3.0, 3.0, 1.0, 1.0, 1.0, 3.0, 1.0, 3.0, 1.0, 1.0], [2.0, 3.0, 3.0, 1.0, 3.0, 3.0, 1.0, 1.0, 2.0, 3.0, 1.0, 2.0, 1.0, 2.0, 1.0, 1.0, 1.0, 1.0, 2.0, 1.0, 2.0, 2.0, 3.0, 2.0, 1.0, 2.0, 1.0, 1.0, 1.0, 3.0, 2.0, 1.0, 2.0, 3.0, 1.0, 1.0, 1.0, 3.0, 1.0, 3.0, 1.0, 1.0], [2.0, 2.0, 3.0, 1.0, 3.0, 2.0, 1.0, 1.0, 2.0, 3.0, 2.0, 3.0, 1.0, 1.0, 1.0, 1.0, 2.0, 2.0, 2.0, 1.0, 1.0, 2.0, 3.0, 2.0, 1.0, 2.0, 1.0, 1.0, 1.0, 2.0, 2.0, 1.0, 3.0, 3.0, 1.0, 1.0, 1.0, 2.0, 1.0, 3.0, 1.0, 1.0], [2.0, 3.0, 3.0, 1.0, 3.0, 2.0, 1.0, 1.0, 1.0, 3.0, 2.0, 3.0, 1.0, 2.0, 1.0, 1.0, 1.0, 1.0, 2.0, 1.0, 2.0, 2.0, 3.0, 2.0, 1.0, 2.0, 1.0, 2.0, 1.0, 2.0, 3.0, 1.0, 3.0, 3.0, 1.0, 1.0, 1.0, 3.0, 1.0, 3.0, 1.0, 1.0], [2.0, 3.0, 3.0, 1.0, 1.0, 3.0, 1.0, 1.0, 2.0, 3.0, 1.0, 3.0, 1.0, 1.0, 1.0, 1.0, 1.0, 2.0, 2.0, 1.0, 2.0, 2.0, 3.0, 2.0, 1.0, 2.0, 1.0, 1.0, 1.0, 2.0, 3.0, 1.0, 3.0, 3.0, 1.0, 1.0, 1.0, 2.0, 1.0, 3.0, 1.0, 1.0], [2.0, 3.0, 3.0, 1.0, 1.0, 3.0, 1.0, 1.0, 2.0, 3.0, 2.0, 3.0, 1.0, 1.0, 1.0, 1.0, 1.0, 1.0, 2.0, 1.0, 1.0, 2.0, 3.0, 1.0, 1.0, 2.0, 1.0, 1.0, 1.0, 3.0, 3.0, 1.0, 2.0, 3.0, 1.0, 1.0, 1.0, 2.0, 1.0, 3.0, 2.0, 1.0], [2.0, 2.0, 3.0, 1.0, 3.0, 3.0, 1.0, 1.0, 2.0, 3.0, 1.0, 3.0, 1.0, 2.0, 1.0, 1.0, 1.0, 1.0, 1.0, 1.0, 2.0, 2.0, 3.0, 1.0, 1.0, 2.0, 1.0, 1.0, 1.0, 2.0, 2.0, 1.0, 3.0, 3.0, 1.0, 1.0, 1.0, 3.0, 1.0, 3.0, 1.0, 1.0], [2.0, 2.0, 3.0, 1.0, 3.0, 1.0, 1.0, 1.0, 2.0, 3.0, 2.0, 3.0, 1.0, 1.0, 1.0, 1.0, 1.0, 1.0, 1.0, 1.0, 1.0, 2.0, 3.0, 2.0, 1.0, 2.0, 1.0, 1.0, 1.0, 2.0, 3.0, 1.0, 3.0, 3.0, 1.0, 1.0, 1.0, 2.0, 1.0, 3.0, 1.0, 1.0], [2.0, 3.0, 3.0, 1.0, 3.0, 3.0, 1.0, 1.0, 1.0, 3.0, 2.0, 3.0, 1.0, 1.0, 1.0, 1.0, 1.0, 1.0, 2.0, 1.0, 2.0, 2.0, 3.0, 2.0, 1.0, 2.0, 1.0, 1.0, 1.0, 3.0, 2.0, 1.0, 3.0, 3.0, 1.0, 1.0, 1.0, 2.0, 1.0, 3.0, 1.0, 1.0], [2.0, 2.0, 1.0, 1.0, 3.0, 3.0, 1.0, 1.0, 2.0, 3.0, 2.0, 3.0, 1.0, 2.0, 1.0, 1.0, 1.0, 1.0, 1.0, 1.0, 1.0, 2.0, 3.0, 2.0, 1.0, 2.0, 1.0, 1.0, 1.0, 3.0, 3.0, 1.0, 2.0, 3.0, 1.0, 1.0, 1.0, 3.0, 1.0, 3.0, 1.0, 1.0], [2.0, 2.0, 3.0, 1.0, 3.0, 3.0, 1.0, 1.0, 2.0, 3.0, 1.0, 3.0, 1.0, 1.0, 1.0, 1.0, 1.0, 1.0, 2.0, 1.0, 2.0, 2.0, 3.0, 2.0, 1.0, 2.0, 1.0, 1.0, 1.0, 2.0, 3.0, 1.0, 3.0, 3.0, 1.0, 1.0, 1.0, 2.0, 1.0, 3.0, 1.0, 1.0], [2.0, 3.0, 3.0, 1.0, 3.0, 3.0, 1.0, 1.0, 1.0, 3.0, 2.0, 3.0, 1.0, 2.0, 1.0, 1.0, 1.0, 2.0, 2.0, 1.0, 1.0, 2.0, 3.0, 2.0, 1.0, 2.0, 1.0, 1.0, 1.0, 2.0, 3.0, 1.0, 3.0, 3.0, 1.0, 1.0, 1.0, 3.0, 1.0, 3.0, 1.0, 1.0], [2.0, 2.0, 3.0, 1.0, 3.0, 3.0, 1.0, 1.0, 2.0, 3.0, 2.0, 3.0, 1.0, 1.0, 1.0, 1.0, 1.0, 1.0, 1.0, 1.0, 1.0, 2.0, 3.0, 1.0, 1.0, 2.0, 1.0, 2.0, 1.0, 2.0, 2.0, 1.0, 3.0, 3.0, 1.0, 1.0, 1.0, 2.0, 1.0, 3.0, 1.0, 1.0], [2.0, 3.0, 3.0, 1.0, 3.0, 3.0, 1.0, 1.0, 1.0, 3.0, 2.0, 3.0, 1.0, 1.0, 1.0, 1.0, 1.0, 1.0, 2.0, 1.0, 1.0, 2.0, 3.0, 1.0, 1.0, 2.0, 1.0, 1.0, 1.0, 3.0, 2.0, 1.0, 3.0, 3.0, 1.0, 1.0, 1.0, 2.0, 1.0, 3.0, 1.0, 1.0], [2.0, 2.0, 3.0, 1.0, 3.0, 3.0, 1.0, 1.0, 2.0, 3.0, 2.0, 3.0, 1.0, 2.0, 1.0, 1.0, 1.0, 2.0, 1.0, 1.0, 2.0, 2.0, 3.0, 2.0, 1.0, 2.0, 2.0, 2.0, 1.0, 2.0, 2.0, 1.0, 3.0, 3.0, 1.0, 1.0, 1.0, 3.0, 1.0, 3.0, 1.0, 1.0], [2.0, 2.0, 3.0, 1.0, 3.0, 3.0, 1.0, 1.0, 2.0, 3.0, 1.0, 3.0, 1.0, 1.0, 1.0, 1.0, 1.0, 2.0, 2.0, 1.0, 2.0, 2.0, 3.0, 2.0, 1.0, 2.0, 1.0, 2.0, 1.0, 3.0, 3.0, 1.0, 3.0, 3.0, 1.0, 1.0, 1.0, 2.0, 1.0, 3.0, 1.0, 1.0], [2.0, 2.0, 3.0, 1.0, 3.0, 3.0, 2.0, 1.0, 2.0, 3.0, 1.0, 3.0, 1.0, 3.0, 1.0, 1.0, 1.0, 2.0, 1.0, 1.0, 2.0, 2.0, 3.0, 2.0, 1.0, 2.0, 1.0, 1.0, 1.0, 3.0, 3.0, 1.0, 2.0, 3.0, 1.0, 1.0, 1.0, 2.0, 2.0, 3.0, 1.0, 1.0], [2.0, 2.0, 2.0, 1.0, 1.0, 3.0, 1.0, 1.0, 2.0, 3.0, 2.0, 3.0, 1.0, 1.0, 1.0, 1.0, 2.0, 1.0, 2.0, 1.0, 2.0, 2.0, 3.0, 2.0, 1.0, 2.0, 1.0, 2.0, 1.0, 3.0, 3.0, 1.0, 2.0, 3.0, 1.0, 1.0, 1.0, 3.0, 1.0, 3.0, 1.0, 1.0], [2.0, 3.0, 3.0, 1.0, 3.0, 3.0, 1.0, 1.0, 2.0, 3.0, 2.0, 3.0, 1.0, 2.0, 1.0, 1.0, 1.0, 2.0, 1.0, 1.0, 2.0, 2.0, 3.0, 2.0, 1.0, 2.0, 1.0, 1.0, 1.0, 2.0, 3.0, 1.0, 3.0, 3.0, 1.0, 1.0, 1.0, 2.0, 1.0, 3.0, 2.0, 1.0], [2.0, 3.0, 3.0, 1.0, 1.0, 3.0, 1.0, 1.0, 2.0, 3.0, 2.0, 3.0, 1.0, 2.0, 1.0, 1.0, 1.0, 2.0, 2.0, 1.0, 2.0, 2.0, 3.0, 1.0, 1.0, 2.0, 1.0, 2.0, 1.0, 3.0, 2.0, 1.0, 3.0, 3.0, 1.0, 1.0, 1.0, 2.0, 1.0, 3.0, 1.0, 1.0], [2.0, 2.0, 3.0, 1.0, 3.0, 2.0, 1.0, 1.0, 2.0, 3.0, 2.0, 3.0, 1.0, 1.0, 1.0, 1.0, 1.0, 1.0, 1.0, 1.0, 2.0, 2.0, 3.0, 2.0, 1.0, 2.0, 1.0, 1.0, 1.0, 3.0, 3.0, 1.0, 3.0, 3.0, 1.0, 1.0, 1.0, 3.0, 1.0, 3.0, 1.0, 1.0], [2.0, 2.0, 3.0, 1.0, 3.0, 3.0, 1.0, 1.0, 1.0, 3.0, 2.0, 3.0, 1.0, 2.0, 1.0, 1.0, 1.0, 2.0, 1.0, 1.0, 2.0, 2.0, 3.0, 2.0, 1.0, 2.0, 1.0, 1.0, 1.0, 3.0, 3.0, 1.0, 3.0, 3.0, 1.0, 1.0, 1.0, 2.0, 1.0, 3.0, 1.0, 1.0], [2.0, 3.0, 3.0, 1.0, 3.0, 3.0, 1.0, 1.0, 2.0, 3.0, 1.0, 3.0, 1.0, 1.0, 1.0, 1.0, 1.0, 2.0, 1.0, 1.0, 2.0, 2.0, 3.0, 2.0, 1.0, 2.0, 1.0, 1.0, 1.0, 3.0, 3.0, 1.0, 3.0, 3.0, 1.0, 1.0, 1.0, 3.0, 1.0, 3.0, 1.0, 1.0], [2.0, 3.0, 3.0, 1.0, 3.0, 3.0, 1.0, 1.0, 2.0, 3.0, 2.0, 3.0, 1.0, 1.0, 1.0, 1.0, 1.0, 2.0, 1.0, 1.0, 2.0, 2.0, 3.0, 2.0, 1.0, 2.0, 1.0, 1.0, 1.0, 2.0, 2.0, 1.0, 3.0, 3.0, 1.0, 1.0, 1.0, 3.0, 1.0, 3.0, 1.0, 1.0], [2.0, 3.0, 3.0, 1.0, 3.0, 3.0, 1.0, 1.0, 2.0, 3.0, 1.0, 3.0, 1.0, 1.0, 1.0, 1.0, 1.0, 2.0, 2.0, 1.0, 2.0, 2.0, 3.0, 2.0, 1.0, 2.0, 1.0, 2.0, 1.0, 3.0, 3.0, 1.0, 3.0, 3.0, 1.0, 1.0, 1.0, 3.0, 1.0, 3.0, 1.0, 1.0], [2.0, 3.0, 3.0, 1.0, 3.0, 3.0, 1.0, 1.0, 1.0, 3.0, 2.0, 3.0, 1.0, 2.0, 1.0, 1.0, 1.0, 1.0, 1.0, 1.0, 2.0, 2.0, 3.0, 2.0, 1.0, 2.0, 1.0, 1.0, 1.0, 2.0, 3.0, 1.0, 2.0, 3.0, 1.0, 1.0, 1.0, 2.0, 1.0, 3.0, 1.0, 1.0], [2.0, 2.0, 3.0, 1.0, 3.0, 3.0, 1.0, 1.0, 2.0, 3.0, 2.0, 3.0, 1.0, 2.0, 1.0, 1.0, 1.0, 2.0, 2.0, 1.0, 2.0, 2.0, 3.0, 2.0, 1.0, 2.0, 1.0, 2.0, 1.0, 3.0, 2.0, 1.0, 3.0, 3.0, 1.0, 1.0, 1.0, 2.0, 1.0, 3.0, 1.0, 1.0], [2.0, 2.0, 3.0, 1.0, 3.0, 3.0, 1.0, 1.0, 2.0, 3.0, 1.0, 3.0, 1.0, 1.0, 1.0, 1.0, 1.0, 1.0, 1.0, 1.0, 2.0, 2.0, 3.0, 2.0, 1.0, 2.0, 1.0, 1.0, 1.0, 3.0, 2.0, 1.0, 2.0, 3.0, 1.0, 1.0, 1.0, 2.0, 1.0, 3.0, 2.0, 1.0], [2.0, 3.0, 3.0, 1.0, 3.0, 2.0, 1.0, 1.0, 2.0, 3.0, 1.0, 3.0, 1.0, 1.0, 1.0, 1.0, 1.0, 1.0, 1.0, 1.0, 1.0, 2.0, 3.0, 1.0, 1.0, 2.0, 1.0, 1.0, 1.0, 3.0, 2.0, 1.0, 3.0, 3.0, 1.0, 1.0, 1.0, 2.0, 1.0, 3.0, 2.0, 1.0], [2.0, 2.0, 3.0, 1.0, 3.0, 3.0, 1.0, 1.0, 2.0, 3.0, 2.0, 3.0, 1.0, 2.0, 1.0, 1.0, 1.0, 2.0, 2.0, 1.0, 2.0, 2.0, 3.0, 2.0, 1.0, 2.0, 1.0, 1.0, 1.0, 2.0, 2.0, 1.0, 3.0, 3.0, 1.0, 1.0, 1.0, 2.0, 1.0, 3.0, 1.0, 1.0], [2.0, 2.0, 3.0, 1.0, 3.0, 2.0, 1.0, 1.0, 2.0, 3.0, 1.0, 3.0, 1.0, 1.0, 1.0, 1.0, 1.0, 2.0, 2.0, 1.0, 1.0, 2.0, 3.0, 2.0, 1.0, 2.0, 1.0, 2.0, 1.0, 2.0, 3.0, 1.0, 3.0, 3.0, 1.0, 1.0, 1.0, 3.0, 1.0, 3.0, 1.0, 1.0], [2.0, 3.0, 3.0, 1.0, 3.0, 3.0, 1.0, 1.0, 1.0, 3.0, 1.0, 3.0, 1.0, 2.0, 1.0, 1.0, 1.0, 1.0, 2.0, 1.0, 2.0, 2.0, 3.0, 2.0, 1.0, 2.0, 1.0, 1.0, 1.0, 2.0, 2.0, 1.0, 3.0, 3.0, 1.0, 1.0, 1.0, 3.0, 1.0, 3.0, 1.0, 1.0], [2.0, 3.0, 3.0, 1.0, 3.0, 3.0, 1.0, 1.0, 2.0, 3.0, 1.0, 3.0, 1.0, 1.0, 1.0, 1.0, 1.0, 1.0, 2.0, 1.0, 2.0, 2.0, 3.0, 2.0, 1.0, 2.0, 1.0, 1.0, 1.0, 2.0, 3.0, 1.0, 3.0, 3.0, 1.0, 1.0, 1.0, 3.0, 1.0, 3.0, 2.0, 1.0], [2.0, 2.0, 3.0, 1.0, 3.0, 3.0, 1.0, 1.0, 2.0, 3.0, 2.0, 3.0, 1.0, 1.0, 1.0, 1.0, 1.0, 2.0, 1.0, 1.0, 1.0, 2.0, 3.0, 2.0, 1.0, 2.0, 1.0, 1.0, 1.0, 2.0, 2.0, 1.0, 3.0, 3.0, 1.0, 1.0, 1.0, 2.0, 1.0, 3.0, 1.0, 1.0], [2.0, 2.0, 3.0, 1.0, 3.0, 3.0, 1.0, 1.0, 2.0, 3.0, 1.0, 3.0, 1.0, 1.0, 1.0, 1.0, 1.0, 2.0, 2.0, 1.0, 2.0, 2.0, 3.0, 2.0, 1.0, 2.0, 1.0, 2.0, 1.0, 3.0, 2.0, 1.0, 3.0, 3.0, 1.0, 1.0, 2.0, 3.0, 1.0, 3.0, 1.0, 1.0], [2.0, 3.0, 3.0, 1.0, 2.0, 3.0, 1.0, 1.0, 1.0, 3.0, 2.0, 3.0, 1.0, 2.0, 1.0, 1.0, 1.0, 2.0, 2.0, 1.0, 2.0, 2.0, 3.0, 2.0, 1.0, 2.0, 1.0, 1.0, 1.0, 3.0, 2.0, 1.0, 2.0, 3.0, 1.0, 1.0, 1.0, 3.0, 1.0, 3.0, 2.0, 1.0], [2.0, 2.0, 3.0, 1.0, 3.0, 3.0, 1.0, 1.0, 1.0, 3.0, 2.0, 3.0, 1.0, 1.0, 1.0, 1.0, 1.0, 2.0, 2.0, 1.0, 2.0, 2.0, 3.0, 2.0, 1.0, 2.0, 1.0, 1.0, 1.0, 3.0, 3.0, 1.0, 3.0, 3.0, 1.0, 1.0, 1.0, 3.0, 1.0, 3.0, 1.0, 1.0], [2.0, 3.0, 3.0, 1.0, 3.0, 1.0, 1.0, 1.0, 1.0, 3.0, 1.0, 3.0, 1.0, 1.0, 1.0, 1.0, 1.0, 2.0, 1.0, 1.0, 1.0, 2.0, 3.0, 2.0, 1.0, 2.0, 2.0, 2.0, 1.0, 2.0, 2.0, 1.0, 2.0, 3.0, 1.0, 1.0, 1.0, 2.0, 1.0, 3.0, 1.0, 1.0], [2.0, 3.0, 3.0, 1.0, 3.0, 3.0, 1.0, 1.0, 2.0, 3.0, 1.0, 3.0, 1.0, 2.0, 1.0, 1.0, 1.0, 1.0, 1.0, 1.0, 2.0, 2.0, 3.0, 2.0, 1.0, 2.0, 1.0, 1.0, 1.0, 2.0, 3.0, 1.0, 3.0, 3.0, 1.0, 1.0, 1.0, 3.0, 1.0, 3.0, 1.0, 1.0], [2.0, 2.0, 3.0, 1.0, 3.0, 3.0, 1.0, 1.0, 2.0, 3.0, 2.0, 3.0, 1.0, 2.0, 1.0, 1.0, 1.0, 2.0, 2.0, 1.0, 2.0, 2.0, 3.0, 2.0, 1.0, 2.0, 1.0, 1.0, 1.0, 2.0, 3.0, 1.0, 3.0, 3.0, 1.0, 1.0, 1.0, 3.0, 2.0, 3.0, 2.0, 1.0], [2.0, 3.0, 3.0, 1.0, 3.0, 3.0, 1.0, 1.0, 2.0, 3.0, 2.0, 3.0, 1.0, 2.0, 1.0, 1.0, 1.0, 2.0, 2.0, 1.0, 2.0, 2.0, 3.0, 2.0, 1.0, 2.0, 1.0, 1.0, 1.0, 3.0, 3.0, 1.0, 3.0, 3.0, 1.0, 1.0, 1.0, 2.0, 1.0, 3.0, 2.0, 1.0], [2.0, 3.0, 3.0, 1.0, 3.0, 3.0, 1.0, 1.0, 2.0, 3.0, 1.0, 3.0, 1.0, 1.0, 1.0, 1.0, 1.0, 1.0, 2.0, 1.0, 1.0, 2.0, 3.0, 1.0, 1.0, 2.0, 1.0, 1.0, 1.0, 2.0, 2.0, 1.0, 3.0, 3.0, 1.0, 1.0, 1.0, 3.0, 1.0, 3.0, 1.0, 1.0], [2.0, 2.0, 3.0, 1.0, 3.0, 3.0, 1.0, 1.0, 2.0, 3.0, 1.0, 3.0, 1.0, 1.0, 1.0, 1.0, 1.0, 1.0, 1.0, 1.0, 1.0, 2.0, 3.0, 2.0, 1.0, 2.0, 1.0, 1.0, 1.0, 3.0, 2.0, 1.0, 3.0, 3.0, 1.0, 1.0, 1.0, 3.0, 1.0, 3.0, 1.0, 1.0], [2.0, 2.0, 3.0, 1.0, 3.0, 3.0, 1.0, 1.0, 2.0, 3.0, 1.0, 3.0, 1.0, 2.0, 1.0, 1.0, 1.0, 1.0, 2.0, 1.0, 1.0, 2.0, 3.0, 1.0, 1.0, 2.0, 1.0, 1.0, 1.0, 3.0, 2.0, 1.0, 3.0, 3.0, 1.0, 1.0, 1.0, 2.0, 1.0, 3.0, 1.0, 1.0]]

first layer check: Conv2d(9, 64, kernel_size=(7, 7), stride=(2, 2), padding=(3, 3), bias=False)

for model 2: mode acc: 0.6666666865348816, run mean acc: 0.6770833730697632, top-2 acc:0.9708333611488342, mode f1: 0.6666666865348816

model 2 mode preds
[2.0, 2.0, 3.0, 1.0, 3.0, 3.0, 1.0, 1.0, 1.0, 3.0, 1.0, 3.0, 0.0, 2.0, 1.0, 1.0, 1.0, 2.0, 2.0, 1.0, 1.0, 3.0, 3.0, 1.0, 2.0, 3.0, 1.0, 1.0, 1.0, 3.0, 3.0, 1.0, 3.0, 3.0, 0.0, 1.0, 1.0, 3.0, 1.0, 3.0, 2.0, 1.0]

model 2 all preds
[[2.0, 2.0, 2.0, 1.0, 3.0, 3.0, 1.0, 1.0, 2.0, 2.0, 2.0, 3.0, 0.0, 2.0, 1.0, 1.0, 1.0, 2.0, 2.0, 1.0, 2.0, 3.0, 3.0, 2.0, 1.0, 3.0, 1.0, 1.0, 1.0, 3.0, 2.0, 1.0, 3.0, 3.0, 0.0, 1.0, 1.0, 3.0, 1.0, 3.0, 2.0, 1.0], [2.0, 2.0, 3.0, 1.0, 3.0, 1.0, 1.0, 1.0, 2.0, 2.0, 2.0, 3.0, 0.0, 2.0, 1.0, 1.0, 1.0, 1.0, 1.0, 1.0, 1.0, 3.0, 3.0, 1.0, 1.0, 3.0, 2.0, 1.0, 1.0, 2.0, 3.0, 1.0, 3.0, 3.0, 0.0, 1.0, 1.0, 3.0, 1.0, 3.0, 1.0, 1.0], [2.0, 2.0, 3.0, 1.0, 3.0, 3.0, 1.0, 1.0, 1.0, 2.0, 1.0, 3.0, 0.0, 2.0, 1.0, 1.0, 1.0, 2.0, 1.0, 1.0, 1.0, 3.0, 3.0, 1.0, 2.0, 3.0, 2.0, 1.0, 1.0, 3.0, 3.0, 1.0, 3.0, 3.0, 0.0, 1.0, 1.0, 3.0, 1.0, 3.0, 2.0, 1.0], [2.0, 2.0, 3.0, 1.0, 3.0, 2.0, 1.0, 1.0, 1.0, 2.0, 1.0, 3.0, 0.0, 2.0, 1.0, 1.0, 1.0, 1.0, 2.0, 1.0, 1.0, 3.0, 3.0, 2.0, 1.0, 3.0, 1.0, 1.0, 1.0, 2.0, 3.0, 1.0, 3.0, 3.0, 0.0, 1.0, 1.0, 3.0, 1.0, 3.0, 2.0, 1.0], [2.0, 2.0, 3.0, 1.0, 3.0, 3.0, 1.0, 1.0, 2.0, 2.0, 1.0, 3.0, 0.0, 2.0, 1.0, 1.0, 1.0, 1.0, 1.0, 1.0, 2.0, 3.0, 3.0, 1.0, 1.0, 3.0, 1.0, 2.0, 1.0, 2.0, 3.0, 1.0, 3.0, 3.0, 0.0, 1.0, 1.0, 3.0, 1.0, 3.0, 2.0, 1.0], [3.0, 2.0, 3.0, 1.0, 3.0, 3.0, 1.0, 1.0, 1.0, 2.0, 1.0, 3.0, 0.0, 2.0, 2.0, 1.0, 1.0, 1.0, 2.0, 1.0, 2.0, 3.0, 3.0, 1.0, 1.0, 3.0, 1.0, 2.0, 1.0, 2.0, 2.0, 1.0, 2.0, 3.0, 0.0, 1.0, 1.0, 3.0, 1.0, 3.0, 2.0, 1.0], [3.0, 3.0, 3.0, 1.0, 3.0, 3.0, 1.0, 1.0, 2.0, 3.0, 1.0, 3.0, 0.0, 2.0, 1.0, 1.0, 1.0, 2.0, 1.0, 1.0, 2.0, 3.0, 3.0, 1.0, 1.0, 3.0, 2.0, 1.0, 1.0, 3.0, 3.0, 1.0, 3.0, 3.0, 0.0, 1.0, 1.0, 3.0, 1.0, 3.0, 2.0, 1.0], [3.0, 3.0, 3.0, 1.0, 3.0, 3.0, 1.0, 1.0, 2.0, 2.0, 1.0, 3.0, 0.0, 2.0, 1.0, 1.0, 1.0, 2.0, 1.0, 1.0, 1.0, 3.0, 3.0, 1.0, 1.0, 3.0, 1.0, 2.0, 1.0, 3.0, 3.0, 1.0, 3.0, 3.0, 0.0, 1.0, 2.0, 2.0, 1.0, 3.0, 2.0, 1.0], [3.0, 2.0, 3.0, 1.0, 3.0, 2.0, 1.0, 1.0, 1.0, 3.0, 1.0, 3.0, 0.0, 2.0, 1.0, 1.0, 1.0, 1.0, 1.0, 1.0, 2.0, 3.0, 3.0, 1.0, 1.0, 3.0, 1.0, 2.0, 1.0, 2.0, 3.0, 1.0, 3.0, 3.0, 0.0, 1.0, 1.0, 3.0, 1.0, 3.0, 2.0, 1.0], [3.0, 2.0, 3.0, 1.0, 3.0, 3.0, 1.0, 1.0, 2.0, 3.0, 1.0, 3.0, 0.0, 2.0, 1.0, 1.0, 1.0, 2.0, 2.0, 1.0, 2.0, 3.0, 3.0, 1.0, 1.0, 3.0, 2.0, 2.0, 1.0, 3.0, 2.0, 1.0, 3.0, 3.0, 0.0, 1.0, 1.0, 3.0, 1.0, 3.0, 2.0, 1.0], [3.0, 2.0, 3.0, 1.0, 3.0, 3.0, 1.0, 1.0, 2.0, 3.0, 1.0, 3.0, 0.0, 3.0, 1.0, 1.0, 1.0, 2.0, 1.0, 1.0, 2.0, 3.0, 3.0, 1.0, 2.0, 3.0, 2.0, 2.0, 1.0, 2.0, 2.0, 1.0, 3.0, 3.0, 0.0, 1.0, 1.0, 3.0, 1.0, 3.0, 1.0, 1.0], [2.0, 2.0, 3.0, 1.0, 3.0, 3.0, 1.0, 1.0, 2.0, 3.0, 2.0, 3.0, 0.0, 3.0, 1.0, 1.0, 1.0, 1.0, 1.0, 1.0, 2.0, 3.0, 3.0, 2.0, 2.0, 3.0, 2.0, 1.0, 1.0, 2.0, 3.0, 1.0, 3.0, 3.0, 0.0, 1.0, 1.0, 3.0, 1.0, 3.0, 1.0, 1.0], [3.0, 2.0, 3.0, 1.0, 3.0, 3.0, 1.0, 1.0, 1.0, 3.0, 1.0, 3.0, 0.0, 2.0, 2.0, 1.0, 1.0, 2.0, 1.0, 1.0, 1.0, 3.0, 3.0, 2.0, 1.0, 3.0, 1.0, 2.0, 1.0, 2.0, 3.0, 1.0, 3.0, 3.0, 0.0, 1.0, 2.0, 3.0, 1.0, 3.0, 2.0, 1.0], [3.0, 2.0, 3.0, 1.0, 3.0, 2.0, 1.0, 1.0, 1.0, 3.0, 2.0, 3.0, 0.0, 3.0, 1.0, 1.0, 1.0, 1.0, 1.0, 1.0, 1.0, 3.0, 3.0, 2.0, 2.0, 3.0, 1.0, 2.0, 1.0, 3.0, 3.0, 1.0, 3.0, 3.0, 0.0, 1.0, 1.0, 2.0, 1.0, 3.0, 1.0, 1.0], [3.0, 2.0, 3.0, 1.0, 3.0, 3.0, 1.0, 1.0, 1.0, 3.0, 2.0, 2.0, 0.0, 2.0, 1.0, 1.0, 2.0, 1.0, 1.0, 1.0, 1.0, 3.0, 3.0, 1.0, 2.0, 3.0, 2.0, 2.0, 1.0, 2.0, 2.0, 1.0, 3.0, 3.0, 0.0, 1.0, 2.0, 3.0, 1.0, 3.0, 2.0, 1.0], [2.0, 2.0, 3.0, 1.0, 3.0, 3.0, 1.0, 1.0, 1.0, 3.0, 2.0, 3.0, 0.0, 2.0, 1.0, 1.0, 1.0, 2.0, 1.0, 1.0, 1.0, 3.0, 3.0, 2.0, 2.0, 3.0, 2.0, 1.0, 1.0, 2.0, 3.0, 1.0, 3.0, 3.0, 0.0, 1.0, 2.0, 3.0, 1.0, 3.0, 2.0, 1.0], [2.0, 2.0, 3.0, 1.0, 3.0, 3.0, 1.0, 1.0, 2.0, 3.0, 1.0, 3.0, 0.0, 2.0, 1.0, 1.0, 1.0, 2.0, 1.0, 1.0, 1.0, 3.0, 3.0, 2.0, 1.0, 3.0, 1.0, 1.0, 1.0, 3.0, 2.0, 1.0, 3.0, 3.0, 0.0, 1.0, 1.0, 3.0, 1.0, 3.0, 2.0, 1.0], [3.0, 2.0, 3.0, 1.0, 3.0, 3.0, 1.0, 1.0, 2.0, 3.0, 2.0, 3.0, 0.0, 2.0, 1.0, 1.0, 1.0, 2.0, 1.0, 1.0, 1.0, 3.0, 3.0, 2.0, 2.0, 3.0, 1.0, 1.0, 1.0, 3.0, 2.0, 1.0, 3.0, 3.0, 0.0, 1.0, 1.0, 2.0, 1.0, 3.0, 2.0, 1.0], [3.0, 2.0, 2.0, 1.0, 3.0, 3.0, 1.0, 1.0, 2.0, 3.0, 2.0, 3.0, 0.0, 2.0, 1.0, 1.0, 1.0, 1.0, 2.0, 1.0, 1.0, 3.0, 3.0, 2.0, 1.0, 3.0, 1.0, 1.0, 1.0, 2.0, 2.0, 1.0, 3.0, 3.0, 0.0, 1.0, 1.0, 3.0, 1.0, 3.0, 2.0, 1.0], [2.0, 2.0, 3.0, 1.0, 3.0, 3.0, 1.0, 1.0, 2.0, 2.0, 2.0, 2.0, 0.0, 2.0, 1.0, 1.0, 1.0, 2.0, 2.0, 1.0, 1.0, 3.0, 3.0, 2.0, 2.0, 3.0, 2.0, 2.0, 1.0, 3.0, 2.0, 1.0, 3.0, 3.0, 0.0, 1.0, 2.0, 3.0, 1.0, 3.0, 1.0, 1.0], [3.0, 2.0, 3.0, 1.0, 3.0, 3.0, 1.0, 1.0, 2.0, 3.0, 2.0, 3.0, 0.0, 2.0, 1.0, 1.0, 1.0, 1.0, 2.0, 1.0, 1.0, 3.0, 3.0, 2.0, 2.0, 3.0, 1.0, 1.0, 1.0, 2.0, 2.0, 1.0, 3.0, 3.0, 0.0, 1.0, 1.0, 2.0, 1.0, 3.0, 1.0, 1.0], [2.0, 2.0, 3.0, 1.0, 3.0, 3.0, 1.0, 1.0, 1.0, 3.0, 1.0, 2.0, 0.0, 2.0, 1.0, 1.0, 1.0, 2.0, 2.0, 1.0, 2.0, 3.0, 3.0, 1.0, 2.0, 3.0, 1.0, 1.0, 1.0, 3.0, 3.0, 1.0, 3.0, 3.0, 0.0, 1.0, 1.0, 3.0, 1.0, 3.0, 2.0, 1.0], [3.0, 2.0, 2.0, 1.0, 3.0, 3.0, 1.0, 1.0, 1.0, 3.0, 2.0, 3.0, 0.0, 3.0, 1.0, 1.0, 1.0, 2.0, 2.0, 1.0, 2.0, 3.0, 3.0, 1.0, 1.0, 3.0, 1.0, 1.0, 1.0, 3.0, 3.0, 1.0, 3.0, 3.0, 0.0, 1.0, 2.0, 3.0, 1.0, 3.0, 1.0, 1.0], [2.0, 3.0, 3.0, 1.0, 3.0, 3.0, 1.0, 1.0, 1.0, 3.0, 1.0, 3.0, 0.0, 3.0, 1.0, 1.0, 1.0, 2.0, 2.0, 1.0, 1.0, 3.0, 3.0, 1.0, 2.0, 3.0, 2.0, 1.0, 1.0, 3.0, 3.0, 1.0, 3.0, 3.0, 0.0, 1.0, 1.0, 3.0, 1.0, 3.0, 2.0, 1.0], [2.0, 1.0, 2.0, 1.0, 3.0, 3.0, 1.0, 1.0, 1.0, 2.0, 2.0, 3.0, 0.0, 2.0, 1.0, 1.0, 1.0, 2.0, 2.0, 1.0, 1.0, 3.0, 3.0, 2.0, 2.0, 3.0, 1.0, 1.0, 1.0, 3.0, 3.0, 1.0, 3.0, 3.0, 0.0, 1.0, 1.0, 3.0, 1.0, 3.0, 2.0, 1.0], [2.0, 3.0, 3.0, 1.0, 3.0, 2.0, 1.0, 1.0, 1.0, 3.0, 1.0, 3.0, 0.0, 3.0, 1.0, 1.0, 1.0, 1.0, 2.0, 1.0, 1.0, 3.0, 3.0, 1.0, 1.0, 3.0, 1.0, 2.0, 1.0, 2.0, 3.0, 1.0, 3.0, 3.0, 0.0, 1.0, 1.0, 3.0, 1.0, 3.0, 2.0, 1.0], [3.0, 3.0, 3.0, 1.0, 3.0, 2.0, 1.0, 1.0, 2.0, 3.0, 2.0, 3.0, 0.0, 3.0, 1.0, 1.0, 1.0, 2.0, 2.0, 1.0, 2.0, 3.0, 3.0, 1.0, 2.0, 3.0, 2.0, 1.0, 1.0, 2.0, 2.0, 1.0, 3.0, 3.0, 0.0, 1.0, 1.0, 3.0, 1.0, 3.0, 2.0, 1.0], [2.0, 3.0, 3.0, 1.0, 2.0, 2.0, 1.0, 1.0, 1.0, 3.0, 1.0, 3.0, 0.0, 2.0, 1.0, 1.0, 1.0, 1.0, 1.0, 1.0, 2.0, 3.0, 3.0, 1.0, 1.0, 3.0, 2.0, 2.0, 1.0, 3.0, 3.0, 1.0, 3.0, 3.0, 0.0, 1.0, 1.0, 3.0, 1.0, 3.0, 1.0, 1.0], [3.0, 3.0, 3.0, 1.0, 3.0, 3.0, 1.0, 1.0, 1.0, 3.0, 2.0, 3.0, 0.0, 2.0, 1.0, 1.0, 1.0, 1.0, 1.0, 1.0, 2.0, 3.0, 3.0, 2.0, 1.0, 3.0, 1.0, 2.0, 1.0, 2.0, 2.0, 1.0, 3.0, 3.0, 0.0, 1.0, 1.0, 3.0, 1.0, 2.0, 1.0, 1.0], [2.0, 2.0, 3.0, 1.0, 3.0, 1.0, 1.0, 1.0, 1.0, 2.0, 1.0, 3.0, 0.0, 2.0, 1.0, 1.0, 1.0, 2.0, 2.0, 1.0, 2.0, 3.0, 3.0, 1.0, 2.0, 3.0, 1.0, 2.0, 1.0, 3.0, 2.0, 1.0, 3.0, 3.0, 0.0, 1.0, 2.0, 3.0, 1.0, 3.0, 2.0, 1.0], [2.0, 2.0, 3.0, 1.0, 2.0, 3.0, 1.0, 1.0, 2.0, 3.0, 1.0, 3.0, 0.0, 3.0, 1.0, 1.0, 1.0, 2.0, 2.0, 1.0, 1.0, 3.0, 3.0, 1.0, 1.0, 3.0, 1.0, 1.0, 1.0, 3.0, 2.0, 1.0, 3.0, 3.0, 0.0, 1.0, 2.0, 3.0, 1.0, 3.0, 2.0, 1.0], [3.0, 2.0, 3.0, 1.0, 3.0, 3.0, 1.0, 1.0, 1.0, 2.0, 1.0, 3.0, 0.0, 3.0, 1.0, 1.0, 1.0, 1.0, 2.0, 1.0, 1.0, 3.0, 3.0, 2.0, 2.0, 3.0, 1.0, 2.0, 1.0, 2.0, 3.0, 1.0, 3.0, 3.0, 0.0, 1.0, 2.0, 3.0, 1.0, 3.0, 1.0, 1.0], [3.0, 2.0, 3.0, 1.0, 3.0, 1.0, 1.0, 1.0, 1.0, 3.0, 2.0, 3.0, 0.0, 3.0, 1.0, 1.0, 1.0, 1.0, 2.0, 1.0, 1.0, 3.0, 3.0, 1.0, 1.0, 3.0, 2.0, 2.0, 1.0, 3.0, 2.0, 1.0, 3.0, 3.0, 0.0, 1.0, 1.0, 3.0, 1.0, 3.0, 2.0, 1.0], [3.0, 2.0, 2.0, 1.0, 3.0, 3.0, 1.0, 1.0, 1.0, 3.0, 1.0, 3.0, 0.0, 2.0, 1.0, 1.0, 1.0, 2.0, 2.0, 1.0, 1.0, 3.0, 3.0, 1.0, 2.0, 3.0, 1.0, 2.0, 1.0, 3.0, 3.0, 1.0, 3.0, 3.0, 0.0, 1.0, 1.0, 2.0, 1.0, 3.0, 2.0, 1.0], [2.0, 3.0, 3.0, 1.0, 3.0, 2.0, 1.0, 1.0, 2.0, 3.0, 1.0, 3.0, 0.0, 2.0, 1.0, 1.0, 1.0, 1.0, 2.0, 1.0, 1.0, 3.0, 3.0, 2.0, 2.0, 3.0, 1.0, 2.0, 1.0, 3.0, 3.0, 1.0, 3.0, 3.0, 0.0, 1.0, 1.0, 3.0, 1.0, 3.0, 1.0, 1.0], [3.0, 3.0, 3.0, 1.0, 3.0, 3.0, 1.0, 1.0, 1.0, 3.0, 2.0, 3.0, 0.0, 3.0, 1.0, 1.0, 1.0, 2.0, 2.0, 1.0, 2.0, 3.0, 3.0, 2.0, 2.0, 3.0, 2.0, 1.0, 1.0, 3.0, 3.0, 1.0, 3.0, 3.0, 0.0, 1.0, 1.0, 2.0, 1.0, 3.0, 1.0, 1.0], [3.0, 2.0, 3.0, 1.0, 3.0, 3.0, 1.0, 1.0, 1.0, 3.0, 2.0, 3.0, 0.0, 3.0, 1.0, 1.0, 1.0, 2.0, 2.0, 1.0, 2.0, 3.0, 3.0, 2.0, 1.0, 3.0, 1.0, 1.0, 1.0, 2.0, 3.0, 1.0, 3.0, 3.0, 0.0, 1.0, 2.0, 3.0, 1.0, 3.0, 2.0, 1.0], [2.0, 3.0, 2.0, 1.0, 3.0, 3.0, 1.0, 1.0, 1.0, 2.0, 1.0, 3.0, 0.0, 3.0, 1.0, 1.0, 1.0, 1.0, 2.0, 1.0, 2.0, 3.0, 3.0, 1.0, 1.0, 3.0, 2.0, 2.0, 1.0, 2.0, 3.0, 1.0, 3.0, 3.0, 0.0, 1.0, 2.0, 3.0, 2.0, 3.0, 2.0, 1.0], [2.0, 3.0, 3.0, 1.0, 3.0, 2.0, 1.0, 1.0, 2.0, 3.0, 1.0, 3.0, 0.0, 2.0, 1.0, 1.0, 1.0, 2.0, 2.0, 1.0, 2.0, 3.0, 3.0, 2.0, 1.0, 3.0, 2.0, 2.0, 1.0, 2.0, 2.0, 1.0, 3.0, 3.0, 0.0, 1.0, 2.0, 3.0, 1.0, 3.0, 2.0, 1.0], [3.0, 2.0, 3.0, 1.0, 3.0, 3.0, 1.0, 1.0, 2.0, 3.0, 2.0, 3.0, 0.0, 2.0, 1.0, 1.0, 1.0, 2.0, 1.0, 1.0, 2.0, 3.0, 3.0, 2.0, 1.0, 3.0, 2.0, 2.0, 1.0, 2.0, 3.0, 1.0, 3.0, 3.0, 0.0, 1.0, 1.0, 3.0, 1.0, 3.0, 2.0, 1.0], [2.0, 2.0, 3.0, 1.0, 3.0, 2.0, 1.0, 1.0, 1.0, 3.0, 1.0, 3.0, 0.0, 3.0, 1.0, 1.0, 1.0, 2.0, 2.0, 1.0, 1.0, 3.0, 3.0, 2.0, 2.0, 3.0, 1.0, 1.0, 1.0, 3.0, 3.0, 1.0, 3.0, 3.0, 0.0, 1.0, 1.0, 3.0, 2.0, 3.0, 2.0, 1.0], [2.0, 2.0, 3.0, 1.0, 3.0, 3.0, 1.0, 1.0, 1.0, 2.0, 1.0, 3.0, 0.0, 3.0, 1.0, 1.0, 1.0, 2.0, 2.0, 1.0, 1.0, 3.0, 3.0, 1.0, 2.0, 3.0, 1.0, 2.0, 1.0, 3.0, 3.0, 1.0, 3.0, 3.0, 0.0, 1.0, 1.0, 3.0, 1.0, 3.0, 2.0, 1.0], [3.0, 2.0, 3.0, 2.0, 3.0, 3.0, 1.0, 1.0, 2.0, 3.0, 2.0, 3.0, 0.0, 2.0, 1.0, 1.0, 1.0, 1.0, 1.0, 1.0, 2.0, 3.0, 3.0, 1.0, 2.0, 3.0, 1.0, 2.0, 1.0, 3.0, 3.0, 1.0, 3.0, 3.0, 0.0, 1.0, 2.0, 3.0, 1.0, 3.0, 2.0, 1.0], [3.0, 3.0, 3.0, 1.0, 2.0, 3.0, 1.0, 1.0, 2.0, 3.0, 2.0, 3.0, 0.0, 2.0, 2.0, 1.0, 1.0, 2.0, 1.0, 1.0, 2.0, 3.0, 3.0, 1.0, 1.0, 3.0, 2.0, 1.0, 1.0, 3.0, 3.0, 1.0, 3.0, 3.0, 0.0, 1.0, 1.0, 2.0, 1.0, 3.0, 1.0, 1.0], [2.0, 3.0, 3.0, 1.0, 3.0, 2.0, 1.0, 1.0, 1.0, 2.0, 2.0, 3.0, 0.0, 2.0, 1.0, 1.0, 1.0, 2.0, 2.0, 1.0, 2.0, 3.0, 3.0, 2.0, 1.0, 3.0, 1.0, 1.0, 1.0, 3.0, 2.0, 1.0, 3.0, 3.0, 0.0, 1.0, 1.0, 3.0, 1.0, 3.0, 2.0, 1.0], [2.0, 2.0, 3.0, 1.0, 3.0, 3.0, 1.0, 1.0, 2.0, 3.0, 1.0, 3.0, 0.0, 2.0, 1.0, 1.0, 1.0, 2.0, 1.0, 1.0, 1.0, 3.0, 3.0, 1.0, 2.0, 3.0, 2.0, 2.0, 1.0, 3.0, 3.0, 1.0, 3.0, 3.0, 0.0, 1.0, 2.0, 3.0, 1.0, 3.0, 2.0, 1.0], [3.0, 2.0, 3.0, 1.0, 3.0, 3.0, 1.0, 1.0, 1.0, 2.0, 2.0, 3.0, 0.0, 3.0, 1.0, 1.0, 1.0, 1.0, 1.0, 1.0, 1.0, 3.0, 3.0, 2.0, 2.0, 3.0, 1.0, 2.0, 1.0, 3.0, 3.0, 1.0, 3.0, 3.0, 0.0, 1.0, 1.0, 3.0, 1.0, 3.0, 1.0, 1.0], [2.0, 2.0, 3.0, 1.0, 3.0, 3.0, 1.0, 1.0, 2.0, 3.0, 1.0, 3.0, 0.0, 2.0, 1.0, 1.0, 1.0, 2.0, 1.0, 1.0, 2.0, 3.0, 3.0, 1.0, 2.0, 3.0, 2.0, 1.0, 1.0, 2.0, 3.0, 1.0, 3.0, 3.0, 0.0, 1.0, 1.0, 3.0, 1.0, 3.0, 2.0, 1.0], [2.0, 2.0, 3.0, 1.0, 3.0, 3.0, 1.0, 1.0, 2.0, 3.0, 1.0, 3.0, 0.0, 2.0, 1.0, 1.0, 1.0, 1.0, 2.0, 1.0, 1.0, 3.0, 3.0, 2.0, 2.0, 3.0, 1.0, 1.0, 1.0, 2.0, 3.0, 1.0, 3.0, 3.0, 0.0, 1.0, 2.0, 3.0, 1.0, 2.0, 2.0, 1.0], [3.0, 2.0, 3.0, 1.0, 3.0, 2.0, 1.0, 1.0, 2.0, 3.0, 1.0, 3.0, 0.0, 2.0, 1.0, 1.0, 1.0, 2.0, 1.0, 1.0, 1.0, 3.0, 3.0, 1.0, 2.0, 3.0, 2.0, 1.0, 1.0, 3.0, 2.0, 1.0, 3.0, 3.0, 0.0, 1.0, 2.0, 2.0, 1.0, 3.0, 2.0, 1.0]]

first layer check: Conv2d(9, 64, kernel_size=(7, 7), stride=(2, 2), padding=(3, 3), bias=False)

for model 3: mode acc: 0.7142857313156128, run mean acc: 0.62416672706604, top-2 acc:0.9599999785423279, mode f1: 0.7142857313156128

model 3 mode preds
[2.0, 2.0, 2.0, 1.0, 3.0, 2.0, 1.0, 1.0, 2.0, 3.0, 2.0, 3.0, 0.0, 2.0, 2.0, 1.0, 1.0, 2.0, 2.0, 1.0, 2.0, 2.0, 3.0, 1.0, 1.0, 3.0, 1.0, 2.0, 0.0, 2.0, 2.0, 1.0, 3.0, 3.0, 0.0, 1.0, 1.0, 2.0, 1.0, 2.0, 2.0, 1.0]

model 3 all preds
[[2.0, 2.0, 3.0, 1.0, 2.0, 2.0, 1.0, 1.0, 2.0, 2.0, 2.0, 2.0, 0.0, 2.0, 2.0, 1.0, 2.0, 2.0, 1.0, 1.0, 2.0, 2.0, 3.0, 2.0, 1.0, 3.0, 2.0, 2.0, 0.0, 3.0, 2.0, 1.0, 3.0, 3.0, 0.0, 1.0, 2.0, 2.0, 1.0, 3.0, 1.0, 1.0], [2.0, 2.0, 3.0, 1.0, 2.0, 2.0, 1.0, 1.0, 2.0, 2.0, 1.0, 2.0, 0.0, 2.0, 1.0, 1.0, 1.0, 2.0, 2.0, 1.0, 2.0, 2.0, 3.0, 2.0, 1.0, 3.0, 2.0, 2.0, 0.0, 2.0, 2.0, 1.0, 3.0, 3.0, 0.0, 1.0, 1.0, 2.0, 1.0, 2.0, 2.0, 1.0], [2.0, 2.0, 2.0, 1.0, 3.0, 2.0, 1.0, 1.0, 2.0, 3.0, 1.0, 3.0, 0.0, 2.0, 1.0, 1.0, 1.0, 2.0, 2.0, 1.0, 1.0, 2.0, 3.0, 2.0, 1.0, 3.0, 1.0, 1.0, 0.0, 2.0, 2.0, 1.0, 2.0, 3.0, 0.0, 1.0, 1.0, 2.0, 2.0, 3.0, 2.0, 1.0], [2.0, 2.0, 2.0, 1.0, 3.0, 2.0, 1.0, 1.0, 2.0, 2.0, 2.0, 3.0, 0.0, 2.0, 2.0, 1.0, 2.0, 2.0, 2.0, 1.0, 2.0, 2.0, 3.0, 2.0, 1.0, 3.0, 2.0, 2.0, 0.0, 2.0, 2.0, 0.0, 2.0, 3.0, 0.0, 1.0, 1.0, 2.0, 1.0, 3.0, 2.0, 1.0], [2.0, 2.0, 2.0, 1.0, 3.0, 2.0, 1.0, 1.0, 2.0, 2.0, 2.0, 3.0, 0.0, 2.0, 1.0, 1.0, 1.0, 2.0, 2.0, 1.0, 2.0, 2.0, 3.0, 1.0, 1.0, 3.0, 2.0, 2.0, 0.0, 2.0, 2.0, 0.0, 3.0, 3.0, 0.0, 1.0, 1.0, 2.0, 2.0, 2.0, 2.0, 1.0], [2.0, 2.0, 2.0, 1.0, 3.0, 2.0, 1.0, 1.0, 2.0, 3.0, 2.0, 3.0, 0.0, 2.0, 2.0, 1.0, 1.0, 2.0, 2.0, 1.0, 2.0, 2.0, 2.0, 1.0, 1.0, 3.0, 1.0, 2.0, 1.0, 2.0, 2.0, 1.0, 3.0, 3.0, 0.0, 1.0, 1.0, 2.0, 1.0, 3.0, 1.0, 1.0], [2.0, 2.0, 3.0, 1.0, 3.0, 2.0, 1.0, 1.0, 2.0, 3.0, 2.0, 2.0, 0.0, 2.0, 1.0, 1.0, 1.0, 2.0, 2.0, 1.0, 2.0, 3.0, 3.0, 1.0, 1.0, 3.0, 1.0, 2.0, 0.0, 2.0, 2.0, 0.0, 3.0, 3.0, 0.0, 1.0, 2.0, 2.0, 2.0, 3.0, 1.0, 1.0], [2.0, 2.0, 2.0, 1.0, 3.0, 3.0, 1.0, 1.0, 1.0, 3.0, 2.0, 2.0, 0.0, 2.0, 2.0, 1.0, 1.0, 2.0, 2.0, 1.0, 1.0, 2.0, 3.0, 2.0, 1.0, 3.0, 2.0, 2.0, 1.0, 2.0, 2.0, 0.0, 3.0, 3.0, 0.0, 1.0, 1.0, 2.0, 2.0, 3.0, 2.0, 1.0], [2.0, 2.0, 2.0, 1.0, 2.0, 2.0, 1.0, 1.0, 2.0, 3.0, 2.0, 2.0, 0.0, 2.0, 1.0, 1.0, 1.0, 2.0, 2.0, 1.0, 2.0, 2.0, 3.0, 1.0, 1.0, 3.0, 2.0, 2.0, 0.0, 2.0, 2.0, 1.0, 3.0, 3.0, 0.0, 1.0, 1.0, 2.0, 1.0, 2.0, 2.0, 1.0], [2.0, 2.0, 2.0, 1.0, 2.0, 3.0, 1.0, 1.0, 2.0, 2.0, 2.0, 2.0, 0.0, 2.0, 2.0, 1.0, 1.0, 2.0, 2.0, 1.0, 2.0, 2.0, 3.0, 1.0, 1.0, 3.0, 1.0, 2.0, 0.0, 3.0, 2.0, 0.0, 3.0, 3.0, 0.0, 1.0, 2.0, 2.0, 1.0, 2.0, 2.0, 1.0], [2.0, 2.0, 2.0, 1.0, 3.0, 2.0, 1.0, 1.0, 2.0, 2.0, 1.0, 2.0, 0.0, 2.0, 1.0, 1.0, 2.0, 2.0, 2.0, 1.0, 2.0, 2.0, 3.0, 1.0, 1.0, 3.0, 1.0, 2.0, 0.0, 2.0, 2.0, 0.0, 3.0, 3.0, 0.0, 1.0, 1.0, 2.0, 1.0, 2.0, 2.0, 0.0], [2.0, 2.0, 2.0, 1.0, 3.0, 2.0, 1.0, 1.0, 1.0, 3.0, 2.0, 3.0, 0.0, 2.0, 2.0, 1.0, 1.0, 2.0, 2.0, 0.0, 2.0, 2.0, 3.0, 2.0, 1.0, 3.0, 1.0, 2.0, 0.0, 3.0, 2.0, 0.0, 3.0, 3.0, 0.0, 1.0, 1.0, 2.0, 1.0, 3.0, 2.0, 1.0], [2.0, 2.0, 2.0, 1.0, 2.0, 2.0, 1.0, 1.0, 2.0, 2.0, 2.0, 3.0, 0.0, 2.0, 2.0, 1.0, 1.0, 1.0, 2.0, 1.0, 2.0, 2.0, 3.0, 1.0, 2.0, 3.0, 1.0, 1.0, 1.0, 2.0, 2.0, 1.0, 3.0, 3.0, 0.0, 1.0, 1.0, 2.0, 1.0, 3.0, 2.0, 1.0], [2.0, 2.0, 2.0, 1.0, 3.0, 2.0, 1.0, 1.0, 2.0, 3.0, 2.0, 3.0, 0.0, 2.0, 1.0, 1.0, 1.0, 2.0, 2.0, 1.0, 2.0, 2.0, 3.0, 1.0, 1.0, 3.0, 2.0, 2.0, 0.0, 2.0, 2.0, 1.0, 3.0, 3.0, 0.0, 1.0, 2.0, 2.0, 1.0, 2.0, 1.0, 0.0], [2.0, 2.0, 2.0, 1.0, 2.0, 1.0, 1.0, 1.0, 2.0, 2.0, 1.0, 3.0, 0.0, 2.0, 1.0, 1.0, 1.0, 2.0, 2.0, 0.0, 2.0, 2.0, 2.0, 1.0, 1.0, 3.0, 2.0, 2.0, 0.0, 2.0, 2.0, 1.0, 3.0, 3.0, 0.0, 1.0, 2.0, 2.0, 1.0, 3.0, 1.0, 1.0], [2.0, 2.0, 2.0, 1.0, 3.0, 2.0, 1.0, 1.0, 2.0, 2.0, 2.0, 3.0, 0.0, 2.0, 2.0, 0.0, 1.0, 2.0, 2.0, 1.0, 2.0, 2.0, 3.0, 2.0, 1.0, 3.0, 2.0, 1.0, 0.0, 2.0, 2.0, 1.0, 3.0, 3.0, 0.0, 1.0, 1.0, 2.0, 1.0, 3.0, 1.0, 1.0], [2.0, 2.0, 3.0, 1.0, 3.0, 2.0, 1.0, 1.0, 2.0, 3.0, 2.0, 2.0, 0.0, 2.0, 2.0, 1.0, 1.0, 2.0, 2.0, 0.0, 2.0, 3.0, 3.0, 2.0, 1.0, 3.0, 1.0, 2.0, 0.0, 2.0, 2.0, 0.0, 3.0, 3.0, 0.0, 1.0, 1.0, 2.0, 1.0, 3.0, 1.0, 1.0], [2.0, 2.0, 3.0, 1.0, 3.0, 2.0, 1.0, 1.0, 2.0, 3.0, 2.0, 3.0, 0.0, 2.0, 2.0, 1.0, 1.0, 2.0, 2.0, 0.0, 2.0, 2.0, 3.0, 1.0, 1.0, 3.0, 1.0, 2.0, 0.0, 2.0, 2.0, 0.0, 3.0, 3.0, 0.0, 1.0, 1.0, 2.0, 1.0, 3.0, 2.0, 0.0], [2.0, 2.0, 2.0, 1.0, 3.0, 2.0, 1.0, 1.0, 2.0, 3.0, 2.0, 3.0, 0.0, 2.0, 1.0, 1.0, 1.0, 2.0, 2.0, 1.0, 1.0, 2.0, 3.0, 1.0, 1.0, 3.0, 1.0, 1.0, 0.0, 2.0, 2.0, 1.0, 3.0, 3.0, 0.0, 1.0, 2.0, 2.0, 1.0, 2.0, 2.0, 1.0], [2.0, 2.0, 3.0, 1.0, 3.0, 3.0, 1.0, 1.0, 2.0, 3.0, 2.0, 3.0, 0.0, 2.0, 2.0, 1.0, 1.0, 2.0, 2.0, 1.0, 2.0, 2.0, 3.0, 1.0, 1.0, 3.0, 1.0, 2.0, 1.0, 2.0, 2.0, 1.0, 3.0, 3.0, 0.0, 1.0, 1.0, 2.0, 1.0, 3.0, 2.0, 1.0], [2.0, 2.0, 2.0, 1.0, 3.0, 2.0, 1.0, 1.0, 2.0, 3.0, 2.0, 3.0, 0.0, 2.0, 2.0, 1.0, 1.0, 2.0, 2.0, 1.0, 1.0, 2.0, 3.0, 1.0, 1.0, 3.0, 2.0, 2.0, 0.0, 2.0, 3.0, 1.0, 3.0, 3.0, 0.0, 1.0, 2.0, 2.0, 2.0, 3.0, 2.0, 1.0], [2.0, 2.0, 2.0, 1.0, 2.0, 2.0, 1.0, 1.0, 2.0, 3.0, 2.0, 3.0, 0.0, 2.0, 2.0, 1.0, 1.0, 2.0, 2.0, 1.0, 2.0, 2.0, 3.0, 2.0, 2.0, 3.0, 2.0, 2.0, 0.0, 2.0, 2.0, 1.0, 3.0, 3.0, 0.0, 1.0, 1.0, 2.0, 1.0, 3.0, 1.0, 1.0], [2.0, 2.0, 2.0, 1.0, 3.0, 2.0, 1.0, 1.0, 2.0, 2.0, 2.0, 3.0, 0.0, 2.0, 2.0, 1.0, 1.0, 2.0, 2.0, 1.0, 1.0, 2.0, 3.0, 2.0, 1.0, 3.0, 2.0, 2.0, 0.0, 2.0, 2.0, 1.0, 3.0, 3.0, 0.0, 1.0, 1.0, 2.0, 1.0, 3.0, 1.0, 1.0], [2.0, 2.0, 2.0, 1.0, 3.0, 2.0, 1.0, 1.0, 2.0, 3.0, 2.0, 3.0, 0.0, 2.0, 2.0, 1.0, 1.0, 2.0, 2.0, 1.0, 2.0, 2.0, 3.0, 1.0, 1.0, 3.0, 2.0, 2.0, 0.0, 2.0, 2.0, 1.0, 2.0, 3.0, 0.0, 1.0, 2.0, 2.0, 2.0, 2.0, 1.0, 1.0], [2.0, 2.0, 2.0, 1.0, 3.0, 2.0, 1.0, 1.0, 2.0, 2.0, 2.0, 3.0, 0.0, 2.0, 1.0, 1.0, 1.0, 2.0, 2.0, 1.0, 2.0, 2.0, 3.0, 2.0, 1.0, 3.0, 1.0, 2.0, 1.0, 2.0, 2.0, 1.0, 3.0, 3.0, 0.0, 1.0, 1.0, 2.0, 1.0, 3.0, 1.0, 1.0], [2.0, 2.0, 2.0, 2.0, 3.0, 3.0, 1.0, 1.0, 2.0, 3.0, 2.0, 2.0, 0.0, 2.0, 1.0, 1.0, 1.0, 2.0, 2.0, 1.0, 1.0, 2.0, 3.0, 1.0, 1.0, 3.0, 1.0, 2.0, 0.0, 2.0, 2.0, 1.0, 3.0, 3.0, 0.0, 1.0, 2.0, 2.0, 1.0, 3.0, 1.0, 1.0], [2.0, 2.0, 3.0, 1.0, 2.0, 2.0, 1.0, 1.0, 2.0, 3.0, 2.0, 2.0, 0.0, 2.0, 1.0, 1.0, 1.0, 2.0, 1.0, 0.0, 2.0, 2.0, 3.0, 2.0, 1.0, 3.0, 1.0, 2.0, 0.0, 2.0, 2.0, 1.0, 3.0, 3.0, 0.0, 1.0, 1.0, 2.0, 2.0, 2.0, 2.0, 1.0], [2.0, 2.0, 3.0, 1.0, 2.0, 2.0, 1.0, 1.0, 2.0, 3.0, 2.0, 3.0, 0.0, 2.0, 2.0, 1.0, 1.0, 2.0, 1.0, 1.0, 2.0, 2.0, 2.0, 1.0, 1.0, 3.0, 2.0, 2.0, 0.0, 2.0, 2.0, 0.0, 3.0, 3.0, 0.0, 1.0, 1.0, 2.0, 1.0, 2.0, 1.0, 1.0], [2.0, 2.0, 3.0, 1.0, 2.0, 2.0, 1.0, 1.0, 2.0, 2.0, 2.0, 2.0, 0.0, 2.0, 2.0, 1.0, 1.0, 2.0, 1.0, 1.0, 2.0, 3.0, 3.0, 2.0, 1.0, 3.0, 1.0, 2.0, 0.0, 2.0, 2.0, 1.0, 3.0, 3.0, 0.0, 1.0, 2.0, 2.0, 1.0, 2.0, 1.0, 1.0], [2.0, 2.0, 3.0, 1.0, 2.0, 2.0, 1.0, 1.0, 2.0, 2.0, 2.0, 2.0, 0.0, 2.0, 1.0, 1.0, 1.0, 2.0, 2.0, 1.0, 2.0, 2.0, 3.0, 2.0, 1.0, 3.0, 2.0, 2.0, 0.0, 2.0, 2.0, 1.0, 3.0, 3.0, 0.0, 1.0, 2.0, 2.0, 1.0, 2.0, 2.0, 1.0], [2.0, 2.0, 2.0, 1.0, 2.0, 1.0, 1.0, 1.0, 2.0, 3.0, 2.0, 3.0, 0.0, 2.0, 2.0, 1.0, 2.0, 2.0, 2.0, 1.0, 2.0, 2.0, 3.0, 1.0, 2.0, 3.0, 1.0, 2.0, 0.0, 2.0, 3.0, 1.0, 3.0, 3.0, 0.0, 1.0, 2.0, 2.0, 2.0, 2.0, 2.0, 1.0], [2.0, 1.0, 2.0, 1.0, 3.0, 2.0, 1.0, 1.0, 2.0, 2.0, 2.0, 3.0, 0.0, 2.0, 2.0, 1.0, 1.0, 2.0, 2.0, 1.0, 2.0, 2.0, 3.0, 1.0, 1.0, 3.0, 1.0, 2.0, 1.0, 2.0, 2.0, 1.0, 3.0, 3.0, 0.0, 1.0, 2.0, 2.0, 2.0, 3.0, 1.0, 1.0], [2.0, 2.0, 3.0, 1.0, 2.0, 2.0, 1.0, 1.0, 2.0, 3.0, 2.0, 2.0, 0.0, 2.0, 2.0, 1.0, 1.0, 2.0, 2.0, 1.0, 2.0, 2.0, 3.0, 1.0, 2.0, 3.0, 1.0, 2.0, 1.0, 2.0, 2.0, 1.0, 3.0, 3.0, 0.0, 1.0, 2.0, 2.0, 1.0, 2.0, 2.0, 1.0], [2.0, 2.0, 2.0, 1.0, 3.0, 3.0, 1.0, 1.0, 2.0, 3.0, 2.0, 2.0, 0.0, 2.0, 2.0, 1.0, 2.0, 2.0, 1.0, 1.0, 2.0, 2.0, 3.0, 1.0, 1.0, 3.0, 2.0, 2.0, 0.0, 2.0, 2.0, 1.0, 3.0, 3.0, 0.0, 1.0, 1.0, 2.0, 1.0, 3.0, 2.0, 1.0], [2.0, 2.0, 2.0, 1.0, 2.0, 2.0, 1.0, 1.0, 2.0, 3.0, 2.0, 2.0, 0.0, 2.0, 1.0, 1.0, 2.0, 2.0, 2.0, 1.0, 2.0, 2.0, 3.0, 2.0, 2.0, 3.0, 1.0, 1.0, 0.0, 2.0, 2.0, 1.0, 2.0, 3.0, 0.0, 1.0, 1.0, 2.0, 1.0, 2.0, 1.0, 0.0], [2.0, 2.0, 2.0, 1.0, 3.0, 2.0, 1.0, 1.0, 2.0, 2.0, 2.0, 2.0, 0.0, 2.0, 1.0, 1.0, 1.0, 2.0, 2.0, 1.0, 2.0, 2.0, 3.0, 2.0, 1.0, 3.0, 1.0, 2.0, 1.0, 2.0, 2.0, 0.0, 3.0, 3.0, 0.0, 1.0, 2.0, 2.0, 2.0, 2.0, 2.0, 1.0], [2.0, 2.0, 2.0, 1.0, 3.0, 2.0, 1.0, 1.0, 1.0, 2.0, 2.0, 2.0, 0.0, 2.0, 1.0, 1.0, 1.0, 2.0, 1.0, 1.0, 2.0, 2.0, 3.0, 1.0, 1.0, 3.0, 1.0, 1.0, 0.0, 2.0, 2.0, 1.0, 3.0, 3.0, 0.0, 1.0, 1.0, 2.0, 2.0, 2.0, 1.0, 1.0], [2.0, 2.0, 2.0, 1.0, 3.0, 3.0, 1.0, 1.0, 2.0, 3.0, 2.0, 3.0, 0.0, 2.0, 2.0, 1.0, 1.0, 2.0, 2.0, 1.0, 2.0, 2.0, 3.0, 1.0, 1.0, 3.0, 2.0, 2.0, 1.0, 2.0, 2.0, 0.0, 3.0, 3.0, 0.0, 1.0, 1.0, 2.0, 1.0, 2.0, 1.0, 1.0], [2.0, 2.0, 3.0, 1.0, 3.0, 1.0, 1.0, 1.0, 2.0, 2.0, 2.0, 3.0, 0.0, 2.0, 2.0, 1.0, 1.0, 2.0, 1.0, 1.0, 2.0, 3.0, 3.0, 2.0, 1.0, 3.0, 2.0, 2.0, 0.0, 2.0, 2.0, 1.0, 3.0, 3.0, 0.0, 1.0, 1.0, 2.0, 2.0, 3.0, 2.0, 1.0], [2.0, 2.0, 3.0, 1.0, 2.0, 2.0, 1.0, 1.0, 2.0, 2.0, 2.0, 3.0, 0.0, 2.0, 2.0, 0.0, 1.0, 2.0, 1.0, 1.0, 2.0, 2.0, 3.0, 1.0, 2.0, 3.0, 2.0, 2.0, 0.0, 2.0, 2.0, 1.0, 3.0, 3.0, 0.0, 1.0, 1.0, 2.0, 2.0, 2.0, 1.0, 1.0], [2.0, 2.0, 2.0, 1.0, 2.0, 2.0, 1.0, 1.0, 2.0, 3.0, 2.0, 3.0, 0.0, 2.0, 2.0, 1.0, 1.0, 2.0, 2.0, 1.0, 2.0, 2.0, 3.0, 2.0, 1.0, 3.0, 1.0, 2.0, 0.0, 2.0, 2.0, 0.0, 3.0, 3.0, 0.0, 1.0, 2.0, 2.0, 2.0, 3.0, 1.0, 1.0], [2.0, 2.0, 2.0, 1.0, 3.0, 2.0, 1.0, 1.0, 1.0, 2.0, 2.0, 3.0, 0.0, 2.0, 2.0, 1.0, 1.0, 1.0, 2.0, 1.0, 1.0, 2.0, 3.0, 1.0, 2.0, 3.0, 1.0, 2.0, 1.0, 2.0, 2.0, 0.0, 2.0, 3.0, 0.0, 1.0, 1.0, 2.0, 1.0, 2.0, 1.0, 1.0], [2.0, 2.0, 2.0, 1.0, 3.0, 2.0, 1.0, 1.0, 2.0, 3.0, 1.0, 3.0, 0.0, 2.0, 2.0, 1.0, 1.0, 2.0, 2.0, 1.0, 2.0, 2.0, 2.0, 2.0, 1.0, 3.0, 1.0, 2.0, 0.0, 2.0, 2.0, 0.0, 3.0, 3.0, 0.0, 1.0, 2.0, 2.0, 1.0, 3.0, 2.0, 1.0], [2.0, 2.0, 3.0, 1.0, 3.0, 2.0, 1.0, 1.0, 2.0, 3.0, 2.0, 3.0, 0.0, 2.0, 2.0, 1.0, 1.0, 2.0, 2.0, 1.0, 1.0, 2.0, 3.0, 2.0, 1.0, 3.0, 1.0, 2.0, 1.0, 2.0, 2.0, 1.0, 3.0, 3.0, 0.0, 1.0, 1.0, 2.0, 2.0, 3.0, 1.0, 1.0], [2.0, 2.0, 3.0, 1.0, 3.0, 2.0, 1.0, 1.0, 2.0, 3.0, 2.0, 3.0, 0.0, 2.0, 2.0, 1.0, 1.0, 2.0, 2.0, 1.0, 2.0, 2.0, 3.0, 1.0, 1.0, 3.0, 2.0, 2.0, 0.0, 2.0, 2.0, 1.0, 3.0, 3.0, 0.0, 1.0, 2.0, 2.0, 1.0, 3.0, 2.0, 1.0], [2.0, 2.0, 2.0, 1.0, 3.0, 2.0, 1.0, 1.0, 2.0, 3.0, 2.0, 3.0, 0.0, 2.0, 2.0, 1.0, 1.0, 2.0, 2.0, 1.0, 1.0, 2.0, 3.0, 2.0, 1.0, 3.0, 1.0, 2.0, 0.0, 2.0, 2.0, 0.0, 3.0, 3.0, 0.0, 1.0, 2.0, 2.0, 1.0, 2.0, 2.0, 1.0], [2.0, 2.0, 2.0, 1.0, 3.0, 2.0, 1.0, 1.0, 2.0, 3.0, 2.0, 3.0, 0.0, 2.0, 2.0, 1.0, 1.0, 2.0, 2.0, 1.0, 1.0, 2.0, 3.0, 1.0, 2.0, 3.0, 1.0, 1.0, 0.0, 2.0, 2.0, 1.0, 3.0, 3.0, 0.0, 1.0, 2.0, 2.0, 1.0, 2.0, 2.0, 1.0], [2.0, 2.0, 2.0, 1.0, 2.0, 2.0, 1.0, 1.0, 2.0, 3.0, 2.0, 3.0, 0.0, 2.0, 2.0, 1.0, 1.0, 2.0, 1.0, 1.0, 2.0, 2.0, 3.0, 1.0, 2.0, 3.0, 1.0, 1.0, 0.0, 2.0, 2.0, 1.0, 3.0, 3.0, 0.0, 1.0, 1.0, 2.0, 1.0, 2.0, 1.0, 1.0], [2.0, 2.0, 3.0, 1.0, 3.0, 3.0, 1.0, 1.0, 2.0, 3.0, 2.0, 3.0, 0.0, 2.0, 1.0, 1.0, 1.0, 2.0, 2.0, 1.0, 2.0, 2.0, 3.0, 2.0, 1.0, 3.0, 1.0, 2.0, 1.0, 2.0, 3.0, 1.0, 3.0, 3.0, 0.0, 1.0, 2.0, 2.0, 2.0, 2.0, 1.0, 1.0], [2.0, 2.0, 2.0, 1.0, 2.0, 2.0, 1.0, 1.0, 2.0, 3.0, 2.0, 2.0, 0.0, 2.0, 2.0, 1.0, 2.0, 2.0, 2.0, 1.0, 2.0, 2.0, 3.0, 2.0, 2.0, 3.0, 1.0, 2.0, 1.0, 2.0, 2.0, 1.0, 3.0, 3.0, 0.0, 1.0, 2.0, 2.0, 1.0, 2.0, 2.0, 1.0]]

first layer check: Conv2d(9, 64, kernel_size=(7, 7), stride=(2, 2), padding=(3, 3), bias=False)

for model 4: mode acc: 0.6666666865348816, run mean acc: 0.6195833683013916, top-2 acc:0.9512500166893005, mode f1: 0.6666666865348816

model 4 mode preds
[2.0, 2.0, 3.0, 1.0, 3.0, 2.0, 1.0, 1.0, 1.0, 3.0, 1.0, 3.0, 0.0, 2.0, 1.0, 1.0, 1.0, 1.0, 2.0, 1.0, 2.0, 3.0, 3.0, 1.0, 1.0, 3.0, 2.0, 1.0, 1.0, 2.0, 2.0, 1.0, 3.0, 3.0, 0.0, 1.0, 2.0, 2.0, 1.0, 3.0, 1.0, 1.0]

model 4 all preds
[[2.0, 2.0, 3.0, 1.0, 3.0, 3.0, 1.0, 1.0, 1.0, 3.0, 1.0, 3.0, 1.0, 2.0, 2.0, 1.0, 1.0, 1.0, 2.0, 1.0, 2.0, 3.0, 3.0, 1.0, 1.0, 3.0, 2.0, 1.0, 0.0, 2.0, 2.0, 1.0, 3.0, 3.0, 0.0, 1.0, 1.0, 2.0, 1.0, 3.0, 1.0, 1.0], [2.0, 2.0, 3.0, 1.0, 3.0, 2.0, 1.0, 1.0, 1.0, 2.0, 2.0, 3.0, 0.0, 1.0, 1.0, 1.0, 1.0, 1.0, 1.0, 1.0, 2.0, 3.0, 3.0, 1.0, 2.0, 3.0, 2.0, 1.0, 1.0, 3.0, 3.0, 1.0, 3.0, 3.0, 0.0, 1.0, 2.0, 3.0, 2.0, 3.0, 2.0, 1.0], [2.0, 2.0, 3.0, 1.0, 2.0, 2.0, 1.0, 1.0, 2.0, 2.0, 2.0, 3.0, 0.0, 1.0, 2.0, 1.0, 1.0, 1.0, 1.0, 1.0, 1.0, 3.0, 3.0, 1.0, 2.0, 3.0, 2.0, 1.0, 0.0, 2.0, 3.0, 1.0, 3.0, 3.0, 0.0, 1.0, 1.0, 3.0, 1.0, 3.0, 1.0, 1.0], [2.0, 2.0, 3.0, 1.0, 3.0, 3.0, 1.0, 1.0, 1.0, 2.0, 1.0, 2.0, 0.0, 2.0, 2.0, 1.0, 1.0, 1.0, 2.0, 0.0, 1.0, 3.0, 3.0, 1.0, 1.0, 3.0, 1.0, 2.0, 1.0, 2.0, 2.0, 1.0, 3.0, 3.0, 0.0, 1.0, 2.0, 2.0, 1.0, 2.0, 1.0, 1.0], [2.0, 2.0, 3.0, 1.0, 2.0, 3.0, 1.0, 1.0, 1.0, 3.0, 1.0, 2.0, 1.0, 2.0, 1.0, 1.0, 1.0, 1.0, 2.0, 0.0, 2.0, 3.0, 3.0, 1.0, 1.0, 3.0, 2.0, 1.0, 1.0, 2.0, 3.0, 1.0, 3.0, 3.0, 0.0, 1.0, 2.0, 2.0, 1.0, 3.0, 2.0, 1.0], [2.0, 2.0, 3.0, 1.0, 3.0, 3.0, 1.0, 1.0, 1.0, 3.0, 1.0, 3.0, 0.0, 2.0, 2.0, 1.0, 1.0, 1.0, 1.0, 1.0, 2.0, 3.0, 3.0, 1.0, 2.0, 3.0, 2.0, 1.0, 0.0, 2.0, 3.0, 0.0, 3.0, 3.0, 0.0, 1.0, 2.0, 2.0, 1.0, 3.0, 2.0, 1.0], [2.0, 2.0, 3.0, 1.0, 3.0, 3.0, 1.0, 1.0, 1.0, 3.0, 2.0, 3.0, 1.0, 1.0, 1.0, 1.0, 1.0, 1.0, 1.0, 0.0, 2.0, 2.0, 3.0, 1.0, 1.0, 3.0, 1.0, 1.0, 1.0, 3.0, 2.0, 1.0, 2.0, 3.0, 0.0, 1.0, 2.0, 2.0, 1.0, 3.0, 1.0, 1.0], [2.0, 2.0, 3.0, 1.0, 1.0, 2.0, 1.0, 1.0, 1.0, 3.0, 2.0, 3.0, 0.0, 2.0, 2.0, 1.0, 1.0, 1.0, 1.0, 1.0, 1.0, 3.0, 3.0, 1.0, 1.0, 3.0, 1.0, 1.0, 1.0, 2.0, 2.0, 1.0, 3.0, 3.0, 0.0, 1.0, 1.0, 2.0, 1.0, 3.0, 2.0, 1.0], [2.0, 2.0, 2.0, 1.0, 3.0, 2.0, 1.0, 1.0, 1.0, 3.0, 1.0, 2.0, 1.0, 1.0, 1.0, 1.0, 1.0, 1.0, 2.0, 1.0, 1.0, 2.0, 3.0, 1.0, 1.0, 3.0, 1.0, 1.0, 1.0, 2.0, 2.0, 1.0, 2.0, 3.0, 0.0, 1.0, 1.0, 2.0, 1.0, 3.0, 1.0, 1.0], [2.0, 2.0, 3.0, 1.0, 3.0, 3.0, 1.0, 1.0, 1.0, 3.0, 1.0, 3.0, 0.0, 2.0, 2.0, 1.0, 1.0, 1.0, 2.0, 0.0, 1.0, 3.0, 3.0, 1.0, 2.0, 3.0, 2.0, 1.0, 0.0, 2.0, 3.0, 1.0, 3.0, 3.0, 0.0, 0.0, 2.0, 2.0, 1.0, 3.0, 1.0, 1.0], [2.0, 2.0, 2.0, 1.0, 3.0, 3.0, 1.0, 1.0, 1.0, 2.0, 1.0, 3.0, 0.0, 2.0, 2.0, 1.0, 1.0, 1.0, 2.0, 1.0, 2.0, 3.0, 3.0, 1.0, 1.0, 3.0, 1.0, 1.0, 0.0, 2.0, 3.0, 1.0, 3.0, 3.0, 0.0, 0.0, 2.0, 2.0, 1.0, 3.0, 2.0, 1.0], [2.0, 1.0, 3.0, 1.0, 3.0, 2.0, 1.0, 1.0, 1.0, 3.0, 2.0, 3.0, 1.0, 2.0, 2.0, 1.0, 1.0, 1.0, 1.0, 1.0, 2.0, 3.0, 3.0, 1.0, 1.0, 3.0, 2.0, 1.0, 0.0, 2.0, 2.0, 1.0, 3.0, 3.0, 0.0, 1.0, 2.0, 2.0, 1.0, 3.0, 2.0, 1.0], [2.0, 2.0, 3.0, 1.0, 3.0, 2.0, 1.0, 1.0, 1.0, 3.0, 1.0, 3.0, 1.0, 2.0, 1.0, 1.0, 1.0, 1.0, 2.0, 0.0, 2.0, 3.0, 3.0, 1.0, 1.0, 3.0, 1.0, 2.0, 1.0, 3.0, 3.0, 0.0, 3.0, 3.0, 0.0, 0.0, 2.0, 3.0, 1.0, 3.0, 1.0, 1.0], [2.0, 2.0, 3.0, 1.0, 3.0, 1.0, 1.0, 1.0, 1.0, 3.0, 1.0, 3.0, 1.0, 2.0, 2.0, 1.0, 1.0, 1.0, 2.0, 1.0, 1.0, 3.0, 3.0, 1.0, 1.0, 3.0, 2.0, 1.0, 1.0, 3.0, 3.0, 1.0, 2.0, 3.0, 0.0, 1.0, 2.0, 3.0, 1.0, 3.0, 2.0, 1.0], [1.0, 2.0, 3.0, 1.0, 3.0, 2.0, 1.0, 1.0, 1.0, 2.0, 1.0, 3.0, 0.0, 2.0, 2.0, 1.0, 1.0, 2.0, 2.0, 1.0, 1.0, 2.0, 3.0, 1.0, 1.0, 3.0, 2.0, 1.0, 0.0, 2.0, 2.0, 1.0, 3.0, 3.0, 0.0, 1.0, 1.0, 2.0, 2.0, 2.0, 1.0, 1.0], [2.0, 2.0, 3.0, 1.0, 3.0, 2.0, 1.0, 1.0, 1.0, 2.0, 2.0, 3.0, 0.0, 2.0, 2.0, 1.0, 1.0, 2.0, 2.0, 1.0, 1.0, 3.0, 3.0, 1.0, 1.0, 3.0, 2.0, 1.0, 1.0, 3.0, 3.0, 1.0, 3.0, 3.0, 0.0, 1.0, 2.0, 2.0, 2.0, 3.0, 1.0, 1.0], [2.0, 2.0, 2.0, 1.0, 3.0, 2.0, 1.0, 1.0, 1.0, 3.0, 2.0, 3.0, 0.0, 1.0, 1.0, 1.0, 1.0, 2.0, 2.0, 0.0, 2.0, 3.0, 3.0, 1.0, 1.0, 3.0, 2.0, 1.0, 1.0, 2.0, 3.0, 1.0, 3.0, 3.0, 0.0, 1.0, 1.0, 2.0, 1.0, 3.0, 2.0, 1.0], [2.0, 2.0, 3.0, 1.0, 2.0, 2.0, 1.0, 1.0, 1.0, 3.0, 1.0, 3.0, 0.0, 1.0, 1.0, 1.0, 1.0, 1.0, 2.0, 1.0, 1.0, 3.0, 3.0, 1.0, 1.0, 3.0, 2.0, 1.0, 0.0, 3.0, 2.0, 1.0, 3.0, 3.0, 0.0, 1.0, 1.0, 2.0, 2.0, 3.0, 2.0, 1.0], [2.0, 2.0, 2.0, 1.0, 3.0, 3.0, 1.0, 1.0, 1.0, 3.0, 2.0, 3.0, 1.0, 2.0, 1.0, 1.0, 1.0, 1.0, 2.0, 1.0, 1.0, 2.0, 3.0, 1.0, 1.0, 3.0, 2.0, 1.0, 1.0, 3.0, 3.0, 1.0, 3.0, 3.0, 0.0, 1.0, 1.0, 3.0, 1.0, 3.0, 2.0, 1.0], [2.0, 2.0, 3.0, 1.0, 3.0, 3.0, 1.0, 1.0, 1.0, 2.0, 1.0, 3.0, 0.0, 1.0, 2.0, 1.0, 1.0, 1.0, 1.0, 1.0, 2.0, 3.0, 3.0, 1.0, 1.0, 3.0, 2.0, 1.0, 0.0, 2.0, 2.0, 1.0, 3.0, 3.0, 0.0, 1.0, 2.0, 2.0, 1.0, 3.0, 1.0, 1.0], [2.0, 2.0, 3.0, 1.0, 3.0, 2.0, 1.0, 1.0, 1.0, 3.0, 2.0, 3.0, 1.0, 2.0, 1.0, 1.0, 1.0, 2.0, 1.0, 1.0, 1.0, 3.0, 3.0, 1.0, 1.0, 3.0, 2.0, 1.0, 1.0, 3.0, 3.0, 1.0, 3.0, 3.0, 0.0, 1.0, 1.0, 2.0, 1.0, 3.0, 1.0, 1.0], [2.0, 2.0, 2.0, 1.0, 3.0, 3.0, 1.0, 1.0, 1.0, 3.0, 1.0, 3.0, 0.0, 1.0, 1.0, 1.0, 1.0, 2.0, 2.0, 1.0, 1.0, 3.0, 3.0, 1.0, 1.0, 3.0, 1.0, 1.0, 1.0, 2.0, 3.0, 1.0, 3.0, 3.0, 0.0, 1.0, 2.0, 2.0, 1.0, 3.0, 1.0, 1.0], [2.0, 2.0, 1.0, 1.0, 2.0, 3.0, 1.0, 1.0, 1.0, 2.0, 1.0, 2.0, 1.0, 2.0, 2.0, 1.0, 1.0, 1.0, 2.0, 1.0, 2.0, 3.0, 3.0, 1.0, 1.0, 3.0, 2.0, 1.0, 0.0, 3.0, 2.0, 1.0, 3.0, 3.0, 0.0, 0.0, 1.0, 3.0, 1.0, 3.0, 1.0, 1.0], [2.0, 2.0, 3.0, 1.0, 2.0, 2.0, 1.0, 1.0, 1.0, 3.0, 2.0, 3.0, 1.0, 2.0, 1.0, 1.0, 1.0, 1.0, 1.0, 0.0, 1.0, 3.0, 3.0, 1.0, 1.0, 3.0, 2.0, 1.0, 0.0, 2.0, 2.0, 1.0, 2.0, 3.0, 0.0, 1.0, 2.0, 3.0, 1.0, 3.0, 2.0, 1.0], [2.0, 2.0, 3.0, 1.0, 3.0, 3.0, 1.0, 1.0, 2.0, 3.0, 2.0, 3.0, 0.0, 2.0, 2.0, 1.0, 1.0, 1.0, 2.0, 1.0, 2.0, 3.0, 3.0, 1.0, 1.0, 3.0, 1.0, 1.0, 1.0, 2.0, 2.0, 1.0, 3.0, 3.0, 0.0, 1.0, 2.0, 3.0, 1.0, 3.0, 1.0, 1.0], [2.0, 2.0, 3.0, 1.0, 2.0, 2.0, 1.0, 1.0, 1.0, 2.0, 1.0, 3.0, 0.0, 2.0, 1.0, 1.0, 1.0, 1.0, 2.0, 1.0, 1.0, 3.0, 3.0, 1.0, 1.0, 3.0, 2.0, 1.0, 1.0, 3.0, 2.0, 1.0, 3.0, 3.0, 0.0, 1.0, 2.0, 2.0, 1.0, 3.0, 1.0, 1.0], [2.0, 2.0, 2.0, 1.0, 2.0, 1.0, 1.0, 1.0, 1.0, 3.0, 2.0, 2.0, 0.0, 2.0, 1.0, 1.0, 1.0, 2.0, 2.0, 1.0, 2.0, 3.0, 3.0, 1.0, 1.0, 3.0, 2.0, 1.0, 1.0, 3.0, 3.0, 1.0, 2.0, 3.0, 0.0, 1.0, 2.0, 2.0, 1.0, 3.0, 1.0, 1.0], [2.0, 2.0, 3.0, 1.0, 3.0, 2.0, 1.0, 1.0, 1.0, 3.0, 2.0, 3.0, 1.0, 2.0, 1.0, 1.0, 1.0, 1.0, 1.0, 0.0, 2.0, 3.0, 3.0, 1.0, 1.0, 3.0, 2.0, 1.0, 1.0, 2.0, 3.0, 0.0, 2.0, 3.0, 0.0, 1.0, 1.0, 2.0, 1.0, 3.0, 1.0, 1.0], [2.0, 2.0, 3.0, 1.0, 3.0, 3.0, 1.0, 1.0, 1.0, 3.0, 1.0, 3.0, 0.0, 1.0, 1.0, 1.0, 1.0, 2.0, 1.0, 0.0, 2.0, 3.0, 3.0, 1.0, 2.0, 3.0, 1.0, 1.0, 1.0, 2.0, 3.0, 1.0, 3.0, 3.0, 0.0, 1.0, 1.0, 3.0, 1.0, 3.0, 1.0, 1.0], [2.0, 2.0, 3.0, 1.0, 3.0, 2.0, 1.0, 1.0, 1.0, 3.0, 1.0, 3.0, 1.0, 1.0, 1.0, 1.0, 1.0, 1.0, 1.0, 1.0, 1.0, 2.0, 3.0, 1.0, 1.0, 3.0, 1.0, 2.0, 1.0, 2.0, 2.0, 1.0, 3.0, 3.0, 0.0, 1.0, 2.0, 2.0, 1.0, 3.0, 1.0, 1.0], [2.0, 2.0, 3.0, 1.0, 3.0, 2.0, 1.0, 1.0, 1.0, 3.0, 2.0, 3.0, 0.0, 2.0, 2.0, 1.0, 1.0, 2.0, 2.0, 0.0, 1.0, 3.0, 3.0, 1.0, 1.0, 3.0, 2.0, 1.0, 1.0, 2.0, 3.0, 1.0, 3.0, 3.0, 0.0, 1.0, 2.0, 3.0, 1.0, 3.0, 2.0, 1.0], [2.0, 2.0, 2.0, 1.0, 3.0, 3.0, 1.0, 1.0, 1.0, 3.0, 2.0, 2.0, 1.0, 1.0, 1.0, 1.0, 1.0, 1.0, 1.0, 0.0, 1.0, 3.0, 3.0, 1.0, 2.0, 3.0, 1.0, 1.0, 1.0, 3.0, 2.0, 1.0, 3.0, 3.0, 0.0, 1.0, 1.0, 2.0, 1.0, 3.0, 1.0, 1.0], [2.0, 2.0, 2.0, 1.0, 3.0, 3.0, 1.0, 1.0, 1.0, 3.0, 2.0, 3.0, 1.0, 2.0, 1.0, 1.0, 1.0, 1.0, 1.0, 1.0, 1.0, 3.0, 3.0, 1.0, 1.0, 3.0, 2.0, 1.0, 1.0, 3.0, 2.0, 1.0, 2.0, 3.0, 0.0, 1.0, 1.0, 2.0, 1.0, 3.0, 2.0, 1.0], [2.0, 2.0, 3.0, 1.0, 3.0, 3.0, 1.0, 1.0, 1.0, 3.0, 2.0, 3.0, 1.0, 1.0, 2.0, 1.0, 1.0, 1.0, 2.0, 0.0, 2.0, 3.0, 3.0, 1.0, 1.0, 3.0, 1.0, 2.0, 1.0, 2.0, 3.0, 1.0, 3.0, 3.0, 0.0, 1.0, 2.0, 2.0, 1.0, 3.0, 2.0, 1.0], [2.0, 2.0, 2.0, 1.0, 3.0, 2.0, 1.0, 1.0, 1.0, 2.0, 2.0, 3.0, 0.0, 2.0, 2.0, 1.0, 1.0, 2.0, 2.0, 1.0, 1.0, 3.0, 3.0, 1.0, 1.0, 3.0, 2.0, 1.0, 1.0, 3.0, 3.0, 1.0, 3.0, 3.0, 0.0, 1.0, 2.0, 2.0, 1.0, 3.0, 2.0, 1.0], [2.0, 2.0, 3.0, 1.0, 3.0, 3.0, 1.0, 1.0, 1.0, 2.0, 1.0, 3.0, 0.0, 2.0, 2.0, 1.0, 1.0, 1.0, 1.0, 1.0, 2.0, 3.0, 3.0, 2.0, 1.0, 3.0, 2.0, 1.0, 1.0, 3.0, 2.0, 0.0, 3.0, 3.0, 0.0, 1.0, 1.0, 3.0, 1.0, 3.0, 1.0, 1.0], [2.0, 2.0, 3.0, 1.0, 3.0, 2.0, 1.0, 1.0, 1.0, 3.0, 2.0, 3.0, 0.0, 2.0, 1.0, 1.0, 1.0, 2.0, 2.0, 1.0, 1.0, 3.0, 3.0, 1.0, 1.0, 3.0, 2.0, 1.0, 0.0, 3.0, 2.0, 1.0, 3.0, 3.0, 0.0, 1.0, 2.0, 2.0, 1.0, 3.0, 1.0, 1.0], [2.0, 2.0, 2.0, 1.0, 3.0, 2.0, 1.0, 1.0, 1.0, 3.0, 1.0, 2.0, 0.0, 1.0, 2.0, 1.0, 1.0, 1.0, 2.0, 1.0, 2.0, 3.0, 3.0, 1.0, 1.0, 3.0, 2.0, 1.0, 1.0, 3.0, 2.0, 0.0, 3.0, 3.0, 0.0, 1.0, 2.0, 3.0, 1.0, 3.0, 2.0, 1.0], [2.0, 2.0, 3.0, 1.0, 3.0, 2.0, 1.0, 1.0, 1.0, 3.0, 1.0, 3.0, 0.0, 2.0, 1.0, 1.0, 1.0, 1.0, 2.0, 1.0, 2.0, 3.0, 3.0, 2.0, 2.0, 3.0, 1.0, 2.0, 1.0, 2.0, 2.0, 1.0, 3.0, 3.0, 0.0, 0.0, 1.0, 2.0, 1.0, 3.0, 1.0, 1.0], [2.0, 2.0, 2.0, 1.0, 3.0, 2.0, 1.0, 1.0, 1.0, 2.0, 1.0, 3.0, 0.0, 2.0, 1.0, 1.0, 1.0, 2.0, 2.0, 1.0, 1.0, 3.0, 3.0, 1.0, 1.0, 3.0, 2.0, 1.0, 1.0, 3.0, 2.0, 1.0, 3.0, 3.0, 0.0, 1.0, 1.0, 2.0, 2.0, 3.0, 1.0, 1.0], [2.0, 2.0, 3.0, 1.0, 3.0, 2.0, 1.0, 1.0, 1.0, 3.0, 2.0, 3.0, 1.0, 2.0, 1.0, 1.0, 1.0, 1.0, 2.0, 1.0, 1.0, 3.0, 3.0, 1.0, 2.0, 3.0, 2.0, 1.0, 1.0, 3.0, 3.0, 1.0, 3.0, 3.0, 0.0, 1.0, 2.0, 2.0, 1.0, 2.0, 2.0, 1.0], [2.0, 2.0, 3.0, 1.0, 3.0, 2.0, 1.0, 1.0, 1.0, 3.0, 1.0, 3.0, 1.0, 2.0, 1.0, 1.0, 1.0, 1.0, 2.0, 0.0, 1.0, 3.0, 3.0, 1.0, 1.0, 3.0, 1.0, 1.0, 0.0, 2.0, 3.0, 1.0, 3.0, 3.0, 0.0, 1.0, 1.0, 2.0, 2.0, 2.0, 1.0, 1.0], [1.0, 2.0, 3.0, 1.0, 3.0, 2.0, 1.0, 1.0, 1.0, 2.0, 1.0, 3.0, 0.0, 2.0, 1.0, 1.0, 1.0, 2.0, 1.0, 1.0, 2.0, 3.0, 3.0, 1.0, 1.0, 3.0, 2.0, 1.0, 1.0, 2.0, 2.0, 0.0, 3.0, 3.0, 0.0, 1.0, 1.0, 2.0, 2.0, 3.0, 1.0, 1.0], [2.0, 2.0, 3.0, 1.0, 3.0, 2.0, 1.0, 1.0, 1.0, 2.0, 1.0, 2.0, 1.0, 1.0, 2.0, 1.0, 1.0, 1.0, 2.0, 1.0, 2.0, 3.0, 3.0, 1.0, 1.0, 3.0, 1.0, 1.0, 1.0, 3.0, 3.0, 1.0, 3.0, 3.0, 0.0, 1.0, 1.0, 2.0, 1.0, 3.0, 2.0, 1.0], [2.0, 2.0, 3.0, 1.0, 3.0, 2.0, 1.0, 1.0, 1.0, 3.0, 2.0, 3.0, 1.0, 2.0, 2.0, 1.0, 1.0, 1.0, 2.0, 1.0, 2.0, 3.0, 3.0, 1.0, 2.0, 3.0, 1.0, 1.0, 1.0, 3.0, 3.0, 1.0, 3.0, 3.0, 0.0, 1.0, 2.0, 3.0, 1.0, 3.0, 1.0, 1.0], [2.0, 2.0, 3.0, 1.0, 3.0, 3.0, 1.0, 1.0, 1.0, 3.0, 2.0, 3.0, 0.0, 1.0, 1.0, 1.0, 1.0, 1.0, 2.0, 0.0, 1.0, 3.0, 3.0, 1.0, 1.0, 3.0, 1.0, 2.0, 1.0, 2.0, 2.0, 1.0, 2.0, 3.0, 0.0, 1.0, 2.0, 2.0, 2.0, 3.0, 2.0, 1.0], [2.0, 2.0, 3.0, 1.0, 3.0, 3.0, 1.0, 1.0, 1.0, 3.0, 1.0, 3.0, 1.0, 2.0, 1.0, 1.0, 1.0, 1.0, 1.0, 0.0, 2.0, 3.0, 3.0, 1.0, 1.0, 3.0, 2.0, 1.0, 1.0, 3.0, 2.0, 1.0, 3.0, 3.0, 0.0, 1.0, 1.0, 3.0, 1.0, 3.0, 1.0, 1.0], [2.0, 1.0, 3.0, 1.0, 3.0, 2.0, 1.0, 1.0, 1.0, 3.0, 2.0, 3.0, 1.0, 2.0, 2.0, 1.0, 1.0, 1.0, 1.0, 0.0, 2.0, 3.0, 3.0, 1.0, 1.0, 3.0, 2.0, 1.0, 1.0, 3.0, 2.0, 1.0, 3.0, 3.0, 0.0, 1.0, 2.0, 2.0, 1.0, 3.0, 1.0, 1.0], [2.0, 2.0, 3.0, 1.0, 3.0, 2.0, 1.0, 1.0, 1.0, 3.0, 2.0, 3.0, 0.0, 2.0, 1.0, 1.0, 1.0, 1.0, 2.0, 0.0, 2.0, 3.0, 3.0, 1.0, 1.0, 3.0, 2.0, 1.0, 1.0, 3.0, 2.0, 1.0, 3.0, 3.0, 0.0, 0.0, 1.0, 2.0, 2.0, 3.0, 1.0, 1.0], [2.0, 2.0, 2.0, 1.0, 3.0, 3.0, 1.0, 1.0, 1.0, 3.0, 1.0, 2.0, 0.0, 2.0, 1.0, 1.0, 1.0, 1.0, 2.0, 1.0, 2.0, 3.0, 3.0, 1.0, 1.0, 3.0, 2.0, 1.0, 1.0, 2.0, 2.0, 1.0, 3.0, 3.0, 0.0, 1.0, 2.0, 2.0, 2.0, 3.0, 2.0, 1.0]]

