first layer check: Conv2d(6, 64, kernel_size=(7, 7), stride=(2, 2), padding=(3, 3), bias=False)

target ys
[3.0, 2.0, 1.0, 1.0, 3.0, 2.0, 3.0, 1.0, 3.0, 2.0, 3.0, 2.0, 2.0, 1.0, 3.0, 1.0, 1.0, 3.0, 1.0, 1.0, 2.0, 2.0, 1.0, 2.0, 3.0, 0.0, 1.0, 1.0, 1.0, 3.0, 3.0, 2.0, 1.0, 1.0, 2.0, 3.0, 3.0, 1.0, 1.0]

for model 0: mode acc: 0.692307710647583, run mean acc: 0.7149999737739563, top-2 acc:0.909583330154419, mode f1: 0.692307710647583

model 0 mode preds
[3.0, 1.0, 1.0, 1.0, 3.0, 1.0, 3.0, 1.0, 1.0, 1.0, 1.0, 3.0, 1.0, 1.0, 3.0, 1.0, 1.0, 3.0, 1.0, 1.0, 2.0, 1.0, 1.0, 1.0, 3.0, 0.0, 1.0, 1.0, 1.0, 3.0, 3.0, 1.0, 1.0, 1.0, 3.0, 1.0, 3.0, 1.0, 1.0]

model 0 all preds
[[3.0, 1.0, 1.0, 1.0, 3.0, 1.0, 3.0, 0.0, 1.0, 1.0, 1.0, 3.0, 2.0, 1.0, 3.0, 1.0, 1.0, 1.0, 1.0, 1.0, 2.0, 1.0, 1.0, 1.0, 3.0, 0.0, 1.0, 1.0, 1.0, 2.0, 3.0, 1.0, 1.0, 1.0, 3.0, 1.0, 3.0, 1.0, 1.0], [3.0, 1.0, 1.0, 1.0, 3.0, 1.0, 3.0, 1.0, 1.0, 1.0, 1.0, 3.0, 3.0, 1.0, 3.0, 1.0, 1.0, 3.0, 1.0, 1.0, 2.0, 1.0, 1.0, 1.0, 3.0, 0.0, 1.0, 1.0, 1.0, 1.0, 3.0, 1.0, 1.0, 1.0, 3.0, 3.0, 3.0, 1.0, 1.0], [3.0, 1.0, 1.0, 1.0, 3.0, 1.0, 3.0, 1.0, 1.0, 1.0, 1.0, 1.0, 2.0, 1.0, 3.0, 1.0, 1.0, 3.0, 1.0, 1.0, 2.0, 1.0, 1.0, 1.0, 3.0, 1.0, 1.0, 1.0, 1.0, 2.0, 3.0, 1.0, 1.0, 1.0, 3.0, 3.0, 3.0, 1.0, 1.0], [3.0, 1.0, 1.0, 1.0, 3.0, 1.0, 3.0, 1.0, 1.0, 1.0, 1.0, 3.0, 1.0, 1.0, 3.0, 1.0, 1.0, 1.0, 1.0, 1.0, 2.0, 1.0, 1.0, 1.0, 3.0, 1.0, 1.0, 1.0, 1.0, 1.0, 3.0, 1.0, 1.0, 1.0, 3.0, 1.0, 3.0, 1.0, 1.0], [1.0, 1.0, 1.0, 1.0, 3.0, 1.0, 3.0, 1.0, 1.0, 1.0, 1.0, 3.0, 1.0, 1.0, 3.0, 0.0, 1.0, 3.0, 1.0, 1.0, 2.0, 1.0, 1.0, 1.0, 3.0, 1.0, 1.0, 1.0, 1.0, 2.0, 3.0, 1.0, 1.0, 1.0, 3.0, 3.0, 3.0, 1.0, 1.0], [3.0, 1.0, 1.0, 1.0, 3.0, 1.0, 3.0, 1.0, 1.0, 1.0, 1.0, 1.0, 1.0, 1.0, 3.0, 1.0, 1.0, 3.0, 1.0, 1.0, 2.0, 1.0, 1.0, 1.0, 3.0, 0.0, 1.0, 1.0, 1.0, 2.0, 2.0, 1.0, 1.0, 1.0, 3.0, 1.0, 3.0, 1.0, 1.0], [3.0, 1.0, 1.0, 1.0, 3.0, 1.0, 3.0, 1.0, 1.0, 1.0, 1.0, 3.0, 3.0, 1.0, 3.0, 1.0, 1.0, 3.0, 1.0, 1.0, 2.0, 1.0, 1.0, 1.0, 3.0, 0.0, 1.0, 1.0, 1.0, 2.0, 2.0, 1.0, 1.0, 1.0, 3.0, 3.0, 3.0, 1.0, 1.0], [3.0, 1.0, 1.0, 1.0, 3.0, 1.0, 3.0, 1.0, 1.0, 1.0, 1.0, 3.0, 1.0, 1.0, 3.0, 1.0, 1.0, 1.0, 1.0, 1.0, 2.0, 1.0, 1.0, 1.0, 3.0, 1.0, 1.0, 1.0, 1.0, 1.0, 3.0, 1.0, 1.0, 1.0, 3.0, 1.0, 3.0, 1.0, 1.0], [3.0, 1.0, 1.0, 1.0, 3.0, 1.0, 3.0, 1.0, 1.0, 1.0, 1.0, 1.0, 1.0, 1.0, 3.0, 0.0, 1.0, 3.0, 1.0, 1.0, 1.0, 2.0, 1.0, 1.0, 3.0, 0.0, 1.0, 1.0, 1.0, 3.0, 3.0, 1.0, 1.0, 1.0, 3.0, 1.0, 3.0, 1.0, 1.0], [3.0, 1.0, 1.0, 1.0, 3.0, 1.0, 3.0, 1.0, 1.0, 1.0, 1.0, 2.0, 2.0, 1.0, 3.0, 0.0, 1.0, 3.0, 1.0, 1.0, 1.0, 1.0, 1.0, 1.0, 3.0, 0.0, 1.0, 1.0, 1.0, 1.0, 3.0, 1.0, 1.0, 1.0, 3.0, 1.0, 3.0, 1.0, 1.0], [3.0, 1.0, 1.0, 1.0, 3.0, 1.0, 3.0, 1.0, 1.0, 1.0, 1.0, 3.0, 2.0, 1.0, 3.0, 1.0, 1.0, 3.0, 1.0, 1.0, 2.0, 1.0, 1.0, 1.0, 3.0, 0.0, 1.0, 1.0, 1.0, 3.0, 3.0, 1.0, 1.0, 1.0, 3.0, 1.0, 3.0, 1.0, 1.0], [1.0, 1.0, 1.0, 1.0, 3.0, 1.0, 3.0, 1.0, 1.0, 1.0, 1.0, 3.0, 1.0, 1.0, 3.0, 1.0, 1.0, 3.0, 1.0, 1.0, 2.0, 1.0, 1.0, 1.0, 3.0, 0.0, 1.0, 1.0, 1.0, 1.0, 3.0, 1.0, 1.0, 1.0, 3.0, 3.0, 3.0, 1.0, 1.0], [3.0, 1.0, 1.0, 1.0, 3.0, 1.0, 3.0, 1.0, 1.0, 1.0, 1.0, 1.0, 2.0, 1.0, 3.0, 1.0, 1.0, 3.0, 1.0, 1.0, 2.0, 1.0, 1.0, 1.0, 3.0, 0.0, 1.0, 1.0, 1.0, 2.0, 3.0, 1.0, 1.0, 1.0, 3.0, 1.0, 3.0, 1.0, 1.0], [3.0, 1.0, 1.0, 1.0, 3.0, 1.0, 2.0, 1.0, 1.0, 1.0, 1.0, 3.0, 1.0, 1.0, 3.0, 1.0, 1.0, 3.0, 1.0, 1.0, 2.0, 1.0, 1.0, 1.0, 3.0, 0.0, 1.0, 1.0, 1.0, 2.0, 3.0, 1.0, 1.0, 1.0, 3.0, 1.0, 3.0, 1.0, 1.0], [3.0, 1.0, 1.0, 1.0, 3.0, 1.0, 3.0, 1.0, 1.0, 1.0, 1.0, 3.0, 1.0, 1.0, 3.0, 0.0, 1.0, 2.0, 1.0, 1.0, 2.0, 1.0, 1.0, 1.0, 3.0, 1.0, 1.0, 1.0, 1.0, 3.0, 3.0, 1.0, 1.0, 1.0, 3.0, 1.0, 3.0, 1.0, 1.0], [3.0, 1.0, 1.0, 1.0, 3.0, 1.0, 2.0, 1.0, 1.0, 1.0, 1.0, 3.0, 2.0, 1.0, 3.0, 0.0, 1.0, 1.0, 1.0, 1.0, 2.0, 1.0, 1.0, 1.0, 3.0, 1.0, 1.0, 1.0, 1.0, 1.0, 3.0, 1.0, 1.0, 1.0, 3.0, 1.0, 3.0, 1.0, 1.0], [3.0, 1.0, 1.0, 1.0, 3.0, 1.0, 2.0, 1.0, 1.0, 1.0, 1.0, 3.0, 1.0, 1.0, 3.0, 1.0, 1.0, 3.0, 1.0, 1.0, 2.0, 1.0, 1.0, 1.0, 3.0, 0.0, 1.0, 1.0, 1.0, 2.0, 3.0, 1.0, 1.0, 1.0, 3.0, 1.0, 3.0, 1.0, 1.0], [3.0, 1.0, 1.0, 1.0, 3.0, 1.0, 3.0, 1.0, 1.0, 1.0, 1.0, 3.0, 1.0, 1.0, 3.0, 1.0, 1.0, 3.0, 1.0, 1.0, 2.0, 1.0, 1.0, 1.0, 3.0, 0.0, 1.0, 1.0, 1.0, 3.0, 2.0, 1.0, 1.0, 1.0, 3.0, 1.0, 3.0, 1.0, 1.0], [3.0, 1.0, 1.0, 1.0, 3.0, 1.0, 3.0, 1.0, 1.0, 1.0, 1.0, 3.0, 1.0, 1.0, 3.0, 1.0, 1.0, 1.0, 1.0, 1.0, 1.0, 1.0, 1.0, 1.0, 3.0, 0.0, 1.0, 1.0, 1.0, 2.0, 3.0, 1.0, 1.0, 1.0, 3.0, 1.0, 3.0, 1.0, 1.0], [3.0, 1.0, 1.0, 1.0, 3.0, 1.0, 3.0, 1.0, 1.0, 1.0, 1.0, 1.0, 1.0, 1.0, 3.0, 1.0, 1.0, 3.0, 1.0, 1.0, 1.0, 2.0, 1.0, 1.0, 3.0, 0.0, 1.0, 1.0, 1.0, 2.0, 2.0, 1.0, 1.0, 1.0, 3.0, 1.0, 3.0, 1.0, 1.0], [3.0, 1.0, 1.0, 1.0, 3.0, 1.0, 3.0, 1.0, 1.0, 1.0, 1.0, 3.0, 1.0, 0.0, 3.0, 0.0, 1.0, 2.0, 1.0, 1.0, 3.0, 1.0, 1.0, 1.0, 3.0, 0.0, 1.0, 1.0, 1.0, 3.0, 3.0, 1.0, 1.0, 1.0, 3.0, 1.0, 3.0, 1.0, 1.0], [3.0, 1.0, 1.0, 1.0, 3.0, 1.0, 3.0, 1.0, 1.0, 1.0, 1.0, 1.0, 2.0, 1.0, 3.0, 1.0, 1.0, 1.0, 1.0, 1.0, 2.0, 1.0, 1.0, 1.0, 3.0, 0.0, 1.0, 1.0, 1.0, 3.0, 2.0, 1.0, 1.0, 1.0, 3.0, 1.0, 3.0, 1.0, 1.0], [3.0, 1.0, 1.0, 1.0, 3.0, 1.0, 3.0, 1.0, 1.0, 1.0, 1.0, 3.0, 1.0, 1.0, 3.0, 0.0, 1.0, 1.0, 1.0, 1.0, 1.0, 1.0, 1.0, 1.0, 3.0, 0.0, 1.0, 1.0, 1.0, 3.0, 3.0, 1.0, 1.0, 1.0, 3.0, 1.0, 3.0, 1.0, 1.0], [3.0, 1.0, 1.0, 1.0, 3.0, 1.0, 3.0, 1.0, 1.0, 1.0, 1.0, 3.0, 3.0, 0.0, 3.0, 1.0, 1.0, 3.0, 1.0, 1.0, 2.0, 1.0, 1.0, 1.0, 3.0, 0.0, 1.0, 1.0, 1.0, 1.0, 3.0, 1.0, 1.0, 1.0, 3.0, 1.0, 3.0, 1.0, 1.0], [3.0, 1.0, 1.0, 1.0, 3.0, 1.0, 3.0, 1.0, 1.0, 1.0, 1.0, 3.0, 1.0, 1.0, 3.0, 1.0, 1.0, 3.0, 1.0, 1.0, 2.0, 1.0, 1.0, 1.0, 3.0, 0.0, 0.0, 1.0, 1.0, 2.0, 3.0, 1.0, 1.0, 1.0, 3.0, 1.0, 3.0, 1.0, 1.0], [3.0, 1.0, 1.0, 1.0, 3.0, 1.0, 3.0, 1.0, 1.0, 1.0, 1.0, 1.0, 3.0, 1.0, 3.0, 0.0, 1.0, 1.0, 1.0, 1.0, 2.0, 2.0, 1.0, 1.0, 3.0, 0.0, 1.0, 1.0, 1.0, 3.0, 2.0, 1.0, 1.0, 1.0, 3.0, 3.0, 3.0, 1.0, 1.0], [3.0, 1.0, 1.0, 1.0, 3.0, 1.0, 3.0, 1.0, 1.0, 1.0, 1.0, 1.0, 1.0, 1.0, 3.0, 1.0, 1.0, 3.0, 1.0, 1.0, 1.0, 1.0, 1.0, 1.0, 3.0, 0.0, 1.0, 1.0, 1.0, 3.0, 3.0, 1.0, 1.0, 1.0, 3.0, 1.0, 3.0, 1.0, 1.0], [3.0, 1.0, 1.0, 1.0, 3.0, 1.0, 3.0, 1.0, 1.0, 1.0, 1.0, 3.0, 1.0, 1.0, 3.0, 1.0, 1.0, 3.0, 1.0, 1.0, 2.0, 1.0, 1.0, 1.0, 3.0, 0.0, 1.0, 1.0, 1.0, 2.0, 3.0, 1.0, 1.0, 1.0, 3.0, 1.0, 3.0, 1.0, 1.0], [3.0, 1.0, 1.0, 1.0, 3.0, 1.0, 3.0, 1.0, 1.0, 1.0, 1.0, 3.0, 1.0, 1.0, 3.0, 1.0, 1.0, 3.0, 1.0, 1.0, 2.0, 1.0, 1.0, 1.0, 3.0, 0.0, 1.0, 1.0, 1.0, 1.0, 3.0, 1.0, 1.0, 1.0, 3.0, 1.0, 3.0, 1.0, 1.0], [3.0, 1.0, 1.0, 1.0, 3.0, 1.0, 3.0, 1.0, 1.0, 1.0, 1.0, 3.0, 3.0, 1.0, 3.0, 1.0, 1.0, 1.0, 1.0, 1.0, 2.0, 1.0, 1.0, 1.0, 3.0, 0.0, 1.0, 1.0, 1.0, 3.0, 3.0, 1.0, 1.0, 1.0, 3.0, 1.0, 3.0, 1.0, 1.0], [3.0, 1.0, 1.0, 1.0, 3.0, 1.0, 3.0, 1.0, 1.0, 1.0, 1.0, 3.0, 1.0, 1.0, 3.0, 0.0, 1.0, 1.0, 1.0, 1.0, 2.0, 1.0, 1.0, 1.0, 3.0, 0.0, 1.0, 1.0, 1.0, 1.0, 2.0, 1.0, 1.0, 1.0, 3.0, 1.0, 3.0, 1.0, 1.0], [3.0, 1.0, 1.0, 1.0, 3.0, 1.0, 3.0, 1.0, 1.0, 1.0, 1.0, 3.0, 2.0, 1.0, 3.0, 0.0, 1.0, 1.0, 1.0, 1.0, 2.0, 1.0, 1.0, 1.0, 3.0, 1.0, 1.0, 1.0, 1.0, 3.0, 3.0, 1.0, 1.0, 1.0, 3.0, 1.0, 3.0, 1.0, 1.0], [3.0, 1.0, 1.0, 1.0, 3.0, 1.0, 3.0, 1.0, 1.0, 1.0, 1.0, 3.0, 1.0, 1.0, 3.0, 1.0, 1.0, 3.0, 1.0, 1.0, 1.0, 1.0, 1.0, 1.0, 3.0, 1.0, 1.0, 1.0, 1.0, 2.0, 3.0, 1.0, 1.0, 1.0, 3.0, 1.0, 3.0, 1.0, 1.0], [3.0, 1.0, 1.0, 1.0, 3.0, 1.0, 3.0, 1.0, 1.0, 1.0, 1.0, 3.0, 1.0, 1.0, 3.0, 1.0, 1.0, 3.0, 1.0, 1.0, 1.0, 1.0, 1.0, 1.0, 3.0, 1.0, 1.0, 1.0, 1.0, 3.0, 3.0, 1.0, 1.0, 1.0, 3.0, 1.0, 3.0, 1.0, 1.0], [3.0, 1.0, 1.0, 1.0, 3.0, 1.0, 3.0, 1.0, 1.0, 1.0, 1.0, 3.0, 1.0, 1.0, 3.0, 1.0, 1.0, 3.0, 1.0, 1.0, 2.0, 1.0, 1.0, 1.0, 3.0, 0.0, 1.0, 1.0, 1.0, 1.0, 3.0, 1.0, 1.0, 1.0, 3.0, 1.0, 3.0, 1.0, 1.0], [3.0, 1.0, 1.0, 1.0, 3.0, 1.0, 3.0, 1.0, 1.0, 1.0, 1.0, 3.0, 2.0, 1.0, 3.0, 1.0, 1.0, 3.0, 1.0, 1.0, 3.0, 1.0, 1.0, 1.0, 3.0, 0.0, 1.0, 1.0, 1.0, 3.0, 3.0, 1.0, 1.0, 1.0, 3.0, 1.0, 3.0, 1.0, 1.0], [3.0, 1.0, 1.0, 1.0, 3.0, 1.0, 3.0, 1.0, 1.0, 1.0, 1.0, 3.0, 3.0, 1.0, 3.0, 1.0, 1.0, 3.0, 1.0, 1.0, 1.0, 1.0, 1.0, 1.0, 3.0, 0.0, 1.0, 1.0, 1.0, 1.0, 3.0, 1.0, 1.0, 1.0, 3.0, 1.0, 3.0, 1.0, 1.0], [3.0, 1.0, 1.0, 1.0, 3.0, 1.0, 3.0, 1.0, 1.0, 1.0, 1.0, 3.0, 2.0, 1.0, 3.0, 1.0, 1.0, 3.0, 1.0, 1.0, 2.0, 1.0, 1.0, 1.0, 3.0, 0.0, 1.0, 1.0, 1.0, 2.0, 3.0, 1.0, 1.0, 1.0, 3.0, 1.0, 3.0, 1.0, 1.0], [3.0, 1.0, 1.0, 1.0, 3.0, 1.0, 3.0, 1.0, 1.0, 1.0, 1.0, 1.0, 1.0, 1.0, 3.0, 0.0, 1.0, 1.0, 1.0, 1.0, 2.0, 1.0, 1.0, 1.0, 3.0, 1.0, 1.0, 1.0, 1.0, 3.0, 3.0, 1.0, 1.0, 1.0, 3.0, 1.0, 3.0, 1.0, 1.0], [3.0, 1.0, 1.0, 1.0, 3.0, 1.0, 2.0, 1.0, 1.0, 1.0, 1.0, 1.0, 2.0, 1.0, 3.0, 0.0, 1.0, 3.0, 1.0, 1.0, 2.0, 1.0, 1.0, 1.0, 3.0, 0.0, 1.0, 1.0, 1.0, 3.0, 3.0, 1.0, 1.0, 1.0, 3.0, 3.0, 3.0, 1.0, 1.0], [3.0, 1.0, 1.0, 1.0, 3.0, 1.0, 3.0, 1.0, 1.0, 1.0, 1.0, 3.0, 1.0, 1.0, 3.0, 0.0, 1.0, 3.0, 1.0, 1.0, 2.0, 1.0, 1.0, 1.0, 3.0, 0.0, 1.0, 1.0, 1.0, 2.0, 3.0, 1.0, 1.0, 1.0, 3.0, 1.0, 3.0, 1.0, 1.0], [3.0, 1.0, 1.0, 1.0, 3.0, 1.0, 3.0, 1.0, 1.0, 1.0, 1.0, 3.0, 2.0, 1.0, 3.0, 1.0, 1.0, 3.0, 1.0, 1.0, 1.0, 1.0, 1.0, 1.0, 3.0, 0.0, 0.0, 1.0, 1.0, 3.0, 3.0, 1.0, 1.0, 1.0, 3.0, 1.0, 3.0, 1.0, 1.0], [3.0, 1.0, 1.0, 1.0, 3.0, 1.0, 3.0, 1.0, 1.0, 1.0, 1.0, 3.0, 1.0, 1.0, 3.0, 0.0, 1.0, 3.0, 1.0, 1.0, 3.0, 1.0, 1.0, 1.0, 3.0, 0.0, 1.0, 1.0, 1.0, 3.0, 2.0, 1.0, 1.0, 1.0, 3.0, 3.0, 3.0, 1.0, 1.0], [3.0, 1.0, 1.0, 1.0, 3.0, 1.0, 3.0, 1.0, 1.0, 1.0, 1.0, 3.0, 2.0, 1.0, 3.0, 0.0, 1.0, 3.0, 1.0, 1.0, 1.0, 1.0, 1.0, 1.0, 3.0, 1.0, 1.0, 1.0, 1.0, 1.0, 3.0, 1.0, 1.0, 1.0, 3.0, 1.0, 3.0, 1.0, 1.0], [3.0, 1.0, 1.0, 1.0, 3.0, 1.0, 3.0, 1.0, 1.0, 1.0, 1.0, 3.0, 1.0, 1.0, 3.0, 1.0, 1.0, 1.0, 1.0, 1.0, 2.0, 1.0, 1.0, 1.0, 3.0, 0.0, 1.0, 1.0, 1.0, 3.0, 3.0, 1.0, 1.0, 1.0, 3.0, 3.0, 3.0, 1.0, 1.0], [3.0, 1.0, 1.0, 1.0, 3.0, 1.0, 1.0, 1.0, 1.0, 1.0, 1.0, 3.0, 1.0, 1.0, 3.0, 1.0, 0.0, 3.0, 1.0, 1.0, 2.0, 1.0, 1.0, 1.0, 3.0, 0.0, 1.0, 1.0, 1.0, 3.0, 3.0, 1.0, 1.0, 1.0, 3.0, 1.0, 3.0, 1.0, 1.0], [3.0, 1.0, 1.0, 1.0, 3.0, 1.0, 3.0, 1.0, 1.0, 1.0, 1.0, 3.0, 1.0, 1.0, 3.0, 0.0, 1.0, 1.0, 1.0, 1.0, 1.0, 1.0, 1.0, 1.0, 3.0, 0.0, 1.0, 1.0, 1.0, 3.0, 3.0, 1.0, 1.0, 1.0, 3.0, 1.0, 3.0, 1.0, 1.0], [3.0, 1.0, 1.0, 1.0, 3.0, 1.0, 3.0, 0.0, 1.0, 1.0, 1.0, 3.0, 1.0, 1.0, 3.0, 1.0, 1.0, 1.0, 1.0, 1.0, 2.0, 1.0, 1.0, 1.0, 3.0, 0.0, 1.0, 1.0, 1.0, 1.0, 2.0, 1.0, 1.0, 1.0, 3.0, 3.0, 3.0, 1.0, 1.0], [3.0, 1.0, 1.0, 1.0, 3.0, 1.0, 3.0, 1.0, 1.0, 1.0, 1.0, 3.0, 2.0, 0.0, 3.0, 1.0, 1.0, 3.0, 1.0, 1.0, 2.0, 1.0, 1.0, 1.0, 3.0, 0.0, 1.0, 1.0, 1.0, 3.0, 3.0, 1.0, 1.0, 1.0, 3.0, 1.0, 3.0, 1.0, 1.0], [3.0, 1.0, 1.0, 1.0, 3.0, 1.0, 3.0, 1.0, 1.0, 1.0, 1.0, 3.0, 2.0, 1.0, 3.0, 0.0, 1.0, 3.0, 1.0, 1.0, 2.0, 1.0, 1.0, 1.0, 3.0, 0.0, 1.0, 1.0, 1.0, 3.0, 2.0, 1.0, 1.0, 1.0, 3.0, 1.0, 3.0, 1.0, 1.0]]

first layer check: Conv2d(6, 64, kernel_size=(7, 7), stride=(2, 2), padding=(3, 3), bias=False)

for model 1: mode acc: 0.7435897588729858, run mean acc: 0.7779167294502258, top-2 acc:0.9524999856948853, mode f1: 0.7435897588729858

model 1 mode preds
[3.0, 1.0, 1.0, 1.0, 3.0, 1.0, 3.0, 1.0, 1.0, 1.0, 1.0, 3.0, 2.0, 1.0, 3.0, 1.0, 1.0, 3.0, 1.0, 1.0, 2.0, 2.0, 1.0, 2.0, 3.0, 1.0, 1.0, 1.0, 1.0, 2.0, 3.0, 2.0, 1.0, 1.0, 3.0, 2.0, 3.0, 1.0, 1.0]

model 1 all preds
[[3.0, 1.0, 1.0, 1.0, 3.0, 1.0, 3.0, 1.0, 1.0, 2.0, 1.0, 3.0, 1.0, 1.0, 3.0, 1.0, 1.0, 3.0, 1.0, 1.0, 2.0, 1.0, 1.0, 2.0, 3.0, 1.0, 1.0, 1.0, 1.0, 2.0, 3.0, 1.0, 1.0, 1.0, 3.0, 2.0, 3.0, 1.0, 1.0], [3.0, 1.0, 1.0, 1.0, 3.0, 2.0, 3.0, 1.0, 1.0, 1.0, 2.0, 3.0, 2.0, 1.0, 3.0, 1.0, 1.0, 3.0, 1.0, 1.0, 2.0, 1.0, 1.0, 2.0, 3.0, 1.0, 1.0, 1.0, 1.0, 2.0, 3.0, 1.0, 1.0, 1.0, 3.0, 2.0, 3.0, 1.0, 1.0], [3.0, 1.0, 1.0, 1.0, 3.0, 2.0, 3.0, 1.0, 2.0, 1.0, 1.0, 3.0, 2.0, 1.0, 3.0, 1.0, 1.0, 3.0, 1.0, 1.0, 2.0, 1.0, 1.0, 2.0, 3.0, 1.0, 1.0, 1.0, 1.0, 2.0, 3.0, 2.0, 1.0, 1.0, 3.0, 3.0, 3.0, 1.0, 1.0], [3.0, 1.0, 2.0, 1.0, 2.0, 1.0, 3.0, 1.0, 1.0, 1.0, 2.0, 3.0, 1.0, 1.0, 3.0, 1.0, 1.0, 3.0, 1.0, 1.0, 2.0, 2.0, 1.0, 2.0, 3.0, 1.0, 1.0, 1.0, 1.0, 2.0, 2.0, 1.0, 1.0, 1.0, 3.0, 2.0, 3.0, 1.0, 1.0], [3.0, 1.0, 1.0, 2.0, 3.0, 2.0, 3.0, 1.0, 2.0, 1.0, 1.0, 3.0, 2.0, 1.0, 3.0, 1.0, 1.0, 2.0, 1.0, 1.0, 2.0, 2.0, 1.0, 2.0, 3.0, 1.0, 1.0, 1.0, 1.0, 2.0, 3.0, 2.0, 1.0, 1.0, 3.0, 2.0, 3.0, 1.0, 1.0], [3.0, 2.0, 1.0, 1.0, 3.0, 1.0, 3.0, 1.0, 1.0, 2.0, 1.0, 3.0, 2.0, 1.0, 3.0, 1.0, 1.0, 3.0, 1.0, 1.0, 2.0, 2.0, 1.0, 2.0, 3.0, 1.0, 1.0, 2.0, 1.0, 2.0, 3.0, 2.0, 1.0, 1.0, 3.0, 3.0, 3.0, 1.0, 1.0], [2.0, 1.0, 1.0, 1.0, 3.0, 1.0, 3.0, 1.0, 1.0, 1.0, 3.0, 3.0, 2.0, 1.0, 3.0, 1.0, 1.0, 3.0, 1.0, 1.0, 2.0, 2.0, 1.0, 2.0, 3.0, 1.0, 1.0, 1.0, 1.0, 1.0, 3.0, 1.0, 1.0, 1.0, 3.0, 2.0, 3.0, 1.0, 1.0], [3.0, 1.0, 1.0, 1.0, 3.0, 2.0, 3.0, 1.0, 1.0, 2.0, 1.0, 3.0, 1.0, 1.0, 3.0, 1.0, 1.0, 3.0, 1.0, 1.0, 2.0, 2.0, 1.0, 2.0, 3.0, 1.0, 1.0, 1.0, 1.0, 2.0, 3.0, 1.0, 1.0, 1.0, 3.0, 2.0, 3.0, 1.0, 1.0], [3.0, 1.0, 2.0, 1.0, 3.0, 2.0, 3.0, 1.0, 1.0, 1.0, 3.0, 3.0, 1.0, 1.0, 3.0, 1.0, 1.0, 2.0, 1.0, 1.0, 2.0, 1.0, 1.0, 2.0, 3.0, 1.0, 1.0, 1.0, 1.0, 3.0, 3.0, 2.0, 1.0, 1.0, 3.0, 1.0, 3.0, 1.0, 1.0], [3.0, 1.0, 2.0, 1.0, 3.0, 2.0, 3.0, 1.0, 1.0, 1.0, 2.0, 3.0, 2.0, 1.0, 3.0, 1.0, 1.0, 3.0, 1.0, 1.0, 2.0, 1.0, 1.0, 2.0, 3.0, 1.0, 1.0, 1.0, 1.0, 1.0, 3.0, 1.0, 1.0, 1.0, 3.0, 3.0, 3.0, 1.0, 1.0], [3.0, 2.0, 1.0, 1.0, 3.0, 1.0, 3.0, 1.0, 1.0, 1.0, 2.0, 3.0, 1.0, 1.0, 3.0, 1.0, 1.0, 2.0, 1.0, 1.0, 2.0, 1.0, 1.0, 2.0, 3.0, 1.0, 1.0, 1.0, 1.0, 2.0, 3.0, 2.0, 1.0, 1.0, 3.0, 1.0, 3.0, 1.0, 1.0], [3.0, 1.0, 1.0, 1.0, 3.0, 1.0, 3.0, 1.0, 1.0, 1.0, 3.0, 3.0, 1.0, 1.0, 3.0, 1.0, 1.0, 3.0, 1.0, 1.0, 2.0, 2.0, 1.0, 2.0, 3.0, 1.0, 1.0, 1.0, 1.0, 2.0, 3.0, 2.0, 1.0, 1.0, 3.0, 2.0, 3.0, 1.0, 1.0], [3.0, 1.0, 1.0, 1.0, 3.0, 1.0, 3.0, 1.0, 1.0, 1.0, 1.0, 3.0, 2.0, 1.0, 3.0, 1.0, 1.0, 2.0, 1.0, 1.0, 2.0, 1.0, 1.0, 2.0, 3.0, 1.0, 1.0, 1.0, 1.0, 2.0, 2.0, 2.0, 1.0, 1.0, 3.0, 3.0, 3.0, 1.0, 1.0], [3.0, 1.0, 1.0, 1.0, 3.0, 1.0, 3.0, 1.0, 1.0, 2.0, 1.0, 3.0, 2.0, 1.0, 3.0, 1.0, 1.0, 3.0, 1.0, 1.0, 2.0, 2.0, 1.0, 2.0, 3.0, 1.0, 1.0, 1.0, 1.0, 2.0, 2.0, 2.0, 1.0, 1.0, 3.0, 3.0, 3.0, 1.0, 1.0], [3.0, 1.0, 1.0, 1.0, 3.0, 1.0, 3.0, 1.0, 1.0, 1.0, 3.0, 3.0, 1.0, 1.0, 3.0, 1.0, 1.0, 3.0, 1.0, 1.0, 2.0, 2.0, 1.0, 2.0, 3.0, 1.0, 1.0, 1.0, 1.0, 3.0, 3.0, 2.0, 1.0, 1.0, 3.0, 3.0, 3.0, 1.0, 1.0], [3.0, 1.0, 1.0, 1.0, 3.0, 2.0, 3.0, 1.0, 1.0, 1.0, 3.0, 3.0, 2.0, 1.0, 3.0, 1.0, 1.0, 3.0, 1.0, 1.0, 2.0, 1.0, 1.0, 2.0, 3.0, 1.0, 1.0, 2.0, 1.0, 2.0, 2.0, 1.0, 1.0, 1.0, 3.0, 3.0, 3.0, 1.0, 1.0], [3.0, 1.0, 1.0, 1.0, 3.0, 1.0, 3.0, 1.0, 1.0, 1.0, 1.0, 3.0, 1.0, 1.0, 3.0, 1.0, 1.0, 2.0, 1.0, 1.0, 2.0, 2.0, 1.0, 2.0, 3.0, 1.0, 1.0, 1.0, 1.0, 2.0, 3.0, 2.0, 1.0, 1.0, 3.0, 3.0, 3.0, 1.0, 1.0], [3.0, 2.0, 1.0, 1.0, 3.0, 1.0, 3.0, 1.0, 1.0, 1.0, 1.0, 3.0, 1.0, 1.0, 3.0, 1.0, 1.0, 3.0, 1.0, 1.0, 2.0, 2.0, 1.0, 2.0, 3.0, 1.0, 1.0, 1.0, 1.0, 3.0, 3.0, 2.0, 1.0, 1.0, 3.0, 2.0, 3.0, 1.0, 1.0], [3.0, 1.0, 1.0, 1.0, 3.0, 1.0, 3.0, 1.0, 1.0, 1.0, 2.0, 3.0, 2.0, 1.0, 3.0, 1.0, 1.0, 3.0, 1.0, 1.0, 2.0, 1.0, 1.0, 2.0, 3.0, 1.0, 1.0, 1.0, 1.0, 3.0, 3.0, 2.0, 1.0, 1.0, 3.0, 1.0, 3.0, 1.0, 1.0], [3.0, 1.0, 1.0, 1.0, 3.0, 2.0, 3.0, 1.0, 2.0, 2.0, 1.0, 3.0, 2.0, 1.0, 3.0, 1.0, 1.0, 3.0, 1.0, 1.0, 2.0, 2.0, 1.0, 2.0, 3.0, 1.0, 1.0, 1.0, 1.0, 3.0, 2.0, 2.0, 1.0, 1.0, 3.0, 2.0, 3.0, 1.0, 1.0], [3.0, 1.0, 1.0, 2.0, 3.0, 1.0, 3.0, 1.0, 1.0, 1.0, 2.0, 3.0, 1.0, 1.0, 3.0, 1.0, 1.0, 3.0, 1.0, 1.0, 2.0, 2.0, 1.0, 2.0, 3.0, 1.0, 1.0, 1.0, 1.0, 2.0, 2.0, 2.0, 1.0, 1.0, 3.0, 1.0, 3.0, 1.0, 1.0], [3.0, 1.0, 1.0, 1.0, 3.0, 1.0, 3.0, 1.0, 1.0, 1.0, 3.0, 3.0, 1.0, 1.0, 3.0, 1.0, 1.0, 3.0, 1.0, 1.0, 2.0, 2.0, 1.0, 2.0, 3.0, 1.0, 1.0, 1.0, 1.0, 2.0, 3.0, 1.0, 1.0, 1.0, 3.0, 2.0, 3.0, 1.0, 1.0], [3.0, 1.0, 1.0, 1.0, 3.0, 1.0, 3.0, 1.0, 1.0, 1.0, 2.0, 3.0, 2.0, 1.0, 3.0, 1.0, 1.0, 3.0, 1.0, 1.0, 2.0, 1.0, 1.0, 2.0, 3.0, 1.0, 1.0, 1.0, 1.0, 1.0, 2.0, 1.0, 1.0, 1.0, 3.0, 2.0, 3.0, 1.0, 1.0], [3.0, 1.0, 2.0, 1.0, 3.0, 2.0, 3.0, 1.0, 1.0, 1.0, 1.0, 3.0, 2.0, 1.0, 3.0, 1.0, 1.0, 3.0, 1.0, 1.0, 2.0, 1.0, 1.0, 2.0, 3.0, 1.0, 1.0, 1.0, 1.0, 2.0, 3.0, 1.0, 1.0, 1.0, 3.0, 3.0, 3.0, 1.0, 1.0], [3.0, 1.0, 1.0, 1.0, 3.0, 1.0, 3.0, 1.0, 1.0, 1.0, 2.0, 3.0, 2.0, 1.0, 3.0, 1.0, 1.0, 3.0, 1.0, 1.0, 2.0, 1.0, 1.0, 2.0, 3.0, 1.0, 1.0, 1.0, 1.0, 1.0, 2.0, 1.0, 1.0, 1.0, 3.0, 3.0, 3.0, 1.0, 1.0], [3.0, 1.0, 2.0, 1.0, 3.0, 1.0, 3.0, 1.0, 1.0, 2.0, 1.0, 3.0, 2.0, 1.0, 3.0, 1.0, 1.0, 3.0, 1.0, 1.0, 2.0, 2.0, 1.0, 2.0, 3.0, 1.0, 1.0, 1.0, 1.0, 2.0, 3.0, 2.0, 1.0, 1.0, 3.0, 2.0, 3.0, 1.0, 1.0], [3.0, 1.0, 1.0, 1.0, 3.0, 1.0, 3.0, 1.0, 1.0, 1.0, 1.0, 3.0, 2.0, 1.0, 3.0, 1.0, 1.0, 2.0, 1.0, 1.0, 2.0, 2.0, 1.0, 2.0, 3.0, 1.0, 1.0, 1.0, 1.0, 3.0, 3.0, 1.0, 1.0, 1.0, 3.0, 2.0, 3.0, 1.0, 1.0], [3.0, 1.0, 1.0, 1.0, 3.0, 2.0, 3.0, 1.0, 1.0, 1.0, 2.0, 3.0, 3.0, 1.0, 3.0, 1.0, 1.0, 3.0, 1.0, 1.0, 2.0, 1.0, 1.0, 2.0, 3.0, 1.0, 1.0, 1.0, 1.0, 3.0, 3.0, 2.0, 1.0, 1.0, 3.0, 3.0, 3.0, 1.0, 1.0], [3.0, 1.0, 1.0, 1.0, 3.0, 1.0, 3.0, 1.0, 1.0, 1.0, 3.0, 3.0, 2.0, 1.0, 3.0, 1.0, 1.0, 3.0, 1.0, 1.0, 2.0, 2.0, 1.0, 2.0, 3.0, 1.0, 1.0, 1.0, 1.0, 3.0, 3.0, 2.0, 1.0, 1.0, 3.0, 2.0, 3.0, 1.0, 1.0], [3.0, 2.0, 2.0, 1.0, 3.0, 1.0, 3.0, 1.0, 1.0, 1.0, 2.0, 3.0, 2.0, 1.0, 3.0, 1.0, 1.0, 3.0, 1.0, 1.0, 2.0, 2.0, 1.0, 2.0, 3.0, 1.0, 1.0, 2.0, 1.0, 2.0, 3.0, 2.0, 1.0, 1.0, 3.0, 2.0, 3.0, 1.0, 1.0], [3.0, 1.0, 1.0, 1.0, 3.0, 1.0, 3.0, 1.0, 1.0, 1.0, 1.0, 3.0, 1.0, 1.0, 3.0, 1.0, 1.0, 3.0, 1.0, 1.0, 2.0, 2.0, 1.0, 2.0, 3.0, 1.0, 1.0, 1.0, 1.0, 2.0, 2.0, 2.0, 1.0, 1.0, 3.0, 3.0, 3.0, 1.0, 1.0], [3.0, 1.0, 1.0, 1.0, 3.0, 1.0, 3.0, 1.0, 1.0, 1.0, 3.0, 3.0, 2.0, 1.0, 3.0, 1.0, 1.0, 3.0, 1.0, 1.0, 2.0, 2.0, 1.0, 2.0, 3.0, 1.0, 1.0, 1.0, 1.0, 2.0, 3.0, 2.0, 1.0, 1.0, 3.0, 1.0, 3.0, 1.0, 1.0], [3.0, 1.0, 2.0, 1.0, 3.0, 1.0, 3.0, 1.0, 1.0, 1.0, 2.0, 3.0, 2.0, 1.0, 3.0, 1.0, 1.0, 2.0, 1.0, 1.0, 2.0, 1.0, 1.0, 2.0, 3.0, 1.0, 1.0, 1.0, 1.0, 2.0, 3.0, 1.0, 1.0, 1.0, 3.0, 3.0, 3.0, 1.0, 1.0], [3.0, 1.0, 1.0, 1.0, 3.0, 1.0, 3.0, 1.0, 1.0, 1.0, 1.0, 3.0, 2.0, 1.0, 3.0, 1.0, 1.0, 3.0, 1.0, 1.0, 2.0, 1.0, 1.0, 2.0, 3.0, 1.0, 1.0, 1.0, 1.0, 2.0, 3.0, 1.0, 1.0, 1.0, 3.0, 3.0, 3.0, 1.0, 1.0], [3.0, 1.0, 1.0, 1.0, 3.0, 1.0, 3.0, 1.0, 2.0, 2.0, 1.0, 3.0, 1.0, 1.0, 3.0, 1.0, 1.0, 3.0, 1.0, 1.0, 2.0, 2.0, 1.0, 2.0, 3.0, 1.0, 1.0, 2.0, 1.0, 2.0, 2.0, 1.0, 1.0, 1.0, 3.0, 1.0, 3.0, 1.0, 1.0], [3.0, 2.0, 1.0, 1.0, 3.0, 1.0, 3.0, 1.0, 1.0, 1.0, 1.0, 3.0, 2.0, 1.0, 3.0, 1.0, 1.0, 3.0, 1.0, 1.0, 2.0, 2.0, 1.0, 2.0, 3.0, 1.0, 1.0, 1.0, 1.0, 1.0, 3.0, 2.0, 1.0, 1.0, 3.0, 3.0, 3.0, 1.0, 1.0], [3.0, 1.0, 1.0, 1.0, 3.0, 1.0, 3.0, 1.0, 1.0, 1.0, 1.0, 3.0, 2.0, 1.0, 3.0, 1.0, 1.0, 3.0, 1.0, 1.0, 2.0, 2.0, 1.0, 2.0, 3.0, 1.0, 1.0, 1.0, 1.0, 2.0, 2.0, 2.0, 1.0, 1.0, 3.0, 2.0, 3.0, 1.0, 1.0], [3.0, 1.0, 1.0, 1.0, 3.0, 1.0, 3.0, 1.0, 1.0, 1.0, 1.0, 3.0, 2.0, 1.0, 3.0, 1.0, 1.0, 3.0, 1.0, 1.0, 2.0, 2.0, 1.0, 2.0, 3.0, 1.0, 1.0, 2.0, 1.0, 2.0, 3.0, 2.0, 1.0, 1.0, 3.0, 2.0, 3.0, 1.0, 1.0], [3.0, 1.0, 2.0, 1.0, 3.0, 1.0, 3.0, 1.0, 1.0, 1.0, 1.0, 3.0, 1.0, 1.0, 3.0, 1.0, 1.0, 3.0, 1.0, 1.0, 2.0, 2.0, 1.0, 2.0, 3.0, 1.0, 1.0, 1.0, 1.0, 2.0, 3.0, 2.0, 1.0, 1.0, 3.0, 3.0, 3.0, 1.0, 1.0], [3.0, 1.0, 2.0, 1.0, 3.0, 1.0, 3.0, 1.0, 1.0, 1.0, 1.0, 3.0, 2.0, 1.0, 3.0, 1.0, 1.0, 3.0, 1.0, 1.0, 2.0, 2.0, 1.0, 2.0, 3.0, 1.0, 1.0, 1.0, 1.0, 2.0, 3.0, 2.0, 1.0, 1.0, 3.0, 2.0, 3.0, 1.0, 1.0], [3.0, 2.0, 1.0, 1.0, 3.0, 1.0, 3.0, 1.0, 1.0, 1.0, 1.0, 3.0, 1.0, 1.0, 3.0, 1.0, 1.0, 3.0, 1.0, 1.0, 2.0, 2.0, 1.0, 2.0, 3.0, 1.0, 1.0, 1.0, 1.0, 2.0, 2.0, 1.0, 1.0, 1.0, 3.0, 2.0, 3.0, 1.0, 1.0], [3.0, 1.0, 2.0, 1.0, 3.0, 1.0, 3.0, 1.0, 1.0, 1.0, 3.0, 3.0, 2.0, 1.0, 3.0, 1.0, 1.0, 3.0, 1.0, 1.0, 2.0, 2.0, 1.0, 2.0, 3.0, 1.0, 1.0, 1.0, 1.0, 3.0, 2.0, 2.0, 1.0, 1.0, 3.0, 3.0, 3.0, 1.0, 1.0], [3.0, 1.0, 1.0, 1.0, 3.0, 1.0, 3.0, 1.0, 1.0, 1.0, 1.0, 3.0, 2.0, 1.0, 3.0, 1.0, 1.0, 3.0, 1.0, 1.0, 2.0, 2.0, 1.0, 2.0, 3.0, 1.0, 1.0, 2.0, 1.0, 2.0, 3.0, 2.0, 1.0, 1.0, 3.0, 2.0, 3.0, 1.0, 1.0], [3.0, 2.0, 1.0, 1.0, 3.0, 1.0, 3.0, 1.0, 1.0, 1.0, 2.0, 3.0, 2.0, 1.0, 3.0, 1.0, 1.0, 3.0, 1.0, 1.0, 2.0, 1.0, 1.0, 2.0, 3.0, 1.0, 1.0, 1.0, 1.0, 2.0, 2.0, 2.0, 1.0, 1.0, 3.0, 3.0, 3.0, 1.0, 1.0], [3.0, 1.0, 1.0, 1.0, 3.0, 1.0, 3.0, 1.0, 2.0, 1.0, 3.0, 3.0, 2.0, 1.0, 3.0, 1.0, 1.0, 2.0, 1.0, 1.0, 2.0, 1.0, 1.0, 2.0, 3.0, 1.0, 1.0, 1.0, 1.0, 1.0, 3.0, 2.0, 1.0, 1.0, 3.0, 2.0, 3.0, 1.0, 1.0], [3.0, 1.0, 1.0, 1.0, 3.0, 1.0, 3.0, 1.0, 1.0, 2.0, 2.0, 3.0, 2.0, 1.0, 3.0, 1.0, 1.0, 3.0, 1.0, 1.0, 2.0, 2.0, 1.0, 2.0, 3.0, 1.0, 1.0, 1.0, 1.0, 2.0, 3.0, 1.0, 1.0, 1.0, 3.0, 1.0, 3.0, 1.0, 1.0], [3.0, 1.0, 1.0, 1.0, 3.0, 2.0, 3.0, 1.0, 2.0, 1.0, 1.0, 3.0, 2.0, 1.0, 3.0, 1.0, 1.0, 3.0, 1.0, 1.0, 2.0, 2.0, 1.0, 2.0, 3.0, 1.0, 1.0, 2.0, 1.0, 2.0, 3.0, 1.0, 1.0, 1.0, 3.0, 3.0, 3.0, 1.0, 1.0], [3.0, 1.0, 1.0, 1.0, 3.0, 1.0, 3.0, 1.0, 1.0, 1.0, 1.0, 3.0, 1.0, 1.0, 3.0, 1.0, 1.0, 3.0, 1.0, 1.0, 2.0, 1.0, 1.0, 2.0, 3.0, 1.0, 1.0, 1.0, 1.0, 2.0, 2.0, 2.0, 1.0, 1.0, 3.0, 3.0, 3.0, 1.0, 1.0], [3.0, 1.0, 1.0, 1.0, 3.0, 1.0, 3.0, 1.0, 1.0, 1.0, 1.0, 3.0, 2.0, 1.0, 3.0, 1.0, 1.0, 3.0, 1.0, 1.0, 2.0, 2.0, 1.0, 2.0, 3.0, 1.0, 1.0, 1.0, 1.0, 2.0, 3.0, 1.0, 1.0, 1.0, 3.0, 2.0, 3.0, 1.0, 1.0], [3.0, 1.0, 1.0, 1.0, 3.0, 2.0, 3.0, 1.0, 1.0, 2.0, 1.0, 3.0, 1.0, 1.0, 3.0, 1.0, 1.0, 3.0, 1.0, 1.0, 2.0, 1.0, 1.0, 2.0, 3.0, 1.0, 1.0, 1.0, 1.0, 2.0, 2.0, 2.0, 1.0, 1.0, 3.0, 3.0, 3.0, 1.0, 1.0]]

first layer check: Conv2d(6, 64, kernel_size=(7, 7), stride=(2, 2), padding=(3, 3), bias=False)

for model 2: mode acc: 0.6666666865348816, run mean acc: 0.6850000023841858, top-2 acc:0.8804166913032532, mode f1: 0.6666666865348816

model 2 mode preds
[3.0, 1.0, 1.0, 1.0, 3.0, 1.0, 2.0, 1.0, 1.0, 1.0, 1.0, 2.0, 2.0, 1.0, 3.0, 1.0, 1.0, 2.0, 1.0, 1.0, 2.0, 1.0, 1.0, 2.0, 3.0, 1.0, 1.0, 1.0, 1.0, 1.0, 2.0, 1.0, 1.0, 1.0, 2.0, 2.0, 3.0, 1.0, 1.0]

model 2 all preds
[[3.0, 1.0, 1.0, 1.0, 3.0, 1.0, 3.0, 1.0, 1.0, 1.0, 1.0, 1.0, 1.0, 1.0, 3.0, 1.0, 1.0, 1.0, 1.0, 1.0, 2.0, 1.0, 1.0, 1.0, 3.0, 1.0, 1.0, 1.0, 1.0, 1.0, 2.0, 1.0, 1.0, 1.0, 3.0, 1.0, 3.0, 1.0, 1.0], [2.0, 1.0, 1.0, 1.0, 3.0, 1.0, 2.0, 1.0, 1.0, 1.0, 1.0, 2.0, 2.0, 0.0, 3.0, 1.0, 1.0, 1.0, 1.0, 1.0, 2.0, 1.0, 1.0, 2.0, 2.0, 1.0, 1.0, 1.0, 1.0, 2.0, 2.0, 1.0, 1.0, 1.0, 2.0, 2.0, 3.0, 1.0, 1.0], [3.0, 1.0, 1.0, 1.0, 2.0, 1.0, 2.0, 1.0, 1.0, 1.0, 2.0, 2.0, 2.0, 1.0, 3.0, 1.0, 1.0, 2.0, 1.0, 1.0, 2.0, 1.0, 1.0, 2.0, 3.0, 1.0, 1.0, 1.0, 1.0, 2.0, 2.0, 1.0, 1.0, 1.0, 3.0, 1.0, 3.0, 1.0, 1.0], [3.0, 1.0, 1.0, 1.0, 2.0, 1.0, 2.0, 1.0, 1.0, 1.0, 1.0, 2.0, 1.0, 1.0, 3.0, 1.0, 1.0, 2.0, 1.0, 1.0, 2.0, 1.0, 1.0, 2.0, 2.0, 1.0, 1.0, 1.0, 1.0, 1.0, 2.0, 1.0, 1.0, 1.0, 2.0, 2.0, 3.0, 1.0, 1.0], [3.0, 1.0, 1.0, 1.0, 2.0, 1.0, 2.0, 1.0, 1.0, 1.0, 2.0, 2.0, 2.0, 1.0, 3.0, 1.0, 1.0, 2.0, 1.0, 1.0, 2.0, 1.0, 1.0, 1.0, 2.0, 1.0, 1.0, 1.0, 1.0, 2.0, 2.0, 1.0, 1.0, 1.0, 2.0, 1.0, 3.0, 1.0, 1.0], [3.0, 1.0, 1.0, 1.0, 3.0, 1.0, 2.0, 1.0, 1.0, 1.0, 1.0, 2.0, 2.0, 1.0, 3.0, 1.0, 1.0, 1.0, 1.0, 1.0, 2.0, 1.0, 1.0, 2.0, 3.0, 1.0, 1.0, 1.0, 1.0, 2.0, 2.0, 1.0, 1.0, 1.0, 3.0, 2.0, 3.0, 1.0, 1.0], [2.0, 1.0, 1.0, 1.0, 3.0, 2.0, 2.0, 1.0, 1.0, 1.0, 1.0, 1.0, 1.0, 1.0, 3.0, 1.0, 1.0, 2.0, 1.0, 1.0, 2.0, 1.0, 1.0, 1.0, 3.0, 1.0, 1.0, 1.0, 1.0, 2.0, 2.0, 1.0, 1.0, 1.0, 2.0, 2.0, 3.0, 1.0, 1.0], [3.0, 1.0, 1.0, 1.0, 2.0, 1.0, 2.0, 1.0, 1.0, 1.0, 1.0, 2.0, 1.0, 1.0, 3.0, 1.0, 1.0, 1.0, 1.0, 1.0, 2.0, 1.0, 1.0, 2.0, 3.0, 1.0, 1.0, 1.0, 1.0, 1.0, 2.0, 1.0, 1.0, 1.0, 2.0, 1.0, 3.0, 1.0, 1.0], [3.0, 1.0, 1.0, 1.0, 3.0, 1.0, 2.0, 1.0, 1.0, 1.0, 1.0, 2.0, 1.0, 1.0, 3.0, 1.0, 1.0, 2.0, 1.0, 1.0, 2.0, 1.0, 1.0, 1.0, 2.0, 1.0, 1.0, 1.0, 1.0, 1.0, 2.0, 1.0, 1.0, 1.0, 2.0, 2.0, 3.0, 1.0, 1.0], [3.0, 1.0, 1.0, 1.0, 3.0, 1.0, 2.0, 1.0, 1.0, 1.0, 1.0, 2.0, 1.0, 1.0, 3.0, 1.0, 1.0, 1.0, 1.0, 1.0, 2.0, 1.0, 1.0, 2.0, 2.0, 1.0, 0.0, 1.0, 1.0, 1.0, 2.0, 1.0, 1.0, 1.0, 2.0, 2.0, 3.0, 1.0, 1.0], [1.0, 1.0, 1.0, 1.0, 2.0, 1.0, 2.0, 1.0, 1.0, 1.0, 1.0, 2.0, 1.0, 1.0, 3.0, 1.0, 1.0, 1.0, 1.0, 1.0, 2.0, 1.0, 1.0, 1.0, 2.0, 1.0, 1.0, 1.0, 1.0, 2.0, 2.0, 1.0, 1.0, 1.0, 2.0, 1.0, 3.0, 1.0, 1.0], [2.0, 1.0, 1.0, 1.0, 3.0, 1.0, 2.0, 1.0, 1.0, 1.0, 1.0, 1.0, 2.0, 1.0, 3.0, 1.0, 1.0, 2.0, 1.0, 1.0, 2.0, 1.0, 1.0, 1.0, 3.0, 1.0, 1.0, 1.0, 1.0, 1.0, 2.0, 1.0, 1.0, 1.0, 2.0, 2.0, 3.0, 1.0, 1.0], [3.0, 1.0, 1.0, 1.0, 3.0, 1.0, 2.0, 1.0, 1.0, 1.0, 1.0, 2.0, 2.0, 1.0, 3.0, 1.0, 1.0, 1.0, 1.0, 1.0, 2.0, 1.0, 1.0, 2.0, 2.0, 1.0, 1.0, 1.0, 1.0, 2.0, 2.0, 1.0, 1.0, 1.0, 3.0, 2.0, 3.0, 1.0, 1.0], [3.0, 1.0, 1.0, 1.0, 3.0, 1.0, 2.0, 1.0, 1.0, 1.0, 1.0, 2.0, 2.0, 1.0, 3.0, 1.0, 1.0, 1.0, 1.0, 1.0, 2.0, 2.0, 1.0, 2.0, 2.0, 1.0, 1.0, 1.0, 1.0, 1.0, 2.0, 1.0, 1.0, 1.0, 2.0, 1.0, 3.0, 1.0, 1.0], [3.0, 1.0, 1.0, 1.0, 3.0, 1.0, 1.0, 1.0, 1.0, 1.0, 1.0, 2.0, 2.0, 1.0, 3.0, 1.0, 1.0, 2.0, 1.0, 1.0, 2.0, 2.0, 1.0, 1.0, 3.0, 1.0, 1.0, 1.0, 1.0, 2.0, 2.0, 1.0, 1.0, 1.0, 3.0, 2.0, 3.0, 1.0, 1.0], [3.0, 1.0, 1.0, 1.0, 3.0, 1.0, 3.0, 1.0, 1.0, 1.0, 1.0, 3.0, 2.0, 1.0, 3.0, 1.0, 1.0, 1.0, 1.0, 1.0, 2.0, 1.0, 1.0, 2.0, 2.0, 0.0, 1.0, 1.0, 1.0, 1.0, 2.0, 1.0, 1.0, 1.0, 3.0, 2.0, 3.0, 1.0, 1.0], [2.0, 1.0, 1.0, 1.0, 2.0, 1.0, 3.0, 1.0, 1.0, 1.0, 1.0, 2.0, 2.0, 1.0, 3.0, 1.0, 1.0, 2.0, 1.0, 1.0, 2.0, 1.0, 1.0, 1.0, 3.0, 1.0, 1.0, 1.0, 1.0, 1.0, 2.0, 1.0, 1.0, 1.0, 3.0, 2.0, 3.0, 1.0, 1.0], [3.0, 1.0, 1.0, 1.0, 2.0, 1.0, 2.0, 1.0, 1.0, 1.0, 1.0, 1.0, 2.0, 1.0, 3.0, 1.0, 1.0, 1.0, 1.0, 1.0, 2.0, 1.0, 1.0, 2.0, 3.0, 1.0, 1.0, 1.0, 1.0, 2.0, 2.0, 1.0, 1.0, 1.0, 2.0, 1.0, 3.0, 1.0, 1.0], [3.0, 1.0, 1.0, 1.0, 2.0, 1.0, 2.0, 1.0, 1.0, 1.0, 1.0, 2.0, 2.0, 1.0, 3.0, 1.0, 1.0, 1.0, 1.0, 1.0, 2.0, 1.0, 1.0, 2.0, 2.0, 1.0, 1.0, 1.0, 1.0, 1.0, 2.0, 1.0, 1.0, 1.0, 3.0, 2.0, 3.0, 1.0, 1.0], [2.0, 1.0, 1.0, 1.0, 2.0, 1.0, 2.0, 1.0, 1.0, 1.0, 1.0, 3.0, 1.0, 1.0, 3.0, 1.0, 1.0, 2.0, 1.0, 1.0, 1.0, 1.0, 1.0, 2.0, 3.0, 1.0, 1.0, 1.0, 1.0, 2.0, 2.0, 1.0, 1.0, 1.0, 2.0, 1.0, 3.0, 1.0, 1.0], [2.0, 1.0, 1.0, 1.0, 2.0, 1.0, 3.0, 1.0, 1.0, 1.0, 1.0, 2.0, 1.0, 1.0, 3.0, 1.0, 1.0, 2.0, 1.0, 1.0, 1.0, 1.0, 1.0, 2.0, 3.0, 1.0, 1.0, 1.0, 1.0, 1.0, 2.0, 1.0, 1.0, 1.0, 2.0, 1.0, 3.0, 1.0, 1.0], [3.0, 1.0, 1.0, 1.0, 3.0, 1.0, 2.0, 1.0, 1.0, 1.0, 1.0, 2.0, 1.0, 1.0, 3.0, 1.0, 1.0, 1.0, 1.0, 1.0, 2.0, 1.0, 1.0, 1.0, 3.0, 1.0, 1.0, 1.0, 1.0, 1.0, 2.0, 1.0, 1.0, 1.0, 2.0, 2.0, 3.0, 1.0, 1.0], [3.0, 1.0, 1.0, 1.0, 2.0, 1.0, 2.0, 1.0, 1.0, 1.0, 2.0, 2.0, 2.0, 1.0, 3.0, 1.0, 1.0, 2.0, 1.0, 1.0, 2.0, 1.0, 1.0, 1.0, 2.0, 1.0, 1.0, 1.0, 1.0, 2.0, 2.0, 1.0, 1.0, 1.0, 3.0, 2.0, 3.0, 1.0, 1.0], [3.0, 1.0, 1.0, 1.0, 2.0, 1.0, 2.0, 1.0, 1.0, 1.0, 1.0, 2.0, 1.0, 1.0, 3.0, 1.0, 1.0, 2.0, 1.0, 1.0, 2.0, 1.0, 1.0, 2.0, 3.0, 1.0, 1.0, 1.0, 1.0, 1.0, 2.0, 1.0, 1.0, 1.0, 3.0, 2.0, 3.0, 1.0, 1.0], [3.0, 1.0, 1.0, 1.0, 3.0, 1.0, 2.0, 1.0, 1.0, 1.0, 1.0, 2.0, 1.0, 1.0, 2.0, 1.0, 1.0, 2.0, 1.0, 1.0, 2.0, 2.0, 1.0, 2.0, 2.0, 1.0, 1.0, 1.0, 1.0, 1.0, 2.0, 1.0, 1.0, 1.0, 2.0, 2.0, 3.0, 1.0, 1.0], [3.0, 1.0, 1.0, 1.0, 2.0, 1.0, 2.0, 1.0, 1.0, 1.0, 1.0, 2.0, 2.0, 1.0, 3.0, 1.0, 1.0, 1.0, 1.0, 1.0, 2.0, 1.0, 1.0, 1.0, 3.0, 1.0, 1.0, 1.0, 1.0, 1.0, 2.0, 1.0, 1.0, 1.0, 2.0, 2.0, 3.0, 1.0, 1.0], [3.0, 1.0, 1.0, 1.0, 3.0, 1.0, 2.0, 1.0, 1.0, 1.0, 1.0, 2.0, 2.0, 1.0, 3.0, 1.0, 1.0, 1.0, 1.0, 1.0, 2.0, 1.0, 1.0, 2.0, 3.0, 1.0, 1.0, 1.0, 1.0, 1.0, 2.0, 1.0, 1.0, 1.0, 2.0, 1.0, 3.0, 1.0, 1.0], [3.0, 1.0, 1.0, 1.0, 3.0, 1.0, 2.0, 1.0, 1.0, 1.0, 1.0, 2.0, 1.0, 1.0, 3.0, 1.0, 1.0, 2.0, 1.0, 1.0, 2.0, 1.0, 1.0, 1.0, 2.0, 1.0, 1.0, 1.0, 1.0, 1.0, 2.0, 1.0, 1.0, 1.0, 3.0, 2.0, 3.0, 1.0, 1.0], [3.0, 1.0, 1.0, 1.0, 3.0, 1.0, 2.0, 1.0, 1.0, 1.0, 1.0, 2.0, 2.0, 1.0, 3.0, 1.0, 1.0, 2.0, 1.0, 1.0, 2.0, 1.0, 1.0, 2.0, 2.0, 1.0, 1.0, 1.0, 1.0, 2.0, 2.0, 1.0, 1.0, 1.0, 2.0, 2.0, 3.0, 1.0, 1.0], [3.0, 1.0, 1.0, 1.0, 2.0, 1.0, 3.0, 1.0, 1.0, 1.0, 1.0, 2.0, 1.0, 1.0, 3.0, 1.0, 1.0, 1.0, 1.0, 1.0, 2.0, 2.0, 1.0, 2.0, 2.0, 1.0, 1.0, 1.0, 1.0, 1.0, 2.0, 1.0, 1.0, 1.0, 3.0, 1.0, 3.0, 1.0, 1.0], [3.0, 1.0, 1.0, 1.0, 2.0, 1.0, 2.0, 1.0, 1.0, 1.0, 1.0, 2.0, 2.0, 1.0, 3.0, 1.0, 1.0, 2.0, 1.0, 1.0, 1.0, 1.0, 1.0, 2.0, 2.0, 1.0, 1.0, 1.0, 1.0, 1.0, 2.0, 1.0, 1.0, 1.0, 2.0, 1.0, 3.0, 1.0, 1.0], [3.0, 1.0, 1.0, 1.0, 2.0, 1.0, 2.0, 1.0, 1.0, 1.0, 1.0, 1.0, 2.0, 1.0, 3.0, 1.0, 1.0, 1.0, 1.0, 1.0, 2.0, 1.0, 1.0, 2.0, 2.0, 1.0, 1.0, 1.0, 1.0, 2.0, 1.0, 2.0, 1.0, 1.0, 2.0, 2.0, 3.0, 1.0, 1.0], [3.0, 1.0, 1.0, 1.0, 3.0, 1.0, 1.0, 1.0, 1.0, 1.0, 1.0, 2.0, 2.0, 1.0, 3.0, 1.0, 1.0, 2.0, 1.0, 1.0, 2.0, 2.0, 1.0, 2.0, 3.0, 1.0, 1.0, 1.0, 1.0, 1.0, 2.0, 1.0, 1.0, 1.0, 3.0, 2.0, 3.0, 1.0, 1.0], [3.0, 1.0, 1.0, 1.0, 3.0, 1.0, 2.0, 1.0, 1.0, 1.0, 1.0, 2.0, 2.0, 1.0, 3.0, 1.0, 1.0, 2.0, 1.0, 1.0, 2.0, 1.0, 1.0, 1.0, 3.0, 1.0, 1.0, 1.0, 1.0, 2.0, 2.0, 1.0, 1.0, 1.0, 3.0, 2.0, 3.0, 1.0, 1.0], [3.0, 1.0, 1.0, 1.0, 3.0, 1.0, 3.0, 1.0, 1.0, 1.0, 1.0, 2.0, 1.0, 1.0, 3.0, 1.0, 1.0, 2.0, 1.0, 1.0, 2.0, 1.0, 1.0, 2.0, 3.0, 1.0, 1.0, 1.0, 1.0, 1.0, 2.0, 1.0, 1.0, 1.0, 2.0, 2.0, 3.0, 1.0, 1.0], [3.0, 2.0, 1.0, 1.0, 3.0, 1.0, 2.0, 1.0, 1.0, 1.0, 1.0, 2.0, 2.0, 1.0, 3.0, 1.0, 1.0, 2.0, 1.0, 1.0, 2.0, 1.0, 1.0, 2.0, 3.0, 1.0, 1.0, 1.0, 1.0, 1.0, 2.0, 1.0, 1.0, 1.0, 2.0, 2.0, 3.0, 1.0, 1.0], [3.0, 1.0, 1.0, 1.0, 3.0, 1.0, 2.0, 1.0, 1.0, 1.0, 1.0, 2.0, 2.0, 1.0, 3.0, 1.0, 1.0, 2.0, 1.0, 1.0, 1.0, 1.0, 1.0, 2.0, 3.0, 1.0, 1.0, 1.0, 1.0, 2.0, 2.0, 1.0, 1.0, 1.0, 3.0, 2.0, 3.0, 1.0, 1.0], [3.0, 1.0, 1.0, 1.0, 2.0, 1.0, 2.0, 1.0, 1.0, 1.0, 1.0, 2.0, 2.0, 1.0, 3.0, 1.0, 1.0, 2.0, 1.0, 1.0, 2.0, 2.0, 1.0, 2.0, 2.0, 1.0, 1.0, 1.0, 1.0, 1.0, 2.0, 1.0, 1.0, 1.0, 2.0, 1.0, 3.0, 1.0, 1.0], [3.0, 1.0, 1.0, 1.0, 3.0, 1.0, 2.0, 1.0, 1.0, 1.0, 1.0, 2.0, 2.0, 1.0, 3.0, 1.0, 1.0, 1.0, 1.0, 1.0, 2.0, 1.0, 1.0, 2.0, 2.0, 1.0, 1.0, 1.0, 1.0, 2.0, 2.0, 1.0, 1.0, 1.0, 2.0, 2.0, 3.0, 1.0, 1.0], [3.0, 1.0, 1.0, 1.0, 3.0, 1.0, 2.0, 1.0, 1.0, 1.0, 1.0, 2.0, 2.0, 1.0, 3.0, 1.0, 1.0, 2.0, 1.0, 1.0, 1.0, 1.0, 1.0, 2.0, 3.0, 1.0, 1.0, 1.0, 1.0, 2.0, 2.0, 1.0, 1.0, 1.0, 3.0, 2.0, 3.0, 1.0, 1.0], [3.0, 1.0, 1.0, 1.0, 3.0, 1.0, 2.0, 1.0, 1.0, 1.0, 1.0, 2.0, 2.0, 1.0, 3.0, 1.0, 1.0, 2.0, 1.0, 1.0, 2.0, 1.0, 1.0, 2.0, 3.0, 1.0, 1.0, 1.0, 1.0, 2.0, 2.0, 1.0, 1.0, 1.0, 2.0, 2.0, 3.0, 1.0, 1.0], [3.0, 1.0, 1.0, 1.0, 3.0, 1.0, 2.0, 1.0, 1.0, 1.0, 1.0, 2.0, 2.0, 1.0, 3.0, 1.0, 1.0, 2.0, 1.0, 1.0, 2.0, 1.0, 1.0, 2.0, 3.0, 1.0, 1.0, 1.0, 1.0, 2.0, 2.0, 1.0, 1.0, 1.0, 2.0, 1.0, 3.0, 1.0, 1.0], [3.0, 1.0, 1.0, 1.0, 2.0, 1.0, 2.0, 1.0, 1.0, 1.0, 1.0, 2.0, 1.0, 1.0, 3.0, 1.0, 1.0, 1.0, 1.0, 1.0, 2.0, 1.0, 1.0, 1.0, 3.0, 1.0, 1.0, 1.0, 1.0, 1.0, 2.0, 1.0, 1.0, 1.0, 2.0, 2.0, 3.0, 1.0, 1.0], [3.0, 1.0, 1.0, 1.0, 2.0, 1.0, 2.0, 1.0, 1.0, 1.0, 1.0, 2.0, 2.0, 1.0, 3.0, 1.0, 1.0, 1.0, 1.0, 1.0, 2.0, 1.0, 1.0, 2.0, 2.0, 1.0, 1.0, 1.0, 1.0, 1.0, 2.0, 1.0, 1.0, 1.0, 2.0, 2.0, 3.0, 1.0, 1.0], [1.0, 1.0, 1.0, 1.0, 3.0, 1.0, 2.0, 1.0, 1.0, 1.0, 1.0, 3.0, 2.0, 1.0, 3.0, 1.0, 1.0, 2.0, 1.0, 1.0, 2.0, 1.0, 1.0, 1.0, 3.0, 1.0, 1.0, 1.0, 1.0, 2.0, 2.0, 1.0, 1.0, 1.0, 2.0, 1.0, 3.0, 1.0, 1.0], [3.0, 1.0, 1.0, 1.0, 2.0, 1.0, 3.0, 1.0, 1.0, 1.0, 1.0, 2.0, 2.0, 1.0, 3.0, 1.0, 1.0, 2.0, 1.0, 1.0, 1.0, 1.0, 1.0, 2.0, 3.0, 1.0, 1.0, 1.0, 1.0, 1.0, 2.0, 1.0, 1.0, 1.0, 2.0, 2.0, 3.0, 1.0, 1.0], [3.0, 1.0, 1.0, 1.0, 1.0, 1.0, 2.0, 1.0, 1.0, 1.0, 1.0, 2.0, 2.0, 1.0, 3.0, 1.0, 1.0, 2.0, 1.0, 1.0, 2.0, 1.0, 1.0, 2.0, 2.0, 1.0, 1.0, 1.0, 1.0, 2.0, 2.0, 1.0, 1.0, 1.0, 2.0, 2.0, 3.0, 1.0, 1.0], [3.0, 1.0, 1.0, 1.0, 2.0, 1.0, 3.0, 1.0, 1.0, 1.0, 1.0, 2.0, 2.0, 1.0, 3.0, 1.0, 1.0, 1.0, 1.0, 1.0, 2.0, 1.0, 1.0, 2.0, 2.0, 1.0, 1.0, 1.0, 1.0, 2.0, 2.0, 1.0, 1.0, 1.0, 2.0, 1.0, 3.0, 1.0, 1.0], [3.0, 1.0, 1.0, 1.0, 2.0, 1.0, 2.0, 1.0, 1.0, 1.0, 1.0, 2.0, 1.0, 1.0, 3.0, 1.0, 1.0, 2.0, 1.0, 1.0, 1.0, 1.0, 1.0, 1.0, 2.0, 1.0, 1.0, 1.0, 1.0, 1.0, 2.0, 1.0, 1.0, 1.0, 3.0, 1.0, 3.0, 1.0, 1.0], [3.0, 1.0, 1.0, 1.0, 3.0, 1.0, 2.0, 1.0, 1.0, 1.0, 1.0, 2.0, 2.0, 1.0, 3.0, 1.0, 1.0, 2.0, 1.0, 1.0, 2.0, 1.0, 1.0, 2.0, 2.0, 1.0, 1.0, 1.0, 1.0, 1.0, 2.0, 1.0, 1.0, 1.0, 3.0, 2.0, 3.0, 1.0, 1.0]]

first layer check: Conv2d(6, 64, kernel_size=(7, 7), stride=(2, 2), padding=(3, 3), bias=False)

for model 3: mode acc: 0.7179487347602844, run mean acc: 0.7541667222976685, top-2 acc:0.9329166412353516, mode f1: 0.7179487347602844

model 3 mode preds
[3.0, 1.0, 1.0, 1.0, 3.0, 1.0, 2.0, 1.0, 1.0, 1.0, 2.0, 2.0, 2.0, 1.0, 3.0, 1.0, 1.0, 3.0, 1.0, 1.0, 2.0, 2.0, 1.0, 2.0, 3.0, 0.0, 1.0, 1.0, 1.0, 2.0, 2.0, 1.0, 1.0, 1.0, 3.0, 2.0, 3.0, 1.0, 1.0]

model 3 all preds
[[3.0, 1.0, 1.0, 1.0, 3.0, 2.0, 2.0, 1.0, 1.0, 1.0, 2.0, 3.0, 1.0, 1.0, 3.0, 1.0, 1.0, 2.0, 1.0, 1.0, 2.0, 1.0, 1.0, 2.0, 2.0, 1.0, 1.0, 1.0, 1.0, 2.0, 2.0, 1.0, 1.0, 1.0, 3.0, 2.0, 3.0, 1.0, 1.0], [3.0, 1.0, 1.0, 1.0, 3.0, 2.0, 3.0, 1.0, 1.0, 1.0, 2.0, 3.0, 2.0, 1.0, 3.0, 1.0, 1.0, 2.0, 1.0, 1.0, 2.0, 2.0, 1.0, 1.0, 2.0, 1.0, 1.0, 1.0, 1.0, 2.0, 2.0, 1.0, 1.0, 1.0, 3.0, 2.0, 3.0, 1.0, 1.0], [3.0, 1.0, 1.0, 1.0, 3.0, 1.0, 3.0, 1.0, 1.0, 1.0, 1.0, 3.0, 2.0, 1.0, 3.0, 1.0, 1.0, 2.0, 1.0, 1.0, 2.0, 2.0, 1.0, 2.0, 3.0, 1.0, 1.0, 1.0, 1.0, 2.0, 2.0, 1.0, 1.0, 1.0, 3.0, 3.0, 3.0, 1.0, 1.0], [3.0, 1.0, 1.0, 1.0, 3.0, 2.0, 3.0, 1.0, 1.0, 1.0, 2.0, 2.0, 2.0, 1.0, 3.0, 1.0, 1.0, 3.0, 1.0, 1.0, 2.0, 2.0, 1.0, 2.0, 3.0, 1.0, 1.0, 1.0, 1.0, 2.0, 2.0, 1.0, 1.0, 1.0, 3.0, 1.0, 3.0, 1.0, 1.0], [3.0, 1.0, 1.0, 1.0, 3.0, 1.0, 2.0, 1.0, 1.0, 1.0, 2.0, 2.0, 2.0, 1.0, 3.0, 1.0, 1.0, 3.0, 1.0, 1.0, 2.0, 1.0, 1.0, 2.0, 3.0, 1.0, 1.0, 1.0, 1.0, 2.0, 2.0, 1.0, 1.0, 1.0, 3.0, 2.0, 3.0, 1.0, 1.0], [3.0, 1.0, 1.0, 1.0, 3.0, 2.0, 3.0, 1.0, 1.0, 1.0, 2.0, 2.0, 2.0, 1.0, 3.0, 1.0, 1.0, 2.0, 1.0, 1.0, 2.0, 1.0, 1.0, 2.0, 3.0, 0.0, 1.0, 1.0, 1.0, 2.0, 2.0, 1.0, 1.0, 1.0, 3.0, 1.0, 3.0, 1.0, 1.0], [3.0, 1.0, 1.0, 1.0, 3.0, 1.0, 3.0, 1.0, 1.0, 1.0, 1.0, 3.0, 2.0, 1.0, 3.0, 0.0, 1.0, 3.0, 1.0, 1.0, 2.0, 1.0, 1.0, 2.0, 3.0, 0.0, 1.0, 1.0, 1.0, 2.0, 2.0, 1.0, 1.0, 1.0, 3.0, 3.0, 3.0, 1.0, 1.0], [3.0, 1.0, 1.0, 1.0, 3.0, 1.0, 2.0, 1.0, 1.0, 1.0, 1.0, 2.0, 2.0, 1.0, 3.0, 1.0, 1.0, 3.0, 1.0, 1.0, 2.0, 2.0, 1.0, 2.0, 3.0, 1.0, 1.0, 1.0, 1.0, 1.0, 2.0, 1.0, 1.0, 1.0, 3.0, 2.0, 3.0, 1.0, 1.0], [3.0, 1.0, 1.0, 1.0, 3.0, 2.0, 2.0, 1.0, 1.0, 2.0, 1.0, 2.0, 2.0, 1.0, 3.0, 0.0, 1.0, 3.0, 1.0, 1.0, 2.0, 2.0, 1.0, 2.0, 3.0, 0.0, 1.0, 1.0, 1.0, 1.0, 2.0, 1.0, 1.0, 1.0, 3.0, 1.0, 3.0, 1.0, 1.0], [3.0, 1.0, 1.0, 1.0, 3.0, 1.0, 3.0, 1.0, 1.0, 1.0, 1.0, 3.0, 1.0, 1.0, 3.0, 1.0, 1.0, 3.0, 1.0, 1.0, 2.0, 1.0, 1.0, 2.0, 3.0, 1.0, 1.0, 1.0, 1.0, 2.0, 3.0, 1.0, 1.0, 1.0, 3.0, 2.0, 3.0, 1.0, 1.0], [3.0, 1.0, 1.0, 1.0, 3.0, 1.0, 3.0, 1.0, 1.0, 1.0, 1.0, 2.0, 1.0, 1.0, 3.0, 1.0, 1.0, 3.0, 1.0, 1.0, 2.0, 2.0, 1.0, 2.0, 3.0, 0.0, 1.0, 1.0, 1.0, 2.0, 2.0, 1.0, 1.0, 1.0, 3.0, 1.0, 3.0, 1.0, 1.0], [3.0, 1.0, 1.0, 1.0, 2.0, 2.0, 2.0, 0.0, 1.0, 1.0, 2.0, 2.0, 2.0, 1.0, 3.0, 1.0, 1.0, 3.0, 1.0, 1.0, 2.0, 2.0, 1.0, 2.0, 3.0, 1.0, 1.0, 1.0, 1.0, 2.0, 3.0, 2.0, 1.0, 1.0, 3.0, 1.0, 3.0, 1.0, 1.0], [3.0, 1.0, 1.0, 1.0, 3.0, 1.0, 3.0, 1.0, 1.0, 1.0, 2.0, 2.0, 2.0, 1.0, 3.0, 0.0, 1.0, 3.0, 1.0, 1.0, 2.0, 1.0, 1.0, 2.0, 3.0, 1.0, 1.0, 1.0, 1.0, 2.0, 2.0, 2.0, 1.0, 1.0, 3.0, 2.0, 3.0, 1.0, 1.0], [3.0, 1.0, 1.0, 1.0, 3.0, 2.0, 3.0, 1.0, 1.0, 1.0, 1.0, 2.0, 2.0, 1.0, 3.0, 0.0, 1.0, 3.0, 1.0, 1.0, 2.0, 2.0, 1.0, 2.0, 3.0, 1.0, 1.0, 2.0, 1.0, 3.0, 2.0, 1.0, 1.0, 1.0, 3.0, 2.0, 3.0, 1.0, 1.0], [3.0, 1.0, 1.0, 1.0, 3.0, 1.0, 2.0, 1.0, 1.0, 1.0, 2.0, 3.0, 2.0, 1.0, 3.0, 1.0, 1.0, 3.0, 1.0, 1.0, 2.0, 2.0, 1.0, 2.0, 3.0, 1.0, 1.0, 1.0, 1.0, 2.0, 2.0, 1.0, 1.0, 1.0, 3.0, 2.0, 3.0, 1.0, 1.0], [3.0, 1.0, 1.0, 1.0, 3.0, 1.0, 3.0, 1.0, 1.0, 1.0, 2.0, 2.0, 2.0, 1.0, 3.0, 0.0, 0.0, 3.0, 1.0, 1.0, 2.0, 2.0, 1.0, 2.0, 2.0, 1.0, 1.0, 1.0, 1.0, 3.0, 3.0, 1.0, 1.0, 1.0, 3.0, 2.0, 3.0, 1.0, 1.0], [3.0, 1.0, 1.0, 1.0, 3.0, 2.0, 2.0, 1.0, 1.0, 1.0, 2.0, 2.0, 2.0, 1.0, 3.0, 1.0, 1.0, 3.0, 1.0, 1.0, 2.0, 2.0, 1.0, 2.0, 3.0, 1.0, 1.0, 1.0, 1.0, 3.0, 2.0, 1.0, 1.0, 1.0, 3.0, 3.0, 3.0, 1.0, 1.0], [3.0, 1.0, 1.0, 1.0, 3.0, 1.0, 3.0, 1.0, 1.0, 2.0, 1.0, 3.0, 2.0, 1.0, 3.0, 1.0, 1.0, 3.0, 1.0, 1.0, 2.0, 1.0, 1.0, 2.0, 3.0, 0.0, 1.0, 1.0, 1.0, 2.0, 2.0, 1.0, 1.0, 1.0, 3.0, 2.0, 3.0, 1.0, 1.0], [3.0, 1.0, 1.0, 1.0, 3.0, 2.0, 3.0, 1.0, 1.0, 1.0, 1.0, 3.0, 2.0, 1.0, 3.0, 1.0, 1.0, 3.0, 1.0, 1.0, 2.0, 1.0, 1.0, 1.0, 3.0, 0.0, 1.0, 1.0, 1.0, 2.0, 2.0, 1.0, 1.0, 1.0, 3.0, 2.0, 3.0, 1.0, 1.0], [3.0, 1.0, 1.0, 1.0, 3.0, 1.0, 3.0, 1.0, 1.0, 1.0, 2.0, 3.0, 2.0, 1.0, 3.0, 1.0, 1.0, 2.0, 1.0, 1.0, 2.0, 2.0, 1.0, 2.0, 3.0, 1.0, 1.0, 1.0, 1.0, 2.0, 3.0, 1.0, 1.0, 1.0, 2.0, 2.0, 3.0, 1.0, 1.0], [3.0, 1.0, 1.0, 1.0, 3.0, 1.0, 3.0, 1.0, 1.0, 1.0, 2.0, 2.0, 2.0, 1.0, 3.0, 1.0, 1.0, 2.0, 1.0, 1.0, 2.0, 1.0, 1.0, 2.0, 3.0, 1.0, 1.0, 1.0, 1.0, 2.0, 2.0, 1.0, 1.0, 1.0, 3.0, 3.0, 3.0, 1.0, 1.0], [3.0, 1.0, 1.0, 1.0, 3.0, 2.0, 3.0, 1.0, 1.0, 1.0, 1.0, 2.0, 1.0, 1.0, 3.0, 1.0, 1.0, 3.0, 1.0, 1.0, 2.0, 2.0, 1.0, 2.0, 3.0, 0.0, 1.0, 1.0, 1.0, 3.0, 2.0, 1.0, 1.0, 1.0, 3.0, 2.0, 3.0, 1.0, 1.0], [3.0, 1.0, 1.0, 1.0, 3.0, 1.0, 2.0, 1.0, 1.0, 1.0, 1.0, 3.0, 2.0, 1.0, 3.0, 1.0, 1.0, 2.0, 1.0, 1.0, 2.0, 1.0, 1.0, 2.0, 3.0, 0.0, 1.0, 1.0, 1.0, 2.0, 2.0, 1.0, 1.0, 1.0, 3.0, 2.0, 3.0, 1.0, 1.0], [3.0, 1.0, 1.0, 1.0, 3.0, 1.0, 2.0, 1.0, 1.0, 2.0, 1.0, 2.0, 2.0, 1.0, 3.0, 1.0, 1.0, 3.0, 1.0, 1.0, 2.0, 2.0, 1.0, 2.0, 3.0, 0.0, 1.0, 1.0, 1.0, 2.0, 2.0, 1.0, 1.0, 1.0, 3.0, 3.0, 3.0, 1.0, 1.0], [3.0, 1.0, 1.0, 1.0, 3.0, 2.0, 2.0, 1.0, 1.0, 1.0, 2.0, 3.0, 2.0, 1.0, 3.0, 1.0, 1.0, 2.0, 1.0, 1.0, 2.0, 1.0, 1.0, 2.0, 3.0, 0.0, 1.0, 1.0, 1.0, 2.0, 2.0, 1.0, 1.0, 1.0, 3.0, 2.0, 3.0, 1.0, 1.0], [3.0, 1.0, 1.0, 1.0, 3.0, 2.0, 2.0, 1.0, 1.0, 1.0, 2.0, 3.0, 2.0, 1.0, 3.0, 1.0, 1.0, 2.0, 1.0, 1.0, 2.0, 2.0, 1.0, 2.0, 3.0, 1.0, 1.0, 1.0, 1.0, 2.0, 2.0, 1.0, 1.0, 1.0, 3.0, 1.0, 3.0, 1.0, 1.0], [3.0, 1.0, 1.0, 1.0, 3.0, 2.0, 2.0, 1.0, 1.0, 1.0, 1.0, 2.0, 2.0, 1.0, 3.0, 1.0, 1.0, 2.0, 1.0, 1.0, 2.0, 1.0, 1.0, 2.0, 3.0, 0.0, 1.0, 1.0, 1.0, 2.0, 2.0, 1.0, 1.0, 1.0, 3.0, 2.0, 3.0, 1.0, 1.0], [3.0, 1.0, 1.0, 1.0, 3.0, 2.0, 3.0, 1.0, 1.0, 1.0, 2.0, 2.0, 2.0, 1.0, 3.0, 1.0, 1.0, 2.0, 1.0, 1.0, 2.0, 1.0, 1.0, 2.0, 3.0, 0.0, 1.0, 1.0, 1.0, 2.0, 2.0, 1.0, 1.0, 1.0, 3.0, 1.0, 3.0, 1.0, 1.0], [3.0, 1.0, 1.0, 1.0, 3.0, 1.0, 2.0, 1.0, 1.0, 1.0, 2.0, 2.0, 2.0, 1.0, 3.0, 1.0, 1.0, 3.0, 1.0, 1.0, 2.0, 1.0, 1.0, 2.0, 2.0, 0.0, 1.0, 1.0, 1.0, 3.0, 3.0, 1.0, 1.0, 1.0, 3.0, 2.0, 3.0, 1.0, 1.0], [3.0, 1.0, 1.0, 1.0, 3.0, 1.0, 2.0, 1.0, 1.0, 1.0, 1.0, 2.0, 2.0, 1.0, 3.0, 1.0, 1.0, 3.0, 1.0, 1.0, 2.0, 2.0, 1.0, 2.0, 3.0, 1.0, 1.0, 1.0, 1.0, 2.0, 2.0, 2.0, 1.0, 1.0, 3.0, 2.0, 3.0, 1.0, 1.0], [3.0, 1.0, 1.0, 1.0, 3.0, 1.0, 2.0, 1.0, 1.0, 1.0, 2.0, 3.0, 2.0, 1.0, 3.0, 1.0, 1.0, 3.0, 1.0, 1.0, 2.0, 1.0, 1.0, 2.0, 3.0, 0.0, 1.0, 1.0, 1.0, 2.0, 3.0, 1.0, 1.0, 1.0, 3.0, 2.0, 3.0, 1.0, 1.0], [3.0, 1.0, 1.0, 1.0, 3.0, 2.0, 3.0, 1.0, 1.0, 1.0, 2.0, 3.0, 2.0, 1.0, 3.0, 1.0, 1.0, 3.0, 1.0, 1.0, 2.0, 1.0, 1.0, 2.0, 3.0, 1.0, 1.0, 1.0, 1.0, 3.0, 2.0, 1.0, 1.0, 1.0, 3.0, 2.0, 3.0, 1.0, 1.0], [3.0, 1.0, 1.0, 1.0, 1.0, 1.0, 2.0, 1.0, 1.0, 1.0, 2.0, 2.0, 2.0, 1.0, 3.0, 1.0, 1.0, 2.0, 1.0, 1.0, 2.0, 2.0, 1.0, 2.0, 3.0, 0.0, 1.0, 1.0, 1.0, 2.0, 2.0, 1.0, 1.0, 1.0, 3.0, 2.0, 3.0, 1.0, 1.0], [3.0, 1.0, 1.0, 1.0, 3.0, 2.0, 2.0, 1.0, 1.0, 1.0, 2.0, 2.0, 2.0, 1.0, 3.0, 1.0, 1.0, 3.0, 1.0, 1.0, 2.0, 2.0, 1.0, 2.0, 3.0, 0.0, 1.0, 1.0, 2.0, 2.0, 2.0, 1.0, 1.0, 1.0, 3.0, 1.0, 3.0, 1.0, 1.0], [3.0, 1.0, 1.0, 1.0, 2.0, 2.0, 3.0, 1.0, 1.0, 2.0, 2.0, 2.0, 2.0, 1.0, 3.0, 1.0, 1.0, 3.0, 1.0, 1.0, 2.0, 2.0, 1.0, 2.0, 3.0, 1.0, 1.0, 1.0, 1.0, 2.0, 2.0, 2.0, 1.0, 1.0, 3.0, 2.0, 3.0, 1.0, 1.0], [3.0, 1.0, 1.0, 1.0, 2.0, 1.0, 2.0, 1.0, 1.0, 1.0, 1.0, 2.0, 1.0, 1.0, 3.0, 1.0, 1.0, 2.0, 1.0, 1.0, 2.0, 2.0, 1.0, 2.0, 3.0, 0.0, 1.0, 1.0, 1.0, 2.0, 2.0, 1.0, 1.0, 1.0, 3.0, 1.0, 3.0, 1.0, 1.0], [3.0, 1.0, 1.0, 1.0, 3.0, 2.0, 2.0, 1.0, 1.0, 1.0, 2.0, 2.0, 2.0, 1.0, 3.0, 0.0, 1.0, 3.0, 1.0, 1.0, 2.0, 1.0, 1.0, 2.0, 3.0, 0.0, 1.0, 1.0, 1.0, 2.0, 2.0, 1.0, 1.0, 1.0, 3.0, 2.0, 3.0, 1.0, 1.0], [3.0, 1.0, 1.0, 1.0, 3.0, 1.0, 2.0, 1.0, 1.0, 1.0, 2.0, 2.0, 2.0, 1.0, 3.0, 0.0, 1.0, 3.0, 1.0, 1.0, 2.0, 1.0, 1.0, 2.0, 3.0, 0.0, 1.0, 1.0, 1.0, 2.0, 3.0, 1.0, 1.0, 1.0, 3.0, 2.0, 3.0, 1.0, 1.0], [3.0, 1.0, 1.0, 1.0, 3.0, 2.0, 2.0, 1.0, 1.0, 1.0, 2.0, 2.0, 2.0, 1.0, 3.0, 1.0, 1.0, 2.0, 1.0, 1.0, 2.0, 2.0, 1.0, 2.0, 3.0, 1.0, 1.0, 1.0, 1.0, 1.0, 3.0, 1.0, 1.0, 1.0, 3.0, 2.0, 3.0, 1.0, 1.0], [3.0, 1.0, 1.0, 1.0, 3.0, 1.0, 2.0, 1.0, 1.0, 1.0, 2.0, 2.0, 2.0, 1.0, 3.0, 1.0, 1.0, 2.0, 1.0, 1.0, 2.0, 1.0, 1.0, 2.0, 3.0, 0.0, 1.0, 1.0, 1.0, 2.0, 2.0, 1.0, 1.0, 1.0, 3.0, 2.0, 3.0, 1.0, 1.0], [3.0, 1.0, 1.0, 1.0, 3.0, 2.0, 2.0, 1.0, 1.0, 1.0, 2.0, 3.0, 1.0, 1.0, 3.0, 0.0, 1.0, 3.0, 1.0, 1.0, 2.0, 2.0, 1.0, 2.0, 3.0, 1.0, 1.0, 1.0, 1.0, 2.0, 2.0, 1.0, 1.0, 1.0, 3.0, 3.0, 3.0, 1.0, 1.0], [3.0, 1.0, 1.0, 1.0, 3.0, 1.0, 2.0, 1.0, 1.0, 1.0, 2.0, 3.0, 1.0, 1.0, 3.0, 1.0, 1.0, 2.0, 1.0, 1.0, 2.0, 2.0, 1.0, 1.0, 3.0, 1.0, 1.0, 1.0, 1.0, 2.0, 2.0, 1.0, 1.0, 1.0, 3.0, 2.0, 3.0, 1.0, 1.0], [3.0, 1.0, 1.0, 1.0, 3.0, 1.0, 3.0, 1.0, 1.0, 1.0, 2.0, 2.0, 2.0, 1.0, 3.0, 1.0, 1.0, 3.0, 1.0, 1.0, 2.0, 1.0, 1.0, 2.0, 3.0, 1.0, 1.0, 1.0, 1.0, 2.0, 2.0, 1.0, 1.0, 1.0, 3.0, 2.0, 3.0, 1.0, 1.0], [3.0, 1.0, 1.0, 1.0, 3.0, 1.0, 3.0, 1.0, 1.0, 1.0, 2.0, 2.0, 2.0, 1.0, 3.0, 1.0, 0.0, 3.0, 1.0, 1.0, 2.0, 2.0, 1.0, 2.0, 3.0, 0.0, 1.0, 1.0, 1.0, 1.0, 2.0, 1.0, 1.0, 1.0, 3.0, 2.0, 3.0, 1.0, 1.0], [2.0, 1.0, 1.0, 1.0, 3.0, 2.0, 2.0, 1.0, 1.0, 1.0, 1.0, 3.0, 2.0, 1.0, 3.0, 1.0, 1.0, 3.0, 1.0, 1.0, 2.0, 2.0, 1.0, 2.0, 3.0, 0.0, 1.0, 1.0, 1.0, 2.0, 2.0, 1.0, 1.0, 1.0, 3.0, 2.0, 3.0, 1.0, 1.0], [3.0, 1.0, 1.0, 1.0, 3.0, 1.0, 2.0, 1.0, 1.0, 1.0, 2.0, 2.0, 2.0, 1.0, 3.0, 1.0, 1.0, 3.0, 1.0, 1.0, 2.0, 2.0, 1.0, 2.0, 3.0, 1.0, 1.0, 1.0, 1.0, 2.0, 2.0, 1.0, 1.0, 1.0, 3.0, 2.0, 3.0, 1.0, 1.0], [3.0, 1.0, 1.0, 1.0, 3.0, 2.0, 3.0, 1.0, 1.0, 1.0, 2.0, 2.0, 2.0, 1.0, 3.0, 1.0, 1.0, 3.0, 1.0, 1.0, 2.0, 1.0, 1.0, 1.0, 3.0, 0.0, 1.0, 1.0, 1.0, 2.0, 2.0, 1.0, 1.0, 1.0, 3.0, 1.0, 3.0, 1.0, 1.0], [2.0, 1.0, 1.0, 1.0, 3.0, 1.0, 2.0, 1.0, 1.0, 1.0, 2.0, 2.0, 1.0, 1.0, 3.0, 1.0, 1.0, 3.0, 1.0, 1.0, 2.0, 1.0, 1.0, 2.0, 3.0, 0.0, 1.0, 1.0, 1.0, 1.0, 2.0, 1.0, 1.0, 1.0, 3.0, 2.0, 3.0, 1.0, 1.0], [3.0, 1.0, 1.0, 1.0, 3.0, 2.0, 2.0, 1.0, 1.0, 1.0, 1.0, 3.0, 2.0, 1.0, 3.0, 1.0, 1.0, 3.0, 1.0, 1.0, 2.0, 2.0, 1.0, 2.0, 3.0, 0.0, 1.0, 1.0, 1.0, 2.0, 2.0, 1.0, 1.0, 1.0, 3.0, 3.0, 3.0, 1.0, 1.0], [3.0, 1.0, 1.0, 1.0, 3.0, 2.0, 2.0, 1.0, 1.0, 1.0, 1.0, 2.0, 1.0, 1.0, 3.0, 1.0, 1.0, 3.0, 1.0, 1.0, 2.0, 2.0, 1.0, 2.0, 3.0, 0.0, 1.0, 1.0, 1.0, 2.0, 2.0, 1.0, 1.0, 1.0, 2.0, 1.0, 3.0, 1.0, 1.0]]

first layer check: Conv2d(6, 64, kernel_size=(7, 7), stride=(2, 2), padding=(3, 3), bias=False)

for model 4: mode acc: 0.6153846383094788, run mean acc: 0.6858332753181458, top-2 acc:0.8837500214576721, mode f1: 0.6153846383094788

model 4 mode preds
[3.0, 1.0, 1.0, 1.0, 3.0, 1.0, 2.0, 1.0, 1.0, 1.0, 1.0, 2.0, 1.0, 1.0, 3.0, 1.0, 1.0, 2.0, 1.0, 1.0, 2.0, 1.0, 1.0, 2.0, 3.0, 1.0, 1.0, 1.0, 1.0, 2.0, 2.0, 1.0, 1.0, 1.0, 3.0, 2.0, 3.0, 1.0, 1.0]

model 4 all preds
[[2.0, 1.0, 1.0, 1.0, 2.0, 1.0, 2.0, 1.0, 1.0, 1.0, 1.0, 2.0, 2.0, 1.0, 3.0, 1.0, 1.0, 2.0, 1.0, 1.0, 2.0, 1.0, 1.0, 1.0, 2.0, 1.0, 1.0, 1.0, 1.0, 2.0, 2.0, 2.0, 1.0, 1.0, 3.0, 2.0, 3.0, 1.0, 1.0], [3.0, 1.0, 1.0, 1.0, 3.0, 1.0, 3.0, 1.0, 1.0, 1.0, 1.0, 2.0, 1.0, 1.0, 3.0, 1.0, 1.0, 2.0, 1.0, 1.0, 2.0, 1.0, 1.0, 2.0, 3.0, 1.0, 1.0, 1.0, 1.0, 2.0, 2.0, 1.0, 1.0, 1.0, 3.0, 2.0, 3.0, 1.0, 1.0], [3.0, 1.0, 1.0, 1.0, 3.0, 1.0, 2.0, 1.0, 1.0, 1.0, 1.0, 2.0, 1.0, 1.0, 3.0, 1.0, 1.0, 2.0, 1.0, 1.0, 2.0, 1.0, 1.0, 2.0, 2.0, 1.0, 1.0, 1.0, 1.0, 2.0, 2.0, 1.0, 1.0, 1.0, 3.0, 2.0, 3.0, 1.0, 1.0], [3.0, 1.0, 1.0, 1.0, 3.0, 1.0, 2.0, 1.0, 1.0, 1.0, 1.0, 2.0, 1.0, 1.0, 3.0, 1.0, 1.0, 1.0, 1.0, 1.0, 2.0, 1.0, 1.0, 1.0, 3.0, 1.0, 1.0, 1.0, 1.0, 1.0, 2.0, 1.0, 1.0, 1.0, 3.0, 2.0, 3.0, 1.0, 1.0], [3.0, 1.0, 1.0, 1.0, 3.0, 1.0, 2.0, 1.0, 1.0, 1.0, 2.0, 2.0, 1.0, 1.0, 3.0, 1.0, 1.0, 2.0, 1.0, 1.0, 2.0, 1.0, 1.0, 1.0, 2.0, 1.0, 1.0, 1.0, 1.0, 2.0, 2.0, 1.0, 1.0, 1.0, 3.0, 1.0, 3.0, 1.0, 1.0], [3.0, 1.0, 1.0, 1.0, 3.0, 1.0, 2.0, 1.0, 1.0, 1.0, 2.0, 3.0, 1.0, 1.0, 3.0, 1.0, 1.0, 2.0, 1.0, 1.0, 2.0, 2.0, 1.0, 2.0, 3.0, 1.0, 1.0, 1.0, 1.0, 1.0, 1.0, 1.0, 1.0, 1.0, 3.0, 1.0, 3.0, 1.0, 1.0], [3.0, 1.0, 1.0, 1.0, 3.0, 1.0, 2.0, 1.0, 1.0, 1.0, 1.0, 2.0, 2.0, 1.0, 3.0, 1.0, 1.0, 2.0, 1.0, 1.0, 2.0, 1.0, 1.0, 1.0, 2.0, 1.0, 1.0, 1.0, 1.0, 1.0, 2.0, 1.0, 1.0, 1.0, 3.0, 1.0, 3.0, 1.0, 1.0], [3.0, 1.0, 1.0, 1.0, 3.0, 1.0, 3.0, 1.0, 1.0, 1.0, 1.0, 2.0, 2.0, 1.0, 3.0, 1.0, 1.0, 2.0, 1.0, 1.0, 2.0, 2.0, 1.0, 2.0, 3.0, 1.0, 1.0, 1.0, 1.0, 2.0, 2.0, 1.0, 1.0, 1.0, 3.0, 2.0, 3.0, 1.0, 1.0], [3.0, 1.0, 1.0, 1.0, 2.0, 1.0, 2.0, 1.0, 1.0, 1.0, 1.0, 2.0, 2.0, 1.0, 3.0, 1.0, 1.0, 2.0, 1.0, 1.0, 2.0, 1.0, 1.0, 2.0, 3.0, 1.0, 1.0, 1.0, 1.0, 2.0, 2.0, 1.0, 1.0, 1.0, 3.0, 1.0, 3.0, 1.0, 1.0], [3.0, 1.0, 1.0, 1.0, 3.0, 1.0, 2.0, 1.0, 1.0, 1.0, 1.0, 2.0, 1.0, 1.0, 3.0, 1.0, 1.0, 2.0, 1.0, 1.0, 2.0, 1.0, 1.0, 2.0, 3.0, 1.0, 1.0, 1.0, 1.0, 1.0, 2.0, 1.0, 1.0, 1.0, 3.0, 1.0, 3.0, 1.0, 1.0], [3.0, 1.0, 1.0, 1.0, 2.0, 1.0, 2.0, 1.0, 1.0, 1.0, 1.0, 2.0, 2.0, 1.0, 3.0, 1.0, 1.0, 2.0, 1.0, 1.0, 2.0, 1.0, 1.0, 2.0, 3.0, 1.0, 1.0, 1.0, 1.0, 2.0, 2.0, 1.0, 1.0, 1.0, 3.0, 2.0, 3.0, 1.0, 1.0], [3.0, 1.0, 1.0, 1.0, 3.0, 1.0, 2.0, 1.0, 1.0, 1.0, 1.0, 2.0, 1.0, 1.0, 3.0, 1.0, 1.0, 2.0, 1.0, 1.0, 2.0, 1.0, 1.0, 2.0, 2.0, 1.0, 1.0, 1.0, 1.0, 2.0, 2.0, 1.0, 1.0, 1.0, 3.0, 2.0, 3.0, 1.0, 1.0], [2.0, 1.0, 1.0, 1.0, 2.0, 1.0, 2.0, 1.0, 1.0, 1.0, 2.0, 2.0, 2.0, 1.0, 3.0, 1.0, 1.0, 2.0, 1.0, 1.0, 2.0, 1.0, 1.0, 2.0, 3.0, 1.0, 1.0, 1.0, 1.0, 2.0, 2.0, 1.0, 1.0, 1.0, 2.0, 2.0, 3.0, 1.0, 1.0], [2.0, 1.0, 1.0, 1.0, 3.0, 1.0, 2.0, 1.0, 1.0, 1.0, 1.0, 2.0, 1.0, 1.0, 3.0, 1.0, 1.0, 2.0, 1.0, 1.0, 2.0, 1.0, 1.0, 2.0, 3.0, 1.0, 1.0, 1.0, 1.0, 1.0, 2.0, 1.0, 1.0, 1.0, 3.0, 2.0, 3.0, 1.0, 1.0], [3.0, 1.0, 1.0, 1.0, 3.0, 1.0, 2.0, 1.0, 1.0, 1.0, 1.0, 2.0, 1.0, 1.0, 3.0, 1.0, 1.0, 2.0, 1.0, 1.0, 2.0, 2.0, 1.0, 2.0, 3.0, 1.0, 1.0, 1.0, 1.0, 2.0, 2.0, 1.0, 1.0, 1.0, 3.0, 2.0, 3.0, 1.0, 1.0], [1.0, 1.0, 1.0, 1.0, 3.0, 1.0, 2.0, 1.0, 1.0, 1.0, 1.0, 2.0, 2.0, 1.0, 3.0, 1.0, 1.0, 2.0, 1.0, 1.0, 2.0, 1.0, 1.0, 2.0, 3.0, 1.0, 1.0, 1.0, 1.0, 2.0, 2.0, 1.0, 1.0, 1.0, 3.0, 1.0, 3.0, 1.0, 1.0], [3.0, 1.0, 1.0, 1.0, 3.0, 1.0, 3.0, 1.0, 1.0, 1.0, 1.0, 1.0, 1.0, 1.0, 3.0, 1.0, 1.0, 2.0, 1.0, 1.0, 2.0, 2.0, 1.0, 2.0, 2.0, 1.0, 1.0, 1.0, 1.0, 2.0, 2.0, 1.0, 1.0, 1.0, 3.0, 1.0, 3.0, 1.0, 1.0], [3.0, 1.0, 1.0, 1.0, 3.0, 1.0, 2.0, 1.0, 1.0, 1.0, 1.0, 2.0, 2.0, 1.0, 3.0, 1.0, 1.0, 2.0, 1.0, 1.0, 2.0, 1.0, 1.0, 1.0, 3.0, 1.0, 1.0, 1.0, 1.0, 1.0, 2.0, 1.0, 1.0, 1.0, 2.0, 2.0, 3.0, 1.0, 1.0], [3.0, 1.0, 1.0, 1.0, 3.0, 1.0, 2.0, 1.0, 1.0, 1.0, 1.0, 2.0, 1.0, 1.0, 3.0, 1.0, 1.0, 2.0, 1.0, 1.0, 2.0, 2.0, 1.0, 2.0, 3.0, 1.0, 1.0, 1.0, 1.0, 2.0, 2.0, 1.0, 1.0, 1.0, 3.0, 2.0, 3.0, 1.0, 1.0], [3.0, 1.0, 1.0, 1.0, 3.0, 1.0, 3.0, 1.0, 1.0, 1.0, 1.0, 2.0, 1.0, 1.0, 3.0, 1.0, 1.0, 2.0, 1.0, 1.0, 2.0, 1.0, 1.0, 1.0, 3.0, 1.0, 1.0, 1.0, 1.0, 1.0, 3.0, 1.0, 1.0, 1.0, 3.0, 2.0, 3.0, 1.0, 1.0], [3.0, 1.0, 1.0, 1.0, 2.0, 1.0, 2.0, 1.0, 1.0, 1.0, 1.0, 2.0, 1.0, 1.0, 3.0, 1.0, 1.0, 2.0, 1.0, 1.0, 2.0, 1.0, 1.0, 1.0, 3.0, 1.0, 1.0, 1.0, 1.0, 1.0, 2.0, 1.0, 1.0, 1.0, 3.0, 1.0, 3.0, 1.0, 1.0], [3.0, 1.0, 1.0, 1.0, 3.0, 1.0, 3.0, 1.0, 1.0, 1.0, 1.0, 2.0, 2.0, 1.0, 3.0, 1.0, 1.0, 2.0, 1.0, 1.0, 2.0, 1.0, 1.0, 1.0, 2.0, 1.0, 1.0, 1.0, 1.0, 1.0, 2.0, 1.0, 1.0, 1.0, 3.0, 1.0, 3.0, 1.0, 1.0], [3.0, 1.0, 1.0, 1.0, 3.0, 1.0, 2.0, 1.0, 1.0, 1.0, 1.0, 2.0, 1.0, 1.0, 3.0, 1.0, 1.0, 2.0, 1.0, 1.0, 2.0, 1.0, 1.0, 2.0, 2.0, 1.0, 1.0, 1.0, 1.0, 2.0, 2.0, 1.0, 1.0, 1.0, 3.0, 1.0, 3.0, 1.0, 1.0], [3.0, 1.0, 1.0, 1.0, 3.0, 1.0, 2.0, 1.0, 1.0, 1.0, 1.0, 2.0, 1.0, 1.0, 3.0, 1.0, 1.0, 2.0, 1.0, 1.0, 2.0, 1.0, 1.0, 2.0, 3.0, 1.0, 1.0, 1.0, 1.0, 1.0, 2.0, 1.0, 1.0, 1.0, 3.0, 2.0, 3.0, 1.0, 1.0], [3.0, 1.0, 1.0, 1.0, 2.0, 1.0, 2.0, 1.0, 1.0, 1.0, 1.0, 2.0, 2.0, 1.0, 3.0, 1.0, 1.0, 2.0, 1.0, 1.0, 2.0, 2.0, 1.0, 1.0, 2.0, 1.0, 1.0, 1.0, 1.0, 1.0, 2.0, 1.0, 1.0, 1.0, 2.0, 1.0, 3.0, 1.0, 1.0], [3.0, 1.0, 1.0, 1.0, 3.0, 1.0, 3.0, 1.0, 1.0, 1.0, 1.0, 2.0, 1.0, 1.0, 3.0, 1.0, 1.0, 2.0, 1.0, 1.0, 2.0, 1.0, 1.0, 1.0, 2.0, 1.0, 1.0, 1.0, 1.0, 1.0, 3.0, 1.0, 1.0, 1.0, 3.0, 1.0, 3.0, 1.0, 1.0], [3.0, 1.0, 1.0, 1.0, 3.0, 1.0, 3.0, 1.0, 1.0, 1.0, 1.0, 2.0, 1.0, 1.0, 3.0, 1.0, 1.0, 2.0, 1.0, 1.0, 2.0, 1.0, 1.0, 2.0, 2.0, 1.0, 1.0, 1.0, 1.0, 1.0, 2.0, 2.0, 1.0, 1.0, 2.0, 2.0, 3.0, 1.0, 1.0], [3.0, 1.0, 1.0, 1.0, 3.0, 1.0, 3.0, 1.0, 1.0, 1.0, 1.0, 2.0, 1.0, 1.0, 3.0, 1.0, 1.0, 2.0, 1.0, 1.0, 2.0, 1.0, 1.0, 2.0, 2.0, 1.0, 1.0, 1.0, 1.0, 2.0, 2.0, 1.0, 1.0, 1.0, 3.0, 2.0, 3.0, 1.0, 1.0], [2.0, 1.0, 1.0, 1.0, 3.0, 1.0, 3.0, 1.0, 1.0, 1.0, 1.0, 1.0, 1.0, 1.0, 3.0, 1.0, 1.0, 2.0, 1.0, 1.0, 1.0, 2.0, 1.0, 2.0, 3.0, 1.0, 1.0, 1.0, 1.0, 2.0, 2.0, 1.0, 1.0, 1.0, 3.0, 1.0, 3.0, 1.0, 1.0], [3.0, 1.0, 1.0, 1.0, 3.0, 1.0, 2.0, 1.0, 1.0, 1.0, 1.0, 2.0, 2.0, 1.0, 3.0, 1.0, 1.0, 2.0, 1.0, 1.0, 2.0, 1.0, 1.0, 1.0, 2.0, 1.0, 1.0, 1.0, 1.0, 1.0, 2.0, 1.0, 1.0, 1.0, 3.0, 2.0, 3.0, 1.0, 1.0], [3.0, 1.0, 1.0, 1.0, 3.0, 1.0, 3.0, 1.0, 1.0, 1.0, 1.0, 2.0, 2.0, 1.0, 3.0, 1.0, 1.0, 2.0, 1.0, 1.0, 2.0, 1.0, 1.0, 2.0, 2.0, 1.0, 1.0, 1.0, 1.0, 2.0, 2.0, 1.0, 1.0, 1.0, 2.0, 2.0, 3.0, 1.0, 1.0], [3.0, 1.0, 1.0, 1.0, 3.0, 1.0, 3.0, 1.0, 1.0, 1.0, 2.0, 2.0, 1.0, 1.0, 3.0, 1.0, 1.0, 2.0, 1.0, 1.0, 2.0, 1.0, 1.0, 2.0, 3.0, 1.0, 1.0, 1.0, 1.0, 1.0, 2.0, 1.0, 1.0, 1.0, 3.0, 1.0, 3.0, 1.0, 1.0], [3.0, 1.0, 1.0, 1.0, 2.0, 1.0, 2.0, 1.0, 1.0, 1.0, 1.0, 2.0, 1.0, 1.0, 3.0, 1.0, 1.0, 2.0, 1.0, 1.0, 1.0, 1.0, 1.0, 2.0, 3.0, 1.0, 1.0, 1.0, 1.0, 2.0, 2.0, 1.0, 1.0, 1.0, 2.0, 2.0, 3.0, 1.0, 1.0], [3.0, 1.0, 1.0, 1.0, 3.0, 1.0, 2.0, 1.0, 1.0, 1.0, 1.0, 2.0, 1.0, 1.0, 3.0, 1.0, 1.0, 2.0, 1.0, 1.0, 2.0, 1.0, 1.0, 2.0, 3.0, 1.0, 1.0, 1.0, 1.0, 2.0, 2.0, 1.0, 1.0, 1.0, 2.0, 1.0, 3.0, 1.0, 1.0], [2.0, 1.0, 1.0, 1.0, 3.0, 1.0, 2.0, 1.0, 1.0, 1.0, 1.0, 2.0, 2.0, 1.0, 2.0, 1.0, 1.0, 2.0, 1.0, 1.0, 2.0, 1.0, 1.0, 2.0, 3.0, 1.0, 1.0, 1.0, 1.0, 2.0, 2.0, 1.0, 1.0, 1.0, 3.0, 2.0, 3.0, 1.0, 1.0], [3.0, 1.0, 1.0, 1.0, 3.0, 1.0, 2.0, 1.0, 1.0, 1.0, 2.0, 2.0, 1.0, 1.0, 3.0, 1.0, 1.0, 2.0, 1.0, 1.0, 2.0, 1.0, 1.0, 1.0, 3.0, 1.0, 1.0, 1.0, 1.0, 2.0, 2.0, 1.0, 1.0, 1.0, 3.0, 2.0, 3.0, 1.0, 1.0], [3.0, 1.0, 1.0, 1.0, 3.0, 1.0, 2.0, 1.0, 1.0, 1.0, 1.0, 2.0, 2.0, 1.0, 3.0, 1.0, 1.0, 1.0, 1.0, 1.0, 2.0, 1.0, 1.0, 2.0, 2.0, 1.0, 1.0, 1.0, 1.0, 2.0, 2.0, 1.0, 1.0, 1.0, 3.0, 2.0, 3.0, 1.0, 1.0], [3.0, 1.0, 1.0, 1.0, 3.0, 1.0, 2.0, 1.0, 1.0, 1.0, 1.0, 1.0, 2.0, 1.0, 2.0, 1.0, 1.0, 2.0, 1.0, 1.0, 2.0, 1.0, 1.0, 2.0, 3.0, 1.0, 1.0, 1.0, 1.0, 1.0, 2.0, 1.0, 1.0, 1.0, 3.0, 2.0, 3.0, 1.0, 1.0], [3.0, 1.0, 1.0, 1.0, 2.0, 1.0, 2.0, 1.0, 1.0, 1.0, 1.0, 2.0, 2.0, 1.0, 3.0, 1.0, 1.0, 2.0, 1.0, 1.0, 2.0, 1.0, 1.0, 1.0, 3.0, 1.0, 1.0, 1.0, 1.0, 2.0, 3.0, 1.0, 1.0, 1.0, 3.0, 2.0, 3.0, 1.0, 1.0], [3.0, 1.0, 1.0, 1.0, 2.0, 1.0, 3.0, 1.0, 1.0, 1.0, 1.0, 2.0, 2.0, 1.0, 3.0, 1.0, 1.0, 2.0, 1.0, 1.0, 2.0, 1.0, 1.0, 2.0, 3.0, 1.0, 1.0, 1.0, 1.0, 1.0, 2.0, 1.0, 1.0, 1.0, 3.0, 1.0, 3.0, 1.0, 1.0], [3.0, 1.0, 1.0, 1.0, 3.0, 1.0, 3.0, 1.0, 1.0, 1.0, 2.0, 2.0, 1.0, 1.0, 3.0, 1.0, 1.0, 1.0, 1.0, 1.0, 2.0, 1.0, 1.0, 1.0, 3.0, 1.0, 1.0, 1.0, 1.0, 2.0, 2.0, 1.0, 1.0, 1.0, 3.0, 1.0, 3.0, 1.0, 1.0], [3.0, 1.0, 1.0, 1.0, 3.0, 1.0, 3.0, 1.0, 1.0, 1.0, 1.0, 2.0, 1.0, 1.0, 3.0, 1.0, 1.0, 2.0, 1.0, 1.0, 2.0, 1.0, 1.0, 1.0, 2.0, 1.0, 1.0, 1.0, 1.0, 2.0, 2.0, 1.0, 1.0, 1.0, 3.0, 2.0, 3.0, 1.0, 1.0], [3.0, 1.0, 1.0, 1.0, 2.0, 1.0, 3.0, 1.0, 1.0, 1.0, 1.0, 2.0, 1.0, 1.0, 2.0, 1.0, 1.0, 2.0, 1.0, 1.0, 2.0, 1.0, 1.0, 1.0, 3.0, 1.0, 1.0, 1.0, 1.0, 1.0, 2.0, 1.0, 1.0, 1.0, 3.0, 2.0, 3.0, 1.0, 1.0], [3.0, 1.0, 1.0, 1.0, 3.0, 1.0, 3.0, 1.0, 1.0, 1.0, 1.0, 1.0, 2.0, 1.0, 3.0, 1.0, 1.0, 2.0, 1.0, 1.0, 2.0, 1.0, 1.0, 2.0, 2.0, 1.0, 1.0, 1.0, 1.0, 2.0, 2.0, 1.0, 1.0, 1.0, 3.0, 2.0, 3.0, 1.0, 1.0], [2.0, 2.0, 1.0, 1.0, 2.0, 1.0, 2.0, 1.0, 1.0, 1.0, 1.0, 2.0, 1.0, 1.0, 3.0, 1.0, 1.0, 2.0, 1.0, 1.0, 2.0, 1.0, 1.0, 2.0, 3.0, 1.0, 1.0, 1.0, 1.0, 1.0, 2.0, 1.0, 1.0, 1.0, 2.0, 2.0, 3.0, 1.0, 1.0], [2.0, 1.0, 1.0, 1.0, 3.0, 1.0, 2.0, 1.0, 1.0, 1.0, 1.0, 2.0, 2.0, 1.0, 3.0, 1.0, 1.0, 2.0, 1.0, 1.0, 2.0, 2.0, 1.0, 2.0, 3.0, 1.0, 1.0, 1.0, 1.0, 1.0, 2.0, 1.0, 1.0, 1.0, 2.0, 2.0, 3.0, 1.0, 1.0], [2.0, 1.0, 1.0, 1.0, 2.0, 2.0, 2.0, 1.0, 1.0, 1.0, 1.0, 2.0, 1.0, 1.0, 3.0, 1.0, 1.0, 2.0, 1.0, 1.0, 2.0, 1.0, 1.0, 2.0, 3.0, 1.0, 1.0, 1.0, 1.0, 2.0, 2.0, 1.0, 1.0, 1.0, 3.0, 1.0, 3.0, 1.0, 1.0], [3.0, 1.0, 1.0, 1.0, 3.0, 1.0, 2.0, 1.0, 1.0, 1.0, 1.0, 3.0, 1.0, 1.0, 3.0, 1.0, 1.0, 2.0, 1.0, 1.0, 2.0, 2.0, 1.0, 2.0, 3.0, 1.0, 1.0, 1.0, 1.0, 1.0, 2.0, 1.0, 1.0, 1.0, 3.0, 2.0, 3.0, 1.0, 1.0], [2.0, 1.0, 1.0, 1.0, 2.0, 1.0, 2.0, 1.0, 1.0, 1.0, 1.0, 2.0, 2.0, 1.0, 3.0, 1.0, 1.0, 2.0, 1.0, 1.0, 2.0, 2.0, 1.0, 2.0, 3.0, 1.0, 1.0, 1.0, 1.0, 2.0, 2.0, 1.0, 1.0, 1.0, 2.0, 2.0, 3.0, 1.0, 1.0], [3.0, 1.0, 1.0, 1.0, 3.0, 1.0, 3.0, 1.0, 1.0, 1.0, 1.0, 2.0, 1.0, 1.0, 3.0, 1.0, 1.0, 2.0, 1.0, 1.0, 2.0, 1.0, 1.0, 2.0, 2.0, 1.0, 1.0, 1.0, 1.0, 1.0, 2.0, 1.0, 1.0, 1.0, 3.0, 1.0, 3.0, 1.0, 1.0]]

