first layer check: Conv2d(9, 64, kernel_size=(7, 7), stride=(2, 2), padding=(3, 3), bias=False)

target ys
[3.0, 2.0, 1.0, 1.0, 3.0, 2.0, 3.0, 1.0, 3.0, 2.0, 3.0, 2.0, 2.0, 1.0, 3.0, 1.0, 1.0, 3.0, 1.0, 1.0, 2.0, 2.0, 1.0, 2.0, 3.0, 0.0, 1.0, 1.0, 1.0, 3.0, 3.0, 2.0, 1.0, 1.0, 2.0, 3.0, 3.0, 1.0, 1.0]

for model 0: mode acc: 0.7179487347602844, run mean acc: 0.7583332657814026, top-2 acc:0.919166624546051, mode f1: 0.7179487347602844

model 0 mode preds
[3.0, 1.0, 1.0, 1.0, 3.0, 1.0, 3.0, 1.0, 1.0, 1.0, 1.0, 3.0, 2.0, 1.0, 3.0, 1.0, 1.0, 2.0, 1.0, 1.0, 2.0, 2.0, 1.0, 2.0, 3.0, 0.0, 1.0, 1.0, 1.0, 2.0, 3.0, 1.0, 1.0, 1.0, 3.0, 2.0, 3.0, 1.0, 1.0]

model 0 all preds
[[3.0, 1.0, 1.0, 1.0, 3.0, 1.0, 2.0, 1.0, 1.0, 1.0, 2.0, 3.0, 1.0, 1.0, 3.0, 1.0, 1.0, 2.0, 1.0, 1.0, 2.0, 2.0, 1.0, 2.0, 3.0, 0.0, 1.0, 1.0, 1.0, 2.0, 3.0, 1.0, 1.0, 1.0, 3.0, 2.0, 3.0, 1.0, 1.0], [3.0, 1.0, 1.0, 1.0, 3.0, 2.0, 3.0, 1.0, 1.0, 1.0, 2.0, 1.0, 2.0, 1.0, 3.0, 1.0, 1.0, 2.0, 1.0, 1.0, 2.0, 1.0, 1.0, 2.0, 3.0, 0.0, 1.0, 1.0, 1.0, 2.0, 3.0, 1.0, 1.0, 1.0, 3.0, 2.0, 3.0, 1.0, 1.0], [3.0, 1.0, 1.0, 1.0, 3.0, 2.0, 3.0, 1.0, 1.0, 1.0, 2.0, 3.0, 1.0, 1.0, 3.0, 1.0, 1.0, 3.0, 1.0, 1.0, 2.0, 1.0, 1.0, 2.0, 2.0, 0.0, 1.0, 1.0, 1.0, 2.0, 2.0, 1.0, 1.0, 1.0, 3.0, 2.0, 3.0, 1.0, 1.0], [3.0, 1.0, 1.0, 1.0, 3.0, 2.0, 3.0, 1.0, 1.0, 1.0, 1.0, 3.0, 2.0, 1.0, 3.0, 1.0, 1.0, 3.0, 1.0, 1.0, 2.0, 2.0, 1.0, 2.0, 3.0, 1.0, 1.0, 1.0, 1.0, 1.0, 2.0, 1.0, 1.0, 1.0, 3.0, 2.0, 3.0, 1.0, 1.0], [2.0, 1.0, 1.0, 1.0, 3.0, 2.0, 3.0, 1.0, 1.0, 1.0, 2.0, 1.0, 1.0, 1.0, 3.0, 1.0, 1.0, 3.0, 1.0, 1.0, 2.0, 1.0, 1.0, 2.0, 3.0, 0.0, 1.0, 1.0, 1.0, 2.0, 3.0, 1.0, 1.0, 1.0, 3.0, 2.0, 3.0, 1.0, 1.0], [3.0, 2.0, 1.0, 1.0, 3.0, 1.0, 3.0, 1.0, 1.0, 1.0, 1.0, 2.0, 2.0, 1.0, 3.0, 1.0, 1.0, 2.0, 1.0, 1.0, 2.0, 2.0, 1.0, 2.0, 3.0, 0.0, 1.0, 1.0, 1.0, 2.0, 3.0, 1.0, 1.0, 1.0, 3.0, 1.0, 3.0, 1.0, 1.0], [3.0, 1.0, 1.0, 1.0, 2.0, 1.0, 3.0, 1.0, 1.0, 1.0, 1.0, 2.0, 2.0, 1.0, 3.0, 1.0, 1.0, 2.0, 1.0, 1.0, 2.0, 2.0, 1.0, 2.0, 3.0, 0.0, 1.0, 1.0, 1.0, 2.0, 3.0, 1.0, 1.0, 1.0, 3.0, 2.0, 3.0, 1.0, 1.0], [3.0, 1.0, 1.0, 1.0, 3.0, 1.0, 3.0, 1.0, 1.0, 1.0, 2.0, 3.0, 2.0, 1.0, 3.0, 1.0, 1.0, 2.0, 1.0, 1.0, 2.0, 2.0, 1.0, 2.0, 3.0, 0.0, 1.0, 1.0, 1.0, 2.0, 3.0, 1.0, 1.0, 1.0, 3.0, 2.0, 3.0, 1.0, 1.0], [3.0, 1.0, 1.0, 1.0, 3.0, 1.0, 2.0, 1.0, 1.0, 1.0, 2.0, 1.0, 1.0, 1.0, 3.0, 1.0, 1.0, 2.0, 1.0, 1.0, 2.0, 2.0, 1.0, 2.0, 3.0, 0.0, 1.0, 1.0, 1.0, 2.0, 2.0, 1.0, 1.0, 1.0, 2.0, 2.0, 3.0, 1.0, 1.0], [3.0, 1.0, 1.0, 1.0, 3.0, 1.0, 3.0, 1.0, 1.0, 1.0, 1.0, 3.0, 2.0, 1.0, 3.0, 1.0, 1.0, 2.0, 1.0, 1.0, 2.0, 2.0, 1.0, 2.0, 3.0, 1.0, 1.0, 1.0, 1.0, 2.0, 3.0, 1.0, 1.0, 1.0, 3.0, 2.0, 3.0, 1.0, 1.0], [3.0, 1.0, 1.0, 1.0, 3.0, 1.0, 2.0, 1.0, 1.0, 1.0, 2.0, 3.0, 2.0, 1.0, 3.0, 1.0, 1.0, 2.0, 1.0, 1.0, 2.0, 1.0, 1.0, 2.0, 3.0, 0.0, 1.0, 1.0, 1.0, 2.0, 3.0, 1.0, 1.0, 1.0, 3.0, 1.0, 3.0, 1.0, 1.0], [3.0, 2.0, 1.0, 1.0, 3.0, 1.0, 2.0, 1.0, 1.0, 1.0, 2.0, 2.0, 2.0, 1.0, 3.0, 1.0, 1.0, 2.0, 1.0, 1.0, 2.0, 2.0, 1.0, 1.0, 3.0, 0.0, 1.0, 1.0, 1.0, 2.0, 3.0, 1.0, 1.0, 1.0, 3.0, 2.0, 3.0, 1.0, 1.0], [3.0, 1.0, 1.0, 1.0, 3.0, 2.0, 3.0, 1.0, 1.0, 1.0, 1.0, 2.0, 1.0, 1.0, 3.0, 1.0, 1.0, 3.0, 1.0, 1.0, 2.0, 2.0, 1.0, 2.0, 2.0, 0.0, 1.0, 1.0, 1.0, 2.0, 2.0, 1.0, 1.0, 1.0, 3.0, 2.0, 3.0, 1.0, 1.0], [3.0, 2.0, 1.0, 1.0, 3.0, 2.0, 3.0, 1.0, 1.0, 1.0, 1.0, 1.0, 1.0, 1.0, 3.0, 1.0, 1.0, 2.0, 1.0, 1.0, 2.0, 2.0, 1.0, 2.0, 3.0, 0.0, 1.0, 1.0, 1.0, 2.0, 2.0, 1.0, 1.0, 1.0, 3.0, 2.0, 3.0, 1.0, 1.0], [3.0, 1.0, 1.0, 1.0, 3.0, 1.0, 3.0, 1.0, 1.0, 1.0, 2.0, 2.0, 1.0, 1.0, 3.0, 1.0, 1.0, 2.0, 1.0, 1.0, 2.0, 1.0, 1.0, 2.0, 3.0, 1.0, 1.0, 1.0, 1.0, 2.0, 2.0, 1.0, 1.0, 1.0, 3.0, 1.0, 3.0, 1.0, 1.0], [3.0, 1.0, 1.0, 1.0, 3.0, 1.0, 2.0, 1.0, 1.0, 1.0, 2.0, 3.0, 1.0, 1.0, 3.0, 1.0, 1.0, 2.0, 1.0, 1.0, 2.0, 1.0, 1.0, 2.0, 3.0, 0.0, 1.0, 1.0, 1.0, 1.0, 2.0, 1.0, 1.0, 1.0, 3.0, 2.0, 3.0, 1.0, 1.0], [3.0, 1.0, 1.0, 1.0, 3.0, 1.0, 2.0, 1.0, 1.0, 1.0, 2.0, 3.0, 2.0, 1.0, 3.0, 1.0, 1.0, 2.0, 1.0, 1.0, 2.0, 1.0, 1.0, 2.0, 3.0, 0.0, 1.0, 1.0, 1.0, 2.0, 2.0, 1.0, 1.0, 1.0, 3.0, 2.0, 3.0, 1.0, 1.0], [3.0, 1.0, 1.0, 1.0, 3.0, 1.0, 2.0, 1.0, 1.0, 1.0, 1.0, 3.0, 2.0, 1.0, 3.0, 1.0, 1.0, 3.0, 1.0, 1.0, 2.0, 1.0, 1.0, 2.0, 3.0, 0.0, 1.0, 1.0, 1.0, 1.0, 3.0, 1.0, 1.0, 1.0, 3.0, 2.0, 3.0, 1.0, 1.0], [3.0, 1.0, 1.0, 1.0, 3.0, 1.0, 3.0, 1.0, 1.0, 1.0, 1.0, 2.0, 2.0, 1.0, 3.0, 1.0, 1.0, 2.0, 1.0, 1.0, 2.0, 2.0, 1.0, 2.0, 3.0, 0.0, 1.0, 1.0, 1.0, 2.0, 3.0, 1.0, 1.0, 1.0, 3.0, 2.0, 3.0, 1.0, 1.0], [3.0, 1.0, 1.0, 1.0, 3.0, 2.0, 3.0, 1.0, 1.0, 1.0, 1.0, 2.0, 2.0, 1.0, 3.0, 1.0, 1.0, 3.0, 1.0, 1.0, 2.0, 2.0, 1.0, 1.0, 3.0, 1.0, 1.0, 1.0, 1.0, 2.0, 2.0, 1.0, 1.0, 1.0, 2.0, 1.0, 3.0, 1.0, 1.0], [3.0, 1.0, 1.0, 1.0, 3.0, 2.0, 3.0, 1.0, 1.0, 1.0, 2.0, 3.0, 1.0, 1.0, 3.0, 1.0, 1.0, 2.0, 1.0, 1.0, 2.0, 1.0, 1.0, 1.0, 3.0, 1.0, 1.0, 1.0, 1.0, 2.0, 2.0, 1.0, 1.0, 1.0, 3.0, 2.0, 3.0, 1.0, 1.0], [3.0, 1.0, 1.0, 1.0, 3.0, 2.0, 2.0, 1.0, 1.0, 1.0, 1.0, 3.0, 2.0, 1.0, 3.0, 1.0, 1.0, 3.0, 1.0, 1.0, 2.0, 2.0, 1.0, 2.0, 3.0, 0.0, 1.0, 1.0, 1.0, 2.0, 3.0, 1.0, 1.0, 1.0, 3.0, 2.0, 3.0, 1.0, 1.0], [3.0, 1.0, 1.0, 1.0, 1.0, 1.0, 3.0, 1.0, 1.0, 1.0, 1.0, 3.0, 2.0, 1.0, 3.0, 1.0, 1.0, 3.0, 1.0, 1.0, 2.0, 2.0, 1.0, 2.0, 3.0, 0.0, 1.0, 1.0, 1.0, 2.0, 2.0, 1.0, 1.0, 1.0, 3.0, 2.0, 3.0, 1.0, 1.0], [3.0, 1.0, 1.0, 1.0, 3.0, 2.0, 2.0, 1.0, 1.0, 1.0, 1.0, 1.0, 1.0, 1.0, 2.0, 1.0, 1.0, 3.0, 1.0, 1.0, 2.0, 2.0, 1.0, 2.0, 3.0, 0.0, 1.0, 1.0, 1.0, 2.0, 3.0, 1.0, 1.0, 1.0, 3.0, 2.0, 3.0, 1.0, 1.0], [3.0, 1.0, 1.0, 1.0, 3.0, 2.0, 3.0, 1.0, 1.0, 1.0, 2.0, 2.0, 2.0, 1.0, 3.0, 1.0, 1.0, 2.0, 1.0, 1.0, 2.0, 1.0, 1.0, 2.0, 3.0, 1.0, 1.0, 1.0, 1.0, 2.0, 3.0, 1.0, 1.0, 1.0, 3.0, 1.0, 3.0, 1.0, 1.0], [3.0, 1.0, 1.0, 1.0, 3.0, 2.0, 3.0, 1.0, 1.0, 1.0, 1.0, 2.0, 2.0, 1.0, 3.0, 1.0, 1.0, 2.0, 1.0, 1.0, 2.0, 1.0, 1.0, 2.0, 3.0, 0.0, 1.0, 1.0, 1.0, 2.0, 2.0, 1.0, 1.0, 1.0, 3.0, 2.0, 3.0, 1.0, 1.0], [3.0, 1.0, 1.0, 1.0, 3.0, 1.0, 3.0, 1.0, 1.0, 1.0, 2.0, 1.0, 2.0, 1.0, 3.0, 1.0, 1.0, 2.0, 1.0, 1.0, 2.0, 2.0, 1.0, 2.0, 3.0, 0.0, 1.0, 1.0, 1.0, 1.0, 3.0, 1.0, 1.0, 1.0, 3.0, 2.0, 3.0, 1.0, 1.0], [3.0, 1.0, 1.0, 1.0, 3.0, 1.0, 3.0, 1.0, 1.0, 2.0, 2.0, 3.0, 2.0, 1.0, 3.0, 1.0, 1.0, 3.0, 1.0, 1.0, 2.0, 1.0, 1.0, 2.0, 3.0, 0.0, 1.0, 1.0, 1.0, 2.0, 3.0, 1.0, 1.0, 1.0, 3.0, 1.0, 3.0, 1.0, 1.0], [3.0, 1.0, 1.0, 1.0, 3.0, 1.0, 3.0, 1.0, 1.0, 1.0, 2.0, 2.0, 2.0, 1.0, 3.0, 1.0, 1.0, 2.0, 1.0, 1.0, 2.0, 1.0, 1.0, 2.0, 3.0, 0.0, 1.0, 1.0, 1.0, 1.0, 3.0, 1.0, 1.0, 1.0, 3.0, 2.0, 3.0, 1.0, 1.0], [3.0, 1.0, 1.0, 1.0, 3.0, 1.0, 2.0, 1.0, 1.0, 1.0, 1.0, 3.0, 1.0, 1.0, 3.0, 1.0, 1.0, 3.0, 1.0, 1.0, 2.0, 2.0, 1.0, 2.0, 2.0, 0.0, 1.0, 1.0, 1.0, 2.0, 2.0, 1.0, 1.0, 1.0, 3.0, 2.0, 3.0, 1.0, 1.0], [3.0, 1.0, 1.0, 1.0, 3.0, 1.0, 2.0, 1.0, 1.0, 1.0, 1.0, 3.0, 2.0, 1.0, 3.0, 1.0, 1.0, 2.0, 1.0, 1.0, 2.0, 1.0, 1.0, 2.0, 3.0, 0.0, 1.0, 1.0, 1.0, 2.0, 3.0, 1.0, 1.0, 1.0, 3.0, 2.0, 3.0, 1.0, 1.0], [3.0, 1.0, 1.0, 1.0, 3.0, 2.0, 3.0, 1.0, 1.0, 1.0, 1.0, 2.0, 2.0, 1.0, 3.0, 1.0, 1.0, 2.0, 1.0, 1.0, 2.0, 2.0, 1.0, 2.0, 3.0, 1.0, 1.0, 1.0, 1.0, 2.0, 3.0, 1.0, 1.0, 1.0, 3.0, 2.0, 3.0, 1.0, 1.0], [3.0, 1.0, 1.0, 1.0, 3.0, 2.0, 3.0, 1.0, 1.0, 1.0, 1.0, 3.0, 2.0, 1.0, 3.0, 1.0, 1.0, 3.0, 1.0, 1.0, 2.0, 2.0, 1.0, 1.0, 2.0, 0.0, 1.0, 1.0, 1.0, 2.0, 2.0, 1.0, 1.0, 1.0, 3.0, 1.0, 3.0, 1.0, 1.0], [3.0, 1.0, 1.0, 1.0, 3.0, 2.0, 3.0, 1.0, 1.0, 1.0, 1.0, 2.0, 2.0, 1.0, 3.0, 1.0, 1.0, 3.0, 1.0, 1.0, 2.0, 2.0, 1.0, 1.0, 3.0, 1.0, 1.0, 1.0, 1.0, 2.0, 2.0, 1.0, 1.0, 1.0, 3.0, 2.0, 3.0, 1.0, 1.0], [3.0, 2.0, 1.0, 1.0, 3.0, 1.0, 3.0, 1.0, 1.0, 1.0, 2.0, 2.0, 1.0, 1.0, 3.0, 1.0, 1.0, 2.0, 1.0, 1.0, 2.0, 2.0, 1.0, 1.0, 3.0, 0.0, 1.0, 1.0, 1.0, 2.0, 3.0, 1.0, 1.0, 1.0, 3.0, 2.0, 3.0, 1.0, 1.0], [2.0, 1.0, 1.0, 1.0, 3.0, 1.0, 3.0, 1.0, 1.0, 1.0, 1.0, 3.0, 1.0, 1.0, 3.0, 1.0, 1.0, 3.0, 1.0, 1.0, 2.0, 1.0, 1.0, 1.0, 3.0, 0.0, 1.0, 1.0, 1.0, 1.0, 2.0, 1.0, 1.0, 1.0, 2.0, 2.0, 3.0, 1.0, 1.0], [3.0, 1.0, 1.0, 1.0, 3.0, 1.0, 2.0, 1.0, 1.0, 1.0, 3.0, 3.0, 2.0, 1.0, 3.0, 1.0, 1.0, 3.0, 1.0, 1.0, 2.0, 2.0, 1.0, 1.0, 3.0, 0.0, 1.0, 1.0, 1.0, 2.0, 3.0, 1.0, 1.0, 1.0, 3.0, 2.0, 3.0, 1.0, 1.0], [3.0, 1.0, 1.0, 1.0, 3.0, 1.0, 2.0, 1.0, 1.0, 2.0, 2.0, 3.0, 1.0, 1.0, 3.0, 1.0, 1.0, 3.0, 1.0, 1.0, 2.0, 2.0, 1.0, 2.0, 3.0, 0.0, 1.0, 1.0, 1.0, 2.0, 3.0, 1.0, 1.0, 1.0, 3.0, 2.0, 3.0, 1.0, 1.0], [3.0, 1.0, 1.0, 1.0, 3.0, 2.0, 2.0, 1.0, 1.0, 1.0, 2.0, 3.0, 2.0, 1.0, 3.0, 1.0, 1.0, 3.0, 1.0, 1.0, 2.0, 2.0, 1.0, 2.0, 2.0, 0.0, 1.0, 1.0, 1.0, 2.0, 3.0, 1.0, 1.0, 1.0, 3.0, 2.0, 3.0, 1.0, 1.0], [3.0, 1.0, 1.0, 1.0, 3.0, 2.0, 3.0, 1.0, 1.0, 1.0, 2.0, 1.0, 1.0, 1.0, 3.0, 1.0, 1.0, 3.0, 1.0, 1.0, 2.0, 1.0, 1.0, 1.0, 3.0, 0.0, 1.0, 1.0, 1.0, 2.0, 3.0, 1.0, 1.0, 1.0, 3.0, 2.0, 3.0, 1.0, 1.0], [3.0, 1.0, 1.0, 1.0, 3.0, 2.0, 3.0, 1.0, 1.0, 1.0, 2.0, 3.0, 2.0, 1.0, 3.0, 1.0, 1.0, 3.0, 1.0, 1.0, 2.0, 2.0, 1.0, 2.0, 3.0, 0.0, 1.0, 1.0, 1.0, 2.0, 3.0, 1.0, 1.0, 1.0, 3.0, 2.0, 3.0, 1.0, 1.0], [3.0, 1.0, 1.0, 1.0, 3.0, 1.0, 3.0, 1.0, 1.0, 1.0, 1.0, 3.0, 2.0, 1.0, 3.0, 1.0, 1.0, 3.0, 1.0, 1.0, 2.0, 1.0, 1.0, 2.0, 3.0, 0.0, 1.0, 1.0, 1.0, 2.0, 3.0, 1.0, 1.0, 1.0, 3.0, 2.0, 3.0, 1.0, 1.0], [3.0, 1.0, 1.0, 1.0, 3.0, 2.0, 3.0, 1.0, 1.0, 1.0, 1.0, 2.0, 2.0, 1.0, 3.0, 1.0, 1.0, 2.0, 1.0, 1.0, 2.0, 1.0, 1.0, 2.0, 2.0, 1.0, 1.0, 1.0, 1.0, 2.0, 3.0, 1.0, 1.0, 1.0, 3.0, 2.0, 3.0, 1.0, 1.0], [3.0, 1.0, 1.0, 1.0, 3.0, 2.0, 3.0, 1.0, 1.0, 1.0, 2.0, 3.0, 1.0, 1.0, 3.0, 1.0, 1.0, 3.0, 1.0, 1.0, 2.0, 2.0, 1.0, 2.0, 3.0, 0.0, 1.0, 1.0, 1.0, 2.0, 2.0, 1.0, 1.0, 1.0, 3.0, 2.0, 3.0, 1.0, 1.0], [3.0, 1.0, 1.0, 1.0, 3.0, 2.0, 3.0, 1.0, 1.0, 1.0, 1.0, 2.0, 1.0, 1.0, 3.0, 1.0, 1.0, 3.0, 1.0, 1.0, 2.0, 2.0, 1.0, 2.0, 3.0, 1.0, 1.0, 1.0, 1.0, 2.0, 2.0, 1.0, 1.0, 1.0, 3.0, 2.0, 3.0, 1.0, 1.0], [3.0, 1.0, 1.0, 1.0, 3.0, 2.0, 3.0, 1.0, 1.0, 1.0, 1.0, 2.0, 2.0, 1.0, 3.0, 1.0, 1.0, 2.0, 1.0, 1.0, 2.0, 2.0, 1.0, 2.0, 3.0, 0.0, 1.0, 1.0, 1.0, 2.0, 2.0, 1.0, 1.0, 1.0, 3.0, 2.0, 3.0, 1.0, 1.0], [3.0, 1.0, 1.0, 1.0, 3.0, 2.0, 3.0, 1.0, 1.0, 1.0, 2.0, 2.0, 2.0, 1.0, 3.0, 1.0, 1.0, 2.0, 1.0, 1.0, 2.0, 2.0, 1.0, 2.0, 3.0, 1.0, 1.0, 1.0, 1.0, 2.0, 3.0, 1.0, 1.0, 1.0, 3.0, 2.0, 3.0, 1.0, 1.0], [3.0, 1.0, 1.0, 1.0, 3.0, 1.0, 2.0, 1.0, 1.0, 1.0, 1.0, 3.0, 2.0, 1.0, 3.0, 1.0, 1.0, 3.0, 1.0, 1.0, 2.0, 1.0, 1.0, 1.0, 3.0, 0.0, 1.0, 1.0, 1.0, 2.0, 3.0, 1.0, 1.0, 1.0, 3.0, 2.0, 3.0, 1.0, 1.0], [3.0, 2.0, 1.0, 1.0, 3.0, 1.0, 2.0, 1.0, 1.0, 1.0, 2.0, 2.0, 2.0, 1.0, 3.0, 1.0, 1.0, 3.0, 1.0, 1.0, 2.0, 2.0, 1.0, 2.0, 3.0, 0.0, 1.0, 1.0, 1.0, 2.0, 3.0, 1.0, 1.0, 1.0, 3.0, 1.0, 3.0, 1.0, 1.0], [3.0, 1.0, 1.0, 1.0, 3.0, 1.0, 2.0, 1.0, 1.0, 1.0, 1.0, 3.0, 1.0, 1.0, 3.0, 1.0, 1.0, 2.0, 1.0, 1.0, 2.0, 2.0, 1.0, 2.0, 3.0, 0.0, 1.0, 1.0, 1.0, 2.0, 2.0, 1.0, 1.0, 1.0, 3.0, 2.0, 3.0, 1.0, 1.0]]

first layer check: Conv2d(9, 64, kernel_size=(7, 7), stride=(2, 2), padding=(3, 3), bias=False)

for model 1: mode acc: 0.6153846383094788, run mean acc: 0.6670832633972168, top-2 acc:0.8645832538604736, mode f1: 0.6153846383094788

model 1 mode preds
[3.0, 1.0, 1.0, 1.0, 3.0, 1.0, 3.0, 1.0, 1.0, 1.0, 1.0, 1.0, 1.0, 1.0, 3.0, 1.0, 1.0, 1.0, 1.0, 1.0, 2.0, 1.0, 1.0, 1.0, 3.0, 1.0, 1.0, 1.0, 1.0, 2.0, 3.0, 1.0, 1.0, 1.0, 3.0, 1.0, 3.0, 1.0, 1.0]

model 1 all preds
[[3.0, 1.0, 1.0, 1.0, 3.0, 1.0, 1.0, 1.0, 1.0, 1.0, 1.0, 3.0, 1.0, 1.0, 3.0, 1.0, 1.0, 1.0, 1.0, 1.0, 2.0, 1.0, 1.0, 1.0, 3.0, 0.0, 1.0, 1.0, 1.0, 2.0, 3.0, 1.0, 1.0, 1.0, 3.0, 1.0, 3.0, 1.0, 1.0], [3.0, 1.0, 1.0, 1.0, 3.0, 1.0, 3.0, 1.0, 1.0, 1.0, 1.0, 1.0, 1.0, 1.0, 3.0, 1.0, 0.0, 1.0, 1.0, 1.0, 2.0, 1.0, 1.0, 1.0, 3.0, 1.0, 1.0, 1.0, 1.0, 2.0, 3.0, 1.0, 1.0, 1.0, 1.0, 1.0, 3.0, 1.0, 1.0], [3.0, 1.0, 1.0, 1.0, 3.0, 1.0, 3.0, 1.0, 1.0, 1.0, 1.0, 1.0, 1.0, 1.0, 3.0, 1.0, 0.0, 1.0, 1.0, 1.0, 2.0, 1.0, 1.0, 2.0, 3.0, 1.0, 1.0, 1.0, 1.0, 2.0, 3.0, 1.0, 1.0, 1.0, 1.0, 1.0, 3.0, 1.0, 1.0], [3.0, 1.0, 1.0, 1.0, 3.0, 1.0, 1.0, 1.0, 1.0, 1.0, 1.0, 3.0, 2.0, 1.0, 3.0, 1.0, 0.0, 1.0, 1.0, 1.0, 2.0, 1.0, 1.0, 1.0, 3.0, 0.0, 1.0, 1.0, 1.0, 2.0, 3.0, 1.0, 1.0, 1.0, 3.0, 1.0, 3.0, 1.0, 1.0], [3.0, 1.0, 1.0, 1.0, 3.0, 1.0, 1.0, 1.0, 1.0, 1.0, 1.0, 3.0, 2.0, 1.0, 3.0, 1.0, 1.0, 1.0, 1.0, 1.0, 1.0, 1.0, 1.0, 1.0, 2.0, 0.0, 1.0, 1.0, 1.0, 2.0, 3.0, 1.0, 1.0, 1.0, 3.0, 1.0, 3.0, 1.0, 1.0], [3.0, 1.0, 1.0, 1.0, 3.0, 1.0, 1.0, 1.0, 2.0, 1.0, 1.0, 1.0, 1.0, 1.0, 3.0, 1.0, 1.0, 1.0, 1.0, 1.0, 2.0, 2.0, 1.0, 1.0, 3.0, 1.0, 1.0, 1.0, 1.0, 2.0, 3.0, 1.0, 1.0, 1.0, 3.0, 1.0, 3.0, 1.0, 1.0], [3.0, 2.0, 1.0, 1.0, 3.0, 1.0, 3.0, 1.0, 1.0, 1.0, 1.0, 1.0, 1.0, 1.0, 3.0, 1.0, 1.0, 1.0, 1.0, 1.0, 1.0, 1.0, 1.0, 1.0, 2.0, 1.0, 1.0, 1.0, 1.0, 1.0, 2.0, 1.0, 1.0, 1.0, 3.0, 1.0, 3.0, 1.0, 1.0], [3.0, 2.0, 1.0, 1.0, 3.0, 1.0, 3.0, 1.0, 1.0, 1.0, 1.0, 1.0, 1.0, 1.0, 3.0, 1.0, 0.0, 1.0, 1.0, 1.0, 1.0, 1.0, 1.0, 1.0, 2.0, 1.0, 1.0, 1.0, 1.0, 3.0, 3.0, 1.0, 1.0, 1.0, 3.0, 1.0, 3.0, 1.0, 1.0], [3.0, 1.0, 1.0, 1.0, 3.0, 1.0, 3.0, 1.0, 1.0, 1.0, 1.0, 1.0, 3.0, 1.0, 3.0, 1.0, 0.0, 1.0, 1.0, 1.0, 1.0, 1.0, 1.0, 1.0, 3.0, 1.0, 1.0, 1.0, 1.0, 2.0, 3.0, 1.0, 1.0, 1.0, 3.0, 1.0, 3.0, 1.0, 1.0], [3.0, 1.0, 1.0, 1.0, 3.0, 1.0, 1.0, 1.0, 2.0, 1.0, 1.0, 1.0, 1.0, 1.0, 3.0, 1.0, 0.0, 1.0, 1.0, 1.0, 1.0, 1.0, 1.0, 1.0, 3.0, 1.0, 1.0, 1.0, 1.0, 1.0, 2.0, 1.0, 1.0, 1.0, 3.0, 1.0, 3.0, 1.0, 1.0], [3.0, 1.0, 1.0, 1.0, 3.0, 1.0, 1.0, 1.0, 1.0, 1.0, 1.0, 3.0, 1.0, 1.0, 3.0, 1.0, 0.0, 2.0, 1.0, 1.0, 2.0, 1.0, 1.0, 1.0, 3.0, 1.0, 1.0, 1.0, 1.0, 2.0, 2.0, 1.0, 1.0, 1.0, 1.0, 1.0, 3.0, 1.0, 1.0], [1.0, 1.0, 1.0, 1.0, 3.0, 1.0, 1.0, 1.0, 1.0, 1.0, 1.0, 3.0, 1.0, 1.0, 3.0, 1.0, 1.0, 2.0, 1.0, 1.0, 1.0, 1.0, 1.0, 2.0, 3.0, 1.0, 1.0, 1.0, 1.0, 2.0, 2.0, 1.0, 1.0, 1.0, 1.0, 1.0, 3.0, 1.0, 1.0], [3.0, 1.0, 1.0, 1.0, 3.0, 1.0, 1.0, 1.0, 1.0, 1.0, 1.0, 3.0, 1.0, 1.0, 3.0, 1.0, 1.0, 3.0, 1.0, 1.0, 2.0, 1.0, 1.0, 1.0, 2.0, 0.0, 1.0, 1.0, 1.0, 2.0, 2.0, 1.0, 1.0, 1.0, 1.0, 1.0, 3.0, 1.0, 1.0], [1.0, 1.0, 1.0, 1.0, 3.0, 1.0, 3.0, 1.0, 1.0, 2.0, 1.0, 3.0, 1.0, 1.0, 3.0, 1.0, 0.0, 1.0, 1.0, 1.0, 2.0, 1.0, 1.0, 1.0, 3.0, 1.0, 1.0, 1.0, 1.0, 2.0, 2.0, 1.0, 1.0, 1.0, 1.0, 1.0, 3.0, 1.0, 1.0], [1.0, 1.0, 1.0, 1.0, 3.0, 1.0, 1.0, 1.0, 1.0, 1.0, 1.0, 1.0, 1.0, 1.0, 3.0, 1.0, 0.0, 1.0, 1.0, 1.0, 1.0, 1.0, 1.0, 1.0, 3.0, 1.0, 1.0, 1.0, 1.0, 2.0, 3.0, 1.0, 1.0, 1.0, 3.0, 1.0, 3.0, 1.0, 1.0], [3.0, 1.0, 1.0, 1.0, 3.0, 1.0, 1.0, 1.0, 2.0, 1.0, 1.0, 1.0, 2.0, 1.0, 3.0, 1.0, 1.0, 1.0, 1.0, 1.0, 2.0, 1.0, 1.0, 1.0, 2.0, 0.0, 1.0, 1.0, 1.0, 1.0, 3.0, 1.0, 1.0, 1.0, 2.0, 1.0, 3.0, 1.0, 1.0], [3.0, 1.0, 1.0, 1.0, 3.0, 1.0, 3.0, 1.0, 1.0, 1.0, 1.0, 3.0, 1.0, 1.0, 3.0, 1.0, 1.0, 1.0, 1.0, 1.0, 2.0, 1.0, 1.0, 1.0, 3.0, 0.0, 1.0, 1.0, 1.0, 1.0, 1.0, 1.0, 1.0, 1.0, 1.0, 1.0, 3.0, 1.0, 1.0], [3.0, 1.0, 1.0, 1.0, 3.0, 1.0, 3.0, 1.0, 1.0, 1.0, 2.0, 3.0, 2.0, 1.0, 3.0, 1.0, 1.0, 1.0, 1.0, 1.0, 2.0, 1.0, 1.0, 1.0, 2.0, 1.0, 1.0, 1.0, 1.0, 1.0, 3.0, 1.0, 1.0, 1.0, 1.0, 1.0, 3.0, 1.0, 1.0], [3.0, 1.0, 1.0, 1.0, 3.0, 1.0, 1.0, 1.0, 1.0, 1.0, 1.0, 1.0, 1.0, 1.0, 3.0, 1.0, 1.0, 1.0, 1.0, 1.0, 2.0, 1.0, 1.0, 1.0, 3.0, 0.0, 1.0, 1.0, 1.0, 1.0, 2.0, 1.0, 1.0, 1.0, 3.0, 1.0, 3.0, 1.0, 1.0], [3.0, 1.0, 1.0, 1.0, 3.0, 1.0, 1.0, 1.0, 1.0, 1.0, 1.0, 1.0, 2.0, 1.0, 3.0, 1.0, 1.0, 1.0, 1.0, 1.0, 2.0, 1.0, 1.0, 1.0, 3.0, 1.0, 1.0, 1.0, 1.0, 1.0, 3.0, 1.0, 1.0, 1.0, 3.0, 1.0, 3.0, 1.0, 1.0], [3.0, 1.0, 1.0, 1.0, 3.0, 1.0, 3.0, 1.0, 2.0, 1.0, 1.0, 1.0, 3.0, 1.0, 3.0, 1.0, 1.0, 1.0, 1.0, 1.0, 2.0, 1.0, 1.0, 1.0, 2.0, 1.0, 1.0, 1.0, 1.0, 1.0, 3.0, 1.0, 1.0, 1.0, 3.0, 1.0, 3.0, 1.0, 1.0], [1.0, 1.0, 1.0, 1.0, 3.0, 1.0, 3.0, 1.0, 1.0, 1.0, 1.0, 1.0, 1.0, 1.0, 3.0, 1.0, 1.0, 2.0, 1.0, 1.0, 2.0, 1.0, 1.0, 2.0, 3.0, 1.0, 1.0, 1.0, 1.0, 1.0, 2.0, 1.0, 1.0, 1.0, 1.0, 1.0, 3.0, 1.0, 1.0], [3.0, 1.0, 1.0, 1.0, 3.0, 1.0, 3.0, 1.0, 2.0, 1.0, 1.0, 1.0, 2.0, 1.0, 3.0, 1.0, 1.0, 1.0, 1.0, 1.0, 2.0, 1.0, 1.0, 2.0, 2.0, 1.0, 1.0, 1.0, 1.0, 1.0, 2.0, 1.0, 1.0, 1.0, 3.0, 1.0, 3.0, 1.0, 1.0], [3.0, 1.0, 1.0, 1.0, 3.0, 1.0, 1.0, 1.0, 1.0, 1.0, 1.0, 1.0, 1.0, 1.0, 3.0, 1.0, 1.0, 3.0, 1.0, 1.0, 2.0, 1.0, 1.0, 1.0, 3.0, 1.0, 1.0, 1.0, 1.0, 2.0, 3.0, 1.0, 1.0, 1.0, 3.0, 1.0, 3.0, 1.0, 1.0], [3.0, 1.0, 1.0, 1.0, 3.0, 1.0, 3.0, 1.0, 1.0, 1.0, 1.0, 3.0, 1.0, 1.0, 3.0, 1.0, 0.0, 1.0, 1.0, 1.0, 2.0, 1.0, 1.0, 1.0, 3.0, 1.0, 1.0, 1.0, 1.0, 2.0, 2.0, 1.0, 1.0, 1.0, 3.0, 1.0, 3.0, 1.0, 1.0], [3.0, 1.0, 1.0, 1.0, 3.0, 1.0, 1.0, 1.0, 1.0, 1.0, 1.0, 3.0, 1.0, 1.0, 3.0, 1.0, 1.0, 3.0, 1.0, 1.0, 2.0, 1.0, 1.0, 1.0, 3.0, 1.0, 1.0, 1.0, 1.0, 2.0, 2.0, 1.0, 1.0, 1.0, 3.0, 1.0, 3.0, 1.0, 1.0], [3.0, 1.0, 1.0, 1.0, 3.0, 1.0, 1.0, 1.0, 1.0, 1.0, 1.0, 1.0, 1.0, 1.0, 3.0, 1.0, 1.0, 1.0, 1.0, 1.0, 1.0, 1.0, 1.0, 1.0, 2.0, 1.0, 1.0, 1.0, 1.0, 2.0, 2.0, 1.0, 1.0, 1.0, 3.0, 1.0, 3.0, 1.0, 1.0], [3.0, 1.0, 1.0, 1.0, 3.0, 1.0, 3.0, 1.0, 1.0, 1.0, 1.0, 3.0, 1.0, 1.0, 3.0, 1.0, 0.0, 1.0, 1.0, 1.0, 2.0, 1.0, 1.0, 1.0, 2.0, 1.0, 1.0, 1.0, 1.0, 2.0, 2.0, 1.0, 1.0, 1.0, 3.0, 1.0, 3.0, 1.0, 1.0], [3.0, 1.0, 1.0, 1.0, 1.0, 1.0, 3.0, 1.0, 2.0, 1.0, 1.0, 1.0, 1.0, 1.0, 3.0, 1.0, 1.0, 1.0, 1.0, 1.0, 1.0, 1.0, 1.0, 1.0, 3.0, 0.0, 1.0, 1.0, 1.0, 1.0, 2.0, 1.0, 1.0, 1.0, 1.0, 1.0, 3.0, 1.0, 1.0], [3.0, 1.0, 1.0, 1.0, 3.0, 1.0, 3.0, 1.0, 1.0, 1.0, 1.0, 1.0, 1.0, 1.0, 3.0, 1.0, 1.0, 2.0, 1.0, 1.0, 2.0, 1.0, 1.0, 1.0, 3.0, 0.0, 1.0, 1.0, 1.0, 1.0, 3.0, 1.0, 1.0, 1.0, 3.0, 1.0, 3.0, 1.0, 1.0], [1.0, 1.0, 1.0, 1.0, 3.0, 1.0, 1.0, 1.0, 1.0, 2.0, 1.0, 3.0, 1.0, 1.0, 3.0, 1.0, 1.0, 3.0, 1.0, 1.0, 2.0, 1.0, 1.0, 1.0, 3.0, 0.0, 1.0, 1.0, 1.0, 2.0, 3.0, 1.0, 1.0, 1.0, 3.0, 1.0, 3.0, 1.0, 1.0], [3.0, 1.0, 1.0, 1.0, 3.0, 1.0, 3.0, 1.0, 1.0, 1.0, 1.0, 3.0, 1.0, 1.0, 3.0, 1.0, 0.0, 3.0, 1.0, 1.0, 2.0, 1.0, 1.0, 1.0, 2.0, 0.0, 1.0, 1.0, 1.0, 2.0, 2.0, 1.0, 1.0, 1.0, 1.0, 1.0, 3.0, 1.0, 1.0], [3.0, 2.0, 1.0, 1.0, 3.0, 1.0, 3.0, 1.0, 1.0, 1.0, 1.0, 3.0, 2.0, 1.0, 3.0, 1.0, 1.0, 1.0, 1.0, 1.0, 1.0, 1.0, 1.0, 1.0, 3.0, 1.0, 1.0, 1.0, 1.0, 1.0, 2.0, 1.0, 1.0, 1.0, 1.0, 1.0, 3.0, 1.0, 1.0], [1.0, 1.0, 1.0, 1.0, 3.0, 1.0, 3.0, 1.0, 1.0, 1.0, 1.0, 1.0, 1.0, 1.0, 3.0, 1.0, 1.0, 3.0, 1.0, 1.0, 2.0, 1.0, 1.0, 1.0, 3.0, 0.0, 1.0, 1.0, 1.0, 1.0, 3.0, 1.0, 1.0, 1.0, 3.0, 1.0, 3.0, 1.0, 1.0], [3.0, 1.0, 1.0, 1.0, 3.0, 1.0, 3.0, 1.0, 1.0, 1.0, 1.0, 3.0, 1.0, 1.0, 3.0, 1.0, 1.0, 1.0, 1.0, 1.0, 2.0, 1.0, 1.0, 1.0, 2.0, 1.0, 1.0, 1.0, 1.0, 2.0, 3.0, 1.0, 1.0, 1.0, 3.0, 1.0, 3.0, 1.0, 1.0], [1.0, 1.0, 1.0, 1.0, 3.0, 1.0, 3.0, 1.0, 1.0, 1.0, 1.0, 3.0, 1.0, 1.0, 3.0, 1.0, 1.0, 3.0, 1.0, 1.0, 1.0, 1.0, 1.0, 1.0, 3.0, 0.0, 1.0, 1.0, 1.0, 2.0, 3.0, 1.0, 1.0, 1.0, 3.0, 1.0, 3.0, 1.0, 1.0], [3.0, 1.0, 1.0, 1.0, 3.0, 1.0, 1.0, 1.0, 2.0, 1.0, 1.0, 3.0, 1.0, 1.0, 3.0, 1.0, 1.0, 1.0, 1.0, 1.0, 2.0, 1.0, 1.0, 1.0, 2.0, 1.0, 1.0, 1.0, 1.0, 2.0, 2.0, 1.0, 1.0, 1.0, 3.0, 1.0, 3.0, 1.0, 1.0], [3.0, 1.0, 1.0, 1.0, 3.0, 1.0, 3.0, 1.0, 1.0, 2.0, 1.0, 1.0, 2.0, 1.0, 3.0, 1.0, 1.0, 3.0, 1.0, 1.0, 2.0, 1.0, 1.0, 1.0, 3.0, 1.0, 1.0, 1.0, 1.0, 1.0, 2.0, 1.0, 1.0, 1.0, 3.0, 1.0, 3.0, 1.0, 1.0], [1.0, 1.0, 1.0, 1.0, 3.0, 1.0, 3.0, 1.0, 1.0, 1.0, 1.0, 1.0, 2.0, 1.0, 3.0, 1.0, 0.0, 2.0, 1.0, 1.0, 2.0, 1.0, 1.0, 1.0, 3.0, 0.0, 1.0, 1.0, 1.0, 2.0, 3.0, 1.0, 1.0, 1.0, 3.0, 1.0, 3.0, 1.0, 1.0], [3.0, 1.0, 1.0, 1.0, 3.0, 1.0, 3.0, 1.0, 1.0, 1.0, 1.0, 3.0, 1.0, 1.0, 3.0, 1.0, 1.0, 1.0, 1.0, 1.0, 1.0, 1.0, 1.0, 1.0, 2.0, 1.0, 1.0, 1.0, 1.0, 2.0, 2.0, 1.0, 1.0, 1.0, 3.0, 1.0, 3.0, 1.0, 1.0], [3.0, 1.0, 1.0, 1.0, 3.0, 1.0, 3.0, 1.0, 1.0, 1.0, 1.0, 1.0, 1.0, 1.0, 3.0, 1.0, 1.0, 1.0, 1.0, 1.0, 2.0, 1.0, 1.0, 1.0, 3.0, 0.0, 1.0, 1.0, 1.0, 1.0, 3.0, 1.0, 1.0, 1.0, 3.0, 1.0, 3.0, 1.0, 1.0], [3.0, 1.0, 1.0, 1.0, 3.0, 1.0, 1.0, 1.0, 1.0, 1.0, 1.0, 3.0, 1.0, 1.0, 3.0, 1.0, 0.0, 3.0, 1.0, 1.0, 2.0, 1.0, 1.0, 1.0, 3.0, 1.0, 1.0, 1.0, 1.0, 1.0, 2.0, 1.0, 1.0, 1.0, 1.0, 1.0, 3.0, 1.0, 1.0], [3.0, 1.0, 1.0, 1.0, 3.0, 1.0, 3.0, 1.0, 1.0, 1.0, 1.0, 1.0, 1.0, 1.0, 3.0, 1.0, 1.0, 1.0, 1.0, 1.0, 2.0, 1.0, 1.0, 1.0, 3.0, 1.0, 1.0, 1.0, 1.0, 2.0, 3.0, 1.0, 1.0, 1.0, 1.0, 1.0, 3.0, 1.0, 1.0], [3.0, 1.0, 1.0, 1.0, 1.0, 1.0, 3.0, 1.0, 1.0, 1.0, 1.0, 1.0, 1.0, 1.0, 3.0, 1.0, 1.0, 1.0, 1.0, 1.0, 2.0, 1.0, 1.0, 1.0, 3.0, 1.0, 1.0, 1.0, 1.0, 2.0, 3.0, 1.0, 1.0, 1.0, 1.0, 1.0, 3.0, 1.0, 1.0], [3.0, 1.0, 1.0, 1.0, 3.0, 1.0, 3.0, 1.0, 1.0, 2.0, 1.0, 1.0, 1.0, 1.0, 3.0, 1.0, 1.0, 1.0, 1.0, 1.0, 2.0, 1.0, 1.0, 1.0, 3.0, 0.0, 1.0, 1.0, 1.0, 2.0, 3.0, 1.0, 1.0, 1.0, 3.0, 1.0, 3.0, 1.0, 1.0], [3.0, 1.0, 1.0, 1.0, 1.0, 1.0, 3.0, 1.0, 2.0, 1.0, 1.0, 1.0, 2.0, 1.0, 3.0, 1.0, 1.0, 1.0, 1.0, 1.0, 1.0, 1.0, 1.0, 1.0, 3.0, 1.0, 1.0, 1.0, 1.0, 1.0, 3.0, 1.0, 1.0, 1.0, 3.0, 1.0, 3.0, 1.0, 1.0], [3.0, 1.0, 1.0, 1.0, 3.0, 1.0, 3.0, 1.0, 2.0, 2.0, 1.0, 3.0, 2.0, 1.0, 3.0, 1.0, 0.0, 1.0, 1.0, 1.0, 1.0, 1.0, 1.0, 1.0, 3.0, 1.0, 1.0, 1.0, 1.0, 2.0, 2.0, 1.0, 1.0, 1.0, 3.0, 1.0, 3.0, 1.0, 1.0], [3.0, 1.0, 1.0, 1.0, 3.0, 2.0, 1.0, 1.0, 1.0, 1.0, 2.0, 1.0, 2.0, 1.0, 3.0, 1.0, 1.0, 1.0, 1.0, 1.0, 1.0, 1.0, 1.0, 1.0, 3.0, 1.0, 1.0, 1.0, 1.0, 1.0, 2.0, 1.0, 1.0, 1.0, 3.0, 1.0, 3.0, 1.0, 1.0], [3.0, 1.0, 1.0, 1.0, 3.0, 1.0, 1.0, 1.0, 2.0, 1.0, 1.0, 1.0, 1.0, 1.0, 3.0, 1.0, 1.0, 1.0, 1.0, 1.0, 1.0, 1.0, 1.0, 1.0, 3.0, 0.0, 1.0, 1.0, 1.0, 1.0, 2.0, 1.0, 1.0, 1.0, 3.0, 1.0, 3.0, 1.0, 1.0], [3.0, 1.0, 1.0, 1.0, 3.0, 1.0, 1.0, 1.0, 2.0, 1.0, 1.0, 1.0, 2.0, 1.0, 3.0, 1.0, 0.0, 1.0, 1.0, 1.0, 2.0, 1.0, 1.0, 1.0, 2.0, 1.0, 1.0, 1.0, 1.0, 2.0, 1.0, 1.0, 1.0, 1.0, 3.0, 1.0, 3.0, 1.0, 1.0]]

first layer check: Conv2d(9, 64, kernel_size=(7, 7), stride=(2, 2), padding=(3, 3), bias=False)

for model 2: mode acc: 0.6153846383094788, run mean acc: 0.6725000143051147, top-2 acc:0.8675000071525574, mode f1: 0.6153846383094788

model 2 mode preds
[3.0, 1.0, 1.0, 1.0, 3.0, 1.0, 3.0, 1.0, 1.0, 1.0, 1.0, 1.0, 1.0, 1.0, 3.0, 1.0, 1.0, 3.0, 1.0, 1.0, 2.0, 1.0, 1.0, 1.0, 2.0, 0.0, 1.0, 1.0, 1.0, 1.0, 2.0, 1.0, 1.0, 1.0, 3.0, 1.0, 3.0, 1.0, 1.0]

model 2 all preds
[[3.0, 1.0, 1.0, 1.0, 3.0, 1.0, 3.0, 1.0, 1.0, 1.0, 1.0, 1.0, 1.0, 1.0, 3.0, 1.0, 1.0, 1.0, 1.0, 1.0, 2.0, 1.0, 1.0, 1.0, 2.0, 0.0, 1.0, 1.0, 1.0, 1.0, 2.0, 1.0, 1.0, 1.0, 3.0, 1.0, 3.0, 1.0, 1.0], [3.0, 1.0, 1.0, 1.0, 3.0, 1.0, 3.0, 1.0, 1.0, 1.0, 1.0, 1.0, 1.0, 1.0, 3.0, 1.0, 0.0, 3.0, 1.0, 1.0, 2.0, 1.0, 1.0, 1.0, 2.0, 0.0, 1.0, 1.0, 1.0, 1.0, 2.0, 1.0, 1.0, 1.0, 3.0, 1.0, 3.0, 1.0, 1.0], [3.0, 1.0, 1.0, 1.0, 2.0, 1.0, 3.0, 1.0, 1.0, 1.0, 1.0, 3.0, 1.0, 1.0, 3.0, 1.0, 1.0, 1.0, 1.0, 1.0, 3.0, 1.0, 1.0, 1.0, 2.0, 0.0, 1.0, 1.0, 1.0, 3.0, 2.0, 1.0, 1.0, 1.0, 3.0, 1.0, 3.0, 1.0, 1.0], [3.0, 1.0, 1.0, 1.0, 3.0, 1.0, 3.0, 1.0, 1.0, 1.0, 1.0, 1.0, 1.0, 1.0, 3.0, 1.0, 1.0, 3.0, 1.0, 1.0, 2.0, 1.0, 1.0, 1.0, 2.0, 1.0, 1.0, 1.0, 1.0, 1.0, 2.0, 1.0, 1.0, 1.0, 3.0, 1.0, 3.0, 1.0, 1.0], [3.0, 1.0, 1.0, 1.0, 3.0, 1.0, 3.0, 1.0, 1.0, 1.0, 1.0, 1.0, 2.0, 1.0, 3.0, 1.0, 0.0, 2.0, 1.0, 1.0, 2.0, 1.0, 1.0, 1.0, 3.0, 0.0, 1.0, 1.0, 1.0, 1.0, 2.0, 1.0, 1.0, 1.0, 3.0, 1.0, 3.0, 1.0, 1.0], [3.0, 1.0, 1.0, 1.0, 3.0, 1.0, 3.0, 1.0, 1.0, 1.0, 1.0, 1.0, 1.0, 1.0, 3.0, 1.0, 1.0, 3.0, 1.0, 1.0, 2.0, 1.0, 1.0, 1.0, 2.0, 1.0, 1.0, 1.0, 1.0, 2.0, 2.0, 1.0, 1.0, 1.0, 3.0, 2.0, 3.0, 1.0, 1.0], [3.0, 1.0, 1.0, 1.0, 3.0, 1.0, 3.0, 1.0, 1.0, 1.0, 1.0, 1.0, 1.0, 1.0, 3.0, 1.0, 1.0, 3.0, 1.0, 1.0, 2.0, 1.0, 1.0, 1.0, 2.0, 1.0, 1.0, 1.0, 1.0, 1.0, 1.0, 1.0, 1.0, 1.0, 3.0, 1.0, 3.0, 1.0, 1.0], [3.0, 1.0, 1.0, 1.0, 3.0, 1.0, 3.0, 1.0, 1.0, 1.0, 1.0, 3.0, 1.0, 0.0, 3.0, 1.0, 1.0, 1.0, 1.0, 1.0, 2.0, 1.0, 1.0, 1.0, 2.0, 0.0, 1.0, 1.0, 1.0, 1.0, 2.0, 1.0, 1.0, 1.0, 3.0, 1.0, 3.0, 1.0, 1.0], [3.0, 1.0, 1.0, 1.0, 3.0, 1.0, 2.0, 1.0, 1.0, 1.0, 1.0, 3.0, 2.0, 0.0, 3.0, 1.0, 0.0, 1.0, 1.0, 1.0, 2.0, 1.0, 1.0, 2.0, 2.0, 0.0, 1.0, 1.0, 1.0, 3.0, 2.0, 1.0, 1.0, 1.0, 2.0, 1.0, 3.0, 1.0, 1.0], [3.0, 1.0, 1.0, 1.0, 3.0, 1.0, 2.0, 1.0, 1.0, 1.0, 1.0, 3.0, 1.0, 1.0, 3.0, 1.0, 0.0, 3.0, 1.0, 1.0, 2.0, 1.0, 1.0, 1.0, 2.0, 0.0, 1.0, 1.0, 1.0, 3.0, 2.0, 1.0, 1.0, 1.0, 2.0, 1.0, 3.0, 1.0, 1.0], [3.0, 1.0, 1.0, 1.0, 3.0, 1.0, 3.0, 1.0, 1.0, 1.0, 1.0, 3.0, 2.0, 1.0, 3.0, 1.0, 0.0, 3.0, 1.0, 1.0, 2.0, 1.0, 1.0, 2.0, 2.0, 0.0, 1.0, 1.0, 1.0, 1.0, 2.0, 1.0, 1.0, 1.0, 3.0, 1.0, 3.0, 1.0, 1.0], [3.0, 1.0, 1.0, 1.0, 3.0, 1.0, 2.0, 1.0, 1.0, 1.0, 1.0, 3.0, 1.0, 1.0, 3.0, 1.0, 1.0, 2.0, 1.0, 1.0, 2.0, 1.0, 1.0, 1.0, 3.0, 0.0, 1.0, 1.0, 1.0, 1.0, 2.0, 1.0, 1.0, 1.0, 3.0, 1.0, 3.0, 1.0, 1.0], [3.0, 1.0, 1.0, 1.0, 3.0, 1.0, 2.0, 1.0, 1.0, 1.0, 1.0, 1.0, 1.0, 1.0, 3.0, 1.0, 1.0, 3.0, 1.0, 1.0, 2.0, 1.0, 1.0, 1.0, 2.0, 0.0, 1.0, 1.0, 1.0, 1.0, 2.0, 1.0, 1.0, 1.0, 3.0, 1.0, 3.0, 1.0, 1.0], [3.0, 1.0, 1.0, 1.0, 3.0, 1.0, 3.0, 1.0, 1.0, 1.0, 1.0, 3.0, 1.0, 1.0, 3.0, 1.0, 1.0, 3.0, 1.0, 1.0, 2.0, 1.0, 1.0, 1.0, 2.0, 0.0, 1.0, 1.0, 1.0, 2.0, 2.0, 1.0, 1.0, 1.0, 3.0, 2.0, 3.0, 1.0, 1.0], [3.0, 1.0, 1.0, 1.0, 2.0, 1.0, 2.0, 1.0, 1.0, 1.0, 1.0, 1.0, 2.0, 1.0, 3.0, 1.0, 1.0, 2.0, 1.0, 1.0, 2.0, 1.0, 1.0, 1.0, 2.0, 0.0, 1.0, 1.0, 1.0, 1.0, 2.0, 1.0, 1.0, 1.0, 3.0, 1.0, 3.0, 1.0, 1.0], [3.0, 1.0, 1.0, 1.0, 3.0, 1.0, 3.0, 1.0, 1.0, 1.0, 1.0, 1.0, 1.0, 1.0, 3.0, 1.0, 0.0, 2.0, 1.0, 1.0, 2.0, 1.0, 1.0, 1.0, 3.0, 1.0, 1.0, 1.0, 1.0, 2.0, 2.0, 1.0, 1.0, 1.0, 3.0, 1.0, 3.0, 1.0, 1.0], [3.0, 1.0, 1.0, 1.0, 3.0, 1.0, 2.0, 1.0, 1.0, 1.0, 1.0, 1.0, 2.0, 1.0, 3.0, 1.0, 1.0, 3.0, 1.0, 1.0, 2.0, 1.0, 1.0, 2.0, 2.0, 0.0, 1.0, 1.0, 1.0, 1.0, 2.0, 1.0, 1.0, 1.0, 2.0, 1.0, 3.0, 1.0, 1.0], [3.0, 1.0, 1.0, 1.0, 3.0, 1.0, 2.0, 1.0, 1.0, 1.0, 1.0, 1.0, 1.0, 1.0, 3.0, 1.0, 0.0, 2.0, 1.0, 1.0, 2.0, 1.0, 1.0, 1.0, 2.0, 0.0, 1.0, 1.0, 1.0, 1.0, 2.0, 1.0, 1.0, 1.0, 3.0, 1.0, 3.0, 1.0, 1.0], [3.0, 1.0, 1.0, 1.0, 3.0, 1.0, 2.0, 1.0, 1.0, 1.0, 1.0, 3.0, 2.0, 1.0, 3.0, 1.0, 0.0, 1.0, 1.0, 1.0, 2.0, 1.0, 1.0, 1.0, 2.0, 0.0, 1.0, 1.0, 1.0, 2.0, 2.0, 1.0, 1.0, 1.0, 3.0, 1.0, 3.0, 1.0, 1.0], [3.0, 1.0, 1.0, 1.0, 3.0, 1.0, 3.0, 1.0, 1.0, 1.0, 1.0, 1.0, 2.0, 0.0, 3.0, 1.0, 1.0, 3.0, 1.0, 1.0, 2.0, 1.0, 1.0, 1.0, 2.0, 0.0, 1.0, 1.0, 1.0, 3.0, 2.0, 1.0, 1.0, 1.0, 3.0, 1.0, 3.0, 1.0, 1.0], [3.0, 1.0, 1.0, 1.0, 3.0, 1.0, 3.0, 1.0, 1.0, 1.0, 1.0, 1.0, 2.0, 1.0, 3.0, 1.0, 0.0, 3.0, 1.0, 1.0, 2.0, 1.0, 1.0, 1.0, 3.0, 0.0, 1.0, 1.0, 1.0, 1.0, 2.0, 1.0, 1.0, 1.0, 3.0, 1.0, 3.0, 1.0, 1.0], [3.0, 1.0, 1.0, 1.0, 3.0, 1.0, 2.0, 1.0, 1.0, 2.0, 1.0, 3.0, 1.0, 1.0, 3.0, 1.0, 0.0, 3.0, 1.0, 1.0, 2.0, 1.0, 1.0, 1.0, 2.0, 1.0, 1.0, 1.0, 1.0, 1.0, 2.0, 1.0, 1.0, 1.0, 2.0, 1.0, 3.0, 1.0, 1.0], [3.0, 1.0, 1.0, 1.0, 2.0, 1.0, 3.0, 1.0, 1.0, 1.0, 1.0, 2.0, 1.0, 1.0, 3.0, 1.0, 1.0, 2.0, 1.0, 1.0, 2.0, 1.0, 1.0, 1.0, 2.0, 0.0, 1.0, 1.0, 1.0, 2.0, 2.0, 1.0, 1.0, 1.0, 3.0, 1.0, 3.0, 1.0, 1.0], [3.0, 1.0, 1.0, 1.0, 3.0, 1.0, 3.0, 1.0, 1.0, 1.0, 1.0, 3.0, 2.0, 1.0, 3.0, 1.0, 0.0, 2.0, 1.0, 1.0, 2.0, 1.0, 1.0, 1.0, 2.0, 0.0, 1.0, 1.0, 1.0, 2.0, 2.0, 1.0, 1.0, 1.0, 3.0, 1.0, 3.0, 1.0, 1.0], [3.0, 1.0, 1.0, 1.0, 3.0, 1.0, 3.0, 1.0, 1.0, 1.0, 1.0, 3.0, 2.0, 1.0, 3.0, 1.0, 0.0, 3.0, 1.0, 1.0, 2.0, 1.0, 1.0, 1.0, 2.0, 1.0, 1.0, 1.0, 1.0, 1.0, 2.0, 1.0, 1.0, 1.0, 3.0, 1.0, 3.0, 1.0, 1.0], [3.0, 1.0, 1.0, 1.0, 3.0, 1.0, 2.0, 1.0, 1.0, 1.0, 1.0, 3.0, 2.0, 1.0, 3.0, 1.0, 1.0, 1.0, 1.0, 1.0, 2.0, 1.0, 1.0, 2.0, 2.0, 1.0, 1.0, 1.0, 1.0, 2.0, 2.0, 1.0, 1.0, 1.0, 2.0, 1.0, 3.0, 1.0, 1.0], [3.0, 1.0, 1.0, 1.0, 3.0, 1.0, 3.0, 1.0, 1.0, 1.0, 1.0, 3.0, 1.0, 1.0, 3.0, 1.0, 0.0, 3.0, 1.0, 1.0, 2.0, 1.0, 1.0, 2.0, 2.0, 0.0, 1.0, 1.0, 1.0, 1.0, 2.0, 1.0, 1.0, 1.0, 3.0, 1.0, 3.0, 1.0, 1.0], [3.0, 1.0, 1.0, 1.0, 3.0, 1.0, 2.0, 1.0, 1.0, 1.0, 1.0, 3.0, 1.0, 1.0, 3.0, 1.0, 1.0, 3.0, 1.0, 1.0, 2.0, 1.0, 1.0, 1.0, 2.0, 0.0, 1.0, 1.0, 1.0, 1.0, 2.0, 1.0, 1.0, 1.0, 2.0, 1.0, 3.0, 1.0, 1.0], [3.0, 1.0, 1.0, 1.0, 3.0, 1.0, 3.0, 1.0, 1.0, 1.0, 1.0, 3.0, 1.0, 0.0, 3.0, 1.0, 1.0, 1.0, 1.0, 1.0, 2.0, 1.0, 1.0, 1.0, 2.0, 0.0, 1.0, 1.0, 1.0, 1.0, 2.0, 1.0, 1.0, 1.0, 3.0, 1.0, 3.0, 1.0, 1.0], [3.0, 1.0, 1.0, 1.0, 3.0, 1.0, 3.0, 1.0, 1.0, 1.0, 1.0, 2.0, 2.0, 1.0, 3.0, 1.0, 1.0, 1.0, 1.0, 1.0, 1.0, 1.0, 1.0, 1.0, 2.0, 1.0, 1.0, 1.0, 1.0, 1.0, 2.0, 1.0, 1.0, 1.0, 3.0, 1.0, 3.0, 1.0, 1.0], [3.0, 1.0, 1.0, 1.0, 3.0, 1.0, 2.0, 1.0, 1.0, 1.0, 1.0, 1.0, 1.0, 1.0, 3.0, 1.0, 1.0, 1.0, 1.0, 1.0, 2.0, 1.0, 1.0, 1.0, 2.0, 0.0, 1.0, 1.0, 1.0, 1.0, 2.0, 1.0, 1.0, 1.0, 3.0, 1.0, 3.0, 1.0, 1.0], [3.0, 1.0, 1.0, 1.0, 3.0, 1.0, 3.0, 1.0, 1.0, 1.0, 1.0, 3.0, 1.0, 1.0, 3.0, 1.0, 1.0, 3.0, 1.0, 1.0, 2.0, 1.0, 1.0, 1.0, 3.0, 0.0, 1.0, 1.0, 1.0, 2.0, 2.0, 1.0, 1.0, 1.0, 3.0, 1.0, 3.0, 1.0, 1.0], [3.0, 1.0, 1.0, 1.0, 3.0, 1.0, 3.0, 1.0, 1.0, 1.0, 1.0, 1.0, 2.0, 1.0, 3.0, 1.0, 0.0, 3.0, 1.0, 1.0, 2.0, 1.0, 1.0, 1.0, 3.0, 0.0, 1.0, 1.0, 1.0, 1.0, 2.0, 1.0, 1.0, 1.0, 3.0, 1.0, 3.0, 1.0, 1.0], [3.0, 1.0, 1.0, 1.0, 3.0, 1.0, 3.0, 1.0, 1.0, 1.0, 1.0, 3.0, 1.0, 0.0, 3.0, 1.0, 1.0, 1.0, 1.0, 1.0, 2.0, 1.0, 1.0, 1.0, 2.0, 0.0, 1.0, 1.0, 1.0, 1.0, 2.0, 1.0, 1.0, 1.0, 3.0, 1.0, 3.0, 1.0, 1.0], [3.0, 1.0, 1.0, 1.0, 3.0, 1.0, 3.0, 1.0, 1.0, 1.0, 1.0, 1.0, 2.0, 1.0, 3.0, 1.0, 0.0, 3.0, 1.0, 1.0, 2.0, 1.0, 1.0, 1.0, 2.0, 0.0, 1.0, 1.0, 1.0, 1.0, 2.0, 1.0, 1.0, 1.0, 3.0, 1.0, 3.0, 1.0, 1.0], [3.0, 1.0, 1.0, 1.0, 3.0, 1.0, 3.0, 1.0, 1.0, 1.0, 1.0, 3.0, 2.0, 1.0, 3.0, 1.0, 1.0, 3.0, 1.0, 1.0, 2.0, 1.0, 1.0, 1.0, 2.0, 0.0, 1.0, 1.0, 1.0, 2.0, 2.0, 1.0, 1.0, 1.0, 2.0, 1.0, 3.0, 1.0, 1.0], [3.0, 1.0, 1.0, 1.0, 3.0, 1.0, 3.0, 1.0, 1.0, 1.0, 1.0, 2.0, 1.0, 1.0, 3.0, 1.0, 1.0, 2.0, 1.0, 1.0, 2.0, 1.0, 1.0, 1.0, 2.0, 0.0, 1.0, 1.0, 1.0, 1.0, 2.0, 1.0, 1.0, 1.0, 3.0, 1.0, 3.0, 1.0, 1.0], [3.0, 1.0, 1.0, 1.0, 3.0, 1.0, 3.0, 1.0, 1.0, 1.0, 1.0, 1.0, 1.0, 0.0, 3.0, 1.0, 0.0, 1.0, 1.0, 1.0, 2.0, 1.0, 1.0, 1.0, 2.0, 0.0, 1.0, 1.0, 1.0, 2.0, 2.0, 1.0, 1.0, 1.0, 3.0, 2.0, 3.0, 1.0, 1.0], [3.0, 1.0, 1.0, 1.0, 3.0, 2.0, 3.0, 1.0, 1.0, 1.0, 1.0, 3.0, 1.0, 1.0, 3.0, 1.0, 1.0, 1.0, 1.0, 1.0, 2.0, 1.0, 1.0, 1.0, 2.0, 0.0, 1.0, 1.0, 1.0, 1.0, 2.0, 1.0, 1.0, 1.0, 3.0, 1.0, 3.0, 1.0, 1.0], [3.0, 2.0, 1.0, 1.0, 3.0, 1.0, 3.0, 1.0, 1.0, 1.0, 1.0, 1.0, 1.0, 1.0, 3.0, 1.0, 1.0, 1.0, 1.0, 1.0, 2.0, 1.0, 1.0, 1.0, 2.0, 0.0, 1.0, 1.0, 1.0, 1.0, 2.0, 1.0, 1.0, 1.0, 3.0, 1.0, 3.0, 1.0, 1.0], [3.0, 1.0, 1.0, 1.0, 3.0, 1.0, 3.0, 1.0, 1.0, 1.0, 1.0, 1.0, 1.0, 1.0, 3.0, 1.0, 1.0, 1.0, 1.0, 1.0, 1.0, 1.0, 1.0, 1.0, 2.0, 0.0, 1.0, 1.0, 1.0, 1.0, 2.0, 1.0, 1.0, 1.0, 3.0, 1.0, 3.0, 1.0, 1.0], [3.0, 1.0, 1.0, 1.0, 3.0, 1.0, 3.0, 1.0, 1.0, 1.0, 1.0, 1.0, 1.0, 1.0, 3.0, 1.0, 1.0, 3.0, 1.0, 1.0, 2.0, 1.0, 1.0, 1.0, 3.0, 0.0, 1.0, 1.0, 1.0, 2.0, 2.0, 1.0, 1.0, 1.0, 3.0, 1.0, 3.0, 1.0, 1.0], [3.0, 1.0, 1.0, 1.0, 3.0, 1.0, 3.0, 1.0, 1.0, 1.0, 1.0, 1.0, 1.0, 0.0, 3.0, 1.0, 1.0, 2.0, 1.0, 1.0, 2.0, 1.0, 1.0, 1.0, 2.0, 0.0, 1.0, 1.0, 1.0, 1.0, 2.0, 1.0, 1.0, 1.0, 3.0, 1.0, 3.0, 1.0, 1.0], [2.0, 1.0, 1.0, 1.0, 3.0, 1.0, 2.0, 1.0, 1.0, 1.0, 1.0, 3.0, 1.0, 1.0, 3.0, 1.0, 0.0, 1.0, 1.0, 1.0, 2.0, 1.0, 1.0, 1.0, 2.0, 0.0, 1.0, 1.0, 1.0, 1.0, 2.0, 1.0, 1.0, 1.0, 3.0, 1.0, 3.0, 1.0, 1.0], [3.0, 1.0, 1.0, 1.0, 3.0, 1.0, 2.0, 1.0, 1.0, 1.0, 1.0, 3.0, 2.0, 1.0, 3.0, 1.0, 1.0, 2.0, 1.0, 1.0, 2.0, 1.0, 1.0, 1.0, 2.0, 0.0, 1.0, 1.0, 1.0, 2.0, 2.0, 1.0, 1.0, 1.0, 2.0, 1.0, 3.0, 1.0, 1.0], [3.0, 1.0, 1.0, 1.0, 3.0, 1.0, 3.0, 1.0, 1.0, 1.0, 1.0, 1.0, 2.0, 1.0, 3.0, 1.0, 1.0, 1.0, 1.0, 1.0, 2.0, 1.0, 1.0, 1.0, 2.0, 1.0, 1.0, 1.0, 1.0, 2.0, 2.0, 1.0, 1.0, 1.0, 3.0, 1.0, 3.0, 1.0, 1.0], [3.0, 1.0, 1.0, 1.0, 3.0, 1.0, 2.0, 1.0, 1.0, 1.0, 1.0, 3.0, 2.0, 0.0, 3.0, 1.0, 1.0, 2.0, 1.0, 1.0, 2.0, 1.0, 1.0, 1.0, 2.0, 0.0, 1.0, 1.0, 1.0, 2.0, 2.0, 1.0, 1.0, 1.0, 3.0, 1.0, 3.0, 1.0, 1.0], [3.0, 1.0, 1.0, 1.0, 3.0, 1.0, 3.0, 1.0, 1.0, 1.0, 1.0, 2.0, 1.0, 0.0, 3.0, 1.0, 0.0, 1.0, 1.0, 1.0, 2.0, 1.0, 1.0, 1.0, 2.0, 0.0, 1.0, 1.0, 1.0, 2.0, 2.0, 1.0, 1.0, 1.0, 3.0, 1.0, 3.0, 1.0, 1.0], [3.0, 1.0, 1.0, 1.0, 3.0, 1.0, 3.0, 1.0, 1.0, 1.0, 1.0, 1.0, 1.0, 1.0, 3.0, 1.0, 1.0, 3.0, 1.0, 1.0, 2.0, 1.0, 1.0, 1.0, 2.0, 1.0, 1.0, 1.0, 1.0, 1.0, 2.0, 1.0, 1.0, 1.0, 2.0, 1.0, 3.0, 1.0, 1.0], [3.0, 1.0, 1.0, 1.0, 3.0, 1.0, 3.0, 1.0, 1.0, 1.0, 1.0, 2.0, 1.0, 1.0, 3.0, 1.0, 0.0, 3.0, 1.0, 1.0, 2.0, 1.0, 1.0, 1.0, 2.0, 0.0, 1.0, 1.0, 1.0, 1.0, 2.0, 1.0, 1.0, 1.0, 2.0, 1.0, 3.0, 1.0, 1.0]]

first layer check: Conv2d(9, 64, kernel_size=(7, 7), stride=(2, 2), padding=(3, 3), bias=False)

for model 3: mode acc: 0.6153846383094788, run mean acc: 0.7074999809265137, top-2 acc:0.9195833802223206, mode f1: 0.6153846383094788

model 3 mode preds
[3.0, 1.0, 2.0, 1.0, 3.0, 1.0, 2.0, 1.0, 1.0, 2.0, 2.0, 3.0, 2.0, 1.0, 3.0, 1.0, 1.0, 2.0, 1.0, 1.0, 2.0, 1.0, 1.0, 2.0, 3.0, 1.0, 1.0, 2.0, 1.0, 2.0, 2.0, 2.0, 1.0, 1.0, 3.0, 2.0, 3.0, 1.0, 1.0]

model 3 all preds
[[3.0, 1.0, 2.0, 1.0, 3.0, 1.0, 2.0, 1.0, 1.0, 2.0, 2.0, 3.0, 2.0, 1.0, 3.0, 1.0, 1.0, 2.0, 1.0, 1.0, 2.0, 2.0, 1.0, 2.0, 3.0, 1.0, 1.0, 1.0, 1.0, 2.0, 2.0, 2.0, 1.0, 1.0, 2.0, 2.0, 3.0, 1.0, 2.0], [3.0, 1.0, 2.0, 1.0, 3.0, 1.0, 2.0, 1.0, 1.0, 2.0, 2.0, 2.0, 2.0, 1.0, 3.0, 1.0, 1.0, 2.0, 1.0, 1.0, 2.0, 1.0, 1.0, 2.0, 3.0, 1.0, 1.0, 1.0, 1.0, 2.0, 2.0, 2.0, 1.0, 2.0, 2.0, 2.0, 3.0, 1.0, 1.0], [3.0, 1.0, 2.0, 1.0, 3.0, 2.0, 2.0, 1.0, 1.0, 2.0, 2.0, 3.0, 2.0, 1.0, 3.0, 1.0, 1.0, 2.0, 1.0, 1.0, 2.0, 2.0, 1.0, 2.0, 3.0, 1.0, 1.0, 1.0, 1.0, 1.0, 2.0, 2.0, 1.0, 1.0, 2.0, 2.0, 3.0, 1.0, 1.0], [3.0, 1.0, 2.0, 1.0, 3.0, 1.0, 2.0, 1.0, 2.0, 1.0, 2.0, 2.0, 1.0, 1.0, 3.0, 1.0, 1.0, 2.0, 1.0, 1.0, 2.0, 1.0, 1.0, 2.0, 3.0, 1.0, 1.0, 2.0, 1.0, 2.0, 2.0, 2.0, 1.0, 2.0, 3.0, 2.0, 3.0, 1.0, 1.0], [3.0, 1.0, 2.0, 1.0, 3.0, 1.0, 2.0, 1.0, 2.0, 2.0, 2.0, 3.0, 2.0, 1.0, 3.0, 1.0, 1.0, 2.0, 1.0, 1.0, 2.0, 1.0, 1.0, 2.0, 3.0, 1.0, 1.0, 1.0, 1.0, 2.0, 2.0, 2.0, 1.0, 1.0, 2.0, 2.0, 3.0, 1.0, 1.0], [3.0, 1.0, 2.0, 1.0, 3.0, 1.0, 2.0, 1.0, 2.0, 2.0, 2.0, 2.0, 1.0, 1.0, 3.0, 1.0, 1.0, 3.0, 1.0, 1.0, 1.0, 2.0, 1.0, 2.0, 3.0, 1.0, 1.0, 2.0, 1.0, 1.0, 2.0, 2.0, 1.0, 2.0, 2.0, 2.0, 3.0, 1.0, 1.0], [3.0, 1.0, 1.0, 1.0, 3.0, 1.0, 2.0, 1.0, 2.0, 2.0, 2.0, 3.0, 2.0, 1.0, 3.0, 1.0, 1.0, 2.0, 1.0, 1.0, 2.0, 2.0, 1.0, 2.0, 3.0, 1.0, 1.0, 1.0, 1.0, 1.0, 2.0, 2.0, 1.0, 1.0, 3.0, 2.0, 3.0, 1.0, 2.0], [3.0, 1.0, 1.0, 2.0, 3.0, 1.0, 2.0, 1.0, 1.0, 2.0, 2.0, 3.0, 2.0, 1.0, 3.0, 1.0, 1.0, 2.0, 1.0, 1.0, 2.0, 2.0, 1.0, 2.0, 3.0, 1.0, 1.0, 2.0, 1.0, 2.0, 2.0, 2.0, 1.0, 1.0, 2.0, 2.0, 3.0, 1.0, 1.0], [3.0, 1.0, 1.0, 1.0, 3.0, 1.0, 3.0, 1.0, 1.0, 2.0, 2.0, 3.0, 1.0, 1.0, 2.0, 1.0, 1.0, 2.0, 1.0, 2.0, 2.0, 1.0, 1.0, 2.0, 3.0, 1.0, 1.0, 2.0, 1.0, 2.0, 3.0, 2.0, 1.0, 2.0, 3.0, 2.0, 3.0, 1.0, 1.0], [1.0, 1.0, 2.0, 1.0, 3.0, 2.0, 3.0, 1.0, 1.0, 2.0, 2.0, 3.0, 2.0, 1.0, 3.0, 1.0, 1.0, 3.0, 1.0, 1.0, 2.0, 1.0, 1.0, 2.0, 3.0, 1.0, 1.0, 1.0, 1.0, 2.0, 2.0, 2.0, 1.0, 1.0, 2.0, 2.0, 3.0, 1.0, 2.0], [3.0, 1.0, 2.0, 1.0, 3.0, 1.0, 3.0, 1.0, 1.0, 2.0, 2.0, 2.0, 2.0, 1.0, 3.0, 1.0, 1.0, 2.0, 1.0, 1.0, 2.0, 1.0, 1.0, 2.0, 3.0, 1.0, 1.0, 2.0, 1.0, 2.0, 2.0, 2.0, 1.0, 1.0, 3.0, 2.0, 3.0, 1.0, 1.0], [3.0, 1.0, 2.0, 1.0, 3.0, 1.0, 2.0, 1.0, 2.0, 2.0, 2.0, 2.0, 2.0, 1.0, 3.0, 1.0, 1.0, 2.0, 1.0, 1.0, 2.0, 1.0, 1.0, 2.0, 3.0, 1.0, 1.0, 1.0, 1.0, 2.0, 2.0, 2.0, 1.0, 1.0, 3.0, 2.0, 3.0, 1.0, 2.0], [3.0, 1.0, 2.0, 1.0, 3.0, 1.0, 2.0, 1.0, 1.0, 2.0, 2.0, 2.0, 2.0, 1.0, 3.0, 1.0, 1.0, 3.0, 1.0, 1.0, 2.0, 2.0, 1.0, 2.0, 3.0, 1.0, 1.0, 1.0, 1.0, 2.0, 2.0, 2.0, 1.0, 2.0, 3.0, 2.0, 3.0, 1.0, 1.0], [3.0, 1.0, 2.0, 2.0, 3.0, 2.0, 3.0, 1.0, 2.0, 2.0, 2.0, 2.0, 2.0, 1.0, 3.0, 1.0, 1.0, 3.0, 1.0, 1.0, 2.0, 1.0, 1.0, 2.0, 3.0, 1.0, 1.0, 2.0, 1.0, 2.0, 2.0, 2.0, 1.0, 1.0, 3.0, 2.0, 3.0, 1.0, 2.0], [3.0, 1.0, 2.0, 1.0, 3.0, 1.0, 2.0, 1.0, 1.0, 2.0, 2.0, 2.0, 2.0, 1.0, 3.0, 1.0, 1.0, 2.0, 1.0, 1.0, 2.0, 1.0, 1.0, 2.0, 3.0, 1.0, 1.0, 2.0, 1.0, 2.0, 2.0, 2.0, 1.0, 1.0, 2.0, 2.0, 3.0, 1.0, 2.0], [3.0, 2.0, 2.0, 1.0, 3.0, 1.0, 2.0, 1.0, 2.0, 2.0, 2.0, 2.0, 2.0, 1.0, 3.0, 1.0, 1.0, 2.0, 1.0, 1.0, 2.0, 2.0, 1.0, 2.0, 3.0, 1.0, 1.0, 2.0, 1.0, 2.0, 2.0, 2.0, 1.0, 1.0, 3.0, 2.0, 3.0, 1.0, 1.0], [3.0, 1.0, 1.0, 1.0, 3.0, 1.0, 3.0, 1.0, 1.0, 2.0, 2.0, 3.0, 1.0, 1.0, 3.0, 1.0, 1.0, 3.0, 1.0, 1.0, 2.0, 1.0, 1.0, 2.0, 3.0, 1.0, 1.0, 2.0, 1.0, 2.0, 2.0, 2.0, 1.0, 1.0, 3.0, 2.0, 3.0, 1.0, 1.0], [3.0, 1.0, 2.0, 1.0, 3.0, 1.0, 3.0, 1.0, 1.0, 2.0, 2.0, 3.0, 1.0, 1.0, 3.0, 1.0, 1.0, 3.0, 1.0, 1.0, 2.0, 2.0, 1.0, 2.0, 3.0, 1.0, 1.0, 1.0, 1.0, 2.0, 2.0, 2.0, 1.0, 1.0, 3.0, 2.0, 3.0, 1.0, 2.0], [3.0, 1.0, 2.0, 2.0, 3.0, 1.0, 2.0, 1.0, 2.0, 2.0, 2.0, 3.0, 2.0, 1.0, 3.0, 1.0, 1.0, 2.0, 1.0, 1.0, 2.0, 1.0, 1.0, 2.0, 3.0, 1.0, 1.0, 2.0, 1.0, 2.0, 2.0, 2.0, 1.0, 1.0, 3.0, 1.0, 3.0, 1.0, 1.0], [3.0, 1.0, 2.0, 1.0, 3.0, 1.0, 2.0, 1.0, 2.0, 2.0, 2.0, 2.0, 2.0, 1.0, 3.0, 1.0, 1.0, 2.0, 1.0, 1.0, 2.0, 1.0, 1.0, 2.0, 3.0, 1.0, 1.0, 1.0, 1.0, 1.0, 2.0, 2.0, 1.0, 2.0, 2.0, 2.0, 3.0, 1.0, 1.0], [3.0, 1.0, 2.0, 2.0, 3.0, 1.0, 2.0, 1.0, 1.0, 2.0, 2.0, 2.0, 1.0, 1.0, 2.0, 1.0, 1.0, 2.0, 1.0, 1.0, 2.0, 1.0, 1.0, 2.0, 3.0, 1.0, 1.0, 2.0, 1.0, 2.0, 2.0, 2.0, 1.0, 1.0, 3.0, 2.0, 3.0, 1.0, 1.0], [3.0, 1.0, 2.0, 1.0, 3.0, 1.0, 2.0, 1.0, 2.0, 2.0, 2.0, 2.0, 1.0, 1.0, 3.0, 1.0, 1.0, 2.0, 1.0, 1.0, 2.0, 1.0, 1.0, 2.0, 2.0, 1.0, 1.0, 2.0, 1.0, 1.0, 2.0, 1.0, 1.0, 1.0, 3.0, 2.0, 3.0, 1.0, 1.0], [3.0, 1.0, 2.0, 1.0, 3.0, 1.0, 2.0, 1.0, 1.0, 2.0, 2.0, 3.0, 2.0, 1.0, 3.0, 1.0, 1.0, 2.0, 1.0, 1.0, 2.0, 2.0, 1.0, 2.0, 3.0, 1.0, 1.0, 2.0, 1.0, 2.0, 2.0, 2.0, 1.0, 1.0, 2.0, 2.0, 3.0, 1.0, 1.0], [3.0, 1.0, 2.0, 1.0, 3.0, 1.0, 3.0, 1.0, 1.0, 2.0, 2.0, 3.0, 2.0, 1.0, 3.0, 1.0, 1.0, 2.0, 1.0, 1.0, 2.0, 1.0, 1.0, 2.0, 3.0, 1.0, 1.0, 2.0, 1.0, 1.0, 2.0, 2.0, 1.0, 2.0, 3.0, 2.0, 3.0, 1.0, 1.0], [3.0, 2.0, 2.0, 1.0, 3.0, 2.0, 2.0, 1.0, 1.0, 1.0, 2.0, 2.0, 1.0, 1.0, 3.0, 1.0, 1.0, 1.0, 1.0, 1.0, 2.0, 1.0, 1.0, 2.0, 2.0, 1.0, 1.0, 2.0, 1.0, 1.0, 2.0, 1.0, 1.0, 1.0, 2.0, 2.0, 3.0, 1.0, 2.0], [3.0, 1.0, 2.0, 1.0, 3.0, 1.0, 3.0, 1.0, 1.0, 2.0, 2.0, 2.0, 2.0, 1.0, 3.0, 1.0, 1.0, 2.0, 1.0, 1.0, 2.0, 1.0, 1.0, 2.0, 3.0, 1.0, 1.0, 2.0, 1.0, 2.0, 2.0, 2.0, 1.0, 1.0, 2.0, 2.0, 3.0, 1.0, 1.0], [3.0, 1.0, 2.0, 2.0, 3.0, 2.0, 3.0, 1.0, 1.0, 2.0, 2.0, 3.0, 1.0, 1.0, 3.0, 1.0, 1.0, 3.0, 1.0, 2.0, 2.0, 2.0, 1.0, 2.0, 3.0, 1.0, 1.0, 1.0, 1.0, 2.0, 2.0, 2.0, 1.0, 1.0, 2.0, 2.0, 3.0, 1.0, 1.0], [3.0, 1.0, 2.0, 1.0, 3.0, 1.0, 2.0, 1.0, 2.0, 2.0, 2.0, 3.0, 2.0, 1.0, 3.0, 1.0, 1.0, 2.0, 1.0, 1.0, 2.0, 2.0, 1.0, 2.0, 3.0, 1.0, 1.0, 2.0, 1.0, 2.0, 2.0, 2.0, 1.0, 1.0, 2.0, 2.0, 3.0, 1.0, 1.0], [3.0, 1.0, 1.0, 1.0, 3.0, 1.0, 2.0, 1.0, 2.0, 2.0, 2.0, 3.0, 2.0, 1.0, 3.0, 1.0, 1.0, 2.0, 1.0, 2.0, 2.0, 1.0, 1.0, 2.0, 2.0, 1.0, 1.0, 2.0, 1.0, 2.0, 2.0, 2.0, 1.0, 1.0, 2.0, 2.0, 3.0, 1.0, 1.0], [3.0, 1.0, 2.0, 1.0, 3.0, 2.0, 2.0, 1.0, 1.0, 2.0, 2.0, 3.0, 2.0, 1.0, 3.0, 1.0, 1.0, 1.0, 1.0, 1.0, 2.0, 2.0, 1.0, 2.0, 3.0, 1.0, 1.0, 2.0, 1.0, 1.0, 2.0, 2.0, 1.0, 2.0, 3.0, 2.0, 3.0, 1.0, 1.0], [3.0, 1.0, 1.0, 2.0, 3.0, 2.0, 2.0, 1.0, 2.0, 2.0, 2.0, 3.0, 2.0, 1.0, 3.0, 1.0, 1.0, 2.0, 1.0, 1.0, 2.0, 1.0, 1.0, 2.0, 3.0, 1.0, 1.0, 1.0, 1.0, 2.0, 2.0, 2.0, 1.0, 2.0, 3.0, 2.0, 3.0, 1.0, 1.0], [3.0, 1.0, 1.0, 1.0, 3.0, 2.0, 3.0, 1.0, 2.0, 2.0, 2.0, 2.0, 1.0, 1.0, 3.0, 1.0, 1.0, 2.0, 1.0, 1.0, 2.0, 1.0, 1.0, 2.0, 2.0, 1.0, 1.0, 1.0, 1.0, 2.0, 2.0, 1.0, 1.0, 1.0, 3.0, 2.0, 3.0, 1.0, 1.0], [3.0, 1.0, 2.0, 2.0, 3.0, 2.0, 2.0, 1.0, 2.0, 2.0, 2.0, 2.0, 1.0, 1.0, 3.0, 1.0, 1.0, 2.0, 1.0, 1.0, 2.0, 1.0, 1.0, 2.0, 3.0, 1.0, 1.0, 1.0, 1.0, 1.0, 2.0, 2.0, 1.0, 2.0, 2.0, 2.0, 3.0, 1.0, 1.0], [3.0, 1.0, 1.0, 1.0, 3.0, 1.0, 2.0, 1.0, 1.0, 1.0, 2.0, 2.0, 2.0, 1.0, 3.0, 1.0, 1.0, 3.0, 1.0, 1.0, 2.0, 2.0, 1.0, 2.0, 3.0, 1.0, 1.0, 1.0, 1.0, 2.0, 2.0, 2.0, 1.0, 1.0, 3.0, 2.0, 3.0, 1.0, 1.0], [3.0, 1.0, 2.0, 1.0, 2.0, 1.0, 2.0, 1.0, 1.0, 2.0, 2.0, 3.0, 1.0, 1.0, 3.0, 1.0, 1.0, 3.0, 1.0, 1.0, 2.0, 2.0, 1.0, 2.0, 3.0, 1.0, 1.0, 2.0, 1.0, 2.0, 2.0, 2.0, 1.0, 1.0, 3.0, 2.0, 3.0, 1.0, 1.0], [3.0, 1.0, 2.0, 1.0, 3.0, 1.0, 2.0, 1.0, 2.0, 2.0, 2.0, 3.0, 2.0, 1.0, 3.0, 1.0, 1.0, 2.0, 1.0, 1.0, 2.0, 1.0, 1.0, 2.0, 3.0, 1.0, 1.0, 2.0, 1.0, 2.0, 2.0, 2.0, 1.0, 1.0, 3.0, 2.0, 3.0, 1.0, 1.0], [3.0, 2.0, 2.0, 1.0, 3.0, 1.0, 3.0, 1.0, 1.0, 2.0, 2.0, 3.0, 2.0, 1.0, 3.0, 1.0, 1.0, 1.0, 1.0, 1.0, 2.0, 2.0, 1.0, 2.0, 3.0, 1.0, 1.0, 2.0, 1.0, 2.0, 2.0, 1.0, 1.0, 2.0, 2.0, 2.0, 3.0, 1.0, 1.0], [3.0, 1.0, 1.0, 1.0, 3.0, 2.0, 2.0, 1.0, 1.0, 2.0, 2.0, 3.0, 2.0, 1.0, 3.0, 1.0, 1.0, 2.0, 1.0, 1.0, 2.0, 2.0, 1.0, 2.0, 3.0, 1.0, 1.0, 2.0, 1.0, 2.0, 2.0, 2.0, 1.0, 1.0, 3.0, 2.0, 3.0, 1.0, 1.0], [3.0, 2.0, 2.0, 2.0, 3.0, 1.0, 2.0, 1.0, 2.0, 2.0, 2.0, 3.0, 2.0, 1.0, 3.0, 1.0, 1.0, 2.0, 1.0, 1.0, 2.0, 1.0, 1.0, 2.0, 3.0, 1.0, 1.0, 1.0, 1.0, 2.0, 2.0, 2.0, 1.0, 1.0, 3.0, 2.0, 3.0, 1.0, 1.0], [3.0, 1.0, 2.0, 1.0, 3.0, 2.0, 2.0, 1.0, 1.0, 2.0, 2.0, 2.0, 2.0, 1.0, 3.0, 1.0, 1.0, 3.0, 1.0, 1.0, 2.0, 1.0, 1.0, 2.0, 3.0, 1.0, 1.0, 1.0, 1.0, 2.0, 2.0, 2.0, 1.0, 1.0, 2.0, 2.0, 3.0, 1.0, 1.0], [2.0, 1.0, 2.0, 1.0, 3.0, 1.0, 2.0, 1.0, 1.0, 2.0, 2.0, 3.0, 2.0, 1.0, 3.0, 1.0, 1.0, 1.0, 1.0, 1.0, 2.0, 2.0, 1.0, 2.0, 3.0, 1.0, 1.0, 2.0, 1.0, 2.0, 2.0, 2.0, 1.0, 1.0, 3.0, 2.0, 3.0, 1.0, 1.0], [3.0, 1.0, 2.0, 1.0, 3.0, 2.0, 2.0, 1.0, 1.0, 1.0, 2.0, 2.0, 2.0, 1.0, 3.0, 1.0, 1.0, 1.0, 1.0, 1.0, 2.0, 2.0, 1.0, 2.0, 3.0, 1.0, 1.0, 1.0, 1.0, 1.0, 2.0, 2.0, 1.0, 1.0, 2.0, 2.0, 3.0, 1.0, 1.0], [3.0, 1.0, 2.0, 1.0, 3.0, 2.0, 3.0, 1.0, 1.0, 2.0, 2.0, 3.0, 1.0, 1.0, 3.0, 1.0, 1.0, 3.0, 1.0, 1.0, 2.0, 1.0, 1.0, 2.0, 3.0, 1.0, 1.0, 1.0, 1.0, 2.0, 2.0, 2.0, 1.0, 1.0, 2.0, 2.0, 3.0, 1.0, 1.0], [3.0, 1.0, 2.0, 1.0, 3.0, 2.0, 3.0, 1.0, 1.0, 2.0, 2.0, 3.0, 2.0, 1.0, 3.0, 1.0, 1.0, 3.0, 1.0, 1.0, 2.0, 1.0, 1.0, 2.0, 3.0, 1.0, 1.0, 1.0, 1.0, 2.0, 2.0, 1.0, 1.0, 1.0, 3.0, 2.0, 3.0, 1.0, 1.0], [3.0, 1.0, 2.0, 1.0, 3.0, 2.0, 2.0, 1.0, 2.0, 2.0, 2.0, 3.0, 2.0, 1.0, 3.0, 1.0, 1.0, 3.0, 1.0, 1.0, 2.0, 1.0, 1.0, 2.0, 3.0, 1.0, 1.0, 2.0, 1.0, 1.0, 2.0, 2.0, 1.0, 2.0, 2.0, 2.0, 3.0, 1.0, 1.0], [3.0, 2.0, 1.0, 1.0, 3.0, 1.0, 3.0, 1.0, 1.0, 2.0, 2.0, 2.0, 1.0, 1.0, 3.0, 1.0, 1.0, 3.0, 1.0, 1.0, 2.0, 1.0, 1.0, 2.0, 3.0, 1.0, 1.0, 2.0, 1.0, 2.0, 1.0, 2.0, 1.0, 2.0, 3.0, 2.0, 3.0, 1.0, 1.0], [3.0, 1.0, 2.0, 2.0, 3.0, 1.0, 2.0, 1.0, 1.0, 2.0, 2.0, 3.0, 2.0, 1.0, 3.0, 1.0, 1.0, 1.0, 1.0, 1.0, 2.0, 1.0, 1.0, 2.0, 3.0, 1.0, 1.0, 2.0, 1.0, 2.0, 2.0, 2.0, 1.0, 2.0, 2.0, 2.0, 3.0, 1.0, 1.0], [3.0, 1.0, 1.0, 1.0, 3.0, 2.0, 2.0, 1.0, 1.0, 2.0, 2.0, 3.0, 2.0, 1.0, 3.0, 1.0, 1.0, 3.0, 1.0, 1.0, 2.0, 1.0, 1.0, 2.0, 3.0, 1.0, 1.0, 2.0, 1.0, 2.0, 2.0, 2.0, 1.0, 1.0, 3.0, 2.0, 3.0, 1.0, 2.0], [3.0, 1.0, 2.0, 1.0, 3.0, 1.0, 3.0, 1.0, 1.0, 2.0, 2.0, 3.0, 1.0, 1.0, 3.0, 1.0, 1.0, 2.0, 1.0, 1.0, 2.0, 1.0, 1.0, 2.0, 3.0, 1.0, 1.0, 2.0, 1.0, 1.0, 2.0, 2.0, 1.0, 1.0, 3.0, 2.0, 3.0, 1.0, 1.0], [3.0, 1.0, 2.0, 1.0, 3.0, 2.0, 2.0, 1.0, 1.0, 2.0, 2.0, 3.0, 2.0, 1.0, 3.0, 1.0, 1.0, 2.0, 1.0, 2.0, 2.0, 1.0, 1.0, 2.0, 3.0, 1.0, 1.0, 1.0, 1.0, 2.0, 2.0, 2.0, 1.0, 1.0, 3.0, 2.0, 3.0, 1.0, 1.0]]

first layer check: Conv2d(9, 64, kernel_size=(7, 7), stride=(2, 2), padding=(3, 3), bias=False)

for model 4: mode acc: 0.6410256624221802, run mean acc: 0.68791663646698, top-2 acc:0.8904165625572205, mode f1: 0.6410256624221802

model 4 mode preds
[3.0, 1.0, 1.0, 1.0, 3.0, 1.0, 2.0, 1.0, 1.0, 1.0, 1.0, 3.0, 2.0, 1.0, 3.0, 1.0, 1.0, 2.0, 1.0, 1.0, 2.0, 1.0, 1.0, 1.0, 3.0, 0.0, 1.0, 1.0, 1.0, 1.0, 2.0, 1.0, 1.0, 1.0, 2.0, 1.0, 3.0, 1.0, 1.0]

model 4 all preds
[[3.0, 1.0, 1.0, 1.0, 3.0, 1.0, 2.0, 1.0, 1.0, 1.0, 1.0, 2.0, 1.0, 1.0, 3.0, 1.0, 1.0, 2.0, 1.0, 1.0, 2.0, 1.0, 1.0, 1.0, 2.0, 0.0, 1.0, 1.0, 1.0, 1.0, 2.0, 1.0, 1.0, 1.0, 3.0, 1.0, 3.0, 1.0, 1.0], [3.0, 1.0, 1.0, 1.0, 3.0, 1.0, 2.0, 1.0, 1.0, 1.0, 1.0, 3.0, 1.0, 1.0, 3.0, 1.0, 1.0, 2.0, 1.0, 1.0, 2.0, 1.0, 1.0, 1.0, 2.0, 0.0, 1.0, 1.0, 1.0, 2.0, 2.0, 1.0, 1.0, 1.0, 2.0, 1.0, 3.0, 1.0, 1.0], [3.0, 1.0, 1.0, 1.0, 3.0, 1.0, 2.0, 1.0, 1.0, 1.0, 1.0, 3.0, 1.0, 1.0, 3.0, 1.0, 1.0, 2.0, 1.0, 1.0, 2.0, 1.0, 1.0, 1.0, 3.0, 0.0, 1.0, 1.0, 1.0, 1.0, 2.0, 1.0, 1.0, 1.0, 2.0, 1.0, 3.0, 1.0, 1.0], [3.0, 1.0, 1.0, 1.0, 3.0, 1.0, 2.0, 1.0, 1.0, 1.0, 1.0, 3.0, 3.0, 1.0, 3.0, 1.0, 0.0, 2.0, 1.0, 1.0, 2.0, 1.0, 1.0, 1.0, 2.0, 0.0, 1.0, 1.0, 1.0, 1.0, 2.0, 1.0, 1.0, 1.0, 2.0, 1.0, 3.0, 1.0, 1.0], [3.0, 1.0, 1.0, 1.0, 3.0, 1.0, 3.0, 1.0, 1.0, 1.0, 1.0, 3.0, 1.0, 1.0, 3.0, 1.0, 1.0, 2.0, 1.0, 1.0, 2.0, 1.0, 1.0, 1.0, 3.0, 0.0, 1.0, 2.0, 1.0, 2.0, 1.0, 1.0, 1.0, 1.0, 2.0, 1.0, 3.0, 1.0, 1.0], [3.0, 1.0, 1.0, 1.0, 3.0, 1.0, 2.0, 1.0, 1.0, 2.0, 1.0, 3.0, 2.0, 0.0, 3.0, 1.0, 1.0, 2.0, 1.0, 1.0, 2.0, 1.0, 1.0, 1.0, 3.0, 1.0, 1.0, 2.0, 1.0, 1.0, 3.0, 1.0, 1.0, 1.0, 2.0, 1.0, 3.0, 1.0, 1.0], [3.0, 1.0, 1.0, 1.0, 3.0, 1.0, 3.0, 1.0, 1.0, 1.0, 1.0, 3.0, 2.0, 1.0, 3.0, 1.0, 1.0, 2.0, 1.0, 1.0, 1.0, 1.0, 1.0, 1.0, 3.0, 0.0, 1.0, 1.0, 1.0, 2.0, 2.0, 1.0, 1.0, 1.0, 2.0, 1.0, 3.0, 1.0, 1.0], [3.0, 1.0, 1.0, 1.0, 3.0, 1.0, 3.0, 1.0, 1.0, 1.0, 2.0, 2.0, 1.0, 1.0, 3.0, 1.0, 1.0, 2.0, 1.0, 1.0, 2.0, 1.0, 1.0, 1.0, 2.0, 0.0, 1.0, 1.0, 1.0, 2.0, 2.0, 1.0, 1.0, 1.0, 2.0, 1.0, 3.0, 1.0, 1.0], [3.0, 1.0, 1.0, 1.0, 3.0, 1.0, 2.0, 1.0, 1.0, 1.0, 2.0, 2.0, 2.0, 1.0, 3.0, 1.0, 1.0, 2.0, 1.0, 1.0, 2.0, 1.0, 1.0, 1.0, 3.0, 1.0, 1.0, 1.0, 1.0, 2.0, 2.0, 1.0, 1.0, 1.0, 3.0, 1.0, 3.0, 1.0, 1.0], [3.0, 1.0, 1.0, 1.0, 3.0, 1.0, 2.0, 1.0, 1.0, 1.0, 1.0, 3.0, 1.0, 1.0, 3.0, 1.0, 1.0, 2.0, 1.0, 1.0, 2.0, 1.0, 1.0, 1.0, 3.0, 0.0, 1.0, 1.0, 1.0, 2.0, 2.0, 1.0, 1.0, 1.0, 2.0, 1.0, 3.0, 1.0, 1.0], [3.0, 1.0, 1.0, 1.0, 3.0, 1.0, 2.0, 1.0, 1.0, 1.0, 1.0, 2.0, 1.0, 1.0, 3.0, 1.0, 1.0, 2.0, 1.0, 1.0, 2.0, 1.0, 1.0, 1.0, 2.0, 0.0, 1.0, 1.0, 1.0, 1.0, 2.0, 1.0, 1.0, 1.0, 2.0, 1.0, 3.0, 1.0, 1.0], [3.0, 1.0, 1.0, 1.0, 3.0, 1.0, 2.0, 1.0, 1.0, 1.0, 1.0, 3.0, 1.0, 1.0, 3.0, 1.0, 1.0, 2.0, 1.0, 1.0, 2.0, 1.0, 1.0, 1.0, 2.0, 0.0, 1.0, 2.0, 1.0, 1.0, 2.0, 1.0, 1.0, 1.0, 2.0, 1.0, 3.0, 1.0, 1.0], [3.0, 1.0, 1.0, 1.0, 3.0, 1.0, 2.0, 1.0, 1.0, 1.0, 1.0, 3.0, 1.0, 1.0, 3.0, 1.0, 1.0, 1.0, 1.0, 1.0, 2.0, 1.0, 1.0, 1.0, 3.0, 0.0, 1.0, 1.0, 1.0, 2.0, 2.0, 1.0, 1.0, 1.0, 2.0, 1.0, 3.0, 1.0, 1.0], [3.0, 1.0, 1.0, 1.0, 3.0, 1.0, 3.0, 1.0, 1.0, 1.0, 1.0, 3.0, 2.0, 1.0, 3.0, 1.0, 1.0, 1.0, 1.0, 1.0, 2.0, 1.0, 1.0, 1.0, 2.0, 0.0, 1.0, 1.0, 1.0, 2.0, 2.0, 1.0, 1.0, 1.0, 2.0, 1.0, 3.0, 1.0, 1.0], [3.0, 1.0, 1.0, 1.0, 3.0, 1.0, 2.0, 1.0, 1.0, 1.0, 1.0, 2.0, 1.0, 1.0, 3.0, 1.0, 1.0, 2.0, 1.0, 1.0, 2.0, 1.0, 1.0, 1.0, 2.0, 0.0, 1.0, 1.0, 1.0, 1.0, 2.0, 1.0, 1.0, 1.0, 2.0, 1.0, 3.0, 1.0, 1.0], [3.0, 1.0, 1.0, 1.0, 3.0, 1.0, 2.0, 1.0, 1.0, 1.0, 1.0, 3.0, 2.0, 1.0, 3.0, 1.0, 1.0, 2.0, 1.0, 1.0, 2.0, 1.0, 1.0, 1.0, 2.0, 1.0, 1.0, 1.0, 1.0, 2.0, 2.0, 1.0, 1.0, 1.0, 2.0, 1.0, 3.0, 1.0, 1.0], [3.0, 1.0, 1.0, 1.0, 3.0, 1.0, 3.0, 1.0, 1.0, 2.0, 1.0, 3.0, 2.0, 1.0, 3.0, 1.0, 1.0, 2.0, 1.0, 1.0, 2.0, 1.0, 1.0, 1.0, 2.0, 1.0, 1.0, 2.0, 1.0, 1.0, 2.0, 1.0, 1.0, 1.0, 2.0, 1.0, 3.0, 1.0, 1.0], [3.0, 1.0, 1.0, 1.0, 3.0, 1.0, 2.0, 1.0, 1.0, 1.0, 1.0, 3.0, 2.0, 1.0, 3.0, 1.0, 1.0, 2.0, 1.0, 1.0, 2.0, 1.0, 1.0, 1.0, 3.0, 0.0, 1.0, 1.0, 1.0, 1.0, 1.0, 1.0, 1.0, 1.0, 2.0, 1.0, 3.0, 1.0, 1.0], [3.0, 1.0, 1.0, 1.0, 3.0, 1.0, 2.0, 1.0, 1.0, 1.0, 1.0, 2.0, 2.0, 0.0, 3.0, 1.0, 1.0, 1.0, 1.0, 1.0, 2.0, 1.0, 1.0, 1.0, 2.0, 0.0, 1.0, 2.0, 1.0, 1.0, 2.0, 1.0, 1.0, 1.0, 2.0, 1.0, 3.0, 1.0, 1.0], [3.0, 1.0, 1.0, 1.0, 3.0, 1.0, 2.0, 1.0, 1.0, 1.0, 1.0, 3.0, 2.0, 1.0, 3.0, 1.0, 1.0, 1.0, 1.0, 1.0, 2.0, 1.0, 1.0, 1.0, 3.0, 0.0, 1.0, 2.0, 1.0, 1.0, 2.0, 1.0, 1.0, 1.0, 2.0, 1.0, 3.0, 1.0, 1.0], [3.0, 1.0, 1.0, 1.0, 3.0, 1.0, 3.0, 1.0, 1.0, 1.0, 1.0, 3.0, 2.0, 1.0, 3.0, 1.0, 1.0, 2.0, 1.0, 1.0, 2.0, 1.0, 1.0, 1.0, 3.0, 1.0, 1.0, 1.0, 1.0, 1.0, 2.0, 1.0, 1.0, 1.0, 2.0, 1.0, 3.0, 1.0, 1.0], [3.0, 1.0, 1.0, 1.0, 3.0, 2.0, 2.0, 1.0, 1.0, 1.0, 1.0, 3.0, 1.0, 1.0, 3.0, 1.0, 1.0, 2.0, 1.0, 1.0, 2.0, 1.0, 1.0, 1.0, 3.0, 0.0, 1.0, 1.0, 1.0, 2.0, 2.0, 1.0, 1.0, 1.0, 2.0, 1.0, 3.0, 1.0, 1.0], [3.0, 1.0, 1.0, 1.0, 3.0, 1.0, 2.0, 1.0, 1.0, 1.0, 2.0, 3.0, 2.0, 1.0, 3.0, 1.0, 1.0, 2.0, 1.0, 1.0, 2.0, 1.0, 1.0, 1.0, 3.0, 0.0, 1.0, 2.0, 1.0, 1.0, 2.0, 1.0, 1.0, 1.0, 2.0, 1.0, 3.0, 1.0, 1.0], [3.0, 1.0, 1.0, 1.0, 3.0, 1.0, 3.0, 1.0, 1.0, 1.0, 2.0, 3.0, 1.0, 1.0, 3.0, 1.0, 1.0, 2.0, 1.0, 1.0, 2.0, 1.0, 1.0, 1.0, 3.0, 0.0, 1.0, 1.0, 1.0, 1.0, 2.0, 1.0, 1.0, 1.0, 2.0, 1.0, 3.0, 1.0, 1.0], [3.0, 1.0, 1.0, 1.0, 3.0, 1.0, 3.0, 1.0, 1.0, 1.0, 2.0, 3.0, 2.0, 0.0, 3.0, 1.0, 1.0, 2.0, 1.0, 1.0, 2.0, 1.0, 1.0, 1.0, 2.0, 0.0, 1.0, 1.0, 1.0, 1.0, 2.0, 1.0, 1.0, 1.0, 1.0, 1.0, 3.0, 1.0, 1.0], [2.0, 1.0, 1.0, 1.0, 3.0, 1.0, 3.0, 1.0, 1.0, 1.0, 1.0, 1.0, 1.0, 0.0, 3.0, 1.0, 1.0, 2.0, 1.0, 1.0, 2.0, 1.0, 1.0, 1.0, 3.0, 0.0, 1.0, 1.0, 1.0, 1.0, 2.0, 1.0, 1.0, 1.0, 2.0, 1.0, 3.0, 1.0, 1.0], [3.0, 1.0, 1.0, 1.0, 3.0, 2.0, 2.0, 1.0, 1.0, 1.0, 2.0, 3.0, 2.0, 1.0, 3.0, 1.0, 1.0, 2.0, 1.0, 1.0, 2.0, 1.0, 1.0, 1.0, 3.0, 0.0, 1.0, 1.0, 1.0, 1.0, 1.0, 1.0, 1.0, 1.0, 2.0, 1.0, 3.0, 1.0, 1.0], [3.0, 1.0, 1.0, 1.0, 3.0, 1.0, 2.0, 1.0, 1.0, 1.0, 2.0, 2.0, 2.0, 1.0, 3.0, 1.0, 1.0, 2.0, 1.0, 1.0, 2.0, 1.0, 1.0, 1.0, 3.0, 1.0, 1.0, 1.0, 1.0, 1.0, 2.0, 1.0, 1.0, 1.0, 2.0, 1.0, 3.0, 1.0, 1.0], [3.0, 1.0, 1.0, 1.0, 3.0, 1.0, 2.0, 1.0, 1.0, 1.0, 2.0, 3.0, 2.0, 1.0, 3.0, 1.0, 1.0, 2.0, 1.0, 1.0, 2.0, 1.0, 1.0, 1.0, 2.0, 0.0, 1.0, 1.0, 1.0, 1.0, 2.0, 1.0, 1.0, 1.0, 2.0, 1.0, 3.0, 1.0, 1.0], [3.0, 1.0, 1.0, 1.0, 3.0, 1.0, 2.0, 1.0, 1.0, 1.0, 1.0, 3.0, 2.0, 1.0, 3.0, 1.0, 1.0, 1.0, 1.0, 1.0, 2.0, 1.0, 1.0, 1.0, 3.0, 1.0, 1.0, 2.0, 1.0, 1.0, 2.0, 1.0, 1.0, 1.0, 2.0, 1.0, 3.0, 1.0, 1.0], [3.0, 1.0, 1.0, 1.0, 3.0, 1.0, 3.0, 1.0, 1.0, 1.0, 1.0, 3.0, 1.0, 1.0, 3.0, 1.0, 1.0, 2.0, 1.0, 1.0, 2.0, 1.0, 1.0, 1.0, 3.0, 0.0, 1.0, 1.0, 1.0, 2.0, 2.0, 1.0, 1.0, 1.0, 2.0, 1.0, 3.0, 1.0, 1.0], [3.0, 1.0, 1.0, 1.0, 3.0, 1.0, 2.0, 1.0, 1.0, 1.0, 1.0, 3.0, 2.0, 1.0, 3.0, 1.0, 1.0, 2.0, 1.0, 1.0, 2.0, 1.0, 1.0, 1.0, 3.0, 0.0, 1.0, 2.0, 1.0, 2.0, 2.0, 1.0, 1.0, 1.0, 2.0, 1.0, 3.0, 1.0, 1.0], [2.0, 1.0, 1.0, 1.0, 3.0, 1.0, 3.0, 1.0, 1.0, 1.0, 1.0, 2.0, 2.0, 1.0, 3.0, 1.0, 1.0, 1.0, 1.0, 1.0, 2.0, 1.0, 1.0, 1.0, 3.0, 1.0, 1.0, 2.0, 1.0, 1.0, 2.0, 1.0, 1.0, 1.0, 1.0, 1.0, 3.0, 1.0, 1.0], [3.0, 1.0, 1.0, 1.0, 3.0, 2.0, 2.0, 1.0, 1.0, 1.0, 1.0, 2.0, 1.0, 1.0, 3.0, 1.0, 1.0, 2.0, 1.0, 1.0, 2.0, 1.0, 1.0, 1.0, 3.0, 0.0, 1.0, 2.0, 1.0, 2.0, 2.0, 1.0, 1.0, 1.0, 2.0, 1.0, 3.0, 1.0, 1.0], [3.0, 1.0, 1.0, 1.0, 3.0, 1.0, 2.0, 1.0, 1.0, 2.0, 2.0, 2.0, 2.0, 1.0, 3.0, 1.0, 1.0, 2.0, 1.0, 1.0, 2.0, 1.0, 1.0, 1.0, 3.0, 0.0, 1.0, 2.0, 1.0, 2.0, 2.0, 1.0, 1.0, 1.0, 2.0, 1.0, 3.0, 1.0, 1.0], [2.0, 1.0, 1.0, 1.0, 3.0, 2.0, 3.0, 1.0, 1.0, 1.0, 1.0, 3.0, 1.0, 0.0, 3.0, 1.0, 1.0, 2.0, 1.0, 1.0, 2.0, 1.0, 1.0, 1.0, 3.0, 0.0, 1.0, 1.0, 1.0, 1.0, 2.0, 1.0, 1.0, 1.0, 2.0, 1.0, 3.0, 1.0, 1.0], [3.0, 1.0, 1.0, 1.0, 3.0, 1.0, 2.0, 1.0, 1.0, 1.0, 1.0, 3.0, 2.0, 1.0, 3.0, 1.0, 1.0, 1.0, 1.0, 1.0, 2.0, 1.0, 1.0, 1.0, 2.0, 1.0, 1.0, 2.0, 1.0, 2.0, 2.0, 1.0, 1.0, 1.0, 2.0, 1.0, 3.0, 1.0, 1.0], [3.0, 1.0, 1.0, 1.0, 3.0, 1.0, 3.0, 1.0, 1.0, 1.0, 1.0, 3.0, 1.0, 1.0, 3.0, 1.0, 1.0, 1.0, 1.0, 1.0, 2.0, 1.0, 1.0, 1.0, 3.0, 0.0, 1.0, 1.0, 1.0, 2.0, 2.0, 1.0, 1.0, 1.0, 2.0, 1.0, 3.0, 1.0, 1.0], [3.0, 1.0, 1.0, 1.0, 3.0, 1.0, 2.0, 1.0, 1.0, 1.0, 1.0, 3.0, 1.0, 1.0, 3.0, 1.0, 1.0, 2.0, 1.0, 1.0, 2.0, 1.0, 1.0, 1.0, 3.0, 0.0, 1.0, 1.0, 1.0, 1.0, 2.0, 1.0, 1.0, 1.0, 2.0, 1.0, 3.0, 1.0, 1.0], [3.0, 1.0, 1.0, 1.0, 3.0, 1.0, 2.0, 1.0, 1.0, 1.0, 1.0, 3.0, 2.0, 1.0, 3.0, 1.0, 1.0, 1.0, 1.0, 1.0, 2.0, 1.0, 1.0, 1.0, 3.0, 1.0, 1.0, 2.0, 1.0, 2.0, 2.0, 1.0, 1.0, 1.0, 2.0, 1.0, 3.0, 1.0, 1.0], [3.0, 1.0, 1.0, 1.0, 3.0, 1.0, 2.0, 1.0, 1.0, 1.0, 1.0, 2.0, 1.0, 1.0, 3.0, 1.0, 1.0, 2.0, 1.0, 1.0, 2.0, 1.0, 1.0, 1.0, 3.0, 1.0, 1.0, 1.0, 1.0, 1.0, 2.0, 1.0, 1.0, 1.0, 3.0, 1.0, 3.0, 1.0, 1.0], [3.0, 1.0, 1.0, 1.0, 3.0, 1.0, 3.0, 1.0, 1.0, 1.0, 1.0, 3.0, 2.0, 1.0, 3.0, 1.0, 1.0, 2.0, 1.0, 1.0, 2.0, 1.0, 1.0, 1.0, 2.0, 0.0, 1.0, 1.0, 1.0, 1.0, 2.0, 1.0, 1.0, 1.0, 2.0, 1.0, 3.0, 1.0, 1.0], [2.0, 1.0, 1.0, 1.0, 3.0, 1.0, 3.0, 1.0, 1.0, 1.0, 1.0, 3.0, 1.0, 1.0, 3.0, 1.0, 1.0, 2.0, 1.0, 1.0, 2.0, 1.0, 1.0, 1.0, 2.0, 0.0, 1.0, 1.0, 1.0, 2.0, 3.0, 1.0, 1.0, 1.0, 2.0, 1.0, 3.0, 1.0, 1.0], [3.0, 1.0, 1.0, 1.0, 3.0, 1.0, 2.0, 1.0, 1.0, 1.0, 1.0, 3.0, 1.0, 1.0, 3.0, 1.0, 1.0, 2.0, 1.0, 1.0, 2.0, 1.0, 1.0, 1.0, 3.0, 1.0, 1.0, 1.0, 1.0, 2.0, 2.0, 1.0, 1.0, 1.0, 2.0, 1.0, 3.0, 1.0, 1.0], [3.0, 1.0, 1.0, 1.0, 3.0, 2.0, 2.0, 1.0, 1.0, 2.0, 1.0, 2.0, 1.0, 1.0, 3.0, 1.0, 1.0, 1.0, 1.0, 1.0, 2.0, 1.0, 1.0, 1.0, 3.0, 0.0, 1.0, 2.0, 1.0, 2.0, 2.0, 1.0, 1.0, 1.0, 2.0, 2.0, 3.0, 1.0, 1.0], [3.0, 1.0, 1.0, 1.0, 3.0, 1.0, 3.0, 1.0, 1.0, 1.0, 1.0, 2.0, 2.0, 1.0, 3.0, 1.0, 1.0, 2.0, 1.0, 1.0, 2.0, 1.0, 1.0, 1.0, 2.0, 0.0, 1.0, 1.0, 1.0, 2.0, 1.0, 1.0, 1.0, 1.0, 2.0, 2.0, 3.0, 1.0, 1.0], [3.0, 1.0, 1.0, 1.0, 3.0, 1.0, 3.0, 1.0, 1.0, 1.0, 1.0, 3.0, 2.0, 1.0, 3.0, 1.0, 1.0, 2.0, 1.0, 1.0, 2.0, 1.0, 1.0, 1.0, 3.0, 0.0, 1.0, 1.0, 1.0, 1.0, 2.0, 1.0, 1.0, 1.0, 2.0, 1.0, 3.0, 1.0, 1.0], [3.0, 1.0, 1.0, 1.0, 3.0, 1.0, 2.0, 1.0, 1.0, 1.0, 1.0, 3.0, 2.0, 1.0, 3.0, 1.0, 1.0, 2.0, 1.0, 1.0, 1.0, 1.0, 1.0, 1.0, 2.0, 0.0, 1.0, 1.0, 1.0, 1.0, 2.0, 1.0, 1.0, 1.0, 2.0, 2.0, 3.0, 1.0, 1.0], [3.0, 1.0, 1.0, 1.0, 3.0, 1.0, 2.0, 1.0, 1.0, 2.0, 1.0, 2.0, 1.0, 1.0, 3.0, 1.0, 1.0, 2.0, 1.0, 1.0, 2.0, 1.0, 1.0, 1.0, 3.0, 0.0, 1.0, 1.0, 1.0, 2.0, 2.0, 1.0, 1.0, 1.0, 2.0, 1.0, 3.0, 1.0, 0.0], [3.0, 1.0, 1.0, 1.0, 3.0, 1.0, 2.0, 1.0, 2.0, 1.0, 1.0, 2.0, 1.0, 0.0, 3.0, 1.0, 1.0, 2.0, 1.0, 1.0, 2.0, 1.0, 1.0, 1.0, 3.0, 0.0, 1.0, 2.0, 1.0, 1.0, 2.0, 1.0, 1.0, 1.0, 2.0, 1.0, 3.0, 1.0, 1.0]]

