first layer check: Conv2d(6, 64, kernel_size=(7, 7), stride=(2, 2), padding=(3, 3), bias=False)

target ys
[1.0, 3.0, 2.0, 1.0, 1.0, 3.0, 1.0, 2.0, 1.0, 1.0, 3.0, 1.0, 3.0, 1.0, 1.0, 1.0, 1.0, 1.0, 3.0, 1.0, 3.0, 1.0, 2.0, 3.0, 3.0, 2.0, 3.0, 3.0, 1.0, 1.0, 0.0, 2.0, 3.0, 3.0, 1.0, 3.0, 1.0, 2.0, 3.0, 2.0, 3.0, 2.0]

for model 0: mode acc: 0.8095238208770752, run mean acc: 0.7574999332427979, top-2 acc:0.9579166173934937, mode f1: 0.8095238208770752

model 0 mode preds
[1.0, 3.0, 3.0, 1.0, 1.0, 3.0, 1.0, 3.0, 1.0, 1.0, 2.0, 1.0, 3.0, 1.0, 1.0, 1.0, 1.0, 1.0, 3.0, 1.0, 3.0, 1.0, 2.0, 3.0, 3.0, 1.0, 3.0, 3.0, 1.0, 1.0, 1.0, 3.0, 3.0, 3.0, 1.0, 3.0, 2.0, 2.0, 3.0, 2.0, 3.0, 3.0]

model 0 all preds
[[1.0, 3.0, 3.0, 1.0, 1.0, 3.0, 1.0, 3.0, 1.0, 1.0, 2.0, 1.0, 3.0, 1.0, 1.0, 1.0, 1.0, 1.0, 3.0, 1.0, 3.0, 1.0, 2.0, 3.0, 3.0, 1.0, 3.0, 3.0, 1.0, 1.0, 1.0, 3.0, 3.0, 3.0, 1.0, 3.0, 2.0, 2.0, 3.0, 2.0, 3.0, 2.0], [1.0, 2.0, 3.0, 1.0, 1.0, 3.0, 1.0, 3.0, 1.0, 1.0, 1.0, 1.0, 3.0, 1.0, 1.0, 1.0, 1.0, 1.0, 1.0, 1.0, 3.0, 1.0, 2.0, 3.0, 3.0, 1.0, 2.0, 3.0, 1.0, 1.0, 1.0, 3.0, 3.0, 3.0, 1.0, 3.0, 2.0, 2.0, 2.0, 2.0, 3.0, 3.0], [1.0, 3.0, 3.0, 1.0, 1.0, 3.0, 1.0, 3.0, 1.0, 1.0, 2.0, 1.0, 3.0, 1.0, 1.0, 2.0, 1.0, 1.0, 2.0, 1.0, 3.0, 1.0, 2.0, 3.0, 3.0, 2.0, 3.0, 3.0, 1.0, 1.0, 1.0, 3.0, 3.0, 3.0, 1.0, 3.0, 2.0, 2.0, 3.0, 2.0, 3.0, 3.0], [1.0, 3.0, 3.0, 1.0, 1.0, 3.0, 1.0, 3.0, 1.0, 1.0, 2.0, 1.0, 3.0, 1.0, 1.0, 2.0, 1.0, 1.0, 3.0, 1.0, 3.0, 1.0, 2.0, 3.0, 3.0, 2.0, 3.0, 2.0, 1.0, 1.0, 1.0, 3.0, 3.0, 3.0, 1.0, 3.0, 2.0, 2.0, 3.0, 2.0, 3.0, 3.0], [1.0, 3.0, 3.0, 1.0, 1.0, 3.0, 1.0, 3.0, 1.0, 1.0, 2.0, 1.0, 3.0, 1.0, 1.0, 2.0, 1.0, 1.0, 3.0, 1.0, 3.0, 1.0, 2.0, 3.0, 3.0, 2.0, 3.0, 3.0, 1.0, 1.0, 1.0, 3.0, 3.0, 3.0, 1.0, 3.0, 2.0, 2.0, 3.0, 1.0, 3.0, 3.0], [1.0, 3.0, 3.0, 1.0, 1.0, 2.0, 1.0, 3.0, 1.0, 1.0, 2.0, 1.0, 3.0, 1.0, 1.0, 1.0, 1.0, 1.0, 2.0, 1.0, 3.0, 1.0, 2.0, 3.0, 3.0, 2.0, 2.0, 3.0, 1.0, 1.0, 1.0, 3.0, 3.0, 3.0, 1.0, 3.0, 2.0, 2.0, 3.0, 2.0, 3.0, 3.0], [1.0, 3.0, 3.0, 1.0, 1.0, 3.0, 1.0, 3.0, 1.0, 1.0, 2.0, 1.0, 3.0, 1.0, 1.0, 2.0, 1.0, 1.0, 3.0, 1.0, 3.0, 1.0, 1.0, 3.0, 3.0, 2.0, 3.0, 3.0, 1.0, 1.0, 1.0, 3.0, 3.0, 3.0, 1.0, 3.0, 1.0, 2.0, 3.0, 2.0, 3.0, 2.0], [1.0, 3.0, 3.0, 2.0, 1.0, 3.0, 1.0, 3.0, 1.0, 1.0, 3.0, 1.0, 3.0, 1.0, 1.0, 2.0, 1.0, 1.0, 3.0, 1.0, 3.0, 1.0, 2.0, 3.0, 3.0, 1.0, 2.0, 3.0, 1.0, 1.0, 1.0, 3.0, 3.0, 3.0, 1.0, 3.0, 2.0, 2.0, 2.0, 2.0, 3.0, 3.0], [1.0, 3.0, 3.0, 1.0, 1.0, 3.0, 1.0, 3.0, 1.0, 1.0, 2.0, 1.0, 3.0, 2.0, 1.0, 1.0, 1.0, 1.0, 3.0, 1.0, 3.0, 1.0, 2.0, 3.0, 3.0, 1.0, 3.0, 2.0, 1.0, 1.0, 1.0, 3.0, 3.0, 3.0, 1.0, 3.0, 2.0, 2.0, 3.0, 2.0, 3.0, 2.0], [1.0, 3.0, 3.0, 1.0, 1.0, 3.0, 1.0, 3.0, 1.0, 1.0, 3.0, 1.0, 3.0, 1.0, 1.0, 2.0, 1.0, 1.0, 3.0, 1.0, 3.0, 1.0, 1.0, 3.0, 3.0, 2.0, 3.0, 2.0, 1.0, 1.0, 1.0, 3.0, 3.0, 3.0, 1.0, 3.0, 2.0, 2.0, 3.0, 2.0, 3.0, 3.0], [1.0, 3.0, 3.0, 1.0, 1.0, 3.0, 1.0, 3.0, 1.0, 1.0, 2.0, 0.0, 3.0, 1.0, 2.0, 1.0, 1.0, 1.0, 3.0, 1.0, 3.0, 1.0, 1.0, 3.0, 3.0, 1.0, 3.0, 3.0, 1.0, 1.0, 1.0, 3.0, 3.0, 3.0, 1.0, 3.0, 2.0, 2.0, 3.0, 2.0, 3.0, 3.0], [1.0, 3.0, 3.0, 1.0, 1.0, 3.0, 1.0, 3.0, 2.0, 1.0, 2.0, 1.0, 3.0, 1.0, 1.0, 1.0, 1.0, 1.0, 3.0, 1.0, 3.0, 1.0, 2.0, 3.0, 3.0, 1.0, 3.0, 3.0, 1.0, 1.0, 1.0, 3.0, 3.0, 3.0, 1.0, 3.0, 2.0, 2.0, 3.0, 2.0, 3.0, 3.0], [1.0, 3.0, 3.0, 2.0, 1.0, 3.0, 1.0, 3.0, 1.0, 1.0, 2.0, 1.0, 3.0, 1.0, 1.0, 1.0, 1.0, 1.0, 3.0, 1.0, 3.0, 1.0, 2.0, 3.0, 3.0, 1.0, 3.0, 3.0, 1.0, 0.0, 1.0, 3.0, 3.0, 3.0, 1.0, 3.0, 1.0, 2.0, 3.0, 2.0, 3.0, 2.0], [1.0, 3.0, 3.0, 1.0, 1.0, 3.0, 1.0, 3.0, 1.0, 1.0, 2.0, 1.0, 3.0, 1.0, 1.0, 1.0, 1.0, 1.0, 3.0, 1.0, 3.0, 1.0, 1.0, 3.0, 3.0, 1.0, 3.0, 3.0, 1.0, 1.0, 1.0, 3.0, 3.0, 3.0, 1.0, 3.0, 2.0, 2.0, 2.0, 2.0, 3.0, 3.0], [1.0, 3.0, 3.0, 1.0, 1.0, 3.0, 1.0, 3.0, 1.0, 1.0, 2.0, 1.0, 3.0, 1.0, 1.0, 1.0, 1.0, 1.0, 3.0, 1.0, 3.0, 1.0, 2.0, 3.0, 3.0, 2.0, 3.0, 2.0, 1.0, 1.0, 1.0, 3.0, 3.0, 3.0, 1.0, 3.0, 2.0, 2.0, 2.0, 2.0, 3.0, 3.0], [1.0, 3.0, 3.0, 1.0, 1.0, 3.0, 1.0, 3.0, 1.0, 1.0, 3.0, 1.0, 3.0, 1.0, 1.0, 2.0, 1.0, 1.0, 2.0, 1.0, 3.0, 1.0, 2.0, 3.0, 3.0, 1.0, 3.0, 3.0, 1.0, 1.0, 1.0, 3.0, 3.0, 3.0, 1.0, 3.0, 2.0, 2.0, 3.0, 2.0, 3.0, 2.0], [1.0, 3.0, 3.0, 1.0, 1.0, 3.0, 1.0, 3.0, 1.0, 1.0, 2.0, 1.0, 3.0, 1.0, 1.0, 1.0, 1.0, 1.0, 3.0, 1.0, 3.0, 1.0, 1.0, 3.0, 3.0, 1.0, 3.0, 3.0, 1.0, 0.0, 1.0, 3.0, 3.0, 3.0, 1.0, 3.0, 2.0, 2.0, 3.0, 2.0, 3.0, 2.0], [1.0, 3.0, 3.0, 1.0, 1.0, 3.0, 1.0, 2.0, 1.0, 1.0, 2.0, 1.0, 3.0, 1.0, 1.0, 2.0, 1.0, 2.0, 3.0, 1.0, 3.0, 1.0, 2.0, 3.0, 3.0, 1.0, 3.0, 3.0, 1.0, 1.0, 1.0, 3.0, 3.0, 3.0, 1.0, 3.0, 2.0, 2.0, 2.0, 1.0, 3.0, 2.0], [1.0, 3.0, 3.0, 1.0, 1.0, 3.0, 1.0, 3.0, 1.0, 1.0, 2.0, 1.0, 3.0, 1.0, 2.0, 1.0, 1.0, 1.0, 3.0, 1.0, 3.0, 1.0, 2.0, 3.0, 3.0, 1.0, 3.0, 3.0, 1.0, 1.0, 1.0, 3.0, 3.0, 2.0, 1.0, 3.0, 2.0, 2.0, 3.0, 2.0, 3.0, 3.0], [1.0, 3.0, 3.0, 1.0, 1.0, 3.0, 1.0, 3.0, 1.0, 1.0, 2.0, 1.0, 3.0, 1.0, 1.0, 2.0, 1.0, 1.0, 3.0, 1.0, 3.0, 1.0, 1.0, 3.0, 3.0, 1.0, 3.0, 2.0, 1.0, 1.0, 1.0, 3.0, 3.0, 3.0, 1.0, 3.0, 2.0, 2.0, 2.0, 1.0, 3.0, 2.0], [1.0, 3.0, 3.0, 1.0, 1.0, 3.0, 1.0, 3.0, 1.0, 1.0, 2.0, 0.0, 3.0, 1.0, 1.0, 2.0, 1.0, 1.0, 3.0, 1.0, 3.0, 1.0, 3.0, 3.0, 3.0, 2.0, 2.0, 3.0, 1.0, 1.0, 1.0, 3.0, 3.0, 3.0, 1.0, 3.0, 2.0, 2.0, 3.0, 2.0, 3.0, 2.0], [1.0, 3.0, 3.0, 1.0, 1.0, 3.0, 1.0, 3.0, 1.0, 1.0, 2.0, 1.0, 3.0, 1.0, 1.0, 2.0, 1.0, 1.0, 3.0, 1.0, 3.0, 1.0, 3.0, 3.0, 3.0, 1.0, 3.0, 3.0, 1.0, 0.0, 1.0, 3.0, 3.0, 3.0, 1.0, 2.0, 1.0, 2.0, 3.0, 3.0, 3.0, 2.0], [1.0, 3.0, 3.0, 1.0, 1.0, 3.0, 1.0, 3.0, 1.0, 1.0, 2.0, 1.0, 3.0, 1.0, 1.0, 1.0, 1.0, 1.0, 3.0, 1.0, 3.0, 1.0, 3.0, 3.0, 3.0, 1.0, 3.0, 3.0, 1.0, 1.0, 1.0, 3.0, 3.0, 3.0, 1.0, 3.0, 2.0, 2.0, 2.0, 1.0, 3.0, 3.0], [1.0, 3.0, 3.0, 1.0, 1.0, 3.0, 1.0, 3.0, 1.0, 1.0, 2.0, 1.0, 3.0, 1.0, 1.0, 2.0, 1.0, 1.0, 3.0, 1.0, 3.0, 1.0, 2.0, 3.0, 3.0, 1.0, 3.0, 3.0, 1.0, 1.0, 1.0, 3.0, 3.0, 3.0, 1.0, 3.0, 2.0, 2.0, 3.0, 2.0, 3.0, 2.0], [1.0, 3.0, 3.0, 1.0, 1.0, 3.0, 1.0, 3.0, 1.0, 1.0, 2.0, 1.0, 3.0, 1.0, 2.0, 1.0, 1.0, 1.0, 2.0, 1.0, 3.0, 1.0, 2.0, 3.0, 3.0, 1.0, 3.0, 3.0, 1.0, 1.0, 1.0, 3.0, 3.0, 3.0, 1.0, 3.0, 2.0, 2.0, 3.0, 2.0, 3.0, 3.0], [1.0, 3.0, 3.0, 1.0, 1.0, 3.0, 1.0, 3.0, 1.0, 1.0, 2.0, 1.0, 3.0, 1.0, 1.0, 1.0, 1.0, 1.0, 3.0, 1.0, 3.0, 1.0, 2.0, 3.0, 3.0, 1.0, 3.0, 2.0, 1.0, 1.0, 1.0, 3.0, 3.0, 3.0, 1.0, 3.0, 2.0, 2.0, 2.0, 2.0, 3.0, 3.0], [1.0, 3.0, 3.0, 1.0, 1.0, 3.0, 1.0, 3.0, 1.0, 1.0, 2.0, 1.0, 3.0, 1.0, 1.0, 1.0, 1.0, 1.0, 2.0, 1.0, 3.0, 1.0, 1.0, 3.0, 3.0, 1.0, 3.0, 3.0, 1.0, 1.0, 1.0, 3.0, 3.0, 3.0, 1.0, 3.0, 2.0, 2.0, 3.0, 2.0, 3.0, 2.0], [1.0, 3.0, 3.0, 1.0, 1.0, 2.0, 1.0, 3.0, 1.0, 1.0, 2.0, 1.0, 3.0, 1.0, 1.0, 1.0, 1.0, 1.0, 3.0, 1.0, 3.0, 1.0, 2.0, 3.0, 3.0, 1.0, 3.0, 3.0, 1.0, 0.0, 1.0, 3.0, 3.0, 3.0, 1.0, 3.0, 2.0, 2.0, 2.0, 1.0, 3.0, 3.0], [1.0, 3.0, 3.0, 1.0, 1.0, 3.0, 1.0, 3.0, 1.0, 1.0, 2.0, 1.0, 3.0, 1.0, 1.0, 1.0, 1.0, 1.0, 3.0, 1.0, 3.0, 1.0, 2.0, 3.0, 3.0, 1.0, 3.0, 3.0, 1.0, 1.0, 1.0, 3.0, 3.0, 3.0, 1.0, 3.0, 2.0, 2.0, 3.0, 2.0, 3.0, 2.0], [1.0, 3.0, 3.0, 1.0, 1.0, 2.0, 1.0, 3.0, 1.0, 1.0, 3.0, 1.0, 2.0, 1.0, 1.0, 1.0, 1.0, 1.0, 3.0, 1.0, 3.0, 1.0, 1.0, 3.0, 3.0, 1.0, 3.0, 2.0, 1.0, 1.0, 1.0, 3.0, 3.0, 2.0, 1.0, 3.0, 2.0, 2.0, 2.0, 2.0, 3.0, 3.0], [1.0, 3.0, 3.0, 1.0, 1.0, 3.0, 1.0, 3.0, 1.0, 1.0, 2.0, 1.0, 3.0, 1.0, 1.0, 1.0, 1.0, 1.0, 2.0, 1.0, 3.0, 1.0, 1.0, 3.0, 3.0, 1.0, 3.0, 3.0, 1.0, 1.0, 1.0, 3.0, 3.0, 3.0, 1.0, 3.0, 2.0, 2.0, 3.0, 2.0, 3.0, 3.0], [1.0, 3.0, 3.0, 1.0, 1.0, 3.0, 1.0, 3.0, 1.0, 1.0, 2.0, 1.0, 3.0, 1.0, 2.0, 1.0, 1.0, 1.0, 1.0, 1.0, 3.0, 1.0, 2.0, 3.0, 3.0, 1.0, 3.0, 3.0, 1.0, 0.0, 1.0, 3.0, 3.0, 3.0, 1.0, 3.0, 1.0, 2.0, 3.0, 2.0, 3.0, 3.0], [1.0, 3.0, 3.0, 1.0, 1.0, 3.0, 1.0, 3.0, 1.0, 1.0, 2.0, 1.0, 3.0, 1.0, 1.0, 1.0, 1.0, 1.0, 3.0, 1.0, 3.0, 1.0, 2.0, 3.0, 3.0, 1.0, 3.0, 3.0, 1.0, 1.0, 1.0, 3.0, 3.0, 3.0, 1.0, 3.0, 2.0, 2.0, 2.0, 2.0, 3.0, 3.0], [1.0, 3.0, 3.0, 1.0, 1.0, 3.0, 1.0, 3.0, 1.0, 1.0, 2.0, 1.0, 3.0, 1.0, 1.0, 1.0, 1.0, 1.0, 2.0, 1.0, 3.0, 1.0, 2.0, 3.0, 3.0, 1.0, 3.0, 2.0, 1.0, 0.0, 1.0, 3.0, 3.0, 3.0, 1.0, 3.0, 2.0, 2.0, 2.0, 2.0, 3.0, 3.0], [1.0, 3.0, 3.0, 1.0, 1.0, 3.0, 1.0, 3.0, 1.0, 1.0, 2.0, 1.0, 3.0, 1.0, 1.0, 1.0, 1.0, 1.0, 3.0, 1.0, 3.0, 1.0, 2.0, 3.0, 3.0, 2.0, 3.0, 3.0, 1.0, 1.0, 1.0, 3.0, 3.0, 3.0, 1.0, 3.0, 2.0, 2.0, 2.0, 2.0, 3.0, 3.0], [1.0, 3.0, 3.0, 1.0, 1.0, 3.0, 1.0, 3.0, 1.0, 1.0, 2.0, 1.0, 3.0, 1.0, 1.0, 2.0, 1.0, 1.0, 3.0, 1.0, 3.0, 1.0, 2.0, 3.0, 3.0, 2.0, 3.0, 3.0, 1.0, 1.0, 1.0, 3.0, 3.0, 3.0, 1.0, 3.0, 2.0, 2.0, 3.0, 2.0, 3.0, 2.0], [1.0, 3.0, 3.0, 1.0, 1.0, 3.0, 1.0, 3.0, 1.0, 1.0, 2.0, 1.0, 3.0, 1.0, 1.0, 1.0, 1.0, 1.0, 3.0, 1.0, 3.0, 1.0, 1.0, 3.0, 3.0, 1.0, 3.0, 3.0, 1.0, 1.0, 1.0, 3.0, 3.0, 3.0, 1.0, 3.0, 1.0, 2.0, 3.0, 2.0, 3.0, 2.0], [1.0, 3.0, 3.0, 1.0, 1.0, 3.0, 1.0, 3.0, 1.0, 1.0, 2.0, 1.0, 3.0, 1.0, 1.0, 1.0, 1.0, 1.0, 3.0, 1.0, 3.0, 1.0, 1.0, 3.0, 3.0, 1.0, 3.0, 3.0, 1.0, 1.0, 1.0, 3.0, 3.0, 3.0, 1.0, 3.0, 2.0, 2.0, 3.0, 2.0, 3.0, 3.0], [1.0, 3.0, 3.0, 1.0, 1.0, 3.0, 1.0, 3.0, 1.0, 1.0, 1.0, 1.0, 3.0, 1.0, 2.0, 1.0, 1.0, 1.0, 3.0, 1.0, 3.0, 1.0, 3.0, 3.0, 3.0, 2.0, 3.0, 3.0, 1.0, 1.0, 1.0, 3.0, 3.0, 3.0, 1.0, 3.0, 2.0, 2.0, 3.0, 2.0, 3.0, 3.0], [1.0, 3.0, 3.0, 2.0, 1.0, 3.0, 1.0, 3.0, 1.0, 1.0, 1.0, 1.0, 2.0, 1.0, 1.0, 1.0, 1.0, 1.0, 3.0, 1.0, 3.0, 1.0, 1.0, 3.0, 3.0, 2.0, 3.0, 3.0, 1.0, 1.0, 1.0, 3.0, 3.0, 3.0, 1.0, 3.0, 2.0, 2.0, 2.0, 2.0, 3.0, 3.0], [1.0, 3.0, 3.0, 1.0, 1.0, 3.0, 1.0, 3.0, 1.0, 1.0, 2.0, 1.0, 3.0, 1.0, 1.0, 1.0, 1.0, 1.0, 3.0, 1.0, 2.0, 1.0, 2.0, 3.0, 3.0, 1.0, 3.0, 2.0, 1.0, 1.0, 1.0, 3.0, 3.0, 3.0, 1.0, 3.0, 2.0, 2.0, 3.0, 2.0, 3.0, 3.0], [1.0, 3.0, 3.0, 1.0, 1.0, 1.0, 1.0, 3.0, 1.0, 1.0, 3.0, 1.0, 3.0, 1.0, 1.0, 2.0, 1.0, 1.0, 3.0, 1.0, 3.0, 1.0, 1.0, 3.0, 3.0, 2.0, 3.0, 3.0, 1.0, 1.0, 1.0, 3.0, 3.0, 3.0, 1.0, 3.0, 2.0, 2.0, 2.0, 2.0, 3.0, 2.0], [1.0, 3.0, 3.0, 1.0, 1.0, 3.0, 1.0, 3.0, 1.0, 1.0, 2.0, 1.0, 3.0, 1.0, 1.0, 1.0, 1.0, 1.0, 3.0, 1.0, 3.0, 1.0, 1.0, 3.0, 3.0, 1.0, 3.0, 3.0, 1.0, 1.0, 1.0, 3.0, 3.0, 3.0, 1.0, 3.0, 2.0, 2.0, 3.0, 2.0, 3.0, 3.0], [1.0, 3.0, 3.0, 1.0, 1.0, 3.0, 1.0, 3.0, 1.0, 1.0, 2.0, 1.0, 3.0, 1.0, 1.0, 1.0, 1.0, 1.0, 3.0, 1.0, 3.0, 1.0, 1.0, 3.0, 3.0, 1.0, 3.0, 3.0, 1.0, 1.0, 1.0, 3.0, 3.0, 3.0, 1.0, 3.0, 2.0, 2.0, 3.0, 2.0, 3.0, 3.0], [1.0, 2.0, 3.0, 1.0, 1.0, 3.0, 1.0, 3.0, 1.0, 1.0, 3.0, 1.0, 3.0, 1.0, 1.0, 1.0, 1.0, 1.0, 3.0, 1.0, 3.0, 1.0, 2.0, 3.0, 3.0, 1.0, 3.0, 3.0, 1.0, 1.0, 1.0, 3.0, 2.0, 2.0, 1.0, 3.0, 2.0, 2.0, 3.0, 1.0, 3.0, 3.0], [1.0, 3.0, 3.0, 1.0, 1.0, 2.0, 1.0, 2.0, 1.0, 1.0, 1.0, 1.0, 3.0, 1.0, 1.0, 1.0, 1.0, 1.0, 3.0, 1.0, 3.0, 1.0, 2.0, 3.0, 3.0, 2.0, 3.0, 3.0, 1.0, 1.0, 1.0, 3.0, 3.0, 3.0, 1.0, 3.0, 2.0, 2.0, 2.0, 3.0, 3.0, 2.0], [1.0, 3.0, 3.0, 1.0, 1.0, 3.0, 1.0, 3.0, 1.0, 1.0, 2.0, 1.0, 3.0, 1.0, 1.0, 1.0, 1.0, 1.0, 3.0, 1.0, 3.0, 1.0, 3.0, 3.0, 3.0, 1.0, 3.0, 3.0, 1.0, 1.0, 1.0, 3.0, 3.0, 3.0, 1.0, 3.0, 2.0, 2.0, 3.0, 1.0, 3.0, 3.0], [1.0, 3.0, 3.0, 1.0, 1.0, 3.0, 1.0, 3.0, 1.0, 1.0, 2.0, 1.0, 3.0, 1.0, 1.0, 2.0, 1.0, 1.0, 3.0, 1.0, 3.0, 1.0, 3.0, 3.0, 3.0, 1.0, 3.0, 3.0, 1.0, 1.0, 1.0, 3.0, 3.0, 3.0, 1.0, 3.0, 2.0, 2.0, 3.0, 2.0, 3.0, 3.0], [1.0, 3.0, 3.0, 1.0, 1.0, 3.0, 1.0, 3.0, 1.0, 1.0, 2.0, 1.0, 3.0, 1.0, 1.0, 1.0, 1.0, 1.0, 3.0, 1.0, 3.0, 1.0, 1.0, 3.0, 3.0, 1.0, 3.0, 3.0, 1.0, 1.0, 1.0, 3.0, 3.0, 3.0, 1.0, 3.0, 2.0, 2.0, 3.0, 1.0, 3.0, 3.0], [1.0, 3.0, 3.0, 1.0, 1.0, 3.0, 1.0, 3.0, 1.0, 1.0, 2.0, 1.0, 3.0, 1.0, 1.0, 1.0, 1.0, 1.0, 3.0, 1.0, 3.0, 1.0, 2.0, 3.0, 3.0, 1.0, 3.0, 3.0, 1.0, 0.0, 1.0, 3.0, 3.0, 3.0, 1.0, 3.0, 2.0, 2.0, 2.0, 2.0, 3.0, 3.0]]

first layer check: Conv2d(6, 64, kernel_size=(7, 7), stride=(2, 2), padding=(3, 3), bias=False)

for model 1: mode acc: 0.7857142686843872, run mean acc: 0.7212499976158142, top-2 acc:0.9391666650772095, mode f1: 0.7857142686843872

model 1 mode preds
[1.0, 3.0, 3.0, 1.0, 1.0, 3.0, 1.0, 2.0, 2.0, 1.0, 2.0, 1.0, 3.0, 1.0, 1.0, 1.0, 1.0, 1.0, 2.0, 1.0, 3.0, 1.0, 2.0, 3.0, 3.0, 1.0, 3.0, 2.0, 1.0, 1.0, 1.0, 3.0, 3.0, 3.0, 1.0, 3.0, 1.0, 2.0, 2.0, 2.0, 3.0, 2.0]

model 1 all preds
[[1.0, 2.0, 3.0, 1.0, 1.0, 3.0, 1.0, 2.0, 2.0, 1.0, 1.0, 1.0, 3.0, 1.0, 1.0, 1.0, 1.0, 1.0, 2.0, 1.0, 3.0, 1.0, 2.0, 3.0, 3.0, 1.0, 3.0, 3.0, 1.0, 1.0, 1.0, 3.0, 3.0, 3.0, 1.0, 3.0, 2.0, 2.0, 2.0, 2.0, 3.0, 2.0], [1.0, 3.0, 3.0, 1.0, 1.0, 3.0, 2.0, 3.0, 2.0, 1.0, 1.0, 1.0, 3.0, 1.0, 1.0, 1.0, 1.0, 1.0, 3.0, 1.0, 3.0, 1.0, 2.0, 3.0, 3.0, 1.0, 3.0, 2.0, 1.0, 1.0, 1.0, 3.0, 3.0, 3.0, 1.0, 3.0, 2.0, 2.0, 2.0, 1.0, 3.0, 2.0], [1.0, 3.0, 3.0, 1.0, 1.0, 3.0, 1.0, 2.0, 2.0, 1.0, 2.0, 1.0, 2.0, 1.0, 1.0, 1.0, 1.0, 1.0, 2.0, 1.0, 3.0, 1.0, 2.0, 3.0, 2.0, 1.0, 3.0, 2.0, 1.0, 1.0, 1.0, 3.0, 3.0, 3.0, 1.0, 3.0, 1.0, 2.0, 2.0, 1.0, 3.0, 2.0], [1.0, 3.0, 3.0, 1.0, 1.0, 3.0, 2.0, 2.0, 2.0, 1.0, 1.0, 1.0, 3.0, 1.0, 1.0, 1.0, 1.0, 1.0, 3.0, 1.0, 3.0, 1.0, 1.0, 2.0, 3.0, 1.0, 3.0, 2.0, 1.0, 1.0, 1.0, 3.0, 2.0, 3.0, 1.0, 3.0, 2.0, 2.0, 3.0, 1.0, 3.0, 2.0], [1.0, 3.0, 2.0, 1.0, 1.0, 1.0, 2.0, 2.0, 2.0, 1.0, 2.0, 1.0, 1.0, 1.0, 1.0, 1.0, 1.0, 1.0, 2.0, 1.0, 3.0, 1.0, 2.0, 3.0, 3.0, 1.0, 3.0, 3.0, 1.0, 1.0, 1.0, 3.0, 2.0, 3.0, 1.0, 3.0, 1.0, 3.0, 2.0, 1.0, 3.0, 2.0], [1.0, 3.0, 2.0, 1.0, 1.0, 1.0, 1.0, 2.0, 1.0, 1.0, 2.0, 1.0, 2.0, 1.0, 1.0, 1.0, 1.0, 1.0, 3.0, 1.0, 3.0, 1.0, 3.0, 3.0, 1.0, 2.0, 3.0, 2.0, 1.0, 1.0, 1.0, 3.0, 3.0, 3.0, 1.0, 3.0, 1.0, 2.0, 1.0, 2.0, 3.0, 2.0], [1.0, 3.0, 3.0, 1.0, 1.0, 3.0, 1.0, 3.0, 2.0, 1.0, 1.0, 1.0, 3.0, 1.0, 1.0, 1.0, 1.0, 1.0, 3.0, 1.0, 3.0, 1.0, 2.0, 3.0, 3.0, 1.0, 3.0, 2.0, 1.0, 1.0, 1.0, 3.0, 3.0, 3.0, 1.0, 3.0, 2.0, 2.0, 2.0, 2.0, 3.0, 2.0], [1.0, 2.0, 3.0, 2.0, 1.0, 3.0, 1.0, 2.0, 1.0, 1.0, 1.0, 1.0, 3.0, 1.0, 1.0, 1.0, 1.0, 1.0, 2.0, 1.0, 3.0, 1.0, 2.0, 3.0, 3.0, 1.0, 3.0, 2.0, 1.0, 1.0, 1.0, 3.0, 3.0, 3.0, 1.0, 3.0, 1.0, 2.0, 3.0, 2.0, 3.0, 2.0], [1.0, 3.0, 3.0, 1.0, 1.0, 3.0, 1.0, 2.0, 2.0, 1.0, 2.0, 1.0, 2.0, 1.0, 1.0, 1.0, 1.0, 1.0, 2.0, 1.0, 3.0, 1.0, 2.0, 3.0, 3.0, 1.0, 3.0, 2.0, 1.0, 1.0, 1.0, 3.0, 3.0, 3.0, 1.0, 2.0, 1.0, 2.0, 3.0, 2.0, 2.0, 2.0], [1.0, 2.0, 2.0, 1.0, 1.0, 2.0, 1.0, 1.0, 2.0, 1.0, 1.0, 1.0, 2.0, 1.0, 1.0, 1.0, 1.0, 1.0, 2.0, 1.0, 3.0, 1.0, 2.0, 3.0, 2.0, 1.0, 2.0, 2.0, 1.0, 1.0, 1.0, 3.0, 3.0, 1.0, 1.0, 3.0, 2.0, 2.0, 2.0, 2.0, 3.0, 2.0], [1.0, 3.0, 3.0, 1.0, 1.0, 3.0, 2.0, 3.0, 2.0, 1.0, 2.0, 1.0, 3.0, 1.0, 1.0, 1.0, 1.0, 1.0, 2.0, 1.0, 3.0, 1.0, 2.0, 3.0, 3.0, 1.0, 3.0, 2.0, 1.0, 1.0, 1.0, 3.0, 3.0, 3.0, 1.0, 1.0, 1.0, 2.0, 2.0, 1.0, 3.0, 2.0], [1.0, 2.0, 3.0, 1.0, 1.0, 3.0, 1.0, 2.0, 1.0, 1.0, 2.0, 1.0, 2.0, 1.0, 1.0, 1.0, 1.0, 1.0, 2.0, 1.0, 3.0, 1.0, 2.0, 3.0, 3.0, 1.0, 3.0, 3.0, 1.0, 1.0, 1.0, 3.0, 2.0, 3.0, 1.0, 3.0, 1.0, 2.0, 2.0, 2.0, 3.0, 2.0], [1.0, 2.0, 3.0, 1.0, 1.0, 2.0, 1.0, 2.0, 2.0, 1.0, 2.0, 1.0, 3.0, 1.0, 1.0, 1.0, 1.0, 1.0, 3.0, 1.0, 3.0, 1.0, 2.0, 3.0, 2.0, 1.0, 2.0, 2.0, 1.0, 1.0, 1.0, 3.0, 3.0, 3.0, 1.0, 3.0, 2.0, 2.0, 2.0, 1.0, 3.0, 2.0], [1.0, 3.0, 3.0, 1.0, 1.0, 3.0, 2.0, 3.0, 2.0, 1.0, 2.0, 1.0, 3.0, 1.0, 1.0, 1.0, 1.0, 1.0, 2.0, 1.0, 3.0, 1.0, 2.0, 3.0, 3.0, 1.0, 3.0, 2.0, 1.0, 1.0, 1.0, 3.0, 3.0, 2.0, 1.0, 3.0, 1.0, 2.0, 2.0, 2.0, 2.0, 2.0], [1.0, 2.0, 2.0, 1.0, 1.0, 2.0, 1.0, 2.0, 2.0, 1.0, 2.0, 1.0, 3.0, 1.0, 1.0, 1.0, 1.0, 1.0, 2.0, 1.0, 3.0, 1.0, 2.0, 3.0, 3.0, 1.0, 3.0, 3.0, 1.0, 1.0, 1.0, 3.0, 3.0, 3.0, 1.0, 3.0, 2.0, 2.0, 1.0, 2.0, 3.0, 2.0], [1.0, 3.0, 3.0, 1.0, 1.0, 2.0, 1.0, 3.0, 2.0, 1.0, 1.0, 1.0, 3.0, 1.0, 1.0, 1.0, 1.0, 1.0, 2.0, 1.0, 3.0, 1.0, 2.0, 3.0, 3.0, 1.0, 3.0, 3.0, 1.0, 1.0, 1.0, 3.0, 3.0, 3.0, 1.0, 2.0, 2.0, 2.0, 2.0, 1.0, 2.0, 2.0], [1.0, 3.0, 2.0, 1.0, 1.0, 3.0, 1.0, 2.0, 1.0, 1.0, 2.0, 1.0, 2.0, 1.0, 1.0, 1.0, 1.0, 1.0, 2.0, 1.0, 3.0, 1.0, 2.0, 3.0, 3.0, 1.0, 3.0, 2.0, 1.0, 1.0, 1.0, 2.0, 3.0, 3.0, 1.0, 2.0, 1.0, 2.0, 2.0, 2.0, 3.0, 2.0], [1.0, 3.0, 2.0, 1.0, 1.0, 3.0, 2.0, 2.0, 2.0, 1.0, 2.0, 1.0, 2.0, 1.0, 1.0, 1.0, 1.0, 1.0, 2.0, 1.0, 3.0, 1.0, 2.0, 3.0, 3.0, 1.0, 3.0, 2.0, 1.0, 1.0, 1.0, 3.0, 3.0, 3.0, 1.0, 1.0, 1.0, 2.0, 2.0, 1.0, 3.0, 2.0], [1.0, 3.0, 3.0, 1.0, 1.0, 2.0, 2.0, 2.0, 1.0, 1.0, 2.0, 1.0, 3.0, 1.0, 1.0, 1.0, 1.0, 1.0, 2.0, 1.0, 3.0, 1.0, 2.0, 3.0, 3.0, 1.0, 3.0, 3.0, 1.0, 1.0, 1.0, 3.0, 3.0, 3.0, 1.0, 3.0, 1.0, 2.0, 1.0, 1.0, 3.0, 2.0], [1.0, 2.0, 3.0, 1.0, 1.0, 3.0, 2.0, 3.0, 2.0, 1.0, 2.0, 1.0, 2.0, 1.0, 1.0, 1.0, 1.0, 1.0, 3.0, 1.0, 3.0, 1.0, 2.0, 3.0, 3.0, 1.0, 2.0, 3.0, 1.0, 1.0, 1.0, 2.0, 2.0, 3.0, 1.0, 3.0, 1.0, 2.0, 2.0, 2.0, 3.0, 2.0], [1.0, 2.0, 2.0, 1.0, 1.0, 2.0, 1.0, 2.0, 1.0, 1.0, 2.0, 1.0, 3.0, 1.0, 1.0, 1.0, 1.0, 1.0, 3.0, 1.0, 2.0, 1.0, 2.0, 2.0, 1.0, 1.0, 2.0, 1.0, 1.0, 1.0, 1.0, 3.0, 3.0, 3.0, 1.0, 3.0, 1.0, 2.0, 2.0, 1.0, 3.0, 2.0], [1.0, 3.0, 3.0, 1.0, 1.0, 2.0, 1.0, 2.0, 2.0, 1.0, 2.0, 1.0, 2.0, 1.0, 1.0, 1.0, 1.0, 1.0, 3.0, 1.0, 3.0, 1.0, 2.0, 3.0, 3.0, 1.0, 2.0, 3.0, 1.0, 1.0, 1.0, 3.0, 3.0, 3.0, 1.0, 3.0, 2.0, 2.0, 2.0, 1.0, 2.0, 2.0], [1.0, 3.0, 3.0, 1.0, 1.0, 2.0, 1.0, 2.0, 2.0, 1.0, 2.0, 1.0, 3.0, 1.0, 1.0, 1.0, 1.0, 1.0, 2.0, 1.0, 3.0, 1.0, 2.0, 3.0, 3.0, 1.0, 3.0, 2.0, 1.0, 1.0, 1.0, 3.0, 3.0, 3.0, 1.0, 3.0, 1.0, 2.0, 2.0, 2.0, 3.0, 2.0], [1.0, 3.0, 2.0, 1.0, 1.0, 2.0, 1.0, 2.0, 1.0, 1.0, 2.0, 1.0, 2.0, 1.0, 1.0, 1.0, 1.0, 1.0, 2.0, 1.0, 2.0, 1.0, 2.0, 3.0, 3.0, 1.0, 2.0, 3.0, 1.0, 1.0, 1.0, 3.0, 3.0, 3.0, 1.0, 3.0, 2.0, 2.0, 3.0, 1.0, 2.0, 2.0], [1.0, 2.0, 2.0, 1.0, 1.0, 3.0, 2.0, 1.0, 2.0, 1.0, 1.0, 1.0, 2.0, 1.0, 1.0, 1.0, 1.0, 1.0, 2.0, 1.0, 3.0, 1.0, 2.0, 3.0, 3.0, 1.0, 2.0, 2.0, 1.0, 1.0, 1.0, 3.0, 3.0, 3.0, 1.0, 3.0, 1.0, 2.0, 2.0, 1.0, 2.0, 2.0], [1.0, 3.0, 2.0, 1.0, 1.0, 3.0, 1.0, 2.0, 2.0, 1.0, 2.0, 1.0, 3.0, 1.0, 1.0, 1.0, 1.0, 1.0, 2.0, 1.0, 2.0, 1.0, 2.0, 2.0, 3.0, 1.0, 3.0, 3.0, 1.0, 1.0, 1.0, 3.0, 3.0, 3.0, 1.0, 3.0, 1.0, 2.0, 1.0, 2.0, 3.0, 2.0], [1.0, 3.0, 3.0, 1.0, 1.0, 2.0, 1.0, 2.0, 1.0, 1.0, 1.0, 1.0, 3.0, 1.0, 1.0, 1.0, 1.0, 1.0, 2.0, 1.0, 3.0, 1.0, 2.0, 2.0, 3.0, 1.0, 3.0, 2.0, 1.0, 1.0, 1.0, 3.0, 3.0, 3.0, 1.0, 3.0, 1.0, 2.0, 2.0, 2.0, 3.0, 1.0], [1.0, 3.0, 2.0, 1.0, 1.0, 2.0, 1.0, 2.0, 1.0, 1.0, 1.0, 1.0, 2.0, 1.0, 1.0, 1.0, 1.0, 1.0, 2.0, 1.0, 3.0, 1.0, 2.0, 3.0, 3.0, 1.0, 3.0, 2.0, 1.0, 1.0, 1.0, 3.0, 3.0, 2.0, 1.0, 3.0, 2.0, 2.0, 3.0, 2.0, 3.0, 2.0], [1.0, 3.0, 3.0, 1.0, 1.0, 3.0, 1.0, 2.0, 1.0, 1.0, 2.0, 1.0, 2.0, 1.0, 1.0, 1.0, 1.0, 1.0, 2.0, 1.0, 3.0, 1.0, 2.0, 3.0, 3.0, 1.0, 3.0, 2.0, 1.0, 1.0, 1.0, 3.0, 3.0, 3.0, 1.0, 3.0, 2.0, 2.0, 2.0, 2.0, 3.0, 2.0], [1.0, 3.0, 2.0, 1.0, 1.0, 3.0, 1.0, 2.0, 2.0, 1.0, 2.0, 1.0, 3.0, 1.0, 1.0, 1.0, 1.0, 1.0, 2.0, 1.0, 3.0, 1.0, 2.0, 3.0, 3.0, 1.0, 3.0, 2.0, 1.0, 1.0, 1.0, 3.0, 3.0, 3.0, 1.0, 3.0, 2.0, 2.0, 2.0, 2.0, 3.0, 2.0], [1.0, 3.0, 3.0, 1.0, 1.0, 2.0, 1.0, 2.0, 2.0, 1.0, 1.0, 1.0, 3.0, 1.0, 1.0, 1.0, 1.0, 1.0, 3.0, 1.0, 3.0, 1.0, 2.0, 3.0, 3.0, 1.0, 3.0, 3.0, 1.0, 1.0, 1.0, 3.0, 3.0, 3.0, 1.0, 3.0, 1.0, 2.0, 2.0, 1.0, 2.0, 2.0], [1.0, 3.0, 2.0, 1.0, 1.0, 2.0, 1.0, 2.0, 2.0, 1.0, 1.0, 1.0, 3.0, 1.0, 1.0, 1.0, 1.0, 1.0, 2.0, 1.0, 3.0, 1.0, 2.0, 3.0, 3.0, 1.0, 3.0, 2.0, 1.0, 1.0, 1.0, 3.0, 3.0, 3.0, 1.0, 3.0, 1.0, 2.0, 2.0, 2.0, 3.0, 2.0], [1.0, 3.0, 3.0, 1.0, 1.0, 2.0, 1.0, 2.0, 1.0, 1.0, 2.0, 1.0, 3.0, 1.0, 1.0, 1.0, 1.0, 1.0, 3.0, 1.0, 3.0, 1.0, 2.0, 2.0, 2.0, 1.0, 3.0, 2.0, 1.0, 1.0, 1.0, 3.0, 3.0, 2.0, 1.0, 2.0, 1.0, 2.0, 3.0, 1.0, 3.0, 2.0], [1.0, 3.0, 2.0, 1.0, 1.0, 2.0, 1.0, 3.0, 2.0, 1.0, 2.0, 1.0, 3.0, 1.0, 1.0, 1.0, 1.0, 1.0, 2.0, 1.0, 3.0, 1.0, 2.0, 3.0, 3.0, 1.0, 3.0, 2.0, 1.0, 1.0, 1.0, 3.0, 3.0, 3.0, 1.0, 3.0, 2.0, 2.0, 2.0, 2.0, 3.0, 2.0], [1.0, 3.0, 2.0, 1.0, 1.0, 2.0, 1.0, 2.0, 2.0, 1.0, 1.0, 1.0, 3.0, 1.0, 1.0, 1.0, 1.0, 1.0, 3.0, 1.0, 3.0, 1.0, 2.0, 3.0, 2.0, 1.0, 3.0, 3.0, 1.0, 1.0, 1.0, 3.0, 3.0, 2.0, 1.0, 3.0, 2.0, 2.0, 1.0, 1.0, 3.0, 2.0], [1.0, 3.0, 3.0, 1.0, 1.0, 2.0, 2.0, 2.0, 2.0, 1.0, 2.0, 1.0, 2.0, 1.0, 1.0, 1.0, 1.0, 1.0, 3.0, 1.0, 3.0, 1.0, 2.0, 3.0, 3.0, 2.0, 3.0, 2.0, 1.0, 1.0, 1.0, 3.0, 2.0, 2.0, 1.0, 3.0, 1.0, 2.0, 2.0, 1.0, 3.0, 2.0], [1.0, 1.0, 3.0, 1.0, 1.0, 3.0, 1.0, 3.0, 1.0, 1.0, 2.0, 1.0, 2.0, 1.0, 1.0, 1.0, 1.0, 1.0, 3.0, 1.0, 3.0, 1.0, 2.0, 3.0, 3.0, 1.0, 2.0, 2.0, 1.0, 1.0, 1.0, 3.0, 3.0, 3.0, 1.0, 3.0, 2.0, 2.0, 2.0, 2.0, 3.0, 2.0], [1.0, 3.0, 3.0, 1.0, 1.0, 3.0, 1.0, 2.0, 2.0, 1.0, 1.0, 1.0, 3.0, 1.0, 1.0, 1.0, 1.0, 1.0, 3.0, 1.0, 2.0, 1.0, 2.0, 3.0, 3.0, 1.0, 3.0, 2.0, 1.0, 1.0, 1.0, 3.0, 3.0, 2.0, 1.0, 3.0, 1.0, 2.0, 2.0, 2.0, 3.0, 2.0], [1.0, 3.0, 3.0, 1.0, 1.0, 2.0, 1.0, 3.0, 2.0, 1.0, 1.0, 1.0, 3.0, 1.0, 1.0, 1.0, 1.0, 1.0, 2.0, 1.0, 3.0, 1.0, 2.0, 3.0, 2.0, 1.0, 3.0, 3.0, 1.0, 1.0, 1.0, 3.0, 3.0, 3.0, 1.0, 3.0, 1.0, 2.0, 3.0, 2.0, 3.0, 2.0], [1.0, 2.0, 3.0, 1.0, 1.0, 3.0, 2.0, 2.0, 1.0, 1.0, 2.0, 1.0, 2.0, 1.0, 1.0, 1.0, 1.0, 1.0, 2.0, 1.0, 3.0, 1.0, 2.0, 3.0, 3.0, 1.0, 3.0, 2.0, 1.0, 1.0, 1.0, 2.0, 3.0, 3.0, 1.0, 3.0, 2.0, 2.0, 2.0, 1.0, 3.0, 2.0], [1.0, 3.0, 3.0, 1.0, 1.0, 1.0, 1.0, 2.0, 1.0, 1.0, 2.0, 1.0, 2.0, 1.0, 1.0, 1.0, 1.0, 1.0, 3.0, 1.0, 3.0, 1.0, 2.0, 3.0, 3.0, 1.0, 3.0, 1.0, 1.0, 1.0, 1.0, 3.0, 3.0, 3.0, 1.0, 3.0, 1.0, 2.0, 1.0, 2.0, 3.0, 2.0], [1.0, 3.0, 3.0, 1.0, 1.0, 2.0, 2.0, 2.0, 1.0, 1.0, 2.0, 1.0, 3.0, 1.0, 1.0, 1.0, 1.0, 1.0, 2.0, 1.0, 3.0, 1.0, 2.0, 3.0, 3.0, 1.0, 3.0, 2.0, 1.0, 1.0, 1.0, 3.0, 3.0, 3.0, 1.0, 3.0, 2.0, 2.0, 2.0, 2.0, 3.0, 2.0], [1.0, 3.0, 2.0, 1.0, 1.0, 3.0, 1.0, 2.0, 2.0, 1.0, 2.0, 1.0, 3.0, 1.0, 1.0, 1.0, 1.0, 1.0, 2.0, 1.0, 3.0, 1.0, 2.0, 3.0, 3.0, 1.0, 2.0, 2.0, 1.0, 1.0, 1.0, 2.0, 3.0, 3.0, 1.0, 3.0, 2.0, 2.0, 2.0, 1.0, 2.0, 2.0], [1.0, 3.0, 3.0, 1.0, 1.0, 3.0, 1.0, 2.0, 1.0, 1.0, 1.0, 1.0, 3.0, 1.0, 1.0, 1.0, 1.0, 1.0, 3.0, 1.0, 3.0, 1.0, 2.0, 3.0, 3.0, 2.0, 3.0, 2.0, 1.0, 1.0, 1.0, 3.0, 3.0, 3.0, 1.0, 3.0, 2.0, 2.0, 2.0, 2.0, 3.0, 2.0], [1.0, 3.0, 3.0, 2.0, 1.0, 3.0, 2.0, 1.0, 2.0, 1.0, 2.0, 1.0, 3.0, 1.0, 1.0, 1.0, 1.0, 1.0, 2.0, 1.0, 3.0, 1.0, 2.0, 3.0, 3.0, 1.0, 2.0, 2.0, 1.0, 1.0, 1.0, 2.0, 2.0, 3.0, 1.0, 3.0, 2.0, 2.0, 2.0, 2.0, 3.0, 2.0], [1.0, 2.0, 2.0, 1.0, 1.0, 3.0, 1.0, 2.0, 2.0, 1.0, 1.0, 1.0, 2.0, 1.0, 1.0, 1.0, 1.0, 1.0, 2.0, 1.0, 2.0, 1.0, 2.0, 3.0, 3.0, 1.0, 2.0, 2.0, 1.0, 1.0, 1.0, 3.0, 3.0, 3.0, 1.0, 3.0, 1.0, 2.0, 2.0, 2.0, 3.0, 2.0], [1.0, 3.0, 2.0, 1.0, 1.0, 2.0, 1.0, 2.0, 1.0, 1.0, 2.0, 1.0, 2.0, 1.0, 1.0, 1.0, 1.0, 1.0, 3.0, 1.0, 2.0, 1.0, 2.0, 3.0, 3.0, 1.0, 2.0, 2.0, 1.0, 1.0, 1.0, 2.0, 3.0, 3.0, 1.0, 3.0, 1.0, 2.0, 2.0, 1.0, 2.0, 2.0], [1.0, 3.0, 1.0, 1.0, 1.0, 2.0, 2.0, 3.0, 1.0, 1.0, 1.0, 1.0, 3.0, 1.0, 1.0, 1.0, 1.0, 1.0, 2.0, 1.0, 3.0, 1.0, 2.0, 3.0, 3.0, 1.0, 2.0, 2.0, 1.0, 1.0, 1.0, 3.0, 3.0, 3.0, 1.0, 2.0, 1.0, 2.0, 2.0, 1.0, 3.0, 2.0], [1.0, 3.0, 3.0, 1.0, 1.0, 2.0, 2.0, 3.0, 2.0, 1.0, 1.0, 1.0, 2.0, 1.0, 1.0, 1.0, 1.0, 1.0, 2.0, 1.0, 3.0, 1.0, 2.0, 3.0, 3.0, 1.0, 2.0, 3.0, 1.0, 1.0, 1.0, 3.0, 3.0, 3.0, 1.0, 3.0, 2.0, 2.0, 2.0, 1.0, 3.0, 2.0], [1.0, 2.0, 3.0, 1.0, 1.0, 3.0, 1.0, 2.0, 2.0, 1.0, 1.0, 1.0, 3.0, 1.0, 1.0, 1.0, 1.0, 1.0, 2.0, 1.0, 3.0, 1.0, 2.0, 3.0, 3.0, 1.0, 3.0, 2.0, 1.0, 1.0, 1.0, 3.0, 3.0, 3.0, 1.0, 3.0, 2.0, 2.0, 2.0, 1.0, 3.0, 2.0]]

first layer check: Conv2d(6, 64, kernel_size=(7, 7), stride=(2, 2), padding=(3, 3), bias=False)

for model 2: mode acc: 0.7857142686843872, run mean acc: 0.7520833015441895, top-2 acc:0.9404166340827942, mode f1: 0.7857142686843872

model 2 mode preds
[1.0, 3.0, 3.0, 1.0, 1.0, 3.0, 1.0, 2.0, 1.0, 1.0, 2.0, 1.0, 3.0, 1.0, 1.0, 1.0, 1.0, 1.0, 3.0, 1.0, 3.0, 1.0, 1.0, 3.0, 3.0, 1.0, 3.0, 3.0, 1.0, 1.0, 1.0, 3.0, 3.0, 3.0, 1.0, 3.0, 2.0, 2.0, 2.0, 1.0, 3.0, 2.0]

model 2 all preds
[[1.0, 3.0, 3.0, 1.0, 1.0, 3.0, 1.0, 3.0, 1.0, 1.0, 1.0, 1.0, 3.0, 1.0, 1.0, 1.0, 1.0, 1.0, 2.0, 1.0, 3.0, 1.0, 1.0, 3.0, 3.0, 1.0, 3.0, 3.0, 1.0, 1.0, 1.0, 3.0, 3.0, 3.0, 1.0, 3.0, 1.0, 2.0, 2.0, 1.0, 3.0, 2.0], [1.0, 3.0, 3.0, 1.0, 1.0, 3.0, 1.0, 2.0, 1.0, 1.0, 1.0, 1.0, 2.0, 1.0, 1.0, 1.0, 1.0, 1.0, 2.0, 1.0, 3.0, 1.0, 1.0, 3.0, 3.0, 1.0, 3.0, 3.0, 1.0, 1.0, 1.0, 2.0, 3.0, 3.0, 1.0, 3.0, 1.0, 2.0, 2.0, 1.0, 3.0, 2.0], [1.0, 3.0, 3.0, 1.0, 1.0, 3.0, 1.0, 2.0, 1.0, 1.0, 1.0, 1.0, 3.0, 1.0, 1.0, 1.0, 1.0, 1.0, 3.0, 1.0, 3.0, 1.0, 1.0, 3.0, 3.0, 1.0, 3.0, 3.0, 1.0, 1.0, 1.0, 3.0, 3.0, 3.0, 1.0, 3.0, 2.0, 2.0, 2.0, 1.0, 3.0, 2.0], [1.0, 3.0, 3.0, 1.0, 1.0, 3.0, 1.0, 3.0, 1.0, 1.0, 2.0, 1.0, 2.0, 1.0, 1.0, 1.0, 1.0, 1.0, 3.0, 1.0, 3.0, 1.0, 1.0, 3.0, 3.0, 1.0, 3.0, 3.0, 1.0, 1.0, 1.0, 2.0, 3.0, 3.0, 1.0, 3.0, 2.0, 2.0, 2.0, 2.0, 3.0, 2.0], [1.0, 3.0, 3.0, 1.0, 1.0, 3.0, 1.0, 2.0, 1.0, 1.0, 2.0, 1.0, 3.0, 1.0, 1.0, 1.0, 1.0, 1.0, 3.0, 1.0, 3.0, 1.0, 1.0, 3.0, 3.0, 1.0, 3.0, 3.0, 1.0, 1.0, 1.0, 3.0, 3.0, 3.0, 1.0, 3.0, 2.0, 2.0, 2.0, 1.0, 3.0, 2.0], [1.0, 3.0, 3.0, 1.0, 1.0, 3.0, 1.0, 2.0, 1.0, 1.0, 2.0, 1.0, 3.0, 1.0, 1.0, 1.0, 1.0, 1.0, 3.0, 1.0, 3.0, 1.0, 1.0, 3.0, 3.0, 1.0, 3.0, 3.0, 1.0, 1.0, 1.0, 3.0, 3.0, 3.0, 1.0, 3.0, 2.0, 2.0, 3.0, 2.0, 3.0, 2.0], [1.0, 3.0, 3.0, 1.0, 1.0, 1.0, 1.0, 3.0, 1.0, 1.0, 2.0, 1.0, 3.0, 1.0, 1.0, 1.0, 1.0, 1.0, 2.0, 1.0, 3.0, 1.0, 1.0, 3.0, 3.0, 1.0, 3.0, 3.0, 1.0, 1.0, 1.0, 3.0, 3.0, 3.0, 1.0, 3.0, 2.0, 2.0, 2.0, 1.0, 3.0, 2.0], [1.0, 3.0, 3.0, 1.0, 1.0, 3.0, 1.0, 2.0, 1.0, 1.0, 1.0, 1.0, 3.0, 1.0, 1.0, 1.0, 1.0, 1.0, 3.0, 1.0, 3.0, 1.0, 1.0, 3.0, 3.0, 1.0, 3.0, 3.0, 1.0, 1.0, 1.0, 2.0, 3.0, 3.0, 1.0, 3.0, 2.0, 2.0, 2.0, 1.0, 3.0, 2.0], [1.0, 2.0, 3.0, 1.0, 1.0, 3.0, 1.0, 2.0, 1.0, 1.0, 2.0, 1.0, 3.0, 1.0, 1.0, 1.0, 1.0, 1.0, 3.0, 1.0, 3.0, 1.0, 1.0, 3.0, 3.0, 1.0, 3.0, 3.0, 1.0, 1.0, 1.0, 3.0, 3.0, 2.0, 1.0, 3.0, 2.0, 1.0, 2.0, 1.0, 3.0, 2.0], [1.0, 3.0, 2.0, 1.0, 1.0, 3.0, 1.0, 2.0, 1.0, 1.0, 2.0, 1.0, 3.0, 1.0, 1.0, 1.0, 1.0, 1.0, 2.0, 1.0, 3.0, 1.0, 1.0, 3.0, 3.0, 1.0, 3.0, 3.0, 1.0, 1.0, 1.0, 3.0, 3.0, 3.0, 1.0, 3.0, 2.0, 1.0, 2.0, 1.0, 3.0, 2.0], [1.0, 2.0, 3.0, 1.0, 1.0, 3.0, 1.0, 2.0, 1.0, 1.0, 2.0, 1.0, 2.0, 1.0, 1.0, 1.0, 1.0, 1.0, 3.0, 1.0, 3.0, 1.0, 1.0, 3.0, 3.0, 1.0, 3.0, 2.0, 1.0, 1.0, 1.0, 3.0, 3.0, 3.0, 1.0, 3.0, 2.0, 2.0, 2.0, 1.0, 3.0, 2.0], [1.0, 3.0, 3.0, 1.0, 1.0, 3.0, 1.0, 2.0, 1.0, 1.0, 1.0, 1.0, 3.0, 1.0, 1.0, 1.0, 1.0, 1.0, 3.0, 1.0, 3.0, 1.0, 1.0, 3.0, 3.0, 1.0, 3.0, 2.0, 1.0, 1.0, 1.0, 3.0, 3.0, 2.0, 1.0, 3.0, 2.0, 2.0, 2.0, 1.0, 3.0, 2.0], [1.0, 3.0, 3.0, 1.0, 1.0, 3.0, 1.0, 2.0, 1.0, 1.0, 1.0, 1.0, 3.0, 1.0, 1.0, 1.0, 1.0, 1.0, 3.0, 1.0, 3.0, 1.0, 1.0, 3.0, 3.0, 1.0, 3.0, 3.0, 1.0, 1.0, 1.0, 3.0, 3.0, 2.0, 1.0, 3.0, 2.0, 2.0, 2.0, 2.0, 3.0, 2.0], [1.0, 3.0, 3.0, 1.0, 1.0, 3.0, 1.0, 3.0, 1.0, 1.0, 2.0, 1.0, 2.0, 1.0, 1.0, 1.0, 1.0, 1.0, 3.0, 1.0, 3.0, 1.0, 1.0, 3.0, 2.0, 1.0, 3.0, 3.0, 1.0, 1.0, 1.0, 2.0, 3.0, 3.0, 1.0, 3.0, 1.0, 2.0, 3.0, 1.0, 3.0, 2.0], [1.0, 3.0, 3.0, 1.0, 1.0, 3.0, 1.0, 3.0, 1.0, 1.0, 2.0, 1.0, 2.0, 1.0, 1.0, 1.0, 1.0, 1.0, 3.0, 1.0, 3.0, 1.0, 1.0, 3.0, 3.0, 1.0, 3.0, 3.0, 1.0, 1.0, 1.0, 3.0, 3.0, 2.0, 1.0, 3.0, 1.0, 2.0, 2.0, 1.0, 3.0, 2.0], [1.0, 3.0, 3.0, 1.0, 1.0, 2.0, 1.0, 2.0, 1.0, 1.0, 2.0, 1.0, 3.0, 1.0, 1.0, 1.0, 1.0, 1.0, 3.0, 1.0, 3.0, 1.0, 1.0, 3.0, 3.0, 1.0, 3.0, 3.0, 1.0, 1.0, 1.0, 3.0, 3.0, 3.0, 1.0, 3.0, 1.0, 2.0, 2.0, 2.0, 3.0, 2.0], [1.0, 3.0, 3.0, 1.0, 1.0, 3.0, 1.0, 2.0, 1.0, 1.0, 1.0, 1.0, 2.0, 1.0, 1.0, 1.0, 1.0, 1.0, 3.0, 1.0, 3.0, 1.0, 1.0, 3.0, 3.0, 1.0, 3.0, 2.0, 1.0, 1.0, 1.0, 3.0, 3.0, 3.0, 1.0, 3.0, 2.0, 2.0, 2.0, 1.0, 3.0, 2.0], [1.0, 3.0, 3.0, 1.0, 1.0, 2.0, 1.0, 2.0, 1.0, 1.0, 2.0, 1.0, 3.0, 1.0, 1.0, 1.0, 1.0, 1.0, 2.0, 1.0, 3.0, 1.0, 1.0, 3.0, 3.0, 1.0, 3.0, 3.0, 1.0, 1.0, 1.0, 3.0, 3.0, 3.0, 1.0, 3.0, 1.0, 2.0, 3.0, 1.0, 3.0, 2.0], [1.0, 3.0, 3.0, 1.0, 1.0, 2.0, 1.0, 2.0, 1.0, 1.0, 2.0, 1.0, 2.0, 1.0, 1.0, 1.0, 1.0, 1.0, 3.0, 1.0, 3.0, 1.0, 1.0, 3.0, 3.0, 1.0, 3.0, 3.0, 1.0, 1.0, 1.0, 2.0, 3.0, 3.0, 1.0, 3.0, 2.0, 2.0, 3.0, 1.0, 3.0, 2.0], [1.0, 3.0, 3.0, 1.0, 1.0, 3.0, 1.0, 2.0, 1.0, 1.0, 1.0, 1.0, 2.0, 1.0, 1.0, 1.0, 1.0, 1.0, 3.0, 1.0, 3.0, 1.0, 1.0, 3.0, 3.0, 1.0, 3.0, 3.0, 1.0, 1.0, 1.0, 2.0, 3.0, 3.0, 1.0, 3.0, 2.0, 2.0, 2.0, 1.0, 3.0, 2.0], [1.0, 3.0, 2.0, 1.0, 1.0, 3.0, 1.0, 3.0, 1.0, 1.0, 2.0, 1.0, 3.0, 1.0, 1.0, 1.0, 1.0, 1.0, 3.0, 1.0, 3.0, 1.0, 1.0, 3.0, 3.0, 1.0, 3.0, 2.0, 1.0, 1.0, 1.0, 2.0, 3.0, 3.0, 1.0, 3.0, 1.0, 2.0, 2.0, 2.0, 3.0, 2.0], [1.0, 3.0, 3.0, 1.0, 1.0, 1.0, 1.0, 2.0, 1.0, 1.0, 1.0, 1.0, 3.0, 1.0, 1.0, 1.0, 1.0, 1.0, 3.0, 1.0, 3.0, 1.0, 1.0, 3.0, 3.0, 1.0, 3.0, 3.0, 1.0, 1.0, 1.0, 2.0, 3.0, 3.0, 1.0, 3.0, 1.0, 2.0, 2.0, 2.0, 3.0, 2.0], [1.0, 3.0, 2.0, 1.0, 1.0, 1.0, 1.0, 3.0, 1.0, 1.0, 2.0, 1.0, 3.0, 1.0, 1.0, 1.0, 1.0, 1.0, 3.0, 1.0, 3.0, 1.0, 1.0, 3.0, 3.0, 1.0, 3.0, 3.0, 1.0, 1.0, 1.0, 2.0, 3.0, 3.0, 1.0, 3.0, 2.0, 2.0, 2.0, 1.0, 3.0, 2.0], [1.0, 3.0, 2.0, 1.0, 1.0, 3.0, 1.0, 2.0, 1.0, 1.0, 2.0, 1.0, 3.0, 1.0, 1.0, 1.0, 1.0, 1.0, 3.0, 1.0, 3.0, 1.0, 1.0, 3.0, 3.0, 1.0, 3.0, 3.0, 1.0, 1.0, 1.0, 3.0, 3.0, 3.0, 1.0, 3.0, 2.0, 2.0, 2.0, 1.0, 2.0, 2.0], [1.0, 3.0, 3.0, 1.0, 1.0, 3.0, 1.0, 2.0, 1.0, 1.0, 2.0, 1.0, 3.0, 1.0, 1.0, 1.0, 1.0, 1.0, 3.0, 1.0, 3.0, 1.0, 1.0, 3.0, 3.0, 1.0, 2.0, 2.0, 1.0, 1.0, 1.0, 2.0, 3.0, 3.0, 1.0, 3.0, 1.0, 2.0, 2.0, 1.0, 3.0, 2.0], [1.0, 3.0, 3.0, 1.0, 1.0, 2.0, 1.0, 2.0, 1.0, 1.0, 2.0, 1.0, 3.0, 1.0, 1.0, 1.0, 1.0, 1.0, 2.0, 1.0, 3.0, 1.0, 1.0, 3.0, 3.0, 1.0, 3.0, 3.0, 1.0, 1.0, 1.0, 3.0, 3.0, 3.0, 1.0, 3.0, 1.0, 2.0, 2.0, 1.0, 3.0, 2.0], [1.0, 1.0, 3.0, 1.0, 1.0, 3.0, 1.0, 3.0, 1.0, 1.0, 1.0, 1.0, 3.0, 1.0, 1.0, 1.0, 1.0, 1.0, 3.0, 1.0, 3.0, 1.0, 1.0, 3.0, 3.0, 1.0, 3.0, 3.0, 1.0, 1.0, 1.0, 2.0, 3.0, 2.0, 1.0, 3.0, 2.0, 2.0, 2.0, 2.0, 3.0, 2.0], [1.0, 3.0, 3.0, 1.0, 1.0, 3.0, 1.0, 2.0, 1.0, 1.0, 1.0, 1.0, 3.0, 1.0, 1.0, 1.0, 1.0, 1.0, 2.0, 1.0, 3.0, 1.0, 1.0, 3.0, 3.0, 1.0, 3.0, 3.0, 1.0, 1.0, 1.0, 3.0, 3.0, 3.0, 1.0, 3.0, 1.0, 2.0, 3.0, 2.0, 3.0, 2.0], [1.0, 3.0, 3.0, 1.0, 1.0, 2.0, 1.0, 2.0, 1.0, 1.0, 2.0, 1.0, 3.0, 1.0, 1.0, 1.0, 1.0, 1.0, 2.0, 1.0, 3.0, 1.0, 1.0, 3.0, 3.0, 1.0, 3.0, 3.0, 1.0, 1.0, 1.0, 2.0, 3.0, 3.0, 1.0, 3.0, 1.0, 2.0, 3.0, 1.0, 3.0, 2.0], [1.0, 3.0, 3.0, 1.0, 1.0, 3.0, 1.0, 2.0, 1.0, 1.0, 1.0, 1.0, 2.0, 1.0, 1.0, 1.0, 1.0, 1.0, 3.0, 1.0, 1.0, 1.0, 1.0, 1.0, 3.0, 1.0, 3.0, 3.0, 1.0, 1.0, 1.0, 3.0, 3.0, 3.0, 1.0, 3.0, 2.0, 2.0, 2.0, 1.0, 3.0, 2.0], [1.0, 3.0, 3.0, 1.0, 1.0, 3.0, 1.0, 2.0, 1.0, 1.0, 1.0, 1.0, 2.0, 1.0, 1.0, 1.0, 1.0, 1.0, 3.0, 1.0, 3.0, 1.0, 1.0, 3.0, 3.0, 1.0, 3.0, 3.0, 1.0, 1.0, 1.0, 3.0, 3.0, 3.0, 1.0, 3.0, 2.0, 1.0, 2.0, 2.0, 3.0, 2.0], [1.0, 3.0, 3.0, 1.0, 1.0, 3.0, 1.0, 2.0, 1.0, 1.0, 2.0, 1.0, 3.0, 1.0, 2.0, 1.0, 1.0, 1.0, 3.0, 1.0, 3.0, 1.0, 1.0, 3.0, 3.0, 1.0, 3.0, 3.0, 1.0, 1.0, 1.0, 3.0, 3.0, 3.0, 1.0, 3.0, 2.0, 2.0, 3.0, 1.0, 3.0, 2.0], [1.0, 3.0, 3.0, 1.0, 1.0, 3.0, 1.0, 2.0, 1.0, 1.0, 1.0, 1.0, 3.0, 1.0, 1.0, 1.0, 1.0, 1.0, 3.0, 1.0, 3.0, 1.0, 1.0, 3.0, 2.0, 1.0, 3.0, 3.0, 1.0, 1.0, 1.0, 3.0, 3.0, 3.0, 1.0, 3.0, 1.0, 2.0, 2.0, 1.0, 3.0, 2.0], [1.0, 3.0, 3.0, 1.0, 1.0, 3.0, 1.0, 2.0, 1.0, 1.0, 2.0, 1.0, 2.0, 1.0, 1.0, 1.0, 1.0, 1.0, 2.0, 1.0, 3.0, 1.0, 1.0, 3.0, 3.0, 1.0, 3.0, 3.0, 1.0, 1.0, 1.0, 3.0, 3.0, 3.0, 1.0, 3.0, 1.0, 2.0, 2.0, 1.0, 3.0, 2.0], [1.0, 3.0, 3.0, 1.0, 1.0, 2.0, 1.0, 2.0, 1.0, 1.0, 1.0, 1.0, 3.0, 1.0, 1.0, 1.0, 1.0, 1.0, 2.0, 1.0, 3.0, 1.0, 1.0, 3.0, 2.0, 1.0, 3.0, 3.0, 1.0, 1.0, 1.0, 3.0, 3.0, 3.0, 1.0, 3.0, 1.0, 2.0, 3.0, 1.0, 3.0, 2.0], [1.0, 1.0, 3.0, 1.0, 1.0, 3.0, 1.0, 2.0, 1.0, 1.0, 2.0, 1.0, 3.0, 1.0, 1.0, 1.0, 1.0, 1.0, 3.0, 1.0, 3.0, 1.0, 1.0, 3.0, 3.0, 1.0, 3.0, 3.0, 1.0, 1.0, 1.0, 2.0, 3.0, 3.0, 1.0, 3.0, 2.0, 2.0, 2.0, 2.0, 3.0, 2.0], [1.0, 1.0, 3.0, 1.0, 1.0, 3.0, 1.0, 2.0, 1.0, 1.0, 2.0, 1.0, 3.0, 1.0, 1.0, 1.0, 1.0, 1.0, 3.0, 1.0, 3.0, 1.0, 1.0, 3.0, 3.0, 1.0, 3.0, 3.0, 1.0, 1.0, 1.0, 3.0, 3.0, 3.0, 1.0, 3.0, 2.0, 2.0, 2.0, 1.0, 3.0, 2.0], [1.0, 3.0, 3.0, 1.0, 1.0, 2.0, 1.0, 2.0, 1.0, 1.0, 1.0, 1.0, 2.0, 1.0, 1.0, 1.0, 1.0, 1.0, 3.0, 1.0, 3.0, 1.0, 1.0, 2.0, 2.0, 1.0, 3.0, 3.0, 1.0, 1.0, 1.0, 2.0, 3.0, 3.0, 1.0, 3.0, 2.0, 1.0, 2.0, 1.0, 2.0, 2.0], [1.0, 3.0, 3.0, 1.0, 1.0, 3.0, 1.0, 2.0, 1.0, 1.0, 2.0, 1.0, 3.0, 1.0, 1.0, 1.0, 1.0, 1.0, 2.0, 1.0, 3.0, 1.0, 1.0, 3.0, 2.0, 1.0, 3.0, 3.0, 1.0, 1.0, 1.0, 2.0, 3.0, 3.0, 1.0, 3.0, 2.0, 2.0, 2.0, 2.0, 2.0, 2.0], [1.0, 3.0, 3.0, 1.0, 1.0, 3.0, 1.0, 2.0, 1.0, 1.0, 1.0, 1.0, 3.0, 1.0, 1.0, 1.0, 1.0, 1.0, 3.0, 1.0, 3.0, 1.0, 1.0, 3.0, 2.0, 1.0, 3.0, 3.0, 1.0, 1.0, 1.0, 2.0, 3.0, 3.0, 1.0, 2.0, 1.0, 2.0, 2.0, 2.0, 3.0, 2.0], [1.0, 3.0, 3.0, 1.0, 1.0, 2.0, 1.0, 2.0, 1.0, 1.0, 2.0, 1.0, 3.0, 1.0, 1.0, 1.0, 1.0, 1.0, 3.0, 1.0, 3.0, 1.0, 1.0, 3.0, 3.0, 1.0, 3.0, 3.0, 1.0, 1.0, 1.0, 3.0, 3.0, 3.0, 1.0, 3.0, 2.0, 2.0, 2.0, 2.0, 3.0, 2.0], [1.0, 3.0, 3.0, 1.0, 1.0, 3.0, 1.0, 3.0, 1.0, 1.0, 2.0, 1.0, 3.0, 1.0, 2.0, 1.0, 1.0, 1.0, 2.0, 1.0, 3.0, 1.0, 1.0, 3.0, 3.0, 1.0, 2.0, 3.0, 1.0, 1.0, 1.0, 3.0, 3.0, 3.0, 1.0, 3.0, 2.0, 2.0, 2.0, 1.0, 3.0, 2.0], [1.0, 3.0, 3.0, 1.0, 1.0, 3.0, 1.0, 3.0, 1.0, 1.0, 1.0, 1.0, 2.0, 1.0, 1.0, 1.0, 1.0, 1.0, 3.0, 1.0, 3.0, 1.0, 1.0, 3.0, 3.0, 1.0, 3.0, 3.0, 1.0, 1.0, 1.0, 3.0, 3.0, 3.0, 1.0, 3.0, 1.0, 2.0, 2.0, 1.0, 3.0, 2.0], [1.0, 3.0, 2.0, 1.0, 1.0, 3.0, 1.0, 3.0, 1.0, 1.0, 2.0, 1.0, 3.0, 1.0, 1.0, 1.0, 1.0, 1.0, 3.0, 1.0, 3.0, 1.0, 1.0, 3.0, 3.0, 1.0, 3.0, 3.0, 1.0, 1.0, 1.0, 3.0, 3.0, 2.0, 1.0, 3.0, 2.0, 2.0, 2.0, 2.0, 3.0, 2.0], [1.0, 3.0, 3.0, 1.0, 1.0, 3.0, 1.0, 3.0, 1.0, 1.0, 1.0, 1.0, 3.0, 1.0, 1.0, 1.0, 1.0, 1.0, 3.0, 1.0, 3.0, 1.0, 1.0, 1.0, 3.0, 1.0, 3.0, 2.0, 1.0, 1.0, 1.0, 3.0, 3.0, 3.0, 1.0, 3.0, 2.0, 2.0, 2.0, 1.0, 3.0, 2.0], [1.0, 3.0, 2.0, 1.0, 1.0, 3.0, 1.0, 3.0, 1.0, 1.0, 2.0, 1.0, 3.0, 1.0, 1.0, 1.0, 1.0, 1.0, 3.0, 1.0, 3.0, 1.0, 1.0, 3.0, 3.0, 1.0, 3.0, 3.0, 1.0, 1.0, 1.0, 2.0, 3.0, 3.0, 1.0, 3.0, 2.0, 2.0, 2.0, 1.0, 3.0, 2.0], [1.0, 3.0, 3.0, 1.0, 1.0, 1.0, 1.0, 2.0, 1.0, 1.0, 2.0, 1.0, 2.0, 1.0, 1.0, 1.0, 1.0, 1.0, 3.0, 1.0, 2.0, 1.0, 1.0, 3.0, 3.0, 1.0, 3.0, 3.0, 1.0, 1.0, 1.0, 3.0, 3.0, 3.0, 1.0, 3.0, 2.0, 2.0, 2.0, 1.0, 3.0, 2.0], [1.0, 3.0, 3.0, 1.0, 1.0, 3.0, 1.0, 2.0, 1.0, 1.0, 2.0, 1.0, 2.0, 1.0, 1.0, 1.0, 1.0, 1.0, 3.0, 1.0, 2.0, 1.0, 1.0, 3.0, 3.0, 1.0, 3.0, 3.0, 1.0, 1.0, 1.0, 3.0, 3.0, 3.0, 1.0, 3.0, 1.0, 2.0, 2.0, 1.0, 3.0, 2.0], [1.0, 3.0, 3.0, 1.0, 1.0, 3.0, 1.0, 2.0, 1.0, 1.0, 1.0, 1.0, 2.0, 1.0, 1.0, 1.0, 1.0, 1.0, 3.0, 1.0, 3.0, 1.0, 1.0, 3.0, 3.0, 1.0, 3.0, 1.0, 1.0, 1.0, 1.0, 2.0, 3.0, 3.0, 1.0, 3.0, 1.0, 2.0, 2.0, 1.0, 3.0, 2.0], [1.0, 3.0, 3.0, 1.0, 1.0, 3.0, 1.0, 3.0, 1.0, 1.0, 1.0, 1.0, 2.0, 1.0, 1.0, 1.0, 1.0, 1.0, 3.0, 1.0, 3.0, 1.0, 1.0, 3.0, 3.0, 1.0, 2.0, 3.0, 1.0, 1.0, 1.0, 3.0, 3.0, 3.0, 1.0, 3.0, 1.0, 2.0, 2.0, 2.0, 3.0, 2.0]]

first layer check: Conv2d(6, 64, kernel_size=(7, 7), stride=(2, 2), padding=(3, 3), bias=False)

for model 3: mode acc: 0.8095238208770752, run mean acc: 0.7416666150093079, top-2 acc:0.9404166340827942, mode f1: 0.8095238208770752

model 3 mode preds
[1.0, 3.0, 3.0, 1.0, 1.0, 3.0, 1.0, 2.0, 1.0, 1.0, 2.0, 1.0, 3.0, 1.0, 1.0, 1.0, 1.0, 1.0, 2.0, 1.0, 3.0, 1.0, 2.0, 3.0, 3.0, 1.0, 3.0, 3.0, 1.0, 1.0, 1.0, 3.0, 3.0, 3.0, 1.0, 3.0, 1.0, 2.0, 2.0, 1.0, 3.0, 2.0]

model 3 all preds
[[1.0, 2.0, 2.0, 1.0, 1.0, 3.0, 1.0, 3.0, 1.0, 1.0, 1.0, 1.0, 3.0, 1.0, 1.0, 1.0, 1.0, 1.0, 2.0, 1.0, 3.0, 1.0, 2.0, 3.0, 3.0, 1.0, 3.0, 3.0, 1.0, 1.0, 1.0, 3.0, 3.0, 3.0, 1.0, 3.0, 1.0, 2.0, 2.0, 1.0, 3.0, 2.0], [1.0, 3.0, 3.0, 1.0, 1.0, 3.0, 1.0, 2.0, 1.0, 1.0, 2.0, 1.0, 3.0, 1.0, 1.0, 1.0, 1.0, 1.0, 3.0, 1.0, 3.0, 1.0, 2.0, 3.0, 3.0, 1.0, 3.0, 2.0, 1.0, 1.0, 1.0, 3.0, 3.0, 3.0, 1.0, 3.0, 1.0, 2.0, 2.0, 1.0, 2.0, 3.0], [1.0, 3.0, 2.0, 1.0, 1.0, 2.0, 1.0, 2.0, 1.0, 1.0, 2.0, 1.0, 2.0, 1.0, 1.0, 1.0, 1.0, 1.0, 2.0, 1.0, 3.0, 1.0, 2.0, 3.0, 3.0, 1.0, 3.0, 2.0, 1.0, 1.0, 1.0, 3.0, 3.0, 3.0, 1.0, 3.0, 1.0, 2.0, 2.0, 1.0, 2.0, 2.0], [1.0, 3.0, 3.0, 1.0, 1.0, 2.0, 1.0, 2.0, 1.0, 1.0, 2.0, 1.0, 3.0, 1.0, 1.0, 1.0, 1.0, 1.0, 3.0, 1.0, 3.0, 1.0, 2.0, 3.0, 3.0, 1.0, 3.0, 3.0, 1.0, 1.0, 1.0, 3.0, 3.0, 3.0, 1.0, 3.0, 2.0, 2.0, 2.0, 1.0, 3.0, 2.0], [1.0, 3.0, 3.0, 1.0, 1.0, 2.0, 1.0, 2.0, 1.0, 1.0, 2.0, 1.0, 3.0, 1.0, 1.0, 1.0, 1.0, 1.0, 3.0, 1.0, 3.0, 1.0, 2.0, 3.0, 3.0, 1.0, 3.0, 2.0, 1.0, 1.0, 1.0, 3.0, 3.0, 3.0, 1.0, 3.0, 2.0, 2.0, 2.0, 1.0, 2.0, 3.0], [1.0, 3.0, 3.0, 1.0, 1.0, 3.0, 1.0, 2.0, 1.0, 1.0, 1.0, 1.0, 2.0, 1.0, 1.0, 1.0, 1.0, 1.0, 2.0, 1.0, 3.0, 1.0, 2.0, 3.0, 3.0, 1.0, 3.0, 3.0, 1.0, 1.0, 1.0, 3.0, 3.0, 3.0, 1.0, 3.0, 1.0, 2.0, 2.0, 1.0, 3.0, 3.0], [1.0, 3.0, 3.0, 1.0, 1.0, 3.0, 1.0, 2.0, 1.0, 1.0, 2.0, 1.0, 3.0, 1.0, 1.0, 1.0, 1.0, 1.0, 3.0, 1.0, 3.0, 1.0, 2.0, 2.0, 3.0, 1.0, 3.0, 2.0, 1.0, 1.0, 1.0, 3.0, 3.0, 3.0, 1.0, 3.0, 1.0, 2.0, 3.0, 1.0, 3.0, 2.0], [1.0, 3.0, 3.0, 1.0, 1.0, 3.0, 1.0, 2.0, 1.0, 1.0, 1.0, 1.0, 3.0, 1.0, 1.0, 1.0, 1.0, 1.0, 2.0, 1.0, 3.0, 1.0, 2.0, 3.0, 2.0, 1.0, 3.0, 3.0, 1.0, 1.0, 1.0, 3.0, 3.0, 3.0, 1.0, 3.0, 2.0, 2.0, 2.0, 2.0, 3.0, 3.0], [1.0, 3.0, 3.0, 1.0, 1.0, 3.0, 1.0, 2.0, 1.0, 1.0, 2.0, 1.0, 3.0, 1.0, 1.0, 1.0, 1.0, 1.0, 2.0, 1.0, 3.0, 1.0, 2.0, 3.0, 3.0, 1.0, 3.0, 3.0, 1.0, 1.0, 1.0, 3.0, 3.0, 3.0, 1.0, 3.0, 1.0, 2.0, 2.0, 1.0, 3.0, 2.0], [1.0, 3.0, 3.0, 1.0, 1.0, 3.0, 1.0, 2.0, 1.0, 1.0, 1.0, 1.0, 3.0, 1.0, 1.0, 1.0, 1.0, 1.0, 3.0, 1.0, 3.0, 1.0, 2.0, 3.0, 3.0, 1.0, 3.0, 2.0, 1.0, 1.0, 1.0, 3.0, 3.0, 3.0, 1.0, 3.0, 1.0, 2.0, 2.0, 1.0, 3.0, 2.0], [1.0, 3.0, 3.0, 1.0, 1.0, 2.0, 1.0, 2.0, 1.0, 1.0, 2.0, 1.0, 2.0, 1.0, 1.0, 1.0, 1.0, 1.0, 3.0, 1.0, 3.0, 1.0, 2.0, 3.0, 3.0, 1.0, 3.0, 2.0, 1.0, 1.0, 1.0, 2.0, 3.0, 2.0, 1.0, 3.0, 1.0, 2.0, 2.0, 1.0, 3.0, 2.0], [1.0, 3.0, 3.0, 1.0, 1.0, 3.0, 1.0, 2.0, 1.0, 1.0, 1.0, 1.0, 2.0, 1.0, 1.0, 1.0, 1.0, 1.0, 2.0, 1.0, 3.0, 1.0, 2.0, 3.0, 3.0, 1.0, 3.0, 3.0, 1.0, 1.0, 1.0, 3.0, 3.0, 3.0, 1.0, 2.0, 1.0, 2.0, 2.0, 2.0, 3.0, 2.0], [1.0, 3.0, 2.0, 1.0, 1.0, 3.0, 1.0, 3.0, 1.0, 1.0, 1.0, 1.0, 3.0, 1.0, 1.0, 1.0, 1.0, 1.0, 3.0, 1.0, 3.0, 1.0, 2.0, 3.0, 3.0, 1.0, 3.0, 3.0, 1.0, 1.0, 1.0, 3.0, 2.0, 3.0, 1.0, 3.0, 2.0, 2.0, 2.0, 2.0, 3.0, 2.0], [1.0, 3.0, 3.0, 1.0, 1.0, 2.0, 1.0, 2.0, 1.0, 1.0, 1.0, 1.0, 3.0, 1.0, 1.0, 1.0, 1.0, 1.0, 3.0, 1.0, 2.0, 1.0, 2.0, 3.0, 3.0, 1.0, 3.0, 3.0, 1.0, 1.0, 1.0, 3.0, 3.0, 3.0, 1.0, 3.0, 1.0, 2.0, 2.0, 2.0, 3.0, 2.0], [1.0, 2.0, 3.0, 1.0, 1.0, 1.0, 1.0, 2.0, 1.0, 1.0, 2.0, 1.0, 3.0, 1.0, 1.0, 1.0, 1.0, 1.0, 3.0, 1.0, 3.0, 1.0, 2.0, 3.0, 2.0, 1.0, 3.0, 3.0, 1.0, 1.0, 1.0, 3.0, 3.0, 3.0, 1.0, 3.0, 1.0, 2.0, 2.0, 1.0, 3.0, 3.0], [1.0, 3.0, 3.0, 1.0, 1.0, 2.0, 1.0, 2.0, 1.0, 1.0, 2.0, 1.0, 3.0, 1.0, 1.0, 1.0, 1.0, 1.0, 3.0, 1.0, 3.0, 1.0, 2.0, 3.0, 3.0, 1.0, 3.0, 2.0, 1.0, 1.0, 1.0, 3.0, 3.0, 3.0, 1.0, 2.0, 2.0, 2.0, 2.0, 1.0, 3.0, 2.0], [1.0, 3.0, 3.0, 1.0, 1.0, 1.0, 1.0, 2.0, 1.0, 1.0, 1.0, 1.0, 3.0, 1.0, 1.0, 1.0, 1.0, 1.0, 3.0, 1.0, 3.0, 1.0, 2.0, 3.0, 3.0, 1.0, 3.0, 3.0, 1.0, 1.0, 1.0, 3.0, 3.0, 2.0, 1.0, 3.0, 1.0, 2.0, 2.0, 1.0, 3.0, 2.0], [1.0, 3.0, 2.0, 1.0, 1.0, 3.0, 1.0, 2.0, 1.0, 1.0, 2.0, 1.0, 2.0, 1.0, 1.0, 1.0, 1.0, 1.0, 2.0, 1.0, 3.0, 1.0, 2.0, 3.0, 3.0, 1.0, 3.0, 2.0, 1.0, 1.0, 1.0, 3.0, 3.0, 3.0, 1.0, 3.0, 2.0, 2.0, 2.0, 2.0, 3.0, 2.0], [1.0, 3.0, 3.0, 1.0, 1.0, 2.0, 1.0, 2.0, 1.0, 1.0, 2.0, 1.0, 2.0, 1.0, 1.0, 1.0, 1.0, 1.0, 2.0, 1.0, 3.0, 1.0, 2.0, 3.0, 3.0, 1.0, 3.0, 2.0, 1.0, 1.0, 1.0, 3.0, 3.0, 3.0, 1.0, 3.0, 2.0, 2.0, 2.0, 2.0, 2.0, 2.0], [1.0, 3.0, 3.0, 1.0, 1.0, 3.0, 1.0, 2.0, 1.0, 1.0, 1.0, 1.0, 3.0, 1.0, 1.0, 1.0, 1.0, 1.0, 3.0, 1.0, 3.0, 1.0, 2.0, 3.0, 3.0, 1.0, 3.0, 3.0, 1.0, 1.0, 1.0, 3.0, 3.0, 3.0, 1.0, 3.0, 1.0, 2.0, 2.0, 1.0, 3.0, 3.0], [1.0, 3.0, 3.0, 1.0, 1.0, 3.0, 1.0, 2.0, 1.0, 1.0, 1.0, 1.0, 2.0, 1.0, 1.0, 1.0, 1.0, 1.0, 3.0, 1.0, 3.0, 1.0, 2.0, 3.0, 3.0, 1.0, 3.0, 3.0, 1.0, 1.0, 1.0, 3.0, 3.0, 3.0, 1.0, 3.0, 2.0, 2.0, 2.0, 2.0, 3.0, 2.0], [1.0, 3.0, 3.0, 1.0, 1.0, 3.0, 1.0, 2.0, 1.0, 1.0, 2.0, 1.0, 3.0, 1.0, 1.0, 1.0, 1.0, 1.0, 3.0, 1.0, 3.0, 1.0, 2.0, 3.0, 2.0, 1.0, 3.0, 2.0, 1.0, 1.0, 1.0, 3.0, 2.0, 2.0, 1.0, 3.0, 1.0, 1.0, 3.0, 1.0, 3.0, 3.0], [1.0, 2.0, 2.0, 1.0, 1.0, 3.0, 1.0, 2.0, 1.0, 1.0, 2.0, 1.0, 3.0, 1.0, 1.0, 1.0, 1.0, 1.0, 3.0, 1.0, 3.0, 1.0, 2.0, 3.0, 3.0, 1.0, 3.0, 2.0, 1.0, 1.0, 1.0, 3.0, 3.0, 3.0, 1.0, 3.0, 2.0, 1.0, 2.0, 1.0, 3.0, 2.0], [1.0, 2.0, 2.0, 1.0, 1.0, 3.0, 1.0, 2.0, 1.0, 1.0, 2.0, 1.0, 3.0, 1.0, 1.0, 1.0, 1.0, 1.0, 2.0, 1.0, 3.0, 1.0, 2.0, 3.0, 3.0, 1.0, 3.0, 3.0, 1.0, 1.0, 1.0, 3.0, 3.0, 3.0, 1.0, 3.0, 1.0, 2.0, 2.0, 2.0, 3.0, 2.0], [1.0, 2.0, 3.0, 1.0, 1.0, 2.0, 1.0, 3.0, 1.0, 1.0, 2.0, 1.0, 3.0, 1.0, 1.0, 1.0, 1.0, 1.0, 2.0, 1.0, 3.0, 1.0, 2.0, 3.0, 3.0, 1.0, 3.0, 3.0, 1.0, 1.0, 1.0, 3.0, 3.0, 3.0, 1.0, 3.0, 1.0, 2.0, 2.0, 1.0, 3.0, 2.0], [1.0, 3.0, 3.0, 1.0, 1.0, 2.0, 1.0, 2.0, 1.0, 1.0, 2.0, 1.0, 2.0, 1.0, 1.0, 1.0, 1.0, 1.0, 3.0, 1.0, 3.0, 1.0, 2.0, 3.0, 3.0, 1.0, 3.0, 3.0, 1.0, 1.0, 1.0, 3.0, 3.0, 2.0, 1.0, 3.0, 2.0, 2.0, 2.0, 1.0, 3.0, 2.0], [1.0, 3.0, 3.0, 1.0, 1.0, 2.0, 1.0, 2.0, 1.0, 1.0, 2.0, 1.0, 2.0, 1.0, 1.0, 1.0, 1.0, 1.0, 3.0, 1.0, 3.0, 1.0, 3.0, 3.0, 3.0, 1.0, 3.0, 2.0, 1.0, 1.0, 1.0, 3.0, 3.0, 3.0, 1.0, 3.0, 1.0, 2.0, 2.0, 1.0, 3.0, 2.0], [1.0, 3.0, 3.0, 1.0, 1.0, 3.0, 1.0, 3.0, 1.0, 1.0, 2.0, 1.0, 2.0, 1.0, 1.0, 1.0, 1.0, 1.0, 2.0, 1.0, 3.0, 1.0, 2.0, 3.0, 3.0, 1.0, 2.0, 2.0, 1.0, 1.0, 1.0, 3.0, 3.0, 3.0, 1.0, 3.0, 1.0, 2.0, 2.0, 1.0, 3.0, 3.0], [1.0, 3.0, 3.0, 1.0, 1.0, 3.0, 1.0, 2.0, 1.0, 1.0, 2.0, 1.0, 3.0, 1.0, 1.0, 1.0, 1.0, 1.0, 2.0, 1.0, 3.0, 1.0, 3.0, 3.0, 3.0, 1.0, 3.0, 3.0, 1.0, 1.0, 1.0, 3.0, 3.0, 3.0, 1.0, 3.0, 1.0, 2.0, 2.0, 1.0, 3.0, 3.0], [1.0, 3.0, 3.0, 1.0, 1.0, 2.0, 1.0, 3.0, 1.0, 1.0, 1.0, 1.0, 2.0, 1.0, 1.0, 1.0, 1.0, 1.0, 3.0, 1.0, 3.0, 1.0, 2.0, 3.0, 3.0, 1.0, 3.0, 3.0, 1.0, 1.0, 1.0, 3.0, 3.0, 3.0, 1.0, 3.0, 1.0, 2.0, 2.0, 1.0, 3.0, 2.0], [1.0, 3.0, 3.0, 1.0, 1.0, 3.0, 1.0, 2.0, 1.0, 1.0, 2.0, 1.0, 3.0, 1.0, 1.0, 1.0, 1.0, 1.0, 3.0, 1.0, 3.0, 1.0, 2.0, 3.0, 3.0, 1.0, 3.0, 3.0, 1.0, 1.0, 1.0, 3.0, 3.0, 3.0, 1.0, 3.0, 2.0, 2.0, 2.0, 2.0, 3.0, 2.0], [1.0, 3.0, 3.0, 1.0, 1.0, 3.0, 1.0, 2.0, 1.0, 1.0, 1.0, 1.0, 2.0, 1.0, 1.0, 1.0, 1.0, 1.0, 2.0, 1.0, 3.0, 1.0, 2.0, 3.0, 3.0, 1.0, 3.0, 3.0, 1.0, 1.0, 1.0, 3.0, 3.0, 3.0, 1.0, 3.0, 1.0, 2.0, 2.0, 2.0, 3.0, 3.0], [1.0, 3.0, 3.0, 1.0, 1.0, 2.0, 1.0, 2.0, 1.0, 1.0, 1.0, 1.0, 3.0, 1.0, 1.0, 1.0, 1.0, 1.0, 2.0, 1.0, 3.0, 1.0, 2.0, 3.0, 3.0, 1.0, 3.0, 2.0, 1.0, 1.0, 1.0, 3.0, 3.0, 2.0, 1.0, 3.0, 1.0, 2.0, 2.0, 1.0, 3.0, 3.0], [1.0, 3.0, 3.0, 1.0, 1.0, 3.0, 1.0, 3.0, 1.0, 1.0, 2.0, 1.0, 2.0, 1.0, 1.0, 1.0, 1.0, 1.0, 2.0, 1.0, 3.0, 1.0, 3.0, 3.0, 3.0, 1.0, 3.0, 3.0, 1.0, 1.0, 1.0, 3.0, 3.0, 2.0, 1.0, 3.0, 1.0, 2.0, 1.0, 1.0, 3.0, 2.0], [1.0, 3.0, 3.0, 1.0, 1.0, 3.0, 1.0, 2.0, 1.0, 1.0, 2.0, 1.0, 2.0, 1.0, 1.0, 1.0, 1.0, 1.0, 2.0, 1.0, 3.0, 1.0, 1.0, 3.0, 3.0, 1.0, 3.0, 3.0, 1.0, 1.0, 1.0, 2.0, 3.0, 3.0, 1.0, 3.0, 1.0, 2.0, 2.0, 2.0, 3.0, 2.0], [1.0, 3.0, 3.0, 1.0, 1.0, 3.0, 1.0, 2.0, 1.0, 1.0, 1.0, 1.0, 3.0, 1.0, 1.0, 1.0, 1.0, 1.0, 3.0, 1.0, 3.0, 1.0, 2.0, 3.0, 3.0, 1.0, 3.0, 3.0, 1.0, 1.0, 1.0, 3.0, 3.0, 3.0, 1.0, 2.0, 1.0, 2.0, 2.0, 1.0, 3.0, 2.0], [1.0, 3.0, 3.0, 1.0, 1.0, 3.0, 1.0, 2.0, 1.0, 1.0, 2.0, 1.0, 3.0, 1.0, 1.0, 1.0, 1.0, 1.0, 2.0, 1.0, 3.0, 1.0, 3.0, 3.0, 3.0, 1.0, 3.0, 2.0, 1.0, 1.0, 1.0, 2.0, 2.0, 3.0, 1.0, 3.0, 2.0, 2.0, 2.0, 2.0, 3.0, 3.0], [1.0, 3.0, 3.0, 1.0, 1.0, 3.0, 1.0, 2.0, 1.0, 1.0, 2.0, 1.0, 2.0, 1.0, 1.0, 1.0, 1.0, 1.0, 2.0, 1.0, 3.0, 1.0, 1.0, 3.0, 2.0, 1.0, 3.0, 3.0, 1.0, 1.0, 1.0, 3.0, 3.0, 3.0, 1.0, 3.0, 1.0, 2.0, 2.0, 1.0, 3.0, 2.0], [1.0, 3.0, 2.0, 1.0, 1.0, 2.0, 1.0, 2.0, 1.0, 1.0, 2.0, 1.0, 2.0, 1.0, 1.0, 1.0, 1.0, 1.0, 2.0, 1.0, 3.0, 1.0, 2.0, 3.0, 3.0, 1.0, 3.0, 3.0, 1.0, 1.0, 1.0, 3.0, 3.0, 3.0, 1.0, 3.0, 2.0, 2.0, 2.0, 1.0, 3.0, 2.0], [1.0, 2.0, 3.0, 1.0, 1.0, 3.0, 1.0, 2.0, 1.0, 1.0, 2.0, 1.0, 3.0, 1.0, 1.0, 1.0, 1.0, 1.0, 2.0, 1.0, 3.0, 1.0, 2.0, 3.0, 3.0, 1.0, 2.0, 2.0, 1.0, 1.0, 1.0, 2.0, 2.0, 3.0, 1.0, 3.0, 2.0, 2.0, 2.0, 2.0, 3.0, 2.0], [1.0, 3.0, 3.0, 1.0, 1.0, 3.0, 1.0, 3.0, 1.0, 1.0, 2.0, 1.0, 2.0, 1.0, 1.0, 1.0, 1.0, 1.0, 2.0, 1.0, 3.0, 1.0, 2.0, 3.0, 3.0, 1.0, 3.0, 2.0, 1.0, 1.0, 1.0, 3.0, 3.0, 3.0, 1.0, 2.0, 1.0, 2.0, 3.0, 1.0, 3.0, 3.0], [1.0, 3.0, 3.0, 1.0, 1.0, 3.0, 1.0, 2.0, 1.0, 1.0, 2.0, 1.0, 3.0, 1.0, 1.0, 1.0, 1.0, 1.0, 1.0, 1.0, 3.0, 1.0, 2.0, 3.0, 3.0, 1.0, 3.0, 2.0, 1.0, 1.0, 1.0, 3.0, 3.0, 3.0, 1.0, 3.0, 1.0, 2.0, 2.0, 1.0, 3.0, 2.0], [1.0, 3.0, 2.0, 1.0, 1.0, 3.0, 1.0, 3.0, 1.0, 1.0, 2.0, 1.0, 2.0, 1.0, 1.0, 1.0, 1.0, 1.0, 2.0, 1.0, 3.0, 1.0, 2.0, 3.0, 3.0, 1.0, 3.0, 3.0, 1.0, 1.0, 1.0, 3.0, 3.0, 3.0, 1.0, 3.0, 1.0, 2.0, 2.0, 1.0, 3.0, 2.0], [1.0, 3.0, 3.0, 1.0, 1.0, 3.0, 1.0, 3.0, 1.0, 1.0, 1.0, 1.0, 3.0, 1.0, 1.0, 1.0, 1.0, 1.0, 3.0, 1.0, 3.0, 1.0, 3.0, 3.0, 3.0, 1.0, 3.0, 3.0, 1.0, 1.0, 1.0, 3.0, 3.0, 3.0, 1.0, 3.0, 1.0, 2.0, 2.0, 1.0, 2.0, 2.0], [1.0, 3.0, 3.0, 1.0, 1.0, 3.0, 1.0, 2.0, 1.0, 1.0, 2.0, 1.0, 2.0, 1.0, 1.0, 1.0, 1.0, 1.0, 3.0, 1.0, 3.0, 1.0, 3.0, 3.0, 3.0, 1.0, 2.0, 3.0, 1.0, 1.0, 1.0, 3.0, 3.0, 3.0, 1.0, 3.0, 2.0, 2.0, 2.0, 1.0, 3.0, 3.0], [1.0, 3.0, 3.0, 1.0, 1.0, 2.0, 1.0, 2.0, 1.0, 1.0, 1.0, 1.0, 2.0, 1.0, 1.0, 1.0, 1.0, 1.0, 3.0, 1.0, 3.0, 1.0, 2.0, 3.0, 3.0, 1.0, 3.0, 2.0, 1.0, 1.0, 1.0, 3.0, 3.0, 3.0, 1.0, 3.0, 1.0, 2.0, 2.0, 1.0, 3.0, 2.0], [1.0, 3.0, 3.0, 1.0, 1.0, 3.0, 1.0, 2.0, 1.0, 1.0, 2.0, 1.0, 2.0, 1.0, 1.0, 1.0, 1.0, 1.0, 3.0, 1.0, 3.0, 1.0, 2.0, 3.0, 3.0, 1.0, 3.0, 3.0, 1.0, 1.0, 1.0, 3.0, 3.0, 3.0, 1.0, 3.0, 1.0, 2.0, 2.0, 1.0, 3.0, 3.0], [1.0, 3.0, 3.0, 2.0, 1.0, 3.0, 1.0, 3.0, 1.0, 1.0, 2.0, 1.0, 3.0, 1.0, 1.0, 1.0, 1.0, 1.0, 2.0, 1.0, 3.0, 1.0, 2.0, 3.0, 3.0, 1.0, 2.0, 3.0, 1.0, 1.0, 1.0, 3.0, 3.0, 2.0, 1.0, 3.0, 2.0, 2.0, 2.0, 1.0, 3.0, 2.0], [1.0, 3.0, 2.0, 1.0, 1.0, 3.0, 1.0, 3.0, 1.0, 1.0, 2.0, 1.0, 3.0, 1.0, 1.0, 1.0, 1.0, 1.0, 2.0, 1.0, 3.0, 1.0, 1.0, 3.0, 3.0, 1.0, 3.0, 3.0, 1.0, 1.0, 1.0, 3.0, 3.0, 3.0, 1.0, 3.0, 1.0, 2.0, 2.0, 1.0, 3.0, 2.0], [1.0, 3.0, 3.0, 1.0, 1.0, 2.0, 1.0, 2.0, 1.0, 1.0, 2.0, 1.0, 3.0, 1.0, 1.0, 1.0, 1.0, 1.0, 2.0, 1.0, 2.0, 1.0, 3.0, 3.0, 3.0, 1.0, 3.0, 3.0, 1.0, 1.0, 1.0, 3.0, 3.0, 3.0, 1.0, 3.0, 1.0, 2.0, 2.0, 1.0, 2.0, 2.0]]

first layer check: Conv2d(6, 64, kernel_size=(7, 7), stride=(2, 2), padding=(3, 3), bias=False)

for model 4: mode acc: 0.8333333134651184, run mean acc: 0.7762499451637268, top-2 acc:0.9341667294502258, mode f1: 0.8333333134651184

model 4 mode preds
[1.0, 3.0, 3.0, 1.0, 1.0, 3.0, 1.0, 2.0, 1.0, 1.0, 2.0, 1.0, 3.0, 1.0, 1.0, 1.0, 1.0, 1.0, 3.0, 1.0, 3.0, 1.0, 2.0, 3.0, 3.0, 1.0, 3.0, 3.0, 1.0, 1.0, 1.0, 3.0, 3.0, 3.0, 1.0, 3.0, 1.0, 2.0, 2.0, 1.0, 3.0, 2.0]

model 4 all preds
[[1.0, 3.0, 3.0, 1.0, 1.0, 2.0, 1.0, 3.0, 1.0, 1.0, 2.0, 1.0, 2.0, 1.0, 1.0, 1.0, 1.0, 1.0, 3.0, 1.0, 2.0, 1.0, 2.0, 3.0, 2.0, 1.0, 3.0, 3.0, 1.0, 1.0, 1.0, 3.0, 3.0, 3.0, 1.0, 2.0, 1.0, 2.0, 2.0, 2.0, 3.0, 2.0], [1.0, 3.0, 3.0, 1.0, 1.0, 3.0, 1.0, 2.0, 1.0, 1.0, 2.0, 1.0, 3.0, 1.0, 1.0, 1.0, 1.0, 1.0, 3.0, 1.0, 3.0, 1.0, 2.0, 3.0, 3.0, 1.0, 3.0, 3.0, 1.0, 1.0, 1.0, 2.0, 3.0, 3.0, 1.0, 3.0, 1.0, 2.0, 3.0, 1.0, 3.0, 2.0], [1.0, 3.0, 3.0, 1.0, 1.0, 3.0, 1.0, 2.0, 1.0, 1.0, 1.0, 1.0, 3.0, 1.0, 1.0, 1.0, 1.0, 1.0, 3.0, 1.0, 3.0, 1.0, 2.0, 3.0, 3.0, 1.0, 2.0, 3.0, 1.0, 1.0, 1.0, 3.0, 3.0, 3.0, 1.0, 3.0, 1.0, 2.0, 2.0, 2.0, 3.0, 2.0], [1.0, 3.0, 3.0, 1.0, 1.0, 3.0, 1.0, 2.0, 1.0, 1.0, 2.0, 1.0, 3.0, 1.0, 1.0, 1.0, 1.0, 1.0, 2.0, 1.0, 3.0, 1.0, 2.0, 3.0, 3.0, 1.0, 3.0, 3.0, 1.0, 1.0, 1.0, 3.0, 3.0, 3.0, 1.0, 3.0, 2.0, 2.0, 2.0, 2.0, 3.0, 2.0], [1.0, 2.0, 3.0, 1.0, 1.0, 2.0, 1.0, 3.0, 1.0, 1.0, 2.0, 1.0, 3.0, 1.0, 1.0, 1.0, 1.0, 1.0, 3.0, 1.0, 3.0, 1.0, 2.0, 3.0, 3.0, 1.0, 3.0, 3.0, 1.0, 1.0, 1.0, 3.0, 3.0, 3.0, 1.0, 3.0, 1.0, 2.0, 2.0, 2.0, 3.0, 2.0], [1.0, 3.0, 3.0, 1.0, 1.0, 2.0, 1.0, 3.0, 1.0, 1.0, 2.0, 1.0, 3.0, 1.0, 1.0, 1.0, 1.0, 1.0, 2.0, 1.0, 3.0, 1.0, 2.0, 3.0, 3.0, 1.0, 3.0, 2.0, 1.0, 1.0, 1.0, 3.0, 3.0, 3.0, 1.0, 3.0, 1.0, 2.0, 2.0, 1.0, 3.0, 2.0], [1.0, 3.0, 3.0, 1.0, 1.0, 3.0, 1.0, 2.0, 1.0, 1.0, 2.0, 1.0, 3.0, 1.0, 1.0, 1.0, 1.0, 1.0, 3.0, 1.0, 3.0, 1.0, 2.0, 3.0, 3.0, 1.0, 3.0, 3.0, 1.0, 1.0, 1.0, 3.0, 3.0, 3.0, 1.0, 3.0, 1.0, 2.0, 2.0, 2.0, 3.0, 2.0], [1.0, 2.0, 3.0, 1.0, 1.0, 3.0, 1.0, 2.0, 1.0, 1.0, 2.0, 1.0, 3.0, 1.0, 1.0, 1.0, 1.0, 1.0, 2.0, 1.0, 3.0, 1.0, 2.0, 3.0, 3.0, 1.0, 2.0, 3.0, 1.0, 1.0, 1.0, 3.0, 3.0, 3.0, 1.0, 2.0, 1.0, 2.0, 2.0, 2.0, 3.0, 2.0], [1.0, 3.0, 3.0, 1.0, 1.0, 3.0, 1.0, 2.0, 1.0, 1.0, 2.0, 1.0, 3.0, 1.0, 1.0, 1.0, 1.0, 1.0, 3.0, 1.0, 2.0, 1.0, 2.0, 3.0, 3.0, 1.0, 3.0, 3.0, 1.0, 1.0, 1.0, 3.0, 3.0, 3.0, 1.0, 3.0, 1.0, 2.0, 2.0, 1.0, 3.0, 2.0], [1.0, 3.0, 2.0, 1.0, 1.0, 3.0, 1.0, 3.0, 1.0, 1.0, 1.0, 1.0, 2.0, 1.0, 1.0, 1.0, 1.0, 1.0, 2.0, 1.0, 3.0, 1.0, 2.0, 3.0, 3.0, 1.0, 3.0, 3.0, 1.0, 1.0, 1.0, 3.0, 3.0, 3.0, 1.0, 3.0, 1.0, 1.0, 2.0, 2.0, 3.0, 2.0], [1.0, 3.0, 3.0, 1.0, 1.0, 3.0, 1.0, 2.0, 1.0, 1.0, 1.0, 1.0, 3.0, 1.0, 1.0, 1.0, 1.0, 1.0, 3.0, 1.0, 3.0, 1.0, 2.0, 3.0, 3.0, 1.0, 3.0, 3.0, 1.0, 1.0, 1.0, 3.0, 3.0, 3.0, 1.0, 3.0, 1.0, 2.0, 2.0, 2.0, 3.0, 2.0], [1.0, 3.0, 3.0, 1.0, 1.0, 3.0, 1.0, 2.0, 1.0, 1.0, 2.0, 1.0, 3.0, 1.0, 1.0, 1.0, 1.0, 1.0, 2.0, 1.0, 3.0, 1.0, 2.0, 3.0, 3.0, 1.0, 2.0, 3.0, 1.0, 1.0, 1.0, 3.0, 3.0, 3.0, 1.0, 3.0, 1.0, 2.0, 3.0, 1.0, 3.0, 2.0], [1.0, 3.0, 3.0, 1.0, 1.0, 3.0, 1.0, 3.0, 1.0, 1.0, 2.0, 1.0, 3.0, 1.0, 1.0, 1.0, 1.0, 1.0, 2.0, 1.0, 2.0, 1.0, 2.0, 3.0, 3.0, 1.0, 2.0, 3.0, 1.0, 1.0, 1.0, 3.0, 3.0, 2.0, 1.0, 3.0, 2.0, 2.0, 2.0, 1.0, 3.0, 2.0], [1.0, 3.0, 3.0, 1.0, 1.0, 3.0, 1.0, 3.0, 1.0, 1.0, 2.0, 1.0, 2.0, 1.0, 1.0, 1.0, 1.0, 1.0, 2.0, 1.0, 2.0, 1.0, 2.0, 3.0, 3.0, 1.0, 3.0, 3.0, 1.0, 1.0, 1.0, 3.0, 3.0, 2.0, 1.0, 3.0, 1.0, 2.0, 2.0, 1.0, 3.0, 2.0], [1.0, 3.0, 3.0, 1.0, 1.0, 3.0, 1.0, 2.0, 1.0, 1.0, 2.0, 1.0, 3.0, 1.0, 1.0, 1.0, 1.0, 1.0, 2.0, 1.0, 3.0, 1.0, 2.0, 3.0, 3.0, 1.0, 2.0, 3.0, 1.0, 1.0, 1.0, 3.0, 3.0, 2.0, 1.0, 3.0, 1.0, 2.0, 2.0, 1.0, 3.0, 2.0], [1.0, 3.0, 3.0, 1.0, 1.0, 3.0, 1.0, 2.0, 1.0, 1.0, 1.0, 1.0, 3.0, 1.0, 1.0, 1.0, 1.0, 1.0, 2.0, 1.0, 3.0, 1.0, 2.0, 3.0, 3.0, 1.0, 3.0, 3.0, 1.0, 1.0, 1.0, 3.0, 3.0, 3.0, 1.0, 3.0, 1.0, 2.0, 3.0, 2.0, 3.0, 2.0], [1.0, 3.0, 3.0, 1.0, 1.0, 2.0, 1.0, 3.0, 1.0, 1.0, 1.0, 1.0, 3.0, 1.0, 1.0, 1.0, 1.0, 1.0, 2.0, 1.0, 3.0, 1.0, 2.0, 3.0, 3.0, 1.0, 3.0, 3.0, 1.0, 1.0, 1.0, 3.0, 3.0, 3.0, 1.0, 3.0, 2.0, 2.0, 3.0, 2.0, 2.0, 2.0], [1.0, 3.0, 3.0, 1.0, 1.0, 3.0, 1.0, 3.0, 1.0, 1.0, 1.0, 1.0, 3.0, 1.0, 1.0, 1.0, 1.0, 1.0, 2.0, 1.0, 3.0, 1.0, 2.0, 3.0, 3.0, 1.0, 3.0, 3.0, 1.0, 1.0, 1.0, 3.0, 3.0, 3.0, 1.0, 3.0, 1.0, 2.0, 2.0, 2.0, 3.0, 2.0], [1.0, 3.0, 3.0, 1.0, 1.0, 3.0, 1.0, 3.0, 1.0, 1.0, 2.0, 1.0, 3.0, 1.0, 1.0, 1.0, 1.0, 1.0, 2.0, 1.0, 3.0, 1.0, 2.0, 3.0, 3.0, 1.0, 3.0, 3.0, 1.0, 1.0, 1.0, 3.0, 3.0, 3.0, 1.0, 3.0, 1.0, 2.0, 2.0, 1.0, 2.0, 2.0], [1.0, 3.0, 3.0, 1.0, 1.0, 3.0, 1.0, 3.0, 1.0, 1.0, 2.0, 1.0, 3.0, 1.0, 1.0, 1.0, 1.0, 1.0, 2.0, 1.0, 3.0, 1.0, 2.0, 3.0, 3.0, 1.0, 3.0, 2.0, 1.0, 1.0, 1.0, 3.0, 3.0, 3.0, 1.0, 3.0, 1.0, 2.0, 3.0, 1.0, 3.0, 2.0], [1.0, 2.0, 2.0, 1.0, 1.0, 3.0, 1.0, 2.0, 1.0, 1.0, 2.0, 1.0, 3.0, 1.0, 1.0, 1.0, 1.0, 1.0, 3.0, 1.0, 2.0, 1.0, 2.0, 3.0, 3.0, 1.0, 3.0, 3.0, 1.0, 1.0, 1.0, 3.0, 3.0, 3.0, 1.0, 3.0, 1.0, 2.0, 3.0, 1.0, 3.0, 2.0], [1.0, 3.0, 3.0, 1.0, 1.0, 3.0, 1.0, 2.0, 1.0, 1.0, 2.0, 1.0, 2.0, 1.0, 1.0, 1.0, 1.0, 1.0, 2.0, 1.0, 3.0, 1.0, 2.0, 3.0, 3.0, 1.0, 3.0, 3.0, 1.0, 1.0, 1.0, 3.0, 3.0, 3.0, 1.0, 3.0, 1.0, 2.0, 3.0, 2.0, 3.0, 2.0], [1.0, 3.0, 3.0, 1.0, 1.0, 2.0, 1.0, 2.0, 1.0, 1.0, 2.0, 1.0, 3.0, 1.0, 1.0, 1.0, 1.0, 1.0, 3.0, 1.0, 3.0, 1.0, 2.0, 3.0, 3.0, 1.0, 3.0, 3.0, 1.0, 1.0, 1.0, 3.0, 3.0, 3.0, 1.0, 3.0, 1.0, 2.0, 2.0, 1.0, 3.0, 2.0], [1.0, 2.0, 2.0, 1.0, 1.0, 3.0, 1.0, 3.0, 1.0, 1.0, 1.0, 1.0, 3.0, 1.0, 1.0, 1.0, 1.0, 1.0, 2.0, 1.0, 3.0, 1.0, 2.0, 3.0, 3.0, 1.0, 3.0, 3.0, 1.0, 1.0, 1.0, 3.0, 3.0, 3.0, 1.0, 2.0, 2.0, 2.0, 2.0, 2.0, 3.0, 2.0], [1.0, 2.0, 3.0, 1.0, 1.0, 3.0, 1.0, 3.0, 1.0, 1.0, 2.0, 1.0, 3.0, 1.0, 1.0, 1.0, 1.0, 1.0, 3.0, 1.0, 2.0, 1.0, 2.0, 3.0, 3.0, 1.0, 3.0, 3.0, 1.0, 1.0, 1.0, 3.0, 3.0, 3.0, 1.0, 3.0, 1.0, 2.0, 2.0, 1.0, 3.0, 2.0], [1.0, 3.0, 3.0, 1.0, 1.0, 3.0, 1.0, 3.0, 1.0, 1.0, 2.0, 1.0, 3.0, 1.0, 1.0, 1.0, 1.0, 1.0, 3.0, 1.0, 3.0, 1.0, 2.0, 2.0, 3.0, 1.0, 3.0, 3.0, 1.0, 1.0, 1.0, 3.0, 3.0, 3.0, 1.0, 3.0, 1.0, 2.0, 2.0, 2.0, 3.0, 3.0], [1.0, 3.0, 3.0, 1.0, 1.0, 3.0, 1.0, 2.0, 1.0, 1.0, 1.0, 1.0, 3.0, 1.0, 1.0, 1.0, 1.0, 1.0, 3.0, 1.0, 3.0, 1.0, 2.0, 3.0, 3.0, 1.0, 3.0, 3.0, 1.0, 1.0, 1.0, 3.0, 3.0, 2.0, 1.0, 3.0, 1.0, 2.0, 2.0, 1.0, 3.0, 2.0], [1.0, 3.0, 3.0, 1.0, 1.0, 2.0, 1.0, 2.0, 1.0, 1.0, 2.0, 1.0, 3.0, 1.0, 1.0, 1.0, 1.0, 1.0, 3.0, 1.0, 3.0, 1.0, 2.0, 3.0, 3.0, 1.0, 3.0, 2.0, 1.0, 1.0, 1.0, 3.0, 3.0, 3.0, 1.0, 3.0, 1.0, 2.0, 2.0, 2.0, 3.0, 2.0], [1.0, 3.0, 3.0, 1.0, 1.0, 3.0, 1.0, 2.0, 1.0, 1.0, 2.0, 1.0, 3.0, 1.0, 1.0, 1.0, 1.0, 1.0, 3.0, 1.0, 3.0, 1.0, 2.0, 2.0, 3.0, 1.0, 3.0, 3.0, 1.0, 1.0, 1.0, 2.0, 3.0, 3.0, 1.0, 3.0, 1.0, 2.0, 2.0, 2.0, 2.0, 2.0], [1.0, 3.0, 3.0, 1.0, 1.0, 2.0, 1.0, 2.0, 1.0, 1.0, 2.0, 1.0, 3.0, 1.0, 1.0, 1.0, 1.0, 1.0, 2.0, 1.0, 3.0, 1.0, 2.0, 3.0, 3.0, 1.0, 3.0, 3.0, 1.0, 1.0, 1.0, 3.0, 3.0, 2.0, 1.0, 3.0, 1.0, 2.0, 2.0, 1.0, 3.0, 2.0], [1.0, 3.0, 2.0, 1.0, 1.0, 3.0, 1.0, 3.0, 1.0, 1.0, 2.0, 1.0, 2.0, 1.0, 1.0, 1.0, 1.0, 1.0, 2.0, 1.0, 3.0, 1.0, 2.0, 3.0, 3.0, 1.0, 3.0, 3.0, 1.0, 1.0, 1.0, 3.0, 3.0, 3.0, 1.0, 3.0, 1.0, 2.0, 2.0, 2.0, 3.0, 2.0], [1.0, 3.0, 3.0, 1.0, 1.0, 2.0, 1.0, 2.0, 1.0, 1.0, 2.0, 1.0, 3.0, 1.0, 1.0, 1.0, 1.0, 1.0, 3.0, 1.0, 3.0, 1.0, 2.0, 3.0, 3.0, 1.0, 3.0, 3.0, 1.0, 1.0, 1.0, 3.0, 3.0, 3.0, 1.0, 3.0, 1.0, 2.0, 2.0, 1.0, 3.0, 2.0], [1.0, 3.0, 3.0, 1.0, 1.0, 3.0, 1.0, 2.0, 1.0, 1.0, 1.0, 1.0, 3.0, 1.0, 1.0, 1.0, 1.0, 1.0, 3.0, 1.0, 3.0, 1.0, 1.0, 3.0, 3.0, 1.0, 2.0, 1.0, 1.0, 1.0, 1.0, 3.0, 3.0, 3.0, 1.0, 2.0, 1.0, 2.0, 2.0, 1.0, 2.0, 2.0], [1.0, 3.0, 2.0, 1.0, 1.0, 3.0, 1.0, 3.0, 1.0, 1.0, 2.0, 1.0, 2.0, 1.0, 1.0, 1.0, 1.0, 1.0, 3.0, 1.0, 3.0, 1.0, 2.0, 3.0, 3.0, 1.0, 3.0, 3.0, 1.0, 1.0, 1.0, 3.0, 3.0, 2.0, 1.0, 3.0, 1.0, 2.0, 2.0, 1.0, 3.0, 2.0], [1.0, 3.0, 2.0, 1.0, 1.0, 3.0, 1.0, 2.0, 1.0, 1.0, 2.0, 1.0, 2.0, 1.0, 1.0, 1.0, 1.0, 1.0, 2.0, 1.0, 3.0, 1.0, 1.0, 3.0, 3.0, 1.0, 3.0, 2.0, 1.0, 1.0, 1.0, 3.0, 3.0, 3.0, 1.0, 3.0, 1.0, 2.0, 2.0, 2.0, 2.0, 2.0], [1.0, 2.0, 3.0, 1.0, 1.0, 3.0, 1.0, 2.0, 1.0, 1.0, 2.0, 1.0, 2.0, 1.0, 1.0, 1.0, 1.0, 1.0, 3.0, 1.0, 3.0, 1.0, 2.0, 3.0, 3.0, 1.0, 3.0, 1.0, 1.0, 1.0, 1.0, 3.0, 3.0, 3.0, 1.0, 3.0, 1.0, 2.0, 2.0, 2.0, 3.0, 2.0], [1.0, 2.0, 3.0, 1.0, 1.0, 3.0, 1.0, 3.0, 1.0, 1.0, 1.0, 1.0, 3.0, 1.0, 1.0, 1.0, 1.0, 1.0, 3.0, 1.0, 3.0, 1.0, 2.0, 3.0, 3.0, 1.0, 3.0, 2.0, 1.0, 1.0, 1.0, 3.0, 3.0, 1.0, 1.0, 3.0, 2.0, 2.0, 2.0, 1.0, 3.0, 2.0], [1.0, 2.0, 3.0, 1.0, 1.0, 3.0, 1.0, 2.0, 1.0, 1.0, 1.0, 1.0, 3.0, 1.0, 1.0, 1.0, 1.0, 1.0, 3.0, 1.0, 2.0, 1.0, 2.0, 3.0, 3.0, 1.0, 3.0, 2.0, 1.0, 1.0, 1.0, 3.0, 3.0, 3.0, 1.0, 3.0, 1.0, 2.0, 2.0, 1.0, 3.0, 2.0], [1.0, 1.0, 3.0, 1.0, 1.0, 2.0, 1.0, 2.0, 1.0, 1.0, 1.0, 1.0, 3.0, 1.0, 1.0, 1.0, 1.0, 1.0, 3.0, 1.0, 3.0, 1.0, 2.0, 3.0, 3.0, 1.0, 3.0, 2.0, 1.0, 1.0, 1.0, 3.0, 3.0, 3.0, 1.0, 3.0, 1.0, 2.0, 3.0, 1.0, 3.0, 2.0], [1.0, 3.0, 3.0, 1.0, 1.0, 3.0, 1.0, 3.0, 1.0, 1.0, 2.0, 1.0, 3.0, 1.0, 1.0, 1.0, 1.0, 1.0, 3.0, 1.0, 3.0, 1.0, 2.0, 3.0, 3.0, 1.0, 3.0, 3.0, 1.0, 1.0, 1.0, 3.0, 3.0, 3.0, 1.0, 3.0, 1.0, 2.0, 2.0, 1.0, 2.0, 2.0], [1.0, 2.0, 2.0, 1.0, 1.0, 2.0, 1.0, 2.0, 1.0, 1.0, 1.0, 1.0, 3.0, 1.0, 1.0, 1.0, 1.0, 1.0, 2.0, 1.0, 3.0, 1.0, 2.0, 3.0, 3.0, 1.0, 2.0, 3.0, 1.0, 1.0, 1.0, 3.0, 3.0, 3.0, 1.0, 3.0, 1.0, 2.0, 2.0, 2.0, 3.0, 2.0], [1.0, 2.0, 3.0, 1.0, 1.0, 2.0, 1.0, 2.0, 1.0, 1.0, 1.0, 1.0, 2.0, 1.0, 1.0, 1.0, 1.0, 1.0, 3.0, 1.0, 3.0, 1.0, 2.0, 3.0, 3.0, 1.0, 3.0, 3.0, 1.0, 1.0, 1.0, 3.0, 3.0, 3.0, 1.0, 3.0, 1.0, 2.0, 2.0, 2.0, 3.0, 2.0], [1.0, 2.0, 3.0, 1.0, 1.0, 3.0, 1.0, 3.0, 1.0, 1.0, 2.0, 1.0, 3.0, 1.0, 1.0, 1.0, 1.0, 1.0, 3.0, 1.0, 3.0, 1.0, 2.0, 3.0, 3.0, 1.0, 3.0, 3.0, 1.0, 1.0, 1.0, 3.0, 3.0, 2.0, 1.0, 3.0, 1.0, 2.0, 2.0, 1.0, 3.0, 2.0], [1.0, 3.0, 3.0, 1.0, 1.0, 3.0, 1.0, 2.0, 1.0, 1.0, 2.0, 1.0, 3.0, 1.0, 1.0, 1.0, 1.0, 1.0, 3.0, 1.0, 3.0, 1.0, 2.0, 3.0, 3.0, 1.0, 2.0, 2.0, 1.0, 1.0, 1.0, 3.0, 3.0, 3.0, 1.0, 3.0, 2.0, 2.0, 2.0, 1.0, 3.0, 2.0], [1.0, 3.0, 3.0, 1.0, 1.0, 3.0, 1.0, 3.0, 1.0, 1.0, 2.0, 1.0, 2.0, 1.0, 1.0, 1.0, 1.0, 1.0, 2.0, 1.0, 2.0, 1.0, 2.0, 3.0, 2.0, 1.0, 3.0, 3.0, 1.0, 1.0, 1.0, 3.0, 3.0, 3.0, 1.0, 3.0, 1.0, 2.0, 2.0, 1.0, 3.0, 2.0], [1.0, 3.0, 3.0, 1.0, 1.0, 3.0, 1.0, 3.0, 1.0, 1.0, 1.0, 1.0, 3.0, 1.0, 1.0, 1.0, 1.0, 1.0, 2.0, 1.0, 3.0, 1.0, 2.0, 3.0, 2.0, 1.0, 3.0, 3.0, 1.0, 1.0, 1.0, 3.0, 3.0, 3.0, 1.0, 3.0, 1.0, 2.0, 2.0, 2.0, 3.0, 2.0], [1.0, 3.0, 3.0, 1.0, 1.0, 3.0, 1.0, 2.0, 1.0, 1.0, 2.0, 1.0, 3.0, 1.0, 1.0, 1.0, 1.0, 1.0, 2.0, 1.0, 3.0, 1.0, 2.0, 3.0, 3.0, 1.0, 2.0, 3.0, 1.0, 1.0, 1.0, 3.0, 3.0, 3.0, 1.0, 3.0, 1.0, 1.0, 2.0, 2.0, 3.0, 2.0], [1.0, 3.0, 3.0, 1.0, 1.0, 3.0, 1.0, 3.0, 1.0, 1.0, 1.0, 1.0, 3.0, 1.0, 1.0, 1.0, 1.0, 1.0, 3.0, 1.0, 3.0, 1.0, 2.0, 3.0, 3.0, 1.0, 2.0, 3.0, 1.0, 1.0, 1.0, 3.0, 3.0, 2.0, 1.0, 2.0, 1.0, 2.0, 2.0, 2.0, 3.0, 2.0], [1.0, 3.0, 3.0, 1.0, 1.0, 1.0, 1.0, 2.0, 1.0, 1.0, 1.0, 1.0, 3.0, 1.0, 1.0, 1.0, 1.0, 1.0, 3.0, 1.0, 3.0, 1.0, 2.0, 3.0, 2.0, 1.0, 3.0, 2.0, 1.0, 1.0, 1.0, 3.0, 3.0, 3.0, 1.0, 2.0, 1.0, 2.0, 2.0, 1.0, 3.0, 2.0], [1.0, 3.0, 3.0, 1.0, 1.0, 2.0, 1.0, 2.0, 1.0, 1.0, 2.0, 1.0, 3.0, 1.0, 1.0, 1.0, 1.0, 1.0, 2.0, 1.0, 3.0, 1.0, 2.0, 2.0, 3.0, 1.0, 3.0, 3.0, 1.0, 1.0, 1.0, 3.0, 3.0, 3.0, 1.0, 3.0, 1.0, 2.0, 2.0, 2.0, 3.0, 2.0]]

