first layer check: Conv2d(9, 64, kernel_size=(7, 7), stride=(2, 2), padding=(3, 3), bias=False)

target ys
[2.0, 2.0, 2.0, 0.0, 2.0, 2.0, 2.0, 3.0, 4.0, 1.0, 2.0, 1.0, 2.0, 3.0, 4.0, 2.0, 5.0, 5.0, 2.0, 2.0, 1.0, 1.0, 2.0, 2.0, 1.0, 1.0, 2.0, 6.0, 1.0, 2.0, 1.0, 2.0, 2.0, 1.0, 1.0, 2.0, 2.0, 1.0, 1.0, 2.0]

for model 0: mode acc: 0.5249999761581421, run mean acc: 0.4816666841506958, top-2 acc:0.7295832633972168, mode f1: 0.5249999761581421

model 0 mode preds
[5.0, 2.0, 4.0, 2.0, 2.0, 4.0, 2.0, 2.0, 2.0, 1.0, 2.0, 2.0, 5.0, 2.0, 2.0, 2.0, 4.0, 4.0, 2.0, 2.0, 2.0, 2.0, 2.0, 2.0, 2.0, 1.0, 2.0, 4.0, 1.0, 2.0, 2.0, 2.0, 2.0, 1.0, 1.0, 2.0, 2.0, 2.0, 2.0, 2.0]

model 0 all preds
[[5.0, 2.0, 4.0, 4.0, 2.0, 0.0, 2.0, 2.0, 2.0, 1.0, 2.0, 2.0, 5.0, 5.0, 2.0, 2.0, 4.0, 4.0, 2.0, 2.0, 1.0, 2.0, 1.0, 2.0, 2.0, 2.0, 2.0, 2.0, 1.0, 2.0, 2.0, 2.0, 1.0, 1.0, 1.0, 2.0, 2.0, 2.0, 2.0, 2.0], [5.0, 2.0, 4.0, 2.0, 2.0, 4.0, 2.0, 0.0, 2.0, 2.0, 1.0, 2.0, 5.0, 2.0, 4.0, 2.0, 4.0, 4.0, 2.0, 2.0, 2.0, 2.0, 2.0, 2.0, 2.0, 1.0, 2.0, 4.0, 1.0, 2.0, 2.0, 2.0, 2.0, 1.0, 1.0, 2.0, 4.0, 2.0, 2.0, 2.0], [5.0, 5.0, 4.0, 4.0, 2.0, 4.0, 2.0, 2.0, 2.0, 1.0, 2.0, 2.0, 5.0, 4.0, 2.0, 2.0, 4.0, 4.0, 2.0, 2.0, 2.0, 2.0, 1.0, 2.0, 2.0, 2.0, 2.0, 4.0, 1.0, 2.0, 2.0, 2.0, 2.0, 1.0, 1.0, 2.0, 2.0, 2.0, 2.0, 2.0], [5.0, 2.0, 2.0, 2.0, 2.0, 4.0, 2.0, 0.0, 2.0, 1.0, 2.0, 2.0, 5.0, 4.0, 2.0, 2.0, 2.0, 4.0, 1.0, 2.0, 2.0, 2.0, 2.0, 2.0, 2.0, 1.0, 2.0, 4.0, 1.0, 2.0, 2.0, 2.0, 2.0, 1.0, 2.0, 2.0, 2.0, 2.0, 2.0, 2.0], [5.0, 2.0, 0.0, 2.0, 2.0, 2.0, 2.0, 2.0, 2.0, 1.0, 2.0, 2.0, 5.0, 2.0, 4.0, 2.0, 4.0, 4.0, 1.0, 2.0, 2.0, 2.0, 1.0, 2.0, 1.0, 2.0, 2.0, 4.0, 1.0, 4.0, 2.0, 2.0, 1.0, 2.0, 2.0, 2.0, 4.0, 2.0, 2.0, 2.0], [5.0, 4.0, 0.0, 2.0, 2.0, 2.0, 2.0, 4.0, 2.0, 1.0, 2.0, 2.0, 5.0, 2.0, 2.0, 2.0, 2.0, 2.0, 2.0, 2.0, 1.0, 2.0, 1.0, 2.0, 1.0, 2.0, 2.0, 4.0, 1.0, 5.0, 2.0, 2.0, 1.0, 1.0, 1.0, 2.0, 2.0, 2.0, 2.0, 2.0], [5.0, 5.0, 4.0, 2.0, 2.0, 4.0, 2.0, 2.0, 2.0, 1.0, 2.0, 2.0, 5.0, 4.0, 2.0, 2.0, 2.0, 4.0, 2.0, 2.0, 2.0, 2.0, 2.0, 2.0, 2.0, 1.0, 2.0, 4.0, 1.0, 5.0, 2.0, 2.0, 2.0, 1.0, 1.0, 2.0, 2.0, 2.0, 1.0, 2.0], [5.0, 2.0, 4.0, 4.0, 2.0, 4.0, 4.0, 0.0, 2.0, 1.0, 2.0, 2.0, 5.0, 2.0, 2.0, 2.0, 4.0, 4.0, 2.0, 2.0, 1.0, 2.0, 2.0, 2.0, 1.0, 2.0, 2.0, 4.0, 1.0, 4.0, 2.0, 2.0, 2.0, 1.0, 2.0, 2.0, 2.0, 2.0, 2.0, 2.0], [5.0, 2.0, 0.0, 2.0, 2.0, 4.0, 2.0, 4.0, 2.0, 2.0, 2.0, 2.0, 5.0, 2.0, 2.0, 2.0, 4.0, 4.0, 2.0, 2.0, 2.0, 2.0, 2.0, 2.0, 2.0, 1.0, 2.0, 4.0, 1.0, 4.0, 2.0, 2.0, 1.0, 2.0, 1.0, 2.0, 2.0, 2.0, 2.0, 2.0], [5.0, 2.0, 0.0, 4.0, 2.0, 4.0, 2.0, 0.0, 2.0, 1.0, 2.0, 2.0, 5.0, 4.0, 2.0, 2.0, 4.0, 4.0, 2.0, 2.0, 2.0, 2.0, 2.0, 2.0, 2.0, 1.0, 2.0, 4.0, 1.0, 5.0, 2.0, 2.0, 1.0, 1.0, 1.0, 2.0, 2.0, 2.0, 1.0, 2.0], [5.0, 5.0, 4.0, 4.0, 2.0, 4.0, 2.0, 2.0, 2.0, 1.0, 2.0, 2.0, 5.0, 4.0, 2.0, 2.0, 4.0, 4.0, 2.0, 2.0, 1.0, 2.0, 2.0, 2.0, 1.0, 1.0, 2.0, 4.0, 1.0, 4.0, 2.0, 2.0, 1.0, 0.0, 1.0, 2.0, 4.0, 2.0, 2.0, 2.0], [5.0, 2.0, 0.0, 2.0, 2.0, 4.0, 2.0, 2.0, 2.0, 2.0, 2.0, 2.0, 5.0, 2.0, 2.0, 2.0, 4.0, 4.0, 2.0, 2.0, 2.0, 2.0, 1.0, 2.0, 2.0, 1.0, 2.0, 4.0, 1.0, 2.0, 2.0, 2.0, 2.0, 1.0, 1.0, 2.0, 2.0, 2.0, 2.0, 2.0], [5.0, 2.0, 4.0, 2.0, 2.0, 4.0, 2.0, 0.0, 2.0, 1.0, 2.0, 2.0, 5.0, 5.0, 2.0, 2.0, 4.0, 4.0, 2.0, 2.0, 2.0, 2.0, 2.0, 2.0, 2.0, 1.0, 2.0, 4.0, 1.0, 4.0, 2.0, 2.0, 2.0, 1.0, 1.0, 2.0, 2.0, 2.0, 2.0, 2.0], [5.0, 5.0, 0.0, 2.0, 2.0, 4.0, 2.0, 2.0, 2.0, 1.0, 2.0, 2.0, 5.0, 5.0, 2.0, 2.0, 4.0, 2.0, 2.0, 2.0, 2.0, 2.0, 2.0, 2.0, 2.0, 1.0, 2.0, 4.0, 1.0, 2.0, 2.0, 2.0, 2.0, 1.0, 1.0, 2.0, 2.0, 2.0, 1.0, 2.0], [5.0, 4.0, 4.0, 2.0, 2.0, 4.0, 2.0, 4.0, 2.0, 1.0, 2.0, 2.0, 5.0, 2.0, 2.0, 2.0, 4.0, 4.0, 2.0, 2.0, 2.0, 2.0, 2.0, 2.0, 2.0, 1.0, 2.0, 4.0, 1.0, 2.0, 2.0, 2.0, 2.0, 1.0, 1.0, 2.0, 2.0, 2.0, 1.0, 2.0], [5.0, 2.0, 0.0, 2.0, 5.0, 4.0, 2.0, 2.0, 2.0, 1.0, 2.0, 2.0, 5.0, 2.0, 2.0, 4.0, 4.0, 2.0, 2.0, 2.0, 2.0, 2.0, 2.0, 2.0, 2.0, 2.0, 2.0, 4.0, 1.0, 2.0, 2.0, 2.0, 2.0, 1.0, 1.0, 2.0, 4.0, 2.0, 1.0, 2.0], [5.0, 5.0, 4.0, 2.0, 2.0, 4.0, 2.0, 2.0, 2.0, 1.0, 2.0, 2.0, 5.0, 2.0, 2.0, 2.0, 4.0, 2.0, 2.0, 2.0, 1.0, 2.0, 2.0, 2.0, 2.0, 1.0, 2.0, 2.0, 1.0, 4.0, 2.0, 2.0, 2.0, 1.0, 2.0, 2.0, 4.0, 2.0, 1.0, 2.0], [5.0, 5.0, 4.0, 4.0, 2.0, 4.0, 2.0, 2.0, 2.0, 2.0, 2.0, 2.0, 5.0, 4.0, 2.0, 2.0, 2.0, 4.0, 2.0, 2.0, 2.0, 2.0, 1.0, 2.0, 2.0, 1.0, 2.0, 4.0, 1.0, 2.0, 2.0, 2.0, 1.0, 1.0, 1.0, 2.0, 2.0, 2.0, 2.0, 2.0], [5.0, 4.0, 0.0, 2.0, 2.0, 4.0, 2.0, 2.0, 2.0, 1.0, 2.0, 2.0, 5.0, 2.0, 2.0, 2.0, 4.0, 4.0, 2.0, 2.0, 2.0, 2.0, 2.0, 2.0, 2.0, 1.0, 2.0, 4.0, 1.0, 2.0, 2.0, 2.0, 1.0, 2.0, 1.0, 2.0, 2.0, 2.0, 2.0, 2.0], [5.0, 5.0, 4.0, 2.0, 5.0, 4.0, 2.0, 4.0, 2.0, 2.0, 2.0, 2.0, 5.0, 2.0, 2.0, 2.0, 4.0, 4.0, 2.0, 2.0, 2.0, 2.0, 2.0, 2.0, 2.0, 2.0, 2.0, 4.0, 1.0, 2.0, 2.0, 2.0, 1.0, 1.0, 1.0, 2.0, 2.0, 2.0, 1.0, 2.0], [5.0, 2.0, 4.0, 2.0, 1.0, 4.0, 2.0, 2.0, 2.0, 1.0, 2.0, 2.0, 5.0, 4.0, 2.0, 2.0, 4.0, 2.0, 2.0, 2.0, 2.0, 2.0, 2.0, 2.0, 2.0, 1.0, 2.0, 4.0, 1.0, 2.0, 2.0, 2.0, 2.0, 1.0, 1.0, 2.0, 2.0, 2.0, 2.0, 2.0], [5.0, 2.0, 4.0, 2.0, 2.0, 2.0, 2.0, 2.0, 2.0, 1.0, 2.0, 2.0, 5.0, 2.0, 2.0, 2.0, 4.0, 4.0, 2.0, 2.0, 2.0, 2.0, 2.0, 2.0, 2.0, 2.0, 2.0, 4.0, 1.0, 2.0, 2.0, 2.0, 1.0, 1.0, 2.0, 2.0, 2.0, 2.0, 2.0, 2.0], [5.0, 2.0, 4.0, 2.0, 2.0, 4.0, 2.0, 2.0, 2.0, 1.0, 2.0, 2.0, 5.0, 2.0, 2.0, 2.0, 2.0, 4.0, 2.0, 2.0, 2.0, 2.0, 2.0, 2.0, 2.0, 2.0, 2.0, 4.0, 1.0, 4.0, 2.0, 2.0, 2.0, 1.0, 2.0, 2.0, 2.0, 2.0, 2.0, 2.0], [5.0, 4.0, 2.0, 5.0, 2.0, 4.0, 2.0, 2.0, 2.0, 1.0, 2.0, 2.0, 5.0, 2.0, 2.0, 2.0, 4.0, 4.0, 2.0, 2.0, 2.0, 2.0, 2.0, 2.0, 2.0, 1.0, 2.0, 4.0, 1.0, 2.0, 2.0, 2.0, 1.0, 1.0, 1.0, 2.0, 2.0, 2.0, 1.0, 2.0], [5.0, 2.0, 4.0, 4.0, 5.0, 2.0, 2.0, 4.0, 2.0, 2.0, 2.0, 2.0, 5.0, 4.0, 2.0, 2.0, 4.0, 4.0, 2.0, 2.0, 1.0, 2.0, 2.0, 2.0, 2.0, 2.0, 2.0, 4.0, 1.0, 4.0, 2.0, 2.0, 1.0, 1.0, 1.0, 2.0, 2.0, 2.0, 2.0, 4.0], [5.0, 2.0, 4.0, 2.0, 2.0, 4.0, 2.0, 4.0, 2.0, 1.0, 2.0, 2.0, 5.0, 2.0, 2.0, 2.0, 4.0, 4.0, 2.0, 2.0, 2.0, 2.0, 2.0, 2.0, 2.0, 1.0, 2.0, 4.0, 1.0, 2.0, 2.0, 2.0, 1.0, 1.0, 1.0, 2.0, 2.0, 2.0, 2.0, 2.0], [5.0, 2.0, 4.0, 4.0, 5.0, 4.0, 2.0, 2.0, 2.0, 2.0, 2.0, 2.0, 5.0, 5.0, 2.0, 2.0, 4.0, 4.0, 2.0, 2.0, 2.0, 2.0, 2.0, 2.0, 2.0, 1.0, 2.0, 4.0, 1.0, 2.0, 2.0, 2.0, 2.0, 1.0, 1.0, 2.0, 2.0, 2.0, 2.0, 4.0], [5.0, 2.0, 4.0, 4.0, 2.0, 4.0, 2.0, 2.0, 2.0, 1.0, 2.0, 2.0, 5.0, 2.0, 2.0, 2.0, 4.0, 4.0, 2.0, 2.0, 2.0, 2.0, 1.0, 2.0, 2.0, 1.0, 2.0, 4.0, 1.0, 2.0, 2.0, 2.0, 2.0, 1.0, 2.0, 2.0, 2.0, 2.0, 2.0, 2.0], [5.0, 2.0, 0.0, 4.0, 2.0, 4.0, 2.0, 2.0, 2.0, 1.0, 1.0, 2.0, 5.0, 2.0, 4.0, 2.0, 2.0, 2.0, 2.0, 2.0, 1.0, 2.0, 2.0, 2.0, 2.0, 1.0, 2.0, 4.0, 1.0, 4.0, 2.0, 2.0, 1.0, 1.0, 1.0, 2.0, 2.0, 2.0, 1.0, 2.0], [5.0, 2.0, 4.0, 4.0, 2.0, 4.0, 2.0, 2.0, 2.0, 1.0, 2.0, 2.0, 5.0, 2.0, 2.0, 2.0, 2.0, 2.0, 2.0, 2.0, 1.0, 2.0, 1.0, 2.0, 2.0, 1.0, 2.0, 4.0, 1.0, 4.0, 2.0, 2.0, 2.0, 1.0, 1.0, 2.0, 2.0, 2.0, 1.0, 2.0], [5.0, 2.0, 2.0, 2.0, 2.0, 4.0, 2.0, 4.0, 2.0, 1.0, 1.0, 2.0, 5.0, 4.0, 2.0, 2.0, 4.0, 4.0, 1.0, 2.0, 2.0, 2.0, 2.0, 2.0, 2.0, 1.0, 2.0, 4.0, 1.0, 2.0, 2.0, 2.0, 2.0, 1.0, 1.0, 2.0, 2.0, 2.0, 2.0, 2.0], [5.0, 4.0, 4.0, 2.0, 2.0, 4.0, 2.0, 4.0, 2.0, 1.0, 2.0, 2.0, 5.0, 4.0, 2.0, 2.0, 4.0, 4.0, 2.0, 2.0, 2.0, 2.0, 2.0, 2.0, 2.0, 2.0, 2.0, 4.0, 1.0, 2.0, 2.0, 2.0, 1.0, 1.0, 1.0, 2.0, 2.0, 2.0, 2.0, 2.0], [5.0, 5.0, 4.0, 4.0, 2.0, 2.0, 2.0, 4.0, 2.0, 2.0, 2.0, 2.0, 5.0, 2.0, 2.0, 2.0, 4.0, 4.0, 1.0, 2.0, 2.0, 2.0, 1.0, 2.0, 2.0, 1.0, 2.0, 4.0, 1.0, 2.0, 2.0, 2.0, 1.0, 1.0, 1.0, 2.0, 2.0, 2.0, 2.0, 2.0], [5.0, 2.0, 4.0, 2.0, 2.0, 4.0, 2.0, 2.0, 2.0, 1.0, 2.0, 2.0, 5.0, 2.0, 2.0, 2.0, 4.0, 4.0, 1.0, 2.0, 2.0, 2.0, 2.0, 2.0, 2.0, 1.0, 2.0, 4.0, 1.0, 4.0, 2.0, 2.0, 1.0, 1.0, 1.0, 2.0, 4.0, 2.0, 2.0, 2.0], [5.0, 5.0, 4.0, 4.0, 2.0, 4.0, 2.0, 2.0, 2.0, 2.0, 2.0, 2.0, 5.0, 2.0, 2.0, 2.0, 4.0, 2.0, 1.0, 2.0, 2.0, 0.0, 2.0, 2.0, 2.0, 2.0, 2.0, 4.0, 1.0, 5.0, 2.0, 2.0, 2.0, 1.0, 1.0, 2.0, 2.0, 2.0, 2.0, 2.0], [5.0, 5.0, 4.0, 2.0, 2.0, 4.0, 2.0, 2.0, 2.0, 2.0, 2.0, 2.0, 5.0, 2.0, 2.0, 2.0, 4.0, 4.0, 1.0, 2.0, 2.0, 2.0, 2.0, 2.0, 2.0, 1.0, 2.0, 4.0, 1.0, 2.0, 2.0, 2.0, 2.0, 1.0, 1.0, 2.0, 2.0, 2.0, 1.0, 2.0], [5.0, 4.0, 4.0, 4.0, 2.0, 4.0, 2.0, 5.0, 2.0, 1.0, 2.0, 2.0, 5.0, 5.0, 2.0, 2.0, 4.0, 4.0, 2.0, 2.0, 2.0, 2.0, 1.0, 2.0, 2.0, 1.0, 2.0, 4.0, 1.0, 2.0, 2.0, 2.0, 2.0, 1.0, 1.0, 2.0, 2.0, 2.0, 2.0, 2.0], [5.0, 2.0, 4.0, 4.0, 3.0, 4.0, 2.0, 2.0, 2.0, 2.0, 2.0, 2.0, 5.0, 2.0, 2.0, 2.0, 4.0, 4.0, 2.0, 2.0, 2.0, 0.0, 2.0, 2.0, 2.0, 2.0, 2.0, 4.0, 1.0, 2.0, 2.0, 2.0, 2.0, 1.0, 1.0, 2.0, 4.0, 2.0, 1.0, 2.0], [5.0, 2.0, 4.0, 4.0, 2.0, 2.0, 2.0, 2.0, 2.0, 2.0, 1.0, 2.0, 5.0, 2.0, 2.0, 2.0, 2.0, 2.0, 2.0, 2.0, 2.0, 2.0, 2.0, 2.0, 2.0, 2.0, 2.0, 4.0, 1.0, 4.0, 2.0, 2.0, 2.0, 1.0, 2.0, 2.0, 4.0, 2.0, 2.0, 2.0], [5.0, 2.0, 2.0, 4.0, 2.0, 4.0, 2.0, 2.0, 2.0, 2.0, 2.0, 2.0, 5.0, 2.0, 2.0, 2.0, 4.0, 4.0, 2.0, 2.0, 2.0, 2.0, 2.0, 2.0, 2.0, 2.0, 2.0, 4.0, 1.0, 2.0, 2.0, 2.0, 1.0, 1.0, 1.0, 2.0, 2.0, 2.0, 1.0, 2.0], [5.0, 2.0, 4.0, 2.0, 5.0, 2.0, 2.0, 2.0, 2.0, 2.0, 2.0, 2.0, 5.0, 4.0, 2.0, 2.0, 4.0, 4.0, 2.0, 2.0, 2.0, 2.0, 1.0, 2.0, 2.0, 1.0, 2.0, 4.0, 1.0, 2.0, 2.0, 2.0, 2.0, 1.0, 2.0, 2.0, 2.0, 2.0, 1.0, 2.0], [5.0, 2.0, 4.0, 2.0, 2.0, 4.0, 2.0, 2.0, 2.0, 1.0, 2.0, 2.0, 5.0, 2.0, 2.0, 2.0, 4.0, 4.0, 2.0, 4.0, 1.0, 2.0, 2.0, 2.0, 2.0, 1.0, 2.0, 4.0, 1.0, 2.0, 2.0, 2.0, 2.0, 1.0, 2.0, 2.0, 2.0, 2.0, 1.0, 2.0], [5.0, 2.0, 4.0, 4.0, 2.0, 4.0, 2.0, 2.0, 2.0, 1.0, 2.0, 2.0, 5.0, 2.0, 2.0, 4.0, 2.0, 4.0, 1.0, 2.0, 1.0, 2.0, 2.0, 2.0, 2.0, 1.0, 2.0, 2.0, 1.0, 2.0, 2.0, 2.0, 1.0, 1.0, 1.0, 2.0, 4.0, 2.0, 2.0, 2.0], [5.0, 2.0, 0.0, 4.0, 2.0, 4.0, 2.0, 4.0, 2.0, 1.0, 2.0, 2.0, 5.0, 4.0, 4.0, 2.0, 4.0, 4.0, 2.0, 2.0, 2.0, 2.0, 2.0, 2.0, 1.0, 1.0, 2.0, 4.0, 1.0, 2.0, 2.0, 2.0, 1.0, 1.0, 1.0, 2.0, 2.0, 2.0, 2.0, 4.0], [5.0, 2.0, 4.0, 1.0, 2.0, 2.0, 2.0, 2.0, 2.0, 1.0, 2.0, 4.0, 5.0, 5.0, 2.0, 2.0, 2.0, 4.0, 2.0, 2.0, 2.0, 2.0, 1.0, 2.0, 2.0, 1.0, 2.0, 4.0, 1.0, 4.0, 2.0, 2.0, 1.0, 1.0, 1.0, 2.0, 2.0, 2.0, 2.0, 2.0], [5.0, 2.0, 0.0, 5.0, 2.0, 2.0, 2.0, 2.0, 2.0, 1.0, 1.0, 4.0, 5.0, 4.0, 2.0, 2.0, 4.0, 2.0, 2.0, 2.0, 2.0, 2.0, 2.0, 2.0, 2.0, 0.0, 2.0, 4.0, 1.0, 2.0, 2.0, 2.0, 1.0, 1.0, 1.0, 2.0, 2.0, 2.0, 2.0, 2.0], [5.0, 2.0, 4.0, 4.0, 2.0, 4.0, 2.0, 2.0, 2.0, 1.0, 2.0, 2.0, 5.0, 2.0, 2.0, 2.0, 4.0, 4.0, 1.0, 2.0, 2.0, 2.0, 2.0, 2.0, 2.0, 2.0, 2.0, 4.0, 1.0, 2.0, 2.0, 2.0, 2.0, 1.0, 2.0, 2.0, 2.0, 2.0, 1.0, 2.0], [5.0, 2.0, 4.0, 4.0, 2.0, 4.0, 2.0, 2.0, 2.0, 1.0, 2.0, 2.0, 5.0, 4.0, 2.0, 2.0, 4.0, 4.0, 2.0, 2.0, 2.0, 2.0, 2.0, 2.0, 2.0, 1.0, 2.0, 2.0, 1.0, 4.0, 2.0, 2.0, 2.0, 1.0, 1.0, 2.0, 2.0, 2.0, 1.0, 2.0], [5.0, 2.0, 0.0, 2.0, 2.0, 4.0, 2.0, 2.0, 2.0, 2.0, 2.0, 2.0, 5.0, 4.0, 2.0, 2.0, 2.0, 2.0, 2.0, 2.0, 2.0, 2.0, 1.0, 2.0, 2.0, 1.0, 2.0, 4.0, 1.0, 2.0, 2.0, 2.0, 2.0, 1.0, 1.0, 2.0, 2.0, 2.0, 1.0, 2.0], [5.0, 2.0, 4.0, 4.0, 2.0, 4.0, 2.0, 2.0, 2.0, 1.0, 2.0, 2.0, 5.0, 4.0, 2.0, 2.0, 4.0, 4.0, 2.0, 2.0, 2.0, 2.0, 2.0, 2.0, 2.0, 2.0, 2.0, 4.0, 1.0, 4.0, 2.0, 2.0, 1.0, 1.0, 1.0, 2.0, 2.0, 2.0, 2.0, 2.0]]

first layer check: Conv2d(9, 64, kernel_size=(7, 7), stride=(2, 2), padding=(3, 3), bias=False)

for model 1: mode acc: 0.22499999403953552, run mean acc: 0.26249998807907104, top-2 acc:0.5012500286102295, mode f1: 0.22499999403953552

model 1 mode preds
[5.0, 4.0, 4.0, 4.0, 3.0, 4.0, 0.0, 4.0, 2.0, 3.0, 2.0, 3.0, 5.0, 4.0, 4.0, 4.0, 4.0, 4.0, 4.0, 4.0, 3.0, 3.0, 2.0, 2.0, 2.0, 3.0, 2.0, 2.0, 1.0, 4.0, 3.0, 4.0, 3.0, 2.0, 2.0, 2.0, 2.0, 1.0, 3.0, 3.0]

model 1 all preds
[[5.0, 5.0, 4.0, 3.0, 3.0, 4.0, 3.0, 2.0, 3.0, 1.0, 2.0, 3.0, 5.0, 5.0, 4.0, 5.0, 4.0, 4.0, 4.0, 2.0, 3.0, 3.0, 2.0, 2.0, 2.0, 3.0, 2.0, 4.0, 1.0, 4.0, 2.0, 2.0, 2.0, 3.0, 2.0, 2.0, 4.0, 3.0, 3.0, 3.0], [5.0, 3.0, 4.0, 5.0, 3.0, 4.0, 3.0, 4.0, 2.0, 3.0, 2.0, 2.0, 5.0, 4.0, 4.0, 4.0, 4.0, 4.0, 4.0, 4.0, 3.0, 4.0, 2.0, 2.0, 3.0, 3.0, 1.0, 4.0, 1.0, 2.0, 3.0, 4.0, 3.0, 2.0, 2.0, 2.0, 4.0, 1.0, 3.0, 3.0], [5.0, 3.0, 4.0, 5.0, 3.0, 4.0, 3.0, 4.0, 2.0, 1.0, 2.0, 3.0, 5.0, 4.0, 4.0, 4.0, 4.0, 4.0, 4.0, 4.0, 3.0, 3.0, 2.0, 2.0, 2.0, 3.0, 2.0, 2.0, 1.0, 4.0, 3.0, 4.0, 3.0, 2.0, 2.0, 2.0, 4.0, 3.0, 3.0, 3.0], [5.0, 3.0, 4.0, 2.0, 3.0, 4.0, 5.0, 5.0, 2.0, 1.0, 2.0, 5.0, 5.0, 4.0, 4.0, 4.0, 4.0, 2.0, 4.0, 2.0, 3.0, 3.0, 2.0, 2.0, 2.0, 3.0, 3.0, 2.0, 1.0, 2.0, 3.0, 4.0, 3.0, 2.0, 2.0, 2.0, 2.0, 1.0, 3.0, 3.0], [5.0, 4.0, 4.0, 5.0, 2.0, 4.0, 2.0, 4.0, 2.0, 0.0, 2.0, 3.0, 5.0, 4.0, 4.0, 4.0, 4.0, 4.0, 4.0, 4.0, 3.0, 3.0, 2.0, 2.0, 3.0, 2.0, 2.0, 4.0, 1.0, 2.0, 3.0, 4.0, 3.0, 3.0, 2.0, 2.0, 5.0, 1.0, 3.0, 3.0], [5.0, 5.0, 5.0, 4.0, 3.0, 4.0, 4.0, 4.0, 2.0, 1.0, 2.0, 5.0, 5.0, 4.0, 4.0, 4.0, 4.0, 4.0, 4.0, 4.0, 1.0, 3.0, 2.0, 2.0, 2.0, 3.0, 2.0, 4.0, 1.0, 2.0, 3.0, 4.0, 3.0, 2.0, 2.0, 2.0, 4.0, 1.0, 3.0, 3.0], [5.0, 5.0, 4.0, 4.0, 3.0, 4.0, 0.0, 4.0, 3.0, 3.0, 2.0, 2.0, 5.0, 4.0, 4.0, 4.0, 4.0, 4.0, 4.0, 4.0, 1.0, 3.0, 2.0, 2.0, 3.0, 3.0, 2.0, 4.0, 1.0, 4.0, 3.0, 4.0, 3.0, 2.0, 2.0, 2.0, 4.0, 1.0, 3.0, 3.0], [5.0, 4.0, 5.0, 4.0, 3.0, 4.0, 0.0, 4.0, 2.0, 1.0, 2.0, 3.0, 5.0, 5.0, 4.0, 4.0, 4.0, 4.0, 4.0, 2.0, 1.0, 3.0, 2.0, 2.0, 2.0, 3.0, 2.0, 2.0, 1.0, 2.0, 3.0, 5.0, 3.0, 2.0, 2.0, 2.0, 4.0, 1.0, 2.0, 3.0], [5.0, 4.0, 4.0, 4.0, 3.0, 4.0, 0.0, 4.0, 2.0, 1.0, 2.0, 3.0, 5.0, 4.0, 4.0, 4.0, 4.0, 4.0, 4.0, 4.0, 3.0, 3.0, 2.0, 2.0, 3.0, 3.0, 2.0, 2.0, 1.0, 5.0, 3.0, 4.0, 3.0, 3.0, 2.0, 2.0, 2.0, 1.0, 2.0, 3.0], [5.0, 4.0, 4.0, 4.0, 3.0, 4.0, 0.0, 5.0, 2.0, 3.0, 2.0, 3.0, 5.0, 4.0, 4.0, 4.0, 4.0, 5.0, 4.0, 4.0, 3.0, 3.0, 3.0, 2.0, 2.0, 3.0, 3.0, 2.0, 1.0, 5.0, 3.0, 2.0, 3.0, 2.0, 2.0, 2.0, 5.0, 1.0, 3.0, 4.0], [5.0, 4.0, 4.0, 4.0, 3.0, 4.0, 4.0, 2.0, 3.0, 3.0, 2.0, 2.0, 5.0, 2.0, 4.0, 4.0, 4.0, 4.0, 4.0, 4.0, 3.0, 3.0, 2.0, 2.0, 2.0, 3.0, 2.0, 4.0, 1.0, 4.0, 3.0, 4.0, 3.0, 1.0, 2.0, 2.0, 2.0, 1.0, 2.0, 3.0], [5.0, 2.0, 4.0, 4.0, 5.0, 4.0, 0.0, 5.0, 2.0, 1.0, 2.0, 5.0, 5.0, 4.0, 4.0, 4.0, 4.0, 4.0, 4.0, 4.0, 3.0, 3.0, 3.0, 2.0, 3.0, 3.0, 2.0, 2.0, 3.0, 4.0, 3.0, 4.0, 2.0, 2.0, 2.0, 2.0, 2.0, 1.0, 3.0, 3.0], [5.0, 5.0, 4.0, 4.0, 3.0, 4.0, 0.0, 5.0, 2.0, 1.0, 2.0, 3.0, 5.0, 4.0, 4.0, 4.0, 4.0, 4.0, 4.0, 2.0, 3.0, 4.0, 2.0, 2.0, 2.0, 3.0, 2.0, 2.0, 1.0, 3.0, 2.0, 4.0, 3.0, 2.0, 2.0, 2.0, 4.0, 3.0, 3.0, 3.0], [5.0, 2.0, 4.0, 2.0, 2.0, 4.0, 4.0, 5.0, 2.0, 3.0, 2.0, 4.0, 5.0, 3.0, 4.0, 4.0, 5.0, 4.0, 4.0, 4.0, 1.0, 3.0, 2.0, 2.0, 2.0, 3.0, 3.0, 2.0, 3.0, 2.0, 2.0, 2.0, 2.0, 1.0, 2.0, 2.0, 2.0, 1.0, 3.0, 3.0], [5.0, 5.0, 4.0, 4.0, 3.0, 4.0, 3.0, 4.0, 2.0, 3.0, 2.0, 5.0, 5.0, 2.0, 4.0, 4.0, 4.0, 5.0, 4.0, 4.0, 3.0, 3.0, 2.0, 2.0, 2.0, 3.0, 2.0, 2.0, 1.0, 2.0, 3.0, 4.0, 2.0, 3.0, 2.0, 2.0, 2.0, 1.0, 3.0, 3.0], [5.0, 4.0, 4.0, 4.0, 3.0, 4.0, 3.0, 5.0, 2.0, 1.0, 2.0, 5.0, 5.0, 5.0, 4.0, 5.0, 4.0, 4.0, 4.0, 4.0, 3.0, 4.0, 2.0, 3.0, 3.0, 3.0, 2.0, 2.0, 1.0, 2.0, 2.0, 4.0, 3.0, 2.0, 2.0, 2.0, 2.0, 1.0, 3.0, 3.0], [5.0, 3.0, 2.0, 5.0, 2.0, 4.0, 4.0, 5.0, 2.0, 1.0, 2.0, 2.0, 5.0, 4.0, 4.0, 4.0, 4.0, 5.0, 4.0, 4.0, 3.0, 3.0, 3.0, 2.0, 3.0, 3.0, 1.0, 4.0, 1.0, 4.0, 3.0, 4.0, 3.0, 0.0, 2.0, 2.0, 2.0, 1.0, 3.0, 4.0], [5.0, 2.0, 4.0, 4.0, 4.0, 4.0, 4.0, 4.0, 2.0, 1.0, 2.0, 3.0, 5.0, 2.0, 4.0, 4.0, 5.0, 4.0, 4.0, 4.0, 3.0, 3.0, 2.0, 2.0, 2.0, 3.0, 2.0, 4.0, 1.0, 4.0, 2.0, 4.0, 3.0, 3.0, 2.0, 2.0, 5.0, 1.0, 3.0, 3.0], [5.0, 2.0, 4.0, 2.0, 3.0, 4.0, 3.0, 4.0, 2.0, 3.0, 2.0, 2.0, 5.0, 4.0, 4.0, 5.0, 4.0, 4.0, 4.0, 2.0, 3.0, 3.0, 2.0, 3.0, 2.0, 3.0, 1.0, 4.0, 1.0, 4.0, 3.0, 4.0, 3.0, 2.0, 2.0, 2.0, 4.0, 1.0, 3.0, 3.0], [5.0, 3.0, 2.0, 5.0, 3.0, 4.0, 4.0, 4.0, 2.0, 3.0, 2.0, 5.0, 5.0, 3.0, 4.0, 5.0, 4.0, 4.0, 5.0, 4.0, 3.0, 3.0, 4.0, 2.0, 2.0, 3.0, 2.0, 2.0, 1.0, 2.0, 2.0, 4.0, 3.0, 2.0, 2.0, 2.0, 4.0, 1.0, 3.0, 3.0], [5.0, 4.0, 4.0, 4.0, 3.0, 4.0, 3.0, 2.0, 2.0, 3.0, 2.0, 3.0, 5.0, 4.0, 4.0, 4.0, 4.0, 4.0, 4.0, 2.0, 3.0, 3.0, 2.0, 2.0, 2.0, 3.0, 2.0, 2.0, 1.0, 4.0, 3.0, 4.0, 3.0, 2.0, 2.0, 2.0, 3.0, 3.0, 3.0, 3.0], [5.0, 5.0, 4.0, 5.0, 3.0, 4.0, 0.0, 4.0, 2.0, 3.0, 2.0, 5.0, 5.0, 4.0, 4.0, 4.0, 4.0, 4.0, 4.0, 4.0, 3.0, 4.0, 3.0, 2.0, 2.0, 3.0, 2.0, 4.0, 1.0, 2.0, 3.0, 4.0, 3.0, 2.0, 2.0, 2.0, 2.0, 3.0, 3.0, 3.0], [5.0, 4.0, 4.0, 4.0, 3.0, 4.0, 0.0, 5.0, 2.0, 3.0, 2.0, 5.0, 5.0, 4.0, 4.0, 4.0, 4.0, 5.0, 4.0, 2.0, 1.0, 3.0, 3.0, 2.0, 3.0, 1.0, 3.0, 2.0, 1.0, 2.0, 3.0, 4.0, 2.0, 3.0, 2.0, 2.0, 2.0, 1.0, 2.0, 3.0], [5.0, 4.0, 4.0, 2.0, 3.0, 4.0, 0.0, 5.0, 3.0, 3.0, 2.0, 5.0, 5.0, 4.0, 4.0, 4.0, 4.0, 4.0, 4.0, 4.0, 3.0, 3.0, 3.0, 2.0, 2.0, 2.0, 2.0, 2.0, 1.0, 4.0, 2.0, 4.0, 3.0, 2.0, 2.0, 2.0, 2.0, 3.0, 3.0, 3.0], [5.0, 4.0, 5.0, 2.0, 3.0, 4.0, 4.0, 5.0, 2.0, 3.0, 2.0, 2.0, 5.0, 4.0, 4.0, 4.0, 4.0, 3.0, 4.0, 2.0, 3.0, 4.0, 2.0, 2.0, 2.0, 3.0, 3.0, 2.0, 1.0, 2.0, 2.0, 4.0, 3.0, 2.0, 2.0, 2.0, 4.0, 3.0, 3.0, 3.0], [5.0, 4.0, 2.0, 4.0, 2.0, 4.0, 0.0, 4.0, 2.0, 3.0, 2.0, 5.0, 5.0, 4.0, 4.0, 5.0, 4.0, 4.0, 5.0, 4.0, 3.0, 3.0, 3.0, 2.0, 2.0, 3.0, 2.0, 4.0, 1.0, 4.0, 3.0, 4.0, 3.0, 1.0, 2.0, 2.0, 2.0, 1.0, 2.0, 3.0], [5.0, 3.0, 4.0, 4.0, 2.0, 4.0, 4.0, 5.0, 2.0, 1.0, 2.0, 2.0, 5.0, 5.0, 4.0, 4.0, 4.0, 4.0, 4.0, 4.0, 3.0, 3.0, 2.0, 2.0, 2.0, 3.0, 1.0, 2.0, 1.0, 3.0, 3.0, 2.0, 3.0, 1.0, 2.0, 2.0, 4.0, 1.0, 2.0, 3.0], [5.0, 2.0, 2.0, 5.0, 3.0, 4.0, 5.0, 4.0, 2.0, 1.0, 2.0, 2.0, 5.0, 4.0, 4.0, 4.0, 4.0, 4.0, 4.0, 4.0, 3.0, 3.0, 2.0, 2.0, 3.0, 3.0, 3.0, 4.0, 1.0, 4.0, 3.0, 4.0, 2.0, 2.0, 2.0, 2.0, 4.0, 1.0, 3.0, 3.0], [5.0, 5.0, 2.0, 5.0, 5.0, 4.0, 4.0, 4.0, 2.0, 3.0, 2.0, 5.0, 5.0, 5.0, 4.0, 4.0, 4.0, 5.0, 4.0, 2.0, 3.0, 3.0, 2.0, 2.0, 2.0, 3.0, 2.0, 3.0, 1.0, 2.0, 3.0, 4.0, 1.0, 2.0, 2.0, 3.0, 4.0, 1.0, 3.0, 3.0], [5.0, 3.0, 4.0, 4.0, 3.0, 4.0, 0.0, 5.0, 2.0, 3.0, 2.0, 2.0, 5.0, 5.0, 4.0, 4.0, 4.0, 4.0, 4.0, 2.0, 3.0, 3.0, 2.0, 3.0, 2.0, 3.0, 3.0, 2.0, 1.0, 4.0, 3.0, 4.0, 3.0, 3.0, 2.0, 2.0, 2.0, 1.0, 3.0, 3.0], [5.0, 4.0, 4.0, 2.0, 3.0, 4.0, 4.0, 5.0, 2.0, 3.0, 2.0, 3.0, 5.0, 4.0, 4.0, 4.0, 4.0, 4.0, 4.0, 2.0, 3.0, 3.0, 2.0, 2.0, 2.0, 2.0, 2.0, 4.0, 1.0, 2.0, 3.0, 4.0, 3.0, 3.0, 2.0, 2.0, 2.0, 1.0, 3.0, 3.0], [5.0, 2.0, 2.0, 4.0, 3.0, 4.0, 4.0, 4.0, 2.0, 3.0, 2.0, 2.0, 5.0, 4.0, 4.0, 4.0, 4.0, 5.0, 4.0, 2.0, 3.0, 3.0, 2.0, 2.0, 2.0, 3.0, 3.0, 2.0, 1.0, 4.0, 3.0, 4.0, 3.0, 2.0, 2.0, 2.0, 2.0, 1.0, 3.0, 3.0], [5.0, 4.0, 2.0, 4.0, 3.0, 4.0, 4.0, 4.0, 2.0, 3.0, 2.0, 5.0, 5.0, 5.0, 4.0, 4.0, 4.0, 4.0, 4.0, 4.0, 2.0, 3.0, 1.0, 2.0, 2.0, 3.0, 2.0, 4.0, 1.0, 2.0, 3.0, 4.0, 3.0, 2.0, 2.0, 2.0, 2.0, 1.0, 3.0, 3.0], [5.0, 3.0, 2.0, 4.0, 3.0, 5.0, 4.0, 5.0, 2.0, 3.0, 2.0, 3.0, 5.0, 2.0, 4.0, 4.0, 4.0, 2.0, 4.0, 4.0, 3.0, 3.0, 2.0, 2.0, 3.0, 3.0, 2.0, 2.0, 1.0, 4.0, 3.0, 4.0, 3.0, 1.0, 2.0, 2.0, 4.0, 1.0, 3.0, 3.0], [5.0, 4.0, 4.0, 5.0, 3.0, 4.0, 0.0, 5.0, 2.0, 3.0, 2.0, 3.0, 5.0, 2.0, 4.0, 4.0, 4.0, 4.0, 4.0, 4.0, 3.0, 3.0, 2.0, 2.0, 3.0, 3.0, 2.0, 4.0, 3.0, 4.0, 2.0, 4.0, 1.0, 2.0, 2.0, 2.0, 4.0, 1.0, 3.0, 3.0], [5.0, 5.0, 4.0, 4.0, 3.0, 4.0, 3.0, 5.0, 2.0, 3.0, 2.0, 3.0, 5.0, 4.0, 4.0, 4.0, 5.0, 5.0, 4.0, 4.0, 1.0, 3.0, 2.0, 2.0, 2.0, 3.0, 2.0, 2.0, 1.0, 4.0, 3.0, 5.0, 3.0, 3.0, 2.0, 2.0, 2.0, 1.0, 2.0, 3.0], [5.0, 2.0, 2.0, 4.0, 3.0, 4.0, 4.0, 4.0, 2.0, 3.0, 2.0, 5.0, 5.0, 4.0, 4.0, 4.0, 4.0, 4.0, 4.0, 2.0, 3.0, 4.0, 2.0, 2.0, 2.0, 3.0, 2.0, 4.0, 1.0, 4.0, 3.0, 2.0, 2.0, 2.0, 2.0, 2.0, 2.0, 1.0, 3.0, 3.0], [5.0, 3.0, 5.0, 4.0, 3.0, 4.0, 4.0, 4.0, 2.0, 1.0, 2.0, 3.0, 5.0, 4.0, 4.0, 4.0, 4.0, 4.0, 4.0, 4.0, 3.0, 3.0, 1.0, 2.0, 3.0, 3.0, 2.0, 2.0, 1.0, 4.0, 2.0, 2.0, 2.0, 2.0, 2.0, 2.0, 4.0, 1.0, 3.0, 3.0], [5.0, 4.0, 4.0, 3.0, 3.0, 4.0, 0.0, 5.0, 2.0, 1.0, 2.0, 5.0, 5.0, 3.0, 4.0, 4.0, 4.0, 4.0, 4.0, 2.0, 3.0, 3.0, 3.0, 2.0, 2.0, 3.0, 2.0, 2.0, 1.0, 2.0, 1.0, 4.0, 3.0, 3.0, 2.0, 2.0, 4.0, 3.0, 3.0, 3.0], [5.0, 5.0, 4.0, 4.0, 3.0, 4.0, 0.0, 4.0, 2.0, 3.0, 2.0, 5.0, 5.0, 3.0, 4.0, 4.0, 4.0, 4.0, 4.0, 4.0, 1.0, 4.0, 2.0, 3.0, 2.0, 3.0, 2.0, 2.0, 1.0, 2.0, 3.0, 4.0, 3.0, 1.0, 2.0, 2.0, 5.0, 1.0, 3.0, 3.0], [5.0, 4.0, 4.0, 4.0, 3.0, 4.0, 3.0, 4.0, 2.0, 3.0, 2.0, 2.0, 5.0, 4.0, 4.0, 4.0, 5.0, 4.0, 4.0, 4.0, 3.0, 3.0, 3.0, 2.0, 2.0, 3.0, 2.0, 2.0, 1.0, 4.0, 2.0, 4.0, 2.0, 2.0, 2.0, 2.0, 4.0, 3.0, 2.0, 3.0], [5.0, 4.0, 4.0, 4.0, 3.0, 4.0, 0.0, 4.0, 2.0, 3.0, 2.0, 3.0, 5.0, 4.0, 4.0, 4.0, 4.0, 4.0, 5.0, 4.0, 3.0, 3.0, 2.0, 2.0, 2.0, 0.0, 1.0, 4.0, 3.0, 2.0, 3.0, 4.0, 2.0, 2.0, 2.0, 2.0, 2.0, 1.0, 3.0, 3.0], [5.0, 4.0, 4.0, 4.0, 3.0, 4.0, 0.0, 4.0, 2.0, 1.0, 2.0, 3.0, 5.0, 3.0, 4.0, 5.0, 4.0, 4.0, 4.0, 4.0, 3.0, 3.0, 2.0, 2.0, 2.0, 3.0, 3.0, 4.0, 1.0, 4.0, 3.0, 5.0, 3.0, 1.0, 2.0, 2.0, 4.0, 1.0, 3.0, 3.0], [5.0, 3.0, 4.0, 5.0, 2.0, 4.0, 4.0, 4.0, 2.0, 3.0, 2.0, 3.0, 5.0, 5.0, 4.0, 4.0, 4.0, 4.0, 4.0, 4.0, 1.0, 3.0, 3.0, 3.0, 3.0, 0.0, 2.0, 2.0, 1.0, 2.0, 3.0, 2.0, 2.0, 2.0, 2.0, 2.0, 4.0, 1.0, 3.0, 3.0], [5.0, 3.0, 5.0, 5.0, 3.0, 4.0, 0.0, 5.0, 2.0, 3.0, 2.0, 2.0, 5.0, 2.0, 4.0, 5.0, 5.0, 4.0, 2.0, 2.0, 3.0, 3.0, 2.0, 3.0, 2.0, 3.0, 1.0, 2.0, 1.0, 4.0, 3.0, 4.0, 3.0, 3.0, 2.0, 2.0, 2.0, 1.0, 3.0, 3.0], [5.0, 2.0, 4.0, 4.0, 3.0, 4.0, 3.0, 2.0, 2.0, 3.0, 2.0, 2.0, 5.0, 4.0, 4.0, 4.0, 4.0, 4.0, 4.0, 2.0, 3.0, 3.0, 3.0, 2.0, 2.0, 3.0, 2.0, 4.0, 3.0, 4.0, 3.0, 4.0, 3.0, 3.0, 2.0, 2.0, 2.0, 1.0, 3.0, 3.0], [5.0, 3.0, 5.0, 4.0, 3.0, 4.0, 4.0, 5.0, 2.0, 3.0, 2.0, 2.0, 5.0, 5.0, 4.0, 4.0, 4.0, 4.0, 4.0, 2.0, 3.0, 3.0, 2.0, 2.0, 2.0, 3.0, 2.0, 2.0, 1.0, 4.0, 3.0, 4.0, 3.0, 3.0, 2.0, 2.0, 2.0, 1.0, 3.0, 3.0], [5.0, 2.0, 5.0, 3.0, 3.0, 4.0, 0.0, 4.0, 2.0, 3.0, 2.0, 3.0, 5.0, 5.0, 4.0, 5.0, 4.0, 4.0, 4.0, 4.0, 3.0, 3.0, 2.0, 2.0, 2.0, 3.0, 2.0, 4.0, 1.0, 4.0, 2.0, 2.0, 3.0, 3.0, 2.0, 2.0, 4.0, 1.0, 3.0, 3.0], [5.0, 4.0, 4.0, 3.0, 3.0, 4.0, 0.0, 4.0, 2.0, 3.0, 2.0, 4.0, 5.0, 2.0, 4.0, 4.0, 4.0, 4.0, 4.0, 2.0, 3.0, 3.0, 2.0, 2.0, 2.0, 3.0, 3.0, 4.0, 1.0, 5.0, 3.0, 4.0, 2.0, 3.0, 2.0, 2.0, 5.0, 1.0, 2.0, 3.0], [5.0, 4.0, 2.0, 2.0, 3.0, 4.0, 0.0, 5.0, 2.0, 3.0, 2.0, 2.0, 5.0, 3.0, 4.0, 4.0, 4.0, 4.0, 4.0, 4.0, 3.0, 3.0, 2.0, 2.0, 2.0, 2.0, 2.0, 4.0, 1.0, 2.0, 2.0, 4.0, 3.0, 3.0, 2.0, 2.0, 4.0, 3.0, 3.0, 3.0]]

first layer check: Conv2d(9, 64, kernel_size=(7, 7), stride=(2, 2), padding=(3, 3), bias=False)

for model 2: mode acc: 0.5249999761581421, run mean acc: 0.5745833516120911, top-2 acc:0.7929167151451111, mode f1: 0.5249999761581421

model 2 mode preds
[5.0, 2.0, 2.0, 2.0, 2.0, 4.0, 2.0, 2.0, 2.0, 1.0, 1.0, 2.0, 5.0, 4.0, 2.0, 2.0, 4.0, 2.0, 2.0, 2.0, 1.0, 1.0, 1.0, 2.0, 2.0, 1.0, 1.0, 4.0, 1.0, 2.0, 2.0, 2.0, 1.0, 1.0, 1.0, 2.0, 4.0, 1.0, 1.0, 2.0]

model 2 all preds
[[5.0, 1.0, 2.0, 2.0, 1.0, 4.0, 2.0, 2.0, 2.0, 1.0, 1.0, 2.0, 5.0, 4.0, 2.0, 2.0, 4.0, 2.0, 2.0, 2.0, 1.0, 1.0, 1.0, 2.0, 1.0, 1.0, 1.0, 4.0, 1.0, 2.0, 1.0, 2.0, 1.0, 1.0, 1.0, 2.0, 4.0, 1.0, 1.0, 2.0], [5.0, 1.0, 2.0, 2.0, 2.0, 4.0, 2.0, 2.0, 2.0, 1.0, 1.0, 2.0, 5.0, 2.0, 4.0, 2.0, 2.0, 2.0, 2.0, 2.0, 1.0, 2.0, 1.0, 2.0, 1.0, 1.0, 1.0, 4.0, 1.0, 2.0, 1.0, 4.0, 1.0, 1.0, 1.0, 4.0, 2.0, 1.0, 1.0, 2.0], [5.0, 1.0, 2.0, 2.0, 2.0, 4.0, 2.0, 2.0, 2.0, 1.0, 1.0, 2.0, 5.0, 4.0, 2.0, 2.0, 2.0, 2.0, 2.0, 2.0, 1.0, 1.0, 1.0, 2.0, 1.0, 1.0, 1.0, 4.0, 1.0, 2.0, 1.0, 4.0, 2.0, 1.0, 1.0, 2.0, 2.0, 1.0, 1.0, 2.0], [5.0, 2.0, 4.0, 4.0, 1.0, 2.0, 2.0, 2.0, 2.0, 1.0, 1.0, 2.0, 5.0, 2.0, 2.0, 2.0, 2.0, 2.0, 2.0, 2.0, 1.0, 1.0, 1.0, 2.0, 2.0, 1.0, 1.0, 4.0, 1.0, 2.0, 2.0, 2.0, 1.0, 1.0, 1.0, 2.0, 4.0, 1.0, 1.0, 2.0], [5.0, 1.0, 4.0, 2.0, 1.0, 4.0, 2.0, 2.0, 2.0, 1.0, 1.0, 2.0, 5.0, 4.0, 2.0, 2.0, 2.0, 4.0, 1.0, 2.0, 1.0, 1.0, 1.0, 2.0, 2.0, 1.0, 1.0, 2.0, 1.0, 2.0, 2.0, 2.0, 2.0, 1.0, 1.0, 2.0, 4.0, 1.0, 1.0, 2.0], [5.0, 1.0, 2.0, 2.0, 2.0, 4.0, 4.0, 2.0, 2.0, 1.0, 1.0, 2.0, 5.0, 2.0, 2.0, 2.0, 2.0, 2.0, 2.0, 2.0, 1.0, 1.0, 1.0, 2.0, 2.0, 1.0, 1.0, 4.0, 1.0, 2.0, 1.0, 2.0, 1.0, 1.0, 1.0, 2.0, 4.0, 1.0, 1.0, 2.0], [5.0, 1.0, 2.0, 2.0, 2.0, 4.0, 2.0, 2.0, 2.0, 1.0, 2.0, 2.0, 5.0, 4.0, 2.0, 2.0, 2.0, 2.0, 2.0, 2.0, 1.0, 1.0, 2.0, 2.0, 2.0, 1.0, 1.0, 4.0, 1.0, 2.0, 2.0, 2.0, 1.0, 1.0, 1.0, 2.0, 4.0, 1.0, 1.0, 2.0], [5.0, 2.0, 2.0, 2.0, 2.0, 4.0, 2.0, 2.0, 2.0, 1.0, 2.0, 2.0, 5.0, 4.0, 2.0, 2.0, 4.0, 4.0, 2.0, 2.0, 1.0, 1.0, 1.0, 2.0, 2.0, 1.0, 1.0, 4.0, 1.0, 2.0, 2.0, 2.0, 1.0, 1.0, 1.0, 2.0, 5.0, 1.0, 1.0, 2.0], [5.0, 2.0, 2.0, 2.0, 2.0, 4.0, 4.0, 2.0, 2.0, 1.0, 1.0, 2.0, 5.0, 4.0, 2.0, 2.0, 2.0, 2.0, 2.0, 2.0, 1.0, 2.0, 1.0, 2.0, 1.0, 1.0, 1.0, 4.0, 1.0, 2.0, 2.0, 2.0, 1.0, 1.0, 1.0, 2.0, 4.0, 1.0, 1.0, 2.0], [5.0, 2.0, 4.0, 2.0, 2.0, 4.0, 2.0, 2.0, 2.0, 1.0, 1.0, 2.0, 5.0, 4.0, 4.0, 2.0, 4.0, 2.0, 2.0, 2.0, 1.0, 1.0, 1.0, 2.0, 2.0, 1.0, 1.0, 4.0, 1.0, 2.0, 2.0, 2.0, 1.0, 1.0, 1.0, 2.0, 4.0, 1.0, 1.0, 2.0], [5.0, 1.0, 2.0, 2.0, 1.0, 4.0, 2.0, 2.0, 2.0, 1.0, 1.0, 2.0, 5.0, 4.0, 2.0, 2.0, 4.0, 4.0, 2.0, 2.0, 1.0, 1.0, 1.0, 2.0, 2.0, 1.0, 1.0, 4.0, 1.0, 2.0, 1.0, 2.0, 1.0, 1.0, 1.0, 2.0, 4.0, 1.0, 1.0, 2.0], [5.0, 2.0, 2.0, 2.0, 2.0, 4.0, 2.0, 2.0, 2.0, 1.0, 1.0, 2.0, 5.0, 4.0, 2.0, 2.0, 4.0, 2.0, 2.0, 2.0, 1.0, 1.0, 1.0, 2.0, 2.0, 1.0, 1.0, 4.0, 1.0, 2.0, 2.0, 4.0, 2.0, 1.0, 1.0, 2.0, 4.0, 1.0, 1.0, 2.0], [5.0, 2.0, 2.0, 2.0, 2.0, 4.0, 2.0, 2.0, 2.0, 1.0, 1.0, 2.0, 5.0, 4.0, 4.0, 2.0, 4.0, 2.0, 2.0, 2.0, 1.0, 1.0, 1.0, 2.0, 2.0, 1.0, 1.0, 4.0, 1.0, 2.0, 2.0, 2.0, 1.0, 1.0, 1.0, 2.0, 2.0, 1.0, 1.0, 2.0], [5.0, 2.0, 2.0, 2.0, 2.0, 4.0, 2.0, 2.0, 2.0, 1.0, 1.0, 2.0, 5.0, 2.0, 2.0, 2.0, 4.0, 2.0, 2.0, 2.0, 1.0, 1.0, 2.0, 2.0, 2.0, 1.0, 1.0, 4.0, 1.0, 2.0, 2.0, 2.0, 1.0, 1.0, 1.0, 2.0, 2.0, 1.0, 1.0, 2.0], [5.0, 2.0, 4.0, 2.0, 2.0, 4.0, 2.0, 2.0, 2.0, 1.0, 2.0, 2.0, 5.0, 4.0, 2.0, 2.0, 2.0, 2.0, 2.0, 2.0, 1.0, 1.0, 1.0, 2.0, 2.0, 1.0, 1.0, 2.0, 1.0, 2.0, 2.0, 2.0, 1.0, 1.0, 1.0, 2.0, 2.0, 1.0, 1.0, 2.0], [5.0, 2.0, 2.0, 2.0, 1.0, 4.0, 2.0, 2.0, 2.0, 1.0, 1.0, 2.0, 5.0, 4.0, 2.0, 2.0, 4.0, 4.0, 2.0, 2.0, 1.0, 1.0, 1.0, 2.0, 2.0, 1.0, 1.0, 4.0, 1.0, 2.0, 2.0, 2.0, 1.0, 1.0, 1.0, 2.0, 2.0, 1.0, 1.0, 2.0], [5.0, 2.0, 2.0, 2.0, 2.0, 4.0, 4.0, 2.0, 2.0, 1.0, 1.0, 2.0, 5.0, 4.0, 2.0, 2.0, 4.0, 2.0, 2.0, 2.0, 1.0, 1.0, 1.0, 2.0, 2.0, 1.0, 1.0, 4.0, 1.0, 2.0, 2.0, 2.0, 1.0, 1.0, 1.0, 2.0, 2.0, 1.0, 1.0, 2.0], [5.0, 2.0, 4.0, 2.0, 1.0, 4.0, 2.0, 2.0, 2.0, 1.0, 1.0, 2.0, 5.0, 5.0, 2.0, 2.0, 4.0, 2.0, 2.0, 2.0, 1.0, 1.0, 2.0, 2.0, 2.0, 1.0, 1.0, 4.0, 1.0, 4.0, 1.0, 2.0, 2.0, 1.0, 1.0, 4.0, 4.0, 1.0, 1.0, 2.0], [5.0, 2.0, 4.0, 2.0, 1.0, 4.0, 2.0, 2.0, 2.0, 1.0, 2.0, 2.0, 5.0, 4.0, 2.0, 2.0, 2.0, 4.0, 2.0, 2.0, 1.0, 1.0, 1.0, 2.0, 2.0, 1.0, 1.0, 4.0, 1.0, 4.0, 1.0, 2.0, 2.0, 1.0, 1.0, 2.0, 4.0, 1.0, 1.0, 2.0], [5.0, 2.0, 2.0, 2.0, 2.0, 2.0, 2.0, 2.0, 2.0, 1.0, 1.0, 2.0, 5.0, 4.0, 2.0, 2.0, 4.0, 2.0, 2.0, 2.0, 1.0, 1.0, 2.0, 2.0, 2.0, 1.0, 1.0, 4.0, 1.0, 2.0, 2.0, 2.0, 1.0, 1.0, 1.0, 2.0, 4.0, 1.0, 1.0, 2.0], [5.0, 1.0, 4.0, 2.0, 2.0, 4.0, 2.0, 2.0, 2.0, 1.0, 2.0, 2.0, 5.0, 4.0, 4.0, 2.0, 4.0, 4.0, 2.0, 2.0, 1.0, 1.0, 2.0, 2.0, 2.0, 1.0, 1.0, 2.0, 1.0, 2.0, 2.0, 2.0, 1.0, 1.0, 1.0, 2.0, 2.0, 1.0, 1.0, 2.0], [5.0, 1.0, 4.0, 2.0, 2.0, 4.0, 2.0, 2.0, 2.0, 1.0, 1.0, 2.0, 5.0, 4.0, 2.0, 2.0, 4.0, 2.0, 2.0, 2.0, 1.0, 1.0, 1.0, 2.0, 2.0, 1.0, 1.0, 4.0, 1.0, 2.0, 2.0, 2.0, 1.0, 1.0, 1.0, 2.0, 4.0, 1.0, 1.0, 2.0], [5.0, 2.0, 4.0, 2.0, 1.0, 4.0, 2.0, 2.0, 2.0, 1.0, 1.0, 2.0, 5.0, 4.0, 2.0, 2.0, 2.0, 2.0, 2.0, 2.0, 1.0, 1.0, 1.0, 2.0, 2.0, 1.0, 1.0, 4.0, 1.0, 2.0, 2.0, 2.0, 1.0, 1.0, 1.0, 2.0, 4.0, 1.0, 1.0, 2.0], [5.0, 2.0, 2.0, 2.0, 2.0, 4.0, 4.0, 2.0, 2.0, 1.0, 1.0, 2.0, 5.0, 4.0, 2.0, 2.0, 2.0, 2.0, 2.0, 2.0, 1.0, 1.0, 1.0, 2.0, 2.0, 1.0, 1.0, 4.0, 1.0, 2.0, 1.0, 2.0, 1.0, 1.0, 1.0, 2.0, 2.0, 1.0, 1.0, 2.0], [5.0, 1.0, 4.0, 2.0, 1.0, 4.0, 2.0, 2.0, 2.0, 1.0, 1.0, 2.0, 5.0, 4.0, 2.0, 2.0, 4.0, 2.0, 2.0, 2.0, 1.0, 1.0, 1.0, 2.0, 2.0, 1.0, 1.0, 4.0, 1.0, 2.0, 1.0, 2.0, 1.0, 1.0, 1.0, 2.0, 2.0, 1.0, 1.0, 2.0], [5.0, 1.0, 2.0, 2.0, 1.0, 4.0, 2.0, 2.0, 2.0, 1.0, 2.0, 2.0, 5.0, 4.0, 2.0, 2.0, 4.0, 2.0, 1.0, 2.0, 1.0, 1.0, 2.0, 2.0, 2.0, 1.0, 1.0, 4.0, 1.0, 2.0, 2.0, 2.0, 2.0, 1.0, 1.0, 2.0, 4.0, 1.0, 1.0, 2.0], [5.0, 2.0, 4.0, 2.0, 2.0, 4.0, 2.0, 2.0, 2.0, 1.0, 1.0, 2.0, 5.0, 4.0, 4.0, 2.0, 4.0, 2.0, 2.0, 2.0, 1.0, 1.0, 1.0, 2.0, 2.0, 1.0, 1.0, 2.0, 1.0, 2.0, 2.0, 2.0, 1.0, 1.0, 1.0, 2.0, 4.0, 1.0, 1.0, 2.0], [5.0, 2.0, 4.0, 2.0, 2.0, 2.0, 2.0, 2.0, 2.0, 1.0, 1.0, 2.0, 5.0, 4.0, 2.0, 2.0, 2.0, 2.0, 2.0, 2.0, 1.0, 1.0, 1.0, 2.0, 1.0, 1.0, 1.0, 4.0, 1.0, 2.0, 2.0, 2.0, 1.0, 1.0, 1.0, 2.0, 4.0, 1.0, 1.0, 2.0], [5.0, 1.0, 4.0, 2.0, 1.0, 4.0, 2.0, 2.0, 2.0, 1.0, 1.0, 2.0, 5.0, 4.0, 4.0, 2.0, 2.0, 2.0, 2.0, 2.0, 1.0, 1.0, 2.0, 2.0, 1.0, 1.0, 1.0, 4.0, 1.0, 2.0, 2.0, 2.0, 2.0, 1.0, 1.0, 2.0, 2.0, 1.0, 1.0, 2.0], [5.0, 1.0, 4.0, 2.0, 2.0, 4.0, 2.0, 2.0, 2.0, 1.0, 1.0, 2.0, 5.0, 4.0, 2.0, 2.0, 2.0, 2.0, 1.0, 2.0, 1.0, 1.0, 2.0, 2.0, 1.0, 1.0, 1.0, 4.0, 1.0, 2.0, 2.0, 2.0, 1.0, 1.0, 1.0, 2.0, 2.0, 1.0, 1.0, 2.0], [5.0, 1.0, 2.0, 2.0, 1.0, 4.0, 2.0, 2.0, 2.0, 1.0, 2.0, 2.0, 5.0, 4.0, 2.0, 2.0, 4.0, 4.0, 1.0, 2.0, 1.0, 2.0, 1.0, 2.0, 2.0, 1.0, 1.0, 4.0, 1.0, 2.0, 2.0, 2.0, 1.0, 1.0, 1.0, 4.0, 2.0, 1.0, 1.0, 2.0], [5.0, 1.0, 4.0, 2.0, 2.0, 4.0, 2.0, 4.0, 2.0, 1.0, 1.0, 2.0, 5.0, 4.0, 4.0, 2.0, 4.0, 4.0, 2.0, 2.0, 1.0, 1.0, 1.0, 2.0, 2.0, 1.0, 1.0, 2.0, 1.0, 2.0, 2.0, 2.0, 1.0, 1.0, 1.0, 2.0, 4.0, 1.0, 1.0, 2.0], [5.0, 2.0, 2.0, 2.0, 1.0, 4.0, 2.0, 2.0, 2.0, 1.0, 2.0, 2.0, 5.0, 4.0, 2.0, 2.0, 4.0, 2.0, 2.0, 2.0, 1.0, 1.0, 1.0, 2.0, 2.0, 1.0, 1.0, 4.0, 1.0, 2.0, 2.0, 2.0, 1.0, 1.0, 1.0, 2.0, 2.0, 1.0, 1.0, 2.0], [5.0, 2.0, 2.0, 2.0, 1.0, 4.0, 2.0, 4.0, 2.0, 1.0, 2.0, 2.0, 5.0, 2.0, 2.0, 2.0, 2.0, 2.0, 2.0, 2.0, 1.0, 1.0, 2.0, 2.0, 2.0, 1.0, 1.0, 4.0, 1.0, 2.0, 2.0, 2.0, 1.0, 1.0, 1.0, 2.0, 4.0, 1.0, 1.0, 2.0], [5.0, 2.0, 2.0, 1.0, 2.0, 4.0, 2.0, 2.0, 2.0, 1.0, 1.0, 2.0, 5.0, 2.0, 2.0, 2.0, 4.0, 2.0, 1.0, 2.0, 1.0, 2.0, 2.0, 2.0, 1.0, 1.0, 1.0, 2.0, 1.0, 2.0, 2.0, 2.0, 2.0, 1.0, 1.0, 2.0, 4.0, 1.0, 1.0, 2.0], [5.0, 1.0, 2.0, 2.0, 1.0, 4.0, 4.0, 2.0, 2.0, 1.0, 1.0, 2.0, 5.0, 2.0, 2.0, 2.0, 2.0, 2.0, 2.0, 2.0, 1.0, 1.0, 1.0, 2.0, 1.0, 1.0, 1.0, 4.0, 1.0, 2.0, 1.0, 2.0, 1.0, 1.0, 1.0, 4.0, 2.0, 1.0, 1.0, 2.0], [5.0, 2.0, 4.0, 2.0, 2.0, 4.0, 2.0, 2.0, 2.0, 1.0, 1.0, 2.0, 5.0, 4.0, 2.0, 2.0, 4.0, 2.0, 2.0, 2.0, 1.0, 1.0, 2.0, 2.0, 2.0, 1.0, 1.0, 4.0, 1.0, 4.0, 2.0, 2.0, 2.0, 1.0, 1.0, 4.0, 4.0, 1.0, 1.0, 2.0], [5.0, 1.0, 2.0, 2.0, 1.0, 4.0, 2.0, 2.0, 2.0, 1.0, 1.0, 2.0, 5.0, 5.0, 2.0, 2.0, 4.0, 2.0, 2.0, 2.0, 1.0, 1.0, 1.0, 2.0, 2.0, 1.0, 1.0, 4.0, 1.0, 2.0, 2.0, 2.0, 1.0, 1.0, 1.0, 2.0, 4.0, 1.0, 1.0, 2.0], [5.0, 2.0, 4.0, 2.0, 2.0, 4.0, 2.0, 2.0, 2.0, 1.0, 1.0, 2.0, 5.0, 4.0, 4.0, 2.0, 4.0, 2.0, 2.0, 2.0, 1.0, 1.0, 1.0, 2.0, 2.0, 1.0, 1.0, 2.0, 1.0, 2.0, 2.0, 2.0, 1.0, 1.0, 1.0, 2.0, 4.0, 1.0, 1.0, 2.0], [5.0, 1.0, 2.0, 2.0, 1.0, 4.0, 2.0, 4.0, 2.0, 1.0, 2.0, 2.0, 5.0, 4.0, 2.0, 2.0, 4.0, 4.0, 2.0, 2.0, 1.0, 1.0, 1.0, 2.0, 2.0, 1.0, 1.0, 4.0, 1.0, 2.0, 1.0, 2.0, 2.0, 1.0, 1.0, 4.0, 2.0, 1.0, 1.0, 2.0], [5.0, 1.0, 2.0, 2.0, 1.0, 4.0, 2.0, 2.0, 2.0, 1.0, 1.0, 2.0, 5.0, 4.0, 2.0, 2.0, 2.0, 2.0, 1.0, 2.0, 1.0, 1.0, 1.0, 2.0, 2.0, 1.0, 1.0, 4.0, 1.0, 2.0, 2.0, 2.0, 1.0, 1.0, 1.0, 2.0, 2.0, 1.0, 1.0, 2.0], [5.0, 2.0, 4.0, 2.0, 2.0, 4.0, 4.0, 2.0, 2.0, 1.0, 1.0, 2.0, 5.0, 2.0, 4.0, 2.0, 2.0, 4.0, 2.0, 2.0, 1.0, 1.0, 2.0, 2.0, 2.0, 1.0, 1.0, 4.0, 1.0, 2.0, 1.0, 2.0, 1.0, 1.0, 1.0, 4.0, 4.0, 1.0, 1.0, 2.0], [5.0, 1.0, 2.0, 2.0, 2.0, 4.0, 2.0, 2.0, 2.0, 1.0, 1.0, 2.0, 5.0, 5.0, 2.0, 2.0, 2.0, 4.0, 2.0, 2.0, 1.0, 1.0, 1.0, 2.0, 2.0, 1.0, 1.0, 4.0, 1.0, 2.0, 1.0, 2.0, 1.0, 1.0, 1.0, 2.0, 2.0, 1.0, 1.0, 2.0], [5.0, 1.0, 2.0, 2.0, 1.0, 4.0, 2.0, 2.0, 2.0, 1.0, 1.0, 2.0, 5.0, 4.0, 2.0, 2.0, 2.0, 2.0, 1.0, 2.0, 1.0, 1.0, 1.0, 2.0, 2.0, 1.0, 1.0, 4.0, 1.0, 2.0, 2.0, 2.0, 1.0, 1.0, 1.0, 2.0, 2.0, 1.0, 1.0, 2.0], [5.0, 1.0, 4.0, 2.0, 1.0, 4.0, 4.0, 2.0, 2.0, 1.0, 2.0, 2.0, 5.0, 4.0, 2.0, 2.0, 2.0, 2.0, 2.0, 2.0, 1.0, 1.0, 2.0, 2.0, 2.0, 1.0, 1.0, 4.0, 1.0, 2.0, 2.0, 2.0, 2.0, 1.0, 1.0, 2.0, 4.0, 1.0, 1.0, 2.0], [5.0, 2.0, 4.0, 2.0, 2.0, 4.0, 2.0, 2.0, 2.0, 1.0, 2.0, 2.0, 5.0, 5.0, 2.0, 2.0, 4.0, 4.0, 1.0, 2.0, 1.0, 1.0, 1.0, 2.0, 1.0, 1.0, 1.0, 4.0, 1.0, 4.0, 2.0, 2.0, 1.0, 1.0, 1.0, 2.0, 4.0, 1.0, 1.0, 2.0], [5.0, 2.0, 4.0, 2.0, 2.0, 2.0, 2.0, 2.0, 2.0, 1.0, 2.0, 2.0, 5.0, 4.0, 4.0, 2.0, 4.0, 2.0, 2.0, 2.0, 1.0, 1.0, 1.0, 2.0, 1.0, 1.0, 1.0, 4.0, 1.0, 2.0, 2.0, 2.0, 1.0, 1.0, 1.0, 2.0, 4.0, 1.0, 2.0, 2.0], [5.0, 1.0, 2.0, 2.0, 1.0, 4.0, 2.0, 2.0, 2.0, 1.0, 1.0, 2.0, 5.0, 4.0, 2.0, 2.0, 4.0, 2.0, 1.0, 2.0, 1.0, 1.0, 2.0, 2.0, 2.0, 1.0, 1.0, 4.0, 1.0, 2.0, 2.0, 2.0, 1.0, 1.0, 1.0, 2.0, 4.0, 1.0, 1.0, 2.0], [5.0, 2.0, 4.0, 2.0, 1.0, 4.0, 2.0, 2.0, 2.0, 1.0, 1.0, 2.0, 5.0, 4.0, 2.0, 2.0, 2.0, 2.0, 1.0, 2.0, 1.0, 1.0, 2.0, 2.0, 1.0, 1.0, 1.0, 2.0, 1.0, 2.0, 2.0, 2.0, 1.0, 1.0, 1.0, 2.0, 4.0, 1.0, 1.0, 2.0], [5.0, 1.0, 4.0, 2.0, 1.0, 4.0, 2.0, 2.0, 2.0, 1.0, 2.0, 2.0, 5.0, 4.0, 2.0, 2.0, 2.0, 2.0, 2.0, 2.0, 1.0, 1.0, 2.0, 2.0, 2.0, 1.0, 1.0, 4.0, 1.0, 4.0, 2.0, 2.0, 2.0, 1.0, 1.0, 2.0, 4.0, 1.0, 1.0, 2.0]]

first layer check: Conv2d(9, 64, kernel_size=(7, 7), stride=(2, 2), padding=(3, 3), bias=False)

for model 3: mode acc: 0.6000000238418579, run mean acc: 0.6625000238418579, top-2 acc:0.8125, mode f1: 0.6000000238418579

model 3 mode preds
[5.0, 2.0, 2.0, 1.0, 2.0, 2.0, 2.0, 2.0, 2.0, 2.0, 2.0, 2.0, 1.0, 2.0, 2.0, 2.0, 2.0, 2.0, 2.0, 2.0, 1.0, 1.0, 2.0, 2.0, 2.0, 1.0, 1.0, 2.0, 1.0, 2.0, 2.0, 2.0, 2.0, 1.0, 2.0, 2.0, 2.0, 1.0, 1.0, 2.0]

model 3 all preds
[[5.0, 2.0, 2.0, 1.0, 2.0, 2.0, 2.0, 2.0, 2.0, 2.0, 2.0, 2.0, 1.0, 2.0, 2.0, 2.0, 2.0, 2.0, 2.0, 2.0, 1.0, 1.0, 2.0, 2.0, 2.0, 1.0, 2.0, 2.0, 1.0, 2.0, 2.0, 2.0, 2.0, 1.0, 2.0, 2.0, 2.0, 1.0, 1.0, 2.0], [5.0, 2.0, 2.0, 2.0, 2.0, 2.0, 2.0, 2.0, 2.0, 1.0, 2.0, 2.0, 1.0, 2.0, 2.0, 2.0, 2.0, 2.0, 2.0, 2.0, 1.0, 1.0, 2.0, 2.0, 2.0, 1.0, 1.0, 2.0, 1.0, 2.0, 2.0, 2.0, 2.0, 1.0, 2.0, 2.0, 2.0, 1.0, 1.0, 2.0], [5.0, 1.0, 2.0, 1.0, 2.0, 2.0, 2.0, 2.0, 2.0, 2.0, 2.0, 2.0, 1.0, 2.0, 2.0, 2.0, 2.0, 2.0, 2.0, 2.0, 1.0, 1.0, 2.0, 2.0, 2.0, 1.0, 2.0, 2.0, 1.0, 2.0, 2.0, 2.0, 2.0, 1.0, 2.0, 2.0, 2.0, 1.0, 1.0, 2.0], [5.0, 2.0, 1.0, 1.0, 2.0, 2.0, 2.0, 2.0, 1.0, 1.0, 2.0, 2.0, 1.0, 2.0, 2.0, 2.0, 2.0, 2.0, 2.0, 2.0, 1.0, 1.0, 2.0, 2.0, 1.0, 1.0, 1.0, 2.0, 1.0, 2.0, 2.0, 2.0, 2.0, 1.0, 2.0, 2.0, 2.0, 1.0, 1.0, 2.0], [5.0, 2.0, 2.0, 2.0, 2.0, 2.0, 2.0, 2.0, 2.0, 1.0, 2.0, 2.0, 1.0, 2.0, 2.0, 2.0, 2.0, 2.0, 2.0, 2.0, 1.0, 1.0, 2.0, 2.0, 2.0, 1.0, 1.0, 2.0, 1.0, 2.0, 2.0, 2.0, 2.0, 1.0, 2.0, 2.0, 2.0, 1.0, 1.0, 2.0], [5.0, 2.0, 1.0, 2.0, 1.0, 2.0, 2.0, 2.0, 2.0, 2.0, 2.0, 2.0, 1.0, 2.0, 2.0, 2.0, 2.0, 2.0, 2.0, 2.0, 1.0, 2.0, 2.0, 2.0, 2.0, 1.0, 2.0, 2.0, 1.0, 2.0, 2.0, 2.0, 2.0, 1.0, 2.0, 2.0, 2.0, 1.0, 1.0, 2.0], [5.0, 1.0, 1.0, 1.0, 2.0, 2.0, 2.0, 2.0, 2.0, 2.0, 2.0, 2.0, 1.0, 2.0, 2.0, 2.0, 2.0, 2.0, 2.0, 2.0, 1.0, 1.0, 2.0, 2.0, 2.0, 1.0, 1.0, 2.0, 1.0, 2.0, 2.0, 2.0, 1.0, 1.0, 2.0, 2.0, 2.0, 1.0, 1.0, 2.0], [5.0, 1.0, 2.0, 1.0, 2.0, 2.0, 2.0, 2.0, 2.0, 2.0, 2.0, 2.0, 1.0, 2.0, 2.0, 2.0, 2.0, 2.0, 2.0, 2.0, 1.0, 1.0, 2.0, 2.0, 2.0, 1.0, 1.0, 2.0, 1.0, 2.0, 2.0, 2.0, 2.0, 1.0, 2.0, 2.0, 2.0, 1.0, 1.0, 2.0], [5.0, 1.0, 2.0, 2.0, 2.0, 2.0, 2.0, 2.0, 2.0, 2.0, 2.0, 2.0, 1.0, 2.0, 2.0, 2.0, 2.0, 2.0, 2.0, 2.0, 1.0, 1.0, 2.0, 2.0, 2.0, 1.0, 1.0, 2.0, 1.0, 2.0, 2.0, 2.0, 2.0, 1.0, 2.0, 2.0, 2.0, 1.0, 1.0, 2.0], [5.0, 1.0, 2.0, 2.0, 2.0, 2.0, 2.0, 2.0, 2.0, 1.0, 2.0, 2.0, 1.0, 2.0, 2.0, 2.0, 2.0, 2.0, 2.0, 2.0, 1.0, 1.0, 2.0, 2.0, 2.0, 1.0, 1.0, 2.0, 1.0, 2.0, 2.0, 2.0, 1.0, 1.0, 2.0, 2.0, 2.0, 1.0, 1.0, 2.0], [5.0, 2.0, 2.0, 2.0, 1.0, 2.0, 2.0, 2.0, 2.0, 1.0, 2.0, 2.0, 1.0, 2.0, 2.0, 2.0, 2.0, 2.0, 2.0, 2.0, 1.0, 1.0, 2.0, 2.0, 2.0, 1.0, 1.0, 2.0, 1.0, 2.0, 2.0, 2.0, 2.0, 1.0, 2.0, 2.0, 2.0, 1.0, 1.0, 2.0], [5.0, 2.0, 1.0, 1.0, 2.0, 2.0, 2.0, 2.0, 2.0, 2.0, 2.0, 2.0, 1.0, 2.0, 2.0, 2.0, 2.0, 2.0, 2.0, 2.0, 1.0, 1.0, 1.0, 2.0, 2.0, 1.0, 1.0, 2.0, 1.0, 2.0, 2.0, 2.0, 2.0, 1.0, 2.0, 2.0, 2.0, 1.0, 1.0, 2.0], [5.0, 2.0, 1.0, 2.0, 2.0, 2.0, 2.0, 2.0, 1.0, 2.0, 2.0, 2.0, 1.0, 2.0, 2.0, 2.0, 2.0, 2.0, 2.0, 2.0, 1.0, 1.0, 2.0, 2.0, 2.0, 1.0, 1.0, 2.0, 1.0, 2.0, 2.0, 2.0, 2.0, 1.0, 2.0, 2.0, 2.0, 1.0, 1.0, 2.0], [5.0, 2.0, 1.0, 1.0, 2.0, 2.0, 2.0, 2.0, 2.0, 2.0, 2.0, 2.0, 1.0, 2.0, 2.0, 2.0, 2.0, 2.0, 2.0, 2.0, 1.0, 1.0, 2.0, 2.0, 2.0, 1.0, 2.0, 2.0, 1.0, 2.0, 2.0, 2.0, 1.0, 1.0, 2.0, 2.0, 2.0, 1.0, 1.0, 2.0], [5.0, 2.0, 1.0, 2.0, 2.0, 2.0, 2.0, 2.0, 2.0, 1.0, 2.0, 2.0, 1.0, 2.0, 2.0, 2.0, 2.0, 2.0, 2.0, 2.0, 1.0, 1.0, 1.0, 2.0, 1.0, 1.0, 1.0, 2.0, 1.0, 2.0, 2.0, 2.0, 2.0, 1.0, 2.0, 2.0, 2.0, 1.0, 1.0, 2.0], [5.0, 1.0, 2.0, 1.0, 2.0, 2.0, 2.0, 2.0, 2.0, 1.0, 2.0, 2.0, 1.0, 2.0, 2.0, 2.0, 2.0, 2.0, 2.0, 2.0, 1.0, 1.0, 2.0, 2.0, 2.0, 1.0, 1.0, 2.0, 1.0, 2.0, 2.0, 2.0, 2.0, 1.0, 2.0, 2.0, 2.0, 1.0, 1.0, 2.0], [5.0, 1.0, 2.0, 2.0, 2.0, 2.0, 2.0, 2.0, 2.0, 1.0, 2.0, 2.0, 1.0, 2.0, 2.0, 2.0, 2.0, 2.0, 2.0, 2.0, 1.0, 1.0, 2.0, 2.0, 2.0, 1.0, 2.0, 2.0, 1.0, 2.0, 2.0, 2.0, 2.0, 1.0, 2.0, 2.0, 2.0, 1.0, 1.0, 2.0], [5.0, 2.0, 2.0, 2.0, 2.0, 2.0, 2.0, 2.0, 2.0, 2.0, 2.0, 2.0, 1.0, 2.0, 2.0, 2.0, 2.0, 2.0, 2.0, 2.0, 1.0, 1.0, 2.0, 2.0, 2.0, 1.0, 2.0, 2.0, 1.0, 2.0, 2.0, 2.0, 2.0, 1.0, 2.0, 2.0, 2.0, 1.0, 1.0, 2.0], [5.0, 2.0, 1.0, 1.0, 2.0, 2.0, 2.0, 2.0, 2.0, 1.0, 2.0, 2.0, 1.0, 2.0, 2.0, 2.0, 2.0, 2.0, 2.0, 2.0, 1.0, 1.0, 2.0, 2.0, 2.0, 1.0, 1.0, 2.0, 1.0, 2.0, 2.0, 2.0, 2.0, 1.0, 2.0, 2.0, 2.0, 1.0, 1.0, 2.0], [5.0, 2.0, 2.0, 1.0, 2.0, 2.0, 2.0, 2.0, 2.0, 2.0, 2.0, 2.0, 1.0, 2.0, 2.0, 2.0, 2.0, 2.0, 2.0, 2.0, 1.0, 1.0, 2.0, 2.0, 2.0, 1.0, 1.0, 2.0, 1.0, 2.0, 2.0, 2.0, 2.0, 1.0, 2.0, 2.0, 2.0, 1.0, 1.0, 2.0], [5.0, 2.0, 1.0, 2.0, 2.0, 2.0, 2.0, 2.0, 2.0, 1.0, 2.0, 2.0, 1.0, 2.0, 2.0, 2.0, 2.0, 2.0, 2.0, 2.0, 1.0, 1.0, 2.0, 2.0, 2.0, 1.0, 1.0, 2.0, 1.0, 2.0, 2.0, 2.0, 2.0, 1.0, 2.0, 2.0, 2.0, 1.0, 1.0, 2.0], [5.0, 1.0, 2.0, 2.0, 2.0, 2.0, 2.0, 2.0, 2.0, 1.0, 2.0, 2.0, 1.0, 2.0, 2.0, 2.0, 2.0, 2.0, 2.0, 2.0, 1.0, 1.0, 2.0, 2.0, 2.0, 1.0, 1.0, 2.0, 1.0, 2.0, 2.0, 2.0, 2.0, 1.0, 2.0, 2.0, 2.0, 1.0, 1.0, 2.0], [5.0, 2.0, 1.0, 2.0, 2.0, 2.0, 2.0, 2.0, 2.0, 1.0, 2.0, 2.0, 1.0, 2.0, 2.0, 2.0, 2.0, 2.0, 2.0, 2.0, 1.0, 1.0, 2.0, 2.0, 2.0, 1.0, 1.0, 2.0, 1.0, 2.0, 2.0, 2.0, 2.0, 1.0, 2.0, 2.0, 2.0, 1.0, 1.0, 2.0], [5.0, 1.0, 2.0, 1.0, 2.0, 2.0, 2.0, 2.0, 2.0, 1.0, 2.0, 2.0, 1.0, 2.0, 2.0, 2.0, 2.0, 2.0, 2.0, 2.0, 1.0, 1.0, 1.0, 2.0, 2.0, 1.0, 1.0, 2.0, 1.0, 2.0, 2.0, 2.0, 2.0, 1.0, 1.0, 2.0, 2.0, 1.0, 1.0, 2.0], [5.0, 1.0, 2.0, 1.0, 2.0, 2.0, 2.0, 2.0, 2.0, 1.0, 2.0, 2.0, 1.0, 2.0, 2.0, 2.0, 2.0, 2.0, 2.0, 2.0, 1.0, 1.0, 2.0, 2.0, 2.0, 1.0, 1.0, 2.0, 1.0, 2.0, 2.0, 2.0, 2.0, 1.0, 2.0, 2.0, 2.0, 1.0, 1.0, 2.0], [5.0, 2.0, 1.0, 1.0, 2.0, 2.0, 2.0, 2.0, 2.0, 1.0, 2.0, 2.0, 1.0, 2.0, 2.0, 2.0, 2.0, 2.0, 2.0, 2.0, 1.0, 2.0, 2.0, 2.0, 2.0, 1.0, 1.0, 2.0, 1.0, 2.0, 2.0, 2.0, 2.0, 1.0, 1.0, 2.0, 2.0, 1.0, 1.0, 2.0], [5.0, 2.0, 2.0, 1.0, 2.0, 2.0, 2.0, 2.0, 2.0, 2.0, 2.0, 2.0, 1.0, 2.0, 2.0, 2.0, 2.0, 2.0, 2.0, 2.0, 1.0, 1.0, 2.0, 2.0, 2.0, 1.0, 2.0, 2.0, 1.0, 2.0, 2.0, 2.0, 2.0, 1.0, 2.0, 2.0, 2.0, 1.0, 1.0, 2.0], [5.0, 2.0, 2.0, 1.0, 2.0, 2.0, 2.0, 2.0, 2.0, 2.0, 2.0, 2.0, 1.0, 2.0, 2.0, 2.0, 2.0, 2.0, 2.0, 2.0, 1.0, 1.0, 2.0, 2.0, 2.0, 1.0, 2.0, 2.0, 1.0, 2.0, 2.0, 2.0, 2.0, 1.0, 2.0, 2.0, 2.0, 1.0, 1.0, 2.0], [5.0, 2.0, 2.0, 2.0, 2.0, 2.0, 2.0, 2.0, 2.0, 2.0, 2.0, 2.0, 1.0, 2.0, 2.0, 2.0, 2.0, 2.0, 2.0, 2.0, 1.0, 1.0, 2.0, 2.0, 1.0, 1.0, 2.0, 2.0, 1.0, 2.0, 2.0, 2.0, 2.0, 1.0, 2.0, 2.0, 2.0, 1.0, 1.0, 2.0], [5.0, 1.0, 2.0, 2.0, 2.0, 2.0, 2.0, 2.0, 2.0, 2.0, 2.0, 2.0, 1.0, 2.0, 2.0, 2.0, 2.0, 2.0, 2.0, 2.0, 1.0, 1.0, 2.0, 2.0, 2.0, 1.0, 1.0, 2.0, 1.0, 2.0, 2.0, 2.0, 2.0, 1.0, 2.0, 2.0, 2.0, 1.0, 1.0, 2.0], [5.0, 1.0, 2.0, 1.0, 2.0, 2.0, 2.0, 2.0, 2.0, 2.0, 2.0, 2.0, 1.0, 2.0, 2.0, 2.0, 2.0, 2.0, 2.0, 2.0, 1.0, 1.0, 2.0, 2.0, 2.0, 1.0, 1.0, 2.0, 1.0, 2.0, 2.0, 2.0, 2.0, 1.0, 1.0, 2.0, 2.0, 1.0, 1.0, 2.0], [5.0, 2.0, 1.0, 2.0, 2.0, 2.0, 2.0, 2.0, 2.0, 2.0, 2.0, 2.0, 1.0, 2.0, 2.0, 2.0, 2.0, 2.0, 2.0, 2.0, 1.0, 1.0, 2.0, 2.0, 2.0, 1.0, 1.0, 2.0, 1.0, 2.0, 2.0, 2.0, 2.0, 1.0, 2.0, 2.0, 2.0, 1.0, 1.0, 2.0], [5.0, 2.0, 1.0, 1.0, 2.0, 2.0, 2.0, 2.0, 2.0, 1.0, 2.0, 2.0, 1.0, 2.0, 2.0, 2.0, 2.0, 2.0, 2.0, 2.0, 1.0, 1.0, 2.0, 2.0, 2.0, 1.0, 1.0, 2.0, 1.0, 2.0, 2.0, 2.0, 2.0, 1.0, 2.0, 2.0, 2.0, 1.0, 1.0, 2.0], [5.0, 2.0, 2.0, 1.0, 1.0, 2.0, 2.0, 2.0, 2.0, 1.0, 2.0, 2.0, 1.0, 2.0, 2.0, 2.0, 2.0, 2.0, 2.0, 2.0, 1.0, 1.0, 1.0, 2.0, 2.0, 1.0, 1.0, 2.0, 1.0, 2.0, 2.0, 2.0, 1.0, 1.0, 2.0, 2.0, 2.0, 1.0, 1.0, 2.0], [5.0, 2.0, 2.0, 2.0, 2.0, 2.0, 2.0, 2.0, 2.0, 2.0, 2.0, 2.0, 1.0, 2.0, 2.0, 2.0, 2.0, 2.0, 2.0, 2.0, 1.0, 1.0, 2.0, 2.0, 2.0, 1.0, 1.0, 2.0, 1.0, 2.0, 2.0, 2.0, 1.0, 1.0, 2.0, 2.0, 2.0, 1.0, 1.0, 2.0], [5.0, 1.0, 2.0, 2.0, 1.0, 2.0, 2.0, 2.0, 2.0, 2.0, 2.0, 2.0, 1.0, 2.0, 2.0, 2.0, 2.0, 2.0, 2.0, 2.0, 1.0, 1.0, 2.0, 2.0, 2.0, 1.0, 2.0, 2.0, 1.0, 2.0, 2.0, 2.0, 2.0, 1.0, 2.0, 2.0, 2.0, 1.0, 1.0, 2.0], [5.0, 1.0, 1.0, 1.0, 2.0, 2.0, 2.0, 2.0, 2.0, 1.0, 2.0, 2.0, 1.0, 2.0, 2.0, 2.0, 2.0, 2.0, 2.0, 2.0, 1.0, 1.0, 1.0, 2.0, 2.0, 1.0, 1.0, 2.0, 1.0, 2.0, 2.0, 2.0, 2.0, 1.0, 2.0, 2.0, 2.0, 1.0, 1.0, 2.0], [5.0, 2.0, 2.0, 1.0, 2.0, 2.0, 2.0, 2.0, 2.0, 1.0, 2.0, 2.0, 1.0, 2.0, 2.0, 2.0, 2.0, 2.0, 2.0, 2.0, 1.0, 1.0, 2.0, 2.0, 1.0, 1.0, 2.0, 2.0, 1.0, 2.0, 2.0, 2.0, 2.0, 1.0, 2.0, 2.0, 2.0, 1.0, 1.0, 2.0], [5.0, 2.0, 2.0, 1.0, 1.0, 2.0, 2.0, 2.0, 2.0, 1.0, 2.0, 2.0, 1.0, 2.0, 2.0, 2.0, 2.0, 2.0, 2.0, 2.0, 1.0, 1.0, 2.0, 2.0, 1.0, 1.0, 1.0, 2.0, 1.0, 2.0, 2.0, 2.0, 2.0, 1.0, 2.0, 2.0, 2.0, 1.0, 1.0, 2.0], [5.0, 1.0, 1.0, 2.0, 2.0, 2.0, 2.0, 2.0, 2.0, 2.0, 2.0, 2.0, 1.0, 2.0, 2.0, 2.0, 2.0, 2.0, 2.0, 2.0, 1.0, 1.0, 2.0, 2.0, 2.0, 1.0, 1.0, 2.0, 1.0, 2.0, 2.0, 2.0, 2.0, 1.0, 2.0, 2.0, 2.0, 1.0, 1.0, 2.0], [5.0, 1.0, 2.0, 1.0, 2.0, 2.0, 2.0, 2.0, 1.0, 1.0, 2.0, 2.0, 1.0, 2.0, 2.0, 2.0, 2.0, 2.0, 2.0, 2.0, 1.0, 1.0, 2.0, 2.0, 1.0, 1.0, 1.0, 2.0, 1.0, 2.0, 2.0, 2.0, 2.0, 1.0, 2.0, 2.0, 2.0, 1.0, 1.0, 2.0], [5.0, 1.0, 1.0, 2.0, 2.0, 2.0, 2.0, 2.0, 2.0, 2.0, 2.0, 2.0, 1.0, 2.0, 2.0, 2.0, 2.0, 2.0, 2.0, 2.0, 1.0, 1.0, 2.0, 2.0, 2.0, 1.0, 1.0, 2.0, 1.0, 2.0, 2.0, 2.0, 2.0, 1.0, 2.0, 2.0, 2.0, 1.0, 1.0, 2.0], [5.0, 2.0, 2.0, 1.0, 2.0, 2.0, 2.0, 2.0, 2.0, 2.0, 2.0, 2.0, 1.0, 2.0, 2.0, 2.0, 2.0, 2.0, 2.0, 2.0, 1.0, 1.0, 2.0, 2.0, 2.0, 1.0, 1.0, 2.0, 1.0, 2.0, 2.0, 2.0, 2.0, 1.0, 2.0, 2.0, 2.0, 1.0, 1.0, 2.0], [5.0, 2.0, 2.0, 2.0, 2.0, 2.0, 2.0, 2.0, 2.0, 2.0, 2.0, 2.0, 1.0, 2.0, 2.0, 2.0, 2.0, 2.0, 2.0, 2.0, 1.0, 1.0, 2.0, 2.0, 2.0, 1.0, 1.0, 2.0, 1.0, 2.0, 2.0, 2.0, 2.0, 1.0, 2.0, 2.0, 2.0, 1.0, 1.0, 2.0], [5.0, 2.0, 2.0, 1.0, 2.0, 2.0, 2.0, 2.0, 2.0, 1.0, 2.0, 2.0, 1.0, 2.0, 2.0, 2.0, 2.0, 2.0, 2.0, 2.0, 1.0, 1.0, 2.0, 2.0, 2.0, 1.0, 1.0, 2.0, 1.0, 2.0, 2.0, 2.0, 2.0, 1.0, 2.0, 2.0, 2.0, 1.0, 1.0, 2.0], [5.0, 2.0, 2.0, 1.0, 2.0, 2.0, 2.0, 2.0, 2.0, 2.0, 2.0, 2.0, 1.0, 2.0, 2.0, 2.0, 2.0, 2.0, 2.0, 2.0, 1.0, 1.0, 2.0, 2.0, 2.0, 1.0, 1.0, 2.0, 1.0, 2.0, 2.0, 2.0, 1.0, 1.0, 1.0, 2.0, 2.0, 1.0, 1.0, 2.0], [5.0, 2.0, 2.0, 2.0, 2.0, 2.0, 2.0, 2.0, 2.0, 2.0, 2.0, 2.0, 1.0, 2.0, 2.0, 2.0, 2.0, 2.0, 2.0, 2.0, 1.0, 1.0, 2.0, 2.0, 2.0, 1.0, 1.0, 2.0, 1.0, 2.0, 2.0, 2.0, 1.0, 1.0, 2.0, 2.0, 2.0, 1.0, 1.0, 2.0], [5.0, 2.0, 2.0, 2.0, 2.0, 2.0, 2.0, 2.0, 2.0, 2.0, 2.0, 2.0, 1.0, 2.0, 2.0, 2.0, 2.0, 2.0, 2.0, 2.0, 1.0, 1.0, 2.0, 2.0, 2.0, 1.0, 1.0, 2.0, 1.0, 2.0, 1.0, 2.0, 2.0, 1.0, 2.0, 2.0, 2.0, 1.0, 1.0, 2.0], [5.0, 2.0, 2.0, 2.0, 1.0, 2.0, 2.0, 2.0, 2.0, 2.0, 2.0, 2.0, 1.0, 2.0, 2.0, 2.0, 2.0, 2.0, 2.0, 2.0, 1.0, 1.0, 2.0, 2.0, 2.0, 1.0, 1.0, 2.0, 1.0, 2.0, 2.0, 2.0, 2.0, 1.0, 2.0, 2.0, 2.0, 1.0, 1.0, 2.0], [5.0, 2.0, 1.0, 2.0, 2.0, 2.0, 2.0, 2.0, 2.0, 2.0, 2.0, 2.0, 1.0, 2.0, 2.0, 2.0, 2.0, 2.0, 2.0, 2.0, 1.0, 1.0, 2.0, 2.0, 2.0, 1.0, 2.0, 2.0, 1.0, 2.0, 2.0, 2.0, 1.0, 1.0, 2.0, 2.0, 2.0, 1.0, 1.0, 2.0]]

first layer check: Conv2d(9, 64, kernel_size=(7, 7), stride=(2, 2), padding=(3, 3), bias=False)

for model 4: mode acc: 0.4749999940395355, run mean acc: 0.5516666769981384, top-2 acc:0.8274999856948853, mode f1: 0.4749999940395355

model 4 mode preds
[5.0, 2.0, 4.0, 2.0, 2.0, 2.0, 2.0, 2.0, 2.0, 1.0, 1.0, 2.0, 5.0, 2.0, 2.0, 2.0, 4.0, 2.0, 1.0, 2.0, 1.0, 2.0, 1.0, 2.0, 2.0, 1.0, 1.0, 2.0, 1.0, 2.0, 2.0, 2.0, 1.0, 1.0, 1.0, 2.0, 2.0, 1.0, 1.0, 1.0]

model 4 all preds
[[5.0, 2.0, 4.0, 2.0, 2.0, 2.0, 4.0, 2.0, 2.0, 1.0, 1.0, 1.0, 5.0, 2.0, 2.0, 2.0, 4.0, 2.0, 1.0, 2.0, 1.0, 2.0, 2.0, 2.0, 2.0, 2.0, 1.0, 2.0, 1.0, 2.0, 2.0, 2.0, 2.0, 1.0, 1.0, 2.0, 2.0, 1.0, 1.0, 2.0], [5.0, 2.0, 2.0, 2.0, 2.0, 2.0, 2.0, 2.0, 1.0, 1.0, 2.0, 2.0, 5.0, 2.0, 2.0, 2.0, 4.0, 2.0, 1.0, 2.0, 1.0, 2.0, 1.0, 2.0, 1.0, 1.0, 1.0, 2.0, 1.0, 2.0, 2.0, 2.0, 1.0, 1.0, 1.0, 2.0, 2.0, 1.0, 1.0, 2.0], [5.0, 2.0, 4.0, 2.0, 2.0, 2.0, 2.0, 2.0, 2.0, 1.0, 2.0, 2.0, 5.0, 2.0, 2.0, 2.0, 4.0, 2.0, 2.0, 2.0, 1.0, 2.0, 1.0, 2.0, 2.0, 1.0, 1.0, 2.0, 1.0, 2.0, 1.0, 2.0, 1.0, 1.0, 1.0, 2.0, 2.0, 1.0, 1.0, 2.0], [5.0, 2.0, 4.0, 2.0, 2.0, 2.0, 2.0, 4.0, 2.0, 1.0, 1.0, 2.0, 5.0, 2.0, 2.0, 2.0, 4.0, 2.0, 1.0, 1.0, 1.0, 2.0, 2.0, 2.0, 2.0, 2.0, 1.0, 2.0, 1.0, 2.0, 2.0, 1.0, 1.0, 1.0, 1.0, 2.0, 2.0, 1.0, 1.0, 1.0], [5.0, 4.0, 4.0, 2.0, 2.0, 2.0, 1.0, 4.0, 1.0, 1.0, 1.0, 2.0, 5.0, 2.0, 2.0, 2.0, 4.0, 2.0, 1.0, 2.0, 1.0, 2.0, 2.0, 2.0, 2.0, 1.0, 2.0, 2.0, 1.0, 2.0, 2.0, 1.0, 2.0, 1.0, 2.0, 2.0, 2.0, 1.0, 1.0, 1.0], [5.0, 2.0, 4.0, 2.0, 2.0, 2.0, 2.0, 4.0, 2.0, 1.0, 1.0, 2.0, 5.0, 2.0, 2.0, 2.0, 4.0, 2.0, 2.0, 2.0, 1.0, 2.0, 1.0, 2.0, 2.0, 1.0, 1.0, 2.0, 1.0, 2.0, 2.0, 2.0, 2.0, 1.0, 1.0, 2.0, 2.0, 1.0, 1.0, 1.0], [5.0, 2.0, 4.0, 2.0, 2.0, 2.0, 2.0, 4.0, 1.0, 1.0, 1.0, 2.0, 5.0, 2.0, 2.0, 2.0, 4.0, 2.0, 1.0, 1.0, 1.0, 2.0, 1.0, 2.0, 2.0, 1.0, 1.0, 2.0, 1.0, 2.0, 2.0, 1.0, 2.0, 1.0, 1.0, 2.0, 2.0, 1.0, 1.0, 1.0], [5.0, 1.0, 4.0, 2.0, 2.0, 2.0, 2.0, 2.0, 1.0, 1.0, 2.0, 2.0, 5.0, 2.0, 2.0, 2.0, 4.0, 2.0, 1.0, 2.0, 1.0, 2.0, 1.0, 2.0, 1.0, 1.0, 1.0, 2.0, 1.0, 2.0, 1.0, 1.0, 2.0, 1.0, 2.0, 2.0, 2.0, 1.0, 1.0, 2.0], [5.0, 2.0, 4.0, 2.0, 2.0, 2.0, 2.0, 4.0, 2.0, 1.0, 2.0, 2.0, 5.0, 2.0, 2.0, 2.0, 2.0, 2.0, 2.0, 1.0, 1.0, 2.0, 1.0, 2.0, 1.0, 1.0, 1.0, 2.0, 1.0, 2.0, 1.0, 2.0, 1.0, 1.0, 2.0, 2.0, 2.0, 1.0, 1.0, 2.0], [5.0, 2.0, 2.0, 2.0, 2.0, 4.0, 2.0, 2.0, 2.0, 1.0, 1.0, 2.0, 5.0, 2.0, 2.0, 2.0, 4.0, 2.0, 2.0, 2.0, 1.0, 2.0, 1.0, 2.0, 2.0, 1.0, 1.0, 2.0, 1.0, 2.0, 2.0, 1.0, 2.0, 1.0, 1.0, 2.0, 2.0, 1.0, 1.0, 1.0], [5.0, 2.0, 2.0, 2.0, 2.0, 2.0, 2.0, 2.0, 1.0, 1.0, 1.0, 2.0, 5.0, 2.0, 2.0, 2.0, 4.0, 2.0, 1.0, 2.0, 1.0, 2.0, 2.0, 2.0, 2.0, 1.0, 1.0, 2.0, 1.0, 2.0, 2.0, 1.0, 1.0, 1.0, 2.0, 2.0, 2.0, 1.0, 1.0, 2.0], [5.0, 2.0, 2.0, 2.0, 2.0, 2.0, 2.0, 2.0, 1.0, 1.0, 2.0, 2.0, 5.0, 2.0, 2.0, 2.0, 4.0, 2.0, 2.0, 2.0, 2.0, 2.0, 1.0, 2.0, 2.0, 1.0, 1.0, 2.0, 1.0, 2.0, 2.0, 2.0, 2.0, 1.0, 1.0, 2.0, 2.0, 1.0, 1.0, 1.0], [5.0, 2.0, 4.0, 2.0, 1.0, 1.0, 2.0, 2.0, 1.0, 1.0, 2.0, 2.0, 5.0, 2.0, 2.0, 2.0, 4.0, 2.0, 1.0, 2.0, 1.0, 2.0, 1.0, 2.0, 2.0, 1.0, 2.0, 2.0, 1.0, 2.0, 2.0, 1.0, 2.0, 1.0, 1.0, 2.0, 2.0, 1.0, 1.0, 2.0], [5.0, 2.0, 4.0, 2.0, 2.0, 2.0, 1.0, 2.0, 2.0, 1.0, 2.0, 1.0, 5.0, 2.0, 2.0, 2.0, 4.0, 2.0, 1.0, 1.0, 1.0, 2.0, 1.0, 2.0, 2.0, 1.0, 1.0, 2.0, 1.0, 2.0, 2.0, 1.0, 2.0, 1.0, 1.0, 2.0, 2.0, 1.0, 1.0, 2.0], [5.0, 2.0, 2.0, 2.0, 2.0, 2.0, 5.0, 2.0, 1.0, 1.0, 1.0, 1.0, 5.0, 2.0, 2.0, 2.0, 2.0, 2.0, 1.0, 2.0, 1.0, 2.0, 2.0, 2.0, 2.0, 1.0, 1.0, 2.0, 1.0, 2.0, 1.0, 2.0, 1.0, 1.0, 1.0, 2.0, 2.0, 1.0, 1.0, 1.0], [5.0, 2.0, 4.0, 2.0, 2.0, 1.0, 2.0, 2.0, 2.0, 1.0, 2.0, 2.0, 5.0, 2.0, 2.0, 2.0, 4.0, 2.0, 2.0, 2.0, 1.0, 2.0, 1.0, 2.0, 2.0, 1.0, 2.0, 2.0, 1.0, 2.0, 2.0, 1.0, 1.0, 1.0, 1.0, 1.0, 2.0, 1.0, 1.0, 2.0], [5.0, 2.0, 4.0, 2.0, 2.0, 2.0, 2.0, 2.0, 2.0, 1.0, 2.0, 2.0, 5.0, 2.0, 2.0, 2.0, 4.0, 2.0, 1.0, 2.0, 2.0, 2.0, 2.0, 2.0, 2.0, 1.0, 2.0, 2.0, 1.0, 2.0, 2.0, 1.0, 1.0, 1.0, 1.0, 2.0, 2.0, 1.0, 1.0, 2.0], [5.0, 2.0, 2.0, 4.0, 2.0, 4.0, 1.0, 2.0, 1.0, 1.0, 1.0, 2.0, 5.0, 2.0, 2.0, 2.0, 4.0, 2.0, 1.0, 2.0, 2.0, 2.0, 1.0, 2.0, 2.0, 1.0, 1.0, 2.0, 1.0, 2.0, 1.0, 1.0, 1.0, 1.0, 2.0, 2.0, 2.0, 1.0, 1.0, 2.0], [5.0, 2.0, 4.0, 2.0, 2.0, 4.0, 2.0, 2.0, 2.0, 1.0, 1.0, 2.0, 5.0, 2.0, 2.0, 2.0, 4.0, 2.0, 1.0, 2.0, 1.0, 2.0, 1.0, 2.0, 2.0, 1.0, 1.0, 2.0, 1.0, 2.0, 2.0, 2.0, 1.0, 1.0, 1.0, 1.0, 2.0, 1.0, 1.0, 2.0], [5.0, 1.0, 4.0, 2.0, 1.0, 2.0, 2.0, 4.0, 1.0, 1.0, 2.0, 2.0, 5.0, 2.0, 2.0, 2.0, 4.0, 2.0, 2.0, 2.0, 1.0, 2.0, 2.0, 2.0, 2.0, 1.0, 1.0, 2.0, 1.0, 2.0, 2.0, 2.0, 1.0, 1.0, 1.0, 2.0, 2.0, 1.0, 1.0, 1.0], [5.0, 2.0, 4.0, 2.0, 1.0, 4.0, 2.0, 2.0, 2.0, 1.0, 1.0, 2.0, 5.0, 2.0, 2.0, 2.0, 4.0, 2.0, 2.0, 2.0, 2.0, 2.0, 2.0, 2.0, 2.0, 1.0, 1.0, 2.0, 1.0, 2.0, 2.0, 2.0, 1.0, 1.0, 1.0, 2.0, 2.0, 1.0, 1.0, 2.0], [5.0, 2.0, 4.0, 2.0, 2.0, 2.0, 2.0, 2.0, 1.0, 1.0, 1.0, 2.0, 5.0, 2.0, 2.0, 2.0, 4.0, 2.0, 1.0, 2.0, 1.0, 2.0, 1.0, 2.0, 2.0, 1.0, 1.0, 2.0, 1.0, 1.0, 1.0, 1.0, 2.0, 1.0, 1.0, 2.0, 2.0, 1.0, 1.0, 1.0], [5.0, 2.0, 4.0, 2.0, 1.0, 4.0, 2.0, 2.0, 2.0, 1.0, 1.0, 2.0, 5.0, 2.0, 2.0, 2.0, 4.0, 2.0, 1.0, 2.0, 1.0, 1.0, 1.0, 2.0, 2.0, 1.0, 1.0, 2.0, 1.0, 2.0, 2.0, 2.0, 1.0, 1.0, 1.0, 2.0, 2.0, 1.0, 1.0, 1.0], [5.0, 2.0, 4.0, 2.0, 2.0, 2.0, 2.0, 2.0, 2.0, 1.0, 1.0, 2.0, 5.0, 2.0, 2.0, 2.0, 2.0, 4.0, 2.0, 2.0, 1.0, 2.0, 1.0, 2.0, 2.0, 1.0, 1.0, 2.0, 1.0, 2.0, 1.0, 2.0, 2.0, 1.0, 1.0, 1.0, 2.0, 1.0, 1.0, 1.0], [5.0, 2.0, 4.0, 2.0, 2.0, 2.0, 5.0, 2.0, 2.0, 1.0, 1.0, 2.0, 5.0, 2.0, 2.0, 2.0, 2.0, 2.0, 1.0, 2.0, 1.0, 2.0, 1.0, 2.0, 2.0, 1.0, 1.0, 2.0, 1.0, 2.0, 2.0, 1.0, 1.0, 1.0, 2.0, 2.0, 2.0, 1.0, 1.0, 1.0], [5.0, 2.0, 2.0, 2.0, 2.0, 2.0, 2.0, 2.0, 2.0, 1.0, 2.0, 2.0, 5.0, 2.0, 2.0, 2.0, 4.0, 2.0, 1.0, 2.0, 2.0, 2.0, 1.0, 2.0, 2.0, 2.0, 1.0, 2.0, 1.0, 2.0, 1.0, 1.0, 2.0, 1.0, 2.0, 2.0, 2.0, 1.0, 1.0, 1.0], [5.0, 2.0, 4.0, 2.0, 2.0, 2.0, 2.0, 2.0, 1.0, 1.0, 2.0, 2.0, 5.0, 2.0, 2.0, 2.0, 4.0, 2.0, 2.0, 2.0, 1.0, 4.0, 1.0, 2.0, 2.0, 1.0, 1.0, 2.0, 1.0, 1.0, 2.0, 1.0, 2.0, 1.0, 1.0, 1.0, 2.0, 1.0, 1.0, 1.0], [5.0, 2.0, 4.0, 4.0, 2.0, 4.0, 5.0, 2.0, 2.0, 1.0, 1.0, 2.0, 5.0, 2.0, 2.0, 2.0, 4.0, 2.0, 2.0, 2.0, 1.0, 2.0, 2.0, 2.0, 2.0, 1.0, 1.0, 2.0, 1.0, 2.0, 2.0, 2.0, 2.0, 1.0, 1.0, 2.0, 4.0, 1.0, 1.0, 2.0], [5.0, 2.0, 2.0, 2.0, 2.0, 2.0, 1.0, 2.0, 2.0, 1.0, 1.0, 2.0, 5.0, 2.0, 2.0, 1.0, 2.0, 2.0, 1.0, 2.0, 1.0, 2.0, 1.0, 2.0, 2.0, 1.0, 1.0, 2.0, 1.0, 2.0, 2.0, 2.0, 1.0, 1.0, 1.0, 2.0, 4.0, 1.0, 1.0, 1.0], [5.0, 2.0, 4.0, 2.0, 2.0, 2.0, 5.0, 2.0, 2.0, 1.0, 1.0, 2.0, 5.0, 2.0, 2.0, 2.0, 4.0, 2.0, 2.0, 2.0, 2.0, 2.0, 1.0, 2.0, 1.0, 1.0, 2.0, 2.0, 1.0, 2.0, 2.0, 2.0, 1.0, 1.0, 1.0, 2.0, 2.0, 1.0, 1.0, 2.0], [5.0, 1.0, 2.0, 2.0, 2.0, 2.0, 2.0, 4.0, 1.0, 1.0, 2.0, 1.0, 5.0, 2.0, 2.0, 2.0, 4.0, 2.0, 2.0, 2.0, 1.0, 2.0, 2.0, 2.0, 2.0, 1.0, 1.0, 2.0, 1.0, 2.0, 2.0, 2.0, 2.0, 1.0, 1.0, 2.0, 2.0, 1.0, 1.0, 1.0], [5.0, 4.0, 2.0, 2.0, 1.0, 2.0, 2.0, 2.0, 2.0, 1.0, 1.0, 2.0, 5.0, 2.0, 2.0, 1.0, 4.0, 2.0, 2.0, 2.0, 2.0, 2.0, 2.0, 2.0, 2.0, 1.0, 1.0, 2.0, 1.0, 2.0, 2.0, 2.0, 2.0, 1.0, 1.0, 2.0, 2.0, 1.0, 1.0, 1.0], [5.0, 2.0, 4.0, 2.0, 2.0, 2.0, 2.0, 2.0, 1.0, 1.0, 1.0, 2.0, 5.0, 2.0, 2.0, 2.0, 4.0, 2.0, 1.0, 2.0, 1.0, 2.0, 2.0, 2.0, 1.0, 1.0, 1.0, 2.0, 1.0, 2.0, 1.0, 1.0, 2.0, 1.0, 1.0, 1.0, 2.0, 1.0, 1.0, 2.0], [5.0, 2.0, 4.0, 2.0, 2.0, 2.0, 2.0, 2.0, 2.0, 1.0, 1.0, 1.0, 5.0, 2.0, 2.0, 2.0, 4.0, 2.0, 1.0, 2.0, 1.0, 2.0, 1.0, 2.0, 2.0, 1.0, 1.0, 2.0, 1.0, 2.0, 2.0, 2.0, 1.0, 1.0, 1.0, 2.0, 2.0, 1.0, 1.0, 1.0], [5.0, 2.0, 4.0, 2.0, 2.0, 2.0, 2.0, 2.0, 2.0, 1.0, 2.0, 2.0, 5.0, 2.0, 2.0, 2.0, 4.0, 2.0, 1.0, 2.0, 2.0, 2.0, 1.0, 2.0, 1.0, 1.0, 2.0, 2.0, 1.0, 2.0, 2.0, 1.0, 2.0, 1.0, 1.0, 2.0, 2.0, 1.0, 1.0, 2.0], [5.0, 1.0, 2.0, 2.0, 2.0, 2.0, 4.0, 2.0, 2.0, 1.0, 1.0, 2.0, 5.0, 2.0, 2.0, 2.0, 2.0, 2.0, 1.0, 2.0, 1.0, 1.0, 1.0, 2.0, 2.0, 2.0, 1.0, 2.0, 1.0, 2.0, 2.0, 1.0, 2.0, 1.0, 1.0, 2.0, 2.0, 1.0, 1.0, 1.0], [5.0, 2.0, 4.0, 2.0, 2.0, 4.0, 2.0, 2.0, 2.0, 1.0, 2.0, 2.0, 5.0, 2.0, 2.0, 2.0, 4.0, 2.0, 2.0, 2.0, 1.0, 2.0, 2.0, 2.0, 1.0, 1.0, 1.0, 2.0, 1.0, 2.0, 2.0, 2.0, 1.0, 1.0, 1.0, 1.0, 2.0, 1.0, 1.0, 1.0], [5.0, 2.0, 4.0, 2.0, 2.0, 2.0, 2.0, 2.0, 2.0, 1.0, 1.0, 2.0, 5.0, 2.0, 2.0, 2.0, 4.0, 2.0, 1.0, 2.0, 1.0, 4.0, 1.0, 2.0, 2.0, 1.0, 1.0, 2.0, 1.0, 2.0, 2.0, 2.0, 2.0, 1.0, 2.0, 2.0, 2.0, 1.0, 1.0, 1.0], [5.0, 2.0, 2.0, 2.0, 2.0, 2.0, 5.0, 2.0, 2.0, 1.0, 2.0, 2.0, 5.0, 2.0, 2.0, 2.0, 4.0, 2.0, 2.0, 2.0, 1.0, 2.0, 1.0, 2.0, 2.0, 1.0, 1.0, 2.0, 1.0, 2.0, 2.0, 1.0, 1.0, 1.0, 1.0, 2.0, 2.0, 1.0, 1.0, 1.0], [5.0, 2.0, 4.0, 2.0, 2.0, 4.0, 2.0, 4.0, 2.0, 1.0, 1.0, 2.0, 5.0, 2.0, 2.0, 2.0, 2.0, 2.0, 1.0, 2.0, 1.0, 2.0, 2.0, 2.0, 2.0, 1.0, 1.0, 2.0, 1.0, 2.0, 2.0, 1.0, 2.0, 1.0, 1.0, 2.0, 4.0, 1.0, 1.0, 1.0], [5.0, 2.0, 2.0, 2.0, 2.0, 2.0, 2.0, 2.0, 2.0, 1.0, 1.0, 2.0, 5.0, 2.0, 2.0, 2.0, 4.0, 2.0, 2.0, 2.0, 1.0, 2.0, 2.0, 2.0, 1.0, 1.0, 2.0, 2.0, 1.0, 2.0, 2.0, 2.0, 1.0, 1.0, 1.0, 2.0, 2.0, 1.0, 1.0, 1.0], [5.0, 2.0, 4.0, 2.0, 2.0, 2.0, 2.0, 2.0, 2.0, 1.0, 2.0, 2.0, 5.0, 2.0, 2.0, 2.0, 2.0, 2.0, 1.0, 2.0, 1.0, 4.0, 1.0, 2.0, 1.0, 1.0, 1.0, 2.0, 1.0, 2.0, 2.0, 1.0, 1.0, 1.0, 1.0, 2.0, 2.0, 1.0, 1.0, 1.0], [5.0, 2.0, 4.0, 2.0, 2.0, 4.0, 5.0, 4.0, 2.0, 1.0, 1.0, 2.0, 5.0, 2.0, 2.0, 2.0, 4.0, 2.0, 1.0, 2.0, 2.0, 4.0, 2.0, 2.0, 2.0, 1.0, 1.0, 2.0, 1.0, 2.0, 1.0, 2.0, 1.0, 1.0, 1.0, 2.0, 2.0, 1.0, 1.0, 1.0], [5.0, 2.0, 4.0, 2.0, 2.0, 4.0, 2.0, 2.0, 1.0, 1.0, 1.0, 2.0, 5.0, 2.0, 2.0, 2.0, 4.0, 2.0, 1.0, 2.0, 1.0, 2.0, 1.0, 2.0, 2.0, 1.0, 1.0, 2.0, 1.0, 1.0, 2.0, 2.0, 1.0, 1.0, 2.0, 2.0, 2.0, 1.0, 1.0, 2.0], [5.0, 2.0, 2.0, 2.0, 2.0, 2.0, 2.0, 2.0, 2.0, 1.0, 1.0, 2.0, 5.0, 2.0, 2.0, 2.0, 4.0, 2.0, 1.0, 2.0, 2.0, 2.0, 2.0, 2.0, 1.0, 1.0, 1.0, 2.0, 1.0, 2.0, 2.0, 4.0, 1.0, 1.0, 2.0, 2.0, 2.0, 1.0, 1.0, 1.0], [5.0, 2.0, 2.0, 2.0, 2.0, 2.0, 2.0, 2.0, 1.0, 1.0, 1.0, 2.0, 5.0, 2.0, 2.0, 2.0, 4.0, 2.0, 2.0, 2.0, 1.0, 2.0, 1.0, 2.0, 2.0, 1.0, 1.0, 2.0, 1.0, 2.0, 2.0, 1.0, 1.0, 1.0, 1.0, 2.0, 2.0, 1.0, 1.0, 1.0], [5.0, 2.0, 2.0, 2.0, 2.0, 4.0, 2.0, 2.0, 1.0, 1.0, 1.0, 2.0, 5.0, 2.0, 2.0, 2.0, 2.0, 2.0, 1.0, 2.0, 1.0, 2.0, 1.0, 2.0, 2.0, 2.0, 1.0, 2.0, 1.0, 2.0, 2.0, 2.0, 1.0, 1.0, 1.0, 2.0, 2.0, 1.0, 1.0, 1.0], [5.0, 2.0, 4.0, 2.0, 2.0, 2.0, 2.0, 2.0, 2.0, 1.0, 1.0, 2.0, 5.0, 2.0, 2.0, 2.0, 2.0, 2.0, 1.0, 2.0, 1.0, 2.0, 2.0, 2.0, 2.0, 1.0, 1.0, 2.0, 1.0, 2.0, 2.0, 1.0, 2.0, 1.0, 2.0, 2.0, 2.0, 1.0, 1.0, 2.0], [5.0, 2.0, 2.0, 4.0, 2.0, 2.0, 4.0, 4.0, 2.0, 1.0, 1.0, 2.0, 5.0, 2.0, 2.0, 2.0, 4.0, 2.0, 2.0, 2.0, 1.0, 2.0, 1.0, 2.0, 2.0, 1.0, 1.0, 2.0, 1.0, 2.0, 1.0, 2.0, 2.0, 1.0, 1.0, 2.0, 2.0, 1.0, 1.0, 1.0], [5.0, 2.0, 4.0, 2.0, 2.0, 2.0, 2.0, 2.0, 1.0, 1.0, 1.0, 2.0, 5.0, 2.0, 2.0, 2.0, 4.0, 2.0, 1.0, 2.0, 1.0, 1.0, 1.0, 2.0, 2.0, 1.0, 1.0, 2.0, 1.0, 2.0, 2.0, 1.0, 1.0, 1.0, 1.0, 1.0, 2.0, 1.0, 1.0, 1.0]]

