first layer check: Conv2d(6, 64, kernel_size=(7, 7), stride=(2, 2), padding=(3, 3), bias=False)

target ys
[4.0, 4.0, 2.0, 0.0, 2.0, 2.0, 4.0, 0.0, 3.0, 1.0, 4.0, 1.0, 2.0, 5.0, 4.0, 2.0, 3.0, 2.0, 4.0, 4.0, 3.0, 3.0, 1.0, 2.0, 1.0, 3.0, 1.0, 2.0, 1.0, 1.0, 2.0, 1.0, 2.0, 1.0, 1.0, 2.0, 2.0, 4.0, 1.0]

for model 0: mode acc: 0.3333333432674408, run mean acc: 0.3216666877269745, top-2 acc:0.5358333587646484, mode f1: 0.3333333432674408

model 0 mode preds
[0.0, 2.0, 0.0, 0.0, 4.0, 2.0, 5.0, 0.0, 2.0, 3.0, 3.0, 0.0, 5.0, 5.0, 0.0, 1.0, 2.0, 2.0, 5.0, 0.0, 2.0, 1.0, 1.0, 1.0, 1.0, 2.0, 1.0, 1.0, 1.0, 2.0, 0.0, 0.0, 1.0, 1.0, 1.0, 2.0, 4.0, 5.0, 1.0]

model 0 all preds
[[4.0, 2.0, 0.0, 1.0, 4.0, 2.0, 2.0, 0.0, 3.0, 3.0, 3.0, 0.0, 0.0, 2.0, 4.0, 1.0, 2.0, 2.0, 5.0, 0.0, 1.0, 2.0, 1.0, 1.0, 1.0, 2.0, 1.0, 1.0, 1.0, 1.0, 0.0, 2.0, 1.0, 1.0, 2.0, 2.0, 4.0, 5.0, 1.0], [0.0, 2.0, 0.0, 1.0, 4.0, 2.0, 5.0, 1.0, 2.0, 4.0, 2.0, 2.0, 5.0, 5.0, 5.0, 1.0, 3.0, 2.0, 5.0, 0.0, 2.0, 2.0, 2.0, 1.0, 1.0, 1.0, 1.0, 1.0, 2.0, 1.0, 0.0, 1.0, 1.0, 1.0, 1.0, 3.0, 4.0, 5.0, 1.0], [4.0, 2.0, 0.0, 1.0, 0.0, 0.0, 2.0, 0.0, 2.0, 4.0, 3.0, 0.0, 5.0, 5.0, 0.0, 1.0, 2.0, 2.0, 5.0, 0.0, 1.0, 1.0, 1.0, 1.0, 1.0, 5.0, 1.0, 1.0, 2.0, 2.0, 0.0, 3.0, 1.0, 1.0, 1.0, 3.0, 4.0, 5.0, 1.0], [4.0, 2.0, 0.0, 0.0, 0.0, 2.0, 2.0, 1.0, 2.0, 3.0, 1.0, 0.0, 2.0, 5.0, 0.0, 1.0, 2.0, 2.0, 5.0, 0.0, 2.0, 2.0, 1.0, 1.0, 1.0, 2.0, 1.0, 1.0, 1.0, 2.0, 1.0, 2.0, 1.0, 1.0, 2.0, 2.0, 4.0, 5.0, 1.0], [0.0, 2.0, 0.0, 0.0, 0.0, 4.0, 5.0, 0.0, 3.0, 4.0, 3.0, 0.0, 2.0, 5.0, 5.0, 1.0, 3.0, 0.0, 5.0, 0.0, 1.0, 1.0, 1.0, 1.0, 1.0, 5.0, 1.0, 1.0, 1.0, 1.0, 0.0, 0.0, 1.0, 1.0, 2.0, 2.0, 4.0, 5.0, 1.0], [2.0, 2.0, 0.0, 0.0, 4.0, 4.0, 5.0, 0.0, 2.0, 4.0, 1.0, 5.0, 0.0, 5.0, 5.0, 1.0, 2.0, 2.0, 5.0, 0.0, 1.0, 1.0, 1.0, 1.0, 1.0, 2.0, 1.0, 1.0, 1.0, 2.0, 0.0, 0.0, 1.0, 1.0, 1.0, 3.0, 4.0, 5.0, 1.0], [4.0, 2.0, 0.0, 1.0, 4.0, 2.0, 5.0, 0.0, 3.0, 3.0, 3.0, 0.0, 0.0, 5.0, 0.0, 1.0, 1.0, 2.0, 5.0, 0.0, 2.0, 2.0, 1.0, 1.0, 1.0, 0.0, 1.0, 1.0, 1.0, 2.0, 0.0, 0.0, 1.0, 1.0, 2.0, 2.0, 4.0, 5.0, 1.0], [4.0, 2.0, 0.0, 0.0, 4.0, 4.0, 5.0, 0.0, 2.0, 4.0, 1.0, 0.0, 5.0, 5.0, 2.0, 1.0, 3.0, 2.0, 5.0, 0.0, 2.0, 2.0, 1.0, 1.0, 1.0, 5.0, 1.0, 1.0, 1.0, 2.0, 1.0, 2.0, 1.0, 1.0, 2.0, 3.0, 4.0, 5.0, 1.0], [0.0, 2.0, 0.0, 0.0, 4.0, 5.0, 2.0, 0.0, 2.0, 1.0, 0.0, 5.0, 2.0, 5.0, 0.0, 1.0, 1.0, 2.0, 5.0, 5.0, 2.0, 1.0, 2.0, 1.0, 1.0, 2.0, 1.0, 1.0, 1.0, 1.0, 0.0, 0.0, 1.0, 1.0, 1.0, 3.0, 4.0, 5.0, 1.0], [0.0, 2.0, 0.0, 0.0, 2.0, 2.0, 2.0, 1.0, 2.0, 4.0, 1.0, 0.0, 0.0, 5.0, 2.0, 1.0, 2.0, 2.0, 5.0, 0.0, 2.0, 1.0, 1.0, 1.0, 1.0, 2.0, 1.0, 1.0, 1.0, 1.0, 0.0, 2.0, 1.0, 1.0, 1.0, 2.0, 4.0, 5.0, 1.0], [4.0, 2.0, 0.0, 0.0, 4.0, 0.0, 5.0, 0.0, 2.0, 3.0, 3.0, 0.0, 5.0, 5.0, 5.0, 1.0, 3.0, 2.0, 5.0, 0.0, 2.0, 1.0, 1.0, 1.0, 1.0, 5.0, 1.0, 1.0, 0.0, 2.0, 1.0, 1.0, 1.0, 1.0, 1.0, 3.0, 4.0, 5.0, 1.0], [0.0, 2.0, 5.0, 0.0, 4.0, 2.0, 5.0, 0.0, 2.0, 3.0, 1.0, 0.0, 0.0, 2.0, 0.0, 1.0, 3.0, 2.0, 5.0, 5.0, 2.0, 2.0, 1.0, 1.0, 1.0, 2.0, 1.0, 1.0, 1.0, 2.0, 1.0, 2.0, 1.0, 1.0, 2.0, 4.0, 4.0, 5.0, 1.0], [0.0, 2.0, 0.0, 0.0, 4.0, 4.0, 5.0, 1.0, 2.0, 3.0, 3.0, 0.0, 5.0, 5.0, 0.0, 1.0, 2.0, 2.0, 5.0, 0.0, 2.0, 2.0, 1.0, 1.0, 1.0, 2.0, 1.0, 1.0, 1.0, 2.0, 0.0, 0.0, 1.0, 1.0, 1.0, 3.0, 4.0, 5.0, 1.0], [2.0, 2.0, 0.0, 1.0, 4.0, 2.0, 5.0, 0.0, 2.0, 3.0, 3.0, 2.0, 2.0, 5.0, 0.0, 1.0, 1.0, 2.0, 5.0, 5.0, 2.0, 2.0, 1.0, 1.0, 1.0, 2.0, 1.0, 1.0, 1.0, 1.0, 0.0, 2.0, 1.0, 1.0, 2.0, 3.0, 4.0, 5.0, 1.0], [4.0, 2.0, 5.0, 0.0, 2.0, 2.0, 4.0, 0.0, 2.0, 1.0, 1.0, 0.0, 2.0, 5.0, 2.0, 1.0, 2.0, 2.0, 5.0, 0.0, 2.0, 1.0, 1.0, 1.0, 1.0, 2.0, 1.0, 1.0, 2.0, 2.0, 0.0, 1.0, 1.0, 2.0, 1.0, 3.0, 4.0, 5.0, 1.0], [2.0, 5.0, 0.0, 0.0, 4.0, 2.0, 5.0, 1.0, 2.0, 1.0, 1.0, 0.0, 2.0, 5.0, 4.0, 1.0, 2.0, 2.0, 5.0, 4.0, 2.0, 1.0, 1.0, 1.0, 1.0, 2.0, 1.0, 1.0, 2.0, 2.0, 0.0, 2.0, 1.0, 1.0, 1.0, 4.0, 4.0, 5.0, 1.0], [2.0, 2.0, 2.0, 0.0, 2.0, 2.0, 5.0, 1.0, 2.0, 4.0, 1.0, 0.0, 0.0, 5.0, 0.0, 1.0, 2.0, 0.0, 5.0, 0.0, 1.0, 2.0, 1.0, 1.0, 1.0, 5.0, 1.0, 1.0, 2.0, 2.0, 0.0, 2.0, 1.0, 1.0, 2.0, 2.0, 4.0, 5.0, 1.0], [2.0, 2.0, 0.0, 0.0, 0.0, 5.0, 5.0, 0.0, 2.0, 1.0, 3.0, 0.0, 2.0, 5.0, 0.0, 1.0, 1.0, 0.0, 5.0, 0.0, 2.0, 2.0, 1.0, 1.0, 1.0, 2.0, 1.0, 1.0, 2.0, 1.0, 2.0, 3.0, 1.0, 1.0, 2.0, 2.0, 4.0, 5.0, 1.0], [0.0, 5.0, 5.0, 0.0, 4.0, 4.0, 5.0, 0.0, 2.0, 3.0, 3.0, 5.0, 2.0, 5.0, 5.0, 1.0, 2.0, 2.0, 5.0, 0.0, 1.0, 2.0, 1.0, 1.0, 1.0, 2.0, 1.0, 1.0, 2.0, 1.0, 0.0, 0.0, 1.0, 1.0, 1.0, 2.0, 4.0, 5.0, 1.0], [4.0, 2.0, 5.0, 0.0, 4.0, 2.0, 2.0, 0.0, 2.0, 1.0, 1.0, 5.0, 5.0, 5.0, 2.0, 1.0, 2.0, 2.0, 5.0, 0.0, 2.0, 2.0, 1.0, 1.0, 1.0, 5.0, 1.0, 1.0, 1.0, 2.0, 0.0, 0.0, 2.0, 1.0, 1.0, 3.0, 4.0, 5.0, 1.0], [0.0, 5.0, 0.0, 0.0, 4.0, 2.0, 5.0, 1.0, 2.0, 3.0, 3.0, 5.0, 0.0, 5.0, 0.0, 1.0, 3.0, 2.0, 5.0, 0.0, 2.0, 2.0, 2.0, 1.0, 1.0, 2.0, 1.0, 1.0, 2.0, 1.0, 0.0, 0.0, 1.0, 1.0, 1.0, 3.0, 4.0, 5.0, 1.0], [0.0, 2.0, 0.0, 0.0, 4.0, 4.0, 5.0, 1.0, 2.0, 4.0, 3.0, 5.0, 2.0, 5.0, 0.0, 1.0, 1.0, 2.0, 5.0, 0.0, 2.0, 1.0, 1.0, 1.0, 1.0, 2.0, 1.0, 1.0, 1.0, 1.0, 0.0, 1.0, 1.0, 2.0, 1.0, 2.0, 4.0, 5.0, 1.0], [4.0, 2.0, 0.0, 0.0, 4.0, 2.0, 4.0, 0.0, 2.0, 3.0, 3.0, 5.0, 0.0, 5.0, 2.0, 1.0, 2.0, 4.0, 5.0, 5.0, 2.0, 1.0, 1.0, 1.0, 1.0, 2.0, 1.0, 1.0, 1.0, 1.0, 0.0, 2.0, 1.0, 1.0, 2.0, 2.0, 4.0, 5.0, 1.0], [4.0, 2.0, 0.0, 0.0, 2.0, 2.0, 5.0, 1.0, 2.0, 0.0, 2.0, 0.0, 2.0, 5.0, 0.0, 1.0, 2.0, 2.0, 5.0, 2.0, 1.0, 1.0, 2.0, 1.0, 1.0, 2.0, 1.0, 1.0, 1.0, 2.0, 1.0, 0.0, 1.0, 1.0, 1.0, 3.0, 4.0, 5.0, 1.0], [4.0, 2.0, 0.0, 0.0, 0.0, 4.0, 5.0, 1.0, 2.0, 0.0, 3.0, 5.0, 0.0, 5.0, 5.0, 1.0, 3.0, 2.0, 5.0, 0.0, 1.0, 2.0, 1.0, 1.0, 1.0, 1.0, 1.0, 1.0, 1.0, 2.0, 0.0, 0.0, 1.0, 1.0, 1.0, 4.0, 4.0, 5.0, 1.0], [0.0, 2.0, 0.0, 0.0, 4.0, 4.0, 4.0, 0.0, 2.0, 3.0, 3.0, 0.0, 5.0, 5.0, 5.0, 1.0, 1.0, 2.0, 5.0, 0.0, 2.0, 2.0, 1.0, 1.0, 1.0, 0.0, 1.0, 1.0, 1.0, 2.0, 0.0, 3.0, 1.0, 1.0, 1.0, 2.0, 4.0, 5.0, 1.0], [2.0, 2.0, 0.0, 0.0, 4.0, 2.0, 5.0, 0.0, 2.0, 4.0, 3.0, 5.0, 5.0, 5.0, 0.0, 1.0, 2.0, 2.0, 5.0, 0.0, 2.0, 2.0, 1.0, 1.0, 1.0, 1.0, 1.0, 1.0, 1.0, 0.0, 1.0, 1.0, 1.0, 1.0, 1.0, 3.0, 4.0, 5.0, 1.0], [0.0, 2.0, 0.0, 0.0, 0.0, 4.0, 5.0, 0.0, 2.0, 3.0, 1.0, 0.0, 2.0, 5.0, 2.0, 1.0, 1.0, 2.0, 5.0, 0.0, 2.0, 2.0, 1.0, 1.0, 1.0, 5.0, 1.0, 1.0, 1.0, 2.0, 0.0, 0.0, 2.0, 1.0, 2.0, 5.0, 4.0, 5.0, 1.0], [2.0, 2.0, 0.0, 0.0, 4.0, 2.0, 5.0, 0.0, 3.0, 1.0, 1.0, 2.0, 0.0, 5.0, 4.0, 1.0, 1.0, 2.0, 5.0, 2.0, 1.0, 1.0, 1.0, 1.0, 1.0, 2.0, 1.0, 1.0, 2.0, 1.0, 0.0, 2.0, 1.0, 1.0, 1.0, 4.0, 4.0, 5.0, 1.0], [0.0, 2.0, 0.0, 0.0, 4.0, 0.0, 5.0, 1.0, 2.0, 1.0, 0.0, 1.0, 2.0, 5.0, 0.0, 1.0, 1.0, 2.0, 5.0, 0.0, 2.0, 1.0, 1.0, 1.0, 1.0, 1.0, 1.0, 1.0, 1.0, 2.0, 0.0, 2.0, 1.0, 1.0, 2.0, 3.0, 4.0, 5.0, 1.0], [0.0, 5.0, 5.0, 0.0, 4.0, 4.0, 2.0, 0.0, 3.0, 1.0, 3.0, 0.0, 5.0, 5.0, 0.0, 1.0, 2.0, 2.0, 5.0, 0.0, 2.0, 2.0, 1.0, 1.0, 1.0, 1.0, 1.0, 1.0, 1.0, 2.0, 0.0, 3.0, 1.0, 1.0, 2.0, 2.0, 4.0, 5.0, 1.0], [0.0, 2.0, 0.0, 0.0, 2.0, 2.0, 2.0, 1.0, 2.0, 3.0, 1.0, 5.0, 5.0, 5.0, 2.0, 1.0, 2.0, 2.0, 5.0, 0.0, 2.0, 1.0, 1.0, 1.0, 1.0, 5.0, 1.0, 1.0, 1.0, 1.0, 0.0, 2.0, 1.0, 1.0, 1.0, 2.0, 4.0, 5.0, 1.0], [2.0, 2.0, 5.0, 0.0, 4.0, 2.0, 5.0, 1.0, 4.0, 3.0, 3.0, 0.0, 5.0, 2.0, 4.0, 1.0, 3.0, 2.0, 5.0, 5.0, 2.0, 1.0, 1.0, 1.0, 1.0, 5.0, 1.0, 1.0, 1.0, 0.0, 0.0, 0.0, 1.0, 1.0, 1.0, 4.0, 4.0, 5.0, 1.0], [2.0, 2.0, 0.0, 0.0, 4.0, 2.0, 2.0, 0.0, 2.0, 4.0, 3.0, 5.0, 0.0, 5.0, 2.0, 1.0, 2.0, 2.0, 5.0, 0.0, 2.0, 1.0, 1.0, 1.0, 1.0, 2.0, 1.0, 1.0, 1.0, 2.0, 0.0, 0.0, 1.0, 2.0, 1.0, 2.0, 4.0, 5.0, 1.0], [0.0, 2.0, 5.0, 0.0, 4.0, 0.0, 5.0, 0.0, 3.0, 3.0, 3.0, 0.0, 5.0, 5.0, 2.0, 1.0, 3.0, 2.0, 5.0, 2.0, 2.0, 1.0, 1.0, 1.0, 1.0, 2.0, 1.0, 1.0, 2.0, 2.0, 1.0, 2.0, 1.0, 1.0, 1.0, 3.0, 4.0, 5.0, 1.0], [0.0, 2.0, 0.0, 1.0, 4.0, 2.0, 2.0, 1.0, 2.0, 1.0, 1.0, 0.0, 0.0, 5.0, 2.0, 1.0, 1.0, 2.0, 5.0, 0.0, 1.0, 1.0, 1.0, 1.0, 1.0, 5.0, 1.0, 1.0, 2.0, 1.0, 0.0, 3.0, 1.0, 1.0, 2.0, 2.0, 4.0, 5.0, 1.0], [0.0, 2.0, 5.0, 1.0, 2.0, 1.0, 5.0, 1.0, 3.0, 3.0, 3.0, 2.0, 5.0, 5.0, 0.0, 1.0, 1.0, 2.0, 5.0, 5.0, 1.0, 1.0, 1.0, 1.0, 1.0, 1.0, 1.0, 1.0, 2.0, 1.0, 0.0, 2.0, 1.0, 1.0, 2.0, 2.0, 4.0, 5.0, 1.0], [2.0, 2.0, 0.0, 0.0, 4.0, 4.0, 2.0, 0.0, 2.0, 3.0, 1.0, 0.0, 5.0, 2.0, 0.0, 1.0, 1.0, 2.0, 5.0, 2.0, 1.0, 1.0, 1.0, 1.0, 1.0, 5.0, 1.0, 1.0, 1.0, 1.0, 1.0, 2.0, 1.0, 1.0, 1.0, 2.0, 4.0, 5.0, 1.0], [4.0, 2.0, 0.0, 0.0, 2.0, 2.0, 5.0, 0.0, 2.0, 0.0, 0.0, 5.0, 5.0, 5.0, 2.0, 1.0, 2.0, 0.0, 5.0, 0.0, 2.0, 1.0, 1.0, 1.0, 1.0, 1.0, 1.0, 1.0, 1.0, 0.0, 0.0, 1.0, 1.0, 1.0, 1.0, 3.0, 4.0, 5.0, 1.0], [2.0, 2.0, 0.0, 0.0, 4.0, 2.0, 2.0, 0.0, 2.0, 3.0, 1.0, 5.0, 5.0, 5.0, 2.0, 1.0, 3.0, 2.0, 5.0, 0.0, 2.0, 0.0, 1.0, 1.0, 1.0, 2.0, 1.0, 1.0, 2.0, 1.0, 0.0, 2.0, 1.0, 2.0, 1.0, 3.0, 4.0, 5.0, 1.0], [4.0, 2.0, 0.0, 1.0, 0.0, 4.0, 2.0, 1.0, 2.0, 3.0, 3.0, 2.0, 0.0, 5.0, 5.0, 1.0, 1.0, 0.0, 5.0, 0.0, 2.0, 1.0, 1.0, 1.0, 1.0, 0.0, 1.0, 1.0, 1.0, 1.0, 0.0, 2.0, 1.0, 1.0, 2.0, 3.0, 4.0, 5.0, 1.0], [0.0, 2.0, 0.0, 0.0, 2.0, 2.0, 5.0, 0.0, 2.0, 3.0, 3.0, 5.0, 5.0, 5.0, 2.0, 1.0, 2.0, 0.0, 5.0, 0.0, 2.0, 2.0, 1.0, 1.0, 1.0, 2.0, 1.0, 1.0, 1.0, 1.0, 0.0, 0.0, 1.0, 1.0, 2.0, 3.0, 4.0, 5.0, 1.0], [4.0, 2.0, 0.0, 0.0, 4.0, 2.0, 4.0, 1.0, 2.0, 0.0, 3.0, 0.0, 5.0, 5.0, 2.0, 1.0, 3.0, 0.0, 5.0, 0.0, 2.0, 2.0, 1.0, 1.0, 1.0, 1.0, 1.0, 1.0, 1.0, 2.0, 0.0, 0.0, 1.0, 1.0, 1.0, 4.0, 4.0, 5.0, 1.0], [0.0, 2.0, 0.0, 0.0, 4.0, 2.0, 2.0, 0.0, 2.0, 1.0, 3.0, 2.0, 0.0, 5.0, 5.0, 1.0, 2.0, 2.0, 5.0, 0.0, 2.0, 2.0, 1.0, 1.0, 1.0, 2.0, 1.0, 1.0, 0.0, 2.0, 1.0, 0.0, 1.0, 1.0, 2.0, 3.0, 4.0, 5.0, 1.0], [2.0, 2.0, 5.0, 0.0, 4.0, 2.0, 2.0, 0.0, 2.0, 0.0, 1.0, 5.0, 5.0, 5.0, 2.0, 1.0, 2.0, 2.0, 5.0, 0.0, 2.0, 1.0, 1.0, 1.0, 1.0, 1.0, 1.0, 1.0, 1.0, 1.0, 0.0, 2.0, 1.0, 1.0, 1.0, 4.0, 4.0, 5.0, 1.0], [2.0, 2.0, 0.0, 0.0, 0.0, 5.0, 5.0, 0.0, 3.0, 0.0, 1.0, 5.0, 2.0, 5.0, 2.0, 1.0, 2.0, 4.0, 5.0, 4.0, 2.0, 2.0, 1.0, 1.0, 1.0, 2.0, 1.0, 1.0, 1.0, 2.0, 1.0, 0.0, 1.0, 1.0, 2.0, 2.0, 4.0, 5.0, 1.0], [4.0, 2.0, 0.0, 0.0, 4.0, 2.0, 5.0, 0.0, 2.0, 3.0, 3.0, 5.0, 5.0, 5.0, 0.0, 1.0, 2.0, 0.0, 5.0, 0.0, 1.0, 1.0, 1.0, 1.0, 1.0, 2.0, 1.0, 1.0, 2.0, 2.0, 0.0, 0.0, 1.0, 2.0, 2.0, 3.0, 4.0, 5.0, 1.0], [0.0, 2.0, 0.0, 0.0, 5.0, 2.0, 4.0, 1.0, 3.0, 3.0, 1.0, 5.0, 5.0, 5.0, 2.0, 1.0, 1.0, 2.0, 5.0, 5.0, 2.0, 2.0, 1.0, 1.0, 1.0, 0.0, 1.0, 1.0, 1.0, 2.0, 0.0, 0.0, 1.0, 1.0, 2.0, 2.0, 4.0, 5.0, 1.0], [4.0, 2.0, 0.0, 0.0, 4.0, 5.0, 2.0, 1.0, 2.0, 3.0, 3.0, 0.0, 5.0, 5.0, 0.0, 1.0, 1.0, 2.0, 5.0, 0.0, 2.0, 1.0, 1.0, 1.0, 1.0, 1.0, 1.0, 1.0, 2.0, 2.0, 1.0, 1.0, 1.0, 1.0, 1.0, 2.0, 4.0, 5.0, 1.0], [2.0, 2.0, 0.0, 0.0, 4.0, 2.0, 2.0, 1.0, 2.0, 3.0, 1.0, 0.0, 0.0, 5.0, 5.0, 1.0, 2.0, 2.0, 5.0, 2.0, 2.0, 1.0, 1.0, 1.0, 1.0, 5.0, 1.0, 1.0, 1.0, 1.0, 1.0, 1.0, 1.0, 1.0, 2.0, 2.0, 4.0, 5.0, 1.0]]

first layer check: Conv2d(6, 64, kernel_size=(7, 7), stride=(2, 2), padding=(3, 3), bias=False)

for model 1: mode acc: 0.20512820780277252, run mean acc: 0.22958333790302277, top-2 acc:0.6266666650772095, mode f1: 0.20512820780277252

model 1 mode preds
[3.0, 3.0, 3.0, 3.0, 3.0, 3.0, 4.0, 0.0, 3.0, 3.0, 3.0, 3.0, 3.0, 3.0, 4.0, 3.0, 3.0, 3.0, 5.0, 3.0, 2.0, 2.0, 2.0, 3.0, 1.0, 3.0, 1.0, 3.0, 3.0, 2.0, 1.0, 3.0, 1.0, 3.0, 2.0, 3.0, 3.0, 5.0, 3.0]

model 1 all preds
[[4.0, 4.0, 3.0, 3.0, 3.0, 3.0, 4.0, 0.0, 3.0, 3.0, 3.0, 3.0, 3.0, 3.0, 4.0, 3.0, 3.0, 3.0, 5.0, 3.0, 2.0, 2.0, 2.0, 3.0, 0.0, 2.0, 1.0, 3.0, 3.0, 2.0, 1.0, 3.0, 1.0, 3.0, 2.0, 3.0, 3.0, 5.0, 2.0], [3.0, 3.0, 3.0, 0.0, 3.0, 4.0, 4.0, 3.0, 3.0, 3.0, 3.0, 0.0, 5.0, 3.0, 4.0, 3.0, 3.0, 3.0, 3.0, 3.0, 5.0, 2.0, 2.0, 3.0, 1.0, 3.0, 1.0, 3.0, 3.0, 3.0, 0.0, 3.0, 1.0, 3.0, 2.0, 3.0, 3.0, 5.0, 3.0], [3.0, 3.0, 3.0, 3.0, 3.0, 3.0, 5.0, 0.0, 3.0, 3.0, 3.0, 3.0, 3.0, 5.0, 4.0, 3.0, 3.0, 3.0, 5.0, 3.0, 3.0, 2.0, 2.0, 3.0, 1.0, 3.0, 1.0, 1.0, 3.0, 2.0, 3.0, 3.0, 1.0, 3.0, 3.0, 3.0, 3.0, 5.0, 3.0], [4.0, 3.0, 3.0, 3.0, 4.0, 3.0, 4.0, 0.0, 3.0, 3.0, 3.0, 2.0, 0.0, 5.0, 2.0, 3.0, 3.0, 3.0, 5.0, 3.0, 3.0, 2.0, 2.0, 3.0, 0.0, 2.0, 1.0, 3.0, 3.0, 2.0, 1.0, 3.0, 1.0, 3.0, 2.0, 3.0, 3.0, 5.0, 1.0], [4.0, 3.0, 3.0, 0.0, 3.0, 5.0, 4.0, 0.0, 3.0, 3.0, 3.0, 3.0, 3.0, 3.0, 4.0, 3.0, 3.0, 3.0, 5.0, 3.0, 3.0, 2.0, 2.0, 3.0, 1.0, 3.0, 1.0, 3.0, 3.0, 1.0, 1.0, 3.0, 2.0, 3.0, 2.0, 3.0, 3.0, 5.0, 3.0], [3.0, 4.0, 3.0, 3.0, 4.0, 3.0, 4.0, 0.0, 3.0, 3.0, 3.0, 0.0, 2.0, 3.0, 4.0, 3.0, 3.0, 3.0, 5.0, 3.0, 2.0, 2.0, 2.0, 3.0, 1.0, 2.0, 1.0, 3.0, 3.0, 3.0, 1.0, 3.0, 3.0, 3.0, 2.0, 3.0, 3.0, 5.0, 2.0], [3.0, 3.0, 3.0, 0.0, 4.0, 3.0, 4.0, 0.0, 3.0, 3.0, 3.0, 0.0, 3.0, 5.0, 4.0, 3.0, 3.0, 3.0, 4.0, 3.0, 4.0, 2.0, 2.0, 3.0, 1.0, 3.0, 1.0, 3.0, 3.0, 2.0, 0.0, 3.0, 1.0, 3.0, 2.0, 3.0, 3.0, 3.0, 1.0], [4.0, 3.0, 3.0, 0.0, 3.0, 4.0, 5.0, 0.0, 3.0, 3.0, 3.0, 4.0, 3.0, 5.0, 4.0, 3.0, 3.0, 3.0, 5.0, 3.0, 3.0, 2.0, 2.0, 3.0, 1.0, 3.0, 1.0, 3.0, 3.0, 2.0, 3.0, 3.0, 3.0, 3.0, 2.0, 3.0, 3.0, 5.0, 1.0], [3.0, 3.0, 3.0, 0.0, 4.0, 3.0, 4.0, 0.0, 3.0, 3.0, 3.0, 3.0, 3.0, 3.0, 4.0, 3.0, 3.0, 3.0, 5.0, 3.0, 3.0, 2.0, 2.0, 3.0, 1.0, 3.0, 3.0, 3.0, 3.0, 2.0, 1.0, 3.0, 1.0, 3.0, 1.0, 3.0, 3.0, 5.0, 3.0], [3.0, 3.0, 3.0, 0.0, 4.0, 3.0, 4.0, 0.0, 3.0, 3.0, 3.0, 3.0, 3.0, 5.0, 0.0, 3.0, 3.0, 3.0, 5.0, 3.0, 4.0, 1.0, 2.0, 3.0, 0.0, 3.0, 1.0, 1.0, 3.0, 2.0, 1.0, 3.0, 1.0, 3.0, 3.0, 2.0, 3.0, 5.0, 1.0], [3.0, 3.0, 3.0, 3.0, 4.0, 3.0, 4.0, 0.0, 3.0, 3.0, 3.0, 3.0, 0.0, 3.0, 4.0, 3.0, 3.0, 3.0, 5.0, 3.0, 2.0, 2.0, 2.0, 2.0, 1.0, 3.0, 1.0, 3.0, 3.0, 2.0, 1.0, 3.0, 1.0, 3.0, 2.0, 3.0, 3.0, 5.0, 3.0], [3.0, 3.0, 3.0, 3.0, 3.0, 3.0, 4.0, 0.0, 3.0, 3.0, 3.0, 4.0, 3.0, 5.0, 3.0, 3.0, 3.0, 2.0, 3.0, 3.0, 2.0, 2.0, 2.0, 3.0, 1.0, 3.0, 1.0, 1.0, 3.0, 2.0, 1.0, 3.0, 2.0, 3.0, 3.0, 3.0, 3.0, 5.0, 3.0], [3.0, 3.0, 3.0, 0.0, 4.0, 3.0, 4.0, 3.0, 3.0, 3.0, 3.0, 3.0, 3.0, 3.0, 4.0, 3.0, 3.0, 2.0, 5.0, 3.0, 2.0, 2.0, 2.0, 3.0, 0.0, 3.0, 1.0, 3.0, 3.0, 2.0, 0.0, 3.0, 1.0, 3.0, 2.0, 3.0, 3.0, 5.0, 3.0], [3.0, 3.0, 3.0, 3.0, 3.0, 3.0, 4.0, 0.0, 3.0, 3.0, 3.0, 2.0, 3.0, 3.0, 3.0, 3.0, 3.0, 3.0, 4.0, 3.0, 2.0, 2.0, 2.0, 3.0, 0.0, 2.0, 1.0, 0.0, 3.0, 2.0, 1.0, 3.0, 1.0, 3.0, 3.0, 3.0, 3.0, 5.0, 3.0], [4.0, 3.0, 3.0, 0.0, 3.0, 3.0, 4.0, 0.0, 3.0, 3.0, 3.0, 4.0, 3.0, 3.0, 4.0, 3.0, 3.0, 3.0, 5.0, 3.0, 3.0, 1.0, 2.0, 3.0, 1.0, 3.0, 1.0, 1.0, 3.0, 2.0, 3.0, 3.0, 1.0, 3.0, 2.0, 3.0, 3.0, 3.0, 3.0], [4.0, 3.0, 3.0, 3.0, 3.0, 3.0, 4.0, 0.0, 3.0, 3.0, 3.0, 3.0, 0.0, 3.0, 4.0, 3.0, 3.0, 3.0, 5.0, 3.0, 3.0, 2.0, 2.0, 3.0, 0.0, 3.0, 1.0, 0.0, 3.0, 2.0, 3.0, 3.0, 3.0, 3.0, 2.0, 3.0, 3.0, 3.0, 1.0], [3.0, 3.0, 3.0, 3.0, 3.0, 3.0, 4.0, 0.0, 3.0, 3.0, 3.0, 3.0, 4.0, 3.0, 0.0, 3.0, 3.0, 3.0, 5.0, 3.0, 2.0, 2.0, 2.0, 3.0, 1.0, 3.0, 1.0, 3.0, 3.0, 2.0, 3.0, 3.0, 1.0, 3.0, 2.0, 3.0, 3.0, 5.0, 1.0], [3.0, 3.0, 3.0, 3.0, 3.0, 3.0, 4.0, 0.0, 3.0, 3.0, 3.0, 2.0, 0.0, 5.0, 3.0, 3.0, 3.0, 3.0, 3.0, 3.0, 3.0, 2.0, 2.0, 3.0, 1.0, 3.0, 1.0, 1.0, 3.0, 2.0, 1.0, 3.0, 1.0, 3.0, 2.0, 3.0, 3.0, 5.0, 1.0], [4.0, 4.0, 3.0, 3.0, 4.0, 3.0, 4.0, 3.0, 3.0, 3.0, 3.0, 3.0, 0.0, 3.0, 5.0, 3.0, 3.0, 3.0, 5.0, 3.0, 3.0, 2.0, 2.0, 3.0, 1.0, 3.0, 1.0, 3.0, 3.0, 2.0, 0.0, 3.0, 3.0, 3.0, 2.0, 3.0, 3.0, 5.0, 2.0], [3.0, 4.0, 3.0, 0.0, 4.0, 3.0, 4.0, 3.0, 3.0, 3.0, 3.0, 2.0, 0.0, 3.0, 4.0, 3.0, 3.0, 3.0, 5.0, 3.0, 3.0, 2.0, 2.0, 3.0, 1.0, 3.0, 1.0, 3.0, 3.0, 3.0, 3.0, 3.0, 1.0, 3.0, 3.0, 3.0, 3.0, 5.0, 1.0], [4.0, 3.0, 3.0, 0.0, 3.0, 2.0, 4.0, 0.0, 3.0, 3.0, 3.0, 2.0, 0.0, 3.0, 2.0, 3.0, 3.0, 3.0, 5.0, 3.0, 2.0, 2.0, 2.0, 3.0, 0.0, 3.0, 1.0, 3.0, 5.0, 2.0, 2.0, 3.0, 1.0, 3.0, 2.0, 3.0, 3.0, 3.0, 2.0], [3.0, 3.0, 3.0, 0.0, 4.0, 5.0, 4.0, 0.0, 3.0, 3.0, 3.0, 3.0, 3.0, 5.0, 4.0, 3.0, 3.0, 3.0, 5.0, 3.0, 3.0, 2.0, 2.0, 3.0, 1.0, 3.0, 1.0, 3.0, 3.0, 4.0, 1.0, 3.0, 1.0, 3.0, 2.0, 3.0, 3.0, 5.0, 1.0], [4.0, 4.0, 3.0, 3.0, 4.0, 3.0, 4.0, 0.0, 3.0, 3.0, 3.0, 3.0, 3.0, 3.0, 3.0, 3.0, 3.0, 2.0, 5.0, 3.0, 2.0, 1.0, 2.0, 3.0, 0.0, 3.0, 3.0, 3.0, 3.0, 3.0, 1.0, 3.0, 1.0, 3.0, 3.0, 3.0, 3.0, 3.0, 1.0], [3.0, 3.0, 3.0, 0.0, 3.0, 3.0, 4.0, 0.0, 3.0, 3.0, 3.0, 3.0, 4.0, 3.0, 4.0, 3.0, 3.0, 3.0, 4.0, 3.0, 2.0, 2.0, 2.0, 3.0, 0.0, 2.0, 1.0, 0.0, 3.0, 2.0, 1.0, 3.0, 2.0, 3.0, 2.0, 3.0, 3.0, 5.0, 1.0], [3.0, 3.0, 3.0, 3.0, 3.0, 3.0, 4.0, 0.0, 3.0, 3.0, 3.0, 3.0, 3.0, 3.0, 4.0, 3.0, 3.0, 3.0, 4.0, 3.0, 3.0, 2.0, 2.0, 3.0, 1.0, 2.0, 1.0, 3.0, 3.0, 2.0, 3.0, 0.0, 1.0, 3.0, 2.0, 3.0, 3.0, 3.0, 1.0], [3.0, 3.0, 3.0, 3.0, 3.0, 3.0, 4.0, 0.0, 3.0, 3.0, 3.0, 3.0, 4.0, 3.0, 4.0, 3.0, 3.0, 3.0, 5.0, 3.0, 2.0, 2.0, 2.0, 3.0, 1.0, 3.0, 3.0, 3.0, 3.0, 2.0, 1.0, 3.0, 1.0, 3.0, 2.0, 3.0, 3.0, 3.0, 3.0], [4.0, 3.0, 3.0, 0.0, 4.0, 3.0, 4.0, 3.0, 3.0, 3.0, 3.0, 3.0, 5.0, 3.0, 4.0, 3.0, 3.0, 3.0, 5.0, 3.0, 3.0, 1.0, 2.0, 3.0, 0.0, 2.0, 1.0, 0.0, 3.0, 2.0, 1.0, 3.0, 1.0, 3.0, 3.0, 3.0, 3.0, 5.0, 1.0], [4.0, 5.0, 3.0, 0.0, 4.0, 3.0, 4.0, 3.0, 3.0, 3.0, 3.0, 3.0, 0.0, 5.0, 4.0, 3.0, 3.0, 3.0, 5.0, 3.0, 3.0, 1.0, 2.0, 3.0, 1.0, 3.0, 1.0, 1.0, 3.0, 4.0, 0.0, 3.0, 3.0, 3.0, 1.0, 3.0, 3.0, 3.0, 3.0], [3.0, 3.0, 3.0, 3.0, 3.0, 4.0, 4.0, 0.0, 3.0, 3.0, 3.0, 4.0, 5.0, 3.0, 3.0, 3.0, 3.0, 3.0, 4.0, 3.0, 2.0, 2.0, 2.0, 3.0, 1.0, 2.0, 1.0, 3.0, 3.0, 3.0, 1.0, 3.0, 1.0, 3.0, 3.0, 3.0, 3.0, 3.0, 3.0], [3.0, 3.0, 3.0, 0.0, 3.0, 3.0, 4.0, 0.0, 3.0, 3.0, 3.0, 2.0, 4.0, 3.0, 4.0, 3.0, 3.0, 3.0, 5.0, 3.0, 4.0, 1.0, 2.0, 3.0, 1.0, 3.0, 1.0, 0.0, 3.0, 2.0, 1.0, 3.0, 2.0, 3.0, 2.0, 2.0, 3.0, 5.0, 1.0], [4.0, 3.0, 3.0, 0.0, 4.0, 3.0, 4.0, 3.0, 4.0, 3.0, 3.0, 2.0, 5.0, 5.0, 4.0, 3.0, 3.0, 3.0, 5.0, 3.0, 3.0, 1.0, 2.0, 3.0, 0.0, 3.0, 1.0, 3.0, 3.0, 2.0, 3.0, 3.0, 1.0, 3.0, 3.0, 3.0, 3.0, 4.0, 3.0], [3.0, 4.0, 3.0, 0.0, 3.0, 3.0, 4.0, 0.0, 3.0, 3.0, 3.0, 3.0, 0.0, 5.0, 4.0, 3.0, 3.0, 3.0, 5.0, 3.0, 2.0, 1.0, 2.0, 3.0, 0.0, 3.0, 1.0, 3.0, 3.0, 2.0, 1.0, 3.0, 2.0, 3.0, 2.0, 3.0, 3.0, 3.0, 2.0], [3.0, 4.0, 3.0, 3.0, 4.0, 3.0, 4.0, 3.0, 3.0, 3.0, 3.0, 3.0, 3.0, 3.0, 4.0, 3.0, 3.0, 3.0, 5.0, 3.0, 2.0, 2.0, 2.0, 3.0, 1.0, 3.0, 1.0, 3.0, 3.0, 3.0, 1.0, 3.0, 1.0, 3.0, 2.0, 3.0, 3.0, 3.0, 3.0], [4.0, 4.0, 3.0, 3.0, 3.0, 3.0, 4.0, 3.0, 3.0, 3.0, 3.0, 3.0, 3.0, 3.0, 4.0, 3.0, 3.0, 3.0, 5.0, 3.0, 3.0, 2.0, 2.0, 3.0, 0.0, 3.0, 1.0, 1.0, 3.0, 2.0, 3.0, 3.0, 1.0, 3.0, 3.0, 3.0, 3.0, 4.0, 2.0], [3.0, 4.0, 3.0, 3.0, 3.0, 3.0, 4.0, 3.0, 3.0, 3.0, 3.0, 4.0, 3.0, 5.0, 4.0, 3.0, 3.0, 3.0, 5.0, 3.0, 3.0, 2.0, 2.0, 3.0, 1.0, 2.0, 1.0, 0.0, 3.0, 2.0, 3.0, 3.0, 2.0, 3.0, 3.0, 3.0, 3.0, 4.0, 3.0], [4.0, 4.0, 3.0, 0.0, 4.0, 3.0, 4.0, 0.0, 3.0, 3.0, 3.0, 3.0, 3.0, 3.0, 3.0, 3.0, 3.0, 3.0, 5.0, 3.0, 2.0, 2.0, 2.0, 3.0, 0.0, 2.0, 1.0, 3.0, 3.0, 2.0, 1.0, 3.0, 1.0, 3.0, 3.0, 3.0, 3.0, 3.0, 3.0], [3.0, 3.0, 3.0, 3.0, 3.0, 3.0, 4.0, 0.0, 3.0, 3.0, 3.0, 3.0, 4.0, 3.0, 0.0, 3.0, 3.0, 2.0, 5.0, 3.0, 2.0, 2.0, 2.0, 3.0, 1.0, 3.0, 1.0, 3.0, 3.0, 2.0, 1.0, 3.0, 1.0, 3.0, 3.0, 3.0, 3.0, 3.0, 1.0], [3.0, 3.0, 3.0, 3.0, 3.0, 2.0, 5.0, 0.0, 3.0, 3.0, 3.0, 2.0, 0.0, 3.0, 4.0, 3.0, 3.0, 2.0, 5.0, 3.0, 2.0, 2.0, 2.0, 3.0, 1.0, 2.0, 1.0, 1.0, 3.0, 2.0, 1.0, 3.0, 1.0, 3.0, 3.0, 3.0, 3.0, 3.0, 1.0], [4.0, 3.0, 3.0, 0.0, 3.0, 3.0, 4.0, 0.0, 3.0, 3.0, 3.0, 2.0, 4.0, 3.0, 2.0, 3.0, 3.0, 3.0, 3.0, 3.0, 2.0, 2.0, 2.0, 3.0, 1.0, 3.0, 1.0, 3.0, 3.0, 2.0, 1.0, 3.0, 1.0, 3.0, 2.0, 3.0, 3.0, 5.0, 1.0], [4.0, 4.0, 3.0, 0.0, 4.0, 2.0, 2.0, 0.0, 3.0, 3.0, 3.0, 3.0, 4.0, 3.0, 4.0, 3.0, 3.0, 3.0, 5.0, 3.0, 3.0, 2.0, 2.0, 3.0, 1.0, 2.0, 1.0, 3.0, 3.0, 2.0, 1.0, 3.0, 1.0, 3.0, 2.0, 3.0, 3.0, 5.0, 3.0], [3.0, 3.0, 3.0, 0.0, 4.0, 2.0, 4.0, 0.0, 3.0, 3.0, 3.0, 2.0, 3.0, 3.0, 3.0, 3.0, 3.0, 2.0, 5.0, 3.0, 3.0, 2.0, 2.0, 3.0, 0.0, 1.0, 1.0, 0.0, 3.0, 2.0, 1.0, 3.0, 1.0, 3.0, 3.0, 3.0, 3.0, 3.0, 3.0], [3.0, 3.0, 3.0, 0.0, 3.0, 3.0, 4.0, 0.0, 3.0, 3.0, 3.0, 3.0, 3.0, 3.0, 4.0, 3.0, 3.0, 3.0, 5.0, 3.0, 2.0, 2.0, 2.0, 3.0, 1.0, 3.0, 1.0, 3.0, 3.0, 2.0, 1.0, 3.0, 1.0, 3.0, 2.0, 3.0, 3.0, 5.0, 2.0], [3.0, 5.0, 3.0, 3.0, 3.0, 4.0, 4.0, 0.0, 3.0, 3.0, 3.0, 3.0, 2.0, 3.0, 3.0, 3.0, 3.0, 3.0, 5.0, 3.0, 3.0, 2.0, 2.0, 2.0, 1.0, 3.0, 1.0, 3.0, 3.0, 2.0, 3.0, 3.0, 2.0, 3.0, 2.0, 3.0, 3.0, 3.0, 2.0], [4.0, 4.0, 3.0, 3.0, 4.0, 3.0, 4.0, 0.0, 3.0, 3.0, 3.0, 3.0, 0.0, 3.0, 5.0, 3.0, 3.0, 3.0, 5.0, 3.0, 4.0, 2.0, 3.0, 3.0, 1.0, 2.0, 1.0, 3.0, 3.0, 4.0, 1.0, 3.0, 3.0, 3.0, 2.0, 3.0, 3.0, 5.0, 1.0], [4.0, 3.0, 3.0, 3.0, 3.0, 3.0, 4.0, 3.0, 3.0, 3.0, 3.0, 3.0, 3.0, 5.0, 4.0, 3.0, 3.0, 3.0, 5.0, 3.0, 2.0, 2.0, 2.0, 3.0, 1.0, 2.0, 1.0, 3.0, 3.0, 2.0, 0.0, 3.0, 3.0, 3.0, 3.0, 3.0, 3.0, 5.0, 2.0], [3.0, 4.0, 3.0, 0.0, 4.0, 3.0, 4.0, 3.0, 3.0, 3.0, 3.0, 1.0, 3.0, 3.0, 2.0, 3.0, 3.0, 3.0, 3.0, 3.0, 2.0, 2.0, 2.0, 3.0, 0.0, 2.0, 3.0, 0.0, 3.0, 2.0, 1.0, 3.0, 1.0, 3.0, 2.0, 3.0, 3.0, 5.0, 1.0], [4.0, 3.0, 3.0, 3.0, 3.0, 3.0, 4.0, 0.0, 3.0, 3.0, 3.0, 2.0, 0.0, 5.0, 4.0, 3.0, 3.0, 2.0, 5.0, 4.0, 3.0, 2.0, 2.0, 3.0, 1.0, 2.0, 3.0, 3.0, 2.0, 2.0, 1.0, 3.0, 1.0, 3.0, 2.0, 3.0, 3.0, 5.0, 3.0], [3.0, 4.0, 3.0, 3.0, 4.0, 2.0, 4.0, 0.0, 3.0, 3.0, 3.0, 3.0, 0.0, 3.0, 4.0, 3.0, 3.0, 3.0, 5.0, 3.0, 2.0, 2.0, 2.0, 3.0, 0.0, 3.0, 1.0, 1.0, 3.0, 2.0, 1.0, 3.0, 1.0, 3.0, 2.0, 3.0, 3.0, 3.0, 3.0], [3.0, 4.0, 3.0, 3.0, 3.0, 3.0, 4.0, 0.0, 3.0, 3.0, 3.0, 3.0, 3.0, 3.0, 4.0, 3.0, 3.0, 3.0, 4.0, 3.0, 3.0, 2.0, 2.0, 3.0, 1.0, 3.0, 1.0, 3.0, 3.0, 2.0, 0.0, 3.0, 1.0, 3.0, 2.0, 3.0, 3.0, 3.0, 3.0], [2.0, 3.0, 3.0, 0.0, 3.0, 3.0, 4.0, 0.0, 3.0, 3.0, 3.0, 0.0, 4.0, 3.0, 4.0, 3.0, 3.0, 2.0, 4.0, 3.0, 2.0, 2.0, 2.0, 3.0, 1.0, 3.0, 3.0, 1.0, 3.0, 2.0, 1.0, 3.0, 1.0, 3.0, 3.0, 3.0, 3.0, 3.0, 1.0]]

first layer check: Conv2d(6, 64, kernel_size=(7, 7), stride=(2, 2), padding=(3, 3), bias=False)

for model 2: mode acc: 0.3333333432674408, run mean acc: 0.3841666281223297, top-2 acc:0.7483333349227905, mode f1: 0.3333333432674408

model 2 mode preds
[2.0, 2.0, 0.0, 2.0, 2.0, 2.0, 2.0, 2.0, 2.0, 2.0, 2.0, 2.0, 2.0, 2.0, 2.0, 2.0, 2.0, 2.0, 4.0, 2.0, 2.0, 1.0, 1.0, 2.0, 1.0, 2.0, 2.0, 1.0, 2.0, 2.0, 2.0, 2.0, 2.0, 2.0, 2.0, 2.0, 2.0, 2.0, 2.0]

model 2 all preds
[[2.0, 2.0, 2.0, 2.0, 2.0, 2.0, 4.0, 2.0, 2.0, 2.0, 2.0, 2.0, 2.0, 2.0, 2.0, 2.0, 2.0, 2.0, 2.0, 2.0, 2.0, 1.0, 2.0, 2.0, 1.0, 2.0, 2.0, 1.0, 1.0, 2.0, 2.0, 2.0, 2.0, 2.0, 2.0, 2.0, 2.0, 4.0, 2.0], [4.0, 2.0, 0.0, 2.0, 4.0, 2.0, 4.0, 2.0, 2.0, 2.0, 2.0, 1.0, 2.0, 2.0, 2.0, 2.0, 2.0, 2.0, 4.0, 2.0, 2.0, 2.0, 2.0, 2.0, 2.0, 2.0, 2.0, 2.0, 1.0, 2.0, 2.0, 2.0, 2.0, 2.0, 2.0, 2.0, 2.0, 2.0, 2.0], [2.0, 2.0, 0.0, 2.0, 2.0, 2.0, 2.0, 2.0, 2.0, 2.0, 2.0, 2.0, 2.0, 2.0, 2.0, 2.0, 2.0, 2.0, 4.0, 2.0, 2.0, 2.0, 1.0, 2.0, 1.0, 2.0, 2.0, 2.0, 2.0, 2.0, 2.0, 2.0, 2.0, 2.0, 2.0, 2.0, 2.0, 2.0, 1.0], [2.0, 2.0, 2.0, 2.0, 2.0, 2.0, 2.0, 2.0, 2.0, 2.0, 2.0, 2.0, 2.0, 2.0, 2.0, 2.0, 2.0, 2.0, 4.0, 2.0, 2.0, 1.0, 1.0, 2.0, 1.0, 2.0, 2.0, 1.0, 2.0, 2.0, 2.0, 2.0, 2.0, 2.0, 2.0, 2.0, 2.0, 2.0, 2.0], [2.0, 2.0, 2.0, 2.0, 2.0, 2.0, 2.0, 0.0, 2.0, 2.0, 2.0, 2.0, 4.0, 4.0, 2.0, 2.0, 2.0, 2.0, 4.0, 2.0, 2.0, 2.0, 1.0, 2.0, 1.0, 2.0, 1.0, 1.0, 1.0, 2.0, 2.0, 2.0, 2.0, 2.0, 2.0, 2.0, 2.0, 2.0, 2.0], [2.0, 2.0, 0.0, 2.0, 2.0, 2.0, 4.0, 2.0, 2.0, 2.0, 2.0, 2.0, 2.0, 2.0, 2.0, 2.0, 2.0, 2.0, 4.0, 2.0, 2.0, 1.0, 1.0, 2.0, 2.0, 2.0, 2.0, 1.0, 1.0, 2.0, 2.0, 2.0, 2.0, 2.0, 2.0, 2.0, 2.0, 4.0, 2.0], [2.0, 2.0, 2.0, 2.0, 2.0, 2.0, 2.0, 0.0, 2.0, 3.0, 2.0, 2.0, 2.0, 2.0, 2.0, 2.0, 2.0, 2.0, 2.0, 2.0, 2.0, 2.0, 2.0, 2.0, 1.0, 2.0, 2.0, 1.0, 2.0, 2.0, 2.0, 2.0, 2.0, 2.0, 2.0, 2.0, 2.0, 2.0, 1.0], [2.0, 2.0, 2.0, 2.0, 2.0, 2.0, 4.0, 2.0, 2.0, 2.0, 2.0, 2.0, 2.0, 2.0, 2.0, 2.0, 2.0, 2.0, 4.0, 2.0, 2.0, 2.0, 1.0, 2.0, 2.0, 2.0, 2.0, 1.0, 2.0, 2.0, 2.0, 2.0, 2.0, 2.0, 2.0, 2.0, 2.0, 4.0, 2.0], [2.0, 2.0, 0.0, 2.0, 2.0, 4.0, 4.0, 1.0, 2.0, 2.0, 2.0, 2.0, 2.0, 2.0, 2.0, 2.0, 2.0, 2.0, 4.0, 0.0, 2.0, 1.0, 2.0, 2.0, 1.0, 2.0, 2.0, 2.0, 1.0, 2.0, 2.0, 2.0, 2.0, 2.0, 2.0, 2.0, 2.0, 2.0, 2.0], [4.0, 2.0, 0.0, 2.0, 2.0, 4.0, 2.0, 0.0, 2.0, 2.0, 2.0, 2.0, 2.0, 2.0, 2.0, 2.0, 2.0, 2.0, 4.0, 2.0, 2.0, 1.0, 1.0, 2.0, 1.0, 2.0, 2.0, 2.0, 1.0, 2.0, 2.0, 2.0, 2.0, 2.0, 2.0, 2.0, 2.0, 2.0, 2.0], [2.0, 2.0, 0.0, 2.0, 2.0, 4.0, 4.0, 0.0, 2.0, 0.0, 2.0, 2.0, 2.0, 2.0, 2.0, 2.0, 2.0, 2.0, 2.0, 2.0, 2.0, 1.0, 2.0, 2.0, 1.0, 2.0, 2.0, 2.0, 1.0, 2.0, 2.0, 2.0, 2.0, 2.0, 2.0, 2.0, 2.0, 2.0, 1.0], [2.0, 2.0, 2.0, 2.0, 2.0, 4.0, 4.0, 2.0, 2.0, 0.0, 4.0, 2.0, 2.0, 4.0, 2.0, 2.0, 2.0, 2.0, 4.0, 2.0, 2.0, 2.0, 1.0, 2.0, 1.0, 2.0, 2.0, 2.0, 1.0, 2.0, 2.0, 2.0, 2.0, 2.0, 2.0, 2.0, 2.0, 2.0, 2.0], [2.0, 2.0, 2.0, 2.0, 2.0, 4.0, 2.0, 0.0, 2.0, 2.0, 2.0, 2.0, 2.0, 4.0, 2.0, 2.0, 2.0, 2.0, 4.0, 2.0, 2.0, 1.0, 2.0, 2.0, 1.0, 2.0, 2.0, 2.0, 2.0, 2.0, 2.0, 2.0, 2.0, 2.0, 2.0, 2.0, 2.0, 4.0, 2.0], [2.0, 2.0, 0.0, 2.0, 2.0, 2.0, 2.0, 2.0, 2.0, 2.0, 2.0, 2.0, 2.0, 2.0, 2.0, 2.0, 2.0, 2.0, 4.0, 2.0, 2.0, 1.0, 1.0, 2.0, 1.0, 2.0, 2.0, 1.0, 2.0, 2.0, 2.0, 2.0, 2.0, 2.0, 2.0, 2.0, 2.0, 2.0, 2.0], [2.0, 2.0, 2.0, 2.0, 2.0, 4.0, 4.0, 2.0, 2.0, 0.0, 2.0, 2.0, 2.0, 2.0, 2.0, 2.0, 2.0, 2.0, 2.0, 2.0, 2.0, 1.0, 1.0, 2.0, 2.0, 2.0, 2.0, 1.0, 2.0, 2.0, 2.0, 2.0, 2.0, 2.0, 2.0, 2.0, 2.0, 2.0, 2.0], [2.0, 2.0, 0.0, 2.0, 2.0, 2.0, 2.0, 0.0, 2.0, 2.0, 2.0, 2.0, 2.0, 2.0, 2.0, 2.0, 2.0, 2.0, 4.0, 2.0, 2.0, 1.0, 1.0, 2.0, 1.0, 2.0, 1.0, 2.0, 1.0, 2.0, 2.0, 2.0, 2.0, 2.0, 2.0, 2.0, 2.0, 2.0, 2.0], [2.0, 2.0, 0.0, 2.0, 2.0, 4.0, 2.0, 2.0, 2.0, 2.0, 2.0, 2.0, 2.0, 2.0, 2.0, 2.0, 2.0, 2.0, 4.0, 2.0, 2.0, 2.0, 1.0, 2.0, 2.0, 2.0, 2.0, 1.0, 2.0, 2.0, 2.0, 2.0, 2.0, 2.0, 2.0, 2.0, 2.0, 2.0, 2.0], [2.0, 2.0, 2.0, 2.0, 4.0, 4.0, 2.0, 0.0, 2.0, 2.0, 2.0, 2.0, 2.0, 4.0, 2.0, 2.0, 2.0, 2.0, 4.0, 2.0, 2.0, 1.0, 1.0, 2.0, 2.0, 2.0, 2.0, 2.0, 1.0, 1.0, 2.0, 2.0, 2.0, 2.0, 2.0, 2.0, 2.0, 2.0, 2.0], [2.0, 2.0, 2.0, 0.0, 2.0, 2.0, 4.0, 0.0, 2.0, 0.0, 2.0, 2.0, 2.0, 2.0, 2.0, 2.0, 2.0, 2.0, 4.0, 0.0, 2.0, 1.0, 1.0, 2.0, 1.0, 2.0, 2.0, 1.0, 2.0, 2.0, 2.0, 2.0, 2.0, 2.0, 2.0, 2.0, 2.0, 2.0, 2.0], [2.0, 2.0, 0.0, 2.0, 4.0, 4.0, 2.0, 2.0, 2.0, 2.0, 2.0, 2.0, 4.0, 2.0, 2.0, 2.0, 2.0, 2.0, 2.0, 2.0, 2.0, 1.0, 2.0, 2.0, 1.0, 2.0, 2.0, 2.0, 2.0, 2.0, 1.0, 2.0, 2.0, 2.0, 2.0, 2.0, 2.0, 2.0, 1.0], [2.0, 2.0, 0.0, 2.0, 2.0, 2.0, 4.0, 2.0, 2.0, 2.0, 2.0, 2.0, 2.0, 2.0, 2.0, 2.0, 2.0, 2.0, 4.0, 2.0, 2.0, 2.0, 2.0, 2.0, 2.0, 2.0, 2.0, 1.0, 2.0, 2.0, 2.0, 2.0, 2.0, 2.0, 2.0, 2.0, 2.0, 2.0, 2.0], [2.0, 2.0, 0.0, 2.0, 2.0, 4.0, 2.0, 2.0, 2.0, 2.0, 2.0, 2.0, 2.0, 2.0, 2.0, 2.0, 2.0, 0.0, 4.0, 2.0, 2.0, 2.0, 1.0, 2.0, 1.0, 2.0, 2.0, 1.0, 2.0, 1.0, 2.0, 2.0, 2.0, 2.0, 2.0, 2.0, 2.0, 4.0, 2.0], [2.0, 2.0, 0.0, 2.0, 2.0, 4.0, 4.0, 0.0, 2.0, 2.0, 2.0, 2.0, 2.0, 4.0, 2.0, 2.0, 2.0, 2.0, 4.0, 2.0, 2.0, 2.0, 2.0, 2.0, 1.0, 2.0, 2.0, 1.0, 1.0, 2.0, 2.0, 2.0, 2.0, 2.0, 2.0, 2.0, 2.0, 2.0, 2.0], [2.0, 2.0, 2.0, 2.0, 4.0, 2.0, 2.0, 0.0, 2.0, 2.0, 2.0, 2.0, 2.0, 4.0, 2.0, 2.0, 2.0, 2.0, 4.0, 2.0, 2.0, 2.0, 1.0, 2.0, 1.0, 2.0, 2.0, 2.0, 2.0, 2.0, 2.0, 2.0, 2.0, 2.0, 2.0, 2.0, 2.0, 2.0, 2.0], [2.0, 2.0, 0.0, 2.0, 2.0, 2.0, 2.0, 2.0, 2.0, 2.0, 2.0, 2.0, 4.0, 2.0, 2.0, 2.0, 2.0, 2.0, 4.0, 2.0, 2.0, 2.0, 1.0, 2.0, 1.0, 2.0, 2.0, 1.0, 1.0, 1.0, 2.0, 2.0, 2.0, 2.0, 2.0, 2.0, 2.0, 2.0, 1.0], [2.0, 2.0, 2.0, 2.0, 4.0, 2.0, 4.0, 1.0, 2.0, 2.0, 2.0, 2.0, 2.0, 4.0, 2.0, 2.0, 2.0, 2.0, 2.0, 2.0, 2.0, 1.0, 1.0, 2.0, 1.0, 2.0, 2.0, 1.0, 1.0, 2.0, 2.0, 2.0, 2.0, 2.0, 2.0, 2.0, 2.0, 2.0, 2.0], [2.0, 2.0, 0.0, 2.0, 2.0, 2.0, 2.0, 0.0, 2.0, 2.0, 2.0, 2.0, 2.0, 2.0, 2.0, 2.0, 2.0, 0.0, 4.0, 2.0, 2.0, 1.0, 1.0, 2.0, 1.0, 2.0, 2.0, 1.0, 2.0, 2.0, 2.0, 2.0, 2.0, 2.0, 2.0, 2.0, 2.0, 2.0, 2.0], [2.0, 2.0, 0.0, 2.0, 2.0, 2.0, 2.0, 0.0, 2.0, 2.0, 2.0, 2.0, 2.0, 4.0, 2.0, 2.0, 2.0, 2.0, 2.0, 2.0, 2.0, 2.0, 1.0, 2.0, 1.0, 2.0, 2.0, 1.0, 2.0, 2.0, 2.0, 2.0, 2.0, 2.0, 2.0, 2.0, 2.0, 2.0, 2.0], [2.0, 2.0, 2.0, 2.0, 4.0, 2.0, 2.0, 0.0, 2.0, 0.0, 2.0, 2.0, 2.0, 4.0, 2.0, 2.0, 2.0, 2.0, 4.0, 2.0, 2.0, 1.0, 1.0, 2.0, 1.0, 2.0, 2.0, 2.0, 1.0, 2.0, 2.0, 2.0, 2.0, 2.0, 2.0, 2.0, 2.0, 2.0, 1.0], [2.0, 2.0, 0.0, 2.0, 2.0, 2.0, 2.0, 2.0, 2.0, 2.0, 2.0, 2.0, 2.0, 2.0, 2.0, 2.0, 2.0, 0.0, 4.0, 4.0, 2.0, 2.0, 1.0, 2.0, 1.0, 2.0, 1.0, 2.0, 2.0, 2.0, 2.0, 2.0, 2.0, 2.0, 2.0, 2.0, 2.0, 4.0, 2.0], [2.0, 2.0, 0.0, 2.0, 2.0, 2.0, 4.0, 2.0, 2.0, 0.0, 2.0, 2.0, 2.0, 2.0, 2.0, 2.0, 2.0, 0.0, 4.0, 2.0, 2.0, 1.0, 1.0, 2.0, 2.0, 2.0, 2.0, 2.0, 2.0, 2.0, 2.0, 2.0, 2.0, 2.0, 2.0, 2.0, 2.0, 2.0, 2.0], [2.0, 2.0, 0.0, 2.0, 2.0, 2.0, 2.0, 2.0, 2.0, 2.0, 2.0, 2.0, 2.0, 4.0, 2.0, 2.0, 2.0, 2.0, 2.0, 2.0, 2.0, 2.0, 2.0, 2.0, 1.0, 2.0, 2.0, 1.0, 2.0, 2.0, 2.0, 2.0, 2.0, 2.0, 2.0, 2.0, 2.0, 2.0, 1.0], [2.0, 2.0, 0.0, 2.0, 2.0, 4.0, 2.0, 0.0, 2.0, 2.0, 2.0, 2.0, 2.0, 2.0, 2.0, 2.0, 2.0, 2.0, 4.0, 2.0, 2.0, 1.0, 2.0, 2.0, 2.0, 2.0, 1.0, 2.0, 1.0, 2.0, 2.0, 2.0, 2.0, 2.0, 2.0, 2.0, 2.0, 2.0, 2.0], [2.0, 2.0, 0.0, 2.0, 2.0, 2.0, 4.0, 0.0, 2.0, 2.0, 4.0, 2.0, 4.0, 2.0, 2.0, 2.0, 2.0, 2.0, 4.0, 2.0, 2.0, 1.0, 1.0, 2.0, 1.0, 2.0, 2.0, 2.0, 2.0, 2.0, 2.0, 2.0, 2.0, 2.0, 2.0, 2.0, 2.0, 2.0, 2.0], [4.0, 2.0, 0.0, 2.0, 2.0, 2.0, 2.0, 2.0, 2.0, 2.0, 2.0, 2.0, 4.0, 2.0, 2.0, 2.0, 2.0, 2.0, 4.0, 2.0, 2.0, 1.0, 2.0, 2.0, 2.0, 2.0, 2.0, 1.0, 2.0, 2.0, 2.0, 2.0, 2.0, 2.0, 2.0, 2.0, 2.0, 2.0, 2.0], [2.0, 2.0, 2.0, 2.0, 2.0, 2.0, 2.0, 2.0, 2.0, 0.0, 2.0, 2.0, 2.0, 4.0, 2.0, 2.0, 2.0, 2.0, 4.0, 2.0, 2.0, 2.0, 1.0, 2.0, 2.0, 2.0, 2.0, 1.0, 2.0, 2.0, 2.0, 2.0, 2.0, 2.0, 2.0, 2.0, 2.0, 2.0, 2.0], [2.0, 2.0, 0.0, 2.0, 2.0, 2.0, 2.0, 0.0, 2.0, 2.0, 2.0, 2.0, 2.0, 2.0, 2.0, 2.0, 2.0, 2.0, 2.0, 2.0, 2.0, 1.0, 1.0, 2.0, 2.0, 2.0, 2.0, 2.0, 1.0, 2.0, 2.0, 2.0, 2.0, 2.0, 2.0, 2.0, 2.0, 4.0, 1.0], [2.0, 2.0, 0.0, 2.0, 2.0, 4.0, 2.0, 0.0, 2.0, 2.0, 2.0, 2.0, 2.0, 2.0, 2.0, 2.0, 2.0, 2.0, 4.0, 2.0, 2.0, 1.0, 2.0, 2.0, 1.0, 2.0, 1.0, 1.0, 2.0, 4.0, 2.0, 2.0, 2.0, 2.0, 2.0, 2.0, 2.0, 2.0, 1.0], [2.0, 2.0, 2.0, 2.0, 2.0, 2.0, 4.0, 0.0, 2.0, 2.0, 2.0, 2.0, 2.0, 2.0, 2.0, 2.0, 2.0, 2.0, 4.0, 2.0, 2.0, 2.0, 2.0, 2.0, 1.0, 2.0, 2.0, 2.0, 2.0, 2.0, 2.0, 2.0, 2.0, 2.0, 2.0, 2.0, 2.0, 2.0, 2.0], [4.0, 2.0, 0.0, 2.0, 2.0, 2.0, 2.0, 0.0, 2.0, 2.0, 2.0, 2.0, 2.0, 2.0, 2.0, 2.0, 2.0, 2.0, 2.0, 2.0, 2.0, 1.0, 1.0, 2.0, 1.0, 2.0, 2.0, 2.0, 1.0, 2.0, 2.0, 2.0, 2.0, 2.0, 2.0, 2.0, 2.0, 2.0, 2.0], [2.0, 2.0, 0.0, 2.0, 4.0, 2.0, 2.0, 1.0, 2.0, 0.0, 2.0, 2.0, 2.0, 2.0, 2.0, 2.0, 2.0, 2.0, 4.0, 2.0, 2.0, 1.0, 1.0, 2.0, 1.0, 2.0, 2.0, 2.0, 2.0, 2.0, 2.0, 2.0, 1.0, 2.0, 2.0, 2.0, 2.0, 2.0, 2.0], [2.0, 2.0, 0.0, 2.0, 2.0, 2.0, 2.0, 2.0, 2.0, 0.0, 2.0, 2.0, 2.0, 2.0, 2.0, 2.0, 2.0, 0.0, 4.0, 2.0, 2.0, 2.0, 2.0, 2.0, 1.0, 2.0, 1.0, 1.0, 2.0, 2.0, 2.0, 2.0, 2.0, 2.0, 2.0, 2.0, 2.0, 2.0, 1.0], [2.0, 2.0, 2.0, 2.0, 2.0, 2.0, 2.0, 2.0, 2.0, 2.0, 2.0, 2.0, 2.0, 2.0, 2.0, 2.0, 2.0, 2.0, 4.0, 2.0, 2.0, 1.0, 1.0, 2.0, 1.0, 2.0, 2.0, 1.0, 2.0, 2.0, 2.0, 2.0, 2.0, 2.0, 2.0, 2.0, 2.0, 2.0, 2.0], [2.0, 2.0, 0.0, 2.0, 2.0, 2.0, 4.0, 0.0, 2.0, 2.0, 2.0, 2.0, 2.0, 2.0, 2.0, 2.0, 2.0, 2.0, 2.0, 0.0, 2.0, 1.0, 2.0, 2.0, 1.0, 2.0, 2.0, 2.0, 2.0, 2.0, 2.0, 2.0, 2.0, 2.0, 1.0, 2.0, 2.0, 2.0, 2.0], [2.0, 2.0, 0.0, 2.0, 4.0, 2.0, 2.0, 2.0, 2.0, 2.0, 2.0, 2.0, 2.0, 2.0, 2.0, 2.0, 2.0, 2.0, 4.0, 2.0, 2.0, 1.0, 1.0, 2.0, 1.0, 2.0, 2.0, 2.0, 1.0, 2.0, 2.0, 2.0, 2.0, 2.0, 1.0, 2.0, 2.0, 2.0, 2.0], [2.0, 2.0, 0.0, 2.0, 2.0, 4.0, 2.0, 2.0, 2.0, 2.0, 2.0, 2.0, 2.0, 2.0, 2.0, 2.0, 2.0, 2.0, 4.0, 2.0, 2.0, 2.0, 1.0, 2.0, 1.0, 2.0, 1.0, 1.0, 2.0, 2.0, 2.0, 2.0, 2.0, 2.0, 2.0, 2.0, 2.0, 4.0, 2.0], [2.0, 2.0, 0.0, 2.0, 2.0, 2.0, 4.0, 2.0, 2.0, 2.0, 2.0, 2.0, 2.0, 4.0, 2.0, 2.0, 2.0, 2.0, 2.0, 2.0, 2.0, 1.0, 1.0, 2.0, 1.0, 2.0, 2.0, 1.0, 2.0, 2.0, 2.0, 2.0, 2.0, 2.0, 2.0, 2.0, 2.0, 2.0, 2.0], [2.0, 2.0, 0.0, 2.0, 2.0, 4.0, 2.0, 2.0, 2.0, 2.0, 2.0, 2.0, 2.0, 2.0, 2.0, 2.0, 2.0, 2.0, 4.0, 2.0, 2.0, 2.0, 1.0, 2.0, 1.0, 2.0, 2.0, 2.0, 2.0, 2.0, 2.0, 2.0, 2.0, 2.0, 2.0, 2.0, 2.0, 2.0, 2.0], [2.0, 2.0, 2.0, 2.0, 2.0, 2.0, 4.0, 0.0, 2.0, 2.0, 2.0, 2.0, 2.0, 2.0, 2.0, 2.0, 2.0, 2.0, 4.0, 2.0, 2.0, 2.0, 1.0, 2.0, 2.0, 2.0, 2.0, 2.0, 2.0, 2.0, 2.0, 2.0, 2.0, 2.0, 2.0, 2.0, 2.0, 2.0, 1.0], [2.0, 2.0, 0.0, 2.0, 2.0, 2.0, 2.0, 2.0, 2.0, 2.0, 2.0, 2.0, 2.0, 2.0, 2.0, 2.0, 2.0, 2.0, 4.0, 2.0, 2.0, 1.0, 2.0, 2.0, 1.0, 2.0, 2.0, 1.0, 2.0, 2.0, 2.0, 2.0, 2.0, 2.0, 2.0, 2.0, 2.0, 2.0, 1.0]]

first layer check: Conv2d(6, 64, kernel_size=(7, 7), stride=(2, 2), padding=(3, 3), bias=False)

for model 3: mode acc: 0.28205129504203796, run mean acc: 0.3320833146572113, top-2 acc:0.590416669845581, mode f1: 0.28205129504203796

model 3 mode preds
[0.0, 3.0, 0.0, 0.0, 0.0, 2.0, 0.0, 0.0, 2.0, 3.0, 3.0, 2.0, 2.0, 3.0, 2.0, 2.0, 3.0, 2.0, 3.0, 3.0, 2.0, 2.0, 2.0, 1.0, 1.0, 2.0, 1.0, 1.0, 2.0, 2.0, 0.0, 3.0, 2.0, 3.0, 2.0, 3.0, 2.0, 3.0, 2.0]

model 3 all preds
[[4.0, 3.0, 3.0, 3.0, 4.0, 2.0, 2.0, 0.0, 2.0, 3.0, 3.0, 2.0, 3.0, 2.0, 2.0, 2.0, 3.0, 2.0, 3.0, 3.0, 4.0, 2.0, 2.0, 2.0, 1.0, 2.0, 1.0, 1.0, 2.0, 2.0, 2.0, 2.0, 2.0, 2.0, 3.0, 3.0, 2.0, 3.0, 2.0], [0.0, 3.0, 0.0, 3.0, 3.0, 4.0, 0.0, 0.0, 2.0, 3.0, 3.0, 2.0, 2.0, 2.0, 2.0, 2.0, 3.0, 2.0, 3.0, 3.0, 4.0, 2.0, 2.0, 1.0, 1.0, 2.0, 1.0, 2.0, 0.0, 2.0, 0.0, 3.0, 2.0, 3.0, 2.0, 3.0, 2.0, 3.0, 2.0], [0.0, 3.0, 2.0, 0.0, 3.0, 2.0, 0.0, 0.0, 2.0, 3.0, 3.0, 3.0, 4.0, 2.0, 0.0, 2.0, 3.0, 2.0, 4.0, 0.0, 2.0, 2.0, 2.0, 1.0, 1.0, 2.0, 1.0, 2.0, 2.0, 2.0, 0.0, 3.0, 2.0, 3.0, 2.0, 3.0, 2.0, 3.0, 2.0], [0.0, 4.0, 0.0, 0.0, 3.0, 0.0, 2.0, 0.0, 2.0, 3.0, 3.0, 2.0, 2.0, 3.0, 0.0, 2.0, 3.0, 2.0, 3.0, 0.0, 2.0, 2.0, 2.0, 1.0, 1.0, 2.0, 1.0, 3.0, 1.0, 2.0, 0.0, 2.0, 2.0, 3.0, 2.0, 2.0, 2.0, 3.0, 2.0], [4.0, 4.0, 0.0, 0.0, 4.0, 4.0, 0.0, 0.0, 2.0, 3.0, 3.0, 2.0, 2.0, 3.0, 2.0, 2.0, 3.0, 2.0, 3.0, 2.0, 2.0, 2.0, 2.0, 1.0, 1.0, 2.0, 1.0, 1.0, 2.0, 2.0, 0.0, 2.0, 2.0, 2.0, 2.0, 2.0, 0.0, 3.0, 2.0], [0.0, 3.0, 2.0, 0.0, 3.0, 4.0, 4.0, 0.0, 2.0, 3.0, 3.0, 2.0, 2.0, 2.0, 2.0, 2.0, 3.0, 2.0, 2.0, 3.0, 4.0, 2.0, 2.0, 2.0, 1.0, 2.0, 2.0, 1.0, 0.0, 2.0, 0.0, 3.0, 2.0, 2.0, 2.0, 3.0, 2.0, 3.0, 1.0], [2.0, 3.0, 3.0, 0.0, 0.0, 2.0, 2.0, 0.0, 2.0, 3.0, 3.0, 2.0, 2.0, 2.0, 2.0, 2.0, 2.0, 2.0, 3.0, 0.0, 2.0, 2.0, 2.0, 1.0, 1.0, 2.0, 1.0, 1.0, 1.0, 0.0, 2.0, 0.0, 1.0, 2.0, 2.0, 2.0, 2.0, 3.0, 2.0], [4.0, 3.0, 0.0, 0.0, 2.0, 2.0, 0.0, 0.0, 2.0, 3.0, 3.0, 2.0, 0.0, 3.0, 0.0, 2.0, 3.0, 2.0, 4.0, 0.0, 2.0, 2.0, 2.0, 3.0, 1.0, 2.0, 1.0, 2.0, 0.0, 2.0, 0.0, 2.0, 2.0, 2.0, 3.0, 3.0, 2.0, 4.0, 3.0], [4.0, 4.0, 3.0, 0.0, 0.0, 0.0, 0.0, 0.0, 2.0, 3.0, 3.0, 3.0, 0.0, 3.0, 2.0, 2.0, 2.0, 2.0, 3.0, 3.0, 2.0, 2.0, 2.0, 3.0, 1.0, 2.0, 1.0, 2.0, 2.0, 2.0, 0.0, 3.0, 2.0, 3.0, 3.0, 3.0, 2.0, 3.0, 3.0], [0.0, 2.0, 3.0, 0.0, 0.0, 0.0, 3.0, 0.0, 2.0, 3.0, 3.0, 3.0, 0.0, 3.0, 2.0, 2.0, 3.0, 2.0, 3.0, 0.0, 4.0, 2.0, 2.0, 2.0, 1.0, 2.0, 1.0, 2.0, 1.0, 2.0, 2.0, 3.0, 2.0, 3.0, 3.0, 3.0, 2.0, 3.0, 1.0], [0.0, 3.0, 2.0, 0.0, 4.0, 2.0, 0.0, 0.0, 3.0, 3.0, 3.0, 2.0, 2.0, 3.0, 0.0, 2.0, 3.0, 2.0, 3.0, 3.0, 2.0, 2.0, 2.0, 2.0, 1.0, 2.0, 1.0, 1.0, 2.0, 0.0, 0.0, 3.0, 1.0, 2.0, 2.0, 2.0, 2.0, 3.0, 2.0], [0.0, 3.0, 0.0, 3.0, 4.0, 4.0, 4.0, 0.0, 2.0, 3.0, 3.0, 2.0, 0.0, 3.0, 2.0, 2.0, 3.0, 0.0, 2.0, 2.0, 1.0, 2.0, 2.0, 2.0, 1.0, 2.0, 1.0, 2.0, 2.0, 2.0, 0.0, 2.0, 1.0, 3.0, 2.0, 2.0, 2.0, 3.0, 2.0], [0.0, 4.0, 2.0, 3.0, 2.0, 4.0, 2.0, 0.0, 2.0, 3.0, 3.0, 0.0, 0.0, 2.0, 2.0, 2.0, 3.0, 2.0, 3.0, 0.0, 2.0, 2.0, 2.0, 2.0, 1.0, 2.0, 1.0, 1.0, 0.0, 2.0, 0.0, 2.0, 1.0, 3.0, 3.0, 2.0, 2.0, 3.0, 2.0], [4.0, 3.0, 0.0, 0.0, 0.0, 4.0, 0.0, 0.0, 2.0, 3.0, 3.0, 2.0, 0.0, 2.0, 2.0, 2.0, 3.0, 2.0, 3.0, 0.0, 2.0, 2.0, 2.0, 1.0, 1.0, 2.0, 1.0, 3.0, 1.0, 2.0, 0.0, 3.0, 2.0, 2.0, 2.0, 2.0, 0.0, 3.0, 2.0], [0.0, 3.0, 2.0, 0.0, 0.0, 3.0, 3.0, 3.0, 2.0, 3.0, 3.0, 0.0, 0.0, 3.0, 4.0, 2.0, 3.0, 2.0, 3.0, 3.0, 2.0, 2.0, 2.0, 2.0, 1.0, 2.0, 2.0, 3.0, 2.0, 2.0, 0.0, 3.0, 1.0, 3.0, 3.0, 3.0, 2.0, 3.0, 2.0], [4.0, 3.0, 0.0, 3.0, 0.0, 2.0, 3.0, 0.0, 2.0, 3.0, 3.0, 2.0, 4.0, 3.0, 2.0, 2.0, 3.0, 2.0, 3.0, 0.0, 2.0, 2.0, 2.0, 1.0, 1.0, 2.0, 1.0, 1.0, 2.0, 4.0, 0.0, 3.0, 2.0, 2.0, 2.0, 3.0, 2.0, 3.0, 2.0], [0.0, 3.0, 2.0, 0.0, 2.0, 2.0, 2.0, 0.0, 2.0, 3.0, 3.0, 2.0, 4.0, 3.0, 0.0, 2.0, 3.0, 2.0, 3.0, 2.0, 2.0, 2.0, 2.0, 1.0, 1.0, 2.0, 0.0, 2.0, 2.0, 2.0, 0.0, 3.0, 2.0, 3.0, 3.0, 3.0, 2.0, 4.0, 3.0], [4.0, 3.0, 0.0, 0.0, 0.0, 3.0, 3.0, 0.0, 2.0, 3.0, 3.0, 0.0, 3.0, 3.0, 0.0, 2.0, 3.0, 2.0, 3.0, 3.0, 2.0, 2.0, 2.0, 1.0, 1.0, 2.0, 1.0, 3.0, 0.0, 2.0, 0.0, 2.0, 2.0, 3.0, 2.0, 3.0, 2.0, 4.0, 3.0], [0.0, 3.0, 2.0, 3.0, 0.0, 2.0, 2.0, 3.0, 2.0, 3.0, 3.0, 2.0, 4.0, 3.0, 0.0, 2.0, 3.0, 2.0, 3.0, 3.0, 2.0, 2.0, 2.0, 2.0, 1.0, 2.0, 2.0, 1.0, 2.0, 4.0, 1.0, 0.0, 3.0, 2.0, 2.0, 3.0, 2.0, 4.0, 1.0], [4.0, 3.0, 3.0, 3.0, 3.0, 2.0, 3.0, 0.0, 2.0, 3.0, 3.0, 2.0, 2.0, 2.0, 2.0, 2.0, 3.0, 2.0, 3.0, 3.0, 2.0, 2.0, 2.0, 2.0, 1.0, 2.0, 1.0, 2.0, 2.0, 4.0, 0.0, 3.0, 1.0, 3.0, 2.0, 3.0, 2.0, 3.0, 3.0], [4.0, 3.0, 3.0, 0.0, 4.0, 4.0, 4.0, 0.0, 2.0, 3.0, 3.0, 2.0, 0.0, 2.0, 2.0, 2.0, 3.0, 2.0, 4.0, 3.0, 2.0, 2.0, 2.0, 1.0, 1.0, 2.0, 1.0, 3.0, 2.0, 4.0, 0.0, 3.0, 1.0, 3.0, 3.0, 3.0, 2.0, 4.0, 2.0], [4.0, 3.0, 2.0, 0.0, 0.0, 4.0, 2.0, 0.0, 2.0, 3.0, 3.0, 0.0, 2.0, 3.0, 2.0, 2.0, 3.0, 2.0, 3.0, 0.0, 2.0, 2.0, 2.0, 3.0, 1.0, 2.0, 0.0, 3.0, 2.0, 2.0, 0.0, 3.0, 2.0, 3.0, 3.0, 2.0, 2.0, 3.0, 3.0], [0.0, 3.0, 0.0, 3.0, 4.0, 0.0, 2.0, 0.0, 3.0, 3.0, 3.0, 2.0, 2.0, 3.0, 0.0, 2.0, 3.0, 2.0, 4.0, 3.0, 4.0, 2.0, 2.0, 3.0, 1.0, 2.0, 1.0, 1.0, 2.0, 4.0, 0.0, 2.0, 1.0, 2.0, 2.0, 2.0, 2.0, 3.0, 2.0], [2.0, 3.0, 0.0, 0.0, 4.0, 4.0, 0.0, 0.0, 2.0, 3.0, 3.0, 0.0, 4.0, 3.0, 0.0, 2.0, 3.0, 2.0, 3.0, 3.0, 2.0, 2.0, 2.0, 1.0, 1.0, 2.0, 1.0, 1.0, 1.0, 2.0, 0.0, 2.0, 3.0, 3.0, 2.0, 2.0, 2.0, 4.0, 3.0], [0.0, 3.0, 3.0, 0.0, 3.0, 2.0, 0.0, 0.0, 3.0, 3.0, 3.0, 0.0, 0.0, 2.0, 0.0, 2.0, 3.0, 2.0, 4.0, 0.0, 2.0, 2.0, 2.0, 2.0, 1.0, 2.0, 0.0, 3.0, 2.0, 2.0, 0.0, 2.0, 2.0, 3.0, 2.0, 2.0, 2.0, 4.0, 2.0], [4.0, 3.0, 0.0, 0.0, 3.0, 4.0, 4.0, 0.0, 2.0, 3.0, 3.0, 0.0, 0.0, 2.0, 0.0, 2.0, 3.0, 2.0, 3.0, 3.0, 2.0, 2.0, 2.0, 2.0, 1.0, 2.0, 1.0, 1.0, 0.0, 2.0, 0.0, 3.0, 2.0, 2.0, 3.0, 3.0, 2.0, 4.0, 1.0], [4.0, 3.0, 3.0, 3.0, 0.0, 2.0, 3.0, 3.0, 2.0, 3.0, 3.0, 0.0, 2.0, 2.0, 0.0, 2.0, 3.0, 2.0, 4.0, 0.0, 3.0, 2.0, 2.0, 2.0, 1.0, 2.0, 1.0, 3.0, 2.0, 4.0, 0.0, 2.0, 2.0, 3.0, 3.0, 2.0, 2.0, 4.0, 3.0], [2.0, 3.0, 0.0, 0.0, 0.0, 4.0, 0.0, 0.0, 2.0, 3.0, 3.0, 2.0, 0.0, 3.0, 2.0, 2.0, 3.0, 2.0, 3.0, 0.0, 2.0, 2.0, 2.0, 1.0, 1.0, 1.0, 1.0, 3.0, 0.0, 2.0, 2.0, 2.0, 1.0, 3.0, 2.0, 3.0, 2.0, 3.0, 1.0], [0.0, 3.0, 0.0, 0.0, 0.0, 4.0, 2.0, 1.0, 2.0, 3.0, 3.0, 0.0, 2.0, 2.0, 2.0, 2.0, 2.0, 2.0, 3.0, 0.0, 2.0, 2.0, 2.0, 1.0, 1.0, 1.0, 1.0, 1.0, 2.0, 2.0, 2.0, 3.0, 2.0, 2.0, 3.0, 3.0, 2.0, 4.0, 2.0], [4.0, 4.0, 3.0, 0.0, 4.0, 2.0, 0.0, 0.0, 3.0, 3.0, 3.0, 2.0, 3.0, 3.0, 2.0, 2.0, 3.0, 2.0, 3.0, 3.0, 2.0, 2.0, 2.0, 1.0, 1.0, 2.0, 1.0, 1.0, 2.0, 2.0, 2.0, 3.0, 1.0, 3.0, 2.0, 3.0, 2.0, 4.0, 2.0], [0.0, 3.0, 2.0, 3.0, 0.0, 3.0, 3.0, 0.0, 2.0, 3.0, 3.0, 2.0, 3.0, 3.0, 2.0, 2.0, 3.0, 2.0, 2.0, 3.0, 2.0, 2.0, 2.0, 1.0, 1.0, 2.0, 1.0, 1.0, 0.0, 2.0, 1.0, 2.0, 2.0, 3.0, 2.0, 3.0, 2.0, 4.0, 3.0], [4.0, 3.0, 2.0, 0.0, 0.0, 0.0, 4.0, 0.0, 2.0, 3.0, 3.0, 2.0, 2.0, 3.0, 2.0, 2.0, 3.0, 2.0, 3.0, 0.0, 2.0, 2.0, 2.0, 1.0, 1.0, 2.0, 0.0, 3.0, 0.0, 2.0, 2.0, 2.0, 2.0, 3.0, 2.0, 2.0, 2.0, 3.0, 2.0], [2.0, 3.0, 3.0, 3.0, 0.0, 2.0, 2.0, 0.0, 2.0, 3.0, 3.0, 3.0, 2.0, 3.0, 2.0, 2.0, 3.0, 2.0, 4.0, 3.0, 2.0, 2.0, 2.0, 1.0, 1.0, 2.0, 1.0, 2.0, 1.0, 4.0, 0.0, 3.0, 1.0, 3.0, 2.0, 3.0, 2.0, 3.0, 2.0], [0.0, 3.0, 0.0, 0.0, 0.0, 3.0, 0.0, 0.0, 2.0, 3.0, 3.0, 0.0, 4.0, 3.0, 2.0, 2.0, 3.0, 2.0, 4.0, 3.0, 2.0, 2.0, 2.0, 2.0, 1.0, 2.0, 1.0, 2.0, 0.0, 2.0, 0.0, 3.0, 1.0, 3.0, 3.0, 2.0, 2.0, 4.0, 2.0], [0.0, 3.0, 2.0, 0.0, 3.0, 3.0, 3.0, 0.0, 3.0, 3.0, 3.0, 2.0, 3.0, 2.0, 2.0, 2.0, 3.0, 2.0, 3.0, 0.0, 2.0, 2.0, 2.0, 1.0, 1.0, 2.0, 1.0, 3.0, 2.0, 2.0, 0.0, 2.0, 1.0, 3.0, 3.0, 2.0, 2.0, 3.0, 3.0], [0.0, 2.0, 3.0, 3.0, 0.0, 2.0, 2.0, 2.0, 2.0, 3.0, 3.0, 0.0, 2.0, 3.0, 2.0, 2.0, 3.0, 2.0, 3.0, 3.0, 2.0, 2.0, 2.0, 1.0, 1.0, 2.0, 1.0, 1.0, 2.0, 1.0, 0.0, 3.0, 1.0, 2.0, 3.0, 2.0, 0.0, 3.0, 2.0], [2.0, 3.0, 3.0, 0.0, 0.0, 4.0, 4.0, 0.0, 2.0, 3.0, 3.0, 0.0, 3.0, 2.0, 2.0, 2.0, 3.0, 2.0, 3.0, 3.0, 2.0, 2.0, 2.0, 1.0, 1.0, 1.0, 1.0, 2.0, 2.0, 4.0, 0.0, 3.0, 2.0, 2.0, 3.0, 3.0, 0.0, 3.0, 1.0], [0.0, 3.0, 2.0, 3.0, 4.0, 0.0, 2.0, 0.0, 2.0, 3.0, 2.0, 3.0, 2.0, 3.0, 2.0, 2.0, 3.0, 2.0, 4.0, 3.0, 4.0, 2.0, 2.0, 3.0, 1.0, 2.0, 1.0, 2.0, 1.0, 2.0, 2.0, 2.0, 1.0, 3.0, 3.0, 3.0, 0.0, 4.0, 2.0], [4.0, 3.0, 3.0, 3.0, 0.0, 0.0, 0.0, 0.0, 2.0, 3.0, 3.0, 2.0, 2.0, 3.0, 0.0, 2.0, 3.0, 2.0, 4.0, 3.0, 2.0, 2.0, 2.0, 1.0, 1.0, 2.0, 0.0, 2.0, 0.0, 4.0, 0.0, 2.0, 1.0, 2.0, 2.0, 2.0, 2.0, 3.0, 3.0], [0.0, 3.0, 0.0, 0.0, 0.0, 2.0, 0.0, 0.0, 2.0, 3.0, 2.0, 0.0, 2.0, 2.0, 2.0, 2.0, 3.0, 0.0, 3.0, 3.0, 2.0, 2.0, 2.0, 2.0, 1.0, 2.0, 2.0, 1.0, 2.0, 2.0, 0.0, 3.0, 2.0, 3.0, 3.0, 2.0, 2.0, 3.0, 2.0], [0.0, 3.0, 3.0, 0.0, 3.0, 4.0, 2.0, 0.0, 3.0, 3.0, 3.0, 2.0, 4.0, 2.0, 2.0, 2.0, 3.0, 2.0, 3.0, 0.0, 2.0, 2.0, 2.0, 2.0, 1.0, 2.0, 1.0, 1.0, 1.0, 2.0, 2.0, 3.0, 2.0, 3.0, 2.0, 3.0, 2.0, 3.0, 3.0], [4.0, 3.0, 0.0, 3.0, 4.0, 0.0, 4.0, 1.0, 2.0, 3.0, 3.0, 2.0, 4.0, 2.0, 2.0, 2.0, 3.0, 2.0, 3.0, 2.0, 2.0, 2.0, 2.0, 1.0, 1.0, 2.0, 1.0, 3.0, 2.0, 2.0, 0.0, 3.0, 2.0, 3.0, 3.0, 2.0, 2.0, 3.0, 2.0], [0.0, 4.0, 2.0, 0.0, 3.0, 4.0, 3.0, 0.0, 2.0, 3.0, 3.0, 3.0, 2.0, 2.0, 0.0, 2.0, 3.0, 2.0, 3.0, 3.0, 2.0, 2.0, 2.0, 1.0, 1.0, 2.0, 1.0, 3.0, 2.0, 0.0, 0.0, 3.0, 2.0, 3.0, 3.0, 3.0, 2.0, 4.0, 3.0], [2.0, 3.0, 0.0, 1.0, 4.0, 4.0, 3.0, 2.0, 2.0, 3.0, 3.0, 2.0, 2.0, 3.0, 2.0, 2.0, 2.0, 2.0, 3.0, 0.0, 4.0, 2.0, 2.0, 1.0, 1.0, 2.0, 1.0, 3.0, 1.0, 0.0, 0.0, 2.0, 1.0, 2.0, 2.0, 2.0, 2.0, 3.0, 3.0], [2.0, 3.0, 0.0, 0.0, 0.0, 2.0, 0.0, 0.0, 2.0, 3.0, 3.0, 0.0, 2.0, 2.0, 2.0, 2.0, 3.0, 2.0, 2.0, 2.0, 2.0, 2.0, 2.0, 2.0, 1.0, 2.0, 0.0, 1.0, 2.0, 2.0, 0.0, 3.0, 1.0, 3.0, 2.0, 2.0, 2.0, 4.0, 2.0], [4.0, 3.0, 3.0, 3.0, 0.0, 3.0, 3.0, 0.0, 3.0, 3.0, 3.0, 2.0, 2.0, 2.0, 0.0, 2.0, 3.0, 2.0, 2.0, 3.0, 2.0, 2.0, 2.0, 2.0, 1.0, 2.0, 1.0, 2.0, 0.0, 0.0, 0.0, 3.0, 2.0, 3.0, 2.0, 2.0, 2.0, 3.0, 2.0], [0.0, 3.0, 0.0, 0.0, 0.0, 4.0, 0.0, 0.0, 2.0, 3.0, 3.0, 3.0, 3.0, 2.0, 2.0, 2.0, 3.0, 0.0, 3.0, 3.0, 2.0, 2.0, 2.0, 2.0, 1.0, 1.0, 1.0, 3.0, 2.0, 2.0, 0.0, 2.0, 3.0, 3.0, 3.0, 3.0, 0.0, 3.0, 2.0], [4.0, 3.0, 0.0, 3.0, 2.0, 3.0, 4.0, 0.0, 2.0, 3.0, 3.0, 0.0, 2.0, 3.0, 2.0, 2.0, 3.0, 2.0, 3.0, 0.0, 2.0, 2.0, 2.0, 3.0, 1.0, 2.0, 1.0, 2.0, 2.0, 2.0, 1.0, 2.0, 1.0, 3.0, 2.0, 2.0, 2.0, 3.0, 2.0], [4.0, 3.0, 3.0, 0.0, 0.0, 2.0, 2.0, 0.0, 2.0, 3.0, 2.0, 2.0, 2.0, 2.0, 0.0, 2.0, 3.0, 2.0, 3.0, 2.0, 2.0, 2.0, 2.0, 1.0, 1.0, 2.0, 1.0, 2.0, 2.0, 4.0, 1.0, 2.0, 1.0, 3.0, 2.0, 3.0, 2.0, 4.0, 3.0], [4.0, 4.0, 0.0, 3.0, 0.0, 2.0, 0.0, 0.0, 2.0, 3.0, 3.0, 2.0, 2.0, 2.0, 2.0, 2.0, 3.0, 2.0, 3.0, 0.0, 2.0, 2.0, 2.0, 2.0, 1.0, 2.0, 1.0, 3.0, 2.0, 2.0, 0.0, 2.0, 2.0, 2.0, 2.0, 2.0, 2.0, 4.0, 2.0]]

first layer check: Conv2d(6, 64, kernel_size=(7, 7), stride=(2, 2), padding=(3, 3), bias=False)

for model 4: mode acc: 0.41025641560554504, run mean acc: 0.4137499928474426, top-2 acc:0.7520833611488342, mode f1: 0.41025641560554504

model 4 mode preds
[2.0, 2.0, 2.0, 1.0, 2.0, 2.0, 2.0, 1.0, 2.0, 1.0, 2.0, 2.0, 2.0, 2.0, 2.0, 2.0, 2.0, 2.0, 2.0, 2.0, 2.0, 2.0, 2.0, 2.0, 1.0, 1.0, 1.0, 1.0, 2.0, 2.0, 2.0, 2.0, 2.0, 1.0, 2.0, 2.0, 2.0, 2.0, 1.0]

model 4 all preds
[[2.0, 2.0, 2.0, 2.0, 2.0, 2.0, 2.0, 1.0, 2.0, 2.0, 2.0, 2.0, 2.0, 2.0, 2.0, 2.0, 2.0, 2.0, 2.0, 2.0, 2.0, 2.0, 2.0, 2.0, 1.0, 1.0, 1.0, 2.0, 2.0, 2.0, 3.0, 2.0, 1.0, 1.0, 2.0, 2.0, 2.0, 2.0, 1.0], [4.0, 2.0, 2.0, 1.0, 2.0, 4.0, 2.0, 1.0, 2.0, 2.0, 4.0, 2.0, 2.0, 2.0, 2.0, 2.0, 2.0, 2.0, 2.0, 2.0, 2.0, 2.0, 2.0, 2.0, 1.0, 1.0, 2.0, 2.0, 2.0, 2.0, 2.0, 2.0, 1.0, 1.0, 2.0, 2.0, 2.0, 2.0, 2.0], [2.0, 2.0, 2.0, 1.0, 2.0, 2.0, 2.0, 1.0, 2.0, 1.0, 2.0, 2.0, 2.0, 2.0, 2.0, 2.0, 2.0, 2.0, 2.0, 2.0, 2.0, 2.0, 2.0, 2.0, 1.0, 1.0, 1.0, 2.0, 1.0, 2.0, 2.0, 2.0, 2.0, 2.0, 2.0, 2.0, 2.0, 2.0, 1.0], [2.0, 2.0, 2.0, 1.0, 2.0, 2.0, 4.0, 1.0, 2.0, 1.0, 2.0, 2.0, 2.0, 2.0, 2.0, 2.0, 2.0, 2.0, 4.0, 2.0, 2.0, 2.0, 2.0, 2.0, 1.0, 1.0, 1.0, 2.0, 1.0, 2.0, 2.0, 2.0, 1.0, 1.0, 2.0, 2.0, 2.0, 2.0, 2.0], [2.0, 2.0, 2.0, 1.0, 2.0, 4.0, 4.0, 1.0, 2.0, 2.0, 2.0, 2.0, 2.0, 2.0, 2.0, 2.0, 2.0, 2.0, 2.0, 2.0, 2.0, 2.0, 2.0, 2.0, 1.0, 1.0, 1.0, 2.0, 2.0, 2.0, 2.0, 2.0, 2.0, 1.0, 2.0, 2.0, 2.0, 2.0, 1.0], [2.0, 2.0, 2.0, 1.0, 2.0, 2.0, 2.0, 2.0, 2.0, 2.0, 2.0, 2.0, 2.0, 2.0, 2.0, 2.0, 1.0, 2.0, 4.0, 2.0, 2.0, 2.0, 2.0, 2.0, 1.0, 1.0, 1.0, 1.0, 2.0, 2.0, 2.0, 2.0, 2.0, 1.0, 2.0, 2.0, 2.0, 2.0, 2.0], [2.0, 2.0, 2.0, 1.0, 2.0, 2.0, 2.0, 2.0, 2.0, 3.0, 2.0, 2.0, 2.0, 2.0, 2.0, 2.0, 2.0, 2.0, 2.0, 2.0, 2.0, 2.0, 2.0, 2.0, 1.0, 1.0, 1.0, 1.0, 2.0, 2.0, 2.0, 2.0, 2.0, 2.0, 2.0, 2.0, 2.0, 2.0, 2.0], [2.0, 2.0, 2.0, 3.0, 2.0, 2.0, 2.0, 1.0, 2.0, 1.0, 2.0, 2.0, 2.0, 2.0, 2.0, 2.0, 2.0, 2.0, 4.0, 2.0, 2.0, 2.0, 1.0, 2.0, 1.0, 1.0, 1.0, 1.0, 2.0, 2.0, 2.0, 2.0, 2.0, 1.0, 2.0, 2.0, 2.0, 2.0, 1.0], [2.0, 2.0, 2.0, 1.0, 2.0, 2.0, 2.0, 1.0, 2.0, 1.0, 2.0, 2.0, 2.0, 2.0, 2.0, 2.0, 2.0, 2.0, 4.0, 2.0, 2.0, 2.0, 2.0, 2.0, 1.0, 1.0, 2.0, 1.0, 1.0, 2.0, 2.0, 2.0, 1.0, 1.0, 2.0, 2.0, 2.0, 2.0, 1.0], [2.0, 2.0, 2.0, 1.0, 2.0, 2.0, 2.0, 1.0, 2.0, 1.0, 2.0, 2.0, 2.0, 2.0, 2.0, 2.0, 2.0, 2.0, 4.0, 2.0, 2.0, 2.0, 2.0, 2.0, 1.0, 1.0, 1.0, 1.0, 2.0, 2.0, 2.0, 2.0, 2.0, 2.0, 2.0, 2.0, 2.0, 2.0, 2.0], [2.0, 2.0, 2.0, 1.0, 2.0, 2.0, 2.0, 1.0, 2.0, 3.0, 2.0, 2.0, 2.0, 2.0, 2.0, 2.0, 2.0, 2.0, 4.0, 2.0, 1.0, 2.0, 2.0, 1.0, 1.0, 1.0, 1.0, 1.0, 1.0, 2.0, 2.0, 2.0, 2.0, 1.0, 2.0, 2.0, 2.0, 2.0, 1.0], [2.0, 2.0, 2.0, 2.0, 2.0, 2.0, 2.0, 1.0, 2.0, 1.0, 2.0, 2.0, 2.0, 2.0, 2.0, 2.0, 2.0, 2.0, 2.0, 2.0, 2.0, 2.0, 2.0, 1.0, 1.0, 1.0, 1.0, 1.0, 1.0, 2.0, 2.0, 2.0, 2.0, 2.0, 2.0, 2.0, 2.0, 2.0, 1.0], [2.0, 2.0, 2.0, 1.0, 2.0, 2.0, 2.0, 2.0, 2.0, 2.0, 2.0, 2.0, 2.0, 2.0, 2.0, 2.0, 2.0, 2.0, 2.0, 2.0, 2.0, 2.0, 2.0, 2.0, 1.0, 2.0, 1.0, 1.0, 2.0, 2.0, 2.0, 2.0, 2.0, 1.0, 2.0, 2.0, 2.0, 2.0, 1.0], [2.0, 2.0, 2.0, 2.0, 2.0, 2.0, 2.0, 1.0, 2.0, 2.0, 2.0, 2.0, 2.0, 2.0, 2.0, 2.0, 2.0, 2.0, 2.0, 2.0, 2.0, 2.0, 2.0, 2.0, 1.0, 1.0, 1.0, 1.0, 4.0, 2.0, 2.0, 2.0, 2.0, 2.0, 2.0, 2.0, 2.0, 2.0, 1.0], [2.0, 2.0, 2.0, 2.0, 2.0, 2.0, 2.0, 1.0, 2.0, 1.0, 2.0, 2.0, 2.0, 2.0, 2.0, 2.0, 2.0, 2.0, 2.0, 2.0, 2.0, 2.0, 2.0, 1.0, 1.0, 1.0, 1.0, 1.0, 1.0, 2.0, 2.0, 2.0, 2.0, 1.0, 2.0, 2.0, 2.0, 2.0, 1.0], [2.0, 2.0, 2.0, 2.0, 2.0, 2.0, 2.0, 1.0, 2.0, 1.0, 2.0, 2.0, 2.0, 2.0, 2.0, 2.0, 2.0, 2.0, 2.0, 2.0, 2.0, 2.0, 2.0, 2.0, 1.0, 1.0, 1.0, 1.0, 1.0, 2.0, 1.0, 2.0, 2.0, 1.0, 2.0, 2.0, 2.0, 2.0, 1.0], [2.0, 2.0, 2.0, 1.0, 2.0, 2.0, 2.0, 2.0, 2.0, 2.0, 4.0, 2.0, 2.0, 2.0, 2.0, 2.0, 2.0, 2.0, 4.0, 2.0, 2.0, 2.0, 2.0, 2.0, 1.0, 1.0, 1.0, 1.0, 1.0, 2.0, 2.0, 2.0, 2.0, 1.0, 2.0, 2.0, 2.0, 2.0, 1.0], [2.0, 2.0, 2.0, 1.0, 2.0, 2.0, 2.0, 1.0, 2.0, 1.0, 2.0, 2.0, 2.0, 2.0, 2.0, 2.0, 2.0, 2.0, 2.0, 2.0, 2.0, 2.0, 2.0, 1.0, 1.0, 1.0, 1.0, 1.0, 1.0, 2.0, 1.0, 2.0, 2.0, 1.0, 2.0, 2.0, 2.0, 2.0, 2.0], [2.0, 2.0, 2.0, 2.0, 2.0, 2.0, 2.0, 2.0, 2.0, 1.0, 2.0, 2.0, 2.0, 2.0, 2.0, 2.0, 3.0, 2.0, 4.0, 2.0, 2.0, 2.0, 2.0, 2.0, 1.0, 1.0, 2.0, 1.0, 2.0, 2.0, 2.0, 2.0, 1.0, 2.0, 2.0, 2.0, 2.0, 2.0, 2.0], [2.0, 2.0, 2.0, 1.0, 2.0, 2.0, 2.0, 1.0, 2.0, 2.0, 2.0, 2.0, 2.0, 2.0, 2.0, 2.0, 2.0, 2.0, 2.0, 2.0, 2.0, 2.0, 2.0, 2.0, 1.0, 1.0, 1.0, 1.0, 1.0, 2.0, 2.0, 2.0, 2.0, 1.0, 2.0, 2.0, 2.0, 2.0, 2.0], [2.0, 2.0, 2.0, 1.0, 2.0, 4.0, 2.0, 1.0, 2.0, 2.0, 4.0, 2.0, 2.0, 2.0, 2.0, 2.0, 2.0, 2.0, 2.0, 2.0, 2.0, 2.0, 2.0, 2.0, 1.0, 1.0, 1.0, 1.0, 1.0, 2.0, 3.0, 2.0, 2.0, 1.0, 2.0, 2.0, 2.0, 2.0, 1.0], [2.0, 2.0, 2.0, 1.0, 2.0, 2.0, 2.0, 1.0, 2.0, 1.0, 2.0, 2.0, 2.0, 2.0, 2.0, 2.0, 2.0, 2.0, 2.0, 2.0, 2.0, 2.0, 2.0, 2.0, 1.0, 1.0, 1.0, 1.0, 1.0, 2.0, 1.0, 2.0, 1.0, 1.0, 2.0, 2.0, 2.0, 2.0, 2.0], [2.0, 2.0, 2.0, 3.0, 2.0, 2.0, 2.0, 1.0, 2.0, 2.0, 2.0, 2.0, 2.0, 2.0, 2.0, 2.0, 2.0, 2.0, 2.0, 2.0, 1.0, 2.0, 2.0, 2.0, 1.0, 1.0, 2.0, 1.0, 2.0, 2.0, 2.0, 2.0, 1.0, 2.0, 2.0, 2.0, 2.0, 2.0, 1.0], [2.0, 2.0, 2.0, 1.0, 2.0, 2.0, 2.0, 2.0, 2.0, 2.0, 2.0, 2.0, 2.0, 2.0, 2.0, 2.0, 2.0, 2.0, 2.0, 2.0, 2.0, 2.0, 2.0, 2.0, 1.0, 1.0, 1.0, 1.0, 2.0, 2.0, 2.0, 2.0, 1.0, 1.0, 2.0, 2.0, 2.0, 2.0, 2.0], [2.0, 2.0, 2.0, 2.0, 2.0, 2.0, 2.0, 1.0, 2.0, 1.0, 2.0, 2.0, 2.0, 2.0, 2.0, 2.0, 2.0, 2.0, 2.0, 2.0, 2.0, 2.0, 2.0, 2.0, 1.0, 1.0, 1.0, 1.0, 1.0, 2.0, 2.0, 1.0, 2.0, 1.0, 2.0, 2.0, 2.0, 2.0, 1.0], [2.0, 2.0, 2.0, 3.0, 2.0, 2.0, 2.0, 2.0, 2.0, 1.0, 2.0, 2.0, 2.0, 2.0, 2.0, 2.0, 1.0, 2.0, 2.0, 2.0, 2.0, 2.0, 2.0, 2.0, 1.0, 1.0, 1.0, 1.0, 2.0, 2.0, 2.0, 2.0, 2.0, 1.0, 2.0, 2.0, 2.0, 2.0, 2.0], [2.0, 2.0, 2.0, 1.0, 2.0, 2.0, 2.0, 2.0, 2.0, 1.0, 2.0, 2.0, 2.0, 2.0, 2.0, 2.0, 2.0, 2.0, 2.0, 2.0, 2.0, 2.0, 1.0, 2.0, 1.0, 1.0, 1.0, 1.0, 2.0, 2.0, 2.0, 2.0, 1.0, 1.0, 2.0, 2.0, 2.0, 2.0, 1.0], [2.0, 2.0, 2.0, 1.0, 2.0, 2.0, 2.0, 2.0, 2.0, 1.0, 2.0, 2.0, 2.0, 2.0, 2.0, 2.0, 2.0, 2.0, 2.0, 2.0, 2.0, 2.0, 2.0, 1.0, 1.0, 1.0, 1.0, 1.0, 1.0, 2.0, 2.0, 2.0, 1.0, 1.0, 2.0, 2.0, 2.0, 2.0, 1.0], [2.0, 2.0, 2.0, 1.0, 2.0, 2.0, 2.0, 2.0, 2.0, 1.0, 3.0, 2.0, 2.0, 2.0, 2.0, 2.0, 2.0, 2.0, 2.0, 2.0, 2.0, 2.0, 2.0, 1.0, 1.0, 1.0, 1.0, 1.0, 2.0, 2.0, 2.0, 2.0, 2.0, 1.0, 2.0, 2.0, 2.0, 2.0, 1.0], [2.0, 2.0, 2.0, 2.0, 2.0, 2.0, 2.0, 1.0, 2.0, 1.0, 2.0, 2.0, 2.0, 2.0, 2.0, 2.0, 1.0, 2.0, 4.0, 2.0, 2.0, 2.0, 2.0, 2.0, 1.0, 1.0, 1.0, 1.0, 1.0, 2.0, 1.0, 2.0, 2.0, 1.0, 2.0, 2.0, 2.0, 2.0, 2.0], [2.0, 2.0, 2.0, 1.0, 2.0, 2.0, 2.0, 2.0, 2.0, 2.0, 2.0, 2.0, 2.0, 2.0, 2.0, 2.0, 2.0, 2.0, 2.0, 2.0, 2.0, 2.0, 2.0, 2.0, 1.0, 1.0, 1.0, 1.0, 2.0, 2.0, 1.0, 2.0, 1.0, 2.0, 2.0, 2.0, 2.0, 2.0, 1.0], [2.0, 2.0, 2.0, 1.0, 2.0, 2.0, 4.0, 2.0, 2.0, 2.0, 2.0, 2.0, 2.0, 2.0, 2.0, 2.0, 2.0, 2.0, 2.0, 2.0, 2.0, 2.0, 2.0, 2.0, 1.0, 2.0, 1.0, 2.0, 2.0, 2.0, 2.0, 2.0, 2.0, 1.0, 2.0, 2.0, 2.0, 2.0, 1.0], [2.0, 2.0, 2.0, 2.0, 2.0, 4.0, 2.0, 1.0, 2.0, 1.0, 2.0, 2.0, 2.0, 2.0, 2.0, 2.0, 2.0, 2.0, 4.0, 2.0, 2.0, 2.0, 2.0, 2.0, 1.0, 1.0, 1.0, 1.0, 2.0, 2.0, 2.0, 2.0, 1.0, 1.0, 2.0, 2.0, 2.0, 2.0, 1.0], [2.0, 2.0, 2.0, 1.0, 2.0, 2.0, 2.0, 2.0, 2.0, 1.0, 2.0, 2.0, 2.0, 2.0, 2.0, 2.0, 2.0, 2.0, 2.0, 2.0, 2.0, 2.0, 2.0, 2.0, 1.0, 1.0, 1.0, 2.0, 2.0, 2.0, 2.0, 2.0, 2.0, 1.0, 2.0, 2.0, 2.0, 2.0, 1.0], [2.0, 2.0, 2.0, 1.0, 2.0, 2.0, 2.0, 1.0, 2.0, 3.0, 3.0, 2.0, 2.0, 2.0, 2.0, 2.0, 1.0, 2.0, 2.0, 2.0, 2.0, 2.0, 2.0, 2.0, 1.0, 1.0, 1.0, 1.0, 1.0, 2.0, 2.0, 2.0, 1.0, 1.0, 2.0, 2.0, 2.0, 2.0, 1.0], [2.0, 2.0, 2.0, 2.0, 2.0, 2.0, 2.0, 1.0, 2.0, 1.0, 4.0, 4.0, 4.0, 2.0, 2.0, 2.0, 2.0, 2.0, 4.0, 2.0, 2.0, 2.0, 2.0, 2.0, 1.0, 1.0, 1.0, 1.0, 2.0, 2.0, 2.0, 2.0, 2.0, 1.0, 2.0, 2.0, 2.0, 2.0, 1.0], [2.0, 2.0, 2.0, 2.0, 2.0, 2.0, 2.0, 1.0, 2.0, 1.0, 2.0, 2.0, 4.0, 2.0, 2.0, 2.0, 2.0, 2.0, 2.0, 2.0, 2.0, 2.0, 2.0, 2.0, 1.0, 1.0, 1.0, 1.0, 1.0, 2.0, 1.0, 2.0, 2.0, 1.0, 2.0, 2.0, 2.0, 2.0, 1.0], [2.0, 2.0, 2.0, 1.0, 2.0, 2.0, 2.0, 1.0, 2.0, 1.0, 2.0, 2.0, 2.0, 2.0, 2.0, 2.0, 2.0, 2.0, 4.0, 2.0, 2.0, 2.0, 2.0, 2.0, 1.0, 1.0, 1.0, 1.0, 1.0, 1.0, 1.0, 2.0, 2.0, 2.0, 2.0, 2.0, 2.0, 2.0, 2.0], [2.0, 2.0, 2.0, 1.0, 2.0, 2.0, 2.0, 1.0, 2.0, 2.0, 2.0, 2.0, 2.0, 2.0, 2.0, 2.0, 2.0, 2.0, 2.0, 2.0, 2.0, 2.0, 2.0, 2.0, 1.0, 1.0, 1.0, 1.0, 2.0, 2.0, 2.0, 2.0, 2.0, 1.0, 2.0, 2.0, 2.0, 2.0, 2.0], [2.0, 2.0, 2.0, 1.0, 2.0, 2.0, 2.0, 1.0, 2.0, 2.0, 4.0, 2.0, 2.0, 2.0, 2.0, 2.0, 2.0, 2.0, 2.0, 2.0, 2.0, 2.0, 2.0, 1.0, 1.0, 1.0, 1.0, 1.0, 1.0, 2.0, 2.0, 2.0, 2.0, 1.0, 2.0, 2.0, 2.0, 2.0, 2.0], [2.0, 2.0, 2.0, 1.0, 2.0, 2.0, 2.0, 1.0, 1.0, 2.0, 2.0, 2.0, 4.0, 2.0, 2.0, 2.0, 2.0, 2.0, 4.0, 2.0, 2.0, 2.0, 2.0, 2.0, 1.0, 1.0, 1.0, 1.0, 2.0, 2.0, 2.0, 2.0, 2.0, 2.0, 2.0, 2.0, 2.0, 2.0, 2.0], [2.0, 2.0, 2.0, 3.0, 2.0, 2.0, 2.0, 2.0, 2.0, 1.0, 2.0, 2.0, 3.0, 2.0, 2.0, 2.0, 1.0, 2.0, 2.0, 2.0, 2.0, 1.0, 1.0, 2.0, 1.0, 1.0, 2.0, 1.0, 2.0, 2.0, 2.0, 2.0, 2.0, 2.0, 2.0, 2.0, 2.0, 2.0, 2.0], [2.0, 2.0, 2.0, 1.0, 2.0, 2.0, 2.0, 2.0, 2.0, 1.0, 2.0, 2.0, 2.0, 2.0, 2.0, 2.0, 2.0, 2.0, 2.0, 2.0, 2.0, 2.0, 2.0, 2.0, 1.0, 1.0, 1.0, 1.0, 1.0, 2.0, 2.0, 2.0, 2.0, 1.0, 2.0, 2.0, 2.0, 2.0, 1.0], [4.0, 2.0, 2.0, 1.0, 2.0, 4.0, 2.0, 1.0, 2.0, 3.0, 2.0, 2.0, 2.0, 2.0, 2.0, 2.0, 2.0, 2.0, 2.0, 2.0, 2.0, 2.0, 2.0, 2.0, 1.0, 1.0, 1.0, 1.0, 2.0, 2.0, 2.0, 2.0, 2.0, 1.0, 2.0, 2.0, 2.0, 2.0, 1.0], [2.0, 2.0, 2.0, 1.0, 2.0, 2.0, 2.0, 2.0, 2.0, 1.0, 2.0, 2.0, 2.0, 2.0, 2.0, 2.0, 2.0, 2.0, 2.0, 2.0, 2.0, 2.0, 2.0, 2.0, 1.0, 1.0, 1.0, 1.0, 1.0, 2.0, 2.0, 2.0, 1.0, 1.0, 2.0, 2.0, 2.0, 2.0, 1.0], [2.0, 2.0, 2.0, 1.0, 2.0, 2.0, 2.0, 1.0, 2.0, 2.0, 2.0, 2.0, 2.0, 2.0, 2.0, 2.0, 1.0, 2.0, 2.0, 2.0, 2.0, 2.0, 2.0, 2.0, 1.0, 1.0, 1.0, 1.0, 1.0, 2.0, 2.0, 2.0, 2.0, 1.0, 2.0, 2.0, 2.0, 2.0, 2.0], [2.0, 2.0, 2.0, 1.0, 2.0, 2.0, 2.0, 2.0, 2.0, 2.0, 2.0, 2.0, 4.0, 2.0, 2.0, 2.0, 2.0, 2.0, 2.0, 2.0, 2.0, 2.0, 2.0, 2.0, 1.0, 1.0, 1.0, 1.0, 2.0, 2.0, 2.0, 2.0, 2.0, 1.0, 2.0, 2.0, 2.0, 2.0, 2.0], [2.0, 2.0, 2.0, 3.0, 2.0, 2.0, 2.0, 2.0, 2.0, 2.0, 2.0, 2.0, 2.0, 2.0, 2.0, 2.0, 2.0, 2.0, 2.0, 2.0, 2.0, 2.0, 2.0, 1.0, 1.0, 1.0, 2.0, 1.0, 1.0, 2.0, 2.0, 2.0, 1.0, 1.0, 2.0, 2.0, 2.0, 2.0, 1.0], [2.0, 2.0, 2.0, 1.0, 2.0, 2.0, 2.0, 1.0, 2.0, 1.0, 2.0, 2.0, 2.0, 2.0, 2.0, 2.0, 2.0, 2.0, 2.0, 2.0, 2.0, 2.0, 2.0, 2.0, 1.0, 1.0, 1.0, 1.0, 2.0, 2.0, 2.0, 2.0, 1.0, 2.0, 2.0, 2.0, 2.0, 2.0, 2.0], [2.0, 2.0, 2.0, 1.0, 2.0, 4.0, 2.0, 2.0, 1.0, 3.0, 2.0, 2.0, 2.0, 2.0, 2.0, 2.0, 2.0, 2.0, 2.0, 2.0, 2.0, 2.0, 2.0, 2.0, 1.0, 1.0, 1.0, 1.0, 1.0, 2.0, 2.0, 2.0, 2.0, 2.0, 2.0, 2.0, 2.0, 2.0, 1.0]]

