first layer check: Conv2d(6, 64, kernel_size=(7, 7), stride=(2, 2), padding=(3, 3), bias=False)

target ys
[0.0, 4.0, 0.0, 2.0, 0.0, 6.0, 2.0, 4.0, 2.0, 3.0, 3.0, 4.0, 3.0, 3.0, 1.0, 5.0, 3.0, 1.0, 2.0, 4.0, 2.0, 3.0, 2.0, 3.0, 2.0, 5.0, 5.0, 1.0, 2.0, 1.0, 2.0, 4.0, 2.0, 1.0, 3.0, 4.0, 1.0, 2.0, 2.0, 2.0, 1.0]

for model 0: mode acc: 0.31707316637039185, run mean acc: 0.28999999165534973, top-2 acc:0.5619999766349792, mode f1: 0.31707316637039185

model 0 mode preds
[1.0, 4.0, 3.0, 4.0, 1.0, 4.0, 2.0, 4.0, 3.0, 3.0, 1.0, 4.0, 4.0, 1.0, 1.0, 4.0, 1.0, 2.0, 4.0, 4.0, 3.0, 3.0, 1.0, 1.0, 1.0, 4.0, 4.0, 1.0, 5.0, 1.0, 1.0, 4.0, 4.0, 1.0, 4.0, 4.0, 2.0, 4.0, 1.0, 1.0, 2.0]

model 0 all preds
[[1.0, 4.0, 2.0, 2.0, 1.0, 4.0, 2.0, 4.0, 1.0, 3.0, 1.0, 4.0, 4.0, 1.0, 1.0, 4.0, 1.0, 2.0, 4.0, 1.0, 4.0, 3.0, 1.0, 1.0, 1.0, 4.0, 4.0, 1.0, 5.0, 1.0, 1.0, 2.0, 3.0, 1.0, 4.0, 4.0, 2.0, 2.0, 3.0, 1.0, 2.0], [1.0, 4.0, 3.0, 4.0, 1.0, 4.0, 4.0, 4.0, 3.0, 2.0, 1.0, 4.0, 4.0, 1.0, 1.0, 4.0, 1.0, 4.0, 4.0, 4.0, 3.0, 3.0, 1.0, 1.0, 1.0, 2.0, 4.0, 1.0, 5.0, 1.0, 1.0, 4.0, 1.0, 1.0, 4.0, 4.0, 1.0, 4.0, 1.0, 1.0, 2.0], [1.0, 3.0, 3.0, 4.0, 1.0, 4.0, 5.0, 4.0, 3.0, 4.0, 1.0, 4.0, 3.0, 1.0, 1.0, 4.0, 1.0, 5.0, 2.0, 2.0, 3.0, 3.0, 1.0, 1.0, 1.0, 4.0, 5.0, 1.0, 5.0, 1.0, 1.0, 4.0, 1.0, 1.0, 4.0, 4.0, 1.0, 4.0, 1.0, 1.0, 2.0], [1.0, 4.0, 4.0, 4.0, 1.0, 4.0, 2.0, 4.0, 3.0, 4.0, 1.0, 4.0, 4.0, 1.0, 1.0, 4.0, 1.0, 4.0, 4.0, 4.0, 3.0, 5.0, 1.0, 3.0, 1.0, 4.0, 4.0, 1.0, 5.0, 1.0, 1.0, 2.0, 1.0, 1.0, 2.0, 4.0, 2.0, 4.0, 1.0, 1.0, 2.0], [1.0, 4.0, 3.0, 1.0, 1.0, 4.0, 4.0, 4.0, 5.0, 3.0, 1.0, 4.0, 4.0, 1.0, 1.0, 4.0, 1.0, 2.0, 4.0, 4.0, 3.0, 3.0, 1.0, 1.0, 1.0, 4.0, 4.0, 1.0, 5.0, 1.0, 1.0, 3.0, 4.0, 1.0, 4.0, 4.0, 1.0, 4.0, 1.0, 1.0, 4.0], [1.0, 4.0, 3.0, 4.0, 1.0, 1.0, 2.0, 4.0, 1.0, 3.0, 1.0, 4.0, 4.0, 3.0, 1.0, 4.0, 3.0, 2.0, 2.0, 1.0, 3.0, 3.0, 1.0, 3.0, 1.0, 4.0, 2.0, 1.0, 5.0, 1.0, 1.0, 4.0, 2.0, 1.0, 4.0, 4.0, 2.0, 4.0, 1.0, 3.0, 2.0], [1.0, 4.0, 3.0, 4.0, 1.0, 4.0, 4.0, 4.0, 3.0, 3.0, 1.0, 4.0, 4.0, 1.0, 1.0, 4.0, 1.0, 2.0, 4.0, 4.0, 1.0, 3.0, 1.0, 1.0, 1.0, 4.0, 4.0, 1.0, 5.0, 1.0, 1.0, 2.0, 3.0, 1.0, 2.0, 4.0, 1.0, 4.0, 1.0, 1.0, 2.0], [1.0, 4.0, 3.0, 4.0, 1.0, 5.0, 2.0, 4.0, 5.0, 4.0, 1.0, 4.0, 4.0, 1.0, 1.0, 4.0, 1.0, 2.0, 2.0, 1.0, 3.0, 3.0, 1.0, 1.0, 1.0, 4.0, 4.0, 1.0, 5.0, 1.0, 1.0, 2.0, 1.0, 1.0, 4.0, 4.0, 1.0, 1.0, 1.0, 1.0, 4.0], [1.0, 2.0, 1.0, 4.0, 1.0, 4.0, 2.0, 4.0, 1.0, 3.0, 1.0, 4.0, 4.0, 1.0, 1.0, 4.0, 1.0, 2.0, 4.0, 2.0, 1.0, 4.0, 1.0, 1.0, 1.0, 4.0, 4.0, 1.0, 5.0, 1.0, 1.0, 4.0, 4.0, 1.0, 1.0, 4.0, 1.0, 3.0, 3.0, 1.0, 2.0], [1.0, 4.0, 3.0, 4.0, 1.0, 4.0, 2.0, 4.0, 1.0, 3.0, 1.0, 4.0, 4.0, 1.0, 1.0, 4.0, 1.0, 1.0, 4.0, 4.0, 3.0, 1.0, 3.0, 1.0, 1.0, 4.0, 4.0, 1.0, 5.0, 1.0, 1.0, 4.0, 1.0, 1.0, 3.0, 4.0, 2.0, 4.0, 1.0, 1.0, 2.0], [1.0, 4.0, 2.0, 4.0, 1.0, 4.0, 4.0, 4.0, 1.0, 3.0, 1.0, 2.0, 3.0, 3.0, 1.0, 4.0, 3.0, 4.0, 4.0, 4.0, 3.0, 1.0, 1.0, 1.0, 1.0, 4.0, 4.0, 1.0, 5.0, 1.0, 1.0, 2.0, 2.0, 1.0, 4.0, 4.0, 2.0, 4.0, 1.0, 1.0, 2.0], [1.0, 3.0, 5.0, 4.0, 1.0, 4.0, 2.0, 4.0, 1.0, 3.0, 1.0, 4.0, 3.0, 1.0, 1.0, 4.0, 3.0, 2.0, 4.0, 1.0, 1.0, 3.0, 1.0, 1.0, 1.0, 2.0, 4.0, 1.0, 5.0, 1.0, 1.0, 4.0, 2.0, 1.0, 4.0, 4.0, 2.0, 4.0, 1.0, 1.0, 2.0], [1.0, 4.0, 3.0, 4.0, 1.0, 4.0, 4.0, 4.0, 3.0, 3.0, 1.0, 4.0, 3.0, 3.0, 1.0, 4.0, 3.0, 2.0, 2.0, 1.0, 3.0, 3.0, 1.0, 1.0, 1.0, 4.0, 4.0, 1.0, 5.0, 1.0, 1.0, 4.0, 1.0, 1.0, 4.0, 4.0, 1.0, 2.0, 1.0, 1.0, 2.0], [1.0, 3.0, 3.0, 4.0, 1.0, 5.0, 2.0, 2.0, 3.0, 3.0, 1.0, 4.0, 1.0, 3.0, 1.0, 4.0, 1.0, 2.0, 2.0, 2.0, 3.0, 3.0, 1.0, 3.0, 1.0, 4.0, 1.0, 1.0, 5.0, 1.0, 1.0, 2.0, 4.0, 1.0, 4.0, 4.0, 2.0, 2.0, 1.0, 1.0, 2.0], [1.0, 3.0, 2.0, 4.0, 1.0, 3.0, 4.0, 4.0, 3.0, 4.0, 1.0, 2.0, 4.0, 1.0, 1.0, 4.0, 1.0, 2.0, 4.0, 3.0, 3.0, 3.0, 3.0, 3.0, 1.0, 4.0, 3.0, 1.0, 5.0, 1.0, 1.0, 2.0, 1.0, 1.0, 1.0, 4.0, 2.0, 4.0, 1.0, 1.0, 2.0], [1.0, 3.0, 4.0, 4.0, 1.0, 2.0, 2.0, 4.0, 1.0, 3.0, 1.0, 4.0, 4.0, 1.0, 1.0, 4.0, 1.0, 4.0, 4.0, 4.0, 1.0, 5.0, 4.0, 3.0, 1.0, 2.0, 4.0, 1.0, 5.0, 1.0, 1.0, 4.0, 1.0, 1.0, 2.0, 4.0, 2.0, 4.0, 1.0, 1.0, 4.0], [1.0, 3.0, 1.0, 4.0, 1.0, 4.0, 2.0, 4.0, 3.0, 3.0, 1.0, 2.0, 4.0, 3.0, 1.0, 4.0, 1.0, 2.0, 2.0, 4.0, 3.0, 3.0, 1.0, 3.0, 1.0, 4.0, 4.0, 1.0, 5.0, 1.0, 1.0, 4.0, 4.0, 1.0, 1.0, 4.0, 1.0, 4.0, 1.0, 1.0, 2.0], [1.0, 4.0, 4.0, 4.0, 1.0, 4.0, 2.0, 4.0, 1.0, 3.0, 1.0, 4.0, 4.0, 3.0, 1.0, 4.0, 1.0, 4.0, 4.0, 4.0, 3.0, 3.0, 1.0, 1.0, 1.0, 4.0, 2.0, 1.0, 5.0, 1.0, 1.0, 1.0, 4.0, 1.0, 4.0, 4.0, 1.0, 2.0, 3.0, 3.0, 2.0], [1.0, 4.0, 3.0, 4.0, 1.0, 4.0, 4.0, 4.0, 3.0, 3.0, 1.0, 4.0, 3.0, 1.0, 1.0, 4.0, 3.0, 4.0, 4.0, 4.0, 3.0, 3.0, 1.0, 1.0, 1.0, 4.0, 4.0, 1.0, 5.0, 1.0, 1.0, 4.0, 4.0, 1.0, 4.0, 4.0, 2.0, 4.0, 3.0, 1.0, 4.0], [1.0, 4.0, 3.0, 4.0, 1.0, 4.0, 2.0, 4.0, 3.0, 3.0, 1.0, 4.0, 4.0, 1.0, 1.0, 4.0, 3.0, 3.0, 4.0, 3.0, 3.0, 3.0, 1.0, 2.0, 1.0, 4.0, 2.0, 1.0, 5.0, 1.0, 1.0, 4.0, 2.0, 1.0, 1.0, 4.0, 1.0, 4.0, 1.0, 1.0, 2.0], [1.0, 4.0, 3.0, 4.0, 1.0, 4.0, 4.0, 4.0, 1.0, 3.0, 1.0, 4.0, 4.0, 1.0, 1.0, 4.0, 3.0, 2.0, 2.0, 1.0, 3.0, 1.0, 1.0, 1.0, 1.0, 2.0, 4.0, 1.0, 5.0, 1.0, 1.0, 2.0, 2.0, 1.0, 4.0, 4.0, 2.0, 3.0, 1.0, 1.0, 2.0], [1.0, 4.0, 3.0, 4.0, 1.0, 4.0, 2.0, 4.0, 1.0, 3.0, 1.0, 4.0, 4.0, 3.0, 1.0, 4.0, 1.0, 2.0, 2.0, 1.0, 3.0, 3.0, 1.0, 1.0, 1.0, 4.0, 4.0, 1.0, 5.0, 1.0, 2.0, 1.0, 4.0, 1.0, 3.0, 4.0, 2.0, 3.0, 3.0, 1.0, 2.0], [1.0, 4.0, 3.0, 2.0, 1.0, 3.0, 4.0, 4.0, 3.0, 3.0, 1.0, 4.0, 4.0, 3.0, 1.0, 4.0, 1.0, 3.0, 2.0, 1.0, 3.0, 3.0, 1.0, 1.0, 1.0, 4.0, 4.0, 1.0, 5.0, 1.0, 1.0, 4.0, 4.0, 1.0, 2.0, 4.0, 1.0, 3.0, 3.0, 1.0, 2.0], [1.0, 4.0, 3.0, 3.0, 1.0, 5.0, 2.0, 4.0, 3.0, 3.0, 1.0, 4.0, 4.0, 1.0, 1.0, 4.0, 3.0, 1.0, 4.0, 4.0, 3.0, 3.0, 1.0, 3.0, 1.0, 2.0, 2.0, 1.0, 5.0, 1.0, 1.0, 2.0, 4.0, 1.0, 4.0, 4.0, 2.0, 4.0, 3.0, 1.0, 2.0], [1.0, 4.0, 2.0, 4.0, 1.0, 4.0, 2.0, 4.0, 3.0, 4.0, 1.0, 4.0, 4.0, 3.0, 1.0, 4.0, 1.0, 2.0, 2.0, 1.0, 1.0, 3.0, 1.0, 1.0, 1.0, 4.0, 4.0, 1.0, 5.0, 1.0, 1.0, 2.0, 3.0, 1.0, 3.0, 4.0, 2.0, 4.0, 1.0, 1.0, 2.0], [1.0, 4.0, 3.0, 3.0, 1.0, 4.0, 4.0, 4.0, 1.0, 3.0, 1.0, 3.0, 1.0, 1.0, 1.0, 4.0, 1.0, 2.0, 2.0, 4.0, 3.0, 4.0, 2.0, 3.0, 1.0, 4.0, 4.0, 1.0, 5.0, 1.0, 1.0, 1.0, 4.0, 1.0, 4.0, 4.0, 2.0, 3.0, 3.0, 1.0, 4.0], [1.0, 4.0, 3.0, 4.0, 1.0, 4.0, 2.0, 4.0, 3.0, 3.0, 1.0, 4.0, 3.0, 1.0, 1.0, 4.0, 1.0, 4.0, 4.0, 1.0, 3.0, 1.0, 1.0, 1.0, 1.0, 4.0, 4.0, 1.0, 5.0, 1.0, 1.0, 2.0, 4.0, 1.0, 4.0, 4.0, 2.0, 4.0, 1.0, 3.0, 4.0], [1.0, 3.0, 3.0, 4.0, 1.0, 5.0, 2.0, 4.0, 3.0, 3.0, 1.0, 4.0, 4.0, 1.0, 1.0, 4.0, 3.0, 2.0, 4.0, 4.0, 1.0, 4.0, 1.0, 1.0, 1.0, 4.0, 2.0, 1.0, 5.0, 1.0, 1.0, 2.0, 2.0, 1.0, 4.0, 4.0, 2.0, 3.0, 1.0, 1.0, 2.0], [1.0, 4.0, 3.0, 4.0, 1.0, 4.0, 4.0, 4.0, 1.0, 3.0, 1.0, 4.0, 3.0, 1.0, 1.0, 4.0, 1.0, 2.0, 4.0, 3.0, 4.0, 3.0, 1.0, 1.0, 1.0, 4.0, 4.0, 1.0, 5.0, 1.0, 1.0, 1.0, 4.0, 1.0, 1.0, 4.0, 2.0, 4.0, 1.0, 1.0, 2.0], [1.0, 4.0, 3.0, 2.0, 1.0, 2.0, 4.0, 4.0, 5.0, 3.0, 1.0, 4.0, 3.0, 1.0, 1.0, 4.0, 1.0, 4.0, 4.0, 4.0, 3.0, 3.0, 1.0, 1.0, 1.0, 2.0, 4.0, 1.0, 2.0, 1.0, 1.0, 4.0, 2.0, 1.0, 4.0, 4.0, 2.0, 4.0, 1.0, 1.0, 4.0], [1.0, 4.0, 2.0, 4.0, 1.0, 4.0, 4.0, 4.0, 2.0, 3.0, 1.0, 4.0, 4.0, 1.0, 1.0, 4.0, 3.0, 2.0, 4.0, 2.0, 1.0, 3.0, 2.0, 1.0, 1.0, 4.0, 4.0, 1.0, 2.0, 1.0, 1.0, 1.0, 4.0, 1.0, 2.0, 4.0, 1.0, 4.0, 3.0, 1.0, 4.0], [1.0, 4.0, 3.0, 4.0, 1.0, 4.0, 2.0, 4.0, 3.0, 4.0, 1.0, 4.0, 4.0, 1.0, 1.0, 4.0, 3.0, 4.0, 2.0, 1.0, 3.0, 3.0, 1.0, 1.0, 1.0, 4.0, 4.0, 1.0, 5.0, 1.0, 1.0, 4.0, 4.0, 1.0, 2.0, 4.0, 2.0, 4.0, 3.0, 1.0, 2.0], [1.0, 4.0, 3.0, 4.0, 1.0, 3.0, 4.0, 4.0, 3.0, 3.0, 1.0, 4.0, 4.0, 1.0, 1.0, 4.0, 1.0, 2.0, 2.0, 2.0, 3.0, 1.0, 4.0, 3.0, 1.0, 4.0, 4.0, 1.0, 5.0, 1.0, 1.0, 4.0, 4.0, 1.0, 2.0, 4.0, 1.0, 4.0, 3.0, 1.0, 2.0], [1.0, 5.0, 3.0, 4.0, 1.0, 4.0, 2.0, 4.0, 3.0, 3.0, 1.0, 2.0, 3.0, 1.0, 1.0, 4.0, 1.0, 2.0, 4.0, 2.0, 3.0, 4.0, 4.0, 3.0, 1.0, 4.0, 4.0, 1.0, 5.0, 1.0, 1.0, 4.0, 4.0, 1.0, 4.0, 4.0, 2.0, 2.0, 2.0, 1.0, 4.0], [1.0, 4.0, 3.0, 4.0, 1.0, 4.0, 2.0, 4.0, 1.0, 4.0, 1.0, 4.0, 4.0, 1.0, 1.0, 4.0, 1.0, 2.0, 4.0, 2.0, 3.0, 3.0, 2.0, 1.0, 1.0, 4.0, 4.0, 1.0, 5.0, 1.0, 1.0, 4.0, 4.0, 1.0, 1.0, 4.0, 2.0, 4.0, 3.0, 1.0, 2.0], [1.0, 4.0, 3.0, 4.0, 1.0, 4.0, 4.0, 4.0, 3.0, 3.0, 1.0, 2.0, 3.0, 1.0, 1.0, 4.0, 3.0, 4.0, 4.0, 4.0, 3.0, 3.0, 3.0, 1.0, 1.0, 2.0, 4.0, 1.0, 5.0, 1.0, 1.0, 4.0, 4.0, 1.0, 4.0, 4.0, 2.0, 4.0, 3.0, 1.0, 2.0], [1.0, 4.0, 2.0, 2.0, 1.0, 4.0, 4.0, 4.0, 3.0, 2.0, 1.0, 4.0, 4.0, 1.0, 1.0, 4.0, 3.0, 5.0, 3.0, 4.0, 3.0, 1.0, 3.0, 1.0, 1.0, 4.0, 1.0, 1.0, 5.0, 1.0, 1.0, 2.0, 1.0, 1.0, 1.0, 4.0, 1.0, 4.0, 1.0, 1.0, 2.0], [1.0, 4.0, 4.0, 4.0, 1.0, 3.0, 4.0, 4.0, 3.0, 3.0, 1.0, 4.0, 4.0, 1.0, 1.0, 4.0, 1.0, 5.0, 2.0, 2.0, 3.0, 3.0, 1.0, 3.0, 1.0, 2.0, 4.0, 1.0, 5.0, 1.0, 1.0, 2.0, 2.0, 1.0, 4.0, 4.0, 2.0, 4.0, 1.0, 1.0, 2.0], [1.0, 3.0, 3.0, 2.0, 1.0, 4.0, 2.0, 4.0, 3.0, 4.0, 1.0, 4.0, 4.0, 3.0, 1.0, 4.0, 1.0, 2.0, 2.0, 2.0, 3.0, 3.0, 3.0, 1.0, 1.0, 4.0, 4.0, 1.0, 5.0, 1.0, 1.0, 4.0, 4.0, 1.0, 4.0, 4.0, 2.0, 4.0, 1.0, 1.0, 2.0], [1.0, 4.0, 2.0, 4.0, 1.0, 4.0, 4.0, 4.0, 3.0, 3.0, 1.0, 4.0, 4.0, 1.0, 1.0, 4.0, 5.0, 3.0, 4.0, 4.0, 3.0, 3.0, 1.0, 1.0, 1.0, 4.0, 2.0, 1.0, 5.0, 1.0, 1.0, 1.0, 4.0, 1.0, 2.0, 4.0, 2.0, 4.0, 1.0, 1.0, 2.0], [1.0, 4.0, 2.0, 4.0, 1.0, 4.0, 2.0, 4.0, 5.0, 1.0, 1.0, 4.0, 3.0, 1.0, 1.0, 4.0, 3.0, 3.0, 2.0, 3.0, 3.0, 3.0, 3.0, 2.0, 1.0, 4.0, 4.0, 1.0, 5.0, 1.0, 1.0, 4.0, 2.0, 1.0, 2.0, 4.0, 1.0, 4.0, 1.0, 1.0, 2.0], [1.0, 4.0, 2.0, 4.0, 1.0, 4.0, 2.0, 4.0, 1.0, 4.0, 1.0, 4.0, 4.0, 3.0, 1.0, 4.0, 3.0, 2.0, 2.0, 4.0, 1.0, 1.0, 3.0, 1.0, 1.0, 2.0, 4.0, 1.0, 5.0, 1.0, 1.0, 2.0, 4.0, 1.0, 4.0, 4.0, 2.0, 4.0, 1.0, 1.0, 2.0], [1.0, 4.0, 2.0, 5.0, 1.0, 4.0, 4.0, 4.0, 3.0, 3.0, 1.0, 4.0, 4.0, 1.0, 1.0, 4.0, 1.0, 4.0, 2.0, 2.0, 1.0, 3.0, 1.0, 1.0, 1.0, 2.0, 4.0, 1.0, 5.0, 1.0, 1.0, 3.0, 2.0, 1.0, 3.0, 4.0, 1.0, 3.0, 1.0, 1.0, 2.0], [1.0, 4.0, 3.0, 4.0, 1.0, 4.0, 5.0, 4.0, 3.0, 3.0, 1.0, 1.0, 4.0, 1.0, 1.0, 4.0, 3.0, 4.0, 4.0, 1.0, 3.0, 3.0, 1.0, 1.0, 1.0, 4.0, 2.0, 1.0, 2.0, 1.0, 1.0, 4.0, 4.0, 1.0, 2.0, 4.0, 2.0, 4.0, 3.0, 1.0, 2.0], [1.0, 4.0, 3.0, 1.0, 1.0, 4.0, 2.0, 4.0, 1.0, 3.0, 1.0, 4.0, 4.0, 3.0, 1.0, 4.0, 1.0, 2.0, 4.0, 4.0, 3.0, 3.0, 3.0, 1.0, 1.0, 4.0, 4.0, 1.0, 5.0, 1.0, 1.0, 2.0, 2.0, 1.0, 3.0, 4.0, 2.0, 4.0, 3.0, 1.0, 4.0], [1.0, 3.0, 2.0, 4.0, 1.0, 4.0, 4.0, 4.0, 1.0, 3.0, 1.0, 4.0, 4.0, 1.0, 1.0, 4.0, 1.0, 2.0, 4.0, 4.0, 1.0, 3.0, 1.0, 3.0, 1.0, 4.0, 4.0, 1.0, 5.0, 1.0, 1.0, 4.0, 1.0, 1.0, 4.0, 4.0, 2.0, 4.0, 3.0, 1.0, 4.0], [1.0, 3.0, 3.0, 3.0, 1.0, 4.0, 4.0, 4.0, 3.0, 3.0, 1.0, 4.0, 4.0, 3.0, 1.0, 4.0, 3.0, 2.0, 4.0, 3.0, 3.0, 3.0, 1.0, 1.0, 1.0, 4.0, 2.0, 1.0, 1.0, 1.0, 1.0, 4.0, 1.0, 1.0, 4.0, 4.0, 1.0, 4.0, 3.0, 1.0, 4.0], [1.0, 4.0, 3.0, 4.0, 1.0, 2.0, 2.0, 4.0, 3.0, 3.0, 1.0, 2.0, 4.0, 1.0, 1.0, 4.0, 1.0, 4.0, 4.0, 4.0, 3.0, 3.0, 1.0, 1.0, 1.0, 2.0, 2.0, 1.0, 5.0, 1.0, 1.0, 3.0, 2.0, 1.0, 1.0, 4.0, 2.0, 4.0, 1.0, 1.0, 4.0], [1.0, 3.0, 3.0, 2.0, 1.0, 4.0, 2.0, 4.0, 1.0, 3.0, 1.0, 4.0, 3.0, 1.0, 1.0, 4.0, 1.0, 3.0, 4.0, 4.0, 1.0, 3.0, 1.0, 1.0, 1.0, 4.0, 4.0, 1.0, 5.0, 1.0, 1.0, 1.0, 4.0, 1.0, 3.0, 4.0, 1.0, 4.0, 1.0, 3.0, 4.0], [1.0, 4.0, 3.0, 2.0, 1.0, 4.0, 4.0, 4.0, 3.0, 1.0, 1.0, 4.0, 4.0, 1.0, 1.0, 4.0, 1.0, 2.0, 4.0, 4.0, 3.0, 3.0, 2.0, 3.0, 1.0, 4.0, 4.0, 1.0, 2.0, 1.0, 1.0, 4.0, 3.0, 1.0, 4.0, 4.0, 1.0, 4.0, 1.0, 1.0, 2.0]]

first layer check: Conv2d(6, 64, kernel_size=(7, 7), stride=(2, 2), padding=(3, 3), bias=False)

for model 1: mode acc: 0.31707316637039185, run mean acc: 0.30266666412353516, top-2 acc:0.6335833072662354, mode f1: 0.31707316637039185

model 1 mode preds
[0.0, 2.0, 2.0, 2.0, 1.0, 2.0, 2.0, 2.0, 1.0, 1.0, 1.0, 2.0, 4.0, 2.0, 1.0, 4.0, 2.0, 2.0, 2.0, 2.0, 4.0, 2.0, 2.0, 2.0, 1.0, 2.0, 2.0, 1.0, 2.0, 1.0, 1.0, 2.0, 2.0, 1.0, 2.0, 4.0, 2.0, 2.0, 1.0, 1.0, 2.0]

model 1 all preds
[[0.0, 2.0, 2.0, 2.0, 1.0, 1.0, 2.0, 2.0, 1.0, 1.0, 1.0, 2.0, 1.0, 2.0, 2.0, 4.0, 2.0, 2.0, 2.0, 2.0, 4.0, 1.0, 2.0, 1.0, 1.0, 2.0, 2.0, 1.0, 2.0, 1.0, 2.0, 5.0, 2.0, 1.0, 2.0, 4.0, 2.0, 2.0, 1.0, 1.0, 2.0], [0.0, 2.0, 2.0, 2.0, 1.0, 2.0, 2.0, 4.0, 2.0, 1.0, 1.0, 2.0, 4.0, 2.0, 1.0, 2.0, 2.0, 2.0, 2.0, 2.0, 4.0, 1.0, 2.0, 1.0, 1.0, 2.0, 2.0, 1.0, 2.0, 1.0, 1.0, 2.0, 1.0, 1.0, 2.0, 4.0, 2.0, 2.0, 1.0, 1.0, 2.0], [0.0, 2.0, 2.0, 2.0, 1.0, 1.0, 2.0, 2.0, 1.0, 1.0, 1.0, 2.0, 4.0, 2.0, 2.0, 4.0, 2.0, 2.0, 2.0, 1.0, 4.0, 2.0, 1.0, 2.0, 1.0, 2.0, 2.0, 1.0, 2.0, 1.0, 2.0, 2.0, 1.0, 1.0, 2.0, 4.0, 2.0, 2.0, 1.0, 1.0, 2.0], [1.0, 2.0, 2.0, 2.0, 1.0, 1.0, 2.0, 2.0, 1.0, 1.0, 1.0, 2.0, 4.0, 2.0, 2.0, 4.0, 2.0, 2.0, 2.0, 2.0, 2.0, 2.0, 2.0, 2.0, 1.0, 4.0, 2.0, 1.0, 2.0, 1.0, 1.0, 2.0, 4.0, 1.0, 2.0, 4.0, 2.0, 2.0, 1.0, 2.0, 2.0], [0.0, 2.0, 2.0, 2.0, 1.0, 2.0, 2.0, 2.0, 2.0, 1.0, 1.0, 2.0, 3.0, 2.0, 1.0, 4.0, 2.0, 2.0, 2.0, 2.0, 4.0, 2.0, 2.0, 2.0, 1.0, 2.0, 2.0, 1.0, 2.0, 1.0, 2.0, 2.0, 2.0, 1.0, 2.0, 4.0, 2.0, 2.0, 1.0, 1.0, 2.0], [0.0, 2.0, 2.0, 2.0, 1.0, 1.0, 4.0, 2.0, 1.0, 1.0, 1.0, 2.0, 4.0, 2.0, 1.0, 4.0, 2.0, 2.0, 2.0, 2.0, 4.0, 2.0, 2.0, 2.0, 1.0, 2.0, 2.0, 1.0, 2.0, 1.0, 2.0, 2.0, 1.0, 1.0, 2.0, 4.0, 2.0, 2.0, 1.0, 1.0, 2.0], [0.0, 2.0, 2.0, 2.0, 1.0, 2.0, 2.0, 2.0, 1.0, 1.0, 1.0, 2.0, 3.0, 2.0, 1.0, 4.0, 2.0, 2.0, 2.0, 2.0, 4.0, 1.0, 2.0, 2.0, 1.0, 2.0, 2.0, 1.0, 2.0, 1.0, 2.0, 2.0, 2.0, 1.0, 2.0, 4.0, 2.0, 2.0, 1.0, 1.0, 2.0], [0.0, 2.0, 1.0, 2.0, 1.0, 2.0, 2.0, 2.0, 2.0, 1.0, 1.0, 2.0, 2.0, 2.0, 1.0, 4.0, 2.0, 2.0, 2.0, 2.0, 2.0, 2.0, 2.0, 2.0, 1.0, 2.0, 2.0, 1.0, 2.0, 1.0, 1.0, 2.0, 1.0, 1.0, 2.0, 4.0, 2.0, 2.0, 1.0, 1.0, 2.0], [0.0, 5.0, 2.0, 2.0, 1.0, 1.0, 2.0, 2.0, 2.0, 1.0, 1.0, 2.0, 4.0, 2.0, 2.0, 4.0, 2.0, 2.0, 2.0, 2.0, 1.0, 1.0, 2.0, 2.0, 1.0, 4.0, 2.0, 1.0, 2.0, 1.0, 1.0, 2.0, 1.0, 1.0, 2.0, 4.0, 2.0, 2.0, 1.0, 2.0, 2.0], [0.0, 2.0, 2.0, 2.0, 1.0, 2.0, 2.0, 2.0, 1.0, 1.0, 1.0, 2.0, 1.0, 2.0, 1.0, 2.0, 2.0, 2.0, 2.0, 2.0, 4.0, 2.0, 2.0, 2.0, 1.0, 2.0, 2.0, 1.0, 1.0, 1.0, 2.0, 2.0, 2.0, 1.0, 2.0, 4.0, 2.0, 2.0, 1.0, 1.0, 2.0], [0.0, 2.0, 2.0, 2.0, 1.0, 2.0, 2.0, 2.0, 2.0, 2.0, 1.0, 2.0, 3.0, 2.0, 1.0, 4.0, 1.0, 2.0, 2.0, 2.0, 4.0, 2.0, 2.0, 3.0, 1.0, 2.0, 2.0, 1.0, 2.0, 1.0, 1.0, 2.0, 1.0, 1.0, 2.0, 4.0, 2.0, 2.0, 1.0, 2.0, 2.0], [1.0, 2.0, 1.0, 2.0, 1.0, 2.0, 2.0, 2.0, 2.0, 1.0, 1.0, 2.0, 4.0, 2.0, 2.0, 4.0, 2.0, 2.0, 2.0, 2.0, 4.0, 1.0, 1.0, 2.0, 1.0, 2.0, 2.0, 1.0, 2.0, 1.0, 1.0, 4.0, 2.0, 1.0, 2.0, 4.0, 2.0, 2.0, 1.0, 1.0, 2.0], [1.0, 2.0, 2.0, 2.0, 1.0, 2.0, 2.0, 2.0, 1.0, 1.0, 1.0, 2.0, 4.0, 2.0, 2.0, 4.0, 2.0, 2.0, 2.0, 1.0, 4.0, 2.0, 2.0, 1.0, 1.0, 2.0, 2.0, 1.0, 2.0, 1.0, 1.0, 4.0, 1.0, 1.0, 2.0, 4.0, 2.0, 2.0, 1.0, 1.0, 2.0], [0.0, 2.0, 2.0, 2.0, 1.0, 1.0, 1.0, 2.0, 1.0, 1.0, 1.0, 2.0, 4.0, 2.0, 2.0, 4.0, 2.0, 2.0, 2.0, 2.0, 4.0, 1.0, 2.0, 2.0, 1.0, 2.0, 2.0, 1.0, 2.0, 1.0, 1.0, 2.0, 2.0, 1.0, 2.0, 4.0, 2.0, 2.0, 1.0, 1.0, 2.0], [0.0, 2.0, 2.0, 2.0, 1.0, 2.0, 2.0, 2.0, 1.0, 1.0, 1.0, 2.0, 4.0, 2.0, 2.0, 4.0, 2.0, 2.0, 2.0, 2.0, 4.0, 2.0, 2.0, 1.0, 1.0, 2.0, 2.0, 1.0, 2.0, 1.0, 1.0, 4.0, 1.0, 1.0, 1.0, 2.0, 2.0, 2.0, 1.0, 1.0, 2.0], [2.0, 2.0, 1.0, 2.0, 1.0, 1.0, 2.0, 2.0, 1.0, 1.0, 1.0, 2.0, 4.0, 2.0, 1.0, 2.0, 1.0, 2.0, 2.0, 2.0, 1.0, 2.0, 2.0, 2.0, 1.0, 4.0, 0.0, 1.0, 2.0, 1.0, 2.0, 2.0, 2.0, 1.0, 2.0, 2.0, 2.0, 2.0, 1.0, 2.0, 2.0], [0.0, 2.0, 2.0, 2.0, 1.0, 1.0, 2.0, 2.0, 1.0, 1.0, 1.0, 2.0, 3.0, 2.0, 2.0, 2.0, 2.0, 2.0, 2.0, 2.0, 4.0, 2.0, 2.0, 2.0, 1.0, 2.0, 2.0, 1.0, 2.0, 1.0, 2.0, 4.0, 2.0, 1.0, 2.0, 4.0, 2.0, 2.0, 1.0, 2.0, 2.0], [0.0, 0.0, 1.0, 2.0, 1.0, 2.0, 2.0, 2.0, 2.0, 1.0, 1.0, 2.0, 1.0, 2.0, 1.0, 4.0, 2.0, 2.0, 2.0, 2.0, 2.0, 2.0, 1.0, 2.0, 1.0, 4.0, 2.0, 1.0, 2.0, 1.0, 2.0, 2.0, 1.0, 1.0, 2.0, 4.0, 2.0, 2.0, 1.0, 1.0, 2.0], [0.0, 2.0, 1.0, 2.0, 1.0, 1.0, 2.0, 2.0, 2.0, 1.0, 1.0, 2.0, 1.0, 2.0, 1.0, 2.0, 2.0, 2.0, 2.0, 2.0, 2.0, 2.0, 2.0, 2.0, 1.0, 2.0, 2.0, 1.0, 2.0, 1.0, 1.0, 2.0, 1.0, 1.0, 2.0, 4.0, 2.0, 2.0, 1.0, 2.0, 2.0], [0.0, 2.0, 1.0, 2.0, 1.0, 1.0, 2.0, 2.0, 1.0, 1.0, 1.0, 2.0, 2.0, 2.0, 2.0, 4.0, 2.0, 2.0, 2.0, 2.0, 4.0, 2.0, 2.0, 1.0, 1.0, 2.0, 2.0, 1.0, 2.0, 1.0, 1.0, 2.0, 2.0, 1.0, 2.0, 4.0, 2.0, 2.0, 1.0, 1.0, 2.0], [0.0, 2.0, 2.0, 2.0, 1.0, 1.0, 2.0, 2.0, 2.0, 1.0, 1.0, 2.0, 4.0, 2.0, 2.0, 4.0, 2.0, 2.0, 2.0, 2.0, 4.0, 2.0, 2.0, 1.0, 1.0, 2.0, 2.0, 1.0, 2.0, 1.0, 2.0, 4.0, 1.0, 1.0, 2.0, 4.0, 2.0, 2.0, 1.0, 1.0, 2.0], [1.0, 2.0, 2.0, 2.0, 1.0, 2.0, 1.0, 2.0, 1.0, 1.0, 1.0, 2.0, 4.0, 2.0, 1.0, 4.0, 2.0, 2.0, 2.0, 1.0, 4.0, 2.0, 2.0, 2.0, 1.0, 2.0, 2.0, 1.0, 2.0, 1.0, 1.0, 2.0, 2.0, 1.0, 2.0, 4.0, 2.0, 2.0, 1.0, 1.0, 2.0], [0.0, 2.0, 2.0, 2.0, 1.0, 2.0, 2.0, 2.0, 1.0, 1.0, 1.0, 2.0, 4.0, 2.0, 2.0, 4.0, 2.0, 2.0, 2.0, 2.0, 2.0, 2.0, 2.0, 2.0, 1.0, 2.0, 2.0, 1.0, 2.0, 1.0, 2.0, 4.0, 2.0, 1.0, 2.0, 4.0, 2.0, 2.0, 1.0, 1.0, 2.0], [0.0, 2.0, 2.0, 2.0, 1.0, 1.0, 2.0, 2.0, 1.0, 1.0, 1.0, 2.0, 4.0, 2.0, 2.0, 4.0, 1.0, 2.0, 2.0, 2.0, 4.0, 2.0, 2.0, 1.0, 1.0, 2.0, 2.0, 1.0, 2.0, 1.0, 1.0, 2.0, 1.0, 1.0, 2.0, 4.0, 1.0, 5.0, 1.0, 1.0, 2.0], [0.0, 1.0, 2.0, 2.0, 1.0, 1.0, 2.0, 2.0, 1.0, 1.0, 1.0, 2.0, 4.0, 2.0, 2.0, 4.0, 2.0, 2.0, 2.0, 2.0, 4.0, 2.0, 2.0, 2.0, 1.0, 2.0, 2.0, 1.0, 2.0, 1.0, 1.0, 2.0, 1.0, 1.0, 1.0, 4.0, 1.0, 2.0, 1.0, 1.0, 2.0], [1.0, 2.0, 1.0, 2.0, 1.0, 2.0, 1.0, 2.0, 1.0, 1.0, 1.0, 2.0, 3.0, 2.0, 2.0, 4.0, 2.0, 2.0, 2.0, 2.0, 4.0, 1.0, 2.0, 2.0, 1.0, 2.0, 2.0, 1.0, 1.0, 1.0, 2.0, 2.0, 2.0, 1.0, 1.0, 4.0, 1.0, 2.0, 1.0, 1.0, 2.0], [1.0, 1.0, 1.0, 2.0, 1.0, 2.0, 2.0, 2.0, 2.0, 1.0, 1.0, 2.0, 2.0, 2.0, 2.0, 4.0, 2.0, 2.0, 2.0, 2.0, 2.0, 2.0, 2.0, 2.0, 1.0, 2.0, 2.0, 1.0, 2.0, 1.0, 2.0, 2.0, 2.0, 1.0, 2.0, 4.0, 2.0, 2.0, 1.0, 1.0, 2.0], [0.0, 1.0, 2.0, 2.0, 1.0, 4.0, 2.0, 2.0, 2.0, 1.0, 1.0, 2.0, 4.0, 2.0, 2.0, 2.0, 2.0, 2.0, 2.0, 1.0, 1.0, 2.0, 2.0, 2.0, 1.0, 2.0, 2.0, 1.0, 2.0, 1.0, 2.0, 2.0, 2.0, 1.0, 2.0, 4.0, 2.0, 2.0, 1.0, 1.0, 2.0], [2.0, 0.0, 2.0, 2.0, 1.0, 1.0, 2.0, 2.0, 1.0, 1.0, 1.0, 2.0, 4.0, 2.0, 1.0, 4.0, 2.0, 2.0, 2.0, 2.0, 4.0, 1.0, 1.0, 2.0, 1.0, 2.0, 2.0, 1.0, 2.0, 1.0, 1.0, 2.0, 2.0, 1.0, 2.0, 2.0, 2.0, 2.0, 1.0, 1.0, 2.0], [1.0, 2.0, 2.0, 2.0, 1.0, 1.0, 2.0, 2.0, 2.0, 1.0, 1.0, 2.0, 4.0, 2.0, 1.0, 4.0, 2.0, 2.0, 2.0, 2.0, 4.0, 2.0, 2.0, 2.0, 1.0, 2.0, 2.0, 1.0, 2.0, 1.0, 1.0, 2.0, 2.0, 1.0, 2.0, 2.0, 2.0, 2.0, 1.0, 1.0, 2.0], [1.0, 2.0, 2.0, 2.0, 1.0, 1.0, 2.0, 2.0, 2.0, 1.0, 1.0, 2.0, 4.0, 2.0, 1.0, 4.0, 2.0, 2.0, 2.0, 2.0, 4.0, 2.0, 2.0, 2.0, 1.0, 2.0, 2.0, 1.0, 2.0, 1.0, 1.0, 2.0, 1.0, 1.0, 1.0, 4.0, 2.0, 2.0, 1.0, 1.0, 2.0], [0.0, 2.0, 2.0, 2.0, 1.0, 2.0, 2.0, 2.0, 2.0, 1.0, 1.0, 2.0, 4.0, 2.0, 2.0, 4.0, 2.0, 2.0, 2.0, 2.0, 2.0, 2.0, 2.0, 2.0, 1.0, 2.0, 0.0, 1.0, 2.0, 1.0, 2.0, 2.0, 2.0, 1.0, 2.0, 2.0, 2.0, 2.0, 1.0, 1.0, 2.0], [0.0, 2.0, 2.0, 2.0, 1.0, 2.0, 2.0, 3.0, 1.0, 1.0, 1.0, 2.0, 4.0, 2.0, 1.0, 4.0, 2.0, 2.0, 2.0, 2.0, 4.0, 2.0, 2.0, 2.0, 1.0, 2.0, 2.0, 1.0, 2.0, 1.0, 2.0, 2.0, 2.0, 1.0, 1.0, 4.0, 2.0, 2.0, 1.0, 1.0, 2.0], [1.0, 2.0, 2.0, 2.0, 1.0, 1.0, 2.0, 2.0, 1.0, 1.0, 1.0, 2.0, 4.0, 2.0, 1.0, 4.0, 2.0, 2.0, 2.0, 2.0, 4.0, 2.0, 2.0, 1.0, 1.0, 2.0, 2.0, 1.0, 2.0, 1.0, 1.0, 2.0, 1.0, 1.0, 2.0, 4.0, 2.0, 2.0, 1.0, 1.0, 2.0], [1.0, 2.0, 1.0, 2.0, 1.0, 1.0, 1.0, 2.0, 2.0, 1.0, 1.0, 2.0, 1.0, 2.0, 1.0, 4.0, 2.0, 2.0, 2.0, 2.0, 4.0, 2.0, 2.0, 2.0, 1.0, 2.0, 2.0, 1.0, 2.0, 1.0, 1.0, 2.0, 2.0, 1.0, 2.0, 4.0, 2.0, 2.0, 1.0, 1.0, 2.0], [1.0, 2.0, 2.0, 2.0, 1.0, 2.0, 2.0, 4.0, 1.0, 1.0, 1.0, 2.0, 4.0, 2.0, 2.0, 4.0, 2.0, 2.0, 2.0, 2.0, 4.0, 2.0, 2.0, 2.0, 1.0, 2.0, 2.0, 1.0, 2.0, 1.0, 2.0, 2.0, 2.0, 1.0, 2.0, 2.0, 2.0, 2.0, 1.0, 2.0, 2.0], [1.0, 2.0, 1.0, 2.0, 1.0, 2.0, 2.0, 2.0, 1.0, 1.0, 1.0, 2.0, 4.0, 2.0, 1.0, 4.0, 2.0, 2.0, 2.0, 2.0, 4.0, 2.0, 2.0, 2.0, 1.0, 2.0, 2.0, 1.0, 2.0, 1.0, 1.0, 2.0, 2.0, 1.0, 2.0, 4.0, 2.0, 2.0, 1.0, 1.0, 2.0], [1.0, 2.0, 2.0, 2.0, 1.0, 1.0, 4.0, 2.0, 1.0, 3.0, 1.0, 2.0, 1.0, 2.0, 1.0, 2.0, 2.0, 2.0, 2.0, 2.0, 4.0, 2.0, 2.0, 2.0, 1.0, 2.0, 2.0, 1.0, 2.0, 1.0, 1.0, 2.0, 2.0, 1.0, 2.0, 2.0, 2.0, 2.0, 1.0, 1.0, 2.0], [2.0, 3.0, 2.0, 2.0, 1.0, 1.0, 2.0, 2.0, 1.0, 1.0, 1.0, 2.0, 4.0, 2.0, 1.0, 2.0, 2.0, 2.0, 2.0, 2.0, 4.0, 2.0, 2.0, 2.0, 1.0, 2.0, 1.0, 1.0, 1.0, 1.0, 1.0, 2.0, 2.0, 1.0, 2.0, 4.0, 2.0, 2.0, 1.0, 1.0, 2.0], [1.0, 1.0, 2.0, 2.0, 1.0, 2.0, 2.0, 2.0, 2.0, 1.0, 1.0, 2.0, 3.0, 2.0, 1.0, 4.0, 2.0, 2.0, 2.0, 2.0, 4.0, 2.0, 2.0, 1.0, 1.0, 4.0, 2.0, 1.0, 2.0, 1.0, 1.0, 4.0, 2.0, 1.0, 2.0, 2.0, 2.0, 2.0, 1.0, 1.0, 2.0], [0.0, 2.0, 2.0, 2.0, 1.0, 2.0, 2.0, 2.0, 1.0, 1.0, 1.0, 2.0, 4.0, 2.0, 2.0, 4.0, 1.0, 2.0, 2.0, 2.0, 4.0, 2.0, 1.0, 2.0, 1.0, 2.0, 2.0, 1.0, 2.0, 1.0, 2.0, 2.0, 1.0, 1.0, 2.0, 2.0, 2.0, 2.0, 1.0, 1.0, 2.0], [1.0, 2.0, 2.0, 2.0, 1.0, 2.0, 1.0, 2.0, 1.0, 1.0, 1.0, 2.0, 3.0, 2.0, 2.0, 4.0, 2.0, 2.0, 2.0, 2.0, 4.0, 2.0, 1.0, 1.0, 1.0, 4.0, 2.0, 1.0, 2.0, 1.0, 2.0, 2.0, 2.0, 1.0, 2.0, 2.0, 2.0, 2.0, 1.0, 2.0, 2.0], [0.0, 2.0, 2.0, 2.0, 1.0, 2.0, 1.0, 2.0, 2.0, 1.0, 1.0, 2.0, 4.0, 2.0, 1.0, 4.0, 2.0, 2.0, 2.0, 2.0, 4.0, 2.0, 1.0, 1.0, 1.0, 2.0, 2.0, 1.0, 2.0, 1.0, 1.0, 2.0, 1.0, 1.0, 2.0, 2.0, 2.0, 2.0, 1.0, 1.0, 2.0], [1.0, 2.0, 2.0, 2.0, 1.0, 2.0, 2.0, 2.0, 1.0, 1.0, 1.0, 2.0, 4.0, 2.0, 2.0, 4.0, 2.0, 2.0, 2.0, 2.0, 2.0, 1.0, 2.0, 2.0, 1.0, 2.0, 2.0, 1.0, 2.0, 1.0, 1.0, 2.0, 2.0, 1.0, 2.0, 2.0, 2.0, 2.0, 1.0, 1.0, 2.0], [0.0, 2.0, 2.0, 2.0, 1.0, 1.0, 2.0, 2.0, 2.0, 1.0, 1.0, 2.0, 4.0, 2.0, 1.0, 4.0, 1.0, 2.0, 2.0, 2.0, 2.0, 2.0, 2.0, 1.0, 1.0, 2.0, 2.0, 1.0, 2.0, 1.0, 1.0, 2.0, 1.0, 1.0, 2.0, 2.0, 2.0, 2.0, 1.0, 1.0, 2.0], [0.0, 2.0, 2.0, 2.0, 1.0, 2.0, 2.0, 4.0, 2.0, 2.0, 1.0, 2.0, 4.0, 2.0, 2.0, 4.0, 2.0, 2.0, 2.0, 2.0, 4.0, 2.0, 2.0, 2.0, 1.0, 2.0, 0.0, 1.0, 2.0, 1.0, 2.0, 4.0, 2.0, 1.0, 2.0, 4.0, 2.0, 2.0, 1.0, 1.0, 2.0], [1.0, 2.0, 2.0, 2.0, 1.0, 2.0, 2.0, 2.0, 1.0, 1.0, 1.0, 2.0, 3.0, 2.0, 1.0, 4.0, 2.0, 2.0, 2.0, 2.0, 4.0, 1.0, 2.0, 2.0, 1.0, 4.0, 0.0, 1.0, 2.0, 1.0, 1.0, 2.0, 2.0, 1.0, 2.0, 4.0, 2.0, 2.0, 1.0, 1.0, 2.0], [1.0, 2.0, 1.0, 2.0, 1.0, 1.0, 2.0, 4.0, 1.0, 1.0, 1.0, 2.0, 1.0, 2.0, 1.0, 4.0, 2.0, 2.0, 2.0, 2.0, 2.0, 2.0, 2.0, 1.0, 1.0, 2.0, 2.0, 1.0, 2.0, 1.0, 2.0, 2.0, 2.0, 1.0, 2.0, 2.0, 2.0, 2.0, 1.0, 1.0, 2.0], [0.0, 3.0, 1.0, 2.0, 1.0, 1.0, 2.0, 4.0, 1.0, 1.0, 1.0, 2.0, 4.0, 2.0, 1.0, 4.0, 2.0, 2.0, 2.0, 2.0, 4.0, 2.0, 2.0, 2.0, 1.0, 2.0, 2.0, 1.0, 2.0, 1.0, 1.0, 2.0, 2.0, 1.0, 2.0, 4.0, 2.0, 2.0, 1.0, 2.0, 2.0], [0.0, 2.0, 2.0, 2.0, 1.0, 4.0, 2.0, 2.0, 2.0, 1.0, 1.0, 2.0, 3.0, 2.0, 1.0, 4.0, 2.0, 2.0, 2.0, 2.0, 4.0, 2.0, 2.0, 2.0, 1.0, 2.0, 2.0, 1.0, 2.0, 1.0, 2.0, 2.0, 1.0, 1.0, 2.0, 4.0, 2.0, 2.0, 1.0, 1.0, 2.0]]

first layer check: Conv2d(6, 64, kernel_size=(7, 7), stride=(2, 2), padding=(3, 3), bias=False)

for model 2: mode acc: 0.2926829159259796, run mean acc: 0.30274999141693115, top-2 acc:0.5670832991600037, mode f1: 0.2926829159259796

model 2 mode preds
[2.0, 2.0, 2.0, 4.0, 1.0, 2.0, 2.0, 4.0, 2.0, 2.0, 1.0, 4.0, 4.0, 2.0, 2.0, 4.0, 2.0, 2.0, 4.0, 2.0, 4.0, 2.0, 2.0, 4.0, 1.0, 4.0, 2.0, 2.0, 2.0, 1.0, 2.0, 4.0, 2.0, 2.0, 4.0, 4.0, 2.0, 4.0, 1.0, 2.0, 2.0]

model 2 all preds
[[2.0, 4.0, 2.0, 4.0, 1.0, 2.0, 2.0, 4.0, 2.0, 2.0, 1.0, 4.0, 4.0, 2.0, 2.0, 4.0, 2.0, 2.0, 4.0, 2.0, 2.0, 2.0, 2.0, 2.0, 1.0, 2.0, 2.0, 1.0, 2.0, 1.0, 2.0, 4.0, 2.0, 1.0, 2.0, 4.0, 2.0, 4.0, 1.0, 2.0, 2.0], [2.0, 4.0, 2.0, 4.0, 1.0, 2.0, 2.0, 2.0, 2.0, 2.0, 1.0, 4.0, 4.0, 4.0, 2.0, 4.0, 2.0, 2.0, 2.0, 2.0, 4.0, 2.0, 2.0, 4.0, 1.0, 2.0, 2.0, 1.0, 2.0, 1.0, 2.0, 2.0, 4.0, 1.0, 4.0, 4.0, 2.0, 4.0, 2.0, 2.0, 2.0], [2.0, 4.0, 2.0, 4.0, 1.0, 2.0, 2.0, 4.0, 2.0, 2.0, 1.0, 4.0, 4.0, 4.0, 2.0, 4.0, 2.0, 2.0, 4.0, 2.0, 4.0, 2.0, 2.0, 4.0, 1.0, 4.0, 2.0, 1.0, 2.0, 1.0, 2.0, 4.0, 2.0, 1.0, 4.0, 4.0, 2.0, 4.0, 2.0, 4.0, 2.0], [2.0, 2.0, 2.0, 2.0, 1.0, 2.0, 2.0, 4.0, 2.0, 2.0, 1.0, 4.0, 4.0, 2.0, 2.0, 4.0, 2.0, 2.0, 4.0, 2.0, 4.0, 2.0, 2.0, 2.0, 1.0, 4.0, 2.0, 2.0, 2.0, 1.0, 2.0, 2.0, 2.0, 2.0, 4.0, 4.0, 2.0, 4.0, 2.0, 2.0, 2.0], [2.0, 4.0, 2.0, 2.0, 1.0, 4.0, 2.0, 4.0, 4.0, 1.0, 2.0, 4.0, 4.0, 4.0, 2.0, 4.0, 2.0, 2.0, 4.0, 2.0, 4.0, 2.0, 2.0, 2.0, 1.0, 2.0, 2.0, 2.0, 2.0, 1.0, 2.0, 2.0, 4.0, 1.0, 2.0, 4.0, 2.0, 4.0, 1.0, 4.0, 2.0], [2.0, 2.0, 2.0, 4.0, 1.0, 2.0, 2.0, 4.0, 2.0, 4.0, 2.0, 4.0, 4.0, 4.0, 2.0, 4.0, 2.0, 2.0, 2.0, 2.0, 4.0, 2.0, 2.0, 2.0, 1.0, 4.0, 2.0, 2.0, 2.0, 1.0, 2.0, 2.0, 4.0, 2.0, 4.0, 4.0, 2.0, 4.0, 1.0, 4.0, 2.0], [2.0, 4.0, 2.0, 4.0, 1.0, 4.0, 2.0, 4.0, 2.0, 2.0, 1.0, 4.0, 4.0, 2.0, 2.0, 4.0, 2.0, 2.0, 2.0, 2.0, 4.0, 2.0, 2.0, 2.0, 1.0, 4.0, 2.0, 2.0, 2.0, 1.0, 2.0, 4.0, 4.0, 2.0, 4.0, 4.0, 2.0, 4.0, 1.0, 4.0, 2.0], [4.0, 2.0, 2.0, 2.0, 1.0, 4.0, 2.0, 2.0, 2.0, 2.0, 1.0, 4.0, 4.0, 4.0, 2.0, 4.0, 2.0, 2.0, 4.0, 2.0, 4.0, 2.0, 2.0, 4.0, 1.0, 4.0, 2.0, 2.0, 2.0, 1.0, 2.0, 4.0, 2.0, 2.0, 4.0, 4.0, 2.0, 4.0, 2.0, 2.0, 2.0], [2.0, 2.0, 2.0, 2.0, 1.0, 2.0, 2.0, 4.0, 2.0, 2.0, 1.0, 4.0, 4.0, 2.0, 2.0, 4.0, 2.0, 2.0, 4.0, 2.0, 4.0, 2.0, 2.0, 2.0, 1.0, 2.0, 2.0, 1.0, 2.0, 1.0, 2.0, 4.0, 2.0, 2.0, 4.0, 4.0, 2.0, 4.0, 1.0, 2.0, 2.0], [2.0, 2.0, 2.0, 4.0, 1.0, 4.0, 2.0, 4.0, 2.0, 2.0, 1.0, 4.0, 4.0, 4.0, 2.0, 4.0, 2.0, 2.0, 4.0, 2.0, 4.0, 2.0, 2.0, 2.0, 1.0, 2.0, 2.0, 2.0, 2.0, 1.0, 2.0, 2.0, 2.0, 2.0, 4.0, 4.0, 2.0, 4.0, 1.0, 4.0, 2.0], [2.0, 2.0, 2.0, 4.0, 1.0, 2.0, 2.0, 4.0, 2.0, 2.0, 1.0, 4.0, 4.0, 2.0, 2.0, 4.0, 2.0, 2.0, 2.0, 2.0, 4.0, 2.0, 2.0, 2.0, 1.0, 2.0, 2.0, 1.0, 2.0, 1.0, 2.0, 4.0, 4.0, 2.0, 4.0, 4.0, 2.0, 2.0, 2.0, 2.0, 2.0], [2.0, 4.0, 2.0, 2.0, 1.0, 2.0, 2.0, 4.0, 2.0, 2.0, 1.0, 4.0, 4.0, 4.0, 2.0, 4.0, 2.0, 2.0, 4.0, 2.0, 4.0, 2.0, 2.0, 4.0, 1.0, 2.0, 2.0, 2.0, 2.0, 1.0, 2.0, 4.0, 2.0, 2.0, 2.0, 4.0, 2.0, 4.0, 1.0, 4.0, 2.0], [2.0, 2.0, 2.0, 2.0, 1.0, 2.0, 2.0, 4.0, 2.0, 2.0, 1.0, 4.0, 4.0, 2.0, 2.0, 4.0, 2.0, 2.0, 4.0, 2.0, 4.0, 2.0, 2.0, 2.0, 1.0, 4.0, 2.0, 1.0, 2.0, 1.0, 2.0, 4.0, 4.0, 2.0, 4.0, 4.0, 2.0, 4.0, 1.0, 2.0, 2.0], [2.0, 2.0, 2.0, 4.0, 1.0, 2.0, 2.0, 4.0, 2.0, 4.0, 1.0, 4.0, 4.0, 2.0, 2.0, 4.0, 2.0, 2.0, 4.0, 2.0, 2.0, 2.0, 2.0, 4.0, 1.0, 2.0, 2.0, 1.0, 2.0, 1.0, 2.0, 4.0, 4.0, 2.0, 4.0, 4.0, 2.0, 4.0, 1.0, 2.0, 2.0], [2.0, 2.0, 2.0, 2.0, 1.0, 2.0, 2.0, 4.0, 2.0, 2.0, 1.0, 4.0, 4.0, 2.0, 2.0, 4.0, 2.0, 2.0, 2.0, 2.0, 4.0, 2.0, 2.0, 4.0, 1.0, 4.0, 2.0, 2.0, 2.0, 1.0, 2.0, 4.0, 2.0, 2.0, 4.0, 4.0, 2.0, 4.0, 2.0, 4.0, 2.0], [2.0, 2.0, 2.0, 4.0, 1.0, 4.0, 2.0, 4.0, 2.0, 2.0, 1.0, 4.0, 4.0, 2.0, 2.0, 4.0, 2.0, 2.0, 2.0, 2.0, 4.0, 2.0, 2.0, 4.0, 2.0, 2.0, 2.0, 1.0, 2.0, 1.0, 2.0, 2.0, 2.0, 2.0, 4.0, 4.0, 2.0, 4.0, 2.0, 2.0, 2.0], [2.0, 2.0, 2.0, 4.0, 1.0, 4.0, 2.0, 4.0, 2.0, 2.0, 1.0, 4.0, 4.0, 4.0, 2.0, 4.0, 2.0, 2.0, 2.0, 2.0, 4.0, 2.0, 2.0, 2.0, 1.0, 4.0, 2.0, 2.0, 2.0, 1.0, 2.0, 2.0, 2.0, 2.0, 4.0, 4.0, 1.0, 4.0, 1.0, 1.0, 2.0], [2.0, 2.0, 2.0, 4.0, 1.0, 2.0, 2.0, 4.0, 2.0, 2.0, 1.0, 4.0, 4.0, 2.0, 2.0, 4.0, 2.0, 2.0, 4.0, 2.0, 4.0, 2.0, 2.0, 2.0, 1.0, 4.0, 2.0, 1.0, 2.0, 1.0, 2.0, 4.0, 2.0, 2.0, 4.0, 4.0, 2.0, 4.0, 1.0, 2.0, 2.0], [2.0, 2.0, 2.0, 2.0, 1.0, 4.0, 2.0, 4.0, 2.0, 2.0, 2.0, 4.0, 4.0, 4.0, 2.0, 4.0, 2.0, 2.0, 4.0, 2.0, 4.0, 2.0, 2.0, 4.0, 1.0, 2.0, 2.0, 1.0, 2.0, 1.0, 2.0, 2.0, 2.0, 1.0, 4.0, 4.0, 2.0, 4.0, 1.0, 2.0, 2.0], [2.0, 2.0, 2.0, 2.0, 1.0, 2.0, 2.0, 4.0, 2.0, 2.0, 1.0, 4.0, 4.0, 4.0, 2.0, 4.0, 2.0, 2.0, 4.0, 2.0, 4.0, 2.0, 2.0, 4.0, 1.0, 2.0, 2.0, 2.0, 2.0, 1.0, 2.0, 2.0, 4.0, 2.0, 2.0, 4.0, 2.0, 4.0, 1.0, 2.0, 2.0], [2.0, 2.0, 2.0, 4.0, 1.0, 2.0, 2.0, 2.0, 2.0, 2.0, 1.0, 4.0, 4.0, 2.0, 2.0, 4.0, 2.0, 2.0, 4.0, 2.0, 4.0, 2.0, 2.0, 2.0, 1.0, 4.0, 2.0, 2.0, 2.0, 1.0, 2.0, 4.0, 2.0, 2.0, 2.0, 4.0, 2.0, 4.0, 2.0, 1.0, 2.0], [2.0, 2.0, 2.0, 4.0, 1.0, 2.0, 2.0, 4.0, 2.0, 2.0, 1.0, 4.0, 4.0, 2.0, 2.0, 4.0, 2.0, 2.0, 4.0, 2.0, 4.0, 2.0, 2.0, 2.0, 1.0, 2.0, 2.0, 2.0, 2.0, 1.0, 2.0, 4.0, 2.0, 2.0, 4.0, 4.0, 2.0, 4.0, 1.0, 2.0, 2.0], [2.0, 2.0, 2.0, 4.0, 1.0, 2.0, 2.0, 4.0, 2.0, 2.0, 1.0, 4.0, 4.0, 2.0, 2.0, 4.0, 2.0, 2.0, 4.0, 2.0, 4.0, 2.0, 2.0, 1.0, 2.0, 4.0, 2.0, 2.0, 2.0, 1.0, 2.0, 4.0, 4.0, 2.0, 4.0, 4.0, 2.0, 4.0, 2.0, 2.0, 2.0], [2.0, 2.0, 2.0, 4.0, 1.0, 2.0, 2.0, 4.0, 2.0, 2.0, 1.0, 4.0, 4.0, 4.0, 2.0, 4.0, 2.0, 2.0, 4.0, 2.0, 4.0, 2.0, 2.0, 4.0, 1.0, 4.0, 2.0, 2.0, 2.0, 1.0, 2.0, 2.0, 4.0, 2.0, 4.0, 4.0, 2.0, 4.0, 2.0, 2.0, 2.0], [2.0, 2.0, 2.0, 4.0, 1.0, 4.0, 2.0, 4.0, 2.0, 1.0, 1.0, 4.0, 4.0, 2.0, 2.0, 4.0, 2.0, 2.0, 4.0, 2.0, 2.0, 2.0, 2.0, 2.0, 1.0, 4.0, 2.0, 2.0, 2.0, 1.0, 2.0, 2.0, 2.0, 1.0, 4.0, 4.0, 2.0, 2.0, 2.0, 2.0, 2.0], [2.0, 2.0, 2.0, 2.0, 1.0, 2.0, 2.0, 4.0, 2.0, 2.0, 1.0, 4.0, 4.0, 2.0, 2.0, 4.0, 2.0, 2.0, 2.0, 2.0, 4.0, 2.0, 2.0, 4.0, 1.0, 4.0, 2.0, 1.0, 2.0, 1.0, 2.0, 2.0, 4.0, 2.0, 4.0, 4.0, 2.0, 4.0, 2.0, 2.0, 2.0], [2.0, 2.0, 2.0, 4.0, 1.0, 2.0, 2.0, 4.0, 2.0, 1.0, 1.0, 4.0, 4.0, 4.0, 2.0, 2.0, 2.0, 2.0, 2.0, 2.0, 4.0, 2.0, 2.0, 4.0, 1.0, 4.0, 2.0, 2.0, 2.0, 1.0, 2.0, 4.0, 2.0, 2.0, 4.0, 4.0, 2.0, 4.0, 1.0, 4.0, 2.0], [2.0, 2.0, 4.0, 2.0, 1.0, 2.0, 2.0, 4.0, 2.0, 2.0, 1.0, 4.0, 4.0, 4.0, 2.0, 4.0, 2.0, 2.0, 2.0, 2.0, 4.0, 2.0, 2.0, 4.0, 1.0, 4.0, 2.0, 2.0, 2.0, 1.0, 2.0, 4.0, 2.0, 2.0, 2.0, 4.0, 2.0, 4.0, 1.0, 2.0, 2.0], [2.0, 2.0, 2.0, 4.0, 1.0, 2.0, 2.0, 4.0, 2.0, 2.0, 1.0, 4.0, 4.0, 2.0, 2.0, 4.0, 2.0, 2.0, 4.0, 2.0, 4.0, 2.0, 2.0, 4.0, 1.0, 4.0, 2.0, 2.0, 2.0, 1.0, 2.0, 2.0, 2.0, 2.0, 2.0, 4.0, 2.0, 2.0, 2.0, 4.0, 2.0], [2.0, 2.0, 2.0, 4.0, 1.0, 2.0, 2.0, 4.0, 2.0, 2.0, 1.0, 4.0, 4.0, 2.0, 2.0, 4.0, 2.0, 2.0, 2.0, 2.0, 4.0, 2.0, 2.0, 4.0, 1.0, 4.0, 2.0, 2.0, 2.0, 1.0, 2.0, 4.0, 4.0, 2.0, 4.0, 4.0, 2.0, 4.0, 1.0, 2.0, 2.0], [2.0, 4.0, 2.0, 4.0, 1.0, 2.0, 2.0, 4.0, 2.0, 2.0, 1.0, 4.0, 4.0, 2.0, 2.0, 4.0, 2.0, 2.0, 2.0, 2.0, 4.0, 2.0, 2.0, 4.0, 1.0, 4.0, 2.0, 2.0, 2.0, 1.0, 2.0, 2.0, 2.0, 2.0, 4.0, 4.0, 2.0, 4.0, 1.0, 2.0, 2.0], [2.0, 2.0, 2.0, 4.0, 1.0, 2.0, 2.0, 4.0, 2.0, 2.0, 1.0, 4.0, 4.0, 2.0, 2.0, 4.0, 2.0, 2.0, 4.0, 2.0, 4.0, 2.0, 2.0, 4.0, 1.0, 4.0, 2.0, 1.0, 2.0, 1.0, 2.0, 4.0, 2.0, 2.0, 4.0, 4.0, 2.0, 4.0, 1.0, 4.0, 2.0], [2.0, 2.0, 2.0, 4.0, 1.0, 2.0, 2.0, 4.0, 2.0, 2.0, 2.0, 4.0, 4.0, 4.0, 2.0, 4.0, 2.0, 2.0, 4.0, 2.0, 4.0, 2.0, 2.0, 4.0, 1.0, 4.0, 2.0, 1.0, 2.0, 1.0, 2.0, 4.0, 2.0, 2.0, 4.0, 4.0, 2.0, 4.0, 1.0, 2.0, 2.0], [2.0, 2.0, 2.0, 4.0, 1.0, 2.0, 2.0, 2.0, 2.0, 2.0, 2.0, 4.0, 4.0, 2.0, 2.0, 4.0, 2.0, 2.0, 4.0, 2.0, 4.0, 2.0, 2.0, 2.0, 1.0, 2.0, 2.0, 1.0, 2.0, 1.0, 2.0, 2.0, 2.0, 2.0, 4.0, 4.0, 2.0, 4.0, 1.0, 2.0, 2.0], [2.0, 2.0, 2.0, 4.0, 1.0, 2.0, 2.0, 4.0, 2.0, 1.0, 1.0, 4.0, 4.0, 4.0, 2.0, 4.0, 2.0, 2.0, 4.0, 2.0, 4.0, 2.0, 2.0, 2.0, 1.0, 2.0, 2.0, 2.0, 2.0, 1.0, 2.0, 4.0, 2.0, 2.0, 4.0, 4.0, 2.0, 4.0, 1.0, 2.0, 2.0], [2.0, 2.0, 2.0, 2.0, 1.0, 4.0, 2.0, 4.0, 2.0, 2.0, 1.0, 4.0, 4.0, 4.0, 2.0, 4.0, 2.0, 2.0, 4.0, 2.0, 2.0, 2.0, 2.0, 2.0, 1.0, 4.0, 2.0, 2.0, 2.0, 1.0, 2.0, 4.0, 2.0, 1.0, 4.0, 4.0, 2.0, 4.0, 1.0, 4.0, 2.0], [2.0, 4.0, 2.0, 4.0, 1.0, 4.0, 2.0, 4.0, 2.0, 4.0, 1.0, 4.0, 4.0, 2.0, 2.0, 4.0, 2.0, 2.0, 4.0, 2.0, 4.0, 2.0, 2.0, 4.0, 1.0, 4.0, 2.0, 2.0, 2.0, 1.0, 2.0, 4.0, 2.0, 2.0, 2.0, 4.0, 2.0, 4.0, 1.0, 2.0, 2.0], [2.0, 2.0, 2.0, 2.0, 1.0, 2.0, 2.0, 4.0, 2.0, 2.0, 2.0, 4.0, 4.0, 2.0, 1.0, 4.0, 2.0, 2.0, 4.0, 2.0, 4.0, 2.0, 2.0, 2.0, 1.0, 4.0, 2.0, 2.0, 2.0, 1.0, 2.0, 4.0, 4.0, 2.0, 2.0, 4.0, 2.0, 2.0, 1.0, 2.0, 4.0], [2.0, 2.0, 2.0, 2.0, 1.0, 2.0, 2.0, 4.0, 2.0, 4.0, 1.0, 4.0, 4.0, 4.0, 2.0, 4.0, 2.0, 2.0, 4.0, 2.0, 4.0, 2.0, 4.0, 2.0, 1.0, 4.0, 2.0, 2.0, 2.0, 1.0, 2.0, 4.0, 2.0, 2.0, 4.0, 4.0, 2.0, 4.0, 1.0, 2.0, 2.0], [2.0, 2.0, 2.0, 2.0, 1.0, 2.0, 2.0, 4.0, 2.0, 2.0, 1.0, 4.0, 4.0, 4.0, 2.0, 4.0, 2.0, 2.0, 4.0, 2.0, 2.0, 2.0, 2.0, 4.0, 1.0, 2.0, 2.0, 2.0, 2.0, 1.0, 2.0, 2.0, 4.0, 2.0, 4.0, 4.0, 2.0, 4.0, 1.0, 2.0, 2.0], [2.0, 2.0, 2.0, 2.0, 1.0, 2.0, 2.0, 4.0, 2.0, 2.0, 1.0, 4.0, 4.0, 2.0, 2.0, 4.0, 2.0, 2.0, 2.0, 2.0, 4.0, 2.0, 2.0, 2.0, 1.0, 4.0, 2.0, 2.0, 2.0, 1.0, 2.0, 4.0, 2.0, 2.0, 4.0, 4.0, 2.0, 4.0, 1.0, 4.0, 2.0], [2.0, 2.0, 2.0, 4.0, 1.0, 4.0, 2.0, 4.0, 2.0, 2.0, 2.0, 4.0, 4.0, 2.0, 2.0, 4.0, 2.0, 2.0, 2.0, 2.0, 2.0, 2.0, 2.0, 4.0, 1.0, 2.0, 2.0, 2.0, 2.0, 1.0, 2.0, 4.0, 2.0, 2.0, 4.0, 4.0, 2.0, 4.0, 1.0, 4.0, 2.0], [2.0, 2.0, 2.0, 4.0, 1.0, 2.0, 2.0, 4.0, 2.0, 2.0, 1.0, 4.0, 4.0, 2.0, 2.0, 4.0, 2.0, 2.0, 2.0, 2.0, 4.0, 2.0, 2.0, 2.0, 1.0, 2.0, 2.0, 1.0, 2.0, 1.0, 2.0, 2.0, 4.0, 2.0, 1.0, 4.0, 2.0, 4.0, 2.0, 2.0, 2.0], [2.0, 2.0, 2.0, 2.0, 1.0, 4.0, 2.0, 4.0, 2.0, 2.0, 1.0, 4.0, 4.0, 2.0, 2.0, 4.0, 2.0, 2.0, 2.0, 2.0, 2.0, 2.0, 2.0, 4.0, 1.0, 2.0, 2.0, 2.0, 2.0, 1.0, 2.0, 4.0, 2.0, 1.0, 4.0, 4.0, 2.0, 4.0, 1.0, 2.0, 2.0], [2.0, 2.0, 2.0, 4.0, 1.0, 2.0, 2.0, 4.0, 2.0, 2.0, 2.0, 4.0, 4.0, 2.0, 2.0, 4.0, 2.0, 2.0, 4.0, 2.0, 2.0, 2.0, 2.0, 2.0, 1.0, 2.0, 2.0, 2.0, 2.0, 1.0, 2.0, 2.0, 2.0, 2.0, 4.0, 4.0, 2.0, 4.0, 2.0, 2.0, 2.0], [2.0, 2.0, 2.0, 4.0, 1.0, 2.0, 2.0, 4.0, 2.0, 2.0, 1.0, 4.0, 4.0, 2.0, 2.0, 4.0, 2.0, 2.0, 2.0, 2.0, 4.0, 2.0, 2.0, 4.0, 1.0, 2.0, 2.0, 1.0, 2.0, 1.0, 2.0, 2.0, 2.0, 2.0, 4.0, 4.0, 2.0, 4.0, 1.0, 2.0, 2.0], [2.0, 2.0, 2.0, 2.0, 1.0, 2.0, 2.0, 4.0, 2.0, 2.0, 1.0, 4.0, 2.0, 2.0, 2.0, 4.0, 2.0, 2.0, 2.0, 2.0, 2.0, 2.0, 2.0, 2.0, 1.0, 4.0, 2.0, 2.0, 2.0, 1.0, 2.0, 4.0, 4.0, 1.0, 2.0, 4.0, 2.0, 4.0, 1.0, 2.0, 2.0], [2.0, 2.0, 2.0, 4.0, 1.0, 4.0, 2.0, 4.0, 2.0, 2.0, 2.0, 4.0, 4.0, 2.0, 2.0, 4.0, 2.0, 2.0, 4.0, 2.0, 4.0, 2.0, 2.0, 4.0, 1.0, 4.0, 2.0, 2.0, 2.0, 1.0, 2.0, 4.0, 4.0, 2.0, 4.0, 4.0, 2.0, 4.0, 1.0, 2.0, 2.0], [2.0, 4.0, 2.0, 2.0, 1.0, 2.0, 2.0, 4.0, 2.0, 2.0, 1.0, 4.0, 4.0, 2.0, 2.0, 4.0, 2.0, 2.0, 2.0, 2.0, 2.0, 2.0, 2.0, 4.0, 1.0, 4.0, 2.0, 2.0, 2.0, 1.0, 2.0, 4.0, 2.0, 1.0, 2.0, 4.0, 2.0, 4.0, 1.0, 4.0, 2.0], [4.0, 4.0, 2.0, 2.0, 1.0, 2.0, 2.0, 4.0, 2.0, 2.0, 1.0, 4.0, 4.0, 2.0, 2.0, 4.0, 2.0, 2.0, 4.0, 2.0, 2.0, 2.0, 2.0, 4.0, 1.0, 2.0, 2.0, 2.0, 2.0, 1.0, 2.0, 4.0, 2.0, 2.0, 4.0, 4.0, 2.0, 4.0, 1.0, 2.0, 2.0]]

first layer check: Conv2d(6, 64, kernel_size=(7, 7), stride=(2, 2), padding=(3, 3), bias=False)

for model 3: mode acc: 0.3658536672592163, run mean acc: 0.3166666626930237, top-2 acc:0.5642499923706055, mode f1: 0.3658536672592163

model 3 mode preds
[2.0, 4.0, 4.0, 4.0, 1.0, 4.0, 4.0, 4.0, 2.0, 4.0, 1.0, 4.0, 4.0, 2.0, 2.0, 4.0, 2.0, 4.0, 2.0, 4.0, 4.0, 4.0, 2.0, 2.0, 1.0, 4.0, 4.0, 1.0, 2.0, 1.0, 2.0, 4.0, 4.0, 1.0, 4.0, 4.0, 2.0, 4.0, 1.0, 2.0, 2.0]

model 3 all preds
[[1.0, 4.0, 2.0, 4.0, 1.0, 4.0, 4.0, 4.0, 2.0, 4.0, 1.0, 2.0, 4.0, 4.0, 2.0, 4.0, 2.0, 4.0, 2.0, 2.0, 4.0, 2.0, 2.0, 4.0, 1.0, 4.0, 4.0, 1.0, 2.0, 1.0, 2.0, 4.0, 4.0, 1.0, 4.0, 4.0, 2.0, 4.0, 1.0, 2.0, 2.0], [2.0, 4.0, 2.0, 2.0, 2.0, 4.0, 4.0, 4.0, 2.0, 1.0, 1.0, 4.0, 4.0, 4.0, 2.0, 4.0, 1.0, 4.0, 2.0, 4.0, 4.0, 4.0, 2.0, 4.0, 1.0, 4.0, 4.0, 1.0, 2.0, 1.0, 2.0, 4.0, 2.0, 1.0, 4.0, 4.0, 2.0, 4.0, 1.0, 2.0, 2.0], [1.0, 4.0, 4.0, 4.0, 1.0, 4.0, 4.0, 4.0, 2.0, 2.0, 1.0, 4.0, 4.0, 2.0, 2.0, 4.0, 4.0, 2.0, 2.0, 4.0, 4.0, 2.0, 2.0, 2.0, 1.0, 4.0, 4.0, 1.0, 2.0, 1.0, 4.0, 4.0, 4.0, 2.0, 4.0, 4.0, 2.0, 4.0, 1.0, 2.0, 2.0], [2.0, 4.0, 4.0, 4.0, 1.0, 4.0, 4.0, 4.0, 4.0, 2.0, 1.0, 4.0, 4.0, 2.0, 1.0, 4.0, 1.0, 4.0, 2.0, 4.0, 4.0, 4.0, 2.0, 2.0, 1.0, 4.0, 4.0, 1.0, 2.0, 1.0, 1.0, 4.0, 4.0, 1.0, 4.0, 4.0, 2.0, 4.0, 4.0, 1.0, 4.0], [2.0, 4.0, 4.0, 4.0, 1.0, 4.0, 4.0, 4.0, 2.0, 4.0, 1.0, 4.0, 4.0, 2.0, 2.0, 4.0, 2.0, 4.0, 2.0, 4.0, 2.0, 4.0, 4.0, 2.0, 1.0, 4.0, 4.0, 1.0, 2.0, 1.0, 2.0, 4.0, 4.0, 2.0, 4.0, 4.0, 2.0, 4.0, 1.0, 1.0, 4.0], [2.0, 4.0, 4.0, 4.0, 2.0, 4.0, 4.0, 4.0, 2.0, 2.0, 1.0, 4.0, 4.0, 2.0, 2.0, 4.0, 2.0, 4.0, 2.0, 2.0, 4.0, 2.0, 4.0, 2.0, 1.0, 4.0, 4.0, 1.0, 2.0, 1.0, 2.0, 4.0, 4.0, 1.0, 4.0, 4.0, 1.0, 2.0, 4.0, 1.0, 4.0], [4.0, 4.0, 4.0, 4.0, 1.0, 4.0, 4.0, 4.0, 2.0, 4.0, 1.0, 4.0, 4.0, 2.0, 1.0, 4.0, 2.0, 4.0, 2.0, 4.0, 2.0, 2.0, 2.0, 2.0, 1.0, 4.0, 4.0, 1.0, 2.0, 1.0, 1.0, 4.0, 2.0, 1.0, 4.0, 4.0, 2.0, 4.0, 1.0, 2.0, 2.0], [1.0, 4.0, 4.0, 4.0, 1.0, 4.0, 4.0, 4.0, 2.0, 4.0, 1.0, 4.0, 4.0, 4.0, 2.0, 4.0, 1.0, 2.0, 2.0, 4.0, 4.0, 4.0, 2.0, 2.0, 1.0, 4.0, 4.0, 1.0, 2.0, 1.0, 2.0, 4.0, 4.0, 1.0, 4.0, 4.0, 2.0, 4.0, 4.0, 2.0, 4.0], [2.0, 4.0, 4.0, 4.0, 1.0, 4.0, 4.0, 4.0, 2.0, 2.0, 1.0, 4.0, 4.0, 2.0, 1.0, 4.0, 1.0, 2.0, 2.0, 2.0, 2.0, 4.0, 2.0, 2.0, 1.0, 4.0, 4.0, 1.0, 2.0, 1.0, 2.0, 4.0, 2.0, 2.0, 1.0, 4.0, 2.0, 4.0, 1.0, 2.0, 2.0], [2.0, 4.0, 4.0, 4.0, 1.0, 4.0, 4.0, 4.0, 2.0, 4.0, 1.0, 4.0, 4.0, 1.0, 2.0, 4.0, 2.0, 4.0, 2.0, 4.0, 4.0, 4.0, 4.0, 2.0, 1.0, 4.0, 2.0, 1.0, 2.0, 1.0, 2.0, 4.0, 4.0, 1.0, 4.0, 4.0, 2.0, 4.0, 1.0, 2.0, 4.0], [0.0, 4.0, 4.0, 4.0, 1.0, 4.0, 4.0, 4.0, 2.0, 2.0, 1.0, 4.0, 4.0, 2.0, 1.0, 4.0, 2.0, 2.0, 2.0, 4.0, 2.0, 4.0, 4.0, 1.0, 1.0, 4.0, 4.0, 1.0, 2.0, 1.0, 2.0, 4.0, 4.0, 2.0, 4.0, 4.0, 2.0, 4.0, 1.0, 2.0, 4.0], [4.0, 4.0, 2.0, 4.0, 1.0, 4.0, 4.0, 4.0, 2.0, 2.0, 1.0, 4.0, 4.0, 2.0, 2.0, 4.0, 2.0, 4.0, 2.0, 2.0, 4.0, 4.0, 4.0, 1.0, 1.0, 4.0, 4.0, 1.0, 2.0, 1.0, 2.0, 4.0, 4.0, 1.0, 4.0, 4.0, 2.0, 4.0, 1.0, 4.0, 4.0], [1.0, 4.0, 4.0, 2.0, 1.0, 4.0, 4.0, 4.0, 2.0, 4.0, 1.0, 4.0, 4.0, 2.0, 2.0, 4.0, 2.0, 4.0, 2.0, 4.0, 4.0, 4.0, 1.0, 2.0, 1.0, 4.0, 4.0, 1.0, 2.0, 1.0, 2.0, 4.0, 2.0, 1.0, 4.0, 4.0, 2.0, 4.0, 4.0, 1.0, 2.0], [2.0, 4.0, 4.0, 4.0, 1.0, 4.0, 4.0, 4.0, 2.0, 2.0, 1.0, 4.0, 4.0, 2.0, 2.0, 4.0, 2.0, 4.0, 2.0, 4.0, 4.0, 4.0, 4.0, 2.0, 1.0, 4.0, 4.0, 1.0, 2.0, 1.0, 2.0, 4.0, 4.0, 2.0, 4.0, 4.0, 2.0, 4.0, 1.0, 2.0, 4.0], [2.0, 2.0, 4.0, 4.0, 1.0, 4.0, 4.0, 4.0, 4.0, 4.0, 1.0, 4.0, 4.0, 4.0, 2.0, 4.0, 2.0, 2.0, 2.0, 4.0, 4.0, 4.0, 2.0, 2.0, 1.0, 4.0, 4.0, 1.0, 2.0, 1.0, 2.0, 4.0, 4.0, 1.0, 4.0, 4.0, 2.0, 4.0, 1.0, 2.0, 4.0], [5.0, 4.0, 4.0, 4.0, 1.0, 4.0, 4.0, 4.0, 2.0, 2.0, 1.0, 4.0, 4.0, 4.0, 1.0, 4.0, 2.0, 2.0, 4.0, 4.0, 4.0, 4.0, 2.0, 4.0, 1.0, 4.0, 4.0, 1.0, 2.0, 1.0, 2.0, 4.0, 4.0, 1.0, 1.0, 4.0, 2.0, 4.0, 1.0, 2.0, 2.0], [0.0, 4.0, 4.0, 4.0, 1.0, 4.0, 4.0, 4.0, 2.0, 2.0, 1.0, 4.0, 4.0, 2.0, 2.0, 4.0, 4.0, 4.0, 2.0, 4.0, 4.0, 4.0, 2.0, 2.0, 1.0, 4.0, 4.0, 1.0, 2.0, 1.0, 2.0, 4.0, 4.0, 1.0, 1.0, 4.0, 2.0, 4.0, 4.0, 2.0, 2.0], [4.0, 4.0, 4.0, 4.0, 1.0, 4.0, 4.0, 4.0, 2.0, 2.0, 1.0, 4.0, 4.0, 2.0, 2.0, 4.0, 1.0, 2.0, 2.0, 4.0, 4.0, 4.0, 4.0, 2.0, 1.0, 4.0, 4.0, 1.0, 2.0, 1.0, 2.0, 4.0, 4.0, 2.0, 1.0, 4.0, 2.0, 4.0, 1.0, 4.0, 2.0], [2.0, 4.0, 4.0, 4.0, 1.0, 4.0, 4.0, 4.0, 2.0, 1.0, 1.0, 4.0, 2.0, 2.0, 1.0, 4.0, 2.0, 4.0, 2.0, 4.0, 4.0, 2.0, 4.0, 2.0, 1.0, 4.0, 4.0, 1.0, 2.0, 1.0, 2.0, 4.0, 2.0, 1.0, 4.0, 4.0, 2.0, 4.0, 1.0, 4.0, 2.0], [4.0, 4.0, 2.0, 4.0, 1.0, 4.0, 4.0, 4.0, 2.0, 2.0, 1.0, 4.0, 4.0, 4.0, 2.0, 4.0, 1.0, 2.0, 2.0, 4.0, 4.0, 4.0, 4.0, 2.0, 1.0, 4.0, 4.0, 1.0, 2.0, 1.0, 2.0, 4.0, 4.0, 2.0, 4.0, 4.0, 2.0, 4.0, 1.0, 4.0, 2.0], [2.0, 4.0, 4.0, 4.0, 1.0, 4.0, 4.0, 4.0, 2.0, 2.0, 1.0, 4.0, 2.0, 4.0, 2.0, 4.0, 4.0, 4.0, 2.0, 4.0, 4.0, 4.0, 2.0, 2.0, 1.0, 4.0, 4.0, 1.0, 2.0, 1.0, 2.0, 4.0, 2.0, 2.0, 4.0, 4.0, 2.0, 4.0, 1.0, 1.0, 4.0], [4.0, 4.0, 2.0, 4.0, 1.0, 4.0, 4.0, 4.0, 4.0, 2.0, 1.0, 4.0, 2.0, 4.0, 2.0, 4.0, 1.0, 2.0, 2.0, 4.0, 4.0, 4.0, 2.0, 2.0, 1.0, 4.0, 4.0, 1.0, 2.0, 1.0, 2.0, 4.0, 4.0, 2.0, 4.0, 4.0, 2.0, 2.0, 4.0, 4.0, 2.0], [2.0, 4.0, 4.0, 4.0, 1.0, 4.0, 4.0, 4.0, 4.0, 4.0, 1.0, 4.0, 4.0, 2.0, 2.0, 4.0, 2.0, 2.0, 2.0, 4.0, 2.0, 4.0, 2.0, 2.0, 1.0, 2.0, 4.0, 1.0, 2.0, 1.0, 2.0, 4.0, 4.0, 1.0, 4.0, 4.0, 2.0, 4.0, 1.0, 2.0, 2.0], [2.0, 4.0, 4.0, 4.0, 1.0, 4.0, 4.0, 4.0, 4.0, 1.0, 1.0, 4.0, 4.0, 4.0, 2.0, 4.0, 4.0, 2.0, 2.0, 4.0, 4.0, 4.0, 2.0, 2.0, 2.0, 4.0, 4.0, 1.0, 2.0, 1.0, 2.0, 4.0, 2.0, 2.0, 4.0, 4.0, 2.0, 4.0, 4.0, 4.0, 2.0], [1.0, 4.0, 4.0, 4.0, 1.0, 4.0, 4.0, 4.0, 2.0, 4.0, 1.0, 4.0, 4.0, 2.0, 1.0, 4.0, 2.0, 4.0, 2.0, 4.0, 4.0, 2.0, 2.0, 4.0, 1.0, 4.0, 4.0, 1.0, 2.0, 1.0, 2.0, 4.0, 2.0, 1.0, 4.0, 4.0, 2.0, 4.0, 1.0, 4.0, 4.0], [2.0, 4.0, 4.0, 2.0, 2.0, 4.0, 4.0, 4.0, 2.0, 1.0, 1.0, 4.0, 4.0, 2.0, 1.0, 4.0, 4.0, 4.0, 2.0, 4.0, 4.0, 2.0, 2.0, 4.0, 1.0, 4.0, 4.0, 1.0, 2.0, 1.0, 2.0, 4.0, 4.0, 1.0, 4.0, 4.0, 2.0, 4.0, 1.0, 2.0, 2.0], [4.0, 4.0, 4.0, 4.0, 1.0, 4.0, 4.0, 4.0, 2.0, 4.0, 1.0, 4.0, 4.0, 2.0, 2.0, 4.0, 2.0, 2.0, 2.0, 4.0, 4.0, 4.0, 2.0, 2.0, 1.0, 4.0, 4.0, 1.0, 2.0, 1.0, 4.0, 4.0, 2.0, 1.0, 4.0, 4.0, 2.0, 4.0, 1.0, 2.0, 2.0], [0.0, 4.0, 4.0, 2.0, 1.0, 4.0, 4.0, 4.0, 2.0, 4.0, 1.0, 4.0, 4.0, 4.0, 2.0, 4.0, 4.0, 4.0, 2.0, 4.0, 4.0, 4.0, 2.0, 2.0, 1.0, 4.0, 2.0, 1.0, 2.0, 1.0, 1.0, 4.0, 4.0, 1.0, 4.0, 4.0, 2.0, 4.0, 4.0, 2.0, 4.0], [2.0, 2.0, 4.0, 4.0, 2.0, 4.0, 4.0, 4.0, 2.0, 1.0, 1.0, 4.0, 4.0, 2.0, 1.0, 4.0, 2.0, 4.0, 2.0, 4.0, 4.0, 2.0, 2.0, 2.0, 1.0, 4.0, 4.0, 1.0, 2.0, 1.0, 2.0, 4.0, 2.0, 2.0, 4.0, 4.0, 2.0, 4.0, 1.0, 4.0, 2.0], [2.0, 4.0, 4.0, 4.0, 1.0, 4.0, 4.0, 4.0, 2.0, 2.0, 1.0, 2.0, 4.0, 2.0, 1.0, 4.0, 4.0, 4.0, 2.0, 4.0, 2.0, 4.0, 2.0, 2.0, 1.0, 4.0, 4.0, 1.0, 2.0, 1.0, 2.0, 4.0, 2.0, 2.0, 4.0, 4.0, 2.0, 4.0, 1.0, 4.0, 2.0], [1.0, 4.0, 4.0, 2.0, 1.0, 4.0, 4.0, 4.0, 2.0, 2.0, 1.0, 2.0, 4.0, 4.0, 2.0, 4.0, 2.0, 4.0, 2.0, 4.0, 4.0, 4.0, 2.0, 1.0, 1.0, 4.0, 4.0, 1.0, 2.0, 1.0, 2.0, 4.0, 4.0, 1.0, 4.0, 4.0, 2.0, 4.0, 1.0, 1.0, 4.0], [1.0, 4.0, 4.0, 4.0, 1.0, 4.0, 4.0, 4.0, 2.0, 1.0, 1.0, 4.0, 4.0, 4.0, 2.0, 4.0, 2.0, 4.0, 2.0, 4.0, 4.0, 2.0, 4.0, 2.0, 1.0, 4.0, 4.0, 1.0, 2.0, 1.0, 2.0, 4.0, 4.0, 2.0, 4.0, 4.0, 2.0, 4.0, 1.0, 1.0, 2.0], [1.0, 4.0, 4.0, 4.0, 1.0, 4.0, 4.0, 4.0, 4.0, 4.0, 1.0, 4.0, 2.0, 2.0, 2.0, 4.0, 2.0, 4.0, 2.0, 4.0, 4.0, 4.0, 4.0, 4.0, 1.0, 4.0, 4.0, 1.0, 2.0, 1.0, 2.0, 4.0, 4.0, 1.0, 4.0, 4.0, 2.0, 4.0, 1.0, 2.0, 2.0], [2.0, 4.0, 4.0, 4.0, 1.0, 4.0, 4.0, 4.0, 2.0, 4.0, 1.0, 4.0, 4.0, 2.0, 2.0, 4.0, 1.0, 4.0, 2.0, 4.0, 4.0, 4.0, 2.0, 2.0, 1.0, 4.0, 4.0, 1.0, 2.0, 1.0, 1.0, 2.0, 2.0, 2.0, 4.0, 4.0, 2.0, 4.0, 1.0, 2.0, 2.0], [1.0, 4.0, 4.0, 2.0, 2.0, 4.0, 4.0, 4.0, 2.0, 4.0, 1.0, 4.0, 4.0, 2.0, 1.0, 4.0, 2.0, 4.0, 2.0, 4.0, 4.0, 4.0, 2.0, 2.0, 1.0, 4.0, 4.0, 1.0, 2.0, 1.0, 2.0, 2.0, 4.0, 2.0, 4.0, 4.0, 2.0, 4.0, 1.0, 1.0, 4.0], [4.0, 4.0, 4.0, 4.0, 1.0, 4.0, 4.0, 4.0, 2.0, 4.0, 1.0, 4.0, 2.0, 2.0, 2.0, 4.0, 4.0, 4.0, 2.0, 4.0, 2.0, 2.0, 4.0, 2.0, 1.0, 4.0, 4.0, 1.0, 2.0, 1.0, 2.0, 4.0, 4.0, 1.0, 4.0, 4.0, 2.0, 4.0, 4.0, 2.0, 2.0], [1.0, 4.0, 4.0, 4.0, 1.0, 4.0, 4.0, 4.0, 2.0, 4.0, 1.0, 4.0, 4.0, 4.0, 2.0, 4.0, 1.0, 2.0, 2.0, 4.0, 4.0, 4.0, 4.0, 2.0, 1.0, 4.0, 4.0, 1.0, 2.0, 1.0, 2.0, 4.0, 4.0, 1.0, 4.0, 4.0, 2.0, 4.0, 1.0, 4.0, 2.0], [2.0, 4.0, 4.0, 4.0, 2.0, 4.0, 4.0, 4.0, 2.0, 4.0, 1.0, 4.0, 4.0, 4.0, 2.0, 4.0, 2.0, 4.0, 2.0, 4.0, 2.0, 4.0, 4.0, 4.0, 1.0, 4.0, 4.0, 1.0, 2.0, 1.0, 2.0, 4.0, 4.0, 1.0, 4.0, 4.0, 2.0, 4.0, 1.0, 2.0, 2.0], [2.0, 4.0, 4.0, 4.0, 1.0, 4.0, 4.0, 4.0, 2.0, 2.0, 1.0, 2.0, 4.0, 2.0, 1.0, 4.0, 1.0, 4.0, 2.0, 4.0, 4.0, 4.0, 4.0, 2.0, 1.0, 4.0, 4.0, 1.0, 2.0, 1.0, 4.0, 4.0, 4.0, 1.0, 4.0, 4.0, 2.0, 4.0, 1.0, 1.0, 4.0], [1.0, 4.0, 4.0, 4.0, 1.0, 4.0, 4.0, 4.0, 2.0, 4.0, 1.0, 4.0, 4.0, 1.0, 2.0, 4.0, 2.0, 4.0, 2.0, 4.0, 4.0, 4.0, 2.0, 2.0, 1.0, 4.0, 4.0, 1.0, 2.0, 1.0, 2.0, 4.0, 2.0, 2.0, 4.0, 4.0, 2.0, 4.0, 1.0, 2.0, 4.0], [2.0, 4.0, 4.0, 4.0, 1.0, 4.0, 4.0, 4.0, 4.0, 4.0, 1.0, 4.0, 4.0, 2.0, 1.0, 4.0, 2.0, 4.0, 2.0, 4.0, 4.0, 2.0, 2.0, 4.0, 1.0, 4.0, 4.0, 1.0, 2.0, 1.0, 2.0, 4.0, 4.0, 1.0, 4.0, 4.0, 2.0, 4.0, 1.0, 4.0, 2.0], [0.0, 4.0, 4.0, 4.0, 1.0, 4.0, 4.0, 4.0, 2.0, 2.0, 1.0, 4.0, 4.0, 2.0, 1.0, 4.0, 1.0, 4.0, 2.0, 4.0, 2.0, 4.0, 2.0, 4.0, 1.0, 4.0, 4.0, 1.0, 2.0, 1.0, 2.0, 4.0, 1.0, 1.0, 4.0, 4.0, 2.0, 4.0, 1.0, 2.0, 2.0], [0.0, 2.0, 4.0, 4.0, 1.0, 4.0, 4.0, 4.0, 2.0, 2.0, 1.0, 4.0, 4.0, 2.0, 1.0, 4.0, 2.0, 4.0, 2.0, 4.0, 4.0, 4.0, 2.0, 2.0, 1.0, 4.0, 4.0, 1.0, 2.0, 1.0, 2.0, 4.0, 4.0, 1.0, 4.0, 4.0, 2.0, 4.0, 1.0, 2.0, 4.0], [0.0, 4.0, 2.0, 4.0, 1.0, 4.0, 4.0, 4.0, 2.0, 1.0, 1.0, 2.0, 4.0, 2.0, 2.0, 4.0, 2.0, 4.0, 2.0, 4.0, 4.0, 4.0, 4.0, 4.0, 1.0, 4.0, 4.0, 1.0, 2.0, 1.0, 2.0, 4.0, 2.0, 2.0, 4.0, 4.0, 2.0, 4.0, 4.0, 2.0, 2.0], [2.0, 4.0, 4.0, 2.0, 1.0, 4.0, 4.0, 4.0, 2.0, 2.0, 1.0, 4.0, 2.0, 2.0, 2.0, 4.0, 2.0, 4.0, 2.0, 4.0, 4.0, 4.0, 4.0, 2.0, 1.0, 4.0, 4.0, 1.0, 2.0, 1.0, 2.0, 4.0, 1.0, 1.0, 4.0, 4.0, 2.0, 4.0, 1.0, 4.0, 2.0], [2.0, 4.0, 2.0, 4.0, 1.0, 4.0, 4.0, 4.0, 2.0, 4.0, 1.0, 4.0, 4.0, 2.0, 1.0, 4.0, 2.0, 4.0, 2.0, 4.0, 2.0, 4.0, 2.0, 4.0, 1.0, 4.0, 4.0, 1.0, 2.0, 1.0, 2.0, 4.0, 4.0, 1.0, 4.0, 4.0, 2.0, 4.0, 1.0, 2.0, 2.0], [5.0, 4.0, 4.0, 2.0, 1.0, 4.0, 4.0, 4.0, 2.0, 4.0, 1.0, 4.0, 4.0, 2.0, 1.0, 4.0, 2.0, 4.0, 2.0, 4.0, 4.0, 4.0, 1.0, 4.0, 1.0, 4.0, 4.0, 1.0, 2.0, 1.0, 2.0, 4.0, 4.0, 1.0, 4.0, 4.0, 2.0, 4.0, 1.0, 4.0, 2.0], [1.0, 4.0, 2.0, 4.0, 1.0, 4.0, 4.0, 4.0, 2.0, 4.0, 1.0, 4.0, 2.0, 2.0, 2.0, 4.0, 2.0, 2.0, 2.0, 4.0, 4.0, 4.0, 2.0, 2.0, 1.0, 4.0, 4.0, 1.0, 2.0, 1.0, 2.0, 4.0, 4.0, 1.0, 4.0, 4.0, 2.0, 4.0, 1.0, 2.0, 2.0], [2.0, 2.0, 4.0, 4.0, 2.0, 4.0, 4.0, 4.0, 2.0, 4.0, 1.0, 4.0, 2.0, 2.0, 1.0, 4.0, 2.0, 2.0, 2.0, 4.0, 4.0, 4.0, 4.0, 2.0, 1.0, 4.0, 4.0, 1.0, 2.0, 1.0, 1.0, 4.0, 2.0, 2.0, 4.0, 4.0, 2.0, 4.0, 4.0, 4.0, 2.0], [2.0, 4.0, 4.0, 4.0, 2.0, 4.0, 4.0, 4.0, 2.0, 1.0, 1.0, 4.0, 4.0, 2.0, 2.0, 4.0, 4.0, 4.0, 2.0, 4.0, 2.0, 4.0, 4.0, 2.0, 1.0, 4.0, 4.0, 1.0, 2.0, 1.0, 4.0, 4.0, 4.0, 1.0, 4.0, 4.0, 2.0, 4.0, 4.0, 2.0, 2.0]]

first layer check: Conv2d(6, 64, kernel_size=(7, 7), stride=(2, 2), padding=(3, 3), bias=False)

for model 4: mode acc: 0.31707316637039185, run mean acc: 0.33016666769981384, top-2 acc:0.5645833015441895, mode f1: 0.31707316637039185

model 4 mode preds
[2.0, 2.0, 2.0, 2.0, 1.0, 2.0, 2.0, 2.0, 2.0, 2.0, 1.0, 2.0, 2.0, 2.0, 2.0, 2.0, 2.0, 2.0, 2.0, 2.0, 2.0, 2.0, 2.0, 2.0, 1.0, 2.0, 2.0, 1.0, 2.0, 1.0, 2.0, 2.0, 2.0, 2.0, 2.0, 2.0, 2.0, 2.0, 1.0, 2.0, 2.0]

model 4 all preds
[[2.0, 2.0, 2.0, 2.0, 1.0, 2.0, 2.0, 2.0, 2.0, 2.0, 1.0, 2.0, 2.0, 2.0, 2.0, 2.0, 2.0, 2.0, 2.0, 2.0, 2.0, 2.0, 2.0, 2.0, 1.0, 2.0, 2.0, 1.0, 2.0, 1.0, 2.0, 2.0, 2.0, 2.0, 2.0, 2.0, 2.0, 2.0, 1.0, 2.0, 2.0], [2.0, 2.0, 2.0, 2.0, 1.0, 2.0, 2.0, 2.0, 2.0, 1.0, 1.0, 2.0, 2.0, 2.0, 2.0, 2.0, 2.0, 2.0, 2.0, 2.0, 2.0, 2.0, 2.0, 2.0, 1.0, 2.0, 2.0, 1.0, 2.0, 1.0, 2.0, 2.0, 2.0, 2.0, 2.0, 2.0, 2.0, 2.0, 1.0, 2.0, 2.0], [2.0, 2.0, 2.0, 2.0, 1.0, 2.0, 2.0, 2.0, 2.0, 2.0, 1.0, 2.0, 2.0, 2.0, 2.0, 2.0, 2.0, 2.0, 2.0, 2.0, 2.0, 2.0, 2.0, 2.0, 1.0, 2.0, 2.0, 2.0, 2.0, 1.0, 2.0, 2.0, 2.0, 2.0, 2.0, 2.0, 2.0, 2.0, 1.0, 2.0, 2.0], [2.0, 2.0, 2.0, 2.0, 1.0, 2.0, 2.0, 2.0, 2.0, 2.0, 1.0, 2.0, 2.0, 2.0, 1.0, 2.0, 2.0, 2.0, 2.0, 2.0, 2.0, 2.0, 2.0, 2.0, 1.0, 2.0, 2.0, 1.0, 1.0, 1.0, 2.0, 2.0, 2.0, 2.0, 2.0, 2.0, 2.0, 2.0, 1.0, 2.0, 2.0], [2.0, 2.0, 2.0, 2.0, 1.0, 2.0, 2.0, 2.0, 2.0, 1.0, 1.0, 2.0, 2.0, 2.0, 2.0, 2.0, 1.0, 2.0, 2.0, 2.0, 2.0, 2.0, 2.0, 2.0, 1.0, 2.0, 2.0, 1.0, 2.0, 1.0, 2.0, 2.0, 2.0, 1.0, 2.0, 2.0, 2.0, 2.0, 1.0, 2.0, 2.0], [2.0, 2.0, 2.0, 2.0, 1.0, 2.0, 2.0, 2.0, 2.0, 2.0, 1.0, 2.0, 2.0, 2.0, 2.0, 2.0, 2.0, 2.0, 2.0, 2.0, 2.0, 2.0, 2.0, 2.0, 1.0, 2.0, 2.0, 2.0, 1.0, 1.0, 2.0, 2.0, 2.0, 2.0, 2.0, 2.0, 2.0, 2.0, 1.0, 2.0, 2.0], [2.0, 2.0, 2.0, 2.0, 1.0, 2.0, 2.0, 2.0, 2.0, 1.0, 1.0, 2.0, 2.0, 2.0, 2.0, 2.0, 2.0, 2.0, 2.0, 2.0, 2.0, 2.0, 2.0, 2.0, 1.0, 2.0, 2.0, 1.0, 1.0, 1.0, 2.0, 2.0, 2.0, 1.0, 2.0, 2.0, 2.0, 2.0, 1.0, 2.0, 2.0], [2.0, 2.0, 2.0, 2.0, 1.0, 2.0, 2.0, 2.0, 2.0, 2.0, 1.0, 2.0, 2.0, 2.0, 2.0, 2.0, 2.0, 2.0, 2.0, 2.0, 2.0, 2.0, 2.0, 2.0, 1.0, 2.0, 2.0, 1.0, 2.0, 2.0, 2.0, 2.0, 2.0, 2.0, 2.0, 2.0, 2.0, 2.0, 1.0, 2.0, 2.0], [2.0, 2.0, 2.0, 2.0, 1.0, 2.0, 2.0, 2.0, 2.0, 2.0, 1.0, 2.0, 2.0, 2.0, 2.0, 2.0, 2.0, 2.0, 2.0, 2.0, 2.0, 2.0, 2.0, 2.0, 1.0, 2.0, 2.0, 1.0, 2.0, 1.0, 2.0, 2.0, 2.0, 2.0, 2.0, 2.0, 2.0, 2.0, 1.0, 2.0, 2.0], [2.0, 2.0, 2.0, 2.0, 1.0, 2.0, 2.0, 2.0, 2.0, 2.0, 1.0, 2.0, 2.0, 2.0, 2.0, 2.0, 2.0, 2.0, 2.0, 2.0, 2.0, 2.0, 2.0, 2.0, 1.0, 2.0, 2.0, 1.0, 2.0, 1.0, 2.0, 2.0, 2.0, 2.0, 2.0, 2.0, 2.0, 2.0, 1.0, 2.0, 2.0], [1.0, 2.0, 2.0, 2.0, 1.0, 2.0, 2.0, 2.0, 2.0, 1.0, 1.0, 2.0, 2.0, 2.0, 2.0, 2.0, 2.0, 2.0, 2.0, 2.0, 2.0, 2.0, 2.0, 2.0, 1.0, 2.0, 2.0, 1.0, 2.0, 1.0, 2.0, 2.0, 1.0, 1.0, 2.0, 2.0, 2.0, 2.0, 1.0, 2.0, 2.0], [2.0, 2.0, 2.0, 2.0, 1.0, 1.0, 2.0, 2.0, 2.0, 2.0, 1.0, 2.0, 2.0, 2.0, 2.0, 2.0, 2.0, 2.0, 2.0, 2.0, 2.0, 2.0, 2.0, 2.0, 1.0, 2.0, 2.0, 1.0, 2.0, 1.0, 2.0, 2.0, 2.0, 2.0, 2.0, 2.0, 2.0, 2.0, 1.0, 2.0, 2.0], [1.0, 2.0, 2.0, 2.0, 1.0, 2.0, 2.0, 2.0, 2.0, 1.0, 1.0, 2.0, 2.0, 2.0, 2.0, 2.0, 2.0, 2.0, 2.0, 2.0, 2.0, 2.0, 2.0, 2.0, 1.0, 2.0, 2.0, 1.0, 2.0, 1.0, 2.0, 2.0, 2.0, 1.0, 2.0, 2.0, 2.0, 2.0, 1.0, 2.0, 2.0], [2.0, 2.0, 2.0, 2.0, 1.0, 2.0, 2.0, 2.0, 2.0, 2.0, 1.0, 2.0, 2.0, 2.0, 2.0, 2.0, 2.0, 2.0, 2.0, 2.0, 2.0, 2.0, 2.0, 2.0, 1.0, 2.0, 2.0, 1.0, 2.0, 1.0, 2.0, 2.0, 2.0, 1.0, 2.0, 2.0, 2.0, 2.0, 1.0, 2.0, 2.0], [2.0, 2.0, 2.0, 2.0, 1.0, 2.0, 2.0, 2.0, 2.0, 2.0, 1.0, 2.0, 3.0, 2.0, 2.0, 2.0, 2.0, 2.0, 2.0, 2.0, 2.0, 2.0, 2.0, 2.0, 1.0, 2.0, 2.0, 1.0, 2.0, 1.0, 2.0, 2.0, 2.0, 2.0, 2.0, 2.0, 2.0, 2.0, 1.0, 2.0, 2.0], [2.0, 2.0, 2.0, 2.0, 1.0, 2.0, 2.0, 2.0, 2.0, 2.0, 1.0, 2.0, 2.0, 2.0, 2.0, 2.0, 2.0, 2.0, 2.0, 2.0, 2.0, 2.0, 2.0, 2.0, 1.0, 2.0, 2.0, 2.0, 2.0, 1.0, 2.0, 2.0, 2.0, 2.0, 2.0, 2.0, 2.0, 2.0, 1.0, 2.0, 2.0], [1.0, 2.0, 2.0, 2.0, 1.0, 1.0, 2.0, 2.0, 2.0, 2.0, 1.0, 2.0, 2.0, 2.0, 2.0, 2.0, 2.0, 2.0, 2.0, 2.0, 2.0, 2.0, 2.0, 2.0, 1.0, 2.0, 2.0, 1.0, 2.0, 1.0, 2.0, 2.0, 2.0, 2.0, 2.0, 2.0, 2.0, 2.0, 1.0, 2.0, 2.0], [2.0, 2.0, 2.0, 2.0, 1.0, 2.0, 2.0, 2.0, 2.0, 2.0, 1.0, 2.0, 2.0, 2.0, 2.0, 2.0, 2.0, 2.0, 2.0, 2.0, 2.0, 2.0, 2.0, 2.0, 1.0, 2.0, 2.0, 1.0, 2.0, 1.0, 2.0, 2.0, 2.0, 2.0, 2.0, 2.0, 2.0, 2.0, 1.0, 2.0, 2.0], [1.0, 2.0, 2.0, 1.0, 1.0, 2.0, 2.0, 2.0, 2.0, 2.0, 1.0, 2.0, 2.0, 2.0, 2.0, 2.0, 2.0, 2.0, 2.0, 2.0, 2.0, 2.0, 2.0, 2.0, 1.0, 2.0, 2.0, 2.0, 2.0, 1.0, 2.0, 2.0, 2.0, 1.0, 2.0, 2.0, 2.0, 2.0, 1.0, 2.0, 2.0], [1.0, 2.0, 2.0, 2.0, 1.0, 2.0, 2.0, 2.0, 2.0, 2.0, 1.0, 2.0, 2.0, 2.0, 1.0, 2.0, 2.0, 2.0, 2.0, 2.0, 2.0, 2.0, 2.0, 2.0, 1.0, 2.0, 2.0, 1.0, 2.0, 1.0, 2.0, 2.0, 2.0, 1.0, 2.0, 2.0, 2.0, 2.0, 1.0, 2.0, 2.0], [2.0, 2.0, 2.0, 2.0, 1.0, 2.0, 2.0, 2.0, 2.0, 1.0, 1.0, 2.0, 2.0, 2.0, 2.0, 2.0, 2.0, 2.0, 2.0, 2.0, 2.0, 2.0, 2.0, 2.0, 1.0, 2.0, 2.0, 1.0, 1.0, 1.0, 2.0, 2.0, 2.0, 1.0, 1.0, 2.0, 2.0, 2.0, 1.0, 2.0, 2.0], [2.0, 2.0, 2.0, 2.0, 1.0, 2.0, 2.0, 2.0, 2.0, 1.0, 1.0, 2.0, 2.0, 2.0, 2.0, 2.0, 2.0, 2.0, 2.0, 2.0, 2.0, 2.0, 2.0, 2.0, 1.0, 2.0, 2.0, 1.0, 1.0, 1.0, 2.0, 2.0, 2.0, 2.0, 2.0, 2.0, 2.0, 2.0, 1.0, 2.0, 2.0], [1.0, 2.0, 2.0, 2.0, 1.0, 2.0, 2.0, 2.0, 2.0, 2.0, 1.0, 2.0, 2.0, 2.0, 2.0, 2.0, 2.0, 2.0, 2.0, 2.0, 2.0, 2.0, 2.0, 2.0, 1.0, 2.0, 2.0, 2.0, 1.0, 1.0, 2.0, 2.0, 2.0, 1.0, 2.0, 2.0, 2.0, 2.0, 1.0, 2.0, 2.0], [2.0, 2.0, 2.0, 2.0, 1.0, 2.0, 2.0, 2.0, 2.0, 2.0, 1.0, 2.0, 2.0, 2.0, 2.0, 2.0, 2.0, 2.0, 2.0, 2.0, 2.0, 2.0, 2.0, 2.0, 1.0, 2.0, 2.0, 2.0, 1.0, 1.0, 2.0, 2.0, 2.0, 2.0, 2.0, 2.0, 2.0, 2.0, 1.0, 2.0, 2.0], [1.0, 2.0, 2.0, 2.0, 1.0, 2.0, 2.0, 2.0, 2.0, 2.0, 1.0, 2.0, 2.0, 2.0, 2.0, 2.0, 2.0, 2.0, 2.0, 2.0, 2.0, 2.0, 2.0, 2.0, 1.0, 2.0, 2.0, 2.0, 2.0, 1.0, 2.0, 2.0, 2.0, 1.0, 2.0, 2.0, 2.0, 2.0, 1.0, 2.0, 2.0], [2.0, 2.0, 2.0, 2.0, 1.0, 2.0, 2.0, 2.0, 2.0, 2.0, 1.0, 2.0, 2.0, 2.0, 2.0, 2.0, 2.0, 2.0, 2.0, 2.0, 2.0, 2.0, 2.0, 2.0, 1.0, 2.0, 2.0, 1.0, 2.0, 1.0, 2.0, 2.0, 2.0, 2.0, 2.0, 2.0, 2.0, 2.0, 1.0, 2.0, 2.0], [1.0, 2.0, 2.0, 2.0, 1.0, 2.0, 2.0, 2.0, 2.0, 2.0, 1.0, 2.0, 2.0, 2.0, 2.0, 2.0, 2.0, 2.0, 2.0, 2.0, 2.0, 2.0, 2.0, 2.0, 1.0, 2.0, 2.0, 1.0, 2.0, 1.0, 2.0, 2.0, 2.0, 1.0, 2.0, 2.0, 2.0, 2.0, 1.0, 2.0, 2.0], [2.0, 2.0, 2.0, 2.0, 1.0, 2.0, 2.0, 2.0, 2.0, 1.0, 1.0, 2.0, 2.0, 2.0, 2.0, 2.0, 2.0, 2.0, 2.0, 2.0, 2.0, 2.0, 2.0, 2.0, 1.0, 2.0, 2.0, 1.0, 2.0, 1.0, 2.0, 2.0, 2.0, 2.0, 2.0, 2.0, 2.0, 2.0, 1.0, 2.0, 2.0], [2.0, 2.0, 2.0, 2.0, 1.0, 2.0, 2.0, 2.0, 2.0, 2.0, 1.0, 2.0, 2.0, 2.0, 2.0, 2.0, 2.0, 2.0, 2.0, 2.0, 2.0, 2.0, 2.0, 2.0, 1.0, 2.0, 2.0, 1.0, 2.0, 1.0, 2.0, 2.0, 2.0, 1.0, 2.0, 2.0, 2.0, 2.0, 1.0, 2.0, 2.0], [2.0, 2.0, 2.0, 2.0, 1.0, 2.0, 2.0, 2.0, 2.0, 2.0, 1.0, 2.0, 2.0, 2.0, 1.0, 2.0, 2.0, 2.0, 2.0, 2.0, 2.0, 2.0, 2.0, 2.0, 1.0, 2.0, 2.0, 1.0, 2.0, 1.0, 2.0, 2.0, 2.0, 2.0, 2.0, 2.0, 2.0, 2.0, 1.0, 2.0, 2.0], [2.0, 2.0, 2.0, 2.0, 1.0, 2.0, 2.0, 2.0, 2.0, 1.0, 1.0, 2.0, 2.0, 2.0, 2.0, 2.0, 2.0, 2.0, 2.0, 2.0, 2.0, 2.0, 2.0, 2.0, 1.0, 2.0, 2.0, 1.0, 2.0, 1.0, 2.0, 2.0, 2.0, 2.0, 2.0, 2.0, 2.0, 2.0, 1.0, 2.0, 2.0], [2.0, 2.0, 2.0, 2.0, 1.0, 2.0, 2.0, 2.0, 2.0, 1.0, 1.0, 2.0, 2.0, 2.0, 2.0, 2.0, 2.0, 2.0, 2.0, 2.0, 2.0, 2.0, 2.0, 2.0, 1.0, 2.0, 2.0, 1.0, 2.0, 1.0, 2.0, 2.0, 2.0, 2.0, 2.0, 2.0, 2.0, 2.0, 1.0, 2.0, 2.0], [2.0, 2.0, 2.0, 2.0, 1.0, 2.0, 2.0, 2.0, 2.0, 1.0, 1.0, 2.0, 2.0, 2.0, 2.0, 2.0, 2.0, 2.0, 2.0, 2.0, 2.0, 2.0, 2.0, 2.0, 1.0, 2.0, 2.0, 1.0, 2.0, 1.0, 2.0, 2.0, 2.0, 1.0, 1.0, 2.0, 2.0, 2.0, 1.0, 2.0, 2.0], [2.0, 2.0, 2.0, 2.0, 1.0, 2.0, 2.0, 2.0, 2.0, 1.0, 1.0, 2.0, 2.0, 2.0, 2.0, 2.0, 2.0, 2.0, 2.0, 2.0, 2.0, 2.0, 2.0, 2.0, 1.0, 2.0, 2.0, 1.0, 2.0, 2.0, 2.0, 2.0, 2.0, 2.0, 2.0, 2.0, 2.0, 2.0, 1.0, 2.0, 2.0], [1.0, 2.0, 2.0, 2.0, 1.0, 2.0, 2.0, 2.0, 2.0, 1.0, 1.0, 2.0, 2.0, 2.0, 1.0, 2.0, 2.0, 2.0, 2.0, 2.0, 2.0, 2.0, 2.0, 2.0, 1.0, 2.0, 2.0, 1.0, 2.0, 1.0, 2.0, 2.0, 2.0, 2.0, 2.0, 2.0, 2.0, 2.0, 1.0, 2.0, 2.0], [1.0, 2.0, 2.0, 2.0, 1.0, 2.0, 2.0, 2.0, 2.0, 1.0, 1.0, 2.0, 2.0, 2.0, 2.0, 2.0, 2.0, 2.0, 2.0, 2.0, 2.0, 2.0, 2.0, 2.0, 1.0, 2.0, 2.0, 1.0, 2.0, 1.0, 2.0, 2.0, 2.0, 2.0, 2.0, 2.0, 2.0, 2.0, 1.0, 2.0, 2.0], [2.0, 2.0, 2.0, 2.0, 1.0, 2.0, 2.0, 2.0, 2.0, 1.0, 1.0, 2.0, 2.0, 2.0, 1.0, 2.0, 2.0, 2.0, 2.0, 2.0, 2.0, 2.0, 2.0, 2.0, 1.0, 2.0, 2.0, 1.0, 2.0, 1.0, 2.0, 2.0, 2.0, 2.0, 2.0, 2.0, 2.0, 2.0, 1.0, 2.0, 2.0], [2.0, 2.0, 2.0, 2.0, 1.0, 2.0, 2.0, 2.0, 2.0, 1.0, 1.0, 2.0, 2.0, 2.0, 2.0, 2.0, 2.0, 2.0, 2.0, 2.0, 2.0, 2.0, 2.0, 2.0, 1.0, 2.0, 2.0, 1.0, 1.0, 1.0, 2.0, 2.0, 2.0, 1.0, 2.0, 2.0, 2.0, 2.0, 1.0, 2.0, 2.0], [2.0, 2.0, 2.0, 2.0, 1.0, 2.0, 2.0, 2.0, 2.0, 2.0, 1.0, 2.0, 2.0, 2.0, 2.0, 2.0, 2.0, 2.0, 2.0, 2.0, 2.0, 2.0, 2.0, 2.0, 1.0, 2.0, 2.0, 1.0, 2.0, 1.0, 2.0, 2.0, 2.0, 2.0, 2.0, 2.0, 2.0, 2.0, 1.0, 2.0, 2.0], [2.0, 2.0, 2.0, 2.0, 1.0, 2.0, 2.0, 2.0, 2.0, 1.0, 1.0, 2.0, 2.0, 2.0, 2.0, 2.0, 2.0, 2.0, 2.0, 2.0, 2.0, 2.0, 2.0, 2.0, 1.0, 2.0, 2.0, 1.0, 2.0, 1.0, 2.0, 2.0, 2.0, 2.0, 2.0, 2.0, 2.0, 2.0, 1.0, 2.0, 2.0], [2.0, 2.0, 2.0, 2.0, 1.0, 2.0, 2.0, 2.0, 2.0, 2.0, 1.0, 2.0, 2.0, 2.0, 2.0, 2.0, 2.0, 2.0, 2.0, 2.0, 2.0, 2.0, 2.0, 2.0, 1.0, 2.0, 2.0, 1.0, 1.0, 1.0, 2.0, 2.0, 2.0, 2.0, 2.0, 2.0, 2.0, 2.0, 1.0, 2.0, 2.0], [2.0, 2.0, 2.0, 2.0, 1.0, 2.0, 2.0, 2.0, 2.0, 2.0, 1.0, 2.0, 2.0, 2.0, 2.0, 2.0, 2.0, 2.0, 2.0, 2.0, 2.0, 2.0, 2.0, 2.0, 1.0, 2.0, 2.0, 1.0, 2.0, 1.0, 2.0, 2.0, 2.0, 2.0, 2.0, 2.0, 2.0, 2.0, 1.0, 2.0, 2.0], [2.0, 2.0, 2.0, 2.0, 1.0, 2.0, 2.0, 2.0, 2.0, 2.0, 1.0, 2.0, 2.0, 2.0, 2.0, 2.0, 2.0, 2.0, 2.0, 2.0, 2.0, 2.0, 2.0, 2.0, 1.0, 2.0, 2.0, 2.0, 2.0, 1.0, 2.0, 2.0, 2.0, 2.0, 2.0, 2.0, 2.0, 2.0, 1.0, 2.0, 2.0], [2.0, 2.0, 2.0, 2.0, 1.0, 2.0, 2.0, 2.0, 2.0, 1.0, 1.0, 2.0, 2.0, 2.0, 2.0, 2.0, 2.0, 2.0, 2.0, 2.0, 2.0, 2.0, 2.0, 2.0, 1.0, 2.0, 2.0, 2.0, 2.0, 1.0, 2.0, 2.0, 2.0, 2.0, 2.0, 2.0, 2.0, 2.0, 1.0, 2.0, 2.0], [2.0, 2.0, 2.0, 2.0, 1.0, 2.0, 2.0, 2.0, 2.0, 2.0, 1.0, 2.0, 2.0, 2.0, 2.0, 2.0, 2.0, 2.0, 2.0, 2.0, 2.0, 2.0, 2.0, 2.0, 1.0, 2.0, 2.0, 1.0, 2.0, 1.0, 2.0, 2.0, 2.0, 1.0, 2.0, 2.0, 2.0, 2.0, 2.0, 2.0, 2.0], [2.0, 2.0, 2.0, 2.0, 1.0, 2.0, 2.0, 2.0, 2.0, 2.0, 1.0, 2.0, 2.0, 2.0, 2.0, 2.0, 2.0, 2.0, 2.0, 2.0, 2.0, 2.0, 2.0, 2.0, 1.0, 2.0, 2.0, 1.0, 2.0, 1.0, 2.0, 2.0, 2.0, 2.0, 2.0, 2.0, 2.0, 2.0, 1.0, 2.0, 2.0], [2.0, 2.0, 2.0, 2.0, 1.0, 2.0, 2.0, 2.0, 2.0, 1.0, 1.0, 2.0, 2.0, 2.0, 2.0, 2.0, 2.0, 2.0, 2.0, 2.0, 2.0, 2.0, 2.0, 2.0, 1.0, 2.0, 2.0, 1.0, 2.0, 1.0, 2.0, 2.0, 2.0, 2.0, 2.0, 2.0, 2.0, 2.0, 1.0, 2.0, 2.0], [2.0, 2.0, 2.0, 2.0, 1.0, 2.0, 2.0, 2.0, 2.0, 1.0, 1.0, 2.0, 2.0, 2.0, 2.0, 2.0, 2.0, 2.0, 2.0, 2.0, 2.0, 2.0, 2.0, 2.0, 1.0, 2.0, 2.0, 1.0, 2.0, 1.0, 2.0, 2.0, 2.0, 2.0, 2.0, 2.0, 2.0, 2.0, 1.0, 2.0, 2.0], [2.0, 2.0, 2.0, 2.0, 1.0, 2.0, 2.0, 2.0, 2.0, 1.0, 1.0, 2.0, 2.0, 2.0, 2.0, 2.0, 2.0, 2.0, 2.0, 2.0, 2.0, 2.0, 2.0, 2.0, 1.0, 2.0, 2.0, 1.0, 2.0, 1.0, 2.0, 2.0, 2.0, 1.0, 3.0, 2.0, 2.0, 2.0, 1.0, 2.0, 2.0], [2.0, 2.0, 2.0, 2.0, 1.0, 2.0, 2.0, 2.0, 2.0, 2.0, 1.0, 2.0, 3.0, 2.0, 2.0, 2.0, 2.0, 2.0, 2.0, 2.0, 2.0, 2.0, 2.0, 2.0, 1.0, 2.0, 2.0, 2.0, 1.0, 1.0, 2.0, 2.0, 2.0, 2.0, 2.0, 2.0, 2.0, 2.0, 1.0, 2.0, 2.0]]

