first layer check: Conv2d(9, 64, kernel_size=(7, 7), stride=(2, 2), padding=(3, 3), bias=False)

target ys
[4.0, 4.0, 2.0, 0.0, 2.0, 2.0, 4.0, 0.0, 3.0, 1.0, 4.0, 1.0, 2.0, 5.0, 4.0, 2.0, 3.0, 2.0, 4.0, 4.0, 3.0, 3.0, 1.0, 2.0, 1.0, 3.0, 1.0, 2.0, 1.0, 1.0, 2.0, 1.0, 2.0, 1.0, 1.0, 2.0, 2.0, 4.0, 1.0]

for model 0: mode acc: 0.3333333432674408, run mean acc: 0.3824999928474426, top-2 acc:0.6954166293144226, mode f1: 0.3333333432674408

model 0 mode preds
[2.0, 2.0, 2.0, 2.0, 4.0, 2.0, 2.0, 1.0, 2.0, 2.0, 2.0, 4.0, 5.0, 5.0, 2.0, 1.0, 2.0, 2.0, 2.0, 2.0, 2.0, 1.0, 1.0, 2.0, 1.0, 2.0, 1.0, 1.0, 2.0, 2.0, 2.0, 2.0, 1.0, 2.0, 1.0, 2.0, 2.0, 2.0, 1.0]

model 0 all preds
[[2.0, 2.0, 2.0, 2.0, 4.0, 2.0, 2.0, 1.0, 2.0, 2.0, 5.0, 4.0, 4.0, 5.0, 2.0, 1.0, 2.0, 2.0, 2.0, 2.0, 2.0, 2.0, 1.0, 2.0, 1.0, 2.0, 2.0, 2.0, 2.0, 2.0, 2.0, 1.0, 1.0, 1.0, 2.0, 2.0, 2.0, 2.0, 2.0], [2.0, 2.0, 2.0, 2.0, 4.0, 2.0, 2.0, 2.0, 2.0, 1.0, 2.0, 1.0, 5.0, 5.0, 4.0, 1.0, 2.0, 2.0, 2.0, 2.0, 2.0, 2.0, 1.0, 1.0, 1.0, 2.0, 1.0, 1.0, 2.0, 2.0, 2.0, 2.0, 1.0, 1.0, 2.0, 2.0, 2.0, 2.0, 1.0], [2.0, 2.0, 2.0, 2.0, 4.0, 2.0, 2.0, 0.0, 2.0, 2.0, 5.0, 4.0, 5.0, 5.0, 2.0, 1.0, 2.0, 2.0, 2.0, 2.0, 2.0, 1.0, 2.0, 2.0, 1.0, 2.0, 1.0, 2.0, 2.0, 2.0, 2.0, 2.0, 1.0, 2.0, 1.0, 2.0, 2.0, 2.0, 1.0], [2.0, 2.0, 2.0, 2.0, 4.0, 2.0, 2.0, 1.0, 2.0, 2.0, 2.0, 1.0, 5.0, 5.0, 2.0, 1.0, 2.0, 2.0, 2.0, 2.0, 1.0, 2.0, 1.0, 2.0, 2.0, 2.0, 1.0, 1.0, 1.0, 2.0, 2.0, 2.0, 1.0, 2.0, 2.0, 2.0, 2.0, 2.0, 1.0], [2.0, 2.0, 2.0, 2.0, 4.0, 2.0, 2.0, 1.0, 2.0, 1.0, 5.0, 1.0, 1.0, 5.0, 5.0, 1.0, 2.0, 2.0, 2.0, 2.0, 2.0, 1.0, 2.0, 1.0, 1.0, 1.0, 1.0, 1.0, 2.0, 1.0, 2.0, 2.0, 1.0, 2.0, 1.0, 2.0, 2.0, 2.0, 2.0], [2.0, 2.0, 2.0, 2.0, 2.0, 2.0, 2.0, 2.0, 2.0, 2.0, 2.0, 4.0, 5.0, 5.0, 5.0, 1.0, 2.0, 2.0, 2.0, 2.0, 2.0, 1.0, 1.0, 1.0, 1.0, 1.0, 1.0, 1.0, 2.0, 2.0, 2.0, 1.0, 1.0, 2.0, 2.0, 2.0, 2.0, 2.0, 1.0], [2.0, 2.0, 2.0, 2.0, 2.0, 2.0, 2.0, 2.0, 2.0, 2.0, 5.0, 1.0, 4.0, 5.0, 2.0, 1.0, 2.0, 2.0, 2.0, 2.0, 2.0, 1.0, 1.0, 2.0, 1.0, 2.0, 1.0, 1.0, 2.0, 2.0, 2.0, 2.0, 1.0, 2.0, 2.0, 2.0, 2.0, 2.0, 1.0], [2.0, 2.0, 2.0, 2.0, 2.0, 2.0, 4.0, 1.0, 2.0, 1.0, 2.0, 4.0, 4.0, 5.0, 2.0, 1.0, 2.0, 2.0, 2.0, 2.0, 2.0, 2.0, 1.0, 2.0, 1.0, 2.0, 1.0, 2.0, 2.0, 2.0, 2.0, 2.0, 1.0, 1.0, 2.0, 2.0, 2.0, 2.0, 1.0], [2.0, 2.0, 2.0, 2.0, 4.0, 2.0, 2.0, 1.0, 2.0, 2.0, 2.0, 1.0, 5.0, 5.0, 5.0, 1.0, 2.0, 2.0, 2.0, 2.0, 2.0, 2.0, 1.0, 2.0, 1.0, 1.0, 1.0, 1.0, 1.0, 2.0, 1.0, 2.0, 1.0, 2.0, 1.0, 2.0, 2.0, 2.0, 1.0], [2.0, 2.0, 2.0, 2.0, 4.0, 2.0, 2.0, 1.0, 2.0, 2.0, 5.0, 5.0, 2.0, 5.0, 2.0, 1.0, 2.0, 2.0, 2.0, 2.0, 2.0, 2.0, 1.0, 2.0, 1.0, 2.0, 1.0, 1.0, 2.0, 2.0, 2.0, 2.0, 1.0, 2.0, 1.0, 2.0, 2.0, 2.0, 1.0], [2.0, 2.0, 2.0, 2.0, 4.0, 5.0, 2.0, 0.0, 2.0, 2.0, 5.0, 4.0, 4.0, 5.0, 5.0, 1.0, 2.0, 2.0, 2.0, 2.0, 1.0, 2.0, 2.0, 2.0, 1.0, 1.0, 1.0, 1.0, 2.0, 2.0, 2.0, 2.0, 1.0, 2.0, 2.0, 2.0, 2.0, 2.0, 2.0], [2.0, 2.0, 2.0, 2.0, 4.0, 2.0, 2.0, 1.0, 2.0, 2.0, 5.0, 4.0, 5.0, 5.0, 2.0, 1.0, 2.0, 2.0, 2.0, 2.0, 1.0, 1.0, 1.0, 2.0, 1.0, 2.0, 1.0, 2.0, 2.0, 1.0, 2.0, 2.0, 1.0, 1.0, 2.0, 5.0, 2.0, 2.0, 1.0], [2.0, 2.0, 2.0, 1.0, 4.0, 2.0, 2.0, 1.0, 2.0, 2.0, 2.0, 2.0, 4.0, 5.0, 4.0, 1.0, 2.0, 2.0, 2.0, 2.0, 2.0, 2.0, 1.0, 2.0, 1.0, 1.0, 1.0, 2.0, 1.0, 2.0, 2.0, 2.0, 1.0, 1.0, 2.0, 2.0, 2.0, 2.0, 2.0], [2.0, 2.0, 2.0, 2.0, 4.0, 2.0, 2.0, 1.0, 2.0, 2.0, 2.0, 5.0, 5.0, 5.0, 2.0, 1.0, 2.0, 2.0, 2.0, 2.0, 1.0, 2.0, 1.0, 2.0, 1.0, 2.0, 1.0, 1.0, 2.0, 2.0, 1.0, 2.0, 1.0, 2.0, 1.0, 2.0, 2.0, 2.0, 2.0], [2.0, 2.0, 2.0, 2.0, 4.0, 5.0, 2.0, 1.0, 2.0, 2.0, 2.0, 4.0, 2.0, 5.0, 5.0, 1.0, 2.0, 2.0, 2.0, 2.0, 1.0, 2.0, 1.0, 1.0, 1.0, 2.0, 1.0, 1.0, 2.0, 2.0, 2.0, 2.0, 1.0, 1.0, 1.0, 2.0, 2.0, 2.0, 1.0], [2.0, 2.0, 2.0, 0.0, 2.0, 2.0, 2.0, 2.0, 2.0, 2.0, 5.0, 5.0, 5.0, 5.0, 2.0, 1.0, 2.0, 2.0, 2.0, 2.0, 2.0, 1.0, 1.0, 2.0, 1.0, 2.0, 1.0, 1.0, 2.0, 2.0, 2.0, 2.0, 1.0, 2.0, 2.0, 2.0, 2.0, 2.0, 1.0], [2.0, 2.0, 2.0, 2.0, 4.0, 2.0, 5.0, 0.0, 2.0, 2.0, 5.0, 5.0, 4.0, 5.0, 2.0, 1.0, 2.0, 2.0, 2.0, 2.0, 2.0, 2.0, 1.0, 2.0, 1.0, 2.0, 1.0, 2.0, 2.0, 1.0, 2.0, 2.0, 1.0, 1.0, 2.0, 2.0, 2.0, 2.0, 1.0], [2.0, 2.0, 2.0, 2.0, 4.0, 2.0, 2.0, 1.0, 2.0, 1.0, 2.0, 2.0, 2.0, 5.0, 5.0, 1.0, 2.0, 2.0, 2.0, 2.0, 2.0, 2.0, 1.0, 1.0, 2.0, 2.0, 1.0, 1.0, 2.0, 1.0, 2.0, 2.0, 1.0, 1.0, 1.0, 2.0, 2.0, 2.0, 2.0], [2.0, 2.0, 2.0, 2.0, 2.0, 2.0, 2.0, 1.0, 2.0, 2.0, 2.0, 4.0, 5.0, 5.0, 4.0, 1.0, 2.0, 2.0, 2.0, 2.0, 1.0, 1.0, 1.0, 1.0, 1.0, 2.0, 1.0, 1.0, 2.0, 2.0, 2.0, 2.0, 1.0, 2.0, 1.0, 2.0, 2.0, 2.0, 1.0], [2.0, 2.0, 2.0, 0.0, 4.0, 5.0, 2.0, 1.0, 2.0, 2.0, 2.0, 5.0, 4.0, 5.0, 4.0, 1.0, 2.0, 2.0, 2.0, 2.0, 2.0, 1.0, 1.0, 2.0, 1.0, 2.0, 1.0, 1.0, 2.0, 2.0, 2.0, 2.0, 1.0, 2.0, 2.0, 2.0, 2.0, 2.0, 2.0], [2.0, 2.0, 2.0, 2.0, 4.0, 2.0, 5.0, 1.0, 2.0, 2.0, 2.0, 5.0, 4.0, 5.0, 5.0, 1.0, 2.0, 2.0, 5.0, 2.0, 2.0, 2.0, 1.0, 1.0, 1.0, 2.0, 2.0, 2.0, 2.0, 2.0, 2.0, 2.0, 1.0, 2.0, 2.0, 2.0, 2.0, 2.0, 2.0], [2.0, 2.0, 2.0, 2.0, 4.0, 2.0, 2.0, 2.0, 2.0, 2.0, 2.0, 4.0, 5.0, 5.0, 2.0, 1.0, 2.0, 2.0, 2.0, 2.0, 2.0, 2.0, 1.0, 1.0, 1.0, 2.0, 1.0, 1.0, 2.0, 2.0, 1.0, 2.0, 1.0, 2.0, 1.0, 2.0, 2.0, 2.0, 2.0], [2.0, 2.0, 2.0, 2.0, 2.0, 2.0, 2.0, 0.0, 2.0, 2.0, 2.0, 4.0, 2.0, 5.0, 5.0, 1.0, 2.0, 2.0, 2.0, 2.0, 2.0, 2.0, 1.0, 1.0, 1.0, 2.0, 1.0, 2.0, 2.0, 2.0, 2.0, 2.0, 1.0, 1.0, 2.0, 2.0, 2.0, 2.0, 2.0], [2.0, 4.0, 2.0, 2.0, 2.0, 2.0, 4.0, 1.0, 2.0, 2.0, 2.0, 4.0, 5.0, 5.0, 2.0, 1.0, 2.0, 2.0, 2.0, 2.0, 2.0, 2.0, 1.0, 1.0, 1.0, 2.0, 1.0, 1.0, 2.0, 2.0, 2.0, 2.0, 1.0, 1.0, 2.0, 2.0, 2.0, 2.0, 1.0], [2.0, 2.0, 2.0, 2.0, 4.0, 5.0, 2.0, 1.0, 2.0, 2.0, 2.0, 2.0, 2.0, 5.0, 2.0, 1.0, 2.0, 1.0, 2.0, 2.0, 2.0, 1.0, 2.0, 2.0, 1.0, 2.0, 1.0, 2.0, 2.0, 2.0, 2.0, 2.0, 1.0, 1.0, 1.0, 2.0, 2.0, 2.0, 1.0], [2.0, 2.0, 2.0, 2.0, 4.0, 5.0, 2.0, 2.0, 2.0, 2.0, 2.0, 4.0, 1.0, 5.0, 4.0, 1.0, 2.0, 2.0, 2.0, 2.0, 2.0, 1.0, 1.0, 1.0, 1.0, 2.0, 1.0, 1.0, 2.0, 1.0, 2.0, 2.0, 1.0, 1.0, 1.0, 2.0, 2.0, 2.0, 1.0], [2.0, 2.0, 2.0, 2.0, 2.0, 2.0, 4.0, 1.0, 2.0, 2.0, 2.0, 4.0, 2.0, 5.0, 5.0, 1.0, 2.0, 2.0, 2.0, 2.0, 2.0, 1.0, 1.0, 2.0, 2.0, 1.0, 1.0, 1.0, 2.0, 2.0, 2.0, 2.0, 1.0, 1.0, 1.0, 2.0, 2.0, 2.0, 1.0], [2.0, 2.0, 2.0, 2.0, 2.0, 2.0, 2.0, 1.0, 2.0, 2.0, 5.0, 5.0, 2.0, 5.0, 2.0, 1.0, 2.0, 2.0, 2.0, 2.0, 2.0, 2.0, 1.0, 2.0, 2.0, 2.0, 1.0, 1.0, 2.0, 2.0, 2.0, 2.0, 1.0, 1.0, 1.0, 2.0, 2.0, 2.0, 2.0], [2.0, 2.0, 2.0, 2.0, 4.0, 2.0, 2.0, 0.0, 2.0, 2.0, 2.0, 4.0, 2.0, 5.0, 4.0, 1.0, 2.0, 2.0, 2.0, 2.0, 2.0, 1.0, 2.0, 2.0, 1.0, 2.0, 1.0, 1.0, 2.0, 2.0, 1.0, 1.0, 1.0, 1.0, 2.0, 2.0, 2.0, 2.0, 2.0], [2.0, 2.0, 2.0, 2.0, 2.0, 2.0, 2.0, 1.0, 2.0, 2.0, 2.0, 2.0, 4.0, 5.0, 5.0, 1.0, 2.0, 2.0, 2.0, 2.0, 1.0, 1.0, 1.0, 2.0, 2.0, 2.0, 1.0, 1.0, 2.0, 2.0, 2.0, 2.0, 1.0, 2.0, 2.0, 2.0, 2.0, 2.0, 2.0], [2.0, 2.0, 2.0, 2.0, 2.0, 2.0, 2.0, 2.0, 2.0, 2.0, 5.0, 4.0, 4.0, 5.0, 2.0, 1.0, 2.0, 2.0, 2.0, 2.0, 2.0, 1.0, 1.0, 2.0, 1.0, 2.0, 1.0, 2.0, 2.0, 2.0, 2.0, 2.0, 1.0, 1.0, 1.0, 2.0, 2.0, 2.0, 2.0], [2.0, 2.0, 5.0, 2.0, 2.0, 5.0, 2.0, 2.0, 2.0, 2.0, 2.0, 4.0, 2.0, 5.0, 5.0, 1.0, 2.0, 2.0, 2.0, 2.0, 1.0, 2.0, 1.0, 2.0, 2.0, 2.0, 2.0, 1.0, 2.0, 2.0, 2.0, 2.0, 1.0, 2.0, 1.0, 2.0, 2.0, 2.0, 1.0], [2.0, 2.0, 2.0, 2.0, 2.0, 2.0, 2.0, 1.0, 2.0, 2.0, 5.0, 4.0, 2.0, 5.0, 5.0, 1.0, 2.0, 2.0, 2.0, 2.0, 2.0, 1.0, 1.0, 2.0, 1.0, 2.0, 1.0, 1.0, 2.0, 2.0, 2.0, 2.0, 1.0, 2.0, 1.0, 2.0, 2.0, 2.0, 1.0], [2.0, 2.0, 2.0, 2.0, 2.0, 2.0, 2.0, 1.0, 2.0, 2.0, 5.0, 4.0, 5.0, 2.0, 4.0, 1.0, 2.0, 2.0, 2.0, 2.0, 2.0, 1.0, 2.0, 2.0, 1.0, 2.0, 1.0, 1.0, 1.0, 1.0, 2.0, 2.0, 1.0, 2.0, 2.0, 2.0, 2.0, 2.0, 1.0], [2.0, 2.0, 2.0, 1.0, 4.0, 2.0, 2.0, 1.0, 2.0, 2.0, 2.0, 4.0, 2.0, 5.0, 2.0, 1.0, 2.0, 2.0, 5.0, 2.0, 1.0, 1.0, 1.0, 2.0, 2.0, 2.0, 1.0, 1.0, 2.0, 1.0, 2.0, 2.0, 1.0, 2.0, 1.0, 2.0, 2.0, 2.0, 2.0], [2.0, 2.0, 2.0, 2.0, 2.0, 2.0, 4.0, 1.0, 2.0, 2.0, 2.0, 2.0, 5.0, 5.0, 5.0, 1.0, 2.0, 2.0, 2.0, 2.0, 2.0, 1.0, 1.0, 1.0, 1.0, 2.0, 1.0, 1.0, 1.0, 2.0, 2.0, 2.0, 1.0, 1.0, 2.0, 2.0, 2.0, 2.0, 2.0], [2.0, 2.0, 2.0, 2.0, 2.0, 2.0, 2.0, 1.0, 2.0, 2.0, 2.0, 4.0, 5.0, 5.0, 2.0, 1.0, 2.0, 2.0, 2.0, 2.0, 2.0, 1.0, 1.0, 2.0, 2.0, 2.0, 1.0, 1.0, 2.0, 2.0, 2.0, 2.0, 1.0, 2.0, 1.0, 2.0, 2.0, 2.0, 1.0], [2.0, 2.0, 2.0, 2.0, 2.0, 2.0, 4.0, 2.0, 2.0, 2.0, 5.0, 4.0, 2.0, 5.0, 5.0, 1.0, 2.0, 2.0, 2.0, 2.0, 2.0, 1.0, 1.0, 2.0, 1.0, 2.0, 1.0, 1.0, 2.0, 2.0, 2.0, 2.0, 1.0, 2.0, 1.0, 2.0, 2.0, 2.0, 1.0], [2.0, 2.0, 2.0, 1.0, 2.0, 5.0, 2.0, 1.0, 2.0, 2.0, 2.0, 5.0, 4.0, 5.0, 2.0, 1.0, 2.0, 2.0, 2.0, 2.0, 2.0, 2.0, 2.0, 2.0, 1.0, 2.0, 1.0, 1.0, 2.0, 2.0, 2.0, 2.0, 1.0, 2.0, 2.0, 2.0, 2.0, 2.0, 1.0], [2.0, 2.0, 2.0, 2.0, 4.0, 2.0, 2.0, 1.0, 2.0, 1.0, 2.0, 4.0, 4.0, 5.0, 5.0, 1.0, 2.0, 2.0, 2.0, 2.0, 2.0, 1.0, 2.0, 1.0, 1.0, 2.0, 2.0, 1.0, 2.0, 2.0, 2.0, 2.0, 1.0, 1.0, 1.0, 2.0, 2.0, 2.0, 2.0], [2.0, 2.0, 2.0, 2.0, 2.0, 2.0, 4.0, 1.0, 2.0, 2.0, 4.0, 1.0, 5.0, 5.0, 2.0, 1.0, 2.0, 2.0, 2.0, 2.0, 2.0, 2.0, 1.0, 2.0, 1.0, 2.0, 1.0, 1.0, 2.0, 1.0, 2.0, 2.0, 1.0, 2.0, 2.0, 2.0, 2.0, 2.0, 1.0], [2.0, 2.0, 2.0, 2.0, 4.0, 2.0, 2.0, 1.0, 2.0, 2.0, 2.0, 5.0, 4.0, 5.0, 2.0, 1.0, 2.0, 2.0, 2.0, 2.0, 2.0, 1.0, 2.0, 2.0, 2.0, 1.0, 1.0, 1.0, 2.0, 1.0, 2.0, 2.0, 1.0, 2.0, 1.0, 2.0, 2.0, 2.0, 1.0], [2.0, 2.0, 2.0, 2.0, 2.0, 2.0, 2.0, 2.0, 2.0, 2.0, 2.0, 4.0, 5.0, 5.0, 4.0, 1.0, 2.0, 2.0, 2.0, 2.0, 2.0, 2.0, 1.0, 2.0, 1.0, 2.0, 1.0, 2.0, 2.0, 2.0, 2.0, 2.0, 1.0, 2.0, 2.0, 2.0, 2.0, 2.0, 1.0], [2.0, 2.0, 2.0, 1.0, 2.0, 2.0, 4.0, 1.0, 2.0, 2.0, 2.0, 2.0, 5.0, 5.0, 5.0, 1.0, 2.0, 2.0, 2.0, 2.0, 2.0, 2.0, 1.0, 1.0, 1.0, 2.0, 1.0, 1.0, 2.0, 2.0, 2.0, 2.0, 1.0, 1.0, 2.0, 2.0, 2.0, 2.0, 1.0], [2.0, 2.0, 2.0, 2.0, 2.0, 2.0, 2.0, 2.0, 2.0, 2.0, 2.0, 4.0, 5.0, 2.0, 2.0, 1.0, 2.0, 2.0, 2.0, 2.0, 2.0, 1.0, 1.0, 2.0, 1.0, 2.0, 1.0, 1.0, 1.0, 1.0, 1.0, 2.0, 1.0, 2.0, 1.0, 2.0, 2.0, 2.0, 1.0], [2.0, 2.0, 2.0, 1.0, 2.0, 2.0, 2.0, 2.0, 2.0, 2.0, 2.0, 2.0, 1.0, 5.0, 2.0, 1.0, 2.0, 2.0, 2.0, 2.0, 2.0, 2.0, 2.0, 2.0, 2.0, 2.0, 1.0, 1.0, 2.0, 2.0, 2.0, 2.0, 1.0, 1.0, 2.0, 2.0, 2.0, 2.0, 2.0], [2.0, 2.0, 2.0, 0.0, 4.0, 4.0, 2.0, 1.0, 2.0, 2.0, 2.0, 4.0, 5.0, 5.0, 5.0, 1.0, 2.0, 2.0, 2.0, 2.0, 2.0, 1.0, 1.0, 2.0, 1.0, 2.0, 1.0, 1.0, 1.0, 2.0, 2.0, 2.0, 1.0, 1.0, 2.0, 2.0, 2.0, 2.0, 1.0], [2.0, 2.0, 2.0, 2.0, 4.0, 5.0, 2.0, 1.0, 2.0, 2.0, 2.0, 5.0, 5.0, 5.0, 2.0, 1.0, 2.0, 2.0, 5.0, 2.0, 2.0, 1.0, 1.0, 2.0, 1.0, 2.0, 1.0, 2.0, 2.0, 2.0, 2.0, 1.0, 1.0, 2.0, 1.0, 2.0, 2.0, 2.0, 1.0], [2.0, 2.0, 2.0, 2.0, 4.0, 5.0, 2.0, 1.0, 2.0, 2.0, 2.0, 4.0, 2.0, 5.0, 5.0, 1.0, 2.0, 2.0, 2.0, 2.0, 2.0, 2.0, 1.0, 2.0, 1.0, 2.0, 1.0, 1.0, 2.0, 1.0, 2.0, 2.0, 1.0, 2.0, 1.0, 2.0, 2.0, 2.0, 1.0], [2.0, 2.0, 5.0, 2.0, 2.0, 2.0, 4.0, 2.0, 2.0, 2.0, 5.0, 4.0, 5.0, 2.0, 2.0, 1.0, 2.0, 2.0, 5.0, 2.0, 2.0, 2.0, 2.0, 1.0, 1.0, 2.0, 1.0, 1.0, 1.0, 2.0, 2.0, 2.0, 1.0, 1.0, 1.0, 2.0, 2.0, 2.0, 2.0]]

first layer check: Conv2d(9, 64, kernel_size=(7, 7), stride=(2, 2), padding=(3, 3), bias=False)

for model 1: mode acc: 0.43589743971824646, run mean acc: 0.43166664242744446, top-2 acc:0.6166666150093079, mode f1: 0.43589743971824646

model 1 mode preds
[2.0, 2.0, 2.0, 1.0, 2.0, 2.0, 5.0, 1.0, 2.0, 1.0, 3.0, 2.0, 2.0, 5.0, 2.0, 1.0, 2.0, 2.0, 2.0, 2.0, 2.0, 1.0, 1.0, 1.0, 1.0, 2.0, 1.0, 1.0, 1.0, 2.0, 1.0, 1.0, 1.0, 1.0, 1.0, 2.0, 2.0, 2.0, 1.0]

model 1 all preds
[[2.0, 2.0, 3.0, 5.0, 2.0, 2.0, 2.0, 1.0, 2.0, 3.0, 3.0, 3.0, 5.0, 5.0, 2.0, 1.0, 2.0, 2.0, 2.0, 2.0, 2.0, 1.0, 1.0, 1.0, 1.0, 2.0, 1.0, 1.0, 1.0, 2.0, 1.0, 1.0, 1.0, 2.0, 1.0, 2.0, 2.0, 2.0, 1.0], [2.0, 2.0, 3.0, 3.0, 5.0, 2.0, 5.0, 3.0, 2.0, 1.0, 3.0, 2.0, 2.0, 5.0, 2.0, 1.0, 2.0, 1.0, 5.0, 5.0, 2.0, 2.0, 1.0, 1.0, 1.0, 2.0, 1.0, 1.0, 2.0, 2.0, 1.0, 2.0, 1.0, 1.0, 1.0, 2.0, 2.0, 5.0, 1.0], [2.0, 2.0, 2.0, 3.0, 2.0, 2.0, 2.0, 1.0, 2.0, 3.0, 1.0, 1.0, 5.0, 5.0, 2.0, 1.0, 2.0, 2.0, 5.0, 5.0, 1.0, 1.0, 1.0, 2.0, 1.0, 1.0, 1.0, 1.0, 2.0, 2.0, 1.0, 2.0, 1.0, 1.0, 2.0, 2.0, 2.0, 2.0, 1.0], [2.0, 2.0, 2.0, 5.0, 2.0, 2.0, 5.0, 3.0, 2.0, 2.0, 3.0, 2.0, 2.0, 5.0, 2.0, 1.0, 2.0, 2.0, 2.0, 5.0, 2.0, 1.0, 1.0, 1.0, 1.0, 2.0, 1.0, 1.0, 1.0, 2.0, 2.0, 1.0, 1.0, 1.0, 2.0, 2.0, 2.0, 2.0, 1.0], [2.0, 2.0, 2.0, 3.0, 2.0, 2.0, 5.0, 3.0, 2.0, 3.0, 1.0, 2.0, 2.0, 2.0, 2.0, 1.0, 2.0, 2.0, 5.0, 2.0, 2.0, 1.0, 1.0, 1.0, 1.0, 1.0, 1.0, 1.0, 2.0, 2.0, 2.0, 3.0, 1.0, 1.0, 2.0, 2.0, 2.0, 2.0, 1.0], [2.0, 2.0, 2.0, 2.0, 2.0, 2.0, 5.0, 1.0, 2.0, 1.0, 5.0, 2.0, 2.0, 2.0, 2.0, 1.0, 2.0, 2.0, 5.0, 5.0, 2.0, 1.0, 1.0, 1.0, 1.0, 2.0, 1.0, 1.0, 2.0, 2.0, 1.0, 1.0, 1.0, 1.0, 1.0, 2.0, 2.0, 2.0, 1.0], [1.0, 5.0, 2.0, 3.0, 2.0, 2.0, 5.0, 1.0, 2.0, 3.0, 3.0, 2.0, 2.0, 5.0, 2.0, 1.0, 2.0, 1.0, 5.0, 5.0, 2.0, 1.0, 1.0, 1.0, 1.0, 2.0, 1.0, 1.0, 1.0, 2.0, 1.0, 1.0, 1.0, 2.0, 2.0, 2.0, 2.0, 2.0, 1.0], [2.0, 2.0, 2.0, 5.0, 2.0, 2.0, 2.0, 1.0, 2.0, 2.0, 3.0, 2.0, 5.0, 2.0, 2.0, 1.0, 2.0, 2.0, 2.0, 2.0, 1.0, 1.0, 2.0, 1.0, 1.0, 2.0, 1.0, 1.0, 1.0, 2.0, 1.0, 3.0, 1.0, 1.0, 1.0, 2.0, 2.0, 2.0, 1.0], [1.0, 2.0, 2.0, 1.0, 2.0, 2.0, 3.0, 1.0, 2.0, 1.0, 1.0, 3.0, 5.0, 5.0, 5.0, 1.0, 2.0, 2.0, 2.0, 2.0, 2.0, 1.0, 1.0, 2.0, 1.0, 1.0, 1.0, 1.0, 1.0, 2.0, 1.0, 2.0, 1.0, 1.0, 1.0, 2.0, 2.0, 5.0, 1.0], [2.0, 2.0, 2.0, 1.0, 2.0, 2.0, 4.0, 1.0, 2.0, 3.0, 2.0, 2.0, 5.0, 5.0, 2.0, 1.0, 2.0, 2.0, 2.0, 2.0, 2.0, 1.0, 1.0, 1.0, 1.0, 2.0, 1.0, 1.0, 1.0, 2.0, 2.0, 1.0, 1.0, 1.0, 1.0, 2.0, 2.0, 5.0, 1.0], [2.0, 2.0, 2.0, 1.0, 2.0, 5.0, 2.0, 1.0, 2.0, 1.0, 3.0, 2.0, 5.0, 5.0, 2.0, 1.0, 2.0, 2.0, 2.0, 2.0, 1.0, 1.0, 1.0, 1.0, 1.0, 2.0, 1.0, 1.0, 1.0, 1.0, 1.0, 2.0, 1.0, 1.0, 2.0, 2.0, 2.0, 2.0, 1.0], [2.0, 5.0, 2.0, 3.0, 2.0, 5.0, 2.0, 1.0, 2.0, 1.0, 3.0, 2.0, 5.0, 5.0, 2.0, 1.0, 2.0, 2.0, 2.0, 2.0, 1.0, 1.0, 1.0, 1.0, 1.0, 2.0, 1.0, 1.0, 1.0, 2.0, 2.0, 1.0, 1.0, 1.0, 1.0, 2.0, 2.0, 2.0, 1.0], [2.0, 2.0, 2.0, 1.0, 2.0, 2.0, 5.0, 1.0, 2.0, 2.0, 3.0, 2.0, 2.0, 5.0, 2.0, 1.0, 2.0, 2.0, 5.0, 2.0, 1.0, 1.0, 1.0, 1.0, 1.0, 2.0, 1.0, 1.0, 2.0, 2.0, 1.0, 2.0, 1.0, 1.0, 1.0, 2.0, 2.0, 5.0, 1.0], [2.0, 5.0, 2.0, 1.0, 2.0, 5.0, 2.0, 1.0, 2.0, 1.0, 3.0, 2.0, 2.0, 5.0, 5.0, 1.0, 2.0, 2.0, 5.0, 2.0, 1.0, 1.0, 2.0, 2.0, 1.0, 2.0, 1.0, 1.0, 1.0, 2.0, 1.0, 1.0, 1.0, 1.0, 1.0, 2.0, 2.0, 5.0, 1.0], [2.0, 2.0, 2.0, 1.0, 2.0, 2.0, 5.0, 1.0, 2.0, 1.0, 1.0, 3.0, 2.0, 5.0, 2.0, 1.0, 2.0, 2.0, 2.0, 5.0, 1.0, 1.0, 1.0, 1.0, 1.0, 2.0, 1.0, 1.0, 1.0, 2.0, 2.0, 1.0, 1.0, 1.0, 1.0, 2.0, 2.0, 2.0, 1.0], [2.0, 2.0, 2.0, 1.0, 2.0, 2.0, 5.0, 1.0, 2.0, 3.0, 3.0, 2.0, 2.0, 5.0, 2.0, 1.0, 2.0, 2.0, 2.0, 5.0, 2.0, 1.0, 1.0, 1.0, 1.0, 1.0, 1.0, 1.0, 1.0, 2.0, 1.0, 1.0, 1.0, 1.0, 1.0, 1.0, 2.0, 5.0, 1.0], [2.0, 2.0, 2.0, 1.0, 2.0, 2.0, 2.0, 1.0, 2.0, 3.0, 2.0, 3.0, 2.0, 5.0, 2.0, 1.0, 2.0, 2.0, 5.0, 5.0, 2.0, 1.0, 1.0, 1.0, 1.0, 1.0, 1.0, 1.0, 2.0, 2.0, 2.0, 1.0, 1.0, 1.0, 1.0, 2.0, 2.0, 2.0, 1.0], [2.0, 2.0, 2.0, 5.0, 2.0, 2.0, 5.0, 1.0, 2.0, 1.0, 2.0, 2.0, 2.0, 2.0, 5.0, 1.0, 2.0, 2.0, 5.0, 5.0, 2.0, 2.0, 1.0, 1.0, 1.0, 1.0, 1.0, 1.0, 2.0, 2.0, 1.0, 2.0, 1.0, 1.0, 1.0, 2.0, 2.0, 2.0, 1.0], [4.0, 2.0, 2.0, 3.0, 2.0, 2.0, 5.0, 1.0, 2.0, 2.0, 1.0, 3.0, 5.0, 2.0, 2.0, 1.0, 2.0, 2.0, 5.0, 2.0, 2.0, 1.0, 1.0, 2.0, 1.0, 2.0, 1.0, 1.0, 2.0, 2.0, 1.0, 1.0, 1.0, 1.0, 2.0, 2.0, 2.0, 2.0, 1.0], [2.0, 2.0, 2.0, 3.0, 2.0, 2.0, 3.0, 1.0, 2.0, 3.0, 1.0, 2.0, 5.0, 5.0, 2.0, 1.0, 2.0, 2.0, 2.0, 2.0, 1.0, 2.0, 1.0, 1.0, 1.0, 1.0, 1.0, 1.0, 1.0, 2.0, 1.0, 2.0, 2.0, 1.0, 2.0, 2.0, 2.0, 2.0, 1.0], [2.0, 2.0, 2.0, 1.0, 2.0, 2.0, 5.0, 1.0, 2.0, 3.0, 1.0, 2.0, 2.0, 5.0, 2.0, 1.0, 2.0, 2.0, 2.0, 5.0, 2.0, 1.0, 1.0, 1.0, 1.0, 2.0, 1.0, 1.0, 1.0, 2.0, 1.0, 2.0, 1.0, 1.0, 2.0, 2.0, 2.0, 2.0, 1.0], [2.0, 2.0, 2.0, 3.0, 2.0, 2.0, 2.0, 3.0, 2.0, 1.0, 2.0, 2.0, 5.0, 5.0, 2.0, 1.0, 2.0, 2.0, 2.0, 2.0, 1.0, 1.0, 1.0, 1.0, 1.0, 2.0, 1.0, 1.0, 2.0, 1.0, 1.0, 1.0, 1.0, 1.0, 2.0, 2.0, 2.0, 2.0, 1.0], [2.0, 2.0, 2.0, 3.0, 2.0, 2.0, 5.0, 1.0, 2.0, 3.0, 3.0, 2.0, 2.0, 5.0, 2.0, 1.0, 2.0, 2.0, 5.0, 2.0, 2.0, 1.0, 1.0, 1.0, 1.0, 2.0, 1.0, 1.0, 1.0, 1.0, 1.0, 2.0, 1.0, 1.0, 2.0, 2.0, 2.0, 2.0, 1.0], [4.0, 2.0, 2.0, 3.0, 2.0, 2.0, 2.0, 1.0, 2.0, 1.0, 2.0, 2.0, 5.0, 5.0, 2.0, 1.0, 2.0, 2.0, 2.0, 2.0, 2.0, 1.0, 1.0, 2.0, 1.0, 1.0, 1.0, 1.0, 1.0, 2.0, 1.0, 2.0, 1.0, 1.0, 1.0, 2.0, 2.0, 2.0, 1.0], [2.0, 5.0, 2.0, 1.0, 2.0, 2.0, 5.0, 1.0, 2.0, 1.0, 3.0, 2.0, 5.0, 5.0, 2.0, 1.0, 2.0, 2.0, 5.0, 5.0, 2.0, 1.0, 1.0, 1.0, 1.0, 2.0, 1.0, 1.0, 2.0, 2.0, 1.0, 1.0, 1.0, 1.0, 1.0, 2.0, 2.0, 2.0, 1.0], [1.0, 5.0, 2.0, 3.0, 2.0, 2.0, 5.0, 1.0, 2.0, 1.0, 1.0, 2.0, 2.0, 5.0, 2.0, 1.0, 2.0, 2.0, 2.0, 2.0, 1.0, 1.0, 2.0, 1.0, 1.0, 1.0, 1.0, 1.0, 2.0, 2.0, 1.0, 2.0, 1.0, 1.0, 1.0, 2.0, 2.0, 5.0, 1.0], [1.0, 2.0, 3.0, 3.0, 2.0, 2.0, 2.0, 3.0, 2.0, 1.0, 1.0, 1.0, 5.0, 5.0, 2.0, 1.0, 2.0, 2.0, 5.0, 5.0, 1.0, 1.0, 1.0, 1.0, 1.0, 1.0, 1.0, 1.0, 1.0, 2.0, 1.0, 1.0, 1.0, 1.0, 1.0, 2.0, 2.0, 2.0, 1.0], [2.0, 2.0, 2.0, 1.0, 2.0, 2.0, 4.0, 1.0, 2.0, 3.0, 2.0, 2.0, 2.0, 5.0, 2.0, 1.0, 2.0, 2.0, 2.0, 2.0, 2.0, 1.0, 1.0, 1.0, 1.0, 1.0, 1.0, 1.0, 1.0, 2.0, 1.0, 2.0, 1.0, 1.0, 1.0, 2.0, 2.0, 2.0, 1.0], [2.0, 2.0, 3.0, 1.0, 2.0, 2.0, 2.0, 1.0, 2.0, 3.0, 1.0, 2.0, 5.0, 5.0, 5.0, 1.0, 2.0, 1.0, 2.0, 2.0, 2.0, 1.0, 2.0, 1.0, 1.0, 2.0, 1.0, 1.0, 1.0, 2.0, 1.0, 1.0, 1.0, 2.0, 1.0, 2.0, 2.0, 2.0, 1.0], [2.0, 2.0, 2.0, 1.0, 2.0, 2.0, 4.0, 1.0, 2.0, 1.0, 3.0, 3.0, 2.0, 5.0, 2.0, 1.0, 2.0, 2.0, 5.0, 2.0, 1.0, 1.0, 1.0, 1.0, 1.0, 2.0, 1.0, 1.0, 2.0, 2.0, 1.0, 1.0, 1.0, 1.0, 1.0, 2.0, 2.0, 2.0, 1.0], [1.0, 2.0, 2.0, 1.0, 2.0, 2.0, 5.0, 1.0, 2.0, 1.0, 2.0, 2.0, 2.0, 5.0, 2.0, 1.0, 2.0, 2.0, 2.0, 2.0, 2.0, 1.0, 1.0, 2.0, 1.0, 2.0, 1.0, 1.0, 1.0, 2.0, 1.0, 1.0, 1.0, 1.0, 1.0, 2.0, 2.0, 2.0, 1.0], [2.0, 2.0, 2.0, 1.0, 2.0, 2.0, 5.0, 1.0, 2.0, 1.0, 3.0, 2.0, 2.0, 5.0, 2.0, 1.0, 2.0, 2.0, 2.0, 5.0, 1.0, 1.0, 1.0, 2.0, 1.0, 2.0, 1.0, 1.0, 1.0, 1.0, 1.0, 1.0, 1.0, 2.0, 1.0, 2.0, 2.0, 2.0, 1.0], [3.0, 2.0, 5.0, 1.0, 2.0, 2.0, 5.0, 1.0, 2.0, 3.0, 5.0, 1.0, 5.0, 5.0, 2.0, 1.0, 2.0, 2.0, 2.0, 5.0, 2.0, 1.0, 1.0, 1.0, 1.0, 2.0, 1.0, 1.0, 1.0, 2.0, 1.0, 2.0, 1.0, 1.0, 2.0, 1.0, 2.0, 2.0, 1.0], [3.0, 2.0, 2.0, 1.0, 2.0, 2.0, 2.0, 1.0, 2.0, 1.0, 3.0, 2.0, 5.0, 5.0, 2.0, 1.0, 2.0, 2.0, 5.0, 2.0, 2.0, 1.0, 1.0, 2.0, 1.0, 1.0, 1.0, 1.0, 1.0, 2.0, 2.0, 2.0, 1.0, 1.0, 2.0, 2.0, 2.0, 2.0, 1.0], [2.0, 2.0, 2.0, 3.0, 2.0, 2.0, 2.0, 1.0, 2.0, 3.0, 3.0, 2.0, 2.0, 5.0, 2.0, 1.0, 2.0, 2.0, 5.0, 2.0, 2.0, 1.0, 1.0, 2.0, 1.0, 2.0, 1.0, 1.0, 1.0, 2.0, 1.0, 1.0, 1.0, 1.0, 1.0, 2.0, 2.0, 5.0, 1.0], [2.0, 2.0, 3.0, 1.0, 2.0, 2.0, 2.0, 1.0, 2.0, 3.0, 3.0, 2.0, 2.0, 5.0, 5.0, 1.0, 2.0, 2.0, 2.0, 5.0, 2.0, 2.0, 1.0, 1.0, 1.0, 2.0, 1.0, 1.0, 2.0, 2.0, 1.0, 1.0, 1.0, 1.0, 1.0, 1.0, 2.0, 2.0, 1.0], [2.0, 2.0, 2.0, 1.0, 2.0, 5.0, 5.0, 1.0, 2.0, 1.0, 3.0, 2.0, 2.0, 5.0, 2.0, 1.0, 2.0, 2.0, 5.0, 5.0, 2.0, 1.0, 1.0, 2.0, 1.0, 1.0, 1.0, 1.0, 1.0, 1.0, 1.0, 2.0, 1.0, 1.0, 1.0, 2.0, 2.0, 2.0, 1.0], [1.0, 2.0, 5.0, 1.0, 2.0, 2.0, 2.0, 3.0, 2.0, 2.0, 1.0, 2.0, 2.0, 5.0, 2.0, 1.0, 2.0, 1.0, 5.0, 2.0, 2.0, 1.0, 1.0, 2.0, 1.0, 1.0, 1.0, 1.0, 2.0, 2.0, 1.0, 1.0, 1.0, 1.0, 2.0, 2.0, 2.0, 2.0, 1.0], [2.0, 2.0, 5.0, 3.0, 2.0, 2.0, 5.0, 1.0, 2.0, 1.0, 3.0, 2.0, 5.0, 5.0, 2.0, 1.0, 2.0, 2.0, 2.0, 5.0, 1.0, 1.0, 1.0, 1.0, 1.0, 2.0, 1.0, 1.0, 2.0, 2.0, 2.0, 2.0, 1.0, 1.0, 1.0, 5.0, 2.0, 2.0, 1.0], [2.0, 2.0, 2.0, 3.0, 2.0, 2.0, 5.0, 1.0, 2.0, 1.0, 1.0, 1.0, 2.0, 5.0, 2.0, 1.0, 2.0, 2.0, 2.0, 2.0, 2.0, 1.0, 1.0, 1.0, 1.0, 1.0, 1.0, 1.0, 2.0, 2.0, 1.0, 1.0, 1.0, 1.0, 1.0, 5.0, 2.0, 5.0, 1.0], [2.0, 2.0, 2.0, 5.0, 2.0, 2.0, 5.0, 3.0, 2.0, 1.0, 3.0, 5.0, 5.0, 5.0, 2.0, 1.0, 2.0, 2.0, 2.0, 2.0, 2.0, 1.0, 2.0, 2.0, 1.0, 2.0, 1.0, 1.0, 1.0, 1.0, 1.0, 1.0, 1.0, 1.0, 1.0, 2.0, 2.0, 5.0, 1.0], [2.0, 2.0, 2.0, 1.0, 2.0, 2.0, 5.0, 1.0, 2.0, 3.0, 2.0, 2.0, 5.0, 5.0, 2.0, 1.0, 1.0, 1.0, 5.0, 2.0, 2.0, 2.0, 1.0, 1.0, 1.0, 1.0, 1.0, 1.0, 1.0, 1.0, 1.0, 2.0, 1.0, 1.0, 1.0, 2.0, 2.0, 5.0, 1.0], [2.0, 5.0, 2.0, 1.0, 2.0, 2.0, 2.0, 1.0, 2.0, 1.0, 2.0, 1.0, 5.0, 2.0, 2.0, 1.0, 2.0, 2.0, 5.0, 5.0, 2.0, 1.0, 1.0, 1.0, 1.0, 1.0, 1.0, 1.0, 1.0, 1.0, 1.0, 1.0, 1.0, 1.0, 2.0, 1.0, 2.0, 2.0, 1.0], [2.0, 2.0, 2.0, 1.0, 2.0, 2.0, 5.0, 1.0, 2.0, 3.0, 2.0, 2.0, 5.0, 2.0, 2.0, 1.0, 2.0, 1.0, 2.0, 5.0, 2.0, 1.0, 1.0, 1.0, 1.0, 2.0, 1.0, 1.0, 2.0, 2.0, 1.0, 2.0, 1.0, 2.0, 1.0, 2.0, 2.0, 2.0, 1.0], [1.0, 2.0, 2.0, 1.0, 5.0, 5.0, 2.0, 1.0, 2.0, 3.0, 1.0, 2.0, 2.0, 5.0, 2.0, 1.0, 2.0, 2.0, 5.0, 2.0, 2.0, 2.0, 1.0, 1.0, 1.0, 2.0, 1.0, 1.0, 1.0, 2.0, 1.0, 1.0, 1.0, 1.0, 1.0, 2.0, 2.0, 2.0, 1.0], [1.0, 5.0, 2.0, 3.0, 2.0, 2.0, 5.0, 1.0, 2.0, 1.0, 1.0, 3.0, 2.0, 5.0, 2.0, 1.0, 2.0, 2.0, 2.0, 2.0, 1.0, 1.0, 2.0, 1.0, 1.0, 1.0, 1.0, 1.0, 2.0, 2.0, 1.0, 2.0, 1.0, 1.0, 1.0, 2.0, 2.0, 2.0, 1.0], [2.0, 2.0, 2.0, 3.0, 2.0, 2.0, 5.0, 1.0, 2.0, 3.0, 2.0, 2.0, 2.0, 5.0, 2.0, 1.0, 2.0, 2.0, 2.0, 5.0, 2.0, 1.0, 1.0, 1.0, 1.0, 2.0, 1.0, 1.0, 2.0, 2.0, 1.0, 1.0, 1.0, 1.0, 1.0, 2.0, 2.0, 2.0, 1.0], [4.0, 2.0, 2.0, 1.0, 2.0, 2.0, 5.0, 1.0, 2.0, 3.0, 2.0, 2.0, 5.0, 5.0, 2.0, 1.0, 2.0, 2.0, 2.0, 5.0, 1.0, 1.0, 1.0, 1.0, 1.0, 2.0, 1.0, 1.0, 1.0, 1.0, 1.0, 3.0, 1.0, 1.0, 1.0, 2.0, 2.0, 2.0, 1.0], [2.0, 2.0, 2.0, 1.0, 2.0, 2.0, 2.0, 1.0, 2.0, 2.0, 3.0, 3.0, 5.0, 2.0, 5.0, 1.0, 2.0, 2.0, 2.0, 5.0, 2.0, 1.0, 1.0, 1.0, 1.0, 2.0, 1.0, 1.0, 2.0, 2.0, 1.0, 1.0, 1.0, 1.0, 2.0, 2.0, 2.0, 5.0, 1.0], [2.0, 2.0, 5.0, 3.0, 2.0, 2.0, 2.0, 1.0, 2.0, 3.0, 3.0, 2.0, 2.0, 5.0, 2.0, 1.0, 2.0, 1.0, 5.0, 2.0, 2.0, 1.0, 1.0, 1.0, 1.0, 2.0, 1.0, 1.0, 1.0, 1.0, 1.0, 2.0, 1.0, 1.0, 1.0, 2.0, 2.0, 5.0, 1.0]]

first layer check: Conv2d(9, 64, kernel_size=(7, 7), stride=(2, 2), padding=(3, 3), bias=False)

for model 2: mode acc: 0.3076923191547394, run mean acc: 0.3266666531562805, top-2 acc:0.6016666889190674, mode f1: 0.3076923191547394

model 2 mode preds
[4.0, 4.0, 3.0, 3.0, 4.0, 4.0, 5.0, 0.0, 3.0, 3.0, 3.0, 2.0, 0.0, 5.0, 2.0, 2.0, 3.0, 2.0, 4.0, 4.0, 2.0, 2.0, 2.0, 1.0, 1.0, 2.0, 0.0, 1.0, 0.0, 2.0, 1.0, 3.0, 1.0, 3.0, 2.0, 3.0, 3.0, 4.0, 3.0]

model 2 all preds
[[2.0, 4.0, 3.0, 3.0, 2.0, 5.0, 5.0, 3.0, 3.0, 3.0, 2.0, 3.0, 0.0, 5.0, 2.0, 2.0, 3.0, 2.0, 5.0, 3.0, 2.0, 2.0, 2.0, 1.0, 1.0, 5.0, 0.0, 0.0, 3.0, 2.0, 0.0, 3.0, 3.0, 3.0, 2.0, 3.0, 3.0, 5.0, 1.0], [4.0, 3.0, 3.0, 3.0, 2.0, 4.0, 5.0, 0.0, 2.0, 3.0, 3.0, 2.0, 3.0, 5.0, 2.0, 2.0, 2.0, 2.0, 4.0, 3.0, 1.0, 2.0, 2.0, 1.0, 1.0, 2.0, 3.0, 1.0, 3.0, 2.0, 1.0, 3.0, 1.0, 3.0, 2.0, 4.0, 3.0, 4.0, 3.0], [2.0, 5.0, 3.0, 0.0, 4.0, 4.0, 5.0, 0.0, 3.0, 3.0, 3.0, 2.0, 4.0, 4.0, 2.0, 2.0, 3.0, 2.0, 4.0, 3.0, 2.0, 1.0, 1.0, 3.0, 1.0, 2.0, 0.0, 3.0, 3.0, 2.0, 1.0, 3.0, 1.0, 1.0, 2.0, 2.0, 3.0, 5.0, 3.0], [4.0, 4.0, 2.0, 3.0, 4.0, 3.0, 5.0, 1.0, 3.0, 3.0, 4.0, 5.0, 4.0, 5.0, 2.0, 2.0, 3.0, 4.0, 4.0, 4.0, 2.0, 1.0, 1.0, 1.0, 1.0, 3.0, 3.0, 1.0, 3.0, 2.0, 1.0, 1.0, 1.0, 3.0, 2.0, 3.0, 3.0, 4.0, 1.0], [3.0, 4.0, 4.0, 3.0, 4.0, 4.0, 5.0, 0.0, 3.0, 3.0, 3.0, 2.0, 3.0, 5.0, 5.0, 2.0, 2.0, 2.0, 5.0, 4.0, 2.0, 1.0, 2.0, 1.0, 1.0, 2.0, 1.0, 1.0, 0.0, 2.0, 2.0, 2.0, 1.0, 3.0, 2.0, 3.0, 3.0, 5.0, 1.0], [4.0, 4.0, 2.0, 0.0, 4.0, 3.0, 5.0, 1.0, 2.0, 3.0, 3.0, 2.0, 0.0, 5.0, 5.0, 2.0, 3.0, 3.0, 5.0, 3.0, 2.0, 2.0, 2.0, 1.0, 1.0, 3.0, 0.0, 0.0, 0.0, 2.0, 1.0, 3.0, 1.0, 3.0, 2.0, 2.0, 3.0, 4.0, 1.0], [2.0, 4.0, 2.0, 0.0, 4.0, 4.0, 4.0, 3.0, 3.0, 3.0, 3.0, 2.0, 0.0, 4.0, 2.0, 2.0, 2.0, 2.0, 5.0, 4.0, 2.0, 2.0, 2.0, 1.0, 1.0, 2.0, 1.0, 1.0, 3.0, 2.0, 0.0, 2.0, 1.0, 3.0, 2.0, 2.0, 3.0, 4.0, 3.0], [4.0, 4.0, 2.0, 3.0, 4.0, 4.0, 5.0, 0.0, 4.0, 3.0, 3.0, 2.0, 1.0, 4.0, 2.0, 2.0, 2.0, 2.0, 4.0, 4.0, 2.0, 1.0, 2.0, 1.0, 1.0, 2.0, 1.0, 1.0, 1.0, 2.0, 1.0, 3.0, 1.0, 1.0, 2.0, 2.0, 3.0, 4.0, 1.0], [4.0, 4.0, 3.0, 3.0, 4.0, 4.0, 5.0, 1.0, 4.0, 3.0, 3.0, 2.0, 0.0, 5.0, 2.0, 2.0, 3.0, 3.0, 4.0, 4.0, 2.0, 1.0, 2.0, 1.0, 1.0, 3.0, 0.0, 1.0, 3.0, 2.0, 0.0, 3.0, 3.0, 3.0, 2.0, 2.0, 3.0, 4.0, 3.0], [4.0, 5.0, 5.0, 3.0, 4.0, 4.0, 4.0, 0.0, 2.0, 1.0, 3.0, 2.0, 3.0, 4.0, 2.0, 2.0, 3.0, 0.0, 4.0, 4.0, 2.0, 2.0, 2.0, 3.0, 1.0, 3.0, 0.0, 1.0, 0.0, 2.0, 1.0, 3.0, 3.0, 1.0, 2.0, 4.0, 3.0, 5.0, 3.0], [4.0, 4.0, 5.0, 3.0, 4.0, 4.0, 4.0, 0.0, 3.0, 3.0, 3.0, 5.0, 0.0, 5.0, 2.0, 2.0, 2.0, 2.0, 5.0, 4.0, 2.0, 2.0, 2.0, 1.0, 1.0, 3.0, 1.0, 1.0, 0.0, 2.0, 1.0, 3.0, 1.0, 3.0, 2.0, 2.0, 3.0, 4.0, 3.0], [5.0, 4.0, 0.0, 3.0, 4.0, 4.0, 5.0, 1.0, 3.0, 3.0, 3.0, 5.0, 3.0, 4.0, 2.0, 2.0, 3.0, 3.0, 4.0, 3.0, 2.0, 1.0, 2.0, 1.0, 1.0, 2.0, 2.0, 1.0, 0.0, 2.0, 0.0, 3.0, 1.0, 3.0, 2.0, 4.0, 3.0, 4.0, 3.0], [3.0, 4.0, 3.0, 3.0, 4.0, 4.0, 5.0, 0.0, 3.0, 3.0, 3.0, 5.0, 5.0, 4.0, 2.0, 2.0, 2.0, 2.0, 4.0, 4.0, 2.0, 1.0, 2.0, 1.0, 1.0, 2.0, 1.0, 1.0, 1.0, 2.0, 0.0, 2.0, 2.0, 3.0, 2.0, 4.0, 3.0, 4.0, 1.0], [2.0, 4.0, 2.0, 0.0, 3.0, 5.0, 4.0, 0.0, 3.0, 3.0, 3.0, 4.0, 4.0, 5.0, 2.0, 2.0, 3.0, 2.0, 4.0, 4.0, 2.0, 1.0, 2.0, 3.0, 1.0, 2.0, 0.0, 0.0, 0.0, 3.0, 2.0, 1.0, 1.0, 3.0, 2.0, 3.0, 3.0, 5.0, 3.0], [2.0, 3.0, 0.0, 0.0, 4.0, 4.0, 4.0, 3.0, 3.0, 3.0, 4.0, 5.0, 2.0, 5.0, 2.0, 2.0, 3.0, 2.0, 4.0, 4.0, 3.0, 2.0, 2.0, 1.0, 1.0, 2.0, 1.0, 0.0, 3.0, 2.0, 0.0, 3.0, 1.0, 3.0, 2.0, 3.0, 3.0, 5.0, 3.0], [2.0, 3.0, 3.0, 3.0, 4.0, 4.0, 4.0, 0.0, 3.0, 3.0, 3.0, 2.0, 2.0, 4.0, 2.0, 2.0, 3.0, 4.0, 4.0, 4.0, 2.0, 2.0, 2.0, 1.0, 1.0, 2.0, 0.0, 3.0, 0.0, 2.0, 0.0, 3.0, 1.0, 1.0, 2.0, 4.0, 3.0, 4.0, 3.0], [4.0, 4.0, 3.0, 0.0, 3.0, 4.0, 4.0, 0.0, 3.0, 3.0, 4.0, 5.0, 3.0, 5.0, 2.0, 2.0, 2.0, 2.0, 4.0, 4.0, 2.0, 2.0, 1.0, 1.0, 1.0, 2.0, 0.0, 1.0, 0.0, 1.0, 1.0, 3.0, 3.0, 3.0, 2.0, 3.0, 3.0, 4.0, 1.0], [4.0, 4.0, 3.0, 3.0, 4.0, 4.0, 5.0, 0.0, 3.0, 3.0, 3.0, 2.0, 3.0, 5.0, 5.0, 2.0, 2.0, 2.0, 4.0, 4.0, 2.0, 2.0, 2.0, 1.0, 1.0, 2.0, 2.0, 0.0, 3.0, 2.0, 1.0, 3.0, 3.0, 3.0, 2.0, 3.0, 3.0, 4.0, 1.0], [2.0, 4.0, 3.0, 0.0, 3.0, 4.0, 5.0, 3.0, 3.0, 3.0, 4.0, 5.0, 1.0, 4.0, 2.0, 2.0, 2.0, 2.0, 5.0, 4.0, 2.0, 2.0, 2.0, 1.0, 1.0, 2.0, 3.0, 1.0, 0.0, 2.0, 1.0, 3.0, 1.0, 3.0, 2.0, 4.0, 3.0, 4.0, 1.0], [4.0, 4.0, 2.0, 3.0, 4.0, 4.0, 4.0, 0.0, 4.0, 3.0, 3.0, 2.0, 0.0, 5.0, 2.0, 2.0, 3.0, 4.0, 5.0, 3.0, 2.0, 2.0, 2.0, 1.0, 1.0, 2.0, 3.0, 1.0, 3.0, 2.0, 1.0, 2.0, 2.0, 1.0, 2.0, 3.0, 3.0, 4.0, 3.0], [2.0, 5.0, 2.0, 0.0, 4.0, 4.0, 4.0, 0.0, 3.0, 3.0, 3.0, 2.0, 4.0, 4.0, 2.0, 2.0, 3.0, 2.0, 4.0, 4.0, 1.0, 2.0, 2.0, 1.0, 1.0, 2.0, 0.0, 1.0, 3.0, 2.0, 1.0, 3.0, 1.0, 1.0, 2.0, 3.0, 3.0, 4.0, 3.0], [4.0, 4.0, 3.0, 3.0, 4.0, 4.0, 4.0, 3.0, 3.0, 3.0, 3.0, 2.0, 4.0, 5.0, 2.0, 2.0, 3.0, 3.0, 4.0, 4.0, 1.0, 2.0, 2.0, 1.0, 1.0, 2.0, 3.0, 3.0, 1.0, 2.0, 1.0, 2.0, 2.0, 1.0, 2.0, 4.0, 3.0, 4.0, 1.0], [4.0, 4.0, 4.0, 1.0, 4.0, 4.0, 5.0, 0.0, 3.0, 3.0, 3.0, 3.0, 4.0, 4.0, 5.0, 2.0, 2.0, 2.0, 4.0, 4.0, 2.0, 1.0, 2.0, 3.0, 1.0, 2.0, 0.0, 1.0, 3.0, 2.0, 1.0, 2.0, 1.0, 3.0, 2.0, 2.0, 3.0, 4.0, 3.0], [3.0, 4.0, 4.0, 3.0, 3.0, 5.0, 4.0, 0.0, 3.0, 3.0, 4.0, 4.0, 3.0, 5.0, 2.0, 2.0, 3.0, 4.0, 4.0, 4.0, 2.0, 1.0, 2.0, 1.0, 1.0, 2.0, 0.0, 0.0, 1.0, 2.0, 1.0, 2.0, 3.0, 3.0, 2.0, 4.0, 3.0, 4.0, 3.0], [2.0, 4.0, 3.0, 0.0, 3.0, 4.0, 2.0, 3.0, 3.0, 3.0, 3.0, 4.0, 0.0, 5.0, 2.0, 2.0, 2.0, 2.0, 5.0, 2.0, 2.0, 1.0, 1.0, 3.0, 1.0, 2.0, 1.0, 1.0, 3.0, 2.0, 1.0, 2.0, 3.0, 3.0, 2.0, 3.0, 3.0, 4.0, 1.0], [4.0, 4.0, 3.0, 3.0, 4.0, 2.0, 4.0, 3.0, 2.0, 3.0, 4.0, 2.0, 3.0, 4.0, 2.0, 2.0, 2.0, 2.0, 5.0, 3.0, 2.0, 1.0, 2.0, 1.0, 1.0, 2.0, 3.0, 1.0, 1.0, 2.0, 2.0, 3.0, 1.0, 1.0, 2.0, 4.0, 3.0, 5.0, 1.0], [2.0, 3.0, 4.0, 3.0, 5.0, 4.0, 5.0, 3.0, 4.0, 3.0, 3.0, 2.0, 4.0, 3.0, 5.0, 2.0, 2.0, 2.0, 4.0, 4.0, 2.0, 1.0, 2.0, 1.0, 1.0, 3.0, 2.0, 1.0, 3.0, 2.0, 1.0, 3.0, 1.0, 1.0, 2.0, 4.0, 3.0, 4.0, 1.0], [4.0, 4.0, 3.0, 0.0, 4.0, 4.0, 5.0, 3.0, 3.0, 3.0, 3.0, 3.0, 0.0, 4.0, 2.0, 2.0, 3.0, 2.0, 4.0, 4.0, 1.0, 2.0, 2.0, 3.0, 1.0, 2.0, 3.0, 1.0, 1.0, 2.0, 1.0, 3.0, 1.0, 3.0, 2.0, 3.0, 3.0, 4.0, 2.0], [4.0, 2.0, 2.0, 3.0, 4.0, 2.0, 4.0, 0.0, 4.0, 3.0, 4.0, 5.0, 2.0, 5.0, 2.0, 2.0, 3.0, 2.0, 5.0, 4.0, 2.0, 1.0, 2.0, 3.0, 1.0, 2.0, 0.0, 1.0, 0.0, 2.0, 1.0, 2.0, 1.0, 3.0, 2.0, 1.0, 3.0, 4.0, 1.0], [4.0, 4.0, 2.0, 3.0, 4.0, 5.0, 4.0, 0.0, 3.0, 3.0, 3.0, 4.0, 5.0, 4.0, 2.0, 2.0, 3.0, 2.0, 4.0, 4.0, 2.0, 2.0, 2.0, 1.0, 1.0, 3.0, 3.0, 3.0, 0.0, 2.0, 0.0, 3.0, 1.0, 3.0, 2.0, 2.0, 3.0, 4.0, 1.0], [2.0, 3.0, 3.0, 3.0, 2.0, 2.0, 5.0, 3.0, 3.0, 3.0, 4.0, 2.0, 2.0, 5.0, 2.0, 2.0, 2.0, 3.0, 5.0, 5.0, 2.0, 1.0, 2.0, 1.0, 1.0, 2.0, 0.0, 1.0, 0.0, 2.0, 1.0, 3.0, 1.0, 1.0, 2.0, 2.0, 3.0, 4.0, 3.0], [4.0, 4.0, 3.0, 3.0, 2.0, 4.0, 4.0, 3.0, 2.0, 3.0, 3.0, 2.0, 4.0, 4.0, 2.0, 2.0, 3.0, 2.0, 4.0, 4.0, 2.0, 2.0, 2.0, 1.0, 1.0, 3.0, 1.0, 0.0, 0.0, 2.0, 1.0, 3.0, 1.0, 1.0, 2.0, 2.0, 3.0, 4.0, 3.0], [2.0, 4.0, 3.0, 3.0, 4.0, 5.0, 4.0, 3.0, 3.0, 3.0, 4.0, 2.0, 0.0, 4.0, 2.0, 2.0, 2.0, 2.0, 5.0, 5.0, 2.0, 2.0, 2.0, 1.0, 1.0, 2.0, 0.0, 1.0, 0.0, 2.0, 0.0, 3.0, 1.0, 3.0, 2.0, 4.0, 3.0, 4.0, 1.0], [4.0, 4.0, 3.0, 1.0, 2.0, 4.0, 5.0, 3.0, 3.0, 3.0, 3.0, 2.0, 0.0, 4.0, 2.0, 2.0, 2.0, 2.0, 5.0, 4.0, 2.0, 1.0, 2.0, 1.0, 1.0, 2.0, 2.0, 1.0, 0.0, 2.0, 1.0, 2.0, 1.0, 1.0, 2.0, 3.0, 3.0, 4.0, 1.0], [2.0, 4.0, 0.0, 3.0, 2.0, 4.0, 4.0, 0.0, 3.0, 3.0, 3.0, 5.0, 2.0, 4.0, 5.0, 2.0, 2.0, 2.0, 4.0, 4.0, 2.0, 1.0, 1.0, 1.0, 1.0, 2.0, 1.0, 0.0, 0.0, 2.0, 1.0, 3.0, 1.0, 1.0, 2.0, 3.0, 3.0, 4.0, 1.0], [2.0, 4.0, 2.0, 3.0, 4.0, 4.0, 5.0, 3.0, 3.0, 3.0, 3.0, 2.0, 5.0, 4.0, 2.0, 2.0, 3.0, 2.0, 4.0, 4.0, 2.0, 2.0, 2.0, 1.0, 1.0, 2.0, 3.0, 0.0, 0.0, 2.0, 1.0, 1.0, 1.0, 3.0, 2.0, 3.0, 3.0, 5.0, 1.0], [4.0, 3.0, 3.0, 3.0, 3.0, 2.0, 4.0, 0.0, 2.0, 1.0, 1.0, 5.0, 2.0, 5.0, 2.0, 2.0, 3.0, 2.0, 5.0, 4.0, 2.0, 2.0, 2.0, 1.0, 1.0, 2.0, 0.0, 1.0, 1.0, 2.0, 2.0, 3.0, 3.0, 1.0, 2.0, 4.0, 3.0, 4.0, 3.0], [2.0, 4.0, 3.0, 3.0, 4.0, 3.0, 4.0, 0.0, 3.0, 3.0, 3.0, 4.0, 1.0, 4.0, 2.0, 2.0, 3.0, 2.0, 5.0, 3.0, 3.0, 2.0, 1.0, 1.0, 1.0, 2.0, 1.0, 1.0, 0.0, 2.0, 0.0, 3.0, 1.0, 3.0, 3.0, 3.0, 3.0, 5.0, 3.0], [2.0, 4.0, 3.0, 3.0, 4.0, 4.0, 4.0, 0.0, 3.0, 3.0, 3.0, 4.0, 4.0, 4.0, 2.0, 2.0, 3.0, 2.0, 4.0, 4.0, 2.0, 2.0, 1.0, 1.0, 1.0, 2.0, 1.0, 1.0, 0.0, 2.0, 1.0, 3.0, 1.0, 3.0, 2.0, 4.0, 3.0, 4.0, 1.0], [4.0, 4.0, 4.0, 3.0, 4.0, 4.0, 5.0, 0.0, 3.0, 3.0, 3.0, 2.0, 0.0, 4.0, 5.0, 2.0, 3.0, 2.0, 5.0, 4.0, 2.0, 1.0, 2.0, 1.0, 1.0, 2.0, 0.0, 1.0, 0.0, 2.0, 1.0, 3.0, 3.0, 3.0, 2.0, 3.0, 3.0, 4.0, 3.0], [2.0, 4.0, 3.0, 0.0, 4.0, 4.0, 5.0, 1.0, 4.0, 3.0, 4.0, 5.0, 4.0, 5.0, 5.0, 2.0, 2.0, 3.0, 4.0, 4.0, 2.0, 2.0, 1.0, 1.0, 1.0, 2.0, 0.0, 1.0, 0.0, 2.0, 1.0, 3.0, 1.0, 1.0, 2.0, 2.0, 3.0, 4.0, 3.0], [4.0, 2.0, 2.0, 0.0, 4.0, 5.0, 5.0, 0.0, 3.0, 3.0, 3.0, 3.0, 5.0, 4.0, 2.0, 2.0, 2.0, 3.0, 4.0, 4.0, 2.0, 2.0, 1.0, 1.0, 1.0, 2.0, 3.0, 1.0, 0.0, 2.0, 2.0, 2.0, 1.0, 3.0, 2.0, 3.0, 3.0, 5.0, 3.0], [4.0, 4.0, 3.0, 0.0, 4.0, 4.0, 4.0, 0.0, 3.0, 3.0, 3.0, 2.0, 4.0, 5.0, 2.0, 2.0, 3.0, 3.0, 4.0, 4.0, 2.0, 1.0, 1.0, 3.0, 1.0, 2.0, 0.0, 1.0, 0.0, 2.0, 0.0, 3.0, 1.0, 3.0, 2.0, 4.0, 3.0, 5.0, 2.0], [3.0, 4.0, 3.0, 3.0, 3.0, 2.0, 5.0, 0.0, 3.0, 3.0, 3.0, 5.0, 5.0, 5.0, 2.0, 2.0, 2.0, 2.0, 4.0, 4.0, 2.0, 1.0, 2.0, 1.0, 1.0, 2.0, 0.0, 1.0, 0.0, 2.0, 1.0, 3.0, 1.0, 3.0, 2.0, 4.0, 3.0, 5.0, 3.0], [4.0, 4.0, 4.0, 3.0, 4.0, 4.0, 5.0, 3.0, 3.0, 3.0, 1.0, 2.0, 0.0, 5.0, 5.0, 2.0, 3.0, 2.0, 5.0, 4.0, 2.0, 1.0, 1.0, 1.0, 1.0, 2.0, 0.0, 1.0, 0.0, 2.0, 0.0, 3.0, 1.0, 3.0, 2.0, 3.0, 3.0, 5.0, 3.0], [2.0, 2.0, 5.0, 3.0, 4.0, 4.0, 5.0, 0.0, 3.0, 3.0, 3.0, 2.0, 4.0, 5.0, 2.0, 2.0, 3.0, 3.0, 4.0, 3.0, 2.0, 2.0, 2.0, 1.0, 1.0, 2.0, 1.0, 1.0, 1.0, 4.0, 1.0, 3.0, 1.0, 3.0, 3.0, 3.0, 3.0, 4.0, 3.0], [4.0, 4.0, 3.0, 3.0, 3.0, 2.0, 5.0, 3.0, 3.0, 3.0, 3.0, 2.0, 4.0, 5.0, 5.0, 2.0, 3.0, 2.0, 4.0, 4.0, 2.0, 1.0, 1.0, 1.0, 1.0, 2.0, 0.0, 1.0, 1.0, 2.0, 0.0, 3.0, 1.0, 3.0, 2.0, 4.0, 3.0, 4.0, 1.0], [2.0, 4.0, 3.0, 3.0, 2.0, 4.0, 4.0, 0.0, 4.0, 3.0, 4.0, 5.0, 0.0, 5.0, 2.0, 2.0, 3.0, 0.0, 4.0, 4.0, 2.0, 2.0, 2.0, 3.0, 1.0, 2.0, 0.0, 1.0, 3.0, 2.0, 0.0, 2.0, 1.0, 3.0, 2.0, 3.0, 3.0, 5.0, 1.0], [4.0, 4.0, 3.0, 3.0, 3.0, 4.0, 4.0, 0.0, 3.0, 3.0, 3.0, 3.0, 3.0, 3.0, 2.0, 2.0, 2.0, 2.0, 5.0, 4.0, 2.0, 2.0, 2.0, 1.0, 1.0, 2.0, 0.0, 1.0, 3.0, 2.0, 1.0, 3.0, 1.0, 1.0, 2.0, 1.0, 3.0, 4.0, 3.0], [2.0, 4.0, 3.0, 3.0, 2.0, 2.0, 5.0, 1.0, 3.0, 3.0, 3.0, 2.0, 0.0, 4.0, 2.0, 2.0, 3.0, 2.0, 4.0, 4.0, 2.0, 2.0, 2.0, 1.0, 1.0, 2.0, 3.0, 0.0, 3.0, 2.0, 1.0, 1.0, 1.0, 1.0, 2.0, 3.0, 3.0, 4.0, 3.0]]

first layer check: Conv2d(9, 64, kernel_size=(7, 7), stride=(2, 2), padding=(3, 3), bias=False)

for model 3: mode acc: 0.3333333432674408, run mean acc: 0.39083331823349, top-2 acc:0.6395832896232605, mode f1: 0.3333333432674408

model 3 mode preds
[2.0, 2.0, 1.0, 1.0, 2.0, 2.0, 2.0, 1.0, 2.0, 2.0, 2.0, 2.0, 2.0, 2.0, 2.0, 1.0, 1.0, 2.0, 5.0, 2.0, 1.0, 1.0, 1.0, 1.0, 1.0, 1.0, 1.0, 1.0, 1.0, 2.0, 1.0, 1.0, 1.0, 1.0, 1.0, 2.0, 1.0, 5.0, 1.0]

model 3 all preds
[[2.0, 2.0, 2.0, 1.0, 2.0, 2.0, 4.0, 1.0, 2.0, 1.0, 2.0, 1.0, 2.0, 2.0, 2.0, 1.0, 1.0, 1.0, 5.0, 1.0, 1.0, 1.0, 1.0, 1.0, 1.0, 1.0, 1.0, 1.0, 1.0, 1.0, 2.0, 1.0, 1.0, 1.0, 1.0, 2.0, 2.0, 5.0, 1.0], [2.0, 2.0, 2.0, 1.0, 2.0, 2.0, 4.0, 1.0, 1.0, 2.0, 2.0, 1.0, 2.0, 2.0, 2.0, 1.0, 1.0, 2.0, 2.0, 2.0, 1.0, 1.0, 1.0, 1.0, 1.0, 1.0, 1.0, 1.0, 1.0, 2.0, 1.0, 1.0, 1.0, 1.0, 1.0, 2.0, 1.0, 5.0, 1.0], [1.0, 2.0, 1.0, 1.0, 2.0, 2.0, 2.0, 1.0, 2.0, 2.0, 1.0, 2.0, 2.0, 2.0, 2.0, 1.0, 1.0, 2.0, 5.0, 2.0, 2.0, 1.0, 1.0, 1.0, 1.0, 1.0, 1.0, 1.0, 2.0, 2.0, 1.0, 1.0, 1.0, 1.0, 1.0, 2.0, 2.0, 5.0, 1.0], [2.0, 2.0, 1.0, 1.0, 2.0, 2.0, 4.0, 1.0, 2.0, 1.0, 2.0, 2.0, 1.0, 2.0, 2.0, 1.0, 2.0, 2.0, 5.0, 2.0, 1.0, 1.0, 1.0, 1.0, 1.0, 1.0, 1.0, 1.0, 1.0, 2.0, 2.0, 1.0, 1.0, 1.0, 1.0, 2.0, 1.0, 5.0, 1.0], [1.0, 2.0, 2.0, 1.0, 2.0, 2.0, 2.0, 1.0, 2.0, 2.0, 3.0, 2.0, 2.0, 2.0, 2.0, 1.0, 2.0, 2.0, 5.0, 1.0, 1.0, 1.0, 1.0, 1.0, 1.0, 1.0, 1.0, 1.0, 1.0, 1.0, 1.0, 1.0, 1.0, 1.0, 2.0, 2.0, 2.0, 5.0, 1.0], [2.0, 2.0, 1.0, 1.0, 2.0, 2.0, 4.0, 1.0, 2.0, 2.0, 2.0, 1.0, 2.0, 2.0, 2.0, 1.0, 2.0, 1.0, 2.0, 1.0, 2.0, 1.0, 1.0, 1.0, 1.0, 1.0, 1.0, 1.0, 1.0, 2.0, 1.0, 2.0, 1.0, 1.0, 2.0, 2.0, 1.0, 5.0, 1.0], [2.0, 2.0, 1.0, 1.0, 2.0, 2.0, 2.0, 1.0, 2.0, 2.0, 2.0, 1.0, 5.0, 2.0, 2.0, 1.0, 1.0, 2.0, 2.0, 2.0, 2.0, 1.0, 1.0, 1.0, 1.0, 1.0, 1.0, 1.0, 2.0, 1.0, 2.0, 1.0, 1.0, 1.0, 1.0, 2.0, 1.0, 5.0, 1.0], [2.0, 2.0, 1.0, 1.0, 2.0, 2.0, 4.0, 1.0, 2.0, 2.0, 1.0, 2.0, 2.0, 2.0, 2.0, 1.0, 2.0, 2.0, 5.0, 2.0, 2.0, 1.0, 1.0, 1.0, 1.0, 1.0, 1.0, 1.0, 1.0, 1.0, 1.0, 1.0, 1.0, 1.0, 1.0, 1.0, 2.0, 5.0, 1.0], [4.0, 2.0, 1.0, 1.0, 2.0, 2.0, 4.0, 1.0, 2.0, 2.0, 2.0, 1.0, 5.0, 2.0, 1.0, 1.0, 1.0, 1.0, 5.0, 2.0, 1.0, 1.0, 1.0, 1.0, 1.0, 1.0, 1.0, 1.0, 1.0, 1.0, 2.0, 1.0, 1.0, 1.0, 1.0, 2.0, 2.0, 5.0, 1.0], [2.0, 2.0, 2.0, 1.0, 2.0, 4.0, 2.0, 1.0, 2.0, 1.0, 2.0, 2.0, 5.0, 2.0, 2.0, 1.0, 1.0, 2.0, 5.0, 2.0, 1.0, 1.0, 1.0, 1.0, 1.0, 1.0, 1.0, 1.0, 1.0, 1.0, 1.0, 1.0, 1.0, 1.0, 2.0, 2.0, 1.0, 5.0, 1.0], [2.0, 2.0, 1.0, 1.0, 2.0, 2.0, 2.0, 1.0, 1.0, 2.0, 2.0, 2.0, 1.0, 2.0, 2.0, 1.0, 2.0, 2.0, 2.0, 2.0, 1.0, 1.0, 1.0, 1.0, 1.0, 1.0, 1.0, 1.0, 1.0, 1.0, 1.0, 1.0, 1.0, 1.0, 1.0, 2.0, 1.0, 5.0, 1.0], [2.0, 2.0, 1.0, 1.0, 2.0, 2.0, 4.0, 1.0, 2.0, 1.0, 2.0, 1.0, 2.0, 5.0, 2.0, 1.0, 1.0, 2.0, 5.0, 1.0, 1.0, 1.0, 1.0, 1.0, 1.0, 1.0, 1.0, 1.0, 1.0, 2.0, 1.0, 1.0, 1.0, 1.0, 1.0, 2.0, 2.0, 2.0, 1.0], [2.0, 2.0, 2.0, 1.0, 1.0, 2.0, 2.0, 1.0, 2.0, 1.0, 2.0, 2.0, 5.0, 1.0, 2.0, 1.0, 1.0, 2.0, 4.0, 2.0, 1.0, 1.0, 1.0, 1.0, 1.0, 1.0, 1.0, 1.0, 1.0, 1.0, 1.0, 1.0, 1.0, 1.0, 1.0, 2.0, 2.0, 5.0, 1.0], [2.0, 2.0, 1.0, 1.0, 1.0, 2.0, 4.0, 1.0, 2.0, 3.0, 2.0, 2.0, 2.0, 2.0, 1.0, 1.0, 1.0, 2.0, 5.0, 2.0, 1.0, 1.0, 1.0, 1.0, 1.0, 1.0, 1.0, 1.0, 1.0, 2.0, 2.0, 1.0, 1.0, 1.0, 2.0, 4.0, 1.0, 5.0, 1.0], [2.0, 2.0, 1.0, 1.0, 2.0, 2.0, 4.0, 1.0, 2.0, 2.0, 3.0, 2.0, 2.0, 2.0, 2.0, 1.0, 1.0, 2.0, 5.0, 2.0, 1.0, 1.0, 1.0, 1.0, 1.0, 1.0, 1.0, 1.0, 1.0, 2.0, 1.0, 1.0, 1.0, 1.0, 1.0, 2.0, 1.0, 5.0, 1.0], [2.0, 2.0, 2.0, 1.0, 2.0, 2.0, 2.0, 1.0, 1.0, 2.0, 2.0, 2.0, 2.0, 2.0, 1.0, 1.0, 1.0, 2.0, 2.0, 1.0, 1.0, 1.0, 1.0, 1.0, 1.0, 1.0, 1.0, 1.0, 1.0, 1.0, 1.0, 1.0, 1.0, 1.0, 1.0, 2.0, 1.0, 5.0, 1.0], [2.0, 2.0, 2.0, 1.0, 2.0, 2.0, 5.0, 1.0, 1.0, 2.0, 2.0, 2.0, 1.0, 2.0, 2.0, 1.0, 2.0, 1.0, 5.0, 2.0, 1.0, 1.0, 1.0, 1.0, 1.0, 1.0, 1.0, 1.0, 1.0, 2.0, 1.0, 1.0, 1.0, 1.0, 1.0, 1.0, 1.0, 5.0, 1.0], [2.0, 2.0, 1.0, 1.0, 2.0, 2.0, 2.0, 1.0, 1.0, 2.0, 2.0, 2.0, 5.0, 2.0, 2.0, 1.0, 1.0, 2.0, 5.0, 1.0, 1.0, 1.0, 1.0, 1.0, 1.0, 1.0, 1.0, 1.0, 1.0, 2.0, 1.0, 1.0, 1.0, 1.0, 1.0, 2.0, 2.0, 5.0, 1.0], [2.0, 2.0, 1.0, 1.0, 2.0, 2.0, 2.0, 1.0, 1.0, 2.0, 1.0, 1.0, 2.0, 2.0, 2.0, 1.0, 1.0, 2.0, 5.0, 1.0, 1.0, 1.0, 1.0, 1.0, 1.0, 1.0, 1.0, 1.0, 1.0, 2.0, 1.0, 1.0, 1.0, 1.0, 1.0, 2.0, 1.0, 5.0, 1.0], [2.0, 2.0, 1.0, 1.0, 2.0, 2.0, 2.0, 1.0, 2.0, 1.0, 1.0, 2.0, 2.0, 2.0, 1.0, 1.0, 2.0, 2.0, 5.0, 2.0, 1.0, 1.0, 1.0, 1.0, 1.0, 1.0, 1.0, 1.0, 1.0, 2.0, 1.0, 2.0, 1.0, 1.0, 1.0, 2.0, 2.0, 5.0, 1.0], [1.0, 2.0, 2.0, 1.0, 2.0, 4.0, 2.0, 1.0, 2.0, 2.0, 3.0, 2.0, 2.0, 2.0, 2.0, 1.0, 1.0, 2.0, 5.0, 2.0, 1.0, 1.0, 1.0, 1.0, 1.0, 1.0, 1.0, 1.0, 1.0, 2.0, 1.0, 1.0, 1.0, 1.0, 1.0, 2.0, 2.0, 2.0, 1.0], [2.0, 2.0, 2.0, 1.0, 2.0, 2.0, 2.0, 1.0, 2.0, 2.0, 2.0, 1.0, 2.0, 2.0, 2.0, 1.0, 1.0, 2.0, 2.0, 2.0, 1.0, 1.0, 1.0, 1.0, 1.0, 1.0, 1.0, 1.0, 1.0, 2.0, 1.0, 1.0, 1.0, 1.0, 1.0, 2.0, 1.0, 5.0, 1.0], [2.0, 2.0, 1.0, 1.0, 2.0, 2.0, 2.0, 1.0, 2.0, 2.0, 2.0, 2.0, 2.0, 2.0, 2.0, 1.0, 1.0, 2.0, 5.0, 2.0, 1.0, 1.0, 1.0, 1.0, 1.0, 1.0, 1.0, 1.0, 1.0, 2.0, 2.0, 1.0, 1.0, 1.0, 2.0, 2.0, 2.0, 5.0, 1.0], [2.0, 2.0, 2.0, 1.0, 2.0, 5.0, 4.0, 1.0, 2.0, 2.0, 2.0, 2.0, 2.0, 2.0, 2.0, 1.0, 1.0, 2.0, 5.0, 2.0, 1.0, 1.0, 1.0, 1.0, 1.0, 1.0, 1.0, 1.0, 1.0, 1.0, 2.0, 1.0, 1.0, 1.0, 1.0, 2.0, 1.0, 5.0, 1.0], [2.0, 2.0, 2.0, 1.0, 2.0, 2.0, 5.0, 1.0, 2.0, 1.0, 1.0, 2.0, 2.0, 2.0, 2.0, 1.0, 1.0, 2.0, 2.0, 2.0, 1.0, 1.0, 1.0, 1.0, 1.0, 1.0, 1.0, 1.0, 1.0, 2.0, 1.0, 1.0, 1.0, 1.0, 1.0, 2.0, 1.0, 5.0, 1.0], [2.0, 2.0, 1.0, 1.0, 2.0, 2.0, 2.0, 1.0, 2.0, 2.0, 2.0, 2.0, 2.0, 2.0, 2.0, 1.0, 1.0, 2.0, 5.0, 2.0, 1.0, 1.0, 1.0, 1.0, 1.0, 1.0, 1.0, 1.0, 1.0, 1.0, 1.0, 1.0, 1.0, 1.0, 1.0, 2.0, 1.0, 5.0, 1.0], [2.0, 2.0, 2.0, 1.0, 2.0, 2.0, 4.0, 1.0, 2.0, 2.0, 2.0, 1.0, 5.0, 2.0, 2.0, 1.0, 1.0, 2.0, 5.0, 2.0, 1.0, 1.0, 1.0, 1.0, 1.0, 1.0, 1.0, 1.0, 1.0, 2.0, 1.0, 1.0, 1.0, 1.0, 1.0, 2.0, 2.0, 5.0, 1.0], [2.0, 2.0, 1.0, 1.0, 2.0, 2.0, 4.0, 1.0, 2.0, 2.0, 2.0, 1.0, 2.0, 2.0, 2.0, 1.0, 1.0, 2.0, 5.0, 2.0, 1.0, 1.0, 1.0, 1.0, 1.0, 1.0, 1.0, 1.0, 1.0, 1.0, 1.0, 1.0, 1.0, 1.0, 1.0, 2.0, 2.0, 5.0, 1.0], [2.0, 2.0, 1.0, 1.0, 2.0, 2.0, 4.0, 1.0, 2.0, 1.0, 2.0, 2.0, 2.0, 2.0, 2.0, 1.0, 2.0, 2.0, 5.0, 2.0, 2.0, 1.0, 1.0, 1.0, 1.0, 1.0, 1.0, 1.0, 1.0, 2.0, 1.0, 1.0, 1.0, 1.0, 1.0, 4.0, 1.0, 5.0, 1.0], [2.0, 2.0, 2.0, 1.0, 2.0, 2.0, 2.0, 1.0, 2.0, 2.0, 3.0, 2.0, 2.0, 2.0, 2.0, 1.0, 2.0, 2.0, 5.0, 1.0, 2.0, 1.0, 1.0, 1.0, 1.0, 1.0, 1.0, 1.0, 1.0, 2.0, 1.0, 1.0, 1.0, 1.0, 2.0, 2.0, 1.0, 5.0, 1.0], [2.0, 2.0, 1.0, 1.0, 2.0, 2.0, 4.0, 1.0, 2.0, 2.0, 2.0, 2.0, 2.0, 2.0, 2.0, 1.0, 1.0, 2.0, 2.0, 2.0, 1.0, 1.0, 1.0, 1.0, 1.0, 1.0, 1.0, 1.0, 1.0, 2.0, 2.0, 1.0, 1.0, 1.0, 1.0, 2.0, 2.0, 5.0, 1.0], [2.0, 2.0, 2.0, 1.0, 2.0, 2.0, 2.0, 1.0, 1.0, 2.0, 2.0, 2.0, 2.0, 2.0, 2.0, 1.0, 1.0, 1.0, 5.0, 1.0, 1.0, 1.0, 1.0, 1.0, 1.0, 1.0, 1.0, 1.0, 1.0, 2.0, 1.0, 1.0, 1.0, 1.0, 1.0, 2.0, 1.0, 5.0, 1.0], [1.0, 2.0, 1.0, 1.0, 2.0, 2.0, 4.0, 1.0, 2.0, 2.0, 2.0, 2.0, 2.0, 2.0, 2.0, 1.0, 1.0, 2.0, 2.0, 2.0, 1.0, 1.0, 1.0, 1.0, 1.0, 1.0, 1.0, 1.0, 1.0, 2.0, 1.0, 1.0, 1.0, 1.0, 2.0, 2.0, 1.0, 5.0, 1.0], [2.0, 2.0, 1.0, 1.0, 2.0, 2.0, 4.0, 1.0, 2.0, 1.0, 2.0, 2.0, 2.0, 2.0, 2.0, 1.0, 2.0, 1.0, 5.0, 2.0, 1.0, 1.0, 1.0, 1.0, 1.0, 1.0, 1.0, 1.0, 1.0, 1.0, 1.0, 1.0, 1.0, 1.0, 1.0, 1.0, 2.0, 5.0, 1.0], [2.0, 2.0, 2.0, 1.0, 2.0, 2.0, 2.0, 1.0, 2.0, 2.0, 2.0, 2.0, 5.0, 2.0, 2.0, 1.0, 1.0, 2.0, 5.0, 1.0, 1.0, 1.0, 1.0, 1.0, 1.0, 1.0, 1.0, 1.0, 1.0, 1.0, 1.0, 1.0, 1.0, 1.0, 1.0, 2.0, 1.0, 5.0, 1.0], [2.0, 2.0, 1.0, 1.0, 2.0, 2.0, 4.0, 1.0, 2.0, 2.0, 2.0, 2.0, 2.0, 2.0, 1.0, 1.0, 2.0, 2.0, 5.0, 1.0, 1.0, 1.0, 1.0, 1.0, 1.0, 1.0, 1.0, 1.0, 2.0, 1.0, 1.0, 1.0, 1.0, 1.0, 1.0, 2.0, 1.0, 5.0, 1.0], [2.0, 2.0, 1.0, 1.0, 1.0, 2.0, 2.0, 1.0, 2.0, 2.0, 1.0, 1.0, 2.0, 5.0, 2.0, 1.0, 1.0, 1.0, 2.0, 1.0, 2.0, 1.0, 1.0, 1.0, 1.0, 1.0, 1.0, 1.0, 1.0, 2.0, 1.0, 2.0, 1.0, 1.0, 1.0, 2.0, 1.0, 5.0, 1.0], [2.0, 2.0, 1.0, 1.0, 2.0, 2.0, 2.0, 1.0, 1.0, 2.0, 2.0, 2.0, 2.0, 2.0, 2.0, 1.0, 1.0, 1.0, 5.0, 2.0, 1.0, 1.0, 1.0, 1.0, 1.0, 1.0, 1.0, 1.0, 1.0, 2.0, 2.0, 1.0, 1.0, 1.0, 2.0, 2.0, 1.0, 5.0, 1.0], [2.0, 2.0, 2.0, 1.0, 2.0, 2.0, 5.0, 1.0, 2.0, 2.0, 2.0, 1.0, 2.0, 2.0, 2.0, 1.0, 1.0, 2.0, 5.0, 2.0, 1.0, 1.0, 1.0, 1.0, 1.0, 1.0, 1.0, 1.0, 1.0, 1.0, 1.0, 1.0, 1.0, 1.0, 1.0, 2.0, 1.0, 2.0, 1.0], [2.0, 2.0, 1.0, 1.0, 2.0, 2.0, 2.0, 1.0, 1.0, 2.0, 2.0, 2.0, 2.0, 2.0, 2.0, 1.0, 1.0, 2.0, 5.0, 2.0, 1.0, 1.0, 1.0, 1.0, 1.0, 1.0, 1.0, 1.0, 1.0, 1.0, 1.0, 1.0, 1.0, 1.0, 1.0, 2.0, 2.0, 5.0, 1.0], [2.0, 2.0, 2.0, 1.0, 2.0, 2.0, 4.0, 1.0, 1.0, 2.0, 2.0, 2.0, 5.0, 2.0, 2.0, 1.0, 1.0, 1.0, 2.0, 2.0, 1.0, 1.0, 1.0, 1.0, 1.0, 1.0, 1.0, 1.0, 1.0, 1.0, 1.0, 1.0, 1.0, 1.0, 1.0, 2.0, 2.0, 5.0, 1.0], [2.0, 2.0, 2.0, 1.0, 2.0, 2.0, 4.0, 1.0, 2.0, 2.0, 2.0, 2.0, 5.0, 2.0, 2.0, 1.0, 1.0, 2.0, 2.0, 2.0, 1.0, 1.0, 1.0, 1.0, 1.0, 1.0, 1.0, 1.0, 1.0, 2.0, 1.0, 1.0, 1.0, 1.0, 1.0, 2.0, 2.0, 5.0, 1.0], [1.0, 2.0, 2.0, 1.0, 2.0, 2.0, 2.0, 1.0, 2.0, 2.0, 3.0, 2.0, 2.0, 2.0, 2.0, 1.0, 1.0, 2.0, 5.0, 2.0, 1.0, 1.0, 1.0, 1.0, 1.0, 1.0, 1.0, 1.0, 1.0, 1.0, 1.0, 1.0, 1.0, 1.0, 1.0, 2.0, 2.0, 5.0, 1.0], [2.0, 2.0, 2.0, 1.0, 4.0, 2.0, 5.0, 1.0, 2.0, 2.0, 2.0, 2.0, 2.0, 2.0, 2.0, 1.0, 1.0, 1.0, 5.0, 2.0, 1.0, 1.0, 1.0, 1.0, 1.0, 1.0, 1.0, 1.0, 1.0, 2.0, 1.0, 1.0, 1.0, 1.0, 1.0, 2.0, 2.0, 5.0, 1.0], [2.0, 2.0, 1.0, 1.0, 2.0, 2.0, 4.0, 1.0, 1.0, 2.0, 2.0, 2.0, 5.0, 2.0, 2.0, 1.0, 2.0, 2.0, 5.0, 2.0, 1.0, 1.0, 1.0, 1.0, 1.0, 1.0, 1.0, 1.0, 2.0, 1.0, 1.0, 1.0, 1.0, 1.0, 1.0, 2.0, 1.0, 5.0, 1.0], [1.0, 2.0, 1.0, 1.0, 2.0, 2.0, 4.0, 1.0, 2.0, 1.0, 2.0, 2.0, 2.0, 2.0, 2.0, 1.0, 2.0, 2.0, 2.0, 2.0, 2.0, 1.0, 1.0, 1.0, 1.0, 1.0, 1.0, 1.0, 1.0, 1.0, 1.0, 1.0, 1.0, 1.0, 1.0, 2.0, 1.0, 5.0, 1.0], [2.0, 2.0, 2.0, 1.0, 2.0, 2.0, 2.0, 1.0, 2.0, 2.0, 1.0, 2.0, 2.0, 2.0, 2.0, 1.0, 1.0, 2.0, 5.0, 2.0, 1.0, 1.0, 1.0, 1.0, 1.0, 1.0, 1.0, 1.0, 1.0, 2.0, 1.0, 1.0, 1.0, 1.0, 1.0, 2.0, 1.0, 5.0, 1.0], [2.0, 2.0, 2.0, 1.0, 2.0, 2.0, 4.0, 1.0, 2.0, 2.0, 1.0, 2.0, 2.0, 2.0, 2.0, 1.0, 1.0, 2.0, 5.0, 1.0, 1.0, 1.0, 1.0, 1.0, 1.0, 1.0, 1.0, 1.0, 2.0, 1.0, 1.0, 1.0, 1.0, 1.0, 2.0, 2.0, 2.0, 5.0, 1.0], [2.0, 2.0, 1.0, 1.0, 2.0, 2.0, 2.0, 1.0, 2.0, 1.0, 2.0, 2.0, 2.0, 2.0, 2.0, 1.0, 1.0, 2.0, 2.0, 2.0, 1.0, 1.0, 1.0, 1.0, 1.0, 1.0, 1.0, 1.0, 1.0, 1.0, 1.0, 1.0, 1.0, 1.0, 2.0, 2.0, 2.0, 5.0, 1.0], [2.0, 2.0, 1.0, 1.0, 2.0, 2.0, 2.0, 1.0, 2.0, 2.0, 2.0, 2.0, 2.0, 2.0, 2.0, 1.0, 1.0, 2.0, 5.0, 2.0, 1.0, 1.0, 1.0, 1.0, 1.0, 1.0, 1.0, 1.0, 1.0, 1.0, 1.0, 1.0, 1.0, 1.0, 1.0, 1.0, 1.0, 2.0, 1.0]]

first layer check: Conv2d(9, 64, kernel_size=(7, 7), stride=(2, 2), padding=(3, 3), bias=False)

for model 4: mode acc: 0.3589743673801422, run mean acc: 0.3150000274181366, top-2 acc:0.7124999761581421, mode f1: 0.3589743673801422

model 4 mode preds
[4.0, 2.0, 4.0, 4.0, 4.0, 2.0, 4.0, 0.0, 2.0, 2.0, 4.0, 2.0, 2.0, 2.0, 2.0, 2.0, 2.0, 2.0, 5.0, 4.0, 2.0, 2.0, 2.0, 2.0, 2.0, 2.0, 2.0, 2.0, 2.0, 2.0, 2.0, 2.0, 2.0, 2.0, 2.0, 2.0, 4.0, 5.0, 2.0]

model 4 all preds
[[4.0, 2.0, 2.0, 2.0, 4.0, 2.0, 4.0, 0.0, 2.0, 2.0, 4.0, 2.0, 5.0, 4.0, 2.0, 2.0, 2.0, 2.0, 5.0, 4.0, 2.0, 2.0, 2.0, 2.0, 1.0, 2.0, 1.0, 2.0, 1.0, 2.0, 2.0, 2.0, 2.0, 2.0, 2.0, 2.0, 4.0, 5.0, 2.0], [4.0, 2.0, 2.0, 4.0, 4.0, 4.0, 4.0, 4.0, 2.0, 2.0, 4.0, 2.0, 2.0, 4.0, 2.0, 2.0, 2.0, 2.0, 4.0, 4.0, 2.0, 2.0, 2.0, 2.0, 2.0, 2.0, 1.0, 2.0, 2.0, 2.0, 2.0, 2.0, 2.0, 2.0, 2.0, 2.0, 4.0, 5.0, 2.0], [4.0, 2.0, 4.0, 0.0, 4.0, 4.0, 4.0, 0.0, 2.0, 2.0, 4.0, 2.0, 4.0, 2.0, 2.0, 2.0, 2.0, 2.0, 4.0, 4.0, 2.0, 2.0, 2.0, 2.0, 2.0, 2.0, 2.0, 2.0, 1.0, 5.0, 2.0, 2.0, 2.0, 2.0, 2.0, 2.0, 4.0, 4.0, 2.0], [4.0, 2.0, 3.0, 4.0, 4.0, 2.0, 4.0, 0.0, 2.0, 2.0, 2.0, 2.0, 2.0, 4.0, 2.0, 2.0, 2.0, 2.0, 2.0, 2.0, 2.0, 2.0, 2.0, 2.0, 1.0, 2.0, 2.0, 1.0, 2.0, 2.0, 2.0, 2.0, 2.0, 2.0, 2.0, 2.0, 2.0, 5.0, 2.0], [2.0, 2.0, 2.0, 4.0, 4.0, 4.0, 4.0, 0.0, 2.0, 2.0, 4.0, 2.0, 4.0, 2.0, 4.0, 2.0, 2.0, 2.0, 2.0, 2.0, 2.0, 2.0, 2.0, 2.0, 2.0, 2.0, 1.0, 1.0, 2.0, 2.0, 2.0, 2.0, 2.0, 2.0, 2.0, 2.0, 4.0, 2.0, 2.0], [4.0, 2.0, 4.0, 4.0, 4.0, 4.0, 4.0, 2.0, 2.0, 3.0, 2.0, 2.0, 2.0, 4.0, 4.0, 2.0, 2.0, 2.0, 4.0, 4.0, 2.0, 2.0, 2.0, 2.0, 1.0, 2.0, 2.0, 2.0, 2.0, 2.0, 2.0, 2.0, 2.0, 2.0, 2.0, 2.0, 4.0, 4.0, 1.0], [4.0, 2.0, 4.0, 4.0, 4.0, 2.0, 4.0, 2.0, 2.0, 4.0, 4.0, 2.0, 5.0, 4.0, 2.0, 2.0, 2.0, 2.0, 2.0, 4.0, 2.0, 2.0, 2.0, 2.0, 2.0, 2.0, 2.0, 2.0, 2.0, 2.0, 2.0, 2.0, 1.0, 2.0, 2.0, 4.0, 4.0, 5.0, 2.0], [4.0, 2.0, 4.0, 0.0, 4.0, 4.0, 4.0, 0.0, 2.0, 2.0, 2.0, 2.0, 4.0, 4.0, 2.0, 2.0, 2.0, 2.0, 4.0, 2.0, 2.0, 2.0, 2.0, 2.0, 2.0, 2.0, 1.0, 2.0, 2.0, 2.0, 2.0, 2.0, 2.0, 2.0, 2.0, 4.0, 4.0, 4.0, 2.0], [4.0, 2.0, 2.0, 4.0, 4.0, 2.0, 4.0, 0.0, 2.0, 2.0, 2.0, 2.0, 2.0, 4.0, 2.0, 2.0, 2.0, 2.0, 4.0, 2.0, 2.0, 2.0, 2.0, 2.0, 1.0, 2.0, 2.0, 2.0, 2.0, 2.0, 0.0, 2.0, 2.0, 2.0, 2.0, 2.0, 4.0, 5.0, 2.0], [4.0, 2.0, 4.0, 4.0, 4.0, 4.0, 4.0, 4.0, 2.0, 2.0, 2.0, 2.0, 2.0, 2.0, 5.0, 2.0, 2.0, 2.0, 5.0, 2.0, 2.0, 2.0, 2.0, 2.0, 2.0, 1.0, 2.0, 2.0, 1.0, 2.0, 2.0, 2.0, 2.0, 2.0, 2.0, 4.0, 4.0, 4.0, 2.0], [2.0, 2.0, 2.0, 4.0, 2.0, 2.0, 4.0, 3.0, 2.0, 3.0, 4.0, 2.0, 2.0, 2.0, 2.0, 2.0, 2.0, 2.0, 2.0, 2.0, 2.0, 2.0, 2.0, 2.0, 1.0, 2.0, 2.0, 1.0, 2.0, 2.0, 2.0, 2.0, 1.0, 2.0, 2.0, 4.0, 4.0, 5.0, 2.0], [4.0, 2.0, 2.0, 4.0, 4.0, 2.0, 4.0, 0.0, 2.0, 2.0, 4.0, 2.0, 4.0, 5.0, 4.0, 2.0, 2.0, 2.0, 4.0, 4.0, 2.0, 2.0, 2.0, 2.0, 2.0, 2.0, 2.0, 2.0, 2.0, 2.0, 2.0, 2.0, 2.0, 2.0, 2.0, 2.0, 4.0, 2.0, 1.0], [2.0, 2.0, 4.0, 4.0, 4.0, 4.0, 4.0, 4.0, 2.0, 2.0, 4.0, 2.0, 2.0, 2.0, 2.0, 2.0, 2.0, 2.0, 4.0, 2.0, 2.0, 2.0, 2.0, 2.0, 2.0, 2.0, 2.0, 2.0, 2.0, 2.0, 2.0, 2.0, 2.0, 2.0, 2.0, 2.0, 2.0, 5.0, 1.0], [4.0, 2.0, 4.0, 4.0, 4.0, 2.0, 4.0, 0.0, 2.0, 2.0, 2.0, 2.0, 2.0, 2.0, 2.0, 2.0, 2.0, 2.0, 5.0, 4.0, 2.0, 2.0, 2.0, 2.0, 2.0, 2.0, 2.0, 1.0, 2.0, 2.0, 2.0, 2.0, 2.0, 2.0, 2.0, 2.0, 4.0, 2.0, 1.0], [2.0, 2.0, 4.0, 4.0, 4.0, 2.0, 4.0, 0.0, 2.0, 3.0, 2.0, 2.0, 2.0, 4.0, 4.0, 2.0, 2.0, 2.0, 5.0, 2.0, 2.0, 2.0, 2.0, 2.0, 2.0, 2.0, 2.0, 2.0, 2.0, 2.0, 2.0, 2.0, 2.0, 2.0, 2.0, 2.0, 2.0, 2.0, 2.0], [4.0, 2.0, 4.0, 4.0, 4.0, 2.0, 4.0, 2.0, 2.0, 2.0, 2.0, 2.0, 5.0, 4.0, 5.0, 2.0, 2.0, 2.0, 5.0, 2.0, 2.0, 2.0, 2.0, 2.0, 1.0, 2.0, 2.0, 1.0, 2.0, 2.0, 2.0, 2.0, 1.0, 2.0, 2.0, 2.0, 4.0, 2.0, 2.0], [4.0, 2.0, 2.0, 2.0, 4.0, 2.0, 4.0, 4.0, 2.0, 3.0, 4.0, 2.0, 2.0, 2.0, 2.0, 2.0, 2.0, 2.0, 4.0, 2.0, 2.0, 2.0, 2.0, 2.0, 2.0, 2.0, 2.0, 1.0, 2.0, 2.0, 2.0, 2.0, 2.0, 2.0, 2.0, 2.0, 4.0, 2.0, 2.0], [4.0, 2.0, 2.0, 4.0, 4.0, 2.0, 4.0, 2.0, 2.0, 3.0, 2.0, 2.0, 5.0, 4.0, 5.0, 2.0, 2.0, 2.0, 2.0, 4.0, 2.0, 2.0, 2.0, 2.0, 2.0, 2.0, 2.0, 2.0, 2.0, 2.0, 2.0, 2.0, 2.0, 2.0, 2.0, 2.0, 4.0, 5.0, 2.0], [5.0, 2.0, 4.0, 2.0, 2.0, 2.0, 4.0, 4.0, 2.0, 3.0, 2.0, 2.0, 2.0, 2.0, 2.0, 2.0, 2.0, 2.0, 5.0, 4.0, 2.0, 2.0, 2.0, 2.0, 1.0, 2.0, 2.0, 2.0, 2.0, 2.0, 2.0, 2.0, 2.0, 2.0, 2.0, 4.0, 4.0, 4.0, 2.0], [4.0, 2.0, 4.0, 0.0, 2.0, 2.0, 2.0, 4.0, 2.0, 2.0, 2.0, 2.0, 2.0, 2.0, 2.0, 2.0, 2.0, 2.0, 4.0, 2.0, 2.0, 2.0, 2.0, 2.0, 2.0, 2.0, 2.0, 1.0, 2.0, 2.0, 2.0, 2.0, 2.0, 2.0, 2.0, 2.0, 4.0, 5.0, 2.0], [4.0, 2.0, 4.0, 4.0, 4.0, 4.0, 2.0, 0.0, 2.0, 2.0, 4.0, 2.0, 2.0, 2.0, 2.0, 2.0, 2.0, 2.0, 4.0, 2.0, 2.0, 2.0, 2.0, 2.0, 3.0, 2.0, 1.0, 2.0, 2.0, 2.0, 2.0, 2.0, 2.0, 2.0, 2.0, 2.0, 4.0, 5.0, 2.0], [4.0, 2.0, 2.0, 0.0, 4.0, 2.0, 4.0, 0.0, 2.0, 2.0, 4.0, 2.0, 2.0, 2.0, 2.0, 2.0, 2.0, 2.0, 2.0, 2.0, 2.0, 2.0, 2.0, 2.0, 2.0, 2.0, 1.0, 1.0, 2.0, 2.0, 2.0, 2.0, 1.0, 2.0, 2.0, 4.0, 4.0, 2.0, 2.0], [2.0, 2.0, 4.0, 4.0, 2.0, 2.0, 4.0, 0.0, 2.0, 2.0, 3.0, 2.0, 4.0, 2.0, 2.0, 2.0, 2.0, 2.0, 4.0, 4.0, 2.0, 2.0, 2.0, 2.0, 2.0, 1.0, 2.0, 2.0, 1.0, 2.0, 2.0, 2.0, 2.0, 2.0, 2.0, 4.0, 4.0, 4.0, 1.0], [5.0, 2.0, 2.0, 0.0, 4.0, 4.0, 4.0, 0.0, 2.0, 3.0, 2.0, 2.0, 2.0, 4.0, 2.0, 2.0, 2.0, 2.0, 2.0, 2.0, 2.0, 2.0, 2.0, 2.0, 2.0, 2.0, 1.0, 2.0, 1.0, 2.0, 2.0, 2.0, 2.0, 2.0, 2.0, 2.0, 4.0, 4.0, 2.0], [4.0, 2.0, 4.0, 0.0, 4.0, 4.0, 4.0, 0.0, 2.0, 2.0, 4.0, 2.0, 2.0, 2.0, 2.0, 2.0, 2.0, 2.0, 5.0, 4.0, 2.0, 2.0, 2.0, 2.0, 2.0, 2.0, 2.0, 3.0, 2.0, 2.0, 2.0, 2.0, 2.0, 2.0, 2.0, 2.0, 2.0, 5.0, 2.0], [2.0, 2.0, 2.0, 4.0, 4.0, 4.0, 4.0, 0.0, 2.0, 3.0, 2.0, 2.0, 5.0, 2.0, 2.0, 2.0, 2.0, 2.0, 4.0, 2.0, 2.0, 2.0, 2.0, 2.0, 1.0, 2.0, 2.0, 2.0, 1.0, 2.0, 2.0, 2.0, 2.0, 2.0, 2.0, 2.0, 2.0, 5.0, 2.0], [4.0, 2.0, 4.0, 0.0, 2.0, 2.0, 4.0, 1.0, 2.0, 2.0, 4.0, 2.0, 5.0, 4.0, 4.0, 2.0, 2.0, 2.0, 2.0, 4.0, 2.0, 2.0, 2.0, 2.0, 3.0, 2.0, 2.0, 1.0, 2.0, 2.0, 2.0, 2.0, 2.0, 2.0, 2.0, 2.0, 4.0, 5.0, 2.0], [4.0, 2.0, 4.0, 4.0, 4.0, 2.0, 4.0, 4.0, 2.0, 2.0, 4.0, 2.0, 2.0, 2.0, 2.0, 2.0, 2.0, 2.0, 5.0, 4.0, 2.0, 2.0, 2.0, 2.0, 2.0, 2.0, 1.0, 2.0, 2.0, 2.0, 0.0, 2.0, 2.0, 2.0, 2.0, 4.0, 4.0, 4.0, 1.0], [5.0, 2.0, 4.0, 2.0, 4.0, 2.0, 4.0, 0.0, 2.0, 3.0, 4.0, 2.0, 2.0, 5.0, 2.0, 2.0, 2.0, 2.0, 5.0, 2.0, 2.0, 2.0, 2.0, 2.0, 1.0, 2.0, 2.0, 1.0, 1.0, 2.0, 2.0, 2.0, 2.0, 2.0, 2.0, 4.0, 4.0, 5.0, 2.0], [4.0, 2.0, 2.0, 4.0, 4.0, 2.0, 2.0, 4.0, 2.0, 3.0, 4.0, 2.0, 2.0, 4.0, 4.0, 2.0, 2.0, 2.0, 4.0, 4.0, 2.0, 2.0, 2.0, 2.0, 2.0, 2.0, 2.0, 2.0, 2.0, 2.0, 2.0, 2.0, 2.0, 2.0, 2.0, 4.0, 4.0, 2.0, 2.0], [4.0, 2.0, 2.0, 0.0, 4.0, 4.0, 4.0, 0.0, 2.0, 3.0, 2.0, 2.0, 2.0, 5.0, 5.0, 2.0, 2.0, 2.0, 5.0, 4.0, 2.0, 2.0, 2.0, 2.0, 2.0, 2.0, 1.0, 2.0, 2.0, 2.0, 2.0, 2.0, 2.0, 2.0, 2.0, 4.0, 4.0, 2.0, 2.0], [4.0, 2.0, 4.0, 4.0, 2.0, 4.0, 4.0, 2.0, 2.0, 2.0, 2.0, 2.0, 2.0, 5.0, 2.0, 2.0, 2.0, 2.0, 4.0, 2.0, 2.0, 2.0, 2.0, 2.0, 2.0, 2.0, 2.0, 1.0, 2.0, 2.0, 2.0, 2.0, 1.0, 2.0, 2.0, 2.0, 4.0, 5.0, 2.0], [4.0, 2.0, 2.0, 0.0, 4.0, 2.0, 4.0, 0.0, 2.0, 2.0, 2.0, 2.0, 2.0, 4.0, 2.0, 2.0, 2.0, 2.0, 2.0, 2.0, 2.0, 2.0, 2.0, 2.0, 2.0, 2.0, 1.0, 1.0, 2.0, 2.0, 0.0, 2.0, 2.0, 2.0, 2.0, 4.0, 4.0, 5.0, 2.0], [4.0, 2.0, 2.0, 0.0, 2.0, 2.0, 4.0, 0.0, 2.0, 2.0, 4.0, 2.0, 5.0, 5.0, 2.0, 2.0, 2.0, 2.0, 4.0, 4.0, 2.0, 2.0, 2.0, 2.0, 2.0, 2.0, 2.0, 2.0, 2.0, 2.0, 2.0, 2.0, 2.0, 2.0, 2.0, 2.0, 4.0, 5.0, 2.0], [2.0, 2.0, 2.0, 4.0, 4.0, 2.0, 4.0, 4.0, 2.0, 4.0, 4.0, 2.0, 2.0, 4.0, 5.0, 2.0, 2.0, 2.0, 5.0, 4.0, 2.0, 2.0, 2.0, 2.0, 2.0, 2.0, 2.0, 1.0, 2.0, 2.0, 2.0, 2.0, 2.0, 2.0, 2.0, 2.0, 4.0, 5.0, 1.0], [4.0, 2.0, 2.0, 4.0, 4.0, 2.0, 2.0, 1.0, 2.0, 3.0, 4.0, 4.0, 5.0, 2.0, 2.0, 2.0, 2.0, 2.0, 2.0, 4.0, 2.0, 2.0, 2.0, 2.0, 1.0, 2.0, 4.0, 2.0, 1.0, 2.0, 2.0, 2.0, 2.0, 2.0, 2.0, 2.0, 4.0, 2.0, 2.0], [4.0, 2.0, 2.0, 4.0, 4.0, 4.0, 4.0, 4.0, 2.0, 3.0, 4.0, 2.0, 5.0, 2.0, 4.0, 2.0, 2.0, 2.0, 5.0, 2.0, 2.0, 2.0, 2.0, 2.0, 1.0, 2.0, 2.0, 2.0, 2.0, 2.0, 2.0, 2.0, 2.0, 2.0, 2.0, 2.0, 4.0, 5.0, 1.0], [0.0, 2.0, 4.0, 4.0, 2.0, 2.0, 4.0, 0.0, 2.0, 2.0, 2.0, 2.0, 2.0, 2.0, 4.0, 2.0, 2.0, 2.0, 2.0, 2.0, 2.0, 2.0, 2.0, 2.0, 1.0, 2.0, 2.0, 2.0, 2.0, 2.0, 2.0, 2.0, 1.0, 2.0, 2.0, 2.0, 4.0, 5.0, 2.0], [4.0, 2.0, 2.0, 4.0, 4.0, 2.0, 4.0, 0.0, 2.0, 2.0, 2.0, 2.0, 5.0, 4.0, 2.0, 2.0, 2.0, 2.0, 4.0, 4.0, 2.0, 2.0, 2.0, 2.0, 2.0, 2.0, 2.0, 2.0, 2.0, 2.0, 2.0, 2.0, 2.0, 2.0, 2.0, 2.0, 4.0, 5.0, 1.0], [5.0, 2.0, 2.0, 4.0, 4.0, 2.0, 4.0, 4.0, 2.0, 3.0, 4.0, 2.0, 2.0, 4.0, 2.0, 2.0, 2.0, 2.0, 2.0, 4.0, 2.0, 2.0, 2.0, 2.0, 1.0, 2.0, 2.0, 2.0, 2.0, 2.0, 2.0, 2.0, 2.0, 2.0, 2.0, 4.0, 4.0, 5.0, 2.0], [2.0, 2.0, 2.0, 4.0, 4.0, 4.0, 4.0, 2.0, 2.0, 3.0, 2.0, 5.0, 2.0, 2.0, 2.0, 2.0, 2.0, 2.0, 5.0, 4.0, 2.0, 2.0, 2.0, 2.0, 2.0, 2.0, 2.0, 2.0, 2.0, 2.0, 2.0, 2.0, 2.0, 2.0, 2.0, 2.0, 4.0, 2.0, 1.0], [4.0, 2.0, 4.0, 4.0, 4.0, 2.0, 2.0, 0.0, 2.0, 2.0, 2.0, 2.0, 2.0, 5.0, 2.0, 2.0, 2.0, 2.0, 2.0, 2.0, 2.0, 2.0, 2.0, 2.0, 1.0, 2.0, 2.0, 2.0, 2.0, 1.0, 2.0, 2.0, 2.0, 2.0, 2.0, 2.0, 4.0, 5.0, 2.0], [4.0, 2.0, 4.0, 0.0, 4.0, 2.0, 2.0, 0.0, 2.0, 2.0, 2.0, 2.0, 5.0, 2.0, 0.0, 2.0, 2.0, 2.0, 5.0, 4.0, 2.0, 2.0, 2.0, 2.0, 1.0, 2.0, 2.0, 1.0, 2.0, 2.0, 2.0, 2.0, 2.0, 2.0, 2.0, 4.0, 4.0, 2.0, 2.0], [2.0, 2.0, 4.0, 4.0, 4.0, 2.0, 4.0, 3.0, 2.0, 2.0, 2.0, 2.0, 2.0, 2.0, 2.0, 2.0, 2.0, 2.0, 5.0, 4.0, 2.0, 2.0, 2.0, 2.0, 1.0, 2.0, 2.0, 2.0, 1.0, 2.0, 2.0, 2.0, 1.0, 2.0, 2.0, 2.0, 4.0, 5.0, 2.0], [4.0, 2.0, 4.0, 4.0, 2.0, 2.0, 4.0, 2.0, 2.0, 3.0, 4.0, 2.0, 4.0, 5.0, 2.0, 2.0, 2.0, 2.0, 5.0, 4.0, 2.0, 2.0, 2.0, 2.0, 2.0, 2.0, 1.0, 2.0, 2.0, 2.0, 2.0, 2.0, 2.0, 2.0, 2.0, 2.0, 4.0, 5.0, 2.0], [4.0, 2.0, 2.0, 4.0, 5.0, 2.0, 4.0, 4.0, 2.0, 2.0, 4.0, 2.0, 5.0, 2.0, 4.0, 2.0, 2.0, 2.0, 2.0, 4.0, 2.0, 2.0, 2.0, 2.0, 2.0, 2.0, 2.0, 2.0, 2.0, 2.0, 2.0, 2.0, 2.0, 2.0, 2.0, 2.0, 4.0, 4.0, 2.0], [4.0, 2.0, 4.0, 4.0, 4.0, 4.0, 4.0, 0.0, 2.0, 3.0, 2.0, 2.0, 4.0, 4.0, 2.0, 2.0, 2.0, 2.0, 5.0, 2.0, 2.0, 2.0, 2.0, 2.0, 1.0, 2.0, 2.0, 2.0, 2.0, 2.0, 2.0, 2.0, 2.0, 2.0, 2.0, 4.0, 4.0, 2.0, 2.0], [4.0, 2.0, 4.0, 4.0, 4.0, 4.0, 4.0, 0.0, 2.0, 2.0, 4.0, 2.0, 5.0, 5.0, 4.0, 2.0, 2.0, 2.0, 4.0, 2.0, 2.0, 2.0, 2.0, 2.0, 2.0, 2.0, 2.0, 2.0, 2.0, 2.0, 2.0, 2.0, 2.0, 2.0, 2.0, 2.0, 4.0, 4.0, 1.0], [2.0, 2.0, 4.0, 0.0, 4.0, 2.0, 4.0, 4.0, 2.0, 3.0, 4.0, 2.0, 2.0, 2.0, 2.0, 2.0, 2.0, 2.0, 5.0, 2.0, 2.0, 2.0, 2.0, 2.0, 1.0, 2.0, 2.0, 2.0, 2.0, 2.0, 2.0, 2.0, 2.0, 2.0, 2.0, 2.0, 4.0, 2.0, 2.0], [4.0, 2.0, 2.0, 4.0, 4.0, 4.0, 4.0, 4.0, 2.0, 2.0, 4.0, 2.0, 2.0, 2.0, 2.0, 2.0, 2.0, 2.0, 5.0, 4.0, 2.0, 2.0, 2.0, 2.0, 1.0, 2.0, 1.0, 2.0, 2.0, 2.0, 2.0, 2.0, 2.0, 2.0, 2.0, 2.0, 4.0, 4.0, 2.0]]

