first layer check: Conv2d(9, 64, kernel_size=(7, 7), stride=(2, 2), padding=(3, 3), bias=False)

target ys
[2.0, 4.0, 0.0, 2.0, 2.0, 4.0, 2.0, 2.0, 2.0, 4.0, 3.0, 2.0, 2.0, 5.0, 5.0, 5.0, 4.0, 3.0, 5.0, 2.0, 4.0, 5.0, 3.0, 1.0, 3.0, 1.0, 3.0, 1.0, 3.0, 2.0, 1.0, 1.0, 3.0, 5.0, 1.0, 3.0, 4.0, 4.0, 2.0, 1.0, 1.0, 1.0]

for model 0: mode acc: 0.3095238208770752, run mean acc: 0.31041663885116577, top-2 acc:0.5770833492279053, mode f1: 0.3095238208770752

model 0 mode preds
[2.0, 2.0, 2.0, 4.0, 2.0, 4.0, 2.0, 2.0, 2.0, 2.0, 2.0, 2.0, 1.0, 2.0, 2.0, 2.0, 4.0, 2.0, 4.0, 2.0, 2.0, 2.0, 2.0, 2.0, 2.0, 2.0, 2.0, 1.0, 2.0, 2.0, 2.0, 2.0, 2.0, 2.0, 2.0, 2.0, 2.0, 2.0, 2.0, 2.0, 2.0, 1.0]

model 0 all preds
[[5.0, 2.0, 2.0, 4.0, 2.0, 4.0, 2.0, 2.0, 5.0, 2.0, 2.0, 2.0, 2.0, 2.0, 4.0, 5.0, 2.0, 2.0, 2.0, 2.0, 2.0, 2.0, 2.0, 4.0, 2.0, 2.0, 2.0, 1.0, 2.0, 2.0, 2.0, 2.0, 2.0, 2.0, 2.0, 2.0, 2.0, 2.0, 2.0, 2.0, 2.0, 2.0], [2.0, 2.0, 2.0, 2.0, 2.0, 4.0, 2.0, 2.0, 2.0, 2.0, 2.0, 2.0, 1.0, 2.0, 2.0, 4.0, 4.0, 2.0, 2.0, 2.0, 2.0, 2.0, 2.0, 2.0, 2.0, 2.0, 2.0, 1.0, 2.0, 2.0, 2.0, 2.0, 2.0, 2.0, 2.0, 2.0, 2.0, 2.0, 2.0, 2.0, 2.0, 2.0], [2.0, 2.0, 2.0, 4.0, 2.0, 2.0, 2.0, 2.0, 2.0, 2.0, 2.0, 2.0, 1.0, 2.0, 2.0, 2.0, 2.0, 2.0, 4.0, 2.0, 2.0, 2.0, 2.0, 4.0, 2.0, 2.0, 2.0, 1.0, 2.0, 2.0, 2.0, 2.0, 2.0, 2.0, 2.0, 2.0, 2.0, 2.0, 2.0, 2.0, 2.0, 1.0], [2.0, 2.0, 2.0, 4.0, 0.0, 2.0, 2.0, 2.0, 2.0, 4.0, 2.0, 2.0, 1.0, 4.0, 2.0, 2.0, 2.0, 2.0, 4.0, 2.0, 2.0, 2.0, 2.0, 2.0, 2.0, 2.0, 2.0, 1.0, 2.0, 2.0, 1.0, 2.0, 2.0, 2.0, 2.0, 2.0, 2.0, 4.0, 2.0, 2.0, 2.0, 1.0], [2.0, 2.0, 2.0, 4.0, 2.0, 4.0, 2.0, 1.0, 2.0, 2.0, 2.0, 2.0, 1.0, 2.0, 4.0, 4.0, 4.0, 2.0, 4.0, 2.0, 2.0, 2.0, 2.0, 2.0, 2.0, 2.0, 2.0, 1.0, 2.0, 2.0, 2.0, 2.0, 2.0, 2.0, 2.0, 2.0, 2.0, 2.0, 2.0, 2.0, 2.0, 2.0], [4.0, 2.0, 2.0, 4.0, 2.0, 2.0, 2.0, 2.0, 2.0, 4.0, 2.0, 4.0, 1.0, 2.0, 4.0, 2.0, 2.0, 2.0, 2.0, 2.0, 2.0, 2.0, 2.0, 2.0, 2.0, 2.0, 2.0, 1.0, 2.0, 2.0, 1.0, 2.0, 2.0, 2.0, 2.0, 2.0, 2.0, 2.0, 2.0, 2.0, 2.0, 1.0], [2.0, 2.0, 2.0, 4.0, 4.0, 4.0, 2.0, 2.0, 2.0, 4.0, 2.0, 2.0, 1.0, 4.0, 5.0, 4.0, 4.0, 2.0, 4.0, 2.0, 2.0, 2.0, 2.0, 2.0, 2.0, 2.0, 2.0, 1.0, 2.0, 2.0, 2.0, 2.0, 2.0, 2.0, 2.0, 2.0, 2.0, 4.0, 2.0, 2.0, 2.0, 1.0], [4.0, 2.0, 2.0, 4.0, 2.0, 4.0, 2.0, 2.0, 2.0, 2.0, 3.0, 2.0, 1.0, 2.0, 2.0, 4.0, 4.0, 2.0, 4.0, 2.0, 2.0, 2.0, 2.0, 2.0, 2.0, 2.0, 2.0, 1.0, 2.0, 2.0, 2.0, 2.0, 2.0, 2.0, 2.0, 2.0, 2.0, 2.0, 2.0, 2.0, 2.0, 1.0], [4.0, 2.0, 2.0, 4.0, 2.0, 2.0, 2.0, 2.0, 2.0, 2.0, 2.0, 2.0, 1.0, 2.0, 5.0, 2.0, 2.0, 2.0, 2.0, 2.0, 2.0, 2.0, 2.0, 4.0, 2.0, 2.0, 2.0, 1.0, 2.0, 2.0, 1.0, 2.0, 2.0, 2.0, 2.0, 2.0, 2.0, 2.0, 2.0, 2.0, 2.0, 2.0], [4.0, 2.0, 2.0, 4.0, 2.0, 4.0, 2.0, 1.0, 2.0, 2.0, 2.0, 2.0, 2.0, 2.0, 2.0, 4.0, 4.0, 2.0, 2.0, 2.0, 2.0, 2.0, 2.0, 2.0, 2.0, 2.0, 2.0, 1.0, 2.0, 2.0, 1.0, 2.0, 2.0, 2.0, 2.0, 2.0, 2.0, 2.0, 2.0, 2.0, 2.0, 2.0], [2.0, 2.0, 2.0, 2.0, 4.0, 2.0, 2.0, 2.0, 5.0, 4.0, 2.0, 2.0, 1.0, 2.0, 2.0, 4.0, 4.0, 2.0, 2.0, 2.0, 2.0, 2.0, 2.0, 2.0, 2.0, 2.0, 2.0, 1.0, 2.0, 2.0, 1.0, 2.0, 2.0, 2.0, 2.0, 2.0, 2.0, 4.0, 2.0, 2.0, 2.0, 1.0], [4.0, 2.0, 2.0, 4.0, 2.0, 4.0, 2.0, 2.0, 2.0, 2.0, 2.0, 2.0, 2.0, 2.0, 4.0, 2.0, 4.0, 2.0, 2.0, 2.0, 2.0, 2.0, 2.0, 2.0, 2.0, 2.0, 2.0, 1.0, 2.0, 2.0, 2.0, 2.0, 2.0, 2.0, 2.0, 2.0, 2.0, 2.0, 2.0, 2.0, 2.0, 1.0], [2.0, 2.0, 2.0, 2.0, 4.0, 4.0, 2.0, 2.0, 2.0, 4.0, 2.0, 2.0, 1.0, 4.0, 5.0, 2.0, 2.0, 2.0, 4.0, 2.0, 2.0, 2.0, 2.0, 2.0, 2.0, 2.0, 2.0, 1.0, 2.0, 2.0, 2.0, 2.0, 2.0, 2.0, 2.0, 2.0, 2.0, 2.0, 2.0, 2.0, 2.0, 1.0], [4.0, 2.0, 2.0, 2.0, 2.0, 4.0, 2.0, 2.0, 2.0, 4.0, 2.0, 2.0, 1.0, 2.0, 4.0, 2.0, 4.0, 2.0, 2.0, 2.0, 2.0, 2.0, 2.0, 2.0, 2.0, 2.0, 2.0, 1.0, 2.0, 2.0, 2.0, 2.0, 2.0, 2.0, 2.0, 2.0, 2.0, 2.0, 2.0, 2.0, 2.0, 1.0], [2.0, 2.0, 2.0, 4.0, 2.0, 4.0, 2.0, 2.0, 2.0, 4.0, 2.0, 2.0, 2.0, 2.0, 2.0, 2.0, 4.0, 2.0, 4.0, 2.0, 2.0, 2.0, 2.0, 2.0, 2.0, 2.0, 2.0, 1.0, 2.0, 2.0, 2.0, 2.0, 2.0, 2.0, 2.0, 2.0, 2.0, 2.0, 2.0, 2.0, 2.0, 1.0], [2.0, 2.0, 2.0, 2.0, 2.0, 4.0, 2.0, 2.0, 2.0, 2.0, 2.0, 2.0, 1.0, 4.0, 2.0, 4.0, 4.0, 1.0, 4.0, 2.0, 2.0, 2.0, 2.0, 2.0, 2.0, 2.0, 2.0, 1.0, 2.0, 2.0, 2.0, 2.0, 2.0, 2.0, 2.0, 2.0, 2.0, 2.0, 2.0, 2.0, 2.0, 1.0], [2.0, 2.0, 2.0, 4.0, 2.0, 4.0, 2.0, 2.0, 2.0, 2.0, 2.0, 2.0, 1.0, 2.0, 2.0, 4.0, 2.0, 2.0, 4.0, 2.0, 2.0, 2.0, 2.0, 5.0, 2.0, 2.0, 2.0, 1.0, 2.0, 2.0, 2.0, 2.0, 2.0, 2.0, 2.0, 2.0, 2.0, 2.0, 2.0, 2.0, 2.0, 2.0], [2.0, 2.0, 2.0, 2.0, 2.0, 4.0, 2.0, 2.0, 2.0, 4.0, 2.0, 2.0, 1.0, 2.0, 4.0, 2.0, 4.0, 2.0, 4.0, 2.0, 2.0, 2.0, 2.0, 2.0, 2.0, 2.0, 2.0, 1.0, 2.0, 2.0, 1.0, 2.0, 2.0, 2.0, 2.0, 2.0, 2.0, 4.0, 2.0, 2.0, 2.0, 2.0], [4.0, 2.0, 2.0, 4.0, 2.0, 2.0, 2.0, 1.0, 2.0, 2.0, 2.0, 2.0, 1.0, 2.0, 2.0, 2.0, 2.0, 2.0, 4.0, 2.0, 2.0, 2.0, 2.0, 5.0, 2.0, 2.0, 2.0, 1.0, 2.0, 2.0, 2.0, 2.0, 2.0, 2.0, 2.0, 2.0, 2.0, 2.0, 2.0, 2.0, 2.0, 1.0], [4.0, 2.0, 2.0, 4.0, 2.0, 4.0, 2.0, 2.0, 2.0, 2.0, 2.0, 2.0, 1.0, 2.0, 4.0, 4.0, 4.0, 3.0, 2.0, 2.0, 1.0, 2.0, 2.0, 5.0, 2.0, 2.0, 2.0, 1.0, 2.0, 2.0, 2.0, 2.0, 2.0, 4.0, 2.0, 2.0, 2.0, 4.0, 2.0, 2.0, 2.0, 1.0], [2.0, 2.0, 2.0, 4.0, 4.0, 2.0, 2.0, 2.0, 2.0, 2.0, 2.0, 4.0, 1.0, 2.0, 4.0, 4.0, 4.0, 3.0, 4.0, 2.0, 2.0, 2.0, 2.0, 2.0, 2.0, 2.0, 2.0, 1.0, 2.0, 2.0, 1.0, 2.0, 2.0, 2.0, 2.0, 2.0, 2.0, 4.0, 2.0, 2.0, 2.0, 2.0], [5.0, 2.0, 2.0, 4.0, 2.0, 4.0, 2.0, 2.0, 2.0, 2.0, 3.0, 2.0, 1.0, 2.0, 4.0, 4.0, 2.0, 4.0, 2.0, 2.0, 2.0, 2.0, 2.0, 2.0, 2.0, 2.0, 2.0, 1.0, 2.0, 2.0, 2.0, 2.0, 2.0, 2.0, 2.0, 2.0, 2.0, 4.0, 2.0, 2.0, 2.0, 2.0], [2.0, 2.0, 2.0, 4.0, 2.0, 2.0, 2.0, 2.0, 2.0, 4.0, 2.0, 4.0, 1.0, 2.0, 2.0, 2.0, 4.0, 2.0, 2.0, 2.0, 2.0, 2.0, 2.0, 2.0, 2.0, 2.0, 2.0, 1.0, 2.0, 2.0, 1.0, 2.0, 2.0, 2.0, 2.0, 2.0, 2.0, 4.0, 2.0, 2.0, 2.0, 2.0], [4.0, 2.0, 2.0, 2.0, 2.0, 2.0, 2.0, 2.0, 2.0, 2.0, 2.0, 2.0, 1.0, 2.0, 4.0, 4.0, 2.0, 3.0, 4.0, 2.0, 2.0, 2.0, 2.0, 2.0, 2.0, 2.0, 2.0, 1.0, 2.0, 2.0, 2.0, 2.0, 2.0, 2.0, 2.0, 2.0, 2.0, 2.0, 2.0, 2.0, 1.0, 1.0], [2.0, 2.0, 2.0, 4.0, 4.0, 4.0, 2.0, 2.0, 2.0, 2.0, 2.0, 2.0, 2.0, 2.0, 2.0, 4.0, 4.0, 2.0, 2.0, 2.0, 2.0, 2.0, 2.0, 2.0, 2.0, 2.0, 2.0, 1.0, 2.0, 2.0, 2.0, 2.0, 2.0, 2.0, 2.0, 2.0, 2.0, 2.0, 2.0, 2.0, 2.0, 1.0], [2.0, 2.0, 2.0, 4.0, 2.0, 4.0, 2.0, 2.0, 2.0, 2.0, 2.0, 2.0, 1.0, 4.0, 4.0, 2.0, 2.0, 2.0, 4.0, 2.0, 2.0, 2.0, 2.0, 3.0, 2.0, 2.0, 2.0, 1.0, 2.0, 2.0, 2.0, 2.0, 2.0, 2.0, 2.0, 2.0, 2.0, 4.0, 2.0, 2.0, 2.0, 2.0], [4.0, 2.0, 2.0, 4.0, 2.0, 4.0, 2.0, 2.0, 2.0, 4.0, 2.0, 4.0, 2.0, 2.0, 4.0, 4.0, 2.0, 2.0, 2.0, 2.0, 2.0, 2.0, 2.0, 2.0, 2.0, 2.0, 2.0, 1.0, 2.0, 2.0, 2.0, 2.0, 2.0, 4.0, 2.0, 2.0, 2.0, 2.0, 2.0, 2.0, 2.0, 1.0], [4.0, 2.0, 2.0, 4.0, 2.0, 2.0, 2.0, 2.0, 2.0, 2.0, 2.0, 2.0, 1.0, 2.0, 4.0, 5.0, 4.0, 2.0, 4.0, 2.0, 2.0, 2.0, 4.0, 2.0, 2.0, 2.0, 2.0, 1.0, 2.0, 2.0, 2.0, 2.0, 2.0, 2.0, 2.0, 2.0, 2.0, 4.0, 2.0, 2.0, 2.0, 1.0], [4.0, 2.0, 2.0, 4.0, 4.0, 2.0, 2.0, 2.0, 2.0, 2.0, 2.0, 4.0, 1.0, 4.0, 2.0, 4.0, 4.0, 2.0, 2.0, 2.0, 2.0, 2.0, 2.0, 2.0, 2.0, 2.0, 2.0, 1.0, 2.0, 2.0, 1.0, 2.0, 2.0, 2.0, 2.0, 2.0, 2.0, 2.0, 2.0, 2.0, 2.0, 1.0], [4.0, 2.0, 2.0, 4.0, 2.0, 2.0, 2.0, 2.0, 2.0, 2.0, 2.0, 2.0, 1.0, 2.0, 4.0, 2.0, 2.0, 2.0, 2.0, 2.0, 2.0, 2.0, 2.0, 2.0, 2.0, 2.0, 2.0, 1.0, 2.0, 2.0, 2.0, 2.0, 2.0, 2.0, 2.0, 2.0, 2.0, 4.0, 2.0, 2.0, 2.0, 2.0], [4.0, 2.0, 2.0, 4.0, 4.0, 4.0, 2.0, 2.0, 2.0, 4.0, 2.0, 2.0, 1.0, 2.0, 2.0, 4.0, 4.0, 2.0, 2.0, 2.0, 2.0, 2.0, 2.0, 2.0, 2.0, 2.0, 2.0, 1.0, 2.0, 2.0, 2.0, 2.0, 2.0, 2.0, 2.0, 2.0, 2.0, 4.0, 2.0, 2.0, 2.0, 1.0], [4.0, 2.0, 2.0, 2.0, 2.0, 2.0, 2.0, 2.0, 2.0, 4.0, 2.0, 2.0, 1.0, 2.0, 2.0, 2.0, 4.0, 2.0, 4.0, 2.0, 2.0, 2.0, 2.0, 2.0, 2.0, 2.0, 2.0, 1.0, 2.0, 2.0, 1.0, 2.0, 2.0, 2.0, 2.0, 2.0, 2.0, 4.0, 2.0, 2.0, 2.0, 1.0], [2.0, 2.0, 2.0, 4.0, 2.0, 4.0, 2.0, 2.0, 2.0, 2.0, 2.0, 2.0, 1.0, 2.0, 2.0, 2.0, 4.0, 3.0, 4.0, 2.0, 2.0, 2.0, 2.0, 2.0, 2.0, 2.0, 2.0, 1.0, 2.0, 2.0, 1.0, 2.0, 2.0, 2.0, 2.0, 2.0, 2.0, 4.0, 2.0, 2.0, 2.0, 1.0], [4.0, 2.0, 1.0, 2.0, 2.0, 2.0, 2.0, 2.0, 2.0, 2.0, 2.0, 4.0, 1.0, 2.0, 5.0, 2.0, 4.0, 2.0, 4.0, 2.0, 2.0, 2.0, 2.0, 2.0, 2.0, 2.0, 2.0, 1.0, 2.0, 2.0, 1.0, 2.0, 2.0, 2.0, 2.0, 2.0, 2.0, 2.0, 2.0, 2.0, 2.0, 1.0], [2.0, 2.0, 2.0, 2.0, 4.0, 2.0, 2.0, 2.0, 5.0, 2.0, 2.0, 2.0, 1.0, 2.0, 4.0, 4.0, 4.0, 2.0, 4.0, 2.0, 2.0, 2.0, 4.0, 2.0, 2.0, 2.0, 2.0, 1.0, 2.0, 2.0, 2.0, 2.0, 2.0, 2.0, 2.0, 4.0, 2.0, 2.0, 2.0, 2.0, 2.0, 1.0], [2.0, 2.0, 2.0, 4.0, 2.0, 2.0, 2.0, 2.0, 2.0, 2.0, 2.0, 2.0, 2.0, 2.0, 2.0, 2.0, 4.0, 2.0, 4.0, 2.0, 2.0, 2.0, 2.0, 2.0, 2.0, 2.0, 2.0, 1.0, 1.0, 2.0, 2.0, 2.0, 2.0, 2.0, 2.0, 2.0, 2.0, 2.0, 2.0, 2.0, 2.0, 1.0], [5.0, 2.0, 2.0, 2.0, 2.0, 2.0, 2.0, 2.0, 2.0, 4.0, 2.0, 2.0, 1.0, 2.0, 2.0, 2.0, 2.0, 3.0, 4.0, 2.0, 2.0, 2.0, 2.0, 2.0, 2.0, 2.0, 2.0, 1.0, 2.0, 2.0, 2.0, 2.0, 2.0, 2.0, 2.0, 2.0, 2.0, 4.0, 2.0, 2.0, 2.0, 1.0], [2.0, 2.0, 2.0, 4.0, 2.0, 4.0, 2.0, 2.0, 2.0, 2.0, 2.0, 4.0, 1.0, 2.0, 2.0, 2.0, 2.0, 2.0, 4.0, 2.0, 2.0, 2.0, 2.0, 2.0, 2.0, 2.0, 2.0, 1.0, 2.0, 2.0, 2.0, 2.0, 2.0, 2.0, 2.0, 2.0, 2.0, 4.0, 2.0, 2.0, 2.0, 1.0], [2.0, 2.0, 2.0, 4.0, 2.0, 4.0, 2.0, 2.0, 2.0, 2.0, 2.0, 4.0, 1.0, 2.0, 4.0, 4.0, 4.0, 2.0, 2.0, 2.0, 2.0, 2.0, 2.0, 2.0, 2.0, 2.0, 2.0, 1.0, 2.0, 2.0, 2.0, 2.0, 2.0, 2.0, 2.0, 2.0, 2.0, 2.0, 2.0, 2.0, 2.0, 1.0], [2.0, 2.0, 2.0, 4.0, 2.0, 2.0, 2.0, 2.0, 2.0, 4.0, 2.0, 2.0, 1.0, 2.0, 4.0, 2.0, 4.0, 4.0, 2.0, 2.0, 2.0, 2.0, 2.0, 2.0, 2.0, 2.0, 2.0, 1.0, 2.0, 2.0, 2.0, 2.0, 2.0, 2.0, 2.0, 2.0, 2.0, 2.0, 2.0, 2.0, 2.0, 1.0], [2.0, 2.0, 2.0, 4.0, 4.0, 4.0, 2.0, 2.0, 2.0, 2.0, 2.0, 2.0, 2.0, 2.0, 2.0, 4.0, 4.0, 2.0, 4.0, 2.0, 2.0, 2.0, 2.0, 2.0, 2.0, 2.0, 2.0, 1.0, 4.0, 2.0, 1.0, 2.0, 2.0, 2.0, 2.0, 2.0, 2.0, 2.0, 2.0, 2.0, 2.0, 1.0], [2.0, 2.0, 1.0, 4.0, 2.0, 4.0, 2.0, 2.0, 2.0, 2.0, 2.0, 2.0, 1.0, 2.0, 2.0, 2.0, 4.0, 2.0, 2.0, 2.0, 2.0, 2.0, 2.0, 2.0, 2.0, 2.0, 2.0, 1.0, 2.0, 2.0, 2.0, 2.0, 2.0, 2.0, 2.0, 2.0, 2.0, 2.0, 2.0, 2.0, 2.0, 1.0], [4.0, 2.0, 2.0, 2.0, 2.0, 2.0, 2.0, 2.0, 2.0, 4.0, 2.0, 2.0, 1.0, 2.0, 2.0, 2.0, 2.0, 2.0, 4.0, 2.0, 2.0, 2.0, 2.0, 5.0, 2.0, 2.0, 2.0, 1.0, 2.0, 2.0, 2.0, 2.0, 2.0, 2.0, 2.0, 2.0, 2.0, 2.0, 2.0, 2.0, 2.0, 2.0], [2.0, 2.0, 2.0, 4.0, 2.0, 2.0, 2.0, 2.0, 2.0, 4.0, 2.0, 2.0, 1.0, 4.0, 2.0, 4.0, 4.0, 2.0, 2.0, 2.0, 2.0, 2.0, 4.0, 2.0, 2.0, 2.0, 2.0, 1.0, 2.0, 2.0, 2.0, 2.0, 2.0, 2.0, 2.0, 2.0, 2.0, 4.0, 2.0, 2.0, 2.0, 1.0], [4.0, 2.0, 2.0, 4.0, 2.0, 2.0, 2.0, 2.0, 2.0, 2.0, 2.0, 2.0, 1.0, 2.0, 2.0, 2.0, 2.0, 2.0, 4.0, 2.0, 2.0, 2.0, 2.0, 2.0, 2.0, 2.0, 2.0, 1.0, 2.0, 2.0, 2.0, 2.0, 2.0, 2.0, 2.0, 2.0, 2.0, 4.0, 2.0, 2.0, 2.0, 2.0], [2.0, 2.0, 2.0, 4.0, 2.0, 4.0, 2.0, 2.0, 2.0, 4.0, 2.0, 2.0, 1.0, 2.0, 5.0, 4.0, 4.0, 5.0, 5.0, 2.0, 2.0, 2.0, 2.0, 2.0, 2.0, 2.0, 2.0, 1.0, 2.0, 2.0, 2.0, 2.0, 2.0, 2.0, 2.0, 2.0, 2.0, 4.0, 2.0, 2.0, 2.0, 2.0], [2.0, 2.0, 2.0, 4.0, 2.0, 2.0, 2.0, 1.0, 2.0, 4.0, 2.0, 2.0, 1.0, 4.0, 2.0, 2.0, 4.0, 2.0, 2.0, 2.0, 2.0, 2.0, 2.0, 2.0, 2.0, 2.0, 2.0, 1.0, 2.0, 2.0, 1.0, 2.0, 2.0, 2.0, 2.0, 2.0, 2.0, 2.0, 2.0, 2.0, 2.0, 1.0], [2.0, 2.0, 2.0, 2.0, 4.0, 4.0, 2.0, 2.0, 2.0, 2.0, 2.0, 2.0, 1.0, 2.0, 2.0, 4.0, 4.0, 2.0, 4.0, 2.0, 2.0, 2.0, 2.0, 2.0, 2.0, 2.0, 2.0, 1.0, 2.0, 2.0, 1.0, 2.0, 2.0, 2.0, 2.0, 2.0, 2.0, 4.0, 2.0, 2.0, 2.0, 1.0], [4.0, 2.0, 2.0, 4.0, 2.0, 2.0, 2.0, 2.0, 2.0, 4.0, 2.0, 2.0, 1.0, 2.0, 4.0, 4.0, 2.0, 2.0, 2.0, 2.0, 2.0, 2.0, 2.0, 4.0, 2.0, 2.0, 2.0, 1.0, 2.0, 2.0, 1.0, 2.0, 2.0, 2.0, 2.0, 2.0, 2.0, 2.0, 2.0, 2.0, 2.0, 1.0], [4.0, 2.0, 2.0, 2.0, 4.0, 4.0, 2.0, 2.0, 2.0, 4.0, 3.0, 2.0, 1.0, 4.0, 2.0, 2.0, 4.0, 2.0, 2.0, 2.0, 2.0, 2.0, 2.0, 2.0, 2.0, 2.0, 2.0, 1.0, 2.0, 2.0, 2.0, 2.0, 2.0, 2.0, 2.0, 2.0, 2.0, 4.0, 2.0, 2.0, 2.0, 2.0]]

first layer check: Conv2d(9, 64, kernel_size=(7, 7), stride=(2, 2), padding=(3, 3), bias=False)

for model 1: mode acc: 0.3095238208770752, run mean acc: 0.3333333134651184, top-2 acc:0.597083330154419, mode f1: 0.3095238208770752

model 1 mode preds
[4.0, 2.0, 2.0, 4.0, 2.0, 2.0, 2.0, 1.0, 5.0, 4.0, 3.0, 4.0, 1.0, 3.0, 2.0, 4.0, 4.0, 3.0, 4.0, 2.0, 3.0, 2.0, 2.0, 4.0, 2.0, 2.0, 2.0, 1.0, 4.0, 2.0, 1.0, 2.0, 2.0, 2.0, 2.0, 2.0, 2.0, 4.0, 2.0, 2.0, 2.0, 1.0]

model 1 all preds
[[4.0, 2.0, 2.0, 4.0, 4.0, 2.0, 2.0, 1.0, 5.0, 4.0, 3.0, 4.0, 1.0, 3.0, 2.0, 4.0, 2.0, 3.0, 4.0, 2.0, 2.0, 2.0, 2.0, 2.0, 2.0, 2.0, 2.0, 1.0, 2.0, 2.0, 1.0, 2.0, 2.0, 2.0, 2.0, 2.0, 2.0, 2.0, 2.0, 2.0, 2.0, 1.0], [2.0, 2.0, 2.0, 4.0, 4.0, 2.0, 5.0, 1.0, 5.0, 4.0, 3.0, 4.0, 1.0, 3.0, 2.0, 4.0, 4.0, 3.0, 4.0, 4.0, 2.0, 2.0, 2.0, 4.0, 2.0, 2.0, 2.0, 1.0, 4.0, 2.0, 1.0, 2.0, 2.0, 2.0, 2.0, 2.0, 4.0, 2.0, 2.0, 2.0, 2.0, 1.0], [4.0, 2.0, 2.0, 4.0, 2.0, 2.0, 2.0, 1.0, 5.0, 4.0, 3.0, 2.0, 1.0, 3.0, 2.0, 4.0, 2.0, 3.0, 4.0, 2.0, 3.0, 2.0, 2.0, 4.0, 2.0, 2.0, 2.0, 1.0, 4.0, 2.0, 1.0, 2.0, 2.0, 2.0, 2.0, 4.0, 2.0, 4.0, 2.0, 2.0, 2.0, 1.0], [4.0, 2.0, 2.0, 4.0, 2.0, 2.0, 2.0, 2.0, 5.0, 4.0, 3.0, 4.0, 1.0, 3.0, 2.0, 4.0, 4.0, 3.0, 4.0, 2.0, 3.0, 2.0, 2.0, 4.0, 1.0, 2.0, 2.0, 1.0, 4.0, 2.0, 1.0, 2.0, 2.0, 2.0, 2.0, 2.0, 2.0, 4.0, 2.0, 2.0, 2.0, 1.0], [4.0, 2.0, 2.0, 4.0, 2.0, 2.0, 3.0, 1.0, 3.0, 2.0, 3.0, 4.0, 1.0, 3.0, 2.0, 4.0, 4.0, 3.0, 4.0, 2.0, 2.0, 2.0, 2.0, 4.0, 2.0, 2.0, 2.0, 1.0, 4.0, 2.0, 1.0, 2.0, 2.0, 2.0, 2.0, 2.0, 2.0, 4.0, 2.0, 2.0, 2.0, 1.0], [4.0, 2.0, 2.0, 4.0, 2.0, 2.0, 2.0, 2.0, 5.0, 4.0, 3.0, 2.0, 1.0, 4.0, 2.0, 4.0, 2.0, 3.0, 2.0, 2.0, 3.0, 2.0, 2.0, 2.0, 2.0, 2.0, 2.0, 1.0, 2.0, 2.0, 1.0, 2.0, 2.0, 2.0, 2.0, 2.0, 2.0, 4.0, 2.0, 2.0, 2.0, 1.0], [4.0, 2.0, 2.0, 4.0, 2.0, 4.0, 2.0, 1.0, 5.0, 4.0, 3.0, 4.0, 1.0, 4.0, 2.0, 4.0, 2.0, 3.0, 4.0, 4.0, 3.0, 2.0, 2.0, 4.0, 2.0, 2.0, 2.0, 1.0, 4.0, 2.0, 1.0, 2.0, 2.0, 4.0, 2.0, 2.0, 4.0, 4.0, 2.0, 1.0, 2.0, 1.0], [4.0, 2.0, 2.0, 4.0, 2.0, 2.0, 2.0, 2.0, 5.0, 4.0, 3.0, 2.0, 3.0, 2.0, 2.0, 4.0, 4.0, 3.0, 4.0, 2.0, 3.0, 2.0, 2.0, 4.0, 2.0, 2.0, 2.0, 1.0, 4.0, 2.0, 1.0, 2.0, 2.0, 2.0, 2.0, 2.0, 2.0, 2.0, 2.0, 2.0, 1.0, 1.0], [2.0, 2.0, 2.0, 4.0, 2.0, 2.0, 2.0, 2.0, 5.0, 4.0, 3.0, 4.0, 1.0, 4.0, 2.0, 4.0, 2.0, 2.0, 4.0, 2.0, 3.0, 2.0, 2.0, 4.0, 2.0, 2.0, 2.0, 1.0, 4.0, 2.0, 1.0, 2.0, 2.0, 4.0, 2.0, 2.0, 2.0, 2.0, 2.0, 2.0, 2.0, 1.0], [4.0, 2.0, 2.0, 4.0, 2.0, 2.0, 5.0, 2.0, 5.0, 4.0, 3.0, 4.0, 1.0, 4.0, 2.0, 4.0, 2.0, 3.0, 4.0, 2.0, 2.0, 2.0, 4.0, 3.0, 2.0, 2.0, 2.0, 1.0, 4.0, 2.0, 1.0, 2.0, 2.0, 4.0, 2.0, 3.0, 2.0, 4.0, 2.0, 2.0, 1.0, 1.0], [4.0, 2.0, 2.0, 4.0, 2.0, 4.0, 2.0, 2.0, 5.0, 4.0, 3.0, 4.0, 1.0, 4.0, 2.0, 4.0, 2.0, 3.0, 2.0, 4.0, 2.0, 2.0, 2.0, 4.0, 2.0, 2.0, 2.0, 1.0, 4.0, 2.0, 1.0, 2.0, 4.0, 2.0, 2.0, 2.0, 2.0, 4.0, 2.0, 2.0, 3.0, 1.0], [4.0, 2.0, 2.0, 4.0, 2.0, 2.0, 2.0, 2.0, 5.0, 2.0, 3.0, 4.0, 1.0, 3.0, 2.0, 4.0, 2.0, 3.0, 4.0, 2.0, 3.0, 2.0, 2.0, 2.0, 2.0, 2.0, 2.0, 1.0, 4.0, 2.0, 1.0, 2.0, 2.0, 2.0, 2.0, 2.0, 2.0, 2.0, 2.0, 2.0, 2.0, 1.0], [4.0, 2.0, 2.0, 4.0, 4.0, 4.0, 2.0, 1.0, 5.0, 4.0, 3.0, 2.0, 1.0, 3.0, 2.0, 2.0, 2.0, 3.0, 4.0, 2.0, 2.0, 2.0, 2.0, 2.0, 2.0, 2.0, 2.0, 1.0, 4.0, 2.0, 1.0, 2.0, 2.0, 2.0, 2.0, 3.0, 2.0, 4.0, 2.0, 2.0, 2.0, 1.0], [4.0, 2.0, 2.0, 2.0, 2.0, 2.0, 2.0, 1.0, 5.0, 4.0, 3.0, 2.0, 1.0, 4.0, 2.0, 4.0, 2.0, 3.0, 4.0, 4.0, 2.0, 2.0, 2.0, 4.0, 2.0, 2.0, 2.0, 1.0, 4.0, 2.0, 1.0, 2.0, 2.0, 2.0, 2.0, 2.0, 2.0, 2.0, 2.0, 2.0, 3.0, 1.0], [4.0, 2.0, 2.0, 4.0, 2.0, 2.0, 2.0, 2.0, 5.0, 4.0, 3.0, 4.0, 1.0, 3.0, 2.0, 4.0, 4.0, 3.0, 4.0, 2.0, 3.0, 2.0, 2.0, 4.0, 4.0, 2.0, 2.0, 1.0, 4.0, 2.0, 1.0, 2.0, 2.0, 2.0, 2.0, 2.0, 2.0, 2.0, 2.0, 2.0, 3.0, 1.0], [4.0, 2.0, 2.0, 4.0, 2.0, 2.0, 3.0, 1.0, 5.0, 4.0, 3.0, 2.0, 1.0, 3.0, 2.0, 4.0, 4.0, 3.0, 5.0, 2.0, 3.0, 2.0, 2.0, 4.0, 2.0, 2.0, 2.0, 1.0, 2.0, 2.0, 1.0, 2.0, 2.0, 2.0, 2.0, 3.0, 4.0, 4.0, 2.0, 2.0, 2.0, 2.0], [4.0, 4.0, 2.0, 4.0, 2.0, 2.0, 2.0, 1.0, 5.0, 4.0, 3.0, 4.0, 1.0, 3.0, 2.0, 4.0, 4.0, 3.0, 2.0, 2.0, 2.0, 2.0, 2.0, 4.0, 2.0, 2.0, 2.0, 1.0, 4.0, 2.0, 1.0, 2.0, 2.0, 2.0, 2.0, 2.0, 2.0, 4.0, 2.0, 2.0, 2.0, 1.0], [4.0, 2.0, 2.0, 4.0, 4.0, 2.0, 3.0, 1.0, 5.0, 2.0, 3.0, 2.0, 1.0, 3.0, 2.0, 4.0, 2.0, 2.0, 4.0, 4.0, 3.0, 2.0, 2.0, 2.0, 4.0, 2.0, 2.0, 1.0, 4.0, 2.0, 1.0, 2.0, 2.0, 2.0, 2.0, 2.0, 2.0, 4.0, 2.0, 1.0, 2.0, 1.0], [4.0, 2.0, 2.0, 4.0, 2.0, 2.0, 2.0, 1.0, 3.0, 4.0, 3.0, 4.0, 1.0, 3.0, 2.0, 4.0, 4.0, 3.0, 4.0, 2.0, 3.0, 2.0, 2.0, 4.0, 2.0, 2.0, 2.0, 1.0, 4.0, 2.0, 1.0, 2.0, 2.0, 2.0, 2.0, 2.0, 2.0, 4.0, 2.0, 2.0, 2.0, 1.0], [4.0, 2.0, 2.0, 2.0, 2.0, 2.0, 2.0, 1.0, 3.0, 3.0, 3.0, 4.0, 1.0, 3.0, 2.0, 4.0, 4.0, 3.0, 4.0, 2.0, 2.0, 2.0, 2.0, 4.0, 2.0, 2.0, 2.0, 1.0, 4.0, 2.0, 1.0, 2.0, 2.0, 2.0, 2.0, 4.0, 2.0, 4.0, 2.0, 2.0, 1.0, 1.0], [2.0, 2.0, 2.0, 2.0, 4.0, 2.0, 2.0, 2.0, 5.0, 4.0, 3.0, 2.0, 1.0, 3.0, 2.0, 4.0, 2.0, 3.0, 4.0, 4.0, 3.0, 2.0, 2.0, 4.0, 2.0, 2.0, 2.0, 1.0, 4.0, 2.0, 1.0, 2.0, 4.0, 2.0, 2.0, 2.0, 4.0, 2.0, 2.0, 2.0, 2.0, 1.0], [4.0, 2.0, 2.0, 4.0, 2.0, 2.0, 2.0, 1.0, 5.0, 4.0, 3.0, 4.0, 3.0, 3.0, 2.0, 4.0, 2.0, 3.0, 4.0, 2.0, 2.0, 2.0, 4.0, 4.0, 2.0, 2.0, 2.0, 1.0, 4.0, 2.0, 1.0, 2.0, 2.0, 2.0, 2.0, 2.0, 2.0, 4.0, 2.0, 2.0, 3.0, 1.0], [4.0, 2.0, 2.0, 4.0, 2.0, 4.0, 2.0, 1.0, 5.0, 4.0, 3.0, 2.0, 1.0, 3.0, 2.0, 2.0, 4.0, 3.0, 4.0, 4.0, 2.0, 2.0, 2.0, 4.0, 2.0, 2.0, 2.0, 1.0, 4.0, 2.0, 1.0, 2.0, 4.0, 2.0, 2.0, 2.0, 2.0, 2.0, 2.0, 2.0, 3.0, 1.0], [4.0, 2.0, 2.0, 2.0, 2.0, 2.0, 2.0, 1.0, 5.0, 4.0, 3.0, 4.0, 1.0, 4.0, 2.0, 2.0, 4.0, 3.0, 4.0, 4.0, 3.0, 2.0, 2.0, 4.0, 2.0, 2.0, 2.0, 1.0, 2.0, 2.0, 1.0, 2.0, 2.0, 2.0, 2.0, 2.0, 2.0, 4.0, 2.0, 2.0, 2.0, 1.0], [4.0, 2.0, 2.0, 4.0, 4.0, 2.0, 3.0, 1.0, 5.0, 4.0, 3.0, 4.0, 1.0, 3.0, 2.0, 4.0, 4.0, 3.0, 4.0, 4.0, 2.0, 2.0, 2.0, 2.0, 2.0, 2.0, 2.0, 1.0, 4.0, 2.0, 1.0, 2.0, 2.0, 2.0, 2.0, 3.0, 4.0, 4.0, 2.0, 2.0, 2.0, 1.0], [4.0, 2.0, 2.0, 4.0, 2.0, 2.0, 3.0, 1.0, 5.0, 4.0, 3.0, 2.0, 1.0, 4.0, 2.0, 4.0, 4.0, 3.0, 2.0, 4.0, 3.0, 2.0, 2.0, 4.0, 2.0, 2.0, 2.0, 1.0, 4.0, 2.0, 1.0, 2.0, 2.0, 2.0, 2.0, 2.0, 2.0, 4.0, 2.0, 2.0, 2.0, 1.0], [4.0, 2.0, 2.0, 4.0, 2.0, 4.0, 2.0, 2.0, 5.0, 4.0, 3.0, 4.0, 1.0, 3.0, 2.0, 4.0, 4.0, 3.0, 4.0, 2.0, 2.0, 2.0, 2.0, 4.0, 2.0, 2.0, 2.0, 1.0, 2.0, 2.0, 1.0, 2.0, 2.0, 2.0, 2.0, 4.0, 4.0, 2.0, 2.0, 2.0, 1.0, 1.0], [2.0, 2.0, 2.0, 4.0, 2.0, 2.0, 2.0, 1.0, 3.0, 4.0, 3.0, 2.0, 1.0, 3.0, 2.0, 4.0, 2.0, 3.0, 4.0, 4.0, 3.0, 2.0, 2.0, 4.0, 2.0, 2.0, 2.0, 1.0, 4.0, 2.0, 1.0, 2.0, 2.0, 2.0, 2.0, 2.0, 2.0, 4.0, 2.0, 2.0, 3.0, 1.0], [4.0, 2.0, 2.0, 4.0, 4.0, 2.0, 2.0, 1.0, 5.0, 4.0, 3.0, 2.0, 1.0, 3.0, 2.0, 4.0, 4.0, 3.0, 4.0, 4.0, 2.0, 2.0, 2.0, 4.0, 2.0, 2.0, 2.0, 1.0, 4.0, 2.0, 1.0, 2.0, 2.0, 2.0, 2.0, 2.0, 2.0, 4.0, 2.0, 2.0, 2.0, 1.0], [4.0, 2.0, 2.0, 4.0, 2.0, 4.0, 3.0, 2.0, 3.0, 4.0, 3.0, 4.0, 1.0, 3.0, 2.0, 4.0, 4.0, 3.0, 2.0, 2.0, 2.0, 2.0, 2.0, 4.0, 2.0, 2.0, 2.0, 1.0, 4.0, 2.0, 1.0, 2.0, 2.0, 2.0, 2.0, 2.0, 2.0, 2.0, 2.0, 2.0, 2.0, 1.0], [4.0, 2.0, 2.0, 4.0, 2.0, 2.0, 2.0, 1.0, 5.0, 4.0, 3.0, 2.0, 1.0, 4.0, 2.0, 4.0, 4.0, 4.0, 4.0, 4.0, 3.0, 2.0, 2.0, 4.0, 2.0, 2.0, 2.0, 1.0, 4.0, 2.0, 1.0, 2.0, 2.0, 2.0, 2.0, 3.0, 2.0, 4.0, 2.0, 2.0, 3.0, 1.0], [2.0, 2.0, 2.0, 4.0, 2.0, 2.0, 2.0, 1.0, 5.0, 4.0, 3.0, 4.0, 1.0, 2.0, 2.0, 4.0, 4.0, 3.0, 4.0, 4.0, 3.0, 2.0, 2.0, 2.0, 2.0, 2.0, 2.0, 1.0, 4.0, 2.0, 1.0, 2.0, 2.0, 4.0, 2.0, 2.0, 2.0, 4.0, 2.0, 2.0, 2.0, 1.0], [4.0, 2.0, 1.0, 4.0, 2.0, 2.0, 2.0, 2.0, 5.0, 4.0, 3.0, 2.0, 1.0, 3.0, 2.0, 4.0, 2.0, 3.0, 2.0, 4.0, 2.0, 2.0, 2.0, 4.0, 2.0, 2.0, 2.0, 1.0, 4.0, 2.0, 1.0, 2.0, 2.0, 2.0, 2.0, 2.0, 2.0, 4.0, 2.0, 2.0, 1.0, 1.0], [2.0, 2.0, 2.0, 2.0, 2.0, 2.0, 2.0, 1.0, 5.0, 4.0, 3.0, 2.0, 1.0, 3.0, 2.0, 2.0, 4.0, 3.0, 4.0, 4.0, 2.0, 2.0, 2.0, 4.0, 2.0, 2.0, 2.0, 1.0, 4.0, 2.0, 1.0, 2.0, 4.0, 2.0, 2.0, 3.0, 2.0, 2.0, 2.0, 2.0, 1.0, 1.0], [4.0, 2.0, 2.0, 4.0, 2.0, 2.0, 3.0, 1.0, 5.0, 3.0, 3.0, 4.0, 1.0, 4.0, 2.0, 4.0, 4.0, 3.0, 4.0, 2.0, 2.0, 2.0, 2.0, 4.0, 2.0, 2.0, 2.0, 1.0, 4.0, 2.0, 1.0, 2.0, 2.0, 2.0, 2.0, 2.0, 2.0, 2.0, 2.0, 2.0, 1.0, 1.0], [4.0, 4.0, 2.0, 4.0, 2.0, 2.0, 2.0, 2.0, 5.0, 4.0, 3.0, 4.0, 1.0, 3.0, 2.0, 2.0, 4.0, 2.0, 4.0, 2.0, 2.0, 2.0, 2.0, 4.0, 2.0, 2.0, 2.0, 1.0, 2.0, 2.0, 1.0, 2.0, 2.0, 2.0, 2.0, 2.0, 4.0, 4.0, 2.0, 2.0, 2.0, 1.0], [2.0, 2.0, 2.0, 4.0, 4.0, 2.0, 2.0, 1.0, 5.0, 4.0, 3.0, 4.0, 1.0, 3.0, 2.0, 4.0, 4.0, 3.0, 4.0, 2.0, 3.0, 2.0, 2.0, 3.0, 2.0, 2.0, 2.0, 1.0, 4.0, 2.0, 1.0, 2.0, 2.0, 2.0, 2.0, 2.0, 2.0, 4.0, 2.0, 2.0, 2.0, 1.0], [4.0, 2.0, 1.0, 4.0, 2.0, 2.0, 2.0, 1.0, 5.0, 4.0, 3.0, 4.0, 1.0, 4.0, 2.0, 4.0, 4.0, 3.0, 4.0, 4.0, 2.0, 2.0, 2.0, 4.0, 2.0, 2.0, 2.0, 1.0, 4.0, 2.0, 1.0, 2.0, 2.0, 2.0, 2.0, 2.0, 2.0, 2.0, 2.0, 2.0, 2.0, 1.0], [2.0, 2.0, 2.0, 4.0, 2.0, 2.0, 3.0, 2.0, 5.0, 4.0, 3.0, 2.0, 1.0, 3.0, 2.0, 4.0, 4.0, 3.0, 4.0, 4.0, 2.0, 2.0, 4.0, 2.0, 2.0, 2.0, 2.0, 1.0, 4.0, 2.0, 1.0, 2.0, 2.0, 4.0, 2.0, 2.0, 2.0, 2.0, 2.0, 2.0, 2.0, 1.0], [2.0, 2.0, 1.0, 4.0, 2.0, 2.0, 2.0, 1.0, 5.0, 4.0, 3.0, 4.0, 1.0, 4.0, 2.0, 4.0, 2.0, 3.0, 2.0, 2.0, 3.0, 2.0, 4.0, 3.0, 2.0, 2.0, 2.0, 1.0, 4.0, 2.0, 1.0, 2.0, 2.0, 4.0, 2.0, 2.0, 2.0, 4.0, 2.0, 2.0, 1.0, 1.0], [4.0, 2.0, 1.0, 4.0, 2.0, 2.0, 2.0, 1.0, 5.0, 4.0, 3.0, 2.0, 3.0, 3.0, 2.0, 4.0, 2.0, 3.0, 4.0, 2.0, 3.0, 2.0, 4.0, 4.0, 2.0, 2.0, 2.0, 1.0, 4.0, 2.0, 1.0, 2.0, 2.0, 2.0, 2.0, 2.0, 2.0, 4.0, 2.0, 2.0, 2.0, 1.0], [4.0, 2.0, 2.0, 4.0, 2.0, 4.0, 2.0, 1.0, 5.0, 4.0, 3.0, 4.0, 1.0, 2.0, 4.0, 4.0, 2.0, 3.0, 4.0, 2.0, 3.0, 2.0, 2.0, 4.0, 2.0, 2.0, 2.0, 1.0, 4.0, 2.0, 1.0, 2.0, 2.0, 2.0, 2.0, 2.0, 4.0, 4.0, 2.0, 2.0, 2.0, 1.0], [4.0, 2.0, 2.0, 4.0, 2.0, 2.0, 3.0, 1.0, 5.0, 4.0, 3.0, 4.0, 1.0, 4.0, 2.0, 4.0, 2.0, 3.0, 2.0, 4.0, 2.0, 2.0, 2.0, 2.0, 2.0, 2.0, 2.0, 1.0, 4.0, 2.0, 1.0, 2.0, 2.0, 2.0, 2.0, 2.0, 2.0, 4.0, 2.0, 2.0, 2.0, 1.0], [4.0, 4.0, 1.0, 4.0, 4.0, 2.0, 3.0, 1.0, 5.0, 4.0, 3.0, 4.0, 1.0, 3.0, 2.0, 4.0, 4.0, 3.0, 4.0, 4.0, 3.0, 2.0, 2.0, 4.0, 2.0, 2.0, 2.0, 1.0, 4.0, 2.0, 1.0, 3.0, 2.0, 2.0, 2.0, 2.0, 2.0, 4.0, 2.0, 2.0, 3.0, 1.0], [4.0, 2.0, 2.0, 4.0, 2.0, 2.0, 2.0, 1.0, 5.0, 4.0, 3.0, 4.0, 1.0, 4.0, 2.0, 2.0, 4.0, 3.0, 4.0, 2.0, 3.0, 2.0, 2.0, 4.0, 2.0, 2.0, 2.0, 1.0, 4.0, 2.0, 1.0, 2.0, 2.0, 4.0, 2.0, 3.0, 2.0, 2.0, 2.0, 2.0, 1.0, 1.0], [2.0, 2.0, 2.0, 4.0, 4.0, 2.0, 2.0, 1.0, 3.0, 4.0, 3.0, 4.0, 3.0, 3.0, 2.0, 4.0, 4.0, 3.0, 4.0, 2.0, 3.0, 2.0, 2.0, 3.0, 2.0, 2.0, 2.0, 1.0, 4.0, 2.0, 1.0, 2.0, 2.0, 2.0, 2.0, 2.0, 2.0, 2.0, 2.0, 2.0, 1.0, 1.0], [2.0, 2.0, 2.0, 4.0, 2.0, 2.0, 2.0, 1.0, 5.0, 4.0, 3.0, 4.0, 1.0, 3.0, 2.0, 4.0, 4.0, 2.0, 2.0, 2.0, 2.0, 2.0, 2.0, 4.0, 2.0, 2.0, 2.0, 1.0, 4.0, 2.0, 1.0, 2.0, 2.0, 2.0, 2.0, 2.0, 2.0, 2.0, 2.0, 2.0, 2.0, 1.0], [2.0, 2.0, 2.0, 2.0, 2.0, 4.0, 2.0, 1.0, 5.0, 4.0, 3.0, 4.0, 1.0, 3.0, 2.0, 4.0, 4.0, 3.0, 2.0, 4.0, 3.0, 2.0, 2.0, 2.0, 2.0, 2.0, 2.0, 1.0, 4.0, 2.0, 1.0, 2.0, 2.0, 2.0, 2.0, 4.0, 2.0, 2.0, 2.0, 2.0, 1.0, 1.0], [4.0, 2.0, 2.0, 4.0, 2.0, 2.0, 2.0, 1.0, 5.0, 4.0, 3.0, 4.0, 1.0, 3.0, 2.0, 2.0, 2.0, 3.0, 4.0, 2.0, 3.0, 2.0, 2.0, 4.0, 2.0, 2.0, 2.0, 1.0, 4.0, 2.0, 1.0, 2.0, 2.0, 2.0, 2.0, 3.0, 2.0, 4.0, 2.0, 2.0, 1.0, 1.0], [4.0, 2.0, 2.0, 4.0, 2.0, 2.0, 2.0, 1.0, 5.0, 4.0, 3.0, 4.0, 1.0, 3.0, 2.0, 2.0, 4.0, 3.0, 2.0, 2.0, 2.0, 2.0, 2.0, 2.0, 2.0, 2.0, 2.0, 1.0, 4.0, 2.0, 1.0, 2.0, 2.0, 2.0, 2.0, 2.0, 2.0, 4.0, 2.0, 2.0, 2.0, 1.0]]

first layer check: Conv2d(9, 64, kernel_size=(7, 7), stride=(2, 2), padding=(3, 3), bias=False)

for model 2: mode acc: 0.380952388048172, run mean acc: 0.3383333683013916, top-2 acc:0.6454166173934937, mode f1: 0.380952388048172

model 2 mode preds
[2.0, 2.0, 2.0, 4.0, 2.0, 2.0, 2.0, 1.0, 2.0, 2.0, 2.0, 2.0, 1.0, 2.0, 5.0, 5.0, 4.0, 3.0, 5.0, 2.0, 2.0, 2.0, 2.0, 2.0, 2.0, 2.0, 2.0, 1.0, 2.0, 2.0, 1.0, 2.0, 2.0, 2.0, 2.0, 2.0, 2.0, 2.0, 2.0, 0.0, 2.0, 1.0]

model 2 all preds
[[2.0, 2.0, 2.0, 2.0, 2.0, 2.0, 2.0, 1.0, 2.0, 2.0, 2.0, 2.0, 1.0, 5.0, 2.0, 5.0, 2.0, 2.0, 4.0, 2.0, 2.0, 2.0, 2.0, 2.0, 2.0, 2.0, 2.0, 1.0, 2.0, 2.0, 1.0, 2.0, 2.0, 2.0, 2.0, 2.0, 2.0, 2.0, 2.0, 0.0, 2.0, 1.0], [2.0, 2.0, 2.0, 2.0, 2.0, 4.0, 2.0, 2.0, 2.0, 2.0, 2.0, 2.0, 1.0, 5.0, 5.0, 5.0, 4.0, 3.0, 4.0, 2.0, 2.0, 2.0, 2.0, 5.0, 2.0, 2.0, 2.0, 1.0, 2.0, 2.0, 1.0, 2.0, 2.0, 2.0, 2.0, 2.0, 2.0, 2.0, 2.0, 0.0, 2.0, 1.0], [5.0, 2.0, 2.0, 2.0, 2.0, 2.0, 2.0, 1.0, 2.0, 2.0, 2.0, 2.0, 1.0, 2.0, 2.0, 5.0, 2.0, 2.0, 5.0, 2.0, 2.0, 2.0, 2.0, 2.0, 2.0, 2.0, 2.0, 1.0, 2.0, 2.0, 1.0, 2.0, 2.0, 2.0, 2.0, 2.0, 2.0, 2.0, 2.0, 0.0, 2.0, 2.0], [2.0, 2.0, 2.0, 2.0, 2.0, 2.0, 2.0, 1.0, 2.0, 2.0, 2.0, 2.0, 1.0, 5.0, 2.0, 5.0, 4.0, 2.0, 2.0, 2.0, 2.0, 2.0, 2.0, 4.0, 2.0, 2.0, 2.0, 1.0, 2.0, 2.0, 1.0, 2.0, 2.0, 2.0, 2.0, 2.0, 2.0, 2.0, 2.0, 2.0, 2.0, 1.0], [2.0, 2.0, 2.0, 2.0, 2.0, 2.0, 2.0, 1.0, 2.0, 2.0, 2.0, 2.0, 1.0, 2.0, 5.0, 5.0, 4.0, 3.0, 5.0, 2.0, 2.0, 2.0, 2.0, 2.0, 2.0, 2.0, 2.0, 1.0, 2.0, 2.0, 1.0, 2.0, 2.0, 2.0, 2.0, 2.0, 2.0, 2.0, 2.0, 0.0, 2.0, 2.0], [2.0, 2.0, 1.0, 4.0, 2.0, 2.0, 5.0, 1.0, 2.0, 2.0, 2.0, 2.0, 1.0, 2.0, 2.0, 5.0, 4.0, 3.0, 5.0, 2.0, 3.0, 2.0, 2.0, 2.0, 2.0, 2.0, 2.0, 1.0, 2.0, 2.0, 1.0, 2.0, 2.0, 2.0, 2.0, 2.0, 2.0, 2.0, 2.0, 0.0, 2.0, 1.0], [2.0, 2.0, 2.0, 4.0, 2.0, 2.0, 2.0, 1.0, 2.0, 2.0, 2.0, 2.0, 1.0, 2.0, 2.0, 5.0, 4.0, 3.0, 5.0, 2.0, 2.0, 2.0, 2.0, 5.0, 2.0, 2.0, 2.0, 1.0, 2.0, 2.0, 1.0, 2.0, 2.0, 2.0, 2.0, 2.0, 2.0, 2.0, 2.0, 0.0, 2.0, 1.0], [2.0, 2.0, 1.0, 4.0, 1.0, 5.0, 2.0, 1.0, 2.0, 2.0, 2.0, 2.0, 1.0, 2.0, 5.0, 5.0, 2.0, 3.0, 4.0, 2.0, 2.0, 2.0, 2.0, 2.0, 2.0, 2.0, 2.0, 1.0, 2.0, 2.0, 2.0, 2.0, 2.0, 2.0, 2.0, 2.0, 2.0, 2.0, 2.0, 2.0, 2.0, 1.0], [2.0, 2.0, 2.0, 2.0, 4.0, 2.0, 5.0, 2.0, 2.0, 2.0, 3.0, 2.0, 1.0, 2.0, 2.0, 5.0, 4.0, 3.0, 5.0, 2.0, 2.0, 2.0, 2.0, 2.0, 2.0, 2.0, 2.0, 1.0, 2.0, 2.0, 1.0, 2.0, 2.0, 2.0, 2.0, 2.0, 2.0, 2.0, 2.0, 2.0, 2.0, 1.0], [2.0, 2.0, 1.0, 4.0, 2.0, 2.0, 2.0, 1.0, 2.0, 2.0, 2.0, 2.0, 1.0, 2.0, 5.0, 5.0, 4.0, 2.0, 5.0, 2.0, 2.0, 2.0, 2.0, 2.0, 2.0, 2.0, 2.0, 1.0, 2.0, 2.0, 2.0, 2.0, 0.0, 2.0, 2.0, 2.0, 2.0, 2.0, 2.0, 0.0, 2.0, 1.0], [2.0, 2.0, 2.0, 4.0, 1.0, 2.0, 2.0, 1.0, 2.0, 2.0, 2.0, 2.0, 1.0, 2.0, 5.0, 5.0, 4.0, 3.0, 4.0, 2.0, 2.0, 2.0, 2.0, 5.0, 2.0, 2.0, 2.0, 1.0, 2.0, 2.0, 1.0, 2.0, 2.0, 2.0, 2.0, 2.0, 2.0, 2.0, 2.0, 0.0, 2.0, 1.0], [2.0, 2.0, 2.0, 4.0, 2.0, 2.0, 2.0, 1.0, 2.0, 2.0, 2.0, 2.0, 1.0, 2.0, 5.0, 5.0, 4.0, 2.0, 5.0, 2.0, 2.0, 2.0, 2.0, 5.0, 2.0, 2.0, 2.0, 1.0, 2.0, 2.0, 1.0, 2.0, 2.0, 2.0, 2.0, 2.0, 2.0, 2.0, 2.0, 0.0, 2.0, 1.0], [2.0, 2.0, 1.0, 4.0, 2.0, 2.0, 2.0, 1.0, 2.0, 2.0, 2.0, 2.0, 1.0, 5.0, 2.0, 5.0, 4.0, 3.0, 5.0, 2.0, 2.0, 2.0, 2.0, 5.0, 2.0, 2.0, 2.0, 1.0, 2.0, 2.0, 1.0, 2.0, 2.0, 2.0, 2.0, 2.0, 2.0, 2.0, 2.0, 0.0, 2.0, 2.0], [2.0, 2.0, 2.0, 4.0, 2.0, 2.0, 5.0, 0.0, 2.0, 2.0, 3.0, 2.0, 1.0, 5.0, 2.0, 5.0, 4.0, 5.0, 4.0, 2.0, 2.0, 2.0, 2.0, 2.0, 2.0, 2.0, 2.0, 1.0, 2.0, 2.0, 1.0, 3.0, 2.0, 2.0, 2.0, 2.0, 2.0, 2.0, 2.0, 0.0, 1.0, 2.0], [2.0, 2.0, 2.0, 2.0, 2.0, 2.0, 5.0, 1.0, 2.0, 2.0, 2.0, 4.0, 1.0, 2.0, 5.0, 5.0, 4.0, 3.0, 5.0, 2.0, 2.0, 2.0, 2.0, 2.0, 2.0, 2.0, 2.0, 1.0, 2.0, 2.0, 1.0, 2.0, 2.0, 2.0, 2.0, 2.0, 2.0, 2.0, 2.0, 0.0, 2.0, 2.0], [2.0, 2.0, 2.0, 4.0, 2.0, 2.0, 2.0, 1.0, 2.0, 2.0, 3.0, 2.0, 1.0, 5.0, 5.0, 5.0, 4.0, 2.0, 5.0, 5.0, 2.0, 2.0, 2.0, 5.0, 2.0, 2.0, 2.0, 1.0, 2.0, 2.0, 1.0, 2.0, 2.0, 2.0, 2.0, 2.0, 2.0, 2.0, 2.0, 2.0, 2.0, 1.0], [2.0, 2.0, 2.0, 4.0, 2.0, 2.0, 5.0, 0.0, 2.0, 2.0, 2.0, 2.0, 1.0, 2.0, 5.0, 5.0, 4.0, 2.0, 4.0, 2.0, 2.0, 2.0, 2.0, 2.0, 2.0, 2.0, 2.0, 1.0, 2.0, 2.0, 1.0, 2.0, 2.0, 2.0, 2.0, 2.0, 2.0, 2.0, 2.0, 0.0, 2.0, 1.0], [2.0, 2.0, 2.0, 2.0, 2.0, 2.0, 2.0, 1.0, 2.0, 2.0, 2.0, 2.0, 1.0, 2.0, 2.0, 5.0, 4.0, 5.0, 2.0, 2.0, 2.0, 2.0, 2.0, 2.0, 2.0, 2.0, 2.0, 1.0, 2.0, 2.0, 1.0, 2.0, 2.0, 2.0, 2.0, 2.0, 2.0, 2.0, 2.0, 0.0, 2.0, 1.0], [2.0, 2.0, 2.0, 4.0, 2.0, 4.0, 2.0, 1.0, 2.0, 2.0, 2.0, 2.0, 1.0, 5.0, 5.0, 5.0, 4.0, 5.0, 4.0, 2.0, 2.0, 2.0, 2.0, 5.0, 1.0, 2.0, 2.0, 1.0, 2.0, 2.0, 1.0, 2.0, 2.0, 2.0, 2.0, 2.0, 2.0, 2.0, 2.0, 0.0, 2.0, 1.0], [2.0, 2.0, 2.0, 2.0, 1.0, 2.0, 5.0, 1.0, 2.0, 2.0, 3.0, 2.0, 1.0, 5.0, 2.0, 5.0, 4.0, 3.0, 4.0, 2.0, 2.0, 2.0, 2.0, 2.0, 2.0, 2.0, 2.0, 1.0, 2.0, 2.0, 1.0, 2.0, 2.0, 2.0, 2.0, 2.0, 2.0, 2.0, 2.0, 0.0, 2.0, 1.0], [2.0, 2.0, 1.0, 4.0, 2.0, 2.0, 2.0, 1.0, 2.0, 2.0, 5.0, 2.0, 1.0, 3.0, 2.0, 5.0, 4.0, 2.0, 4.0, 2.0, 2.0, 2.0, 2.0, 5.0, 2.0, 2.0, 2.0, 1.0, 2.0, 2.0, 1.0, 2.0, 2.0, 2.0, 2.0, 2.0, 2.0, 2.0, 2.0, 0.0, 2.0, 2.0], [2.0, 2.0, 2.0, 4.0, 2.0, 2.0, 2.0, 1.0, 2.0, 2.0, 2.0, 2.0, 1.0, 2.0, 2.0, 5.0, 2.0, 3.0, 5.0, 5.0, 2.0, 2.0, 2.0, 4.0, 2.0, 2.0, 2.0, 1.0, 2.0, 2.0, 1.0, 2.0, 2.0, 2.0, 2.0, 2.0, 2.0, 2.0, 2.0, 1.0, 2.0, 2.0], [2.0, 2.0, 2.0, 2.0, 0.0, 2.0, 5.0, 2.0, 2.0, 2.0, 2.0, 2.0, 1.0, 2.0, 5.0, 5.0, 2.0, 2.0, 5.0, 2.0, 2.0, 2.0, 2.0, 2.0, 2.0, 2.0, 2.0, 1.0, 2.0, 2.0, 1.0, 2.0, 2.0, 2.0, 2.0, 2.0, 2.0, 2.0, 2.0, 0.0, 1.0, 1.0], [2.0, 2.0, 2.0, 4.0, 4.0, 2.0, 5.0, 1.0, 2.0, 2.0, 2.0, 2.0, 1.0, 2.0, 5.0, 5.0, 4.0, 2.0, 5.0, 2.0, 2.0, 2.0, 2.0, 5.0, 2.0, 2.0, 2.0, 1.0, 2.0, 2.0, 1.0, 2.0, 2.0, 2.0, 2.0, 2.0, 2.0, 2.0, 2.0, 2.0, 2.0, 2.0], [2.0, 2.0, 2.0, 4.0, 2.0, 4.0, 2.0, 1.0, 2.0, 2.0, 2.0, 2.0, 1.0, 2.0, 2.0, 5.0, 4.0, 3.0, 2.0, 5.0, 2.0, 2.0, 2.0, 5.0, 2.0, 2.0, 2.0, 1.0, 2.0, 2.0, 1.0, 2.0, 2.0, 2.0, 2.0, 2.0, 2.0, 2.0, 2.0, 2.0, 1.0, 1.0], [2.0, 2.0, 2.0, 4.0, 2.0, 2.0, 5.0, 0.0, 2.0, 2.0, 2.0, 2.0, 1.0, 2.0, 5.0, 5.0, 4.0, 3.0, 5.0, 2.0, 2.0, 2.0, 2.0, 2.0, 2.0, 2.0, 2.0, 1.0, 2.0, 2.0, 0.0, 2.0, 2.0, 2.0, 2.0, 2.0, 2.0, 2.0, 2.0, 0.0, 2.0, 1.0], [5.0, 2.0, 2.0, 2.0, 2.0, 2.0, 5.0, 1.0, 2.0, 2.0, 3.0, 2.0, 1.0, 2.0, 5.0, 5.0, 4.0, 3.0, 2.0, 2.0, 2.0, 2.0, 2.0, 5.0, 2.0, 2.0, 2.0, 1.0, 2.0, 2.0, 1.0, 2.0, 2.0, 2.0, 2.0, 2.0, 2.0, 4.0, 2.0, 0.0, 2.0, 1.0], [2.0, 2.0, 2.0, 4.0, 2.0, 2.0, 2.0, 1.0, 2.0, 2.0, 3.0, 2.0, 1.0, 2.0, 2.0, 5.0, 2.0, 3.0, 2.0, 2.0, 2.0, 2.0, 2.0, 5.0, 2.0, 2.0, 2.0, 1.0, 2.0, 2.0, 1.0, 2.0, 2.0, 2.0, 2.0, 2.0, 2.0, 2.0, 2.0, 0.0, 2.0, 1.0], [2.0, 2.0, 2.0, 4.0, 2.0, 2.0, 2.0, 1.0, 2.0, 2.0, 2.0, 2.0, 1.0, 5.0, 5.0, 5.0, 4.0, 2.0, 5.0, 2.0, 2.0, 2.0, 2.0, 5.0, 2.0, 2.0, 2.0, 1.0, 2.0, 2.0, 1.0, 2.0, 2.0, 2.0, 2.0, 2.0, 2.0, 2.0, 2.0, 0.0, 2.0, 2.0], [2.0, 2.0, 2.0, 2.0, 2.0, 4.0, 2.0, 1.0, 2.0, 2.0, 2.0, 2.0, 1.0, 5.0, 5.0, 5.0, 5.0, 3.0, 2.0, 2.0, 2.0, 2.0, 2.0, 5.0, 2.0, 2.0, 2.0, 1.0, 2.0, 2.0, 1.0, 2.0, 2.0, 2.0, 2.0, 2.0, 2.0, 2.0, 2.0, 2.0, 2.0, 1.0], [4.0, 2.0, 2.0, 2.0, 2.0, 4.0, 5.0, 1.0, 2.0, 2.0, 2.0, 4.0, 1.0, 5.0, 2.0, 5.0, 4.0, 2.0, 5.0, 2.0, 2.0, 2.0, 2.0, 5.0, 2.0, 2.0, 2.0, 1.0, 2.0, 2.0, 1.0, 2.0, 2.0, 2.0, 2.0, 2.0, 2.0, 2.0, 2.0, 0.0, 1.0, 2.0], [2.0, 5.0, 2.0, 4.0, 2.0, 2.0, 5.0, 1.0, 2.0, 2.0, 2.0, 2.0, 1.0, 2.0, 2.0, 5.0, 4.0, 2.0, 4.0, 2.0, 2.0, 2.0, 2.0, 5.0, 2.0, 2.0, 2.0, 1.0, 2.0, 2.0, 1.0, 2.0, 2.0, 2.0, 2.0, 2.0, 2.0, 2.0, 2.0, 0.0, 1.0, 1.0], [2.0, 2.0, 2.0, 4.0, 2.0, 2.0, 2.0, 1.0, 2.0, 2.0, 2.0, 2.0, 1.0, 2.0, 5.0, 5.0, 4.0, 3.0, 4.0, 2.0, 2.0, 2.0, 2.0, 5.0, 2.0, 2.0, 2.0, 1.0, 2.0, 2.0, 0.0, 2.0, 2.0, 2.0, 2.0, 2.0, 2.0, 4.0, 2.0, 2.0, 2.0, 2.0], [2.0, 2.0, 2.0, 4.0, 2.0, 2.0, 5.0, 1.0, 2.0, 2.0, 2.0, 2.0, 1.0, 5.0, 5.0, 5.0, 4.0, 2.0, 4.0, 2.0, 2.0, 2.0, 2.0, 2.0, 2.0, 2.0, 2.0, 1.0, 2.0, 2.0, 2.0, 2.0, 2.0, 2.0, 2.0, 2.0, 2.0, 2.0, 2.0, 0.0, 3.0, 1.0], [2.0, 2.0, 2.0, 4.0, 2.0, 2.0, 5.0, 2.0, 2.0, 2.0, 2.0, 2.0, 1.0, 2.0, 5.0, 5.0, 4.0, 3.0, 4.0, 2.0, 2.0, 2.0, 2.0, 4.0, 2.0, 2.0, 2.0, 1.0, 2.0, 2.0, 1.0, 2.0, 2.0, 2.0, 2.0, 2.0, 2.0, 2.0, 2.0, 0.0, 1.0, 1.0], [2.0, 2.0, 2.0, 4.0, 2.0, 2.0, 2.0, 1.0, 2.0, 2.0, 2.0, 2.0, 1.0, 5.0, 5.0, 5.0, 2.0, 3.0, 2.0, 2.0, 2.0, 2.0, 2.0, 2.0, 2.0, 2.0, 2.0, 1.0, 2.0, 2.0, 1.0, 2.0, 2.0, 2.0, 2.0, 2.0, 2.0, 2.0, 2.0, 0.0, 3.0, 1.0], [2.0, 2.0, 2.0, 2.0, 2.0, 5.0, 2.0, 0.0, 2.0, 2.0, 2.0, 2.0, 1.0, 2.0, 5.0, 5.0, 2.0, 2.0, 4.0, 2.0, 2.0, 2.0, 2.0, 2.0, 2.0, 2.0, 2.0, 1.0, 2.0, 2.0, 1.0, 2.0, 2.0, 2.0, 2.0, 2.0, 2.0, 2.0, 2.0, 2.0, 2.0, 1.0], [4.0, 2.0, 2.0, 2.0, 2.0, 2.0, 2.0, 1.0, 2.0, 2.0, 3.0, 2.0, 1.0, 2.0, 5.0, 5.0, 4.0, 3.0, 2.0, 2.0, 2.0, 2.0, 2.0, 2.0, 2.0, 2.0, 2.0, 1.0, 2.0, 2.0, 1.0, 2.0, 2.0, 2.0, 2.0, 2.0, 2.0, 2.0, 2.0, 2.0, 2.0, 1.0], [2.0, 2.0, 1.0, 4.0, 0.0, 2.0, 2.0, 1.0, 2.0, 2.0, 2.0, 2.0, 1.0, 2.0, 5.0, 5.0, 5.0, 3.0, 4.0, 2.0, 2.0, 2.0, 2.0, 2.0, 2.0, 2.0, 2.0, 1.0, 2.0, 2.0, 1.0, 2.0, 2.0, 2.0, 2.0, 2.0, 2.0, 2.0, 2.0, 0.0, 2.0, 2.0], [2.0, 2.0, 2.0, 4.0, 2.0, 2.0, 2.0, 1.0, 0.0, 2.0, 2.0, 2.0, 1.0, 2.0, 2.0, 5.0, 4.0, 3.0, 4.0, 2.0, 2.0, 2.0, 2.0, 2.0, 2.0, 2.0, 2.0, 1.0, 2.0, 2.0, 2.0, 2.0, 2.0, 2.0, 2.0, 2.0, 2.0, 2.0, 2.0, 0.0, 2.0, 2.0], [2.0, 2.0, 2.0, 2.0, 2.0, 4.0, 2.0, 1.0, 2.0, 2.0, 2.0, 2.0, 1.0, 2.0, 2.0, 5.0, 4.0, 3.0, 5.0, 2.0, 2.0, 2.0, 2.0, 5.0, 2.0, 2.0, 2.0, 1.0, 2.0, 2.0, 1.0, 2.0, 2.0, 2.0, 2.0, 2.0, 2.0, 2.0, 2.0, 0.0, 2.0, 1.0], [2.0, 2.0, 2.0, 2.0, 1.0, 2.0, 5.0, 1.0, 2.0, 2.0, 2.0, 4.0, 1.0, 5.0, 5.0, 5.0, 4.0, 2.0, 2.0, 2.0, 2.0, 2.0, 2.0, 5.0, 2.0, 2.0, 2.0, 1.0, 2.0, 2.0, 1.0, 2.0, 2.0, 2.0, 2.0, 2.0, 2.0, 2.0, 2.0, 0.0, 2.0, 2.0], [2.0, 2.0, 2.0, 2.0, 2.0, 2.0, 2.0, 2.0, 2.0, 2.0, 3.0, 2.0, 1.0, 2.0, 5.0, 5.0, 2.0, 2.0, 2.0, 2.0, 2.0, 2.0, 2.0, 4.0, 2.0, 2.0, 2.0, 1.0, 2.0, 2.0, 0.0, 2.0, 2.0, 2.0, 2.0, 2.0, 2.0, 2.0, 2.0, 0.0, 2.0, 1.0], [2.0, 2.0, 2.0, 4.0, 1.0, 4.0, 2.0, 1.0, 2.0, 2.0, 2.0, 2.0, 1.0, 2.0, 5.0, 5.0, 4.0, 3.0, 2.0, 2.0, 2.0, 2.0, 2.0, 2.0, 2.0, 2.0, 2.0, 1.0, 2.0, 2.0, 1.0, 2.0, 2.0, 2.0, 2.0, 2.0, 2.0, 2.0, 2.0, 0.0, 2.0, 1.0], [2.0, 2.0, 2.0, 2.0, 2.0, 2.0, 2.0, 1.0, 2.0, 2.0, 2.0, 2.0, 1.0, 5.0, 5.0, 5.0, 4.0, 2.0, 4.0, 2.0, 2.0, 2.0, 2.0, 2.0, 2.0, 2.0, 2.0, 1.0, 2.0, 2.0, 1.0, 2.0, 2.0, 2.0, 2.0, 2.0, 2.0, 2.0, 2.0, 0.0, 2.0, 1.0], [4.0, 2.0, 2.0, 4.0, 1.0, 2.0, 2.0, 1.0, 2.0, 2.0, 2.0, 4.0, 1.0, 2.0, 5.0, 5.0, 4.0, 3.0, 4.0, 2.0, 2.0, 2.0, 2.0, 2.0, 2.0, 2.0, 2.0, 1.0, 2.0, 2.0, 1.0, 2.0, 2.0, 2.0, 2.0, 2.0, 2.0, 2.0, 2.0, 0.0, 2.0, 2.0], [2.0, 2.0, 2.0, 4.0, 2.0, 2.0, 5.0, 2.0, 2.0, 2.0, 3.0, 4.0, 1.0, 5.0, 5.0, 5.0, 4.0, 3.0, 4.0, 2.0, 3.0, 2.0, 2.0, 2.0, 2.0, 2.0, 2.0, 1.0, 2.0, 2.0, 1.0, 2.0, 2.0, 2.0, 2.0, 1.0, 2.0, 2.0, 2.0, 0.0, 2.0, 1.0], [4.0, 2.0, 2.0, 4.0, 2.0, 2.0, 2.0, 1.0, 2.0, 2.0, 2.0, 2.0, 1.0, 2.0, 5.0, 5.0, 4.0, 2.0, 5.0, 2.0, 2.0, 2.0, 2.0, 5.0, 2.0, 2.0, 2.0, 1.0, 3.0, 2.0, 1.0, 2.0, 2.0, 2.0, 2.0, 2.0, 2.0, 2.0, 2.0, 0.0, 2.0, 2.0], [2.0, 2.0, 2.0, 4.0, 2.0, 2.0, 2.0, 1.0, 2.0, 2.0, 5.0, 2.0, 1.0, 2.0, 2.0, 5.0, 4.0, 3.0, 5.0, 2.0, 2.0, 2.0, 2.0, 5.0, 2.0, 2.0, 2.0, 1.0, 2.0, 2.0, 1.0, 2.0, 2.0, 2.0, 2.0, 2.0, 2.0, 2.0, 2.0, 0.0, 2.0, 1.0], [2.0, 2.0, 1.0, 4.0, 2.0, 2.0, 5.0, 1.0, 2.0, 2.0, 3.0, 2.0, 1.0, 4.0, 5.0, 5.0, 2.0, 2.0, 5.0, 2.0, 2.0, 2.0, 2.0, 2.0, 2.0, 2.0, 2.0, 1.0, 2.0, 2.0, 1.0, 2.0, 2.0, 2.0, 2.0, 2.0, 2.0, 2.0, 2.0, 0.0, 2.0, 1.0]]

first layer check: Conv2d(9, 64, kernel_size=(7, 7), stride=(2, 2), padding=(3, 3), bias=False)

for model 3: mode acc: 0.3095238208770752, run mean acc: 0.3149999976158142, top-2 acc:0.5058333277702332, mode f1: 0.3095238208770752

model 3 mode preds
[2.0, 3.0, 1.0, 5.0, 5.0, 2.0, 5.0, 1.0, 5.0, 5.0, 3.0, 2.0, 1.0, 3.0, 5.0, 5.0, 5.0, 3.0, 5.0, 5.0, 3.0, 2.0, 2.0, 3.0, 2.0, 2.0, 2.0, 1.0, 0.0, 2.0, 1.0, 3.0, 2.0, 2.0, 5.0, 5.0, 2.0, 5.0, 2.0, 2.0, 1.0, 1.0]

model 3 all preds
[[5.0, 2.0, 1.0, 2.0, 5.0, 5.0, 2.0, 1.0, 3.0, 2.0, 3.0, 4.0, 1.0, 5.0, 5.0, 5.0, 5.0, 5.0, 5.0, 5.0, 1.0, 2.0, 4.0, 3.0, 2.0, 2.0, 2.0, 1.0, 5.0, 1.0, 1.0, 0.0, 2.0, 2.0, 5.0, 0.0, 2.0, 5.0, 2.0, 5.0, 2.0, 1.0], [3.0, 3.0, 3.0, 2.0, 1.0, 5.0, 5.0, 1.0, 3.0, 5.0, 3.0, 4.0, 1.0, 3.0, 5.0, 5.0, 5.0, 3.0, 5.0, 5.0, 1.0, 2.0, 2.0, 3.0, 1.0, 2.0, 2.0, 1.0, 0.0, 2.0, 1.0, 3.0, 2.0, 2.0, 5.0, 2.0, 2.0, 2.0, 2.0, 2.0, 1.0, 1.0], [2.0, 2.0, 1.0, 5.0, 5.0, 5.0, 5.0, 1.0, 5.0, 3.0, 2.0, 5.0, 1.0, 5.0, 5.0, 5.0, 3.0, 3.0, 0.0, 2.0, 3.0, 2.0, 2.0, 5.0, 2.0, 2.0, 2.0, 1.0, 5.0, 1.0, 1.0, 3.0, 2.0, 2.0, 3.0, 5.0, 2.0, 5.0, 2.0, 5.0, 1.0, 1.0], [4.0, 3.0, 1.0, 4.0, 5.0, 2.0, 5.0, 1.0, 5.0, 2.0, 5.0, 2.0, 1.0, 3.0, 5.0, 5.0, 0.0, 3.0, 2.0, 5.0, 3.0, 2.0, 2.0, 1.0, 2.0, 2.0, 2.0, 1.0, 5.0, 2.0, 1.0, 0.0, 1.0, 1.0, 3.0, 5.0, 2.0, 5.0, 2.0, 2.0, 1.0, 1.0], [3.0, 3.0, 1.0, 4.0, 0.0, 2.0, 2.0, 1.0, 5.0, 5.0, 5.0, 2.0, 1.0, 3.0, 5.0, 5.0, 5.0, 3.0, 2.0, 2.0, 1.0, 2.0, 4.0, 5.0, 2.0, 2.0, 2.0, 1.0, 5.0, 2.0, 1.0, 1.0, 2.0, 3.0, 3.0, 5.0, 2.0, 4.0, 2.0, 2.0, 1.0, 1.0], [2.0, 3.0, 3.0, 5.0, 2.0, 2.0, 5.0, 1.0, 5.0, 5.0, 5.0, 2.0, 1.0, 5.0, 5.0, 5.0, 0.0, 5.0, 2.0, 5.0, 2.0, 2.0, 2.0, 3.0, 2.0, 2.0, 2.0, 1.0, 3.0, 1.0, 1.0, 0.0, 2.0, 2.0, 3.0, 5.0, 2.0, 5.0, 2.0, 2.0, 1.0, 1.0], [2.0, 3.0, 1.0, 5.0, 1.0, 5.0, 5.0, 1.0, 5.0, 0.0, 2.0, 4.0, 1.0, 5.0, 5.0, 5.0, 0.0, 3.0, 5.0, 2.0, 3.0, 2.0, 2.0, 3.0, 2.0, 2.0, 2.0, 1.0, 5.0, 1.0, 1.0, 3.0, 2.0, 2.0, 5.0, 5.0, 2.0, 2.0, 1.0, 5.0, 1.0, 1.0], [2.0, 3.0, 1.0, 2.0, 5.0, 2.0, 5.0, 1.0, 5.0, 5.0, 3.0, 2.0, 1.0, 3.0, 5.0, 5.0, 0.0, 3.0, 2.0, 5.0, 3.0, 2.0, 2.0, 5.0, 2.0, 2.0, 2.0, 1.0, 0.0, 2.0, 1.0, 0.0, 2.0, 2.0, 3.0, 2.0, 2.0, 4.0, 2.0, 3.0, 1.0, 1.0], [2.0, 2.0, 2.0, 4.0, 2.0, 2.0, 5.0, 1.0, 5.0, 4.0, 3.0, 5.0, 1.0, 5.0, 5.0, 5.0, 2.0, 3.0, 2.0, 2.0, 3.0, 2.0, 2.0, 3.0, 1.0, 2.0, 2.0, 1.0, 3.0, 1.0, 1.0, 1.0, 2.0, 2.0, 3.0, 0.0, 2.0, 0.0, 2.0, 2.0, 5.0, 1.0], [2.0, 3.0, 2.0, 4.0, 2.0, 5.0, 2.0, 1.0, 5.0, 5.0, 3.0, 2.0, 1.0, 5.0, 5.0, 5.0, 3.0, 5.0, 2.0, 5.0, 1.0, 2.0, 2.0, 5.0, 1.0, 2.0, 2.0, 1.0, 0.0, 2.0, 1.0, 3.0, 2.0, 1.0, 5.0, 2.0, 2.0, 4.0, 0.0, 2.0, 1.0, 1.0], [2.0, 3.0, 1.0, 2.0, 0.0, 2.0, 5.0, 1.0, 5.0, 2.0, 3.0, 2.0, 1.0, 5.0, 5.0, 5.0, 5.0, 3.0, 2.0, 2.0, 1.0, 2.0, 2.0, 3.0, 1.0, 2.0, 2.0, 1.0, 5.0, 2.0, 1.0, 3.0, 2.0, 2.0, 3.0, 2.0, 2.0, 4.0, 2.0, 5.0, 1.0, 1.0], [4.0, 3.0, 1.0, 4.0, 5.0, 2.0, 3.0, 1.0, 5.0, 0.0, 3.0, 2.0, 1.0, 5.0, 5.0, 5.0, 2.0, 3.0, 5.0, 5.0, 3.0, 2.0, 2.0, 2.0, 2.0, 2.0, 2.0, 3.0, 5.0, 1.0, 3.0, 1.0, 2.0, 3.0, 5.0, 5.0, 2.0, 5.0, 2.0, 3.0, 3.0, 1.0], [4.0, 2.0, 1.0, 5.0, 2.0, 5.0, 5.0, 1.0, 3.0, 2.0, 3.0, 4.0, 1.0, 3.0, 5.0, 5.0, 5.0, 3.0, 0.0, 2.0, 3.0, 2.0, 2.0, 2.0, 1.0, 2.0, 2.0, 3.0, 0.0, 1.0, 1.0, 1.0, 0.0, 1.0, 5.0, 5.0, 2.0, 5.0, 2.0, 2.0, 2.0, 1.0], [2.0, 1.0, 1.0, 5.0, 5.0, 2.0, 3.0, 1.0, 5.0, 3.0, 3.0, 2.0, 1.0, 3.0, 5.0, 5.0, 5.0, 3.0, 2.0, 5.0, 3.0, 2.0, 4.0, 1.0, 2.0, 2.0, 2.0, 1.0, 5.0, 2.0, 1.0, 3.0, 2.0, 3.0, 5.0, 1.0, 2.0, 0.0, 2.0, 2.0, 1.0, 1.0], [2.0, 3.0, 2.0, 5.0, 2.0, 5.0, 5.0, 1.0, 5.0, 5.0, 3.0, 2.0, 1.0, 5.0, 5.0, 5.0, 5.0, 5.0, 5.0, 5.0, 1.0, 2.0, 4.0, 3.0, 2.0, 2.0, 2.0, 1.0, 5.0, 1.0, 1.0, 1.0, 2.0, 2.0, 3.0, 5.0, 2.0, 4.0, 2.0, 5.0, 1.0, 1.0], [5.0, 1.0, 1.0, 5.0, 5.0, 2.0, 3.0, 1.0, 5.0, 5.0, 3.0, 5.0, 1.0, 5.0, 5.0, 5.0, 5.0, 3.0, 5.0, 2.0, 3.0, 2.0, 1.0, 3.0, 2.0, 2.0, 2.0, 1.0, 0.0, 1.0, 1.0, 3.0, 2.0, 2.0, 5.0, 5.0, 2.0, 5.0, 2.0, 5.0, 3.0, 1.0], [2.0, 1.0, 1.0, 5.0, 5.0, 2.0, 5.0, 1.0, 5.0, 2.0, 3.0, 2.0, 1.0, 3.0, 5.0, 5.0, 5.0, 3.0, 5.0, 2.0, 3.0, 2.0, 2.0, 2.0, 1.0, 2.0, 2.0, 1.0, 0.0, 1.0, 1.0, 1.0, 2.0, 2.0, 3.0, 3.0, 2.0, 5.0, 0.0, 2.0, 1.0, 1.0], [4.0, 3.0, 1.0, 2.0, 2.0, 0.0, 5.0, 1.0, 5.0, 5.0, 3.0, 2.0, 1.0, 3.0, 5.0, 5.0, 5.0, 3.0, 5.0, 2.0, 1.0, 2.0, 4.0, 5.0, 2.0, 2.0, 2.0, 1.0, 5.0, 2.0, 1.0, 1.0, 2.0, 2.0, 5.0, 2.0, 2.0, 5.0, 2.0, 1.0, 3.0, 1.0], [4.0, 1.0, 1.0, 5.0, 5.0, 0.0, 5.0, 1.0, 5.0, 5.0, 3.0, 2.0, 1.0, 3.0, 5.0, 5.0, 5.0, 3.0, 5.0, 2.0, 3.0, 2.0, 2.0, 3.0, 2.0, 2.0, 2.0, 1.0, 1.0, 2.0, 1.0, 3.0, 2.0, 1.0, 3.0, 2.0, 2.0, 2.0, 2.0, 3.0, 5.0, 1.0], [3.0, 3.0, 1.0, 5.0, 2.0, 2.0, 5.0, 1.0, 5.0, 2.0, 3.0, 4.0, 1.0, 3.0, 3.0, 5.0, 3.0, 3.0, 5.0, 5.0, 3.0, 2.0, 2.0, 3.0, 1.0, 2.0, 2.0, 1.0, 5.0, 1.0, 1.0, 1.0, 1.0, 2.0, 3.0, 5.0, 2.0, 4.0, 0.0, 2.0, 1.0, 1.0], [3.0, 3.0, 1.0, 5.0, 5.0, 5.0, 5.0, 1.0, 5.0, 2.0, 3.0, 2.0, 1.0, 3.0, 3.0, 5.0, 0.0, 3.0, 2.0, 2.0, 3.0, 2.0, 2.0, 2.0, 2.0, 2.0, 2.0, 1.0, 3.0, 2.0, 1.0, 1.0, 2.0, 3.0, 3.0, 0.0, 2.0, 5.0, 2.0, 2.0, 3.0, 1.0], [4.0, 2.0, 1.0, 5.0, 1.0, 0.0, 5.0, 1.0, 5.0, 0.0, 3.0, 4.0, 1.0, 5.0, 5.0, 5.0, 0.0, 3.0, 5.0, 2.0, 3.0, 2.0, 2.0, 3.0, 2.0, 2.0, 2.0, 1.0, 0.0, 2.0, 1.0, 0.0, 2.0, 2.0, 3.0, 2.0, 2.0, 4.0, 2.0, 2.0, 2.0, 1.0], [0.0, 3.0, 1.0, 2.0, 5.0, 2.0, 5.0, 1.0, 5.0, 2.0, 3.0, 2.0, 1.0, 3.0, 5.0, 5.0, 5.0, 3.0, 2.0, 5.0, 1.0, 2.0, 2.0, 2.0, 2.0, 2.0, 2.0, 3.0, 0.0, 2.0, 1.0, 0.0, 2.0, 2.0, 5.0, 5.0, 2.0, 2.0, 2.0, 2.0, 2.0, 1.0], [5.0, 0.0, 1.0, 4.0, 2.0, 2.0, 5.0, 1.0, 5.0, 5.0, 3.0, 4.0, 1.0, 5.0, 5.0, 5.0, 3.0, 3.0, 5.0, 5.0, 3.0, 2.0, 2.0, 2.0, 1.0, 2.0, 2.0, 1.0, 0.0, 1.0, 1.0, 1.0, 2.0, 2.0, 3.0, 5.0, 2.0, 2.0, 5.0, 2.0, 1.0, 1.0], [3.0, 3.0, 1.0, 5.0, 2.0, 5.0, 5.0, 1.0, 5.0, 5.0, 3.0, 2.0, 1.0, 5.0, 5.0, 0.0, 5.0, 3.0, 5.0, 2.0, 3.0, 2.0, 2.0, 3.0, 1.0, 2.0, 2.0, 1.0, 0.0, 1.0, 1.0, 1.0, 2.0, 3.0, 5.0, 5.0, 2.0, 5.0, 2.0, 2.0, 3.0, 1.0], [3.0, 2.0, 1.0, 5.0, 0.0, 5.0, 5.0, 1.0, 5.0, 5.0, 3.0, 5.0, 1.0, 3.0, 5.0, 5.0, 5.0, 3.0, 5.0, 5.0, 3.0, 2.0, 2.0, 5.0, 1.0, 2.0, 2.0, 1.0, 0.0, 2.0, 1.0, 0.0, 2.0, 3.0, 5.0, 0.0, 2.0, 5.0, 1.0, 2.0, 1.0, 1.0], [2.0, 3.0, 1.0, 5.0, 5.0, 5.0, 5.0, 1.0, 5.0, 5.0, 3.0, 2.0, 1.0, 3.0, 5.0, 5.0, 3.0, 5.0, 2.0, 2.0, 3.0, 2.0, 0.0, 5.0, 1.0, 2.0, 2.0, 1.0, 0.0, 1.0, 1.0, 3.0, 2.0, 2.0, 3.0, 5.0, 2.0, 5.0, 2.0, 2.0, 1.0, 1.0], [3.0, 3.0, 1.0, 5.0, 5.0, 2.0, 2.0, 1.0, 5.0, 2.0, 5.0, 2.0, 1.0, 3.0, 2.0, 5.0, 0.0, 5.0, 5.0, 5.0, 1.0, 2.0, 2.0, 1.0, 2.0, 2.0, 2.0, 1.0, 0.0, 2.0, 1.0, 1.0, 2.0, 2.0, 5.0, 5.0, 2.0, 4.0, 2.0, 2.0, 1.0, 1.0], [2.0, 3.0, 1.0, 5.0, 1.0, 5.0, 5.0, 1.0, 5.0, 0.0, 5.0, 2.0, 1.0, 3.0, 5.0, 5.0, 0.0, 3.0, 5.0, 2.0, 3.0, 2.0, 2.0, 2.0, 1.0, 2.0, 2.0, 1.0, 5.0, 1.0, 1.0, 3.0, 2.0, 2.0, 5.0, 5.0, 2.0, 5.0, 2.0, 1.0, 2.0, 1.0], [4.0, 3.0, 1.0, 5.0, 5.0, 2.0, 5.0, 1.0, 5.0, 5.0, 3.0, 2.0, 1.0, 3.0, 5.0, 5.0, 0.0, 3.0, 5.0, 2.0, 1.0, 2.0, 5.0, 1.0, 2.0, 2.0, 2.0, 1.0, 5.0, 2.0, 1.0, 3.0, 2.0, 3.0, 3.0, 5.0, 2.0, 4.0, 2.0, 1.0, 1.0, 1.0], [2.0, 3.0, 1.0, 2.0, 5.0, 2.0, 5.0, 1.0, 5.0, 2.0, 5.0, 2.0, 1.0, 3.0, 5.0, 5.0, 5.0, 5.0, 5.0, 5.0, 3.0, 2.0, 5.0, 5.0, 3.0, 2.0, 2.0, 1.0, 5.0, 1.0, 1.0, 3.0, 2.0, 2.0, 3.0, 0.0, 2.0, 5.0, 2.0, 5.0, 1.0, 1.0], [4.0, 3.0, 1.0, 2.0, 1.0, 5.0, 5.0, 1.0, 5.0, 5.0, 3.0, 2.0, 1.0, 3.0, 5.0, 5.0, 0.0, 3.0, 5.0, 2.0, 1.0, 2.0, 2.0, 1.0, 2.0, 2.0, 2.0, 1.0, 0.0, 2.0, 1.0, 1.0, 2.0, 3.0, 5.0, 5.0, 2.0, 5.0, 2.0, 2.0, 5.0, 1.0], [5.0, 2.0, 3.0, 2.0, 5.0, 5.0, 3.0, 1.0, 5.0, 0.0, 3.0, 4.0, 1.0, 3.0, 5.0, 5.0, 0.0, 5.0, 5.0, 5.0, 3.0, 2.0, 4.0, 5.0, 1.0, 2.0, 2.0, 1.0, 0.0, 2.0, 1.0, 3.0, 2.0, 2.0, 5.0, 1.0, 2.0, 2.0, 2.0, 2.0, 1.0, 1.0], [2.0, 1.0, 1.0, 5.0, 2.0, 2.0, 2.0, 1.0, 5.0, 5.0, 3.0, 2.0, 1.0, 3.0, 5.0, 5.0, 5.0, 3.0, 5.0, 2.0, 1.0, 2.0, 0.0, 2.0, 2.0, 2.0, 2.0, 1.0, 0.0, 2.0, 1.0, 1.0, 2.0, 3.0, 5.0, 2.0, 2.0, 5.0, 2.0, 1.0, 3.0, 1.0], [5.0, 3.0, 1.0, 4.0, 5.0, 5.0, 2.0, 1.0, 5.0, 2.0, 2.0, 2.0, 1.0, 3.0, 5.0, 5.0, 5.0, 3.0, 5.0, 2.0, 1.0, 2.0, 2.0, 5.0, 1.0, 2.0, 2.0, 1.0, 0.0, 2.0, 1.0, 3.0, 2.0, 2.0, 5.0, 5.0, 2.0, 4.0, 2.0, 5.0, 1.0, 1.0], [3.0, 3.0, 1.0, 5.0, 2.0, 2.0, 5.0, 1.0, 5.0, 5.0, 3.0, 2.0, 1.0, 5.0, 5.0, 5.0, 4.0, 3.0, 2.0, 5.0, 3.0, 2.0, 2.0, 3.0, 2.0, 2.0, 2.0, 1.0, 0.0, 2.0, 3.0, 0.0, 0.0, 2.0, 3.0, 5.0, 2.0, 5.0, 2.0, 5.0, 5.0, 1.0], [2.0, 3.0, 1.0, 5.0, 5.0, 2.0, 5.0, 1.0, 5.0, 0.0, 3.0, 2.0, 1.0, 3.0, 5.0, 5.0, 0.0, 3.0, 5.0, 2.0, 3.0, 2.0, 2.0, 4.0, 2.0, 2.0, 5.0, 1.0, 5.0, 2.0, 1.0, 1.0, 2.0, 3.0, 5.0, 2.0, 2.0, 5.0, 5.0, 2.0, 3.0, 1.0], [5.0, 3.0, 1.0, 5.0, 2.0, 5.0, 5.0, 1.0, 5.0, 0.0, 3.0, 2.0, 1.0, 3.0, 5.0, 5.0, 2.0, 3.0, 2.0, 2.0, 3.0, 2.0, 2.0, 2.0, 2.0, 2.0, 2.0, 1.0, 0.0, 2.0, 1.0, 3.0, 2.0, 2.0, 5.0, 5.0, 2.0, 2.0, 2.0, 5.0, 2.0, 1.0], [2.0, 3.0, 1.0, 5.0, 2.0, 2.0, 5.0, 1.0, 5.0, 4.0, 3.0, 2.0, 1.0, 3.0, 5.0, 5.0, 5.0, 3.0, 2.0, 5.0, 3.0, 2.0, 2.0, 5.0, 2.0, 2.0, 2.0, 3.0, 0.0, 2.0, 1.0, 0.0, 1.0, 2.0, 5.0, 2.0, 2.0, 4.0, 2.0, 5.0, 5.0, 1.0], [5.0, 3.0, 1.0, 2.0, 5.0, 0.0, 3.0, 1.0, 5.0, 5.0, 2.0, 4.0, 1.0, 5.0, 5.0, 5.0, 0.0, 3.0, 2.0, 5.0, 1.0, 2.0, 1.0, 2.0, 2.0, 2.0, 2.0, 1.0, 0.0, 2.0, 3.0, 3.0, 2.0, 2.0, 5.0, 5.0, 2.0, 5.0, 2.0, 2.0, 1.0, 1.0], [2.0, 3.0, 2.0, 4.0, 2.0, 2.0, 5.0, 1.0, 5.0, 3.0, 5.0, 2.0, 1.0, 3.0, 5.0, 5.0, 5.0, 5.0, 5.0, 5.0, 3.0, 2.0, 2.0, 3.0, 2.0, 2.0, 2.0, 3.0, 0.0, 1.0, 1.0, 1.0, 2.0, 3.0, 3.0, 5.0, 2.0, 2.0, 2.0, 2.0, 5.0, 1.0], [2.0, 1.0, 2.0, 5.0, 2.0, 5.0, 2.0, 1.0, 5.0, 3.0, 3.0, 2.0, 1.0, 3.0, 5.0, 5.0, 3.0, 3.0, 2.0, 2.0, 3.0, 2.0, 0.0, 2.0, 1.0, 2.0, 2.0, 1.0, 0.0, 2.0, 1.0, 1.0, 2.0, 2.0, 3.0, 5.0, 2.0, 5.0, 2.0, 2.0, 1.0, 1.0], [5.0, 3.0, 1.0, 4.0, 5.0, 0.0, 5.0, 1.0, 5.0, 5.0, 1.0, 5.0, 1.0, 5.0, 5.0, 5.0, 5.0, 5.0, 0.0, 5.0, 1.0, 2.0, 2.0, 1.0, 2.0, 2.0, 2.0, 1.0, 0.0, 2.0, 1.0, 1.0, 2.0, 2.0, 5.0, 2.0, 2.0, 5.0, 2.0, 2.0, 1.0, 1.0], [5.0, 2.0, 1.0, 4.0, 1.0, 5.0, 5.0, 1.0, 3.0, 2.0, 3.0, 2.0, 1.0, 5.0, 5.0, 5.0, 5.0, 3.0, 2.0, 5.0, 1.0, 2.0, 4.0, 5.0, 1.0, 2.0, 2.0, 1.0, 0.0, 1.0, 1.0, 0.0, 2.0, 2.0, 5.0, 5.0, 2.0, 5.0, 2.0, 5.0, 0.0, 1.0], [2.0, 3.0, 1.0, 5.0, 0.0, 2.0, 5.0, 1.0, 5.0, 5.0, 3.0, 2.0, 1.0, 3.0, 5.0, 5.0, 5.0, 3.0, 5.0, 2.0, 3.0, 2.0, 2.0, 5.0, 2.0, 2.0, 2.0, 1.0, 0.0, 2.0, 1.0, 3.0, 2.0, 2.0, 5.0, 3.0, 2.0, 4.0, 2.0, 5.0, 1.0, 1.0], [5.0, 2.0, 1.0, 2.0, 5.0, 2.0, 5.0, 1.0, 5.0, 3.0, 3.0, 4.0, 1.0, 3.0, 5.0, 5.0, 0.0, 3.0, 5.0, 0.0, 1.0, 2.0, 4.0, 4.0, 2.0, 2.0, 2.0, 1.0, 3.0, 2.0, 3.0, 0.0, 2.0, 3.0, 5.0, 5.0, 2.0, 5.0, 2.0, 5.0, 5.0, 1.0], [2.0, 3.0, 1.0, 4.0, 0.0, 5.0, 5.0, 1.0, 5.0, 5.0, 3.0, 2.0, 1.0, 5.0, 5.0, 5.0, 1.0, 3.0, 2.0, 5.0, 1.0, 2.0, 2.0, 5.0, 1.0, 2.0, 2.0, 3.0, 0.0, 1.0, 3.0, 3.0, 2.0, 2.0, 3.0, 5.0, 2.0, 4.0, 2.0, 0.0, 3.0, 1.0], [5.0, 3.0, 3.0, 5.0, 2.0, 2.0, 3.0, 1.0, 5.0, 3.0, 5.0, 5.0, 1.0, 3.0, 5.0, 5.0, 5.0, 3.0, 2.0, 5.0, 3.0, 2.0, 2.0, 3.0, 2.0, 2.0, 2.0, 1.0, 5.0, 1.0, 1.0, 0.0, 2.0, 3.0, 5.0, 5.0, 2.0, 5.0, 2.0, 5.0, 2.0, 1.0], [4.0, 3.0, 1.0, 4.0, 1.0, 2.0, 2.0, 1.0, 5.0, 3.0, 3.0, 2.0, 1.0, 5.0, 5.0, 5.0, 0.0, 3.0, 5.0, 5.0, 3.0, 2.0, 2.0, 3.0, 2.0, 2.0, 2.0, 1.0, 0.0, 2.0, 1.0, 0.0, 2.0, 5.0, 3.0, 5.0, 2.0, 4.0, 2.0, 2.0, 2.0, 1.0], [5.0, 3.0, 1.0, 5.0, 4.0, 2.0, 5.0, 1.0, 5.0, 5.0, 3.0, 4.0, 1.0, 3.0, 2.0, 5.0, 5.0, 3.0, 3.0, 5.0, 3.0, 2.0, 2.0, 3.0, 1.0, 2.0, 2.0, 1.0, 0.0, 1.0, 1.0, 3.0, 2.0, 2.0, 5.0, 5.0, 2.0, 4.0, 2.0, 2.0, 5.0, 1.0]]

first layer check: Conv2d(9, 64, kernel_size=(7, 7), stride=(2, 2), padding=(3, 3), bias=False)

for model 4: mode acc: 0.3333333432674408, run mean acc: 0.3454166650772095, top-2 acc:0.5575000047683716, mode f1: 0.3333333432674408

model 4 mode preds
[2.0, 2.0, 2.0, 2.0, 2.0, 2.0, 2.0, 1.0, 2.0, 2.0, 2.0, 2.0, 1.0, 2.0, 2.0, 2.0, 2.0, 2.0, 2.0, 2.0, 2.0, 2.0, 2.0, 2.0, 1.0, 2.0, 2.0, 1.0, 2.0, 2.0, 1.0, 1.0, 2.0, 2.0, 1.0, 2.0, 2.0, 2.0, 2.0, 2.0, 2.0, 1.0]

model 4 all preds
[[2.0, 2.0, 2.0, 2.0, 2.0, 2.0, 2.0, 1.0, 2.0, 2.0, 2.0, 2.0, 1.0, 2.0, 4.0, 2.0, 2.0, 2.0, 2.0, 2.0, 2.0, 2.0, 2.0, 1.0, 2.0, 2.0, 2.0, 1.0, 2.0, 2.0, 1.0, 1.0, 2.0, 2.0, 1.0, 2.0, 2.0, 2.0, 2.0, 1.0, 1.0, 1.0], [2.0, 2.0, 2.0, 2.0, 2.0, 2.0, 3.0, 1.0, 2.0, 2.0, 2.0, 2.0, 1.0, 2.0, 2.0, 2.0, 2.0, 2.0, 2.0, 2.0, 2.0, 2.0, 2.0, 2.0, 1.0, 2.0, 2.0, 1.0, 3.0, 2.0, 3.0, 1.0, 2.0, 2.0, 1.0, 2.0, 2.0, 2.0, 2.0, 2.0, 2.0, 1.0], [2.0, 2.0, 1.0, 2.0, 2.0, 2.0, 2.0, 1.0, 2.0, 2.0, 2.0, 2.0, 1.0, 2.0, 2.0, 2.0, 2.0, 2.0, 2.0, 2.0, 1.0, 2.0, 2.0, 2.0, 1.0, 2.0, 2.0, 1.0, 2.0, 2.0, 1.0, 1.0, 2.0, 2.0, 1.0, 2.0, 2.0, 2.0, 2.0, 3.0, 2.0, 1.0], [2.0, 2.0, 1.0, 2.0, 2.0, 2.0, 2.0, 2.0, 3.0, 2.0, 2.0, 2.0, 1.0, 2.0, 2.0, 2.0, 2.0, 2.0, 2.0, 2.0, 3.0, 2.0, 2.0, 2.0, 2.0, 2.0, 2.0, 1.0, 2.0, 2.0, 1.0, 1.0, 2.0, 2.0, 1.0, 2.0, 2.0, 2.0, 2.0, 2.0, 2.0, 1.0], [2.0, 2.0, 2.0, 2.0, 2.0, 2.0, 1.0, 1.0, 2.0, 2.0, 2.0, 2.0, 1.0, 2.0, 4.0, 2.0, 2.0, 2.0, 2.0, 2.0, 2.0, 2.0, 2.0, 4.0, 2.0, 2.0, 2.0, 1.0, 3.0, 2.0, 1.0, 1.0, 2.0, 2.0, 1.0, 2.0, 2.0, 2.0, 2.0, 2.0, 1.0, 1.0], [2.0, 2.0, 1.0, 2.0, 2.0, 2.0, 2.0, 1.0, 2.0, 2.0, 2.0, 2.0, 1.0, 2.0, 2.0, 2.0, 2.0, 2.0, 2.0, 2.0, 1.0, 2.0, 1.0, 2.0, 2.0, 2.0, 2.0, 1.0, 2.0, 2.0, 1.0, 1.0, 2.0, 2.0, 3.0, 2.0, 2.0, 2.0, 2.0, 2.0, 2.0, 1.0], [2.0, 2.0, 2.0, 2.0, 2.0, 2.0, 2.0, 1.0, 2.0, 2.0, 2.0, 2.0, 1.0, 2.0, 2.0, 2.0, 2.0, 2.0, 2.0, 2.0, 2.0, 2.0, 2.0, 4.0, 1.0, 2.0, 2.0, 1.0, 3.0, 2.0, 1.0, 1.0, 2.0, 2.0, 1.0, 2.0, 2.0, 2.0, 2.0, 2.0, 2.0, 1.0], [2.0, 2.0, 2.0, 2.0, 4.0, 2.0, 2.0, 1.0, 2.0, 2.0, 2.0, 2.0, 1.0, 2.0, 2.0, 2.0, 2.0, 2.0, 2.0, 2.0, 2.0, 2.0, 2.0, 2.0, 2.0, 2.0, 2.0, 1.0, 2.0, 2.0, 3.0, 1.0, 2.0, 2.0, 1.0, 2.0, 2.0, 2.0, 2.0, 2.0, 2.0, 1.0], [2.0, 2.0, 2.0, 2.0, 2.0, 2.0, 2.0, 2.0, 2.0, 2.0, 2.0, 2.0, 1.0, 2.0, 2.0, 2.0, 2.0, 2.0, 2.0, 2.0, 2.0, 2.0, 1.0, 2.0, 2.0, 2.0, 2.0, 1.0, 2.0, 2.0, 3.0, 1.0, 2.0, 2.0, 1.0, 1.0, 2.0, 2.0, 2.0, 1.0, 2.0, 1.0], [2.0, 2.0, 2.0, 2.0, 2.0, 2.0, 2.0, 1.0, 3.0, 2.0, 2.0, 2.0, 1.0, 2.0, 2.0, 2.0, 2.0, 2.0, 2.0, 2.0, 1.0, 2.0, 2.0, 2.0, 1.0, 2.0, 2.0, 1.0, 2.0, 2.0, 1.0, 1.0, 2.0, 2.0, 1.0, 2.0, 2.0, 2.0, 2.0, 2.0, 1.0, 1.0], [2.0, 2.0, 2.0, 2.0, 2.0, 2.0, 2.0, 1.0, 2.0, 2.0, 2.0, 2.0, 1.0, 2.0, 2.0, 2.0, 2.0, 4.0, 2.0, 2.0, 3.0, 2.0, 2.0, 2.0, 1.0, 2.0, 2.0, 1.0, 3.0, 2.0, 1.0, 1.0, 2.0, 2.0, 1.0, 2.0, 2.0, 2.0, 2.0, 2.0, 2.0, 1.0], [2.0, 2.0, 2.0, 2.0, 2.0, 2.0, 2.0, 1.0, 2.0, 2.0, 2.0, 2.0, 1.0, 2.0, 2.0, 2.0, 2.0, 4.0, 2.0, 2.0, 2.0, 2.0, 2.0, 2.0, 2.0, 2.0, 2.0, 1.0, 2.0, 2.0, 1.0, 2.0, 2.0, 2.0, 1.0, 2.0, 2.0, 2.0, 2.0, 2.0, 2.0, 1.0], [2.0, 2.0, 2.0, 2.0, 2.0, 2.0, 2.0, 2.0, 2.0, 2.0, 2.0, 2.0, 1.0, 2.0, 4.0, 2.0, 2.0, 2.0, 4.0, 2.0, 2.0, 2.0, 2.0, 2.0, 2.0, 2.0, 2.0, 1.0, 3.0, 2.0, 1.0, 1.0, 2.0, 2.0, 3.0, 1.0, 2.0, 2.0, 2.0, 2.0, 2.0, 1.0], [2.0, 2.0, 1.0, 2.0, 2.0, 2.0, 2.0, 2.0, 2.0, 2.0, 2.0, 4.0, 1.0, 2.0, 2.0, 2.0, 2.0, 2.0, 2.0, 2.0, 2.0, 2.0, 1.0, 4.0, 2.0, 2.0, 2.0, 1.0, 2.0, 2.0, 1.0, 1.0, 2.0, 2.0, 1.0, 2.0, 2.0, 2.0, 2.0, 2.0, 1.0, 2.0], [2.0, 2.0, 2.0, 2.0, 2.0, 2.0, 2.0, 2.0, 2.0, 2.0, 2.0, 2.0, 1.0, 2.0, 2.0, 2.0, 2.0, 2.0, 4.0, 2.0, 1.0, 2.0, 2.0, 2.0, 1.0, 2.0, 2.0, 1.0, 3.0, 2.0, 1.0, 1.0, 2.0, 2.0, 1.0, 2.0, 2.0, 2.0, 2.0, 2.0, 2.0, 1.0], [2.0, 2.0, 2.0, 2.0, 2.0, 2.0, 3.0, 1.0, 2.0, 2.0, 3.0, 2.0, 1.0, 4.0, 2.0, 2.0, 2.0, 2.0, 4.0, 2.0, 1.0, 2.0, 2.0, 4.0, 2.0, 2.0, 2.0, 1.0, 2.0, 2.0, 1.0, 2.0, 2.0, 1.0, 1.0, 2.0, 2.0, 2.0, 2.0, 2.0, 2.0, 1.0], [2.0, 2.0, 2.0, 2.0, 2.0, 2.0, 2.0, 1.0, 2.0, 2.0, 2.0, 4.0, 1.0, 1.0, 2.0, 2.0, 2.0, 2.0, 2.0, 2.0, 1.0, 2.0, 2.0, 2.0, 1.0, 2.0, 1.0, 1.0, 4.0, 2.0, 1.0, 1.0, 2.0, 2.0, 3.0, 1.0, 2.0, 2.0, 2.0, 2.0, 2.0, 1.0], [2.0, 2.0, 1.0, 2.0, 2.0, 2.0, 2.0, 1.0, 2.0, 2.0, 2.0, 2.0, 1.0, 2.0, 2.0, 2.0, 2.0, 2.0, 2.0, 2.0, 1.0, 2.0, 2.0, 2.0, 1.0, 2.0, 2.0, 1.0, 4.0, 2.0, 1.0, 2.0, 2.0, 2.0, 1.0, 2.0, 2.0, 2.0, 2.0, 2.0, 1.0, 1.0], [2.0, 2.0, 2.0, 2.0, 2.0, 2.0, 2.0, 1.0, 2.0, 2.0, 2.0, 2.0, 1.0, 2.0, 2.0, 2.0, 2.0, 2.0, 2.0, 2.0, 1.0, 2.0, 1.0, 2.0, 2.0, 2.0, 2.0, 1.0, 2.0, 2.0, 1.0, 1.0, 2.0, 2.0, 1.0, 2.0, 2.0, 2.0, 2.0, 2.0, 2.0, 1.0], [2.0, 2.0, 1.0, 2.0, 2.0, 2.0, 2.0, 2.0, 2.0, 2.0, 2.0, 2.0, 1.0, 2.0, 2.0, 2.0, 2.0, 2.0, 2.0, 2.0, 2.0, 2.0, 2.0, 4.0, 1.0, 2.0, 2.0, 1.0, 3.0, 2.0, 1.0, 1.0, 2.0, 2.0, 1.0, 2.0, 2.0, 2.0, 2.0, 1.0, 1.0, 1.0], [2.0, 2.0, 1.0, 2.0, 2.0, 2.0, 2.0, 2.0, 2.0, 2.0, 2.0, 2.0, 1.0, 2.0, 2.0, 2.0, 4.0, 2.0, 2.0, 2.0, 1.0, 2.0, 2.0, 2.0, 2.0, 2.0, 2.0, 1.0, 3.0, 2.0, 1.0, 1.0, 2.0, 2.0, 3.0, 2.0, 2.0, 2.0, 2.0, 3.0, 2.0, 1.0], [2.0, 2.0, 1.0, 2.0, 2.0, 2.0, 2.0, 1.0, 2.0, 2.0, 2.0, 2.0, 1.0, 2.0, 2.0, 2.0, 2.0, 2.0, 2.0, 2.0, 2.0, 2.0, 2.0, 2.0, 2.0, 2.0, 2.0, 1.0, 2.0, 2.0, 1.0, 1.0, 2.0, 2.0, 3.0, 2.0, 2.0, 2.0, 2.0, 2.0, 2.0, 1.0], [2.0, 2.0, 2.0, 2.0, 2.0, 2.0, 1.0, 1.0, 2.0, 2.0, 2.0, 2.0, 1.0, 2.0, 2.0, 2.0, 2.0, 2.0, 2.0, 2.0, 2.0, 2.0, 2.0, 4.0, 2.0, 2.0, 2.0, 1.0, 2.0, 2.0, 1.0, 2.0, 2.0, 2.0, 1.0, 2.0, 2.0, 2.0, 2.0, 2.0, 2.0, 1.0], [2.0, 2.0, 2.0, 2.0, 2.0, 2.0, 2.0, 1.0, 2.0, 2.0, 2.0, 2.0, 1.0, 1.0, 2.0, 2.0, 2.0, 4.0, 2.0, 2.0, 2.0, 2.0, 2.0, 4.0, 1.0, 2.0, 2.0, 1.0, 2.0, 2.0, 3.0, 2.0, 2.0, 2.0, 1.0, 2.0, 2.0, 2.0, 2.0, 2.0, 1.0, 1.0], [2.0, 2.0, 2.0, 2.0, 2.0, 2.0, 2.0, 2.0, 2.0, 2.0, 2.0, 2.0, 1.0, 2.0, 2.0, 2.0, 2.0, 2.0, 4.0, 2.0, 3.0, 2.0, 1.0, 4.0, 1.0, 2.0, 2.0, 1.0, 3.0, 2.0, 1.0, 1.0, 2.0, 2.0, 1.0, 2.0, 2.0, 2.0, 2.0, 2.0, 2.0, 1.0], [2.0, 2.0, 2.0, 2.0, 2.0, 2.0, 2.0, 2.0, 2.0, 2.0, 2.0, 4.0, 1.0, 2.0, 2.0, 2.0, 2.0, 2.0, 2.0, 2.0, 1.0, 2.0, 2.0, 2.0, 2.0, 2.0, 2.0, 1.0, 2.0, 2.0, 1.0, 1.0, 2.0, 2.0, 1.0, 2.0, 2.0, 2.0, 2.0, 2.0, 2.0, 1.0], [2.0, 2.0, 1.0, 2.0, 2.0, 2.0, 2.0, 2.0, 2.0, 2.0, 2.0, 2.0, 1.0, 2.0, 2.0, 2.0, 2.0, 2.0, 4.0, 2.0, 3.0, 2.0, 2.0, 2.0, 1.0, 2.0, 2.0, 1.0, 2.0, 2.0, 1.0, 1.0, 2.0, 2.0, 3.0, 2.0, 2.0, 2.0, 2.0, 2.0, 1.0, 1.0], [2.0, 2.0, 2.0, 2.0, 2.0, 2.0, 2.0, 1.0, 2.0, 2.0, 2.0, 2.0, 1.0, 2.0, 2.0, 2.0, 2.0, 2.0, 2.0, 2.0, 2.0, 2.0, 2.0, 2.0, 2.0, 2.0, 2.0, 1.0, 2.0, 2.0, 1.0, 1.0, 2.0, 2.0, 1.0, 2.0, 2.0, 2.0, 2.0, 2.0, 1.0, 1.0], [2.0, 2.0, 2.0, 2.0, 2.0, 2.0, 2.0, 1.0, 2.0, 2.0, 2.0, 2.0, 1.0, 2.0, 2.0, 2.0, 2.0, 2.0, 2.0, 2.0, 3.0, 2.0, 2.0, 2.0, 1.0, 2.0, 2.0, 1.0, 3.0, 2.0, 1.0, 1.0, 2.0, 2.0, 1.0, 2.0, 2.0, 2.0, 2.0, 3.0, 2.0, 1.0], [2.0, 2.0, 2.0, 2.0, 2.0, 2.0, 2.0, 1.0, 3.0, 2.0, 3.0, 2.0, 1.0, 2.0, 2.0, 2.0, 2.0, 2.0, 2.0, 2.0, 2.0, 2.0, 2.0, 2.0, 1.0, 2.0, 2.0, 1.0, 2.0, 2.0, 1.0, 2.0, 2.0, 2.0, 1.0, 2.0, 2.0, 2.0, 2.0, 2.0, 1.0, 1.0], [2.0, 2.0, 2.0, 2.0, 2.0, 2.0, 1.0, 1.0, 2.0, 2.0, 2.0, 2.0, 1.0, 2.0, 2.0, 2.0, 2.0, 2.0, 2.0, 2.0, 3.0, 2.0, 2.0, 2.0, 2.0, 2.0, 2.0, 1.0, 3.0, 2.0, 3.0, 1.0, 2.0, 2.0, 1.0, 2.0, 2.0, 2.0, 2.0, 2.0, 2.0, 1.0], [2.0, 2.0, 1.0, 2.0, 2.0, 2.0, 2.0, 1.0, 2.0, 2.0, 2.0, 2.0, 1.0, 2.0, 2.0, 2.0, 2.0, 2.0, 2.0, 2.0, 1.0, 2.0, 2.0, 2.0, 1.0, 2.0, 2.0, 1.0, 2.0, 2.0, 1.0, 1.0, 2.0, 2.0, 1.0, 2.0, 2.0, 2.0, 2.0, 2.0, 2.0, 1.0], [2.0, 2.0, 2.0, 2.0, 2.0, 2.0, 2.0, 1.0, 2.0, 2.0, 2.0, 2.0, 1.0, 2.0, 2.0, 2.0, 2.0, 2.0, 4.0, 2.0, 2.0, 2.0, 2.0, 2.0, 1.0, 2.0, 2.0, 1.0, 2.0, 2.0, 1.0, 1.0, 2.0, 2.0, 1.0, 2.0, 2.0, 2.0, 2.0, 2.0, 2.0, 1.0], [4.0, 2.0, 2.0, 2.0, 2.0, 2.0, 2.0, 2.0, 2.0, 2.0, 2.0, 2.0, 1.0, 2.0, 2.0, 2.0, 2.0, 2.0, 2.0, 2.0, 1.0, 2.0, 2.0, 2.0, 1.0, 2.0, 2.0, 1.0, 2.0, 2.0, 1.0, 2.0, 2.0, 1.0, 1.0, 2.0, 2.0, 2.0, 2.0, 2.0, 2.0, 1.0], [2.0, 2.0, 2.0, 2.0, 2.0, 2.0, 2.0, 1.0, 2.0, 2.0, 2.0, 2.0, 1.0, 2.0, 2.0, 2.0, 2.0, 2.0, 2.0, 2.0, 3.0, 2.0, 2.0, 2.0, 2.0, 2.0, 2.0, 1.0, 2.0, 2.0, 1.0, 1.0, 2.0, 2.0, 1.0, 2.0, 2.0, 2.0, 2.0, 2.0, 2.0, 1.0], [2.0, 2.0, 1.0, 2.0, 2.0, 2.0, 2.0, 1.0, 2.0, 2.0, 2.0, 2.0, 1.0, 2.0, 2.0, 2.0, 2.0, 2.0, 2.0, 2.0, 1.0, 2.0, 2.0, 2.0, 1.0, 2.0, 2.0, 1.0, 3.0, 2.0, 1.0, 2.0, 2.0, 2.0, 3.0, 2.0, 2.0, 2.0, 2.0, 2.0, 2.0, 1.0], [2.0, 2.0, 1.0, 2.0, 2.0, 2.0, 2.0, 1.0, 2.0, 2.0, 2.0, 2.0, 1.0, 2.0, 4.0, 2.0, 2.0, 2.0, 2.0, 2.0, 1.0, 2.0, 1.0, 3.0, 1.0, 2.0, 2.0, 1.0, 2.0, 2.0, 1.0, 1.0, 2.0, 2.0, 1.0, 2.0, 2.0, 2.0, 2.0, 2.0, 1.0, 1.0], [2.0, 2.0, 1.0, 2.0, 2.0, 2.0, 2.0, 1.0, 2.0, 2.0, 2.0, 2.0, 1.0, 2.0, 2.0, 2.0, 2.0, 2.0, 2.0, 2.0, 2.0, 2.0, 2.0, 4.0, 2.0, 2.0, 2.0, 1.0, 2.0, 2.0, 1.0, 1.0, 2.0, 2.0, 3.0, 2.0, 2.0, 2.0, 2.0, 2.0, 2.0, 1.0], [2.0, 2.0, 2.0, 2.0, 2.0, 2.0, 2.0, 2.0, 2.0, 2.0, 2.0, 2.0, 1.0, 2.0, 2.0, 2.0, 2.0, 2.0, 2.0, 2.0, 2.0, 2.0, 2.0, 4.0, 1.0, 2.0, 2.0, 1.0, 3.0, 2.0, 1.0, 1.0, 2.0, 2.0, 3.0, 2.0, 2.0, 2.0, 2.0, 2.0, 2.0, 1.0], [2.0, 2.0, 2.0, 2.0, 1.0, 2.0, 2.0, 1.0, 2.0, 2.0, 2.0, 2.0, 1.0, 2.0, 2.0, 2.0, 2.0, 2.0, 2.0, 2.0, 2.0, 2.0, 2.0, 2.0, 2.0, 2.0, 2.0, 1.0, 2.0, 2.0, 1.0, 2.0, 2.0, 2.0, 1.0, 2.0, 2.0, 2.0, 2.0, 2.0, 2.0, 1.0], [2.0, 2.0, 1.0, 2.0, 2.0, 2.0, 2.0, 2.0, 2.0, 2.0, 2.0, 2.0, 1.0, 2.0, 2.0, 2.0, 2.0, 2.0, 2.0, 2.0, 2.0, 2.0, 1.0, 2.0, 2.0, 2.0, 2.0, 1.0, 2.0, 2.0, 1.0, 1.0, 2.0, 2.0, 1.0, 2.0, 2.0, 2.0, 2.0, 2.0, 2.0, 1.0], [2.0, 2.0, 1.0, 2.0, 1.0, 2.0, 2.0, 2.0, 2.0, 2.0, 2.0, 2.0, 1.0, 2.0, 2.0, 2.0, 2.0, 2.0, 2.0, 2.0, 2.0, 2.0, 2.0, 2.0, 1.0, 2.0, 2.0, 1.0, 2.0, 2.0, 1.0, 1.0, 2.0, 2.0, 1.0, 2.0, 2.0, 2.0, 2.0, 1.0, 2.0, 1.0], [2.0, 2.0, 2.0, 2.0, 2.0, 2.0, 2.0, 2.0, 2.0, 2.0, 2.0, 2.0, 1.0, 2.0, 2.0, 2.0, 2.0, 2.0, 4.0, 2.0, 2.0, 2.0, 2.0, 4.0, 1.0, 2.0, 2.0, 1.0, 2.0, 2.0, 1.0, 2.0, 2.0, 2.0, 1.0, 2.0, 2.0, 2.0, 2.0, 2.0, 3.0, 1.0], [2.0, 2.0, 1.0, 2.0, 2.0, 2.0, 2.0, 1.0, 2.0, 2.0, 2.0, 2.0, 1.0, 2.0, 2.0, 2.0, 4.0, 2.0, 2.0, 2.0, 2.0, 2.0, 2.0, 4.0, 2.0, 2.0, 2.0, 1.0, 2.0, 2.0, 1.0, 1.0, 2.0, 2.0, 3.0, 2.0, 2.0, 2.0, 2.0, 2.0, 2.0, 1.0], [2.0, 2.0, 1.0, 2.0, 2.0, 2.0, 2.0, 1.0, 2.0, 2.0, 2.0, 2.0, 1.0, 2.0, 2.0, 2.0, 2.0, 2.0, 2.0, 2.0, 1.0, 2.0, 2.0, 4.0, 1.0, 2.0, 1.0, 1.0, 2.0, 2.0, 1.0, 1.0, 2.0, 2.0, 1.0, 1.0, 2.0, 2.0, 2.0, 1.0, 2.0, 1.0], [2.0, 2.0, 2.0, 2.0, 2.0, 2.0, 2.0, 1.0, 2.0, 2.0, 2.0, 2.0, 1.0, 2.0, 4.0, 2.0, 2.0, 2.0, 2.0, 2.0, 2.0, 2.0, 2.0, 2.0, 2.0, 2.0, 2.0, 1.0, 2.0, 2.0, 3.0, 1.0, 2.0, 2.0, 1.0, 2.0, 2.0, 2.0, 2.0, 2.0, 1.0, 1.0], [2.0, 2.0, 2.0, 2.0, 2.0, 2.0, 2.0, 1.0, 2.0, 2.0, 2.0, 2.0, 1.0, 2.0, 2.0, 2.0, 2.0, 2.0, 2.0, 2.0, 2.0, 2.0, 2.0, 1.0, 1.0, 2.0, 2.0, 1.0, 3.0, 2.0, 1.0, 1.0, 2.0, 2.0, 1.0, 2.0, 2.0, 2.0, 2.0, 2.0, 2.0, 1.0], [2.0, 2.0, 2.0, 2.0, 1.0, 2.0, 2.0, 2.0, 2.0, 2.0, 2.0, 2.0, 1.0, 2.0, 2.0, 2.0, 2.0, 2.0, 2.0, 2.0, 3.0, 2.0, 2.0, 2.0, 2.0, 2.0, 2.0, 1.0, 2.0, 2.0, 1.0, 1.0, 2.0, 2.0, 1.0, 2.0, 2.0, 2.0, 2.0, 2.0, 2.0, 1.0], [2.0, 2.0, 1.0, 2.0, 2.0, 2.0, 2.0, 2.0, 2.0, 2.0, 2.0, 2.0, 1.0, 2.0, 2.0, 2.0, 2.0, 2.0, 4.0, 2.0, 1.0, 2.0, 2.0, 2.0, 1.0, 2.0, 2.0, 1.0, 2.0, 2.0, 3.0, 2.0, 2.0, 2.0, 1.0, 2.0, 2.0, 2.0, 2.0, 2.0, 2.0, 1.0], [2.0, 2.0, 2.0, 2.0, 2.0, 2.0, 2.0, 1.0, 2.0, 2.0, 2.0, 2.0, 1.0, 2.0, 2.0, 2.0, 2.0, 2.0, 2.0, 2.0, 3.0, 2.0, 2.0, 2.0, 1.0, 2.0, 2.0, 1.0, 2.0, 2.0, 1.0, 1.0, 2.0, 2.0, 1.0, 2.0, 2.0, 2.0, 2.0, 1.0, 1.0, 1.0]]

