first layer check: Conv2d(9, 64, kernel_size=(7, 7), stride=(2, 2), padding=(3, 3), bias=False)

target ys
[0.0, 2.0, 2.0, 0.0, 0.0, 2.0, 0.0, 4.0, 2.0, 2.0, 5.0, 5.0, 3.0, 5.0, 3.0, 5.0, 3.0, 2.0, 4.0, 4.0, 1.0, 4.0, 2.0, 5.0, 2.0, 1.0, 1.0, 1.0, 1.0, 2.0, 1.0, 1.0, 2.0, 2.0, 2.0, 4.0, 1.0, 2.0, 2.0, 2.0, 1.0, 3.0]

for model 0: mode acc: 0.4523809552192688, run mean acc: 0.44249996542930603, top-2 acc:0.6341666579246521, mode f1: 0.4523809552192688

model 0 mode preds
[1.0, 4.0, 2.0, 0.0, 2.0, 2.0, 4.0, 5.0, 2.0, 2.0, 2.0, 4.0, 2.0, 4.0, 2.0, 5.0, 2.0, 2.0, 2.0, 4.0, 1.0, 5.0, 4.0, 2.0, 2.0, 1.0, 1.0, 2.0, 1.0, 2.0, 1.0, 2.0, 2.0, 2.0, 1.0, 2.0, 1.0, 4.0, 5.0, 2.0, 2.0, 2.0]

model 0 all preds
[[1.0, 4.0, 2.0, 0.0, 2.0, 2.0, 4.0, 5.0, 2.0, 2.0, 2.0, 4.0, 2.0, 4.0, 2.0, 5.0, 2.0, 2.0, 2.0, 5.0, 1.0, 2.0, 2.0, 5.0, 2.0, 1.0, 1.0, 2.0, 1.0, 2.0, 1.0, 2.0, 2.0, 2.0, 1.0, 2.0, 1.0, 4.0, 2.0, 2.0, 2.0, 5.0], [1.0, 4.0, 4.0, 0.0, 2.0, 2.0, 4.0, 5.0, 2.0, 2.0, 5.0, 5.0, 2.0, 5.0, 2.0, 5.0, 2.0, 2.0, 2.0, 2.0, 2.0, 4.0, 5.0, 2.0, 2.0, 1.0, 1.0, 2.0, 1.0, 2.0, 1.0, 2.0, 1.0, 2.0, 1.0, 2.0, 1.0, 5.0, 5.0, 2.0, 2.0, 5.0], [1.0, 4.0, 5.0, 0.0, 2.0, 2.0, 4.0, 5.0, 2.0, 2.0, 2.0, 4.0, 2.0, 4.0, 2.0, 5.0, 2.0, 2.0, 2.0, 4.0, 2.0, 5.0, 2.0, 4.0, 4.0, 1.0, 1.0, 2.0, 1.0, 2.0, 2.0, 2.0, 1.0, 4.0, 1.0, 4.0, 1.0, 5.0, 2.0, 1.0, 2.0, 5.0], [1.0, 5.0, 2.0, 0.0, 2.0, 2.0, 4.0, 4.0, 2.0, 2.0, 2.0, 4.0, 2.0, 4.0, 2.0, 5.0, 2.0, 2.0, 2.0, 5.0, 1.0, 5.0, 4.0, 4.0, 2.0, 1.0, 1.0, 2.0, 1.0, 2.0, 1.0, 4.0, 2.0, 2.0, 1.0, 2.0, 1.0, 4.0, 2.0, 2.0, 2.0, 2.0], [1.0, 4.0, 4.0, 0.0, 2.0, 2.0, 2.0, 4.0, 2.0, 2.0, 2.0, 4.0, 2.0, 4.0, 2.0, 5.0, 2.0, 2.0, 2.0, 4.0, 2.0, 4.0, 4.0, 5.0, 5.0, 1.0, 1.0, 2.0, 1.0, 2.0, 2.0, 2.0, 2.0, 2.0, 1.0, 2.0, 1.0, 5.0, 2.0, 2.0, 4.0, 5.0], [1.0, 4.0, 5.0, 0.0, 2.0, 2.0, 5.0, 5.0, 2.0, 2.0, 5.0, 4.0, 2.0, 5.0, 2.0, 5.0, 2.0, 2.0, 2.0, 4.0, 1.0, 4.0, 5.0, 2.0, 2.0, 1.0, 1.0, 5.0, 1.0, 2.0, 1.0, 2.0, 2.0, 2.0, 1.0, 2.0, 1.0, 4.0, 5.0, 2.0, 2.0, 2.0], [1.0, 4.0, 5.0, 0.0, 2.0, 2.0, 4.0, 4.0, 2.0, 2.0, 2.0, 5.0, 1.0, 4.0, 2.0, 5.0, 2.0, 2.0, 2.0, 4.0, 2.0, 5.0, 5.0, 2.0, 4.0, 1.0, 1.0, 2.0, 1.0, 2.0, 2.0, 4.0, 2.0, 2.0, 1.0, 2.0, 1.0, 4.0, 1.0, 2.0, 2.0, 2.0], [1.0, 4.0, 4.0, 2.0, 2.0, 2.0, 2.0, 5.0, 2.0, 2.0, 5.0, 4.0, 2.0, 2.0, 2.0, 5.0, 2.0, 2.0, 4.0, 4.0, 2.0, 5.0, 5.0, 5.0, 4.0, 1.0, 1.0, 2.0, 1.0, 2.0, 2.0, 2.0, 1.0, 5.0, 1.0, 4.0, 1.0, 5.0, 5.0, 2.0, 2.0, 2.0], [1.0, 4.0, 5.0, 0.0, 2.0, 2.0, 4.0, 5.0, 2.0, 2.0, 2.0, 4.0, 2.0, 2.0, 2.0, 5.0, 2.0, 2.0, 2.0, 2.0, 1.0, 5.0, 5.0, 2.0, 2.0, 1.0, 1.0, 2.0, 1.0, 2.0, 1.0, 4.0, 1.0, 2.0, 1.0, 2.0, 1.0, 4.0, 5.0, 2.0, 2.0, 2.0], [1.0, 4.0, 4.0, 0.0, 2.0, 2.0, 2.0, 5.0, 2.0, 2.0, 2.0, 4.0, 2.0, 4.0, 2.0, 5.0, 2.0, 2.0, 2.0, 4.0, 2.0, 5.0, 5.0, 2.0, 5.0, 1.0, 1.0, 2.0, 1.0, 2.0, 1.0, 2.0, 2.0, 2.0, 1.0, 2.0, 1.0, 5.0, 2.0, 2.0, 2.0, 2.0], [1.0, 5.0, 1.0, 0.0, 2.0, 2.0, 2.0, 5.0, 2.0, 2.0, 2.0, 4.0, 2.0, 4.0, 2.0, 5.0, 2.0, 2.0, 2.0, 4.0, 1.0, 5.0, 5.0, 2.0, 2.0, 1.0, 1.0, 2.0, 1.0, 2.0, 1.0, 2.0, 2.0, 2.0, 1.0, 2.0, 1.0, 4.0, 2.0, 2.0, 4.0, 2.0], [1.0, 5.0, 2.0, 0.0, 2.0, 2.0, 4.0, 5.0, 2.0, 2.0, 2.0, 2.0, 2.0, 4.0, 2.0, 5.0, 2.0, 2.0, 2.0, 4.0, 1.0, 4.0, 2.0, 2.0, 2.0, 1.0, 1.0, 2.0, 1.0, 2.0, 2.0, 2.0, 2.0, 2.0, 1.0, 4.0, 1.0, 4.0, 5.0, 2.0, 2.0, 2.0], [1.0, 4.0, 2.0, 0.0, 2.0, 2.0, 5.0, 4.0, 2.0, 2.0, 2.0, 4.0, 2.0, 4.0, 2.0, 5.0, 2.0, 2.0, 2.0, 4.0, 1.0, 4.0, 4.0, 5.0, 2.0, 1.0, 1.0, 2.0, 1.0, 2.0, 1.0, 2.0, 1.0, 2.0, 1.0, 2.0, 1.0, 4.0, 5.0, 2.0, 2.0, 5.0], [1.0, 5.0, 2.0, 0.0, 2.0, 2.0, 4.0, 5.0, 2.0, 2.0, 2.0, 5.0, 2.0, 2.0, 2.0, 5.0, 2.0, 2.0, 2.0, 4.0, 2.0, 5.0, 4.0, 4.0, 4.0, 1.0, 1.0, 2.0, 1.0, 2.0, 1.0, 4.0, 1.0, 4.0, 1.0, 2.0, 1.0, 4.0, 5.0, 2.0, 2.0, 2.0], [1.0, 4.0, 5.0, 0.0, 2.0, 2.0, 4.0, 4.0, 2.0, 2.0, 5.0, 4.0, 2.0, 4.0, 2.0, 5.0, 2.0, 2.0, 2.0, 2.0, 1.0, 5.0, 4.0, 5.0, 4.0, 1.0, 1.0, 5.0, 1.0, 2.0, 1.0, 2.0, 1.0, 2.0, 1.0, 4.0, 1.0, 2.0, 2.0, 2.0, 2.0, 5.0], [1.0, 5.0, 2.0, 0.0, 2.0, 2.0, 2.0, 4.0, 2.0, 2.0, 5.0, 5.0, 2.0, 5.0, 2.0, 5.0, 2.0, 2.0, 2.0, 4.0, 1.0, 5.0, 4.0, 5.0, 4.0, 1.0, 1.0, 2.0, 1.0, 2.0, 1.0, 4.0, 2.0, 2.0, 1.0, 2.0, 1.0, 4.0, 5.0, 2.0, 2.0, 2.0], [1.0, 4.0, 2.0, 0.0, 2.0, 2.0, 4.0, 4.0, 2.0, 2.0, 2.0, 4.0, 2.0, 4.0, 2.0, 5.0, 2.0, 2.0, 2.0, 4.0, 1.0, 4.0, 5.0, 5.0, 4.0, 1.0, 1.0, 2.0, 1.0, 2.0, 1.0, 2.0, 1.0, 1.0, 1.0, 2.0, 1.0, 4.0, 2.0, 2.0, 2.0, 2.0], [1.0, 5.0, 4.0, 0.0, 2.0, 2.0, 4.0, 5.0, 2.0, 2.0, 2.0, 4.0, 2.0, 2.0, 2.0, 5.0, 2.0, 2.0, 2.0, 4.0, 1.0, 5.0, 4.0, 5.0, 4.0, 1.0, 1.0, 2.0, 1.0, 2.0, 2.0, 2.0, 1.0, 2.0, 1.0, 4.0, 1.0, 4.0, 2.0, 2.0, 2.0, 5.0], [1.0, 5.0, 2.0, 0.0, 5.0, 2.0, 4.0, 5.0, 2.0, 2.0, 5.0, 4.0, 2.0, 4.0, 2.0, 5.0, 5.0, 2.0, 2.0, 5.0, 2.0, 5.0, 5.0, 2.0, 5.0, 1.0, 1.0, 2.0, 1.0, 2.0, 2.0, 2.0, 2.0, 2.0, 1.0, 2.0, 1.0, 4.0, 1.0, 2.0, 2.0, 2.0], [1.0, 4.0, 5.0, 0.0, 2.0, 2.0, 2.0, 4.0, 2.0, 2.0, 4.0, 4.0, 2.0, 4.0, 2.0, 5.0, 2.0, 2.0, 2.0, 4.0, 1.0, 4.0, 4.0, 4.0, 2.0, 1.0, 1.0, 5.0, 1.0, 2.0, 1.0, 2.0, 2.0, 4.0, 1.0, 4.0, 1.0, 5.0, 2.0, 2.0, 2.0, 2.0], [1.0, 4.0, 5.0, 0.0, 2.0, 2.0, 4.0, 4.0, 2.0, 2.0, 2.0, 4.0, 2.0, 4.0, 2.0, 5.0, 2.0, 2.0, 2.0, 5.0, 2.0, 4.0, 4.0, 2.0, 4.0, 1.0, 1.0, 5.0, 1.0, 2.0, 2.0, 2.0, 1.0, 4.0, 1.0, 2.0, 1.0, 4.0, 5.0, 1.0, 2.0, 2.0], [1.0, 4.0, 2.0, 4.0, 2.0, 2.0, 4.0, 5.0, 2.0, 1.0, 0.0, 4.0, 2.0, 4.0, 2.0, 5.0, 2.0, 2.0, 2.0, 5.0, 1.0, 4.0, 4.0, 2.0, 2.0, 1.0, 1.0, 3.0, 1.0, 2.0, 1.0, 2.0, 2.0, 5.0, 1.0, 2.0, 1.0, 5.0, 5.0, 2.0, 2.0, 2.0], [1.0, 4.0, 5.0, 0.0, 2.0, 2.0, 4.0, 5.0, 2.0, 2.0, 5.0, 4.0, 2.0, 4.0, 2.0, 5.0, 2.0, 2.0, 2.0, 4.0, 1.0, 4.0, 5.0, 2.0, 2.0, 1.0, 1.0, 2.0, 1.0, 2.0, 1.0, 2.0, 2.0, 2.0, 1.0, 2.0, 1.0, 4.0, 5.0, 2.0, 2.0, 2.0], [1.0, 2.0, 2.0, 0.0, 2.0, 2.0, 4.0, 5.0, 2.0, 2.0, 5.0, 5.0, 2.0, 4.0, 2.0, 5.0, 2.0, 2.0, 5.0, 4.0, 2.0, 4.0, 4.0, 2.0, 2.0, 1.0, 1.0, 2.0, 1.0, 2.0, 2.0, 4.0, 1.0, 4.0, 1.0, 2.0, 1.0, 4.0, 5.0, 2.0, 2.0, 2.0], [1.0, 4.0, 2.0, 0.0, 2.0, 4.0, 2.0, 2.0, 2.0, 2.0, 5.0, 5.0, 2.0, 4.0, 2.0, 5.0, 2.0, 2.0, 1.0, 4.0, 1.0, 5.0, 5.0, 2.0, 2.0, 1.0, 1.0, 2.0, 1.0, 2.0, 2.0, 2.0, 2.0, 2.0, 1.0, 2.0, 1.0, 2.0, 5.0, 2.0, 2.0, 2.0], [1.0, 4.0, 2.0, 0.0, 2.0, 2.0, 4.0, 4.0, 2.0, 2.0, 2.0, 4.0, 2.0, 4.0, 2.0, 5.0, 2.0, 2.0, 5.0, 5.0, 1.0, 4.0, 4.0, 5.0, 2.0, 1.0, 1.0, 2.0, 1.0, 2.0, 2.0, 2.0, 2.0, 2.0, 1.0, 2.0, 1.0, 4.0, 5.0, 2.0, 2.0, 2.0], [1.0, 4.0, 2.0, 4.0, 2.0, 2.0, 2.0, 5.0, 2.0, 2.0, 5.0, 4.0, 2.0, 4.0, 2.0, 5.0, 2.0, 2.0, 0.0, 4.0, 2.0, 4.0, 4.0, 5.0, 2.0, 1.0, 1.0, 5.0, 1.0, 2.0, 2.0, 2.0, 2.0, 2.0, 1.0, 2.0, 1.0, 4.0, 5.0, 2.0, 2.0, 2.0], [1.0, 2.0, 2.0, 0.0, 2.0, 2.0, 4.0, 5.0, 2.0, 2.0, 2.0, 4.0, 2.0, 4.0, 2.0, 5.0, 2.0, 2.0, 0.0, 4.0, 2.0, 4.0, 4.0, 4.0, 4.0, 1.0, 1.0, 2.0, 1.0, 2.0, 1.0, 2.0, 2.0, 4.0, 1.0, 2.0, 1.0, 5.0, 5.0, 2.0, 2.0, 2.0], [1.0, 4.0, 2.0, 0.0, 2.0, 2.0, 2.0, 5.0, 2.0, 2.0, 5.0, 4.0, 2.0, 4.0, 2.0, 5.0, 2.0, 2.0, 1.0, 4.0, 2.0, 4.0, 5.0, 2.0, 4.0, 1.0, 1.0, 2.0, 1.0, 2.0, 1.0, 2.0, 2.0, 2.0, 1.0, 4.0, 1.0, 5.0, 5.0, 2.0, 2.0, 5.0], [1.0, 4.0, 2.0, 0.0, 2.0, 2.0, 2.0, 2.0, 2.0, 2.0, 3.0, 4.0, 2.0, 4.0, 2.0, 5.0, 2.0, 2.0, 2.0, 4.0, 1.0, 5.0, 4.0, 5.0, 2.0, 1.0, 1.0, 2.0, 1.0, 2.0, 1.0, 2.0, 2.0, 2.0, 1.0, 2.0, 1.0, 4.0, 2.0, 2.0, 2.0, 2.0], [1.0, 2.0, 2.0, 2.0, 2.0, 2.0, 4.0, 4.0, 2.0, 2.0, 2.0, 4.0, 2.0, 4.0, 2.0, 5.0, 2.0, 2.0, 2.0, 4.0, 2.0, 4.0, 4.0, 2.0, 2.0, 1.0, 1.0, 2.0, 1.0, 2.0, 1.0, 2.0, 2.0, 2.0, 1.0, 4.0, 1.0, 4.0, 2.0, 2.0, 2.0, 2.0], [1.0, 5.0, 2.0, 0.0, 2.0, 2.0, 4.0, 5.0, 2.0, 2.0, 0.0, 5.0, 2.0, 4.0, 2.0, 5.0, 2.0, 2.0, 2.0, 5.0, 1.0, 4.0, 5.0, 5.0, 2.0, 1.0, 1.0, 2.0, 1.0, 2.0, 1.0, 2.0, 2.0, 2.0, 1.0, 2.0, 1.0, 4.0, 2.0, 2.0, 2.0, 5.0], [1.0, 4.0, 5.0, 0.0, 2.0, 2.0, 5.0, 4.0, 2.0, 2.0, 2.0, 4.0, 2.0, 4.0, 2.0, 5.0, 2.0, 2.0, 2.0, 4.0, 2.0, 5.0, 4.0, 4.0, 4.0, 1.0, 1.0, 2.0, 1.0, 2.0, 2.0, 2.0, 2.0, 2.0, 1.0, 2.0, 1.0, 4.0, 5.0, 2.0, 2.0, 2.0], [1.0, 4.0, 5.0, 0.0, 2.0, 2.0, 4.0, 2.0, 2.0, 2.0, 2.0, 4.0, 1.0, 4.0, 2.0, 5.0, 2.0, 2.0, 2.0, 4.0, 1.0, 4.0, 5.0, 4.0, 5.0, 1.0, 1.0, 2.0, 1.0, 2.0, 2.0, 2.0, 1.0, 2.0, 1.0, 2.0, 1.0, 4.0, 5.0, 2.0, 2.0, 5.0], [1.0, 4.0, 4.0, 0.0, 2.0, 2.0, 2.0, 4.0, 2.0, 2.0, 2.0, 4.0, 2.0, 4.0, 2.0, 5.0, 2.0, 2.0, 2.0, 2.0, 2.0, 5.0, 2.0, 4.0, 4.0, 1.0, 1.0, 2.0, 1.0, 2.0, 2.0, 2.0, 2.0, 4.0, 1.0, 4.0, 1.0, 5.0, 2.0, 2.0, 5.0, 5.0], [1.0, 4.0, 2.0, 0.0, 2.0, 2.0, 4.0, 4.0, 2.0, 2.0, 2.0, 4.0, 2.0, 4.0, 2.0, 5.0, 2.0, 2.0, 2.0, 4.0, 1.0, 5.0, 4.0, 5.0, 2.0, 1.0, 1.0, 2.0, 1.0, 2.0, 2.0, 2.0, 2.0, 2.0, 1.0, 2.0, 1.0, 4.0, 5.0, 2.0, 2.0, 5.0], [1.0, 4.0, 2.0, 0.0, 2.0, 2.0, 4.0, 5.0, 2.0, 2.0, 2.0, 2.0, 2.0, 4.0, 2.0, 5.0, 2.0, 2.0, 1.0, 4.0, 1.0, 5.0, 4.0, 5.0, 2.0, 1.0, 1.0, 2.0, 1.0, 2.0, 2.0, 4.0, 2.0, 2.0, 1.0, 2.0, 1.0, 5.0, 2.0, 2.0, 2.0, 2.0], [1.0, 4.0, 2.0, 4.0, 2.0, 2.0, 4.0, 4.0, 2.0, 2.0, 2.0, 5.0, 2.0, 4.0, 5.0, 5.0, 2.0, 2.0, 2.0, 4.0, 2.0, 2.0, 4.0, 4.0, 2.0, 1.0, 1.0, 2.0, 1.0, 2.0, 2.0, 2.0, 2.0, 4.0, 1.0, 2.0, 1.0, 4.0, 2.0, 1.0, 2.0, 5.0], [1.0, 5.0, 4.0, 0.0, 2.0, 2.0, 4.0, 4.0, 2.0, 2.0, 2.0, 4.0, 2.0, 4.0, 2.0, 5.0, 2.0, 2.0, 2.0, 4.0, 1.0, 5.0, 4.0, 5.0, 2.0, 1.0, 1.0, 2.0, 1.0, 2.0, 2.0, 2.0, 1.0, 2.0, 1.0, 4.0, 1.0, 5.0, 2.0, 2.0, 2.0, 2.0], [1.0, 4.0, 4.0, 2.0, 2.0, 2.0, 5.0, 4.0, 2.0, 2.0, 2.0, 4.0, 2.0, 2.0, 2.0, 5.0, 2.0, 2.0, 2.0, 4.0, 2.0, 5.0, 4.0, 4.0, 2.0, 1.0, 1.0, 2.0, 1.0, 2.0, 1.0, 2.0, 2.0, 2.0, 1.0, 4.0, 1.0, 4.0, 2.0, 2.0, 4.0, 5.0], [1.0, 4.0, 2.0, 5.0, 2.0, 2.0, 4.0, 5.0, 2.0, 2.0, 5.0, 4.0, 2.0, 4.0, 2.0, 5.0, 2.0, 2.0, 0.0, 4.0, 1.0, 4.0, 5.0, 2.0, 4.0, 1.0, 1.0, 2.0, 1.0, 2.0, 1.0, 2.0, 1.0, 5.0, 1.0, 2.0, 1.0, 4.0, 2.0, 2.0, 2.0, 5.0], [1.0, 5.0, 5.0, 0.0, 2.0, 2.0, 5.0, 4.0, 2.0, 2.0, 5.0, 5.0, 1.0, 4.0, 2.0, 5.0, 2.0, 2.0, 2.0, 5.0, 1.0, 5.0, 5.0, 5.0, 4.0, 1.0, 1.0, 2.0, 1.0, 2.0, 2.0, 2.0, 2.0, 2.0, 1.0, 4.0, 1.0, 4.0, 5.0, 2.0, 4.0, 2.0], [1.0, 5.0, 2.0, 2.0, 2.0, 2.0, 4.0, 4.0, 2.0, 2.0, 5.0, 4.0, 2.0, 4.0, 2.0, 5.0, 2.0, 2.0, 2.0, 4.0, 2.0, 5.0, 5.0, 5.0, 4.0, 1.0, 1.0, 2.0, 1.0, 2.0, 2.0, 2.0, 1.0, 2.0, 1.0, 2.0, 1.0, 4.0, 5.0, 2.0, 2.0, 5.0], [1.0, 4.0, 2.0, 0.0, 2.0, 2.0, 4.0, 5.0, 2.0, 2.0, 2.0, 4.0, 2.0, 4.0, 2.0, 5.0, 2.0, 2.0, 0.0, 4.0, 2.0, 4.0, 4.0, 2.0, 2.0, 1.0, 1.0, 2.0, 1.0, 2.0, 1.0, 2.0, 2.0, 4.0, 1.0, 2.0, 1.0, 2.0, 5.0, 2.0, 2.0, 2.0], [1.0, 4.0, 5.0, 0.0, 2.0, 2.0, 4.0, 5.0, 2.0, 2.0, 0.0, 4.0, 2.0, 4.0, 2.0, 5.0, 2.0, 2.0, 2.0, 4.0, 2.0, 2.0, 5.0, 4.0, 2.0, 1.0, 1.0, 2.0, 1.0, 2.0, 1.0, 2.0, 2.0, 2.0, 1.0, 4.0, 1.0, 5.0, 5.0, 2.0, 2.0, 5.0], [1.0, 4.0, 4.0, 0.0, 2.0, 2.0, 2.0, 5.0, 2.0, 2.0, 2.0, 4.0, 2.0, 4.0, 2.0, 5.0, 2.0, 2.0, 2.0, 4.0, 1.0, 5.0, 5.0, 5.0, 5.0, 1.0, 1.0, 2.0, 1.0, 2.0, 1.0, 2.0, 1.0, 2.0, 1.0, 4.0, 1.0, 4.0, 5.0, 2.0, 2.0, 2.0], [1.0, 4.0, 0.0, 0.0, 2.0, 2.0, 2.0, 4.0, 2.0, 2.0, 2.0, 4.0, 2.0, 4.0, 2.0, 5.0, 2.0, 2.0, 1.0, 4.0, 2.0, 4.0, 4.0, 2.0, 2.0, 1.0, 1.0, 0.0, 1.0, 2.0, 1.0, 2.0, 2.0, 4.0, 1.0, 4.0, 1.0, 2.0, 5.0, 2.0, 2.0, 2.0], [1.0, 4.0, 0.0, 0.0, 2.0, 2.0, 2.0, 4.0, 2.0, 2.0, 2.0, 4.0, 2.0, 4.0, 2.0, 5.0, 2.0, 2.0, 2.0, 4.0, 1.0, 4.0, 2.0, 5.0, 2.0, 1.0, 1.0, 2.0, 1.0, 2.0, 1.0, 2.0, 1.0, 2.0, 1.0, 2.0, 1.0, 4.0, 2.0, 2.0, 2.0, 2.0], [1.0, 4.0, 2.0, 0.0, 2.0, 2.0, 2.0, 5.0, 2.0, 2.0, 2.0, 4.0, 2.0, 4.0, 2.0, 5.0, 2.0, 2.0, 2.0, 4.0, 1.0, 5.0, 4.0, 2.0, 2.0, 1.0, 1.0, 1.0, 1.0, 2.0, 1.0, 2.0, 2.0, 2.0, 1.0, 2.0, 1.0, 4.0, 5.0, 2.0, 4.0, 2.0], [1.0, 4.0, 4.0, 0.0, 2.0, 2.0, 2.0, 5.0, 2.0, 2.0, 2.0, 4.0, 2.0, 2.0, 2.0, 5.0, 2.0, 2.0, 2.0, 4.0, 1.0, 5.0, 4.0, 2.0, 5.0, 1.0, 1.0, 2.0, 1.0, 2.0, 2.0, 2.0, 2.0, 4.0, 1.0, 2.0, 1.0, 5.0, 2.0, 2.0, 2.0, 2.0]]

first layer check: Conv2d(9, 64, kernel_size=(7, 7), stride=(2, 2), padding=(3, 3), bias=False)

for model 1: mode acc: 0.095238097012043, run mean acc: 0.1587500125169754, top-2 acc:0.40583333373069763, mode f1: 0.095238097012043

model 1 mode preds
[3.0, 3.0, 3.0, 3.0, 3.0, 3.0, 3.0, 3.0, 3.0, 3.0, 3.0, 3.0, 3.0, 3.0, 3.0, 3.0, 2.0, 3.0, 3.0, 3.0, 2.0, 3.0, 3.0, 3.0, 3.0, 3.0, 2.0, 3.0, 2.0, 3.0, 3.0, 3.0, 3.0, 3.0, 2.0, 3.0, 3.0, 3.0, 3.0, 3.0, 3.0, 3.0]

model 1 all preds
[[3.0, 3.0, 3.0, 3.0, 3.0, 3.0, 3.0, 3.0, 3.0, 3.0, 3.0, 3.0, 3.0, 3.0, 3.0, 3.0, 2.0, 3.0, 2.0, 3.0, 2.0, 3.0, 3.0, 3.0, 4.0, 3.0, 2.0, 3.0, 2.0, 3.0, 3.0, 3.0, 2.0, 2.0, 2.0, 3.0, 3.0, 3.0, 3.0, 3.0, 3.0, 3.0], [3.0, 3.0, 2.0, 3.0, 2.0, 3.0, 3.0, 3.0, 3.0, 3.0, 3.0, 3.0, 3.0, 3.0, 3.0, 3.0, 4.0, 3.0, 3.0, 3.0, 3.0, 3.0, 3.0, 3.0, 4.0, 2.0, 2.0, 3.0, 2.0, 3.0, 3.0, 3.0, 3.0, 3.0, 2.0, 3.0, 3.0, 3.0, 3.0, 3.0, 3.0, 3.0], [3.0, 4.0, 3.0, 3.0, 3.0, 3.0, 3.0, 3.0, 3.0, 3.0, 3.0, 3.0, 3.0, 3.0, 3.0, 3.0, 4.0, 3.0, 3.0, 3.0, 2.0, 3.0, 2.0, 3.0, 3.0, 1.0, 2.0, 3.0, 2.0, 3.0, 3.0, 3.0, 3.0, 3.0, 2.0, 3.0, 2.0, 3.0, 3.0, 2.0, 3.0, 3.0], [2.0, 3.0, 3.0, 3.0, 3.0, 3.0, 3.0, 3.0, 2.0, 3.0, 3.0, 3.0, 3.0, 3.0, 3.0, 3.0, 2.0, 3.0, 3.0, 3.0, 2.0, 3.0, 3.0, 3.0, 3.0, 3.0, 2.0, 3.0, 2.0, 3.0, 3.0, 2.0, 2.0, 3.0, 2.0, 4.0, 3.0, 3.0, 3.0, 3.0, 3.0, 3.0], [3.0, 3.0, 3.0, 3.0, 3.0, 3.0, 3.0, 3.0, 3.0, 3.0, 3.0, 3.0, 3.0, 3.0, 3.0, 3.0, 3.0, 3.0, 3.0, 4.0, 2.0, 3.0, 3.0, 3.0, 3.0, 2.0, 3.0, 3.0, 2.0, 3.0, 2.0, 2.0, 3.0, 3.0, 2.0, 3.0, 2.0, 3.0, 3.0, 3.0, 3.0, 3.0], [3.0, 3.0, 3.0, 3.0, 3.0, 3.0, 3.0, 3.0, 3.0, 3.0, 3.0, 3.0, 3.0, 3.0, 3.0, 3.0, 3.0, 3.0, 3.0, 3.0, 2.0, 3.0, 3.0, 4.0, 3.0, 1.0, 3.0, 3.0, 2.0, 3.0, 3.0, 2.0, 2.0, 3.0, 2.0, 3.0, 3.0, 3.0, 3.0, 3.0, 3.0, 3.0], [1.0, 3.0, 3.0, 3.0, 2.0, 2.0, 3.0, 3.0, 3.0, 3.0, 3.0, 3.0, 3.0, 3.0, 3.0, 3.0, 2.0, 3.0, 3.0, 4.0, 2.0, 3.0, 3.0, 3.0, 3.0, 2.0, 1.0, 3.0, 2.0, 3.0, 3.0, 3.0, 2.0, 3.0, 2.0, 3.0, 3.0, 3.0, 3.0, 3.0, 3.0, 3.0], [3.0, 2.0, 3.0, 3.0, 3.0, 2.0, 4.0, 3.0, 3.0, 3.0, 3.0, 3.0, 3.0, 3.0, 3.0, 3.0, 3.0, 3.0, 3.0, 4.0, 2.0, 3.0, 2.0, 3.0, 3.0, 2.0, 2.0, 3.0, 2.0, 3.0, 3.0, 2.0, 3.0, 3.0, 2.0, 3.0, 3.0, 3.0, 2.0, 3.0, 4.0, 3.0], [3.0, 3.0, 3.0, 3.0, 3.0, 3.0, 3.0, 3.0, 3.0, 3.0, 3.0, 3.0, 3.0, 3.0, 3.0, 3.0, 3.0, 3.0, 3.0, 3.0, 2.0, 3.0, 3.0, 3.0, 3.0, 1.0, 1.0, 3.0, 2.0, 3.0, 3.0, 3.0, 3.0, 2.0, 2.0, 3.0, 3.0, 3.0, 3.0, 2.0, 3.0, 3.0], [3.0, 3.0, 3.0, 3.0, 3.0, 3.0, 3.0, 3.0, 3.0, 3.0, 3.0, 3.0, 3.0, 3.0, 3.0, 3.0, 4.0, 3.0, 3.0, 3.0, 2.0, 3.0, 3.0, 3.0, 3.0, 3.0, 2.0, 3.0, 2.0, 3.0, 3.0, 2.0, 3.0, 3.0, 2.0, 3.0, 2.0, 3.0, 3.0, 3.0, 3.0, 3.0], [3.0, 3.0, 3.0, 3.0, 3.0, 3.0, 2.0, 3.0, 3.0, 3.0, 3.0, 3.0, 3.0, 3.0, 3.0, 3.0, 3.0, 3.0, 3.0, 3.0, 3.0, 3.0, 3.0, 3.0, 3.0, 2.0, 2.0, 3.0, 2.0, 3.0, 2.0, 2.0, 2.0, 3.0, 3.0, 3.0, 2.0, 3.0, 3.0, 3.0, 3.0, 3.0], [3.0, 3.0, 3.0, 3.0, 3.0, 2.0, 3.0, 3.0, 3.0, 3.0, 3.0, 3.0, 3.0, 3.0, 3.0, 3.0, 2.0, 3.0, 2.0, 4.0, 2.0, 3.0, 3.0, 3.0, 3.0, 3.0, 3.0, 3.0, 1.0, 3.0, 3.0, 3.0, 2.0, 3.0, 2.0, 3.0, 2.0, 3.0, 3.0, 2.0, 3.0, 3.0], [3.0, 3.0, 3.0, 3.0, 3.0, 3.0, 3.0, 3.0, 3.0, 3.0, 3.0, 3.0, 3.0, 3.0, 3.0, 3.0, 3.0, 3.0, 3.0, 3.0, 2.0, 3.0, 3.0, 3.0, 4.0, 3.0, 3.0, 3.0, 2.0, 3.0, 3.0, 3.0, 3.0, 3.0, 2.0, 3.0, 3.0, 3.0, 3.0, 3.0, 4.0, 3.0], [3.0, 3.0, 3.0, 3.0, 3.0, 3.0, 2.0, 3.0, 2.0, 3.0, 3.0, 3.0, 3.0, 3.0, 3.0, 3.0, 3.0, 3.0, 3.0, 3.0, 2.0, 3.0, 3.0, 3.0, 4.0, 2.0, 3.0, 3.0, 2.0, 3.0, 3.0, 2.0, 3.0, 3.0, 2.0, 3.0, 3.0, 3.0, 3.0, 3.0, 3.0, 3.0], [3.0, 3.0, 3.0, 3.0, 3.0, 2.0, 3.0, 3.0, 3.0, 3.0, 3.0, 3.0, 3.0, 3.0, 3.0, 3.0, 3.0, 3.0, 3.0, 3.0, 2.0, 3.0, 3.0, 3.0, 3.0, 3.0, 2.0, 3.0, 2.0, 3.0, 3.0, 3.0, 3.0, 3.0, 2.0, 3.0, 3.0, 3.0, 3.0, 3.0, 3.0, 3.0], [3.0, 2.0, 2.0, 3.0, 3.0, 3.0, 3.0, 3.0, 2.0, 3.0, 3.0, 3.0, 3.0, 3.0, 3.0, 3.0, 2.0, 3.0, 3.0, 3.0, 2.0, 3.0, 3.0, 3.0, 4.0, 2.0, 2.0, 3.0, 2.0, 3.0, 2.0, 2.0, 3.0, 3.0, 2.0, 3.0, 3.0, 3.0, 3.0, 3.0, 3.0, 3.0], [3.0, 3.0, 3.0, 3.0, 3.0, 2.0, 3.0, 3.0, 3.0, 3.0, 3.0, 3.0, 3.0, 3.0, 3.0, 3.0, 2.0, 3.0, 3.0, 2.0, 2.0, 3.0, 4.0, 3.0, 3.0, 3.0, 1.0, 3.0, 1.0, 3.0, 2.0, 2.0, 2.0, 3.0, 2.0, 3.0, 3.0, 2.0, 3.0, 3.0, 3.0, 3.0], [3.0, 3.0, 3.0, 3.0, 3.0, 3.0, 3.0, 3.0, 3.0, 3.0, 3.0, 3.0, 3.0, 3.0, 3.0, 3.0, 2.0, 3.0, 3.0, 3.0, 3.0, 3.0, 3.0, 3.0, 3.0, 1.0, 2.0, 3.0, 2.0, 3.0, 3.0, 2.0, 2.0, 2.0, 2.0, 4.0, 2.0, 3.0, 4.0, 3.0, 3.0, 3.0], [3.0, 3.0, 3.0, 3.0, 3.0, 3.0, 3.0, 3.0, 3.0, 3.0, 3.0, 3.0, 3.0, 3.0, 3.0, 3.0, 4.0, 3.0, 3.0, 3.0, 2.0, 3.0, 3.0, 3.0, 3.0, 3.0, 2.0, 3.0, 2.0, 3.0, 2.0, 2.0, 3.0, 3.0, 3.0, 3.0, 2.0, 3.0, 3.0, 2.0, 3.0, 3.0], [3.0, 3.0, 3.0, 3.0, 3.0, 3.0, 3.0, 3.0, 2.0, 3.0, 3.0, 3.0, 3.0, 3.0, 3.0, 3.0, 2.0, 3.0, 3.0, 3.0, 3.0, 3.0, 3.0, 3.0, 3.0, 1.0, 3.0, 3.0, 2.0, 3.0, 3.0, 3.0, 3.0, 3.0, 2.0, 3.0, 3.0, 3.0, 3.0, 3.0, 3.0, 3.0], [3.0, 3.0, 3.0, 3.0, 3.0, 3.0, 3.0, 3.0, 3.0, 3.0, 3.0, 3.0, 3.0, 3.0, 3.0, 3.0, 3.0, 3.0, 3.0, 2.0, 2.0, 3.0, 3.0, 3.0, 3.0, 2.0, 2.0, 3.0, 2.0, 3.0, 3.0, 3.0, 3.0, 3.0, 1.0, 3.0, 3.0, 3.0, 3.0, 3.0, 3.0, 3.0], [3.0, 3.0, 3.0, 3.0, 3.0, 3.0, 3.0, 3.0, 3.0, 3.0, 3.0, 3.0, 3.0, 3.0, 3.0, 3.0, 2.0, 3.0, 3.0, 3.0, 3.0, 3.0, 3.0, 3.0, 4.0, 2.0, 1.0, 3.0, 1.0, 3.0, 3.0, 3.0, 3.0, 3.0, 2.0, 3.0, 3.0, 3.0, 4.0, 3.0, 3.0, 3.0], [3.0, 3.0, 3.0, 3.0, 3.0, 2.0, 3.0, 3.0, 3.0, 3.0, 3.0, 3.0, 3.0, 3.0, 3.0, 3.0, 3.0, 3.0, 3.0, 4.0, 2.0, 3.0, 3.0, 3.0, 3.0, 3.0, 3.0, 3.0, 2.0, 3.0, 3.0, 3.0, 3.0, 3.0, 2.0, 3.0, 2.0, 3.0, 4.0, 3.0, 3.0, 3.0], [3.0, 3.0, 3.0, 3.0, 3.0, 3.0, 3.0, 3.0, 3.0, 3.0, 3.0, 3.0, 3.0, 3.0, 3.0, 3.0, 2.0, 3.0, 3.0, 3.0, 2.0, 3.0, 3.0, 3.0, 3.0, 3.0, 3.0, 3.0, 2.0, 3.0, 2.0, 3.0, 2.0, 3.0, 2.0, 3.0, 3.0, 3.0, 3.0, 3.0, 3.0, 3.0], [3.0, 3.0, 3.0, 3.0, 2.0, 3.0, 2.0, 3.0, 2.0, 3.0, 3.0, 3.0, 3.0, 3.0, 3.0, 3.0, 3.0, 3.0, 3.0, 3.0, 3.0, 3.0, 3.0, 3.0, 3.0, 3.0, 2.0, 3.0, 2.0, 3.0, 2.0, 3.0, 3.0, 3.0, 2.0, 3.0, 2.0, 3.0, 4.0, 3.0, 3.0, 3.0], [3.0, 3.0, 3.0, 3.0, 3.0, 3.0, 4.0, 3.0, 3.0, 3.0, 3.0, 3.0, 3.0, 3.0, 3.0, 3.0, 2.0, 3.0, 3.0, 3.0, 2.0, 3.0, 3.0, 3.0, 3.0, 3.0, 2.0, 3.0, 2.0, 3.0, 3.0, 3.0, 2.0, 3.0, 2.0, 3.0, 3.0, 3.0, 3.0, 3.0, 3.0, 3.0], [3.0, 3.0, 3.0, 3.0, 3.0, 3.0, 3.0, 3.0, 3.0, 3.0, 3.0, 3.0, 3.0, 3.0, 3.0, 3.0, 3.0, 3.0, 3.0, 4.0, 2.0, 3.0, 3.0, 3.0, 3.0, 2.0, 3.0, 3.0, 2.0, 3.0, 3.0, 3.0, 3.0, 3.0, 2.0, 3.0, 3.0, 3.0, 3.0, 2.0, 3.0, 3.0], [3.0, 2.0, 3.0, 3.0, 3.0, 3.0, 3.0, 3.0, 3.0, 3.0, 3.0, 3.0, 3.0, 3.0, 3.0, 3.0, 2.0, 3.0, 3.0, 3.0, 3.0, 3.0, 3.0, 3.0, 4.0, 3.0, 2.0, 3.0, 2.0, 3.0, 3.0, 3.0, 2.0, 3.0, 2.0, 3.0, 3.0, 3.0, 3.0, 3.0, 3.0, 3.0], [3.0, 3.0, 3.0, 3.0, 3.0, 2.0, 3.0, 3.0, 3.0, 3.0, 3.0, 3.0, 3.0, 3.0, 3.0, 3.0, 2.0, 3.0, 3.0, 4.0, 2.0, 3.0, 3.0, 3.0, 3.0, 3.0, 2.0, 3.0, 2.0, 3.0, 3.0, 3.0, 3.0, 3.0, 2.0, 3.0, 3.0, 2.0, 3.0, 3.0, 3.0, 3.0], [3.0, 2.0, 2.0, 3.0, 3.0, 3.0, 3.0, 3.0, 3.0, 3.0, 3.0, 3.0, 3.0, 3.0, 3.0, 3.0, 3.0, 3.0, 3.0, 3.0, 2.0, 3.0, 2.0, 3.0, 3.0, 2.0, 1.0, 3.0, 2.0, 3.0, 2.0, 3.0, 3.0, 3.0, 2.0, 3.0, 3.0, 3.0, 4.0, 3.0, 3.0, 3.0], [3.0, 3.0, 3.0, 3.0, 3.0, 2.0, 4.0, 3.0, 3.0, 3.0, 3.0, 3.0, 3.0, 3.0, 3.0, 3.0, 3.0, 3.0, 2.0, 3.0, 2.0, 3.0, 2.0, 3.0, 3.0, 3.0, 3.0, 3.0, 2.0, 3.0, 3.0, 3.0, 2.0, 3.0, 2.0, 3.0, 2.0, 3.0, 3.0, 3.0, 3.0, 3.0], [3.0, 3.0, 3.0, 3.0, 2.0, 3.0, 3.0, 3.0, 3.0, 3.0, 3.0, 3.0, 3.0, 3.0, 3.0, 3.0, 2.0, 3.0, 3.0, 3.0, 2.0, 3.0, 3.0, 3.0, 4.0, 2.0, 2.0, 3.0, 1.0, 3.0, 3.0, 2.0, 2.0, 3.0, 2.0, 3.0, 3.0, 3.0, 3.0, 3.0, 3.0, 3.0], [3.0, 3.0, 3.0, 3.0, 3.0, 3.0, 2.0, 3.0, 2.0, 3.0, 3.0, 3.0, 3.0, 3.0, 3.0, 3.0, 3.0, 3.0, 3.0, 3.0, 2.0, 4.0, 3.0, 3.0, 4.0, 3.0, 1.0, 3.0, 1.0, 3.0, 3.0, 3.0, 3.0, 3.0, 2.0, 3.0, 3.0, 3.0, 3.0, 3.0, 3.0, 2.0], [3.0, 3.0, 3.0, 3.0, 3.0, 3.0, 3.0, 3.0, 2.0, 3.0, 3.0, 3.0, 3.0, 3.0, 3.0, 3.0, 3.0, 3.0, 3.0, 3.0, 2.0, 3.0, 3.0, 4.0, 3.0, 1.0, 3.0, 3.0, 2.0, 3.0, 3.0, 2.0, 2.0, 3.0, 3.0, 3.0, 3.0, 2.0, 3.0, 3.0, 3.0, 3.0], [3.0, 3.0, 2.0, 3.0, 3.0, 3.0, 2.0, 3.0, 3.0, 3.0, 3.0, 3.0, 3.0, 3.0, 3.0, 3.0, 4.0, 3.0, 3.0, 3.0, 2.0, 3.0, 3.0, 3.0, 3.0, 1.0, 2.0, 3.0, 2.0, 3.0, 3.0, 3.0, 3.0, 3.0, 2.0, 3.0, 3.0, 3.0, 3.0, 3.0, 3.0, 2.0], [3.0, 3.0, 3.0, 3.0, 3.0, 3.0, 3.0, 3.0, 3.0, 3.0, 3.0, 4.0, 3.0, 3.0, 3.0, 3.0, 2.0, 3.0, 3.0, 4.0, 2.0, 3.0, 3.0, 3.0, 3.0, 3.0, 2.0, 3.0, 2.0, 3.0, 2.0, 3.0, 3.0, 3.0, 2.0, 3.0, 2.0, 3.0, 3.0, 3.0, 3.0, 3.0], [3.0, 3.0, 3.0, 3.0, 3.0, 3.0, 3.0, 3.0, 3.0, 3.0, 3.0, 3.0, 3.0, 3.0, 3.0, 3.0, 2.0, 3.0, 3.0, 3.0, 2.0, 3.0, 3.0, 3.0, 3.0, 1.0, 2.0, 3.0, 2.0, 3.0, 3.0, 3.0, 2.0, 3.0, 2.0, 3.0, 3.0, 3.0, 3.0, 3.0, 3.0, 3.0], [3.0, 3.0, 3.0, 3.0, 3.0, 3.0, 2.0, 3.0, 3.0, 3.0, 3.0, 3.0, 3.0, 3.0, 3.0, 3.0, 2.0, 3.0, 3.0, 3.0, 2.0, 3.0, 3.0, 3.0, 3.0, 3.0, 3.0, 3.0, 1.0, 3.0, 3.0, 3.0, 2.0, 3.0, 3.0, 3.0, 3.0, 3.0, 3.0, 3.0, 3.0, 3.0], [3.0, 3.0, 3.0, 3.0, 3.0, 2.0, 3.0, 3.0, 2.0, 3.0, 3.0, 3.0, 3.0, 3.0, 3.0, 3.0, 2.0, 3.0, 3.0, 3.0, 3.0, 3.0, 3.0, 3.0, 3.0, 3.0, 2.0, 3.0, 2.0, 3.0, 3.0, 2.0, 3.0, 3.0, 2.0, 3.0, 3.0, 3.0, 3.0, 3.0, 3.0, 3.0], [3.0, 3.0, 3.0, 3.0, 3.0, 3.0, 4.0, 3.0, 3.0, 3.0, 3.0, 3.0, 3.0, 3.0, 3.0, 3.0, 3.0, 3.0, 2.0, 3.0, 2.0, 3.0, 3.0, 3.0, 4.0, 2.0, 2.0, 3.0, 2.0, 3.0, 3.0, 3.0, 2.0, 3.0, 2.0, 3.0, 3.0, 3.0, 3.0, 3.0, 3.0, 2.0], [3.0, 3.0, 3.0, 3.0, 3.0, 3.0, 3.0, 3.0, 3.0, 3.0, 3.0, 3.0, 3.0, 3.0, 3.0, 3.0, 2.0, 3.0, 3.0, 4.0, 3.0, 3.0, 3.0, 3.0, 4.0, 1.0, 2.0, 3.0, 2.0, 3.0, 2.0, 2.0, 3.0, 3.0, 2.0, 3.0, 3.0, 3.0, 3.0, 3.0, 3.0, 3.0], [3.0, 3.0, 3.0, 3.0, 3.0, 3.0, 3.0, 3.0, 3.0, 3.0, 3.0, 3.0, 3.0, 3.0, 3.0, 3.0, 3.0, 3.0, 3.0, 3.0, 3.0, 4.0, 2.0, 3.0, 3.0, 2.0, 2.0, 3.0, 2.0, 3.0, 3.0, 3.0, 2.0, 3.0, 2.0, 3.0, 3.0, 3.0, 3.0, 3.0, 3.0, 3.0], [3.0, 3.0, 3.0, 3.0, 3.0, 2.0, 3.0, 3.0, 3.0, 3.0, 3.0, 4.0, 3.0, 3.0, 3.0, 3.0, 2.0, 3.0, 3.0, 3.0, 2.0, 3.0, 2.0, 3.0, 3.0, 1.0, 3.0, 3.0, 2.0, 3.0, 3.0, 3.0, 3.0, 3.0, 2.0, 3.0, 3.0, 3.0, 3.0, 3.0, 3.0, 3.0], [2.0, 3.0, 3.0, 3.0, 3.0, 3.0, 3.0, 3.0, 3.0, 3.0, 3.0, 3.0, 3.0, 3.0, 3.0, 3.0, 3.0, 3.0, 3.0, 3.0, 2.0, 3.0, 3.0, 3.0, 4.0, 2.0, 2.0, 3.0, 2.0, 3.0, 3.0, 3.0, 2.0, 3.0, 2.0, 3.0, 2.0, 2.0, 3.0, 3.0, 3.0, 3.0], [3.0, 2.0, 2.0, 3.0, 3.0, 3.0, 3.0, 3.0, 3.0, 3.0, 3.0, 3.0, 3.0, 3.0, 3.0, 3.0, 2.0, 3.0, 3.0, 3.0, 2.0, 3.0, 3.0, 3.0, 4.0, 3.0, 3.0, 3.0, 2.0, 3.0, 3.0, 3.0, 2.0, 3.0, 3.0, 3.0, 2.0, 3.0, 3.0, 3.0, 3.0, 3.0], [3.0, 3.0, 3.0, 3.0, 3.0, 2.0, 3.0, 3.0, 3.0, 3.0, 3.0, 3.0, 3.0, 3.0, 3.0, 3.0, 2.0, 3.0, 3.0, 3.0, 2.0, 3.0, 3.0, 3.0, 3.0, 2.0, 2.0, 3.0, 1.0, 3.0, 3.0, 3.0, 2.0, 3.0, 2.0, 3.0, 3.0, 3.0, 4.0, 3.0, 3.0, 2.0], [3.0, 3.0, 3.0, 3.0, 2.0, 3.0, 4.0, 3.0, 3.0, 3.0, 3.0, 4.0, 3.0, 3.0, 3.0, 3.0, 4.0, 3.0, 3.0, 3.0, 2.0, 3.0, 3.0, 3.0, 4.0, 1.0, 2.0, 3.0, 2.0, 3.0, 3.0, 3.0, 3.0, 3.0, 2.0, 3.0, 3.0, 3.0, 3.0, 3.0, 3.0, 3.0], [3.0, 3.0, 3.0, 3.0, 3.0, 3.0, 3.0, 3.0, 3.0, 3.0, 3.0, 3.0, 3.0, 3.0, 3.0, 3.0, 3.0, 3.0, 3.0, 4.0, 2.0, 3.0, 3.0, 2.0, 3.0, 2.0, 2.0, 3.0, 2.0, 3.0, 3.0, 3.0, 2.0, 3.0, 2.0, 3.0, 3.0, 3.0, 3.0, 2.0, 4.0, 3.0], [3.0, 3.0, 3.0, 3.0, 3.0, 2.0, 3.0, 3.0, 2.0, 3.0, 3.0, 3.0, 3.0, 3.0, 3.0, 3.0, 2.0, 3.0, 3.0, 3.0, 2.0, 3.0, 3.0, 3.0, 4.0, 3.0, 2.0, 3.0, 2.0, 3.0, 2.0, 3.0, 2.0, 3.0, 2.0, 3.0, 2.0, 3.0, 3.0, 3.0, 4.0, 3.0], [3.0, 3.0, 3.0, 3.0, 3.0, 3.0, 2.0, 3.0, 3.0, 3.0, 3.0, 3.0, 3.0, 3.0, 3.0, 3.0, 3.0, 3.0, 3.0, 3.0, 2.0, 3.0, 3.0, 3.0, 4.0, 1.0, 1.0, 3.0, 2.0, 3.0, 3.0, 3.0, 2.0, 3.0, 2.0, 3.0, 2.0, 3.0, 3.0, 3.0, 3.0, 2.0]]

first layer check: Conv2d(9, 64, kernel_size=(7, 7), stride=(2, 2), padding=(3, 3), bias=False)

for model 2: mode acc: 0.5, run mean acc: 0.5008333325386047, top-2 acc:0.6545833349227905, mode f1: 0.5

model 2 mode preds
[1.0, 4.0, 2.0, 2.0, 2.0, 2.0, 2.0, 2.0, 2.0, 2.0, 2.0, 2.0, 2.0, 2.0, 2.0, 2.0, 2.0, 2.0, 2.0, 2.0, 1.0, 4.0, 2.0, 2.0, 2.0, 1.0, 1.0, 2.0, 1.0, 2.0, 1.0, 1.0, 2.0, 2.0, 1.0, 2.0, 1.0, 2.0, 2.0, 2.0, 2.0, 2.0]

model 2 all preds
[[2.0, 2.0, 2.0, 2.0, 2.0, 2.0, 2.0, 4.0, 2.0, 2.0, 2.0, 2.0, 2.0, 4.0, 2.0, 2.0, 2.0, 2.0, 2.0, 2.0, 1.0, 4.0, 2.0, 2.0, 2.0, 1.0, 1.0, 2.0, 1.0, 2.0, 1.0, 1.0, 2.0, 2.0, 1.0, 2.0, 1.0, 2.0, 2.0, 2.0, 2.0, 2.0], [1.0, 4.0, 2.0, 2.0, 2.0, 2.0, 2.0, 4.0, 2.0, 2.0, 2.0, 2.0, 2.0, 2.0, 2.0, 2.0, 2.0, 2.0, 2.0, 2.0, 1.0, 4.0, 2.0, 2.0, 2.0, 1.0, 1.0, 2.0, 1.0, 2.0, 1.0, 1.0, 2.0, 2.0, 1.0, 2.0, 1.0, 2.0, 2.0, 2.0, 2.0, 2.0], [1.0, 4.0, 2.0, 2.0, 2.0, 2.0, 4.0, 2.0, 2.0, 2.0, 2.0, 2.0, 2.0, 2.0, 2.0, 2.0, 2.0, 2.0, 2.0, 2.0, 1.0, 4.0, 2.0, 2.0, 2.0, 1.0, 1.0, 2.0, 1.0, 2.0, 1.0, 1.0, 2.0, 2.0, 1.0, 1.0, 1.0, 2.0, 2.0, 2.0, 2.0, 2.0], [1.0, 2.0, 2.0, 4.0, 2.0, 2.0, 4.0, 4.0, 2.0, 2.0, 2.0, 2.0, 2.0, 2.0, 2.0, 2.0, 2.0, 2.0, 2.0, 2.0, 2.0, 4.0, 2.0, 2.0, 2.0, 1.0, 1.0, 1.0, 1.0, 2.0, 1.0, 1.0, 2.0, 2.0, 1.0, 2.0, 1.0, 2.0, 4.0, 1.0, 2.0, 2.0], [1.0, 2.0, 2.0, 2.0, 2.0, 2.0, 2.0, 4.0, 2.0, 2.0, 2.0, 2.0, 2.0, 4.0, 2.0, 2.0, 4.0, 2.0, 2.0, 2.0, 1.0, 4.0, 2.0, 2.0, 2.0, 1.0, 1.0, 1.0, 1.0, 2.0, 1.0, 1.0, 2.0, 4.0, 1.0, 2.0, 1.0, 2.0, 2.0, 2.0, 2.0, 2.0], [1.0, 2.0, 2.0, 2.0, 2.0, 2.0, 2.0, 4.0, 2.0, 1.0, 4.0, 2.0, 2.0, 2.0, 2.0, 2.0, 2.0, 2.0, 2.0, 2.0, 1.0, 4.0, 2.0, 2.0, 2.0, 1.0, 1.0, 2.0, 1.0, 2.0, 1.0, 1.0, 2.0, 2.0, 1.0, 2.0, 1.0, 2.0, 2.0, 2.0, 2.0, 2.0], [2.0, 4.0, 2.0, 2.0, 2.0, 2.0, 2.0, 4.0, 2.0, 2.0, 2.0, 2.0, 2.0, 2.0, 2.0, 2.0, 2.0, 2.0, 2.0, 4.0, 2.0, 2.0, 2.0, 2.0, 2.0, 1.0, 1.0, 2.0, 1.0, 2.0, 1.0, 1.0, 2.0, 2.0, 1.0, 2.0, 1.0, 4.0, 2.0, 2.0, 2.0, 2.0], [1.0, 4.0, 2.0, 2.0, 2.0, 2.0, 4.0, 2.0, 2.0, 2.0, 2.0, 2.0, 2.0, 2.0, 2.0, 2.0, 2.0, 2.0, 2.0, 2.0, 1.0, 4.0, 2.0, 2.0, 2.0, 1.0, 2.0, 1.0, 1.0, 2.0, 1.0, 2.0, 2.0, 2.0, 1.0, 2.0, 1.0, 2.0, 2.0, 1.0, 2.0, 2.0], [2.0, 4.0, 2.0, 4.0, 2.0, 2.0, 2.0, 2.0, 2.0, 2.0, 4.0, 2.0, 2.0, 2.0, 2.0, 2.0, 4.0, 2.0, 2.0, 4.0, 1.0, 4.0, 2.0, 2.0, 2.0, 1.0, 1.0, 2.0, 1.0, 2.0, 1.0, 1.0, 2.0, 2.0, 1.0, 1.0, 1.0, 2.0, 2.0, 2.0, 2.0, 2.0], [1.0, 4.0, 2.0, 4.0, 2.0, 2.0, 2.0, 4.0, 2.0, 2.0, 2.0, 2.0, 2.0, 2.0, 2.0, 2.0, 2.0, 2.0, 2.0, 2.0, 1.0, 2.0, 4.0, 2.0, 2.0, 1.0, 1.0, 1.0, 1.0, 2.0, 1.0, 1.0, 2.0, 2.0, 1.0, 2.0, 1.0, 2.0, 2.0, 2.0, 2.0, 2.0], [1.0, 2.0, 2.0, 4.0, 2.0, 2.0, 2.0, 4.0, 2.0, 2.0, 2.0, 2.0, 2.0, 4.0, 2.0, 2.0, 2.0, 2.0, 2.0, 4.0, 1.0, 2.0, 4.0, 2.0, 2.0, 1.0, 1.0, 2.0, 1.0, 2.0, 1.0, 2.0, 2.0, 2.0, 1.0, 2.0, 1.0, 2.0, 2.0, 2.0, 2.0, 2.0], [1.0, 4.0, 2.0, 2.0, 2.0, 2.0, 2.0, 2.0, 2.0, 2.0, 2.0, 2.0, 2.0, 2.0, 2.0, 2.0, 2.0, 2.0, 2.0, 2.0, 2.0, 4.0, 2.0, 1.0, 2.0, 1.0, 1.0, 2.0, 1.0, 2.0, 1.0, 1.0, 2.0, 4.0, 1.0, 2.0, 1.0, 2.0, 2.0, 2.0, 2.0, 2.0], [1.0, 2.0, 2.0, 4.0, 2.0, 2.0, 2.0, 2.0, 2.0, 2.0, 2.0, 2.0, 2.0, 4.0, 2.0, 2.0, 2.0, 2.0, 2.0, 4.0, 2.0, 4.0, 2.0, 2.0, 2.0, 1.0, 1.0, 2.0, 1.0, 2.0, 1.0, 1.0, 2.0, 4.0, 1.0, 2.0, 1.0, 4.0, 2.0, 2.0, 2.0, 2.0], [1.0, 4.0, 2.0, 2.0, 2.0, 2.0, 2.0, 4.0, 2.0, 2.0, 2.0, 2.0, 2.0, 4.0, 2.0, 2.0, 2.0, 2.0, 2.0, 2.0, 1.0, 4.0, 2.0, 2.0, 2.0, 1.0, 1.0, 2.0, 1.0, 2.0, 1.0, 1.0, 2.0, 2.0, 1.0, 2.0, 1.0, 2.0, 2.0, 2.0, 2.0, 2.0], [1.0, 4.0, 2.0, 2.0, 2.0, 2.0, 2.0, 2.0, 2.0, 2.0, 2.0, 2.0, 2.0, 2.0, 2.0, 2.0, 2.0, 2.0, 2.0, 2.0, 2.0, 4.0, 2.0, 2.0, 2.0, 1.0, 1.0, 2.0, 1.0, 2.0, 1.0, 1.0, 2.0, 2.0, 1.0, 1.0, 1.0, 2.0, 2.0, 2.0, 2.0, 2.0], [2.0, 2.0, 2.0, 2.0, 2.0, 2.0, 5.0, 2.0, 2.0, 2.0, 2.0, 4.0, 2.0, 4.0, 2.0, 2.0, 2.0, 2.0, 2.0, 2.0, 1.0, 4.0, 2.0, 2.0, 2.0, 1.0, 1.0, 2.0, 1.0, 2.0, 1.0, 1.0, 2.0, 2.0, 1.0, 2.0, 1.0, 4.0, 2.0, 2.0, 2.0, 2.0], [1.0, 4.0, 2.0, 2.0, 2.0, 2.0, 5.0, 4.0, 2.0, 2.0, 2.0, 2.0, 2.0, 4.0, 2.0, 2.0, 2.0, 2.0, 2.0, 4.0, 1.0, 4.0, 2.0, 2.0, 4.0, 1.0, 1.0, 2.0, 1.0, 2.0, 1.0, 1.0, 2.0, 2.0, 1.0, 2.0, 1.0, 2.0, 2.0, 2.0, 2.0, 2.0], [2.0, 4.0, 2.0, 2.0, 2.0, 2.0, 2.0, 2.0, 2.0, 2.0, 2.0, 2.0, 2.0, 2.0, 2.0, 2.0, 2.0, 2.0, 2.0, 2.0, 1.0, 4.0, 2.0, 2.0, 2.0, 1.0, 1.0, 2.0, 1.0, 2.0, 1.0, 1.0, 1.0, 2.0, 1.0, 2.0, 1.0, 4.0, 2.0, 1.0, 2.0, 2.0], [1.0, 2.0, 2.0, 2.0, 2.0, 2.0, 2.0, 4.0, 2.0, 2.0, 2.0, 2.0, 2.0, 4.0, 2.0, 2.0, 2.0, 2.0, 2.0, 4.0, 1.0, 4.0, 2.0, 2.0, 2.0, 1.0, 1.0, 2.0, 1.0, 2.0, 1.0, 1.0, 2.0, 2.0, 1.0, 2.0, 1.0, 4.0, 2.0, 2.0, 2.0, 2.0], [1.0, 4.0, 2.0, 4.0, 2.0, 2.0, 2.0, 2.0, 2.0, 2.0, 2.0, 2.0, 2.0, 4.0, 2.0, 2.0, 2.0, 2.0, 2.0, 2.0, 2.0, 4.0, 2.0, 2.0, 2.0, 1.0, 1.0, 2.0, 1.0, 2.0, 1.0, 1.0, 2.0, 2.0, 1.0, 2.0, 1.0, 2.0, 2.0, 2.0, 2.0, 2.0], [1.0, 2.0, 2.0, 4.0, 2.0, 2.0, 2.0, 2.0, 2.0, 2.0, 4.0, 2.0, 2.0, 2.0, 2.0, 2.0, 2.0, 2.0, 2.0, 2.0, 1.0, 4.0, 4.0, 2.0, 2.0, 1.0, 1.0, 2.0, 1.0, 2.0, 1.0, 1.0, 1.0, 2.0, 1.0, 2.0, 1.0, 2.0, 2.0, 2.0, 2.0, 2.0], [2.0, 2.0, 2.0, 2.0, 2.0, 2.0, 4.0, 2.0, 1.0, 2.0, 2.0, 2.0, 2.0, 4.0, 2.0, 2.0, 2.0, 2.0, 2.0, 2.0, 1.0, 4.0, 2.0, 2.0, 2.0, 1.0, 1.0, 2.0, 1.0, 2.0, 1.0, 1.0, 2.0, 2.0, 1.0, 1.0, 1.0, 2.0, 2.0, 2.0, 2.0, 2.0], [2.0, 4.0, 2.0, 2.0, 2.0, 2.0, 5.0, 2.0, 2.0, 2.0, 4.0, 2.0, 2.0, 2.0, 2.0, 2.0, 4.0, 2.0, 2.0, 2.0, 1.0, 4.0, 2.0, 2.0, 2.0, 1.0, 1.0, 1.0, 1.0, 2.0, 1.0, 1.0, 2.0, 2.0, 1.0, 2.0, 1.0, 4.0, 2.0, 2.0, 2.0, 2.0], [1.0, 2.0, 2.0, 2.0, 2.0, 2.0, 5.0, 2.0, 2.0, 2.0, 2.0, 2.0, 2.0, 4.0, 2.0, 2.0, 2.0, 2.0, 2.0, 2.0, 1.0, 4.0, 2.0, 2.0, 2.0, 1.0, 1.0, 1.0, 1.0, 2.0, 1.0, 1.0, 2.0, 2.0, 1.0, 2.0, 1.0, 2.0, 2.0, 2.0, 2.0, 2.0], [1.0, 2.0, 2.0, 4.0, 2.0, 2.0, 2.0, 2.0, 2.0, 2.0, 2.0, 2.0, 2.0, 4.0, 2.0, 2.0, 2.0, 2.0, 2.0, 2.0, 1.0, 2.0, 2.0, 2.0, 2.0, 1.0, 1.0, 2.0, 1.0, 2.0, 1.0, 1.0, 2.0, 2.0, 1.0, 1.0, 1.0, 4.0, 4.0, 1.0, 2.0, 2.0], [2.0, 4.0, 2.0, 4.0, 2.0, 2.0, 4.0, 2.0, 2.0, 2.0, 2.0, 2.0, 2.0, 2.0, 2.0, 2.0, 2.0, 2.0, 2.0, 2.0, 1.0, 4.0, 2.0, 2.0, 2.0, 1.0, 1.0, 2.0, 1.0, 2.0, 1.0, 2.0, 2.0, 2.0, 1.0, 2.0, 1.0, 2.0, 2.0, 2.0, 2.0, 2.0], [1.0, 2.0, 2.0, 2.0, 2.0, 2.0, 2.0, 4.0, 1.0, 2.0, 2.0, 2.0, 2.0, 2.0, 2.0, 2.0, 2.0, 2.0, 2.0, 2.0, 2.0, 4.0, 2.0, 2.0, 2.0, 1.0, 1.0, 1.0, 1.0, 2.0, 1.0, 1.0, 2.0, 2.0, 1.0, 1.0, 1.0, 2.0, 2.0, 1.0, 2.0, 2.0], [1.0, 4.0, 2.0, 2.0, 2.0, 2.0, 2.0, 4.0, 2.0, 2.0, 4.0, 2.0, 2.0, 2.0, 2.0, 2.0, 2.0, 2.0, 2.0, 2.0, 1.0, 4.0, 2.0, 2.0, 2.0, 1.0, 1.0, 2.0, 1.0, 2.0, 1.0, 1.0, 1.0, 2.0, 1.0, 2.0, 1.0, 2.0, 2.0, 2.0, 2.0, 2.0], [1.0, 4.0, 2.0, 4.0, 2.0, 2.0, 2.0, 4.0, 2.0, 2.0, 2.0, 2.0, 2.0, 4.0, 2.0, 2.0, 2.0, 2.0, 2.0, 2.0, 1.0, 4.0, 2.0, 2.0, 2.0, 1.0, 1.0, 2.0, 1.0, 2.0, 1.0, 1.0, 2.0, 2.0, 1.0, 1.0, 1.0, 2.0, 4.0, 2.0, 2.0, 2.0], [2.0, 2.0, 2.0, 2.0, 2.0, 2.0, 5.0, 2.0, 2.0, 2.0, 4.0, 2.0, 2.0, 2.0, 2.0, 2.0, 4.0, 2.0, 2.0, 2.0, 2.0, 2.0, 2.0, 2.0, 2.0, 1.0, 1.0, 2.0, 1.0, 2.0, 1.0, 1.0, 2.0, 4.0, 1.0, 1.0, 1.0, 2.0, 2.0, 2.0, 2.0, 2.0], [1.0, 2.0, 2.0, 4.0, 2.0, 2.0, 2.0, 4.0, 2.0, 2.0, 2.0, 2.0, 2.0, 2.0, 2.0, 2.0, 2.0, 2.0, 2.0, 2.0, 1.0, 4.0, 2.0, 2.0, 2.0, 1.0, 1.0, 2.0, 1.0, 2.0, 1.0, 1.0, 2.0, 2.0, 1.0, 2.0, 1.0, 4.0, 2.0, 2.0, 2.0, 2.0], [2.0, 2.0, 2.0, 3.0, 2.0, 2.0, 2.0, 4.0, 2.0, 2.0, 2.0, 4.0, 2.0, 2.0, 2.0, 2.0, 4.0, 2.0, 2.0, 2.0, 1.0, 4.0, 2.0, 2.0, 2.0, 1.0, 1.0, 2.0, 1.0, 2.0, 1.0, 1.0, 2.0, 2.0, 1.0, 2.0, 1.0, 2.0, 4.0, 2.0, 2.0, 2.0], [1.0, 4.0, 2.0, 2.0, 2.0, 2.0, 2.0, 4.0, 2.0, 2.0, 2.0, 4.0, 2.0, 4.0, 2.0, 2.0, 2.0, 2.0, 2.0, 2.0, 2.0, 4.0, 2.0, 2.0, 2.0, 1.0, 1.0, 2.0, 1.0, 2.0, 1.0, 1.0, 1.0, 2.0, 1.0, 1.0, 1.0, 2.0, 2.0, 2.0, 2.0, 2.0], [1.0, 2.0, 2.0, 2.0, 2.0, 2.0, 5.0, 4.0, 1.0, 2.0, 2.0, 2.0, 2.0, 4.0, 2.0, 2.0, 4.0, 2.0, 2.0, 2.0, 1.0, 4.0, 2.0, 2.0, 2.0, 1.0, 1.0, 2.0, 1.0, 2.0, 1.0, 1.0, 2.0, 4.0, 1.0, 2.0, 1.0, 2.0, 4.0, 2.0, 2.0, 2.0], [2.0, 2.0, 2.0, 2.0, 2.0, 2.0, 2.0, 4.0, 2.0, 2.0, 2.0, 2.0, 2.0, 2.0, 2.0, 2.0, 2.0, 2.0, 2.0, 2.0, 1.0, 4.0, 2.0, 2.0, 2.0, 1.0, 1.0, 1.0, 1.0, 2.0, 1.0, 1.0, 2.0, 2.0, 1.0, 1.0, 1.0, 2.0, 2.0, 2.0, 2.0, 2.0], [1.0, 4.0, 2.0, 2.0, 2.0, 2.0, 2.0, 4.0, 2.0, 2.0, 2.0, 2.0, 2.0, 2.0, 2.0, 2.0, 2.0, 2.0, 2.0, 2.0, 1.0, 4.0, 2.0, 2.0, 2.0, 1.0, 1.0, 2.0, 1.0, 2.0, 1.0, 1.0, 1.0, 4.0, 1.0, 2.0, 1.0, 2.0, 2.0, 2.0, 2.0, 2.0], [1.0, 4.0, 2.0, 2.0, 2.0, 2.0, 2.0, 4.0, 2.0, 2.0, 2.0, 2.0, 2.0, 2.0, 2.0, 2.0, 2.0, 2.0, 2.0, 2.0, 1.0, 4.0, 2.0, 2.0, 2.0, 1.0, 1.0, 2.0, 1.0, 2.0, 1.0, 1.0, 2.0, 2.0, 1.0, 2.0, 1.0, 2.0, 2.0, 2.0, 2.0, 2.0], [2.0, 2.0, 2.0, 2.0, 2.0, 2.0, 2.0, 2.0, 2.0, 2.0, 2.0, 2.0, 2.0, 4.0, 2.0, 2.0, 2.0, 2.0, 1.0, 4.0, 1.0, 2.0, 4.0, 2.0, 2.0, 1.0, 1.0, 2.0, 1.0, 2.0, 1.0, 1.0, 1.0, 2.0, 1.0, 2.0, 1.0, 2.0, 2.0, 2.0, 2.0, 2.0], [1.0, 5.0, 2.0, 2.0, 2.0, 2.0, 4.0, 2.0, 2.0, 2.0, 2.0, 2.0, 2.0, 4.0, 2.0, 2.0, 2.0, 2.0, 2.0, 2.0, 1.0, 4.0, 2.0, 2.0, 4.0, 1.0, 1.0, 2.0, 1.0, 2.0, 1.0, 1.0, 1.0, 2.0, 1.0, 2.0, 1.0, 2.0, 2.0, 2.0, 2.0, 2.0], [1.0, 4.0, 2.0, 4.0, 2.0, 2.0, 4.0, 2.0, 2.0, 2.0, 2.0, 2.0, 2.0, 4.0, 2.0, 2.0, 2.0, 2.0, 2.0, 4.0, 2.0, 4.0, 2.0, 2.0, 2.0, 1.0, 1.0, 2.0, 1.0, 2.0, 1.0, 1.0, 2.0, 4.0, 1.0, 2.0, 1.0, 2.0, 2.0, 2.0, 2.0, 2.0], [1.0, 4.0, 2.0, 2.0, 2.0, 2.0, 4.0, 2.0, 2.0, 2.0, 2.0, 2.0, 2.0, 4.0, 2.0, 2.0, 2.0, 2.0, 2.0, 4.0, 1.0, 4.0, 2.0, 2.0, 2.0, 1.0, 1.0, 2.0, 1.0, 2.0, 1.0, 1.0, 2.0, 4.0, 1.0, 2.0, 1.0, 1.0, 2.0, 2.0, 2.0, 2.0], [2.0, 4.0, 2.0, 2.0, 2.0, 2.0, 2.0, 2.0, 2.0, 2.0, 2.0, 2.0, 2.0, 4.0, 2.0, 2.0, 2.0, 2.0, 2.0, 4.0, 1.0, 2.0, 2.0, 2.0, 2.0, 1.0, 1.0, 2.0, 1.0, 2.0, 1.0, 1.0, 2.0, 2.0, 1.0, 2.0, 1.0, 2.0, 4.0, 2.0, 2.0, 2.0], [1.0, 4.0, 2.0, 2.0, 2.0, 2.0, 2.0, 2.0, 2.0, 2.0, 2.0, 2.0, 2.0, 4.0, 2.0, 2.0, 2.0, 2.0, 2.0, 2.0, 1.0, 2.0, 2.0, 2.0, 2.0, 1.0, 1.0, 2.0, 1.0, 2.0, 1.0, 1.0, 2.0, 2.0, 1.0, 2.0, 1.0, 1.0, 2.0, 2.0, 2.0, 2.0], [1.0, 5.0, 2.0, 2.0, 2.0, 2.0, 2.0, 2.0, 2.0, 2.0, 2.0, 2.0, 2.0, 2.0, 2.0, 2.0, 2.0, 2.0, 2.0, 2.0, 2.0, 4.0, 2.0, 2.0, 2.0, 1.0, 1.0, 2.0, 1.0, 2.0, 1.0, 1.0, 2.0, 2.0, 1.0, 2.0, 1.0, 2.0, 2.0, 1.0, 2.0, 2.0], [2.0, 4.0, 2.0, 2.0, 2.0, 2.0, 5.0, 2.0, 2.0, 2.0, 2.0, 2.0, 2.0, 4.0, 2.0, 2.0, 4.0, 2.0, 2.0, 2.0, 1.0, 2.0, 2.0, 2.0, 2.0, 1.0, 1.0, 2.0, 1.0, 2.0, 1.0, 1.0, 2.0, 4.0, 1.0, 1.0, 1.0, 2.0, 2.0, 2.0, 2.0, 2.0], [1.0, 4.0, 2.0, 4.0, 2.0, 2.0, 2.0, 2.0, 1.0, 2.0, 4.0, 2.0, 2.0, 2.0, 2.0, 2.0, 2.0, 2.0, 2.0, 2.0, 1.0, 2.0, 2.0, 2.0, 2.0, 1.0, 1.0, 2.0, 1.0, 2.0, 1.0, 1.0, 2.0, 2.0, 1.0, 2.0, 1.0, 2.0, 2.0, 2.0, 2.0, 2.0], [2.0, 4.0, 2.0, 2.0, 2.0, 2.0, 4.0, 2.0, 2.0, 2.0, 4.0, 2.0, 2.0, 2.0, 2.0, 2.0, 2.0, 2.0, 2.0, 4.0, 1.0, 2.0, 2.0, 2.0, 2.0, 1.0, 1.0, 2.0, 1.0, 2.0, 1.0, 1.0, 2.0, 2.0, 1.0, 2.0, 1.0, 2.0, 2.0, 2.0, 2.0, 2.0], [1.0, 4.0, 2.0, 2.0, 2.0, 2.0, 2.0, 4.0, 2.0, 2.0, 4.0, 2.0, 2.0, 4.0, 2.0, 2.0, 2.0, 2.0, 2.0, 4.0, 2.0, 2.0, 4.0, 2.0, 2.0, 1.0, 1.0, 1.0, 1.0, 2.0, 1.0, 2.0, 2.0, 2.0, 1.0, 2.0, 1.0, 2.0, 4.0, 2.0, 2.0, 2.0], [1.0, 4.0, 2.0, 4.0, 2.0, 2.0, 2.0, 2.0, 2.0, 2.0, 2.0, 2.0, 2.0, 4.0, 2.0, 2.0, 4.0, 2.0, 2.0, 2.0, 1.0, 4.0, 2.0, 2.0, 2.0, 1.0, 1.0, 1.0, 1.0, 2.0, 1.0, 2.0, 2.0, 4.0, 1.0, 2.0, 1.0, 2.0, 2.0, 2.0, 2.0, 2.0], [1.0, 4.0, 2.0, 2.0, 2.0, 2.0, 2.0, 2.0, 2.0, 2.0, 2.0, 4.0, 2.0, 4.0, 2.0, 2.0, 2.0, 2.0, 2.0, 2.0, 1.0, 2.0, 4.0, 2.0, 2.0, 1.0, 1.0, 2.0, 1.0, 2.0, 1.0, 1.0, 2.0, 2.0, 1.0, 2.0, 1.0, 4.0, 4.0, 2.0, 2.0, 2.0]]

first layer check: Conv2d(9, 64, kernel_size=(7, 7), stride=(2, 2), padding=(3, 3), bias=False)

for model 3: mode acc: 0.261904776096344, run mean acc: 0.27666670083999634, top-2 acc:0.5041666626930237, mode f1: 0.261904776096344

model 3 mode preds
[1.0, 4.0, 4.0, 2.0, 2.0, 2.0, 4.0, 4.0, 2.0, 4.0, 2.0, 4.0, 2.0, 4.0, 2.0, 4.0, 4.0, 2.0, 2.0, 4.0, 2.0, 4.0, 4.0, 4.0, 4.0, 1.0, 1.0, 3.0, 1.0, 4.0, 2.0, 2.0, 2.0, 4.0, 1.0, 2.0, 2.0, 4.0, 4.0, 2.0, 4.0, 4.0]

model 3 all preds
[[2.0, 4.0, 4.0, 2.0, 2.0, 4.0, 4.0, 4.0, 2.0, 3.0, 2.0, 4.0, 2.0, 4.0, 4.0, 4.0, 4.0, 2.0, 2.0, 2.0, 2.0, 4.0, 4.0, 4.0, 4.0, 1.0, 1.0, 4.0, 1.0, 4.0, 2.0, 2.0, 2.0, 4.0, 1.0, 2.0, 2.0, 4.0, 4.0, 2.0, 2.0, 4.0], [1.0, 4.0, 3.0, 2.0, 2.0, 2.0, 4.0, 4.0, 2.0, 4.0, 4.0, 4.0, 4.0, 2.0, 4.0, 4.0, 4.0, 2.0, 2.0, 2.0, 3.0, 4.0, 4.0, 4.0, 4.0, 1.0, 1.0, 3.0, 1.0, 4.0, 2.0, 2.0, 2.0, 4.0, 1.0, 4.0, 2.0, 4.0, 2.0, 2.0, 4.0, 2.0], [1.0, 4.0, 4.0, 2.0, 2.0, 4.0, 4.0, 4.0, 2.0, 4.0, 2.0, 4.0, 2.0, 4.0, 2.0, 4.0, 4.0, 2.0, 2.0, 4.0, 2.0, 4.0, 4.0, 2.0, 4.0, 1.0, 1.0, 2.0, 1.0, 4.0, 2.0, 2.0, 2.0, 4.0, 1.0, 2.0, 2.0, 4.0, 2.0, 2.0, 2.0, 4.0], [1.0, 4.0, 2.0, 2.0, 2.0, 2.0, 4.0, 4.0, 2.0, 3.0, 2.0, 4.0, 2.0, 4.0, 4.0, 4.0, 4.0, 2.0, 2.0, 2.0, 2.0, 4.0, 4.0, 4.0, 4.0, 1.0, 1.0, 3.0, 1.0, 4.0, 2.0, 2.0, 2.0, 2.0, 1.0, 2.0, 2.0, 4.0, 4.0, 2.0, 4.0, 2.0], [1.0, 4.0, 2.0, 2.0, 2.0, 2.0, 4.0, 4.0, 2.0, 4.0, 2.0, 4.0, 2.0, 3.0, 3.0, 4.0, 4.0, 2.0, 2.0, 2.0, 2.0, 4.0, 4.0, 4.0, 4.0, 1.0, 1.0, 4.0, 1.0, 4.0, 2.0, 2.0, 2.0, 4.0, 1.0, 2.0, 2.0, 4.0, 4.0, 2.0, 4.0, 4.0], [1.0, 4.0, 4.0, 2.0, 2.0, 4.0, 2.0, 4.0, 2.0, 4.0, 2.0, 4.0, 2.0, 4.0, 2.0, 4.0, 4.0, 2.0, 2.0, 4.0, 2.0, 4.0, 4.0, 2.0, 4.0, 1.0, 1.0, 4.0, 1.0, 4.0, 2.0, 2.0, 2.0, 4.0, 1.0, 2.0, 2.0, 4.0, 4.0, 2.0, 4.0, 4.0], [2.0, 4.0, 2.0, 2.0, 2.0, 4.0, 4.0, 4.0, 2.0, 4.0, 2.0, 4.0, 2.0, 2.0, 4.0, 4.0, 4.0, 2.0, 2.0, 2.0, 2.0, 4.0, 4.0, 4.0, 4.0, 1.0, 1.0, 3.0, 1.0, 4.0, 2.0, 2.0, 2.0, 2.0, 1.0, 4.0, 1.0, 4.0, 4.0, 2.0, 4.0, 4.0], [1.0, 2.0, 4.0, 2.0, 2.0, 4.0, 4.0, 4.0, 2.0, 4.0, 2.0, 4.0, 2.0, 4.0, 4.0, 4.0, 4.0, 2.0, 2.0, 4.0, 2.0, 4.0, 4.0, 4.0, 4.0, 1.0, 1.0, 2.0, 1.0, 4.0, 2.0, 2.0, 2.0, 4.0, 1.0, 4.0, 2.0, 4.0, 4.0, 2.0, 2.0, 4.0], [1.0, 4.0, 4.0, 3.0, 2.0, 4.0, 4.0, 4.0, 2.0, 4.0, 4.0, 4.0, 4.0, 2.0, 4.0, 4.0, 4.0, 2.0, 3.0, 4.0, 2.0, 4.0, 4.0, 4.0, 4.0, 1.0, 1.0, 2.0, 2.0, 4.0, 2.0, 2.0, 2.0, 4.0, 1.0, 2.0, 2.0, 4.0, 4.0, 2.0, 2.0, 4.0], [1.0, 4.0, 2.0, 2.0, 2.0, 2.0, 4.0, 4.0, 2.0, 3.0, 4.0, 2.0, 2.0, 4.0, 2.0, 4.0, 4.0, 2.0, 2.0, 2.0, 2.0, 4.0, 4.0, 2.0, 4.0, 1.0, 1.0, 3.0, 1.0, 4.0, 2.0, 2.0, 2.0, 4.0, 1.0, 2.0, 2.0, 4.0, 2.0, 4.0, 4.0, 2.0], [1.0, 4.0, 3.0, 2.0, 2.0, 4.0, 4.0, 4.0, 2.0, 4.0, 4.0, 2.0, 4.0, 2.0, 2.0, 4.0, 4.0, 2.0, 3.0, 4.0, 2.0, 4.0, 4.0, 2.0, 4.0, 1.0, 1.0, 2.0, 1.0, 4.0, 2.0, 2.0, 2.0, 4.0, 1.0, 4.0, 2.0, 4.0, 4.0, 2.0, 4.0, 4.0], [1.0, 4.0, 4.0, 2.0, 2.0, 2.0, 2.0, 4.0, 2.0, 4.0, 2.0, 4.0, 3.0, 4.0, 4.0, 4.0, 4.0, 2.0, 2.0, 2.0, 2.0, 4.0, 4.0, 4.0, 4.0, 1.0, 1.0, 4.0, 1.0, 4.0, 2.0, 2.0, 2.0, 4.0, 1.0, 2.0, 2.0, 2.0, 2.0, 2.0, 4.0, 4.0], [1.0, 4.0, 2.0, 2.0, 2.0, 4.0, 2.0, 2.0, 2.0, 4.0, 3.0, 4.0, 2.0, 4.0, 2.0, 4.0, 4.0, 2.0, 2.0, 2.0, 2.0, 4.0, 4.0, 4.0, 4.0, 1.0, 1.0, 3.0, 1.0, 4.0, 2.0, 2.0, 2.0, 4.0, 1.0, 4.0, 2.0, 4.0, 4.0, 2.0, 2.0, 4.0], [2.0, 4.0, 2.0, 4.0, 2.0, 2.0, 4.0, 4.0, 2.0, 3.0, 4.0, 2.0, 4.0, 4.0, 3.0, 4.0, 4.0, 2.0, 2.0, 4.0, 2.0, 4.0, 4.0, 4.0, 4.0, 1.0, 1.0, 2.0, 1.0, 4.0, 2.0, 2.0, 2.0, 4.0, 1.0, 4.0, 2.0, 4.0, 2.0, 2.0, 4.0, 4.0], [1.0, 4.0, 4.0, 4.0, 2.0, 2.0, 4.0, 4.0, 2.0, 3.0, 4.0, 4.0, 4.0, 2.0, 2.0, 4.0, 4.0, 2.0, 2.0, 4.0, 2.0, 4.0, 4.0, 4.0, 4.0, 1.0, 1.0, 4.0, 1.0, 4.0, 2.0, 2.0, 2.0, 4.0, 1.0, 4.0, 2.0, 4.0, 4.0, 2.0, 4.0, 2.0], [3.0, 4.0, 2.0, 2.0, 2.0, 4.0, 4.0, 4.0, 2.0, 4.0, 4.0, 2.0, 2.0, 4.0, 2.0, 4.0, 4.0, 2.0, 2.0, 4.0, 2.0, 4.0, 4.0, 3.0, 4.0, 1.0, 1.0, 3.0, 1.0, 4.0, 2.0, 2.0, 2.0, 4.0, 1.0, 2.0, 2.0, 4.0, 2.0, 2.0, 2.0, 4.0], [1.0, 4.0, 4.0, 2.0, 2.0, 2.0, 4.0, 4.0, 2.0, 4.0, 2.0, 4.0, 4.0, 4.0, 2.0, 4.0, 4.0, 2.0, 2.0, 2.0, 2.0, 4.0, 4.0, 4.0, 4.0, 1.0, 1.0, 2.0, 1.0, 4.0, 2.0, 2.0, 2.0, 4.0, 1.0, 2.0, 2.0, 4.0, 4.0, 2.0, 4.0, 2.0], [1.0, 4.0, 4.0, 4.0, 2.0, 2.0, 4.0, 4.0, 2.0, 4.0, 2.0, 4.0, 2.0, 4.0, 2.0, 4.0, 4.0, 2.0, 2.0, 4.0, 2.0, 4.0, 4.0, 4.0, 4.0, 1.0, 1.0, 4.0, 1.0, 4.0, 2.0, 2.0, 4.0, 2.0, 1.0, 2.0, 2.0, 2.0, 2.0, 2.0, 2.0, 4.0], [1.0, 2.0, 2.0, 2.0, 2.0, 4.0, 4.0, 4.0, 2.0, 2.0, 2.0, 4.0, 2.0, 4.0, 2.0, 4.0, 4.0, 2.0, 2.0, 4.0, 2.0, 4.0, 3.0, 2.0, 4.0, 1.0, 1.0, 3.0, 1.0, 4.0, 2.0, 2.0, 2.0, 4.0, 1.0, 2.0, 2.0, 2.0, 4.0, 2.0, 2.0, 4.0], [1.0, 4.0, 3.0, 2.0, 2.0, 2.0, 4.0, 4.0, 2.0, 4.0, 4.0, 4.0, 4.0, 3.0, 4.0, 4.0, 4.0, 2.0, 2.0, 4.0, 2.0, 4.0, 4.0, 4.0, 4.0, 1.0, 1.0, 4.0, 1.0, 4.0, 2.0, 2.0, 2.0, 2.0, 1.0, 4.0, 2.0, 4.0, 2.0, 2.0, 4.0, 4.0], [1.0, 4.0, 4.0, 2.0, 2.0, 4.0, 4.0, 4.0, 2.0, 4.0, 4.0, 2.0, 4.0, 3.0, 4.0, 4.0, 4.0, 2.0, 2.0, 4.0, 2.0, 4.0, 4.0, 4.0, 4.0, 1.0, 1.0, 3.0, 1.0, 4.0, 2.0, 2.0, 2.0, 2.0, 1.0, 2.0, 2.0, 4.0, 4.0, 2.0, 4.0, 4.0], [1.0, 4.0, 2.0, 2.0, 2.0, 4.0, 4.0, 4.0, 2.0, 3.0, 2.0, 2.0, 2.0, 4.0, 4.0, 4.0, 4.0, 2.0, 2.0, 4.0, 2.0, 4.0, 4.0, 2.0, 4.0, 1.0, 1.0, 3.0, 1.0, 4.0, 2.0, 2.0, 2.0, 4.0, 1.0, 4.0, 2.0, 4.0, 2.0, 2.0, 2.0, 4.0], [3.0, 4.0, 3.0, 2.0, 2.0, 4.0, 4.0, 4.0, 2.0, 4.0, 2.0, 4.0, 2.0, 2.0, 4.0, 4.0, 4.0, 2.0, 2.0, 4.0, 3.0, 4.0, 4.0, 4.0, 4.0, 1.0, 1.0, 2.0, 2.0, 4.0, 2.0, 2.0, 2.0, 4.0, 1.0, 2.0, 1.0, 4.0, 4.0, 2.0, 2.0, 4.0], [3.0, 4.0, 4.0, 4.0, 2.0, 4.0, 4.0, 4.0, 2.0, 3.0, 4.0, 4.0, 2.0, 4.0, 4.0, 4.0, 4.0, 2.0, 2.0, 4.0, 2.0, 4.0, 4.0, 2.0, 4.0, 1.0, 1.0, 2.0, 1.0, 4.0, 2.0, 2.0, 2.0, 4.0, 1.0, 2.0, 2.0, 4.0, 4.0, 2.0, 4.0, 4.0], [1.0, 4.0, 2.0, 2.0, 2.0, 2.0, 4.0, 4.0, 2.0, 4.0, 4.0, 4.0, 2.0, 4.0, 2.0, 4.0, 4.0, 2.0, 2.0, 4.0, 2.0, 4.0, 4.0, 4.0, 4.0, 1.0, 1.0, 3.0, 1.0, 4.0, 2.0, 2.0, 2.0, 4.0, 1.0, 4.0, 1.0, 4.0, 4.0, 2.0, 4.0, 4.0], [2.0, 4.0, 4.0, 2.0, 2.0, 4.0, 4.0, 4.0, 2.0, 4.0, 2.0, 4.0, 4.0, 3.0, 2.0, 4.0, 4.0, 2.0, 2.0, 4.0, 2.0, 4.0, 4.0, 4.0, 4.0, 1.0, 1.0, 2.0, 1.0, 4.0, 2.0, 2.0, 2.0, 4.0, 1.0, 2.0, 2.0, 4.0, 2.0, 2.0, 2.0, 4.0], [1.0, 4.0, 4.0, 3.0, 2.0, 4.0, 2.0, 4.0, 2.0, 4.0, 2.0, 4.0, 3.0, 4.0, 2.0, 4.0, 4.0, 2.0, 2.0, 4.0, 2.0, 4.0, 4.0, 4.0, 4.0, 1.0, 1.0, 4.0, 1.0, 4.0, 2.0, 2.0, 2.0, 4.0, 1.0, 2.0, 2.0, 4.0, 4.0, 2.0, 4.0, 4.0], [1.0, 4.0, 4.0, 2.0, 2.0, 4.0, 4.0, 4.0, 2.0, 4.0, 2.0, 2.0, 2.0, 4.0, 4.0, 4.0, 4.0, 2.0, 2.0, 2.0, 2.0, 4.0, 4.0, 4.0, 4.0, 1.0, 1.0, 4.0, 1.0, 4.0, 2.0, 2.0, 4.0, 4.0, 1.0, 2.0, 2.0, 4.0, 2.0, 2.0, 4.0, 4.0], [1.0, 4.0, 3.0, 2.0, 2.0, 4.0, 4.0, 4.0, 2.0, 4.0, 2.0, 4.0, 4.0, 4.0, 4.0, 4.0, 4.0, 2.0, 2.0, 4.0, 2.0, 4.0, 4.0, 4.0, 4.0, 1.0, 1.0, 4.0, 1.0, 4.0, 2.0, 2.0, 2.0, 4.0, 1.0, 2.0, 2.0, 2.0, 2.0, 2.0, 4.0, 4.0], [1.0, 4.0, 2.0, 2.0, 2.0, 2.0, 4.0, 4.0, 2.0, 3.0, 4.0, 4.0, 2.0, 2.0, 2.0, 4.0, 4.0, 2.0, 2.0, 2.0, 2.0, 4.0, 4.0, 4.0, 4.0, 1.0, 1.0, 3.0, 1.0, 4.0, 2.0, 2.0, 2.0, 4.0, 1.0, 2.0, 2.0, 4.0, 2.0, 2.0, 2.0, 4.0], [1.0, 4.0, 3.0, 2.0, 2.0, 2.0, 4.0, 4.0, 2.0, 3.0, 2.0, 3.0, 2.0, 4.0, 2.0, 4.0, 4.0, 2.0, 2.0, 4.0, 2.0, 4.0, 4.0, 2.0, 4.0, 1.0, 1.0, 3.0, 1.0, 4.0, 2.0, 2.0, 2.0, 4.0, 1.0, 2.0, 2.0, 2.0, 4.0, 2.0, 4.0, 2.0], [2.0, 4.0, 2.0, 2.0, 2.0, 4.0, 4.0, 4.0, 2.0, 3.0, 2.0, 3.0, 2.0, 4.0, 2.0, 4.0, 4.0, 2.0, 2.0, 4.0, 2.0, 4.0, 4.0, 2.0, 4.0, 1.0, 1.0, 3.0, 1.0, 4.0, 2.0, 2.0, 2.0, 4.0, 1.0, 2.0, 2.0, 4.0, 4.0, 2.0, 2.0, 4.0], [2.0, 4.0, 3.0, 4.0, 2.0, 2.0, 4.0, 2.0, 2.0, 3.0, 4.0, 4.0, 2.0, 2.0, 4.0, 4.0, 4.0, 2.0, 2.0, 4.0, 2.0, 4.0, 4.0, 4.0, 4.0, 1.0, 1.0, 3.0, 1.0, 4.0, 2.0, 2.0, 2.0, 4.0, 1.0, 2.0, 2.0, 4.0, 4.0, 2.0, 2.0, 4.0], [1.0, 4.0, 2.0, 2.0, 2.0, 2.0, 4.0, 4.0, 2.0, 4.0, 4.0, 4.0, 2.0, 3.0, 4.0, 4.0, 4.0, 2.0, 2.0, 4.0, 2.0, 4.0, 4.0, 4.0, 4.0, 1.0, 1.0, 3.0, 1.0, 4.0, 2.0, 2.0, 2.0, 2.0, 1.0, 2.0, 2.0, 4.0, 2.0, 2.0, 4.0, 4.0], [3.0, 4.0, 3.0, 4.0, 2.0, 2.0, 4.0, 4.0, 2.0, 4.0, 2.0, 4.0, 3.0, 2.0, 2.0, 4.0, 4.0, 2.0, 2.0, 2.0, 2.0, 4.0, 4.0, 4.0, 4.0, 1.0, 1.0, 4.0, 1.0, 4.0, 2.0, 2.0, 2.0, 4.0, 1.0, 4.0, 2.0, 2.0, 3.0, 2.0, 2.0, 4.0], [1.0, 4.0, 4.0, 2.0, 2.0, 2.0, 4.0, 4.0, 2.0, 4.0, 2.0, 4.0, 2.0, 2.0, 2.0, 4.0, 4.0, 2.0, 2.0, 4.0, 3.0, 4.0, 4.0, 4.0, 4.0, 1.0, 1.0, 3.0, 1.0, 4.0, 2.0, 2.0, 2.0, 2.0, 1.0, 2.0, 2.0, 4.0, 2.0, 2.0, 4.0, 4.0], [3.0, 4.0, 3.0, 2.0, 2.0, 2.0, 4.0, 4.0, 2.0, 4.0, 4.0, 4.0, 2.0, 4.0, 2.0, 4.0, 4.0, 2.0, 2.0, 4.0, 2.0, 4.0, 4.0, 4.0, 4.0, 1.0, 1.0, 3.0, 1.0, 4.0, 2.0, 2.0, 2.0, 4.0, 1.0, 2.0, 2.0, 4.0, 2.0, 2.0, 4.0, 4.0], [3.0, 4.0, 3.0, 2.0, 2.0, 2.0, 4.0, 4.0, 2.0, 4.0, 4.0, 4.0, 4.0, 3.0, 4.0, 4.0, 4.0, 2.0, 2.0, 2.0, 2.0, 4.0, 4.0, 4.0, 4.0, 1.0, 1.0, 4.0, 1.0, 4.0, 2.0, 2.0, 4.0, 4.0, 1.0, 2.0, 1.0, 4.0, 4.0, 2.0, 2.0, 4.0], [3.0, 4.0, 3.0, 4.0, 2.0, 2.0, 4.0, 2.0, 2.0, 4.0, 2.0, 4.0, 4.0, 3.0, 2.0, 4.0, 4.0, 2.0, 2.0, 4.0, 2.0, 4.0, 4.0, 4.0, 4.0, 1.0, 1.0, 3.0, 1.0, 4.0, 2.0, 2.0, 2.0, 4.0, 1.0, 2.0, 2.0, 4.0, 4.0, 2.0, 2.0, 2.0], [1.0, 4.0, 4.0, 2.0, 2.0, 2.0, 4.0, 4.0, 2.0, 4.0, 4.0, 4.0, 4.0, 2.0, 3.0, 4.0, 4.0, 2.0, 3.0, 4.0, 2.0, 4.0, 4.0, 4.0, 4.0, 1.0, 1.0, 4.0, 1.0, 4.0, 2.0, 2.0, 2.0, 4.0, 1.0, 2.0, 2.0, 4.0, 4.0, 2.0, 4.0, 4.0], [1.0, 4.0, 4.0, 2.0, 2.0, 2.0, 2.0, 4.0, 2.0, 3.0, 2.0, 4.0, 4.0, 4.0, 2.0, 4.0, 4.0, 2.0, 2.0, 4.0, 3.0, 4.0, 4.0, 4.0, 4.0, 1.0, 1.0, 3.0, 1.0, 4.0, 2.0, 2.0, 2.0, 2.0, 1.0, 4.0, 2.0, 4.0, 4.0, 2.0, 4.0, 4.0], [3.0, 4.0, 3.0, 2.0, 2.0, 2.0, 2.0, 4.0, 2.0, 4.0, 4.0, 4.0, 2.0, 4.0, 2.0, 4.0, 4.0, 2.0, 2.0, 4.0, 2.0, 4.0, 4.0, 2.0, 4.0, 1.0, 1.0, 3.0, 1.0, 4.0, 2.0, 2.0, 2.0, 4.0, 1.0, 2.0, 2.0, 4.0, 2.0, 2.0, 4.0, 4.0], [2.0, 4.0, 3.0, 3.0, 2.0, 4.0, 2.0, 4.0, 2.0, 4.0, 2.0, 4.0, 3.0, 3.0, 2.0, 4.0, 4.0, 2.0, 2.0, 2.0, 2.0, 4.0, 4.0, 4.0, 4.0, 1.0, 1.0, 3.0, 1.0, 4.0, 2.0, 2.0, 2.0, 4.0, 1.0, 2.0, 2.0, 4.0, 4.0, 2.0, 4.0, 4.0], [1.0, 4.0, 2.0, 2.0, 2.0, 2.0, 4.0, 4.0, 2.0, 4.0, 2.0, 4.0, 4.0, 4.0, 4.0, 4.0, 4.0, 2.0, 3.0, 4.0, 2.0, 4.0, 4.0, 2.0, 4.0, 1.0, 1.0, 4.0, 1.0, 4.0, 1.0, 2.0, 2.0, 4.0, 1.0, 4.0, 2.0, 4.0, 2.0, 4.0, 4.0, 4.0], [1.0, 4.0, 4.0, 2.0, 2.0, 2.0, 4.0, 4.0, 2.0, 4.0, 2.0, 4.0, 2.0, 4.0, 3.0, 4.0, 4.0, 2.0, 2.0, 4.0, 2.0, 2.0, 4.0, 2.0, 4.0, 1.0, 1.0, 2.0, 1.0, 4.0, 2.0, 2.0, 2.0, 4.0, 1.0, 2.0, 2.0, 4.0, 4.0, 2.0, 4.0, 4.0], [1.0, 4.0, 4.0, 2.0, 2.0, 2.0, 4.0, 4.0, 2.0, 4.0, 4.0, 4.0, 2.0, 2.0, 2.0, 4.0, 4.0, 2.0, 2.0, 4.0, 2.0, 4.0, 4.0, 4.0, 4.0, 1.0, 1.0, 2.0, 1.0, 4.0, 2.0, 2.0, 2.0, 4.0, 1.0, 2.0, 2.0, 4.0, 4.0, 2.0, 4.0, 4.0], [1.0, 4.0, 3.0, 2.0, 2.0, 4.0, 4.0, 2.0, 2.0, 4.0, 4.0, 4.0, 4.0, 3.0, 2.0, 4.0, 4.0, 2.0, 2.0, 4.0, 2.0, 4.0, 4.0, 4.0, 4.0, 1.0, 1.0, 3.0, 1.0, 4.0, 2.0, 2.0, 2.0, 3.0, 1.0, 4.0, 2.0, 4.0, 2.0, 2.0, 4.0, 4.0], [1.0, 4.0, 3.0, 4.0, 2.0, 2.0, 4.0, 4.0, 2.0, 4.0, 2.0, 4.0, 2.0, 4.0, 2.0, 4.0, 4.0, 2.0, 2.0, 4.0, 2.0, 4.0, 4.0, 4.0, 4.0, 1.0, 1.0, 4.0, 1.0, 4.0, 2.0, 2.0, 2.0, 4.0, 1.0, 4.0, 1.0, 4.0, 4.0, 2.0, 2.0, 4.0], [3.0, 4.0, 2.0, 2.0, 2.0, 4.0, 4.0, 4.0, 2.0, 4.0, 2.0, 4.0, 2.0, 4.0, 2.0, 4.0, 4.0, 2.0, 2.0, 4.0, 2.0, 4.0, 4.0, 4.0, 4.0, 1.0, 1.0, 4.0, 1.0, 4.0, 2.0, 2.0, 2.0, 4.0, 1.0, 2.0, 1.0, 4.0, 4.0, 2.0, 4.0, 4.0], [1.0, 4.0, 3.0, 2.0, 2.0, 2.0, 4.0, 4.0, 2.0, 4.0, 2.0, 4.0, 2.0, 2.0, 4.0, 4.0, 4.0, 2.0, 2.0, 4.0, 2.0, 4.0, 4.0, 4.0, 4.0, 1.0, 1.0, 3.0, 1.0, 4.0, 2.0, 2.0, 2.0, 4.0, 1.0, 2.0, 2.0, 4.0, 2.0, 2.0, 4.0, 4.0]]

first layer check: Conv2d(9, 64, kernel_size=(7, 7), stride=(2, 2), padding=(3, 3), bias=False)

for model 4: mode acc: 0.380952388048172, run mean acc: 0.3420833349227905, top-2 acc:0.4925000071525574, mode f1: 0.380952388048172

model 4 mode preds
[1.0, 4.0, 3.0, 0.0, 2.0, 2.0, 4.0, 4.0, 2.0, 4.0, 4.0, 4.0, 3.0, 3.0, 2.0, 3.0, 4.0, 3.0, 3.0, 4.0, 1.0, 4.0, 4.0, 4.0, 4.0, 1.0, 1.0, 3.0, 1.0, 4.0, 1.0, 1.0, 2.0, 4.0, 1.0, 2.0, 1.0, 4.0, 2.0, 1.0, 2.0, 4.0]

model 4 all preds
[[1.0, 4.0, 0.0, 0.0, 2.0, 3.0, 3.0, 4.0, 2.0, 4.0, 4.0, 4.0, 3.0, 3.0, 3.0, 4.0, 4.0, 3.0, 3.0, 4.0, 1.0, 4.0, 3.0, 4.0, 4.0, 1.0, 1.0, 1.0, 1.0, 2.0, 1.0, 1.0, 4.0, 2.0, 1.0, 2.0, 1.0, 0.0, 2.0, 1.0, 2.0, 4.0], [1.0, 4.0, 0.0, 0.0, 2.0, 2.0, 3.0, 4.0, 2.0, 4.0, 4.0, 4.0, 3.0, 3.0, 2.0, 4.0, 4.0, 3.0, 2.0, 4.0, 1.0, 4.0, 4.0, 3.0, 4.0, 1.0, 1.0, 3.0, 1.0, 4.0, 1.0, 1.0, 2.0, 3.0, 1.0, 1.0, 1.0, 1.0, 2.0, 3.0, 2.0, 4.0], [1.0, 0.0, 1.0, 0.0, 2.0, 2.0, 4.0, 3.0, 2.0, 4.0, 4.0, 4.0, 4.0, 3.0, 4.0, 3.0, 4.0, 3.0, 3.0, 4.0, 1.0, 4.0, 4.0, 3.0, 4.0, 1.0, 1.0, 4.0, 1.0, 4.0, 1.0, 1.0, 2.0, 4.0, 1.0, 1.0, 1.0, 4.0, 2.0, 2.0, 2.0, 2.0], [1.0, 4.0, 0.0, 0.0, 2.0, 2.0, 4.0, 4.0, 2.0, 4.0, 3.0, 4.0, 3.0, 3.0, 2.0, 3.0, 4.0, 3.0, 3.0, 4.0, 1.0, 4.0, 4.0, 4.0, 4.0, 1.0, 1.0, 3.0, 1.0, 4.0, 2.0, 1.0, 2.0, 4.0, 1.0, 2.0, 1.0, 0.0, 2.0, 1.0, 2.0, 4.0], [1.0, 4.0, 0.0, 0.0, 1.0, 4.0, 3.0, 4.0, 2.0, 3.0, 4.0, 4.0, 3.0, 3.0, 0.0, 3.0, 4.0, 3.0, 3.0, 4.0, 2.0, 4.0, 4.0, 4.0, 4.0, 1.0, 1.0, 3.0, 1.0, 4.0, 2.0, 1.0, 2.0, 4.0, 1.0, 3.0, 1.0, 4.0, 4.0, 2.0, 2.0, 2.0], [1.0, 4.0, 4.0, 0.0, 2.0, 4.0, 4.0, 4.0, 2.0, 4.0, 3.0, 4.0, 3.0, 3.0, 2.0, 3.0, 4.0, 3.0, 2.0, 4.0, 3.0, 4.0, 4.0, 4.0, 4.0, 1.0, 1.0, 3.0, 1.0, 4.0, 1.0, 1.0, 2.0, 4.0, 1.0, 3.0, 1.0, 1.0, 4.0, 3.0, 4.0, 2.0], [1.0, 3.0, 3.0, 0.0, 2.0, 2.0, 4.0, 4.0, 2.0, 4.0, 4.0, 4.0, 3.0, 3.0, 4.0, 3.0, 4.0, 3.0, 2.0, 4.0, 3.0, 4.0, 4.0, 4.0, 4.0, 1.0, 1.0, 3.0, 1.0, 4.0, 1.0, 1.0, 2.0, 2.0, 1.0, 1.0, 1.0, 2.0, 2.0, 1.0, 2.0, 4.0], [1.0, 4.0, 3.0, 0.0, 2.0, 2.0, 4.0, 4.0, 2.0, 3.0, 4.0, 4.0, 3.0, 3.0, 3.0, 4.0, 4.0, 3.0, 3.0, 4.0, 2.0, 4.0, 3.0, 4.0, 4.0, 1.0, 1.0, 1.0, 1.0, 4.0, 1.0, 1.0, 2.0, 4.0, 1.0, 1.0, 1.0, 1.0, 4.0, 1.0, 2.0, 2.0], [1.0, 4.0, 4.0, 0.0, 2.0, 2.0, 4.0, 4.0, 2.0, 3.0, 3.0, 4.0, 3.0, 3.0, 2.0, 4.0, 4.0, 3.0, 2.0, 4.0, 1.0, 4.0, 4.0, 4.0, 4.0, 1.0, 1.0, 3.0, 1.0, 4.0, 2.0, 1.0, 2.0, 4.0, 1.0, 2.0, 1.0, 0.0, 3.0, 1.0, 2.0, 2.0], [1.0, 4.0, 3.0, 0.0, 2.0, 4.0, 4.0, 4.0, 2.0, 4.0, 3.0, 4.0, 3.0, 3.0, 2.0, 3.0, 4.0, 3.0, 3.0, 4.0, 1.0, 4.0, 4.0, 4.0, 4.0, 1.0, 1.0, 3.0, 1.0, 4.0, 1.0, 1.0, 2.0, 4.0, 1.0, 4.0, 1.0, 4.0, 4.0, 3.0, 2.0, 4.0], [1.0, 3.0, 0.0, 0.0, 2.0, 2.0, 4.0, 3.0, 2.0, 4.0, 3.0, 4.0, 4.0, 3.0, 4.0, 3.0, 4.0, 3.0, 3.0, 4.0, 1.0, 4.0, 4.0, 4.0, 4.0, 1.0, 1.0, 1.0, 1.0, 4.0, 1.0, 1.0, 2.0, 4.0, 1.0, 2.0, 1.0, 4.0, 2.0, 3.0, 2.0, 4.0], [1.0, 3.0, 3.0, 1.0, 2.0, 0.0, 4.0, 4.0, 2.0, 4.0, 4.0, 4.0, 3.0, 3.0, 2.0, 3.0, 4.0, 3.0, 3.0, 4.0, 1.0, 4.0, 3.0, 4.0, 4.0, 1.0, 1.0, 1.0, 1.0, 4.0, 1.0, 1.0, 2.0, 4.0, 1.0, 2.0, 1.0, 1.0, 2.0, 3.0, 2.0, 4.0], [1.0, 4.0, 4.0, 0.0, 2.0, 4.0, 3.0, 4.0, 2.0, 4.0, 4.0, 4.0, 3.0, 3.0, 2.0, 4.0, 4.0, 3.0, 3.0, 4.0, 1.0, 4.0, 3.0, 3.0, 4.0, 1.0, 1.0, 3.0, 1.0, 4.0, 2.0, 1.0, 2.0, 4.0, 1.0, 2.0, 1.0, 2.0, 2.0, 1.0, 2.0, 4.0], [1.0, 4.0, 3.0, 0.0, 1.0, 2.0, 3.0, 4.0, 2.0, 3.0, 4.0, 4.0, 4.0, 3.0, 4.0, 4.0, 4.0, 3.0, 3.0, 4.0, 3.0, 4.0, 3.0, 4.0, 4.0, 1.0, 1.0, 3.0, 1.0, 4.0, 1.0, 1.0, 2.0, 4.0, 1.0, 2.0, 2.0, 1.0, 2.0, 3.0, 2.0, 4.0], [1.0, 4.0, 3.0, 4.0, 2.0, 2.0, 3.0, 4.0, 2.0, 3.0, 3.0, 4.0, 3.0, 3.0, 4.0, 4.0, 4.0, 3.0, 3.0, 4.0, 1.0, 4.0, 3.0, 4.0, 4.0, 1.0, 1.0, 3.0, 2.0, 4.0, 1.0, 1.0, 2.0, 4.0, 1.0, 1.0, 1.0, 1.0, 2.0, 0.0, 2.0, 4.0], [1.0, 0.0, 3.0, 0.0, 2.0, 2.0, 4.0, 4.0, 2.0, 4.0, 3.0, 4.0, 3.0, 3.0, 2.0, 3.0, 4.0, 3.0, 2.0, 4.0, 1.0, 4.0, 4.0, 4.0, 4.0, 1.0, 1.0, 3.0, 1.0, 4.0, 2.0, 1.0, 2.0, 4.0, 1.0, 2.0, 1.0, 1.0, 2.0, 1.0, 4.0, 2.0], [1.0, 4.0, 4.0, 0.0, 2.0, 4.0, 3.0, 4.0, 2.0, 4.0, 4.0, 4.0, 4.0, 3.0, 2.0, 3.0, 4.0, 3.0, 2.0, 4.0, 1.0, 4.0, 4.0, 4.0, 4.0, 1.0, 1.0, 3.0, 1.0, 4.0, 1.0, 1.0, 2.0, 3.0, 1.0, 1.0, 1.0, 2.0, 2.0, 1.0, 2.0, 4.0], [1.0, 4.0, 1.0, 0.0, 2.0, 3.0, 3.0, 4.0, 2.0, 4.0, 4.0, 4.0, 3.0, 3.0, 4.0, 3.0, 4.0, 3.0, 3.0, 4.0, 1.0, 4.0, 4.0, 3.0, 4.0, 1.0, 1.0, 3.0, 1.0, 4.0, 1.0, 1.0, 2.0, 2.0, 1.0, 1.0, 1.0, 4.0, 2.0, 3.0, 4.0, 2.0], [1.0, 4.0, 4.0, 0.0, 2.0, 2.0, 3.0, 4.0, 2.0, 4.0, 4.0, 4.0, 2.0, 3.0, 4.0, 3.0, 4.0, 3.0, 3.0, 4.0, 1.0, 4.0, 4.0, 4.0, 4.0, 1.0, 1.0, 3.0, 1.0, 4.0, 1.0, 1.0, 2.0, 2.0, 1.0, 1.0, 1.0, 0.0, 2.0, 3.0, 2.0, 4.0], [1.0, 3.0, 3.0, 0.0, 2.0, 2.0, 4.0, 4.0, 2.0, 4.0, 4.0, 4.0, 3.0, 3.0, 2.0, 3.0, 4.0, 3.0, 3.0, 4.0, 3.0, 4.0, 4.0, 4.0, 4.0, 1.0, 1.0, 3.0, 1.0, 4.0, 1.0, 1.0, 2.0, 3.0, 1.0, 2.0, 1.0, 4.0, 4.0, 3.0, 2.0, 4.0], [1.0, 4.0, 0.0, 0.0, 2.0, 4.0, 4.0, 4.0, 2.0, 4.0, 4.0, 4.0, 3.0, 3.0, 3.0, 3.0, 4.0, 3.0, 3.0, 0.0, 3.0, 4.0, 4.0, 4.0, 4.0, 1.0, 1.0, 3.0, 2.0, 4.0, 1.0, 1.0, 2.0, 4.0, 1.0, 1.0, 1.0, 0.0, 2.0, 1.0, 2.0, 4.0], [1.0, 3.0, 3.0, 0.0, 2.0, 2.0, 4.0, 4.0, 2.0, 3.0, 4.0, 4.0, 3.0, 3.0, 3.0, 4.0, 4.0, 3.0, 3.0, 4.0, 3.0, 4.0, 4.0, 4.0, 4.0, 1.0, 1.0, 3.0, 1.0, 4.0, 2.0, 2.0, 2.0, 3.0, 1.0, 2.0, 1.0, 4.0, 2.0, 1.0, 2.0, 4.0], [1.0, 3.0, 4.0, 1.0, 2.0, 4.0, 4.0, 3.0, 2.0, 4.0, 4.0, 4.0, 3.0, 3.0, 2.0, 4.0, 4.0, 3.0, 3.0, 4.0, 1.0, 4.0, 4.0, 4.0, 4.0, 1.0, 1.0, 3.0, 1.0, 4.0, 2.0, 1.0, 2.0, 2.0, 1.0, 2.0, 1.0, 4.0, 2.0, 3.0, 2.0, 4.0], [1.0, 4.0, 3.0, 0.0, 2.0, 4.0, 3.0, 4.0, 2.0, 3.0, 4.0, 4.0, 3.0, 3.0, 2.0, 4.0, 4.0, 3.0, 2.0, 4.0, 1.0, 4.0, 4.0, 4.0, 4.0, 1.0, 1.0, 3.0, 1.0, 4.0, 2.0, 1.0, 2.0, 4.0, 1.0, 2.0, 1.0, 4.0, 2.0, 2.0, 2.0, 2.0], [1.0, 4.0, 3.0, 0.0, 1.0, 4.0, 3.0, 4.0, 2.0, 4.0, 4.0, 4.0, 3.0, 3.0, 4.0, 3.0, 4.0, 3.0, 1.0, 4.0, 1.0, 4.0, 4.0, 4.0, 4.0, 1.0, 1.0, 1.0, 1.0, 4.0, 2.0, 1.0, 2.0, 3.0, 1.0, 4.0, 1.0, 4.0, 2.0, 3.0, 2.0, 4.0], [1.0, 4.0, 3.0, 0.0, 2.0, 2.0, 4.0, 4.0, 2.0, 4.0, 4.0, 4.0, 3.0, 3.0, 1.0, 3.0, 4.0, 3.0, 3.0, 4.0, 1.0, 4.0, 4.0, 4.0, 4.0, 1.0, 1.0, 3.0, 1.0, 4.0, 2.0, 1.0, 2.0, 4.0, 1.0, 2.0, 1.0, 4.0, 4.0, 1.0, 2.0, 4.0], [1.0, 4.0, 0.0, 0.0, 2.0, 2.0, 4.0, 4.0, 2.0, 4.0, 4.0, 4.0, 3.0, 3.0, 2.0, 3.0, 4.0, 3.0, 2.0, 4.0, 1.0, 4.0, 4.0, 2.0, 4.0, 1.0, 1.0, 3.0, 1.0, 4.0, 1.0, 1.0, 2.0, 4.0, 1.0, 2.0, 1.0, 4.0, 4.0, 1.0, 2.0, 2.0], [1.0, 3.0, 3.0, 0.0, 2.0, 4.0, 3.0, 4.0, 2.0, 4.0, 3.0, 4.0, 3.0, 3.0, 2.0, 3.0, 4.0, 3.0, 2.0, 4.0, 3.0, 4.0, 4.0, 4.0, 4.0, 1.0, 1.0, 4.0, 1.0, 4.0, 2.0, 1.0, 2.0, 4.0, 1.0, 2.0, 1.0, 0.0, 2.0, 1.0, 4.0, 4.0], [1.0, 4.0, 0.0, 0.0, 2.0, 3.0, 4.0, 4.0, 2.0, 3.0, 4.0, 4.0, 3.0, 3.0, 2.0, 4.0, 4.0, 3.0, 3.0, 4.0, 1.0, 4.0, 4.0, 4.0, 4.0, 1.0, 1.0, 3.0, 1.0, 4.0, 2.0, 1.0, 2.0, 4.0, 1.0, 2.0, 2.0, 4.0, 2.0, 3.0, 2.0, 4.0], [1.0, 4.0, 3.0, 0.0, 2.0, 4.0, 4.0, 3.0, 2.0, 3.0, 4.0, 4.0, 3.0, 3.0, 2.0, 3.0, 4.0, 3.0, 1.0, 4.0, 1.0, 4.0, 4.0, 4.0, 4.0, 1.0, 1.0, 3.0, 1.0, 4.0, 2.0, 1.0, 2.0, 4.0, 1.0, 4.0, 1.0, 0.0, 4.0, 1.0, 2.0, 4.0], [1.0, 4.0, 3.0, 0.0, 2.0, 4.0, 4.0, 4.0, 2.0, 3.0, 4.0, 4.0, 3.0, 3.0, 2.0, 3.0, 4.0, 3.0, 3.0, 0.0, 2.0, 4.0, 4.0, 4.0, 4.0, 1.0, 1.0, 3.0, 1.0, 4.0, 1.0, 1.0, 2.0, 2.0, 1.0, 2.0, 1.0, 4.0, 4.0, 1.0, 2.0, 4.0], [1.0, 4.0, 0.0, 0.0, 2.0, 3.0, 4.0, 3.0, 2.0, 4.0, 4.0, 4.0, 4.0, 3.0, 2.0, 3.0, 4.0, 3.0, 3.0, 4.0, 1.0, 4.0, 4.0, 4.0, 4.0, 1.0, 1.0, 3.0, 1.0, 4.0, 1.0, 1.0, 2.0, 4.0, 1.0, 1.0, 1.0, 4.0, 2.0, 1.0, 4.0, 2.0], [1.0, 4.0, 3.0, 0.0, 2.0, 0.0, 4.0, 4.0, 2.0, 4.0, 3.0, 4.0, 3.0, 3.0, 4.0, 4.0, 4.0, 3.0, 2.0, 4.0, 3.0, 4.0, 4.0, 4.0, 4.0, 1.0, 1.0, 3.0, 1.0, 4.0, 2.0, 1.0, 2.0, 2.0, 1.0, 0.0, 1.0, 4.0, 4.0, 1.0, 2.0, 4.0], [1.0, 4.0, 3.0, 0.0, 2.0, 4.0, 4.0, 4.0, 2.0, 4.0, 4.0, 4.0, 3.0, 3.0, 4.0, 4.0, 4.0, 3.0, 3.0, 4.0, 1.0, 4.0, 4.0, 4.0, 4.0, 1.0, 1.0, 3.0, 1.0, 4.0, 1.0, 1.0, 2.0, 4.0, 1.0, 1.0, 1.0, 0.0, 2.0, 3.0, 2.0, 4.0], [3.0, 4.0, 3.0, 1.0, 2.0, 2.0, 4.0, 4.0, 2.0, 4.0, 4.0, 4.0, 4.0, 3.0, 2.0, 3.0, 4.0, 3.0, 2.0, 4.0, 1.0, 4.0, 4.0, 4.0, 4.0, 1.0, 1.0, 3.0, 1.0, 4.0, 1.0, 1.0, 2.0, 4.0, 1.0, 0.0, 1.0, 0.0, 2.0, 3.0, 2.0, 2.0], [1.0, 4.0, 4.0, 0.0, 2.0, 2.0, 3.0, 4.0, 2.0, 4.0, 4.0, 4.0, 3.0, 3.0, 4.0, 3.0, 4.0, 3.0, 3.0, 4.0, 2.0, 4.0, 3.0, 4.0, 4.0, 1.0, 1.0, 3.0, 1.0, 4.0, 1.0, 1.0, 2.0, 2.0, 1.0, 1.0, 1.0, 0.0, 2.0, 3.0, 2.0, 4.0], [1.0, 3.0, 4.0, 0.0, 2.0, 0.0, 3.0, 4.0, 2.0, 4.0, 4.0, 4.0, 3.0, 3.0, 3.0, 3.0, 4.0, 3.0, 3.0, 4.0, 1.0, 4.0, 4.0, 4.0, 4.0, 1.0, 1.0, 1.0, 1.0, 4.0, 1.0, 1.0, 4.0, 4.0, 1.0, 0.0, 1.0, 4.0, 4.0, 1.0, 4.0, 4.0], [1.0, 4.0, 3.0, 0.0, 2.0, 4.0, 3.0, 4.0, 2.0, 4.0, 4.0, 4.0, 3.0, 3.0, 2.0, 3.0, 4.0, 3.0, 3.0, 4.0, 1.0, 4.0, 4.0, 4.0, 4.0, 1.0, 1.0, 3.0, 1.0, 4.0, 2.0, 1.0, 2.0, 4.0, 1.0, 2.0, 1.0, 1.0, 4.0, 1.0, 4.0, 2.0], [1.0, 4.0, 0.0, 0.0, 2.0, 2.0, 3.0, 4.0, 2.0, 3.0, 4.0, 4.0, 3.0, 3.0, 2.0, 3.0, 4.0, 3.0, 2.0, 4.0, 1.0, 4.0, 4.0, 3.0, 4.0, 1.0, 1.0, 3.0, 1.0, 4.0, 1.0, 1.0, 2.0, 2.0, 1.0, 2.0, 1.0, 4.0, 2.0, 2.0, 2.0, 4.0], [1.0, 4.0, 0.0, 0.0, 2.0, 2.0, 4.0, 4.0, 2.0, 3.0, 3.0, 4.0, 3.0, 3.0, 2.0, 4.0, 4.0, 3.0, 2.0, 4.0, 1.0, 4.0, 0.0, 4.0, 4.0, 1.0, 1.0, 3.0, 1.0, 4.0, 1.0, 1.0, 2.0, 4.0, 1.0, 2.0, 1.0, 1.0, 4.0, 1.0, 2.0, 2.0], [1.0, 4.0, 0.0, 0.0, 2.0, 2.0, 4.0, 4.0, 2.0, 4.0, 4.0, 4.0, 3.0, 3.0, 2.0, 4.0, 4.0, 3.0, 3.0, 4.0, 2.0, 4.0, 4.0, 4.0, 4.0, 1.0, 1.0, 3.0, 1.0, 4.0, 1.0, 1.0, 2.0, 3.0, 1.0, 2.0, 1.0, 4.0, 2.0, 3.0, 2.0, 4.0], [1.0, 4.0, 3.0, 0.0, 2.0, 2.0, 3.0, 4.0, 2.0, 4.0, 4.0, 4.0, 3.0, 3.0, 2.0, 3.0, 4.0, 3.0, 3.0, 4.0, 3.0, 4.0, 4.0, 4.0, 4.0, 1.0, 1.0, 3.0, 1.0, 4.0, 1.0, 1.0, 2.0, 4.0, 1.0, 1.0, 2.0, 4.0, 4.0, 1.0, 2.0, 4.0], [1.0, 4.0, 3.0, 0.0, 2.0, 2.0, 3.0, 4.0, 2.0, 4.0, 4.0, 4.0, 3.0, 3.0, 4.0, 3.0, 4.0, 3.0, 2.0, 4.0, 1.0, 4.0, 4.0, 2.0, 4.0, 1.0, 1.0, 1.0, 1.0, 4.0, 2.0, 1.0, 2.0, 4.0, 1.0, 2.0, 1.0, 2.0, 2.0, 3.0, 2.0, 4.0], [1.0, 3.0, 0.0, 0.0, 2.0, 2.0, 4.0, 4.0, 2.0, 4.0, 4.0, 4.0, 3.0, 3.0, 3.0, 4.0, 4.0, 3.0, 1.0, 4.0, 1.0, 4.0, 4.0, 4.0, 4.0, 1.0, 1.0, 3.0, 1.0, 4.0, 1.0, 1.0, 2.0, 2.0, 1.0, 4.0, 1.0, 0.0, 3.0, 3.0, 2.0, 2.0], [0.0, 3.0, 4.0, 0.0, 1.0, 4.0, 4.0, 4.0, 2.0, 3.0, 3.0, 4.0, 3.0, 3.0, 2.0, 3.0, 4.0, 3.0, 3.0, 4.0, 3.0, 4.0, 4.0, 4.0, 4.0, 1.0, 1.0, 3.0, 2.0, 4.0, 1.0, 1.0, 4.0, 4.0, 1.0, 2.0, 1.0, 3.0, 2.0, 1.0, 2.0, 5.0], [1.0, 4.0, 0.0, 0.0, 2.0, 0.0, 3.0, 4.0, 2.0, 4.0, 4.0, 4.0, 4.0, 3.0, 2.0, 4.0, 4.0, 3.0, 3.0, 4.0, 1.0, 4.0, 4.0, 4.0, 4.0, 1.0, 1.0, 3.0, 1.0, 4.0, 2.0, 1.0, 2.0, 2.0, 1.0, 4.0, 1.0, 1.0, 4.0, 1.0, 2.0, 4.0], [1.0, 4.0, 3.0, 0.0, 2.0, 2.0, 4.0, 4.0, 2.0, 3.0, 4.0, 4.0, 3.0, 3.0, 4.0, 4.0, 4.0, 3.0, 3.0, 4.0, 2.0, 4.0, 4.0, 4.0, 4.0, 1.0, 1.0, 3.0, 1.0, 4.0, 1.0, 1.0, 2.0, 4.0, 1.0, 2.0, 1.0, 0.0, 2.0, 1.0, 2.0, 4.0], [1.0, 4.0, 3.0, 0.0, 2.0, 2.0, 4.0, 4.0, 2.0, 3.0, 4.0, 4.0, 3.0, 3.0, 2.0, 4.0, 4.0, 3.0, 3.0, 4.0, 1.0, 4.0, 4.0, 4.0, 4.0, 1.0, 1.0, 1.0, 1.0, 4.0, 1.0, 1.0, 2.0, 4.0, 1.0, 2.0, 1.0, 4.0, 4.0, 3.0, 2.0, 4.0], [2.0, 4.0, 3.0, 0.0, 2.0, 2.0, 3.0, 4.0, 2.0, 3.0, 4.0, 4.0, 3.0, 3.0, 4.0, 3.0, 4.0, 3.0, 3.0, 4.0, 2.0, 4.0, 4.0, 4.0, 4.0, 1.0, 1.0, 4.0, 1.0, 4.0, 2.0, 1.0, 2.0, 4.0, 1.0, 0.0, 1.0, 1.0, 4.0, 1.0, 2.0, 2.0], [1.0, 4.0, 0.0, 0.0, 2.0, 3.0, 3.0, 4.0, 2.0, 4.0, 4.0, 4.0, 3.0, 3.0, 3.0, 4.0, 4.0, 3.0, 2.0, 4.0, 1.0, 4.0, 4.0, 4.0, 4.0, 1.0, 1.0, 1.0, 1.0, 4.0, 1.0, 1.0, 2.0, 4.0, 1.0, 2.0, 1.0, 4.0, 3.0, 2.0, 2.0, 4.0]]

