first layer check: Conv2d(6, 64, kernel_size=(7, 7), stride=(2, 2), padding=(3, 3), bias=False)

target ys
[2.0, 4.0, 0.0, 2.0, 2.0, 4.0, 2.0, 2.0, 2.0, 4.0, 3.0, 2.0, 2.0, 5.0, 5.0, 5.0, 4.0, 3.0, 5.0, 2.0, 4.0, 5.0, 3.0, 1.0, 3.0, 1.0, 3.0, 1.0, 3.0, 2.0, 1.0, 1.0, 3.0, 5.0, 1.0, 3.0, 4.0, 4.0, 2.0, 1.0, 1.0, 1.0]

for model 0: mode acc: 0.3095238208770752, run mean acc: 0.3204166889190674, top-2 acc:0.5974999666213989, mode f1: 0.3095238208770752

model 0 mode preds
[4.0, 2.0, 2.0, 2.0, 2.0, 2.0, 2.0, 2.0, 2.0, 4.0, 2.0, 2.0, 1.0, 2.0, 4.0, 4.0, 2.0, 4.0, 4.0, 2.0, 2.0, 2.0, 2.0, 4.0, 2.0, 2.0, 2.0, 1.0, 4.0, 2.0, 1.0, 2.0, 2.0, 2.0, 2.0, 2.0, 2.0, 2.0, 2.0, 2.0, 2.0, 1.0]

model 0 all preds
[[2.0, 2.0, 1.0, 4.0, 2.0, 2.0, 2.0, 1.0, 2.0, 4.0, 3.0, 4.0, 1.0, 2.0, 4.0, 4.0, 2.0, 3.0, 4.0, 4.0, 2.0, 2.0, 2.0, 4.0, 2.0, 2.0, 2.0, 1.0, 3.0, 2.0, 1.0, 3.0, 2.0, 2.0, 2.0, 2.0, 2.0, 2.0, 2.0, 2.0, 2.0, 1.0], [4.0, 2.0, 1.0, 2.0, 2.0, 2.0, 2.0, 1.0, 2.0, 4.0, 4.0, 4.0, 2.0, 2.0, 4.0, 4.0, 4.0, 4.0, 4.0, 2.0, 2.0, 2.0, 2.0, 4.0, 2.0, 2.0, 2.0, 1.0, 2.0, 2.0, 1.0, 2.0, 2.0, 2.0, 2.0, 2.0, 2.0, 2.0, 2.0, 2.0, 2.0, 1.0], [4.0, 2.0, 1.0, 2.0, 2.0, 2.0, 2.0, 2.0, 2.0, 4.0, 4.0, 4.0, 1.0, 2.0, 4.0, 4.0, 4.0, 2.0, 4.0, 4.0, 2.0, 2.0, 2.0, 4.0, 2.0, 2.0, 2.0, 1.0, 2.0, 2.0, 1.0, 2.0, 2.0, 2.0, 2.0, 2.0, 2.0, 4.0, 2.0, 2.0, 2.0, 1.0], [2.0, 2.0, 2.0, 2.0, 2.0, 2.0, 2.0, 2.0, 2.0, 2.0, 2.0, 2.0, 2.0, 2.0, 4.0, 4.0, 2.0, 4.0, 4.0, 4.0, 2.0, 2.0, 2.0, 4.0, 2.0, 2.0, 2.0, 1.0, 4.0, 2.0, 1.0, 2.0, 2.0, 2.0, 2.0, 2.0, 2.0, 2.0, 2.0, 2.0, 2.0, 1.0], [2.0, 4.0, 1.0, 4.0, 2.0, 2.0, 2.0, 2.0, 2.0, 4.0, 2.0, 2.0, 2.0, 4.0, 2.0, 4.0, 2.0, 4.0, 4.0, 2.0, 2.0, 2.0, 2.0, 4.0, 2.0, 2.0, 2.0, 1.0, 4.0, 2.0, 1.0, 2.0, 2.0, 2.0, 2.0, 2.0, 2.0, 4.0, 2.0, 2.0, 2.0, 1.0], [2.0, 4.0, 2.0, 4.0, 2.0, 2.0, 2.0, 1.0, 2.0, 4.0, 4.0, 2.0, 1.0, 2.0, 2.0, 2.0, 2.0, 4.0, 2.0, 2.0, 2.0, 2.0, 2.0, 4.0, 2.0, 2.0, 2.0, 1.0, 4.0, 2.0, 1.0, 2.0, 2.0, 2.0, 2.0, 2.0, 2.0, 2.0, 2.0, 1.0, 2.0, 1.0], [4.0, 4.0, 2.0, 2.0, 2.0, 4.0, 2.0, 2.0, 2.0, 4.0, 2.0, 2.0, 1.0, 2.0, 2.0, 4.0, 4.0, 2.0, 4.0, 2.0, 2.0, 2.0, 2.0, 2.0, 2.0, 2.0, 2.0, 1.0, 3.0, 2.0, 1.0, 2.0, 2.0, 2.0, 2.0, 2.0, 2.0, 2.0, 2.0, 2.0, 2.0, 1.0], [2.0, 2.0, 2.0, 4.0, 1.0, 4.0, 2.0, 2.0, 2.0, 4.0, 4.0, 2.0, 1.0, 4.0, 4.0, 4.0, 2.0, 4.0, 4.0, 2.0, 2.0, 2.0, 2.0, 2.0, 2.0, 2.0, 2.0, 1.0, 3.0, 2.0, 1.0, 2.0, 2.0, 2.0, 2.0, 2.0, 2.0, 2.0, 2.0, 2.0, 2.0, 1.0], [4.0, 4.0, 1.0, 2.0, 2.0, 2.0, 2.0, 2.0, 2.0, 3.0, 3.0, 2.0, 1.0, 4.0, 4.0, 4.0, 2.0, 4.0, 2.0, 2.0, 4.0, 2.0, 2.0, 4.0, 2.0, 2.0, 2.0, 2.0, 4.0, 2.0, 1.0, 2.0, 2.0, 4.0, 2.0, 2.0, 2.0, 2.0, 2.0, 2.0, 2.0, 1.0], [2.0, 2.0, 2.0, 2.0, 2.0, 4.0, 2.0, 1.0, 2.0, 2.0, 4.0, 2.0, 1.0, 2.0, 4.0, 4.0, 2.0, 4.0, 4.0, 2.0, 2.0, 2.0, 2.0, 4.0, 2.0, 2.0, 2.0, 1.0, 3.0, 2.0, 1.0, 2.0, 2.0, 2.0, 2.0, 2.0, 2.0, 2.0, 2.0, 2.0, 2.0, 1.0], [4.0, 2.0, 2.0, 4.0, 1.0, 2.0, 2.0, 2.0, 2.0, 4.0, 4.0, 2.0, 1.0, 2.0, 2.0, 4.0, 2.0, 4.0, 4.0, 2.0, 2.0, 2.0, 2.0, 4.0, 2.0, 2.0, 2.0, 1.0, 2.0, 2.0, 1.0, 3.0, 2.0, 2.0, 2.0, 2.0, 2.0, 4.0, 2.0, 2.0, 2.0, 1.0], [4.0, 2.0, 2.0, 2.0, 2.0, 4.0, 2.0, 2.0, 2.0, 2.0, 4.0, 4.0, 1.0, 2.0, 4.0, 4.0, 2.0, 4.0, 4.0, 2.0, 2.0, 2.0, 4.0, 4.0, 2.0, 2.0, 2.0, 1.0, 1.0, 2.0, 1.0, 2.0, 2.0, 4.0, 2.0, 2.0, 2.0, 2.0, 2.0, 2.0, 2.0, 1.0], [2.0, 4.0, 1.0, 2.0, 2.0, 2.0, 2.0, 1.0, 2.0, 4.0, 2.0, 4.0, 1.0, 2.0, 2.0, 2.0, 2.0, 4.0, 4.0, 2.0, 2.0, 2.0, 2.0, 4.0, 2.0, 2.0, 2.0, 1.0, 4.0, 2.0, 1.0, 2.0, 2.0, 2.0, 2.0, 2.0, 2.0, 4.0, 2.0, 2.0, 2.0, 1.0], [4.0, 4.0, 2.0, 2.0, 2.0, 2.0, 2.0, 1.0, 2.0, 4.0, 4.0, 2.0, 1.0, 2.0, 2.0, 4.0, 2.0, 4.0, 4.0, 2.0, 2.0, 2.0, 2.0, 2.0, 2.0, 2.0, 2.0, 1.0, 4.0, 2.0, 1.0, 2.0, 2.0, 2.0, 2.0, 2.0, 2.0, 2.0, 2.0, 2.0, 2.0, 1.0], [4.0, 2.0, 2.0, 4.0, 2.0, 2.0, 2.0, 2.0, 2.0, 4.0, 2.0, 4.0, 1.0, 2.0, 4.0, 4.0, 2.0, 3.0, 4.0, 2.0, 2.0, 2.0, 2.0, 4.0, 2.0, 2.0, 2.0, 1.0, 4.0, 2.0, 1.0, 2.0, 2.0, 2.0, 2.0, 2.0, 2.0, 2.0, 2.0, 2.0, 2.0, 1.0], [4.0, 2.0, 2.0, 4.0, 2.0, 2.0, 2.0, 1.0, 2.0, 4.0, 2.0, 4.0, 1.0, 2.0, 4.0, 4.0, 4.0, 4.0, 2.0, 2.0, 2.0, 2.0, 2.0, 4.0, 2.0, 2.0, 2.0, 1.0, 1.0, 2.0, 1.0, 2.0, 2.0, 2.0, 2.0, 2.0, 2.0, 4.0, 2.0, 2.0, 2.0, 1.0], [2.0, 2.0, 1.0, 2.0, 2.0, 2.0, 2.0, 2.0, 2.0, 4.0, 4.0, 2.0, 1.0, 2.0, 4.0, 4.0, 2.0, 2.0, 2.0, 2.0, 2.0, 2.0, 2.0, 2.0, 2.0, 2.0, 2.0, 2.0, 2.0, 2.0, 1.0, 2.0, 2.0, 2.0, 2.0, 2.0, 2.0, 2.0, 2.0, 2.0, 2.0, 1.0], [4.0, 2.0, 2.0, 2.0, 2.0, 2.0, 2.0, 2.0, 2.0, 2.0, 2.0, 4.0, 1.0, 2.0, 4.0, 2.0, 4.0, 4.0, 4.0, 2.0, 2.0, 2.0, 2.0, 4.0, 2.0, 2.0, 2.0, 1.0, 4.0, 2.0, 1.0, 4.0, 2.0, 2.0, 2.0, 2.0, 2.0, 2.0, 2.0, 2.0, 2.0, 1.0], [2.0, 4.0, 2.0, 4.0, 2.0, 2.0, 2.0, 2.0, 2.0, 2.0, 4.0, 2.0, 2.0, 2.0, 4.0, 2.0, 2.0, 2.0, 2.0, 2.0, 2.0, 2.0, 2.0, 4.0, 2.0, 2.0, 2.0, 1.0, 4.0, 2.0, 1.0, 4.0, 2.0, 2.0, 2.0, 2.0, 2.0, 4.0, 2.0, 2.0, 2.0, 1.0], [2.0, 4.0, 2.0, 2.0, 2.0, 2.0, 2.0, 1.0, 4.0, 4.0, 2.0, 2.0, 1.0, 4.0, 4.0, 4.0, 2.0, 4.0, 2.0, 2.0, 2.0, 2.0, 2.0, 4.0, 2.0, 2.0, 2.0, 1.0, 2.0, 2.0, 1.0, 2.0, 2.0, 2.0, 2.0, 2.0, 2.0, 4.0, 2.0, 2.0, 2.0, 1.0], [4.0, 2.0, 1.0, 2.0, 2.0, 4.0, 2.0, 2.0, 4.0, 4.0, 2.0, 2.0, 1.0, 4.0, 4.0, 4.0, 2.0, 2.0, 2.0, 2.0, 2.0, 2.0, 2.0, 4.0, 2.0, 2.0, 2.0, 2.0, 2.0, 2.0, 1.0, 2.0, 2.0, 2.0, 2.0, 2.0, 2.0, 4.0, 2.0, 2.0, 2.0, 1.0], [4.0, 2.0, 2.0, 4.0, 2.0, 2.0, 2.0, 2.0, 2.0, 2.0, 2.0, 4.0, 1.0, 4.0, 4.0, 2.0, 2.0, 3.0, 4.0, 4.0, 2.0, 2.0, 2.0, 4.0, 2.0, 2.0, 2.0, 1.0, 4.0, 2.0, 1.0, 2.0, 2.0, 2.0, 2.0, 2.0, 2.0, 4.0, 2.0, 2.0, 2.0, 1.0], [4.0, 2.0, 2.0, 2.0, 4.0, 4.0, 2.0, 1.0, 4.0, 3.0, 4.0, 4.0, 1.0, 2.0, 4.0, 4.0, 2.0, 4.0, 4.0, 2.0, 2.0, 2.0, 2.0, 4.0, 2.0, 2.0, 2.0, 1.0, 4.0, 2.0, 1.0, 2.0, 2.0, 2.0, 2.0, 2.0, 2.0, 4.0, 2.0, 2.0, 2.0, 1.0], [2.0, 2.0, 2.0, 4.0, 2.0, 2.0, 4.0, 2.0, 2.0, 4.0, 3.0, 4.0, 1.0, 2.0, 4.0, 4.0, 2.0, 4.0, 4.0, 2.0, 2.0, 2.0, 2.0, 4.0, 2.0, 2.0, 2.0, 1.0, 2.0, 2.0, 1.0, 2.0, 2.0, 4.0, 2.0, 2.0, 2.0, 2.0, 2.0, 3.0, 2.0, 1.0], [4.0, 4.0, 2.0, 4.0, 2.0, 4.0, 2.0, 2.0, 2.0, 4.0, 4.0, 4.0, 1.0, 2.0, 4.0, 4.0, 2.0, 4.0, 2.0, 2.0, 2.0, 2.0, 2.0, 4.0, 2.0, 2.0, 2.0, 1.0, 2.0, 2.0, 1.0, 2.0, 2.0, 2.0, 2.0, 4.0, 2.0, 2.0, 2.0, 2.0, 2.0, 1.0], [2.0, 2.0, 1.0, 2.0, 2.0, 2.0, 2.0, 2.0, 4.0, 4.0, 2.0, 4.0, 1.0, 4.0, 4.0, 4.0, 2.0, 4.0, 4.0, 2.0, 2.0, 2.0, 2.0, 4.0, 2.0, 2.0, 2.0, 1.0, 4.0, 2.0, 1.0, 3.0, 2.0, 4.0, 2.0, 4.0, 2.0, 2.0, 2.0, 2.0, 2.0, 1.0], [2.0, 4.0, 2.0, 2.0, 2.0, 2.0, 2.0, 1.0, 2.0, 4.0, 2.0, 2.0, 1.0, 2.0, 2.0, 4.0, 2.0, 4.0, 4.0, 2.0, 2.0, 2.0, 2.0, 4.0, 2.0, 2.0, 2.0, 1.0, 4.0, 2.0, 1.0, 3.0, 2.0, 2.0, 2.0, 2.0, 2.0, 4.0, 2.0, 2.0, 1.0, 1.0], [2.0, 4.0, 2.0, 4.0, 2.0, 2.0, 2.0, 2.0, 2.0, 4.0, 4.0, 2.0, 1.0, 2.0, 4.0, 4.0, 2.0, 4.0, 2.0, 2.0, 2.0, 2.0, 2.0, 2.0, 2.0, 2.0, 2.0, 1.0, 4.0, 2.0, 2.0, 2.0, 2.0, 2.0, 2.0, 2.0, 2.0, 2.0, 2.0, 2.0, 1.0, 1.0], [4.0, 2.0, 1.0, 2.0, 2.0, 2.0, 2.0, 2.0, 2.0, 4.0, 2.0, 2.0, 1.0, 4.0, 4.0, 2.0, 2.0, 4.0, 2.0, 4.0, 2.0, 2.0, 2.0, 2.0, 2.0, 2.0, 2.0, 1.0, 4.0, 2.0, 1.0, 2.0, 2.0, 2.0, 2.0, 2.0, 2.0, 2.0, 2.0, 2.0, 2.0, 1.0], [2.0, 2.0, 2.0, 4.0, 2.0, 2.0, 2.0, 1.0, 4.0, 2.0, 2.0, 4.0, 1.0, 3.0, 4.0, 4.0, 2.0, 3.0, 2.0, 4.0, 2.0, 2.0, 2.0, 4.0, 2.0, 2.0, 2.0, 1.0, 3.0, 2.0, 2.0, 2.0, 2.0, 2.0, 2.0, 2.0, 2.0, 2.0, 2.0, 3.0, 2.0, 1.0], [2.0, 2.0, 2.0, 4.0, 4.0, 2.0, 2.0, 2.0, 2.0, 2.0, 4.0, 2.0, 2.0, 2.0, 4.0, 4.0, 2.0, 4.0, 4.0, 2.0, 2.0, 2.0, 2.0, 4.0, 2.0, 2.0, 2.0, 1.0, 4.0, 2.0, 1.0, 4.0, 2.0, 2.0, 2.0, 2.0, 2.0, 2.0, 2.0, 3.0, 2.0, 1.0], [4.0, 2.0, 2.0, 2.0, 2.0, 2.0, 2.0, 2.0, 2.0, 2.0, 4.0, 4.0, 1.0, 4.0, 4.0, 4.0, 2.0, 4.0, 2.0, 2.0, 2.0, 2.0, 2.0, 4.0, 2.0, 2.0, 2.0, 1.0, 2.0, 2.0, 1.0, 2.0, 2.0, 2.0, 2.0, 2.0, 2.0, 2.0, 2.0, 2.0, 2.0, 1.0], [4.0, 2.0, 2.0, 2.0, 2.0, 2.0, 2.0, 2.0, 2.0, 4.0, 3.0, 2.0, 1.0, 2.0, 4.0, 4.0, 2.0, 4.0, 4.0, 2.0, 2.0, 2.0, 2.0, 4.0, 2.0, 2.0, 2.0, 1.0, 2.0, 2.0, 1.0, 2.0, 2.0, 2.0, 2.0, 2.0, 2.0, 4.0, 2.0, 2.0, 2.0, 1.0], [2.0, 2.0, 2.0, 4.0, 2.0, 2.0, 4.0, 1.0, 2.0, 4.0, 2.0, 2.0, 1.0, 4.0, 4.0, 4.0, 2.0, 4.0, 2.0, 2.0, 2.0, 2.0, 2.0, 4.0, 2.0, 2.0, 2.0, 1.0, 4.0, 2.0, 1.0, 2.0, 2.0, 2.0, 2.0, 2.0, 2.0, 4.0, 2.0, 0.0, 1.0, 1.0], [4.0, 2.0, 1.0, 2.0, 2.0, 2.0, 2.0, 2.0, 2.0, 4.0, 4.0, 2.0, 1.0, 2.0, 2.0, 4.0, 2.0, 2.0, 4.0, 2.0, 2.0, 2.0, 2.0, 4.0, 2.0, 2.0, 2.0, 1.0, 4.0, 2.0, 1.0, 4.0, 2.0, 2.0, 2.0, 2.0, 2.0, 4.0, 2.0, 2.0, 2.0, 1.0], [4.0, 2.0, 1.0, 2.0, 2.0, 2.0, 2.0, 2.0, 2.0, 4.0, 2.0, 2.0, 1.0, 2.0, 4.0, 2.0, 2.0, 4.0, 4.0, 4.0, 2.0, 2.0, 2.0, 4.0, 2.0, 2.0, 2.0, 2.0, 3.0, 2.0, 1.0, 2.0, 2.0, 2.0, 2.0, 2.0, 2.0, 2.0, 2.0, 2.0, 2.0, 1.0], [4.0, 2.0, 2.0, 4.0, 2.0, 2.0, 2.0, 2.0, 2.0, 4.0, 2.0, 2.0, 1.0, 4.0, 4.0, 4.0, 2.0, 4.0, 4.0, 2.0, 2.0, 2.0, 2.0, 2.0, 2.0, 2.0, 2.0, 1.0, 2.0, 2.0, 1.0, 2.0, 2.0, 2.0, 2.0, 2.0, 2.0, 2.0, 2.0, 4.0, 2.0, 1.0], [2.0, 2.0, 2.0, 2.0, 2.0, 2.0, 2.0, 2.0, 4.0, 4.0, 4.0, 4.0, 1.0, 2.0, 4.0, 4.0, 2.0, 2.0, 4.0, 2.0, 2.0, 2.0, 2.0, 4.0, 2.0, 2.0, 2.0, 1.0, 2.0, 2.0, 1.0, 2.0, 2.0, 2.0, 2.0, 2.0, 2.0, 2.0, 2.0, 2.0, 2.0, 1.0], [2.0, 2.0, 1.0, 2.0, 2.0, 2.0, 2.0, 2.0, 2.0, 2.0, 4.0, 2.0, 2.0, 4.0, 4.0, 2.0, 4.0, 4.0, 2.0, 4.0, 2.0, 2.0, 2.0, 2.0, 2.0, 2.0, 2.0, 1.0, 4.0, 2.0, 1.0, 2.0, 2.0, 2.0, 2.0, 2.0, 2.0, 2.0, 2.0, 2.0, 2.0, 1.0], [4.0, 2.0, 2.0, 4.0, 2.0, 2.0, 2.0, 2.0, 2.0, 2.0, 3.0, 2.0, 2.0, 4.0, 4.0, 2.0, 2.0, 4.0, 4.0, 4.0, 2.0, 2.0, 2.0, 2.0, 2.0, 2.0, 2.0, 1.0, 4.0, 2.0, 1.0, 4.0, 2.0, 2.0, 2.0, 2.0, 2.0, 2.0, 2.0, 2.0, 2.0, 1.0], [4.0, 2.0, 2.0, 4.0, 2.0, 2.0, 2.0, 1.0, 2.0, 4.0, 2.0, 2.0, 1.0, 2.0, 4.0, 2.0, 2.0, 4.0, 4.0, 2.0, 2.0, 2.0, 2.0, 4.0, 2.0, 2.0, 2.0, 1.0, 4.0, 2.0, 1.0, 3.0, 2.0, 2.0, 2.0, 2.0, 2.0, 2.0, 2.0, 2.0, 2.0, 1.0], [2.0, 2.0, 1.0, 2.0, 2.0, 2.0, 2.0, 2.0, 2.0, 4.0, 2.0, 2.0, 1.0, 2.0, 4.0, 4.0, 2.0, 3.0, 2.0, 4.0, 2.0, 2.0, 2.0, 2.0, 2.0, 2.0, 2.0, 2.0, 2.0, 2.0, 1.0, 2.0, 2.0, 2.0, 2.0, 2.0, 2.0, 4.0, 2.0, 2.0, 2.0, 1.0], [4.0, 2.0, 2.0, 2.0, 2.0, 2.0, 2.0, 1.0, 2.0, 4.0, 4.0, 2.0, 1.0, 2.0, 4.0, 4.0, 2.0, 2.0, 4.0, 2.0, 2.0, 2.0, 2.0, 4.0, 2.0, 2.0, 2.0, 1.0, 4.0, 2.0, 1.0, 2.0, 2.0, 2.0, 2.0, 2.0, 2.0, 4.0, 2.0, 2.0, 2.0, 1.0], [4.0, 2.0, 2.0, 2.0, 2.0, 2.0, 2.0, 2.0, 2.0, 2.0, 4.0, 4.0, 1.0, 2.0, 4.0, 4.0, 2.0, 4.0, 2.0, 2.0, 2.0, 2.0, 2.0, 4.0, 2.0, 2.0, 2.0, 1.0, 4.0, 2.0, 1.0, 2.0, 2.0, 2.0, 2.0, 2.0, 2.0, 2.0, 2.0, 2.0, 2.0, 1.0], [2.0, 2.0, 2.0, 2.0, 2.0, 2.0, 2.0, 1.0, 2.0, 4.0, 4.0, 2.0, 1.0, 2.0, 4.0, 4.0, 4.0, 4.0, 2.0, 2.0, 2.0, 2.0, 2.0, 4.0, 2.0, 2.0, 2.0, 1.0, 4.0, 2.0, 1.0, 2.0, 2.0, 2.0, 2.0, 2.0, 2.0, 2.0, 2.0, 2.0, 2.0, 1.0], [4.0, 2.0, 2.0, 4.0, 2.0, 2.0, 2.0, 2.0, 2.0, 2.0, 2.0, 2.0, 1.0, 2.0, 4.0, 4.0, 2.0, 2.0, 2.0, 2.0, 2.0, 2.0, 2.0, 4.0, 1.0, 2.0, 2.0, 2.0, 3.0, 2.0, 1.0, 4.0, 2.0, 2.0, 2.0, 4.0, 2.0, 2.0, 2.0, 2.0, 2.0, 1.0], [2.0, 2.0, 2.0, 2.0, 2.0, 2.0, 2.0, 2.0, 4.0, 4.0, 3.0, 2.0, 1.0, 4.0, 4.0, 4.0, 2.0, 4.0, 4.0, 2.0, 2.0, 2.0, 2.0, 4.0, 2.0, 2.0, 2.0, 1.0, 2.0, 2.0, 1.0, 2.0, 2.0, 2.0, 2.0, 2.0, 2.0, 4.0, 2.0, 4.0, 2.0, 1.0], [4.0, 2.0, 2.0, 4.0, 1.0, 2.0, 2.0, 2.0, 2.0, 4.0, 2.0, 4.0, 1.0, 2.0, 4.0, 4.0, 2.0, 4.0, 2.0, 2.0, 2.0, 2.0, 2.0, 4.0, 2.0, 2.0, 2.0, 1.0, 2.0, 2.0, 1.0, 2.0, 2.0, 2.0, 2.0, 2.0, 2.0, 4.0, 2.0, 2.0, 2.0, 1.0], [2.0, 2.0, 2.0, 4.0, 2.0, 2.0, 2.0, 2.0, 2.0, 2.0, 2.0, 2.0, 2.0, 4.0, 4.0, 4.0, 2.0, 4.0, 2.0, 2.0, 2.0, 2.0, 2.0, 4.0, 2.0, 2.0, 2.0, 1.0, 4.0, 2.0, 1.0, 2.0, 2.0, 2.0, 2.0, 4.0, 2.0, 4.0, 2.0, 1.0, 2.0, 1.0], [4.0, 2.0, 1.0, 4.0, 4.0, 4.0, 2.0, 1.0, 2.0, 4.0, 4.0, 2.0, 1.0, 3.0, 4.0, 2.0, 2.0, 4.0, 4.0, 2.0, 2.0, 2.0, 2.0, 4.0, 2.0, 2.0, 2.0, 1.0, 4.0, 2.0, 1.0, 4.0, 2.0, 2.0, 2.0, 2.0, 2.0, 2.0, 2.0, 2.0, 2.0, 1.0]]

first layer check: Conv2d(6, 64, kernel_size=(7, 7), stride=(2, 2), padding=(3, 3), bias=False)

for model 1: mode acc: 0.4047619104385376, run mean acc: 0.3604166805744171, top-2 acc:0.5879166126251221, mode f1: 0.4047619104385376

model 1 mode preds
[4.0, 0.0, 1.0, 4.0, 1.0, 2.0, 2.0, 1.0, 0.0, 4.0, 5.0, 4.0, 1.0, 5.0, 5.0, 5.0, 4.0, 5.0, 5.0, 1.0, 2.0, 2.0, 2.0, 4.0, 2.0, 2.0, 2.0, 1.0, 1.0, 2.0, 1.0, 1.0, 2.0, 2.0, 1.0, 0.0, 2.0, 4.0, 2.0, 1.0, 1.0, 1.0]

model 1 all preds
[[4.0, 0.0, 2.0, 4.0, 1.0, 2.0, 2.0, 1.0, 0.0, 4.0, 3.0, 4.0, 1.0, 4.0, 5.0, 5.0, 5.0, 5.0, 5.0, 4.0, 1.0, 2.0, 5.0, 5.0, 2.0, 2.0, 2.0, 0.0, 1.0, 2.0, 1.0, 4.0, 2.0, 4.0, 1.0, 2.0, 2.0, 2.0, 2.0, 0.0, 1.0, 1.0], [4.0, 2.0, 1.0, 4.0, 4.0, 2.0, 2.0, 1.0, 0.0, 4.0, 5.0, 5.0, 1.0, 4.0, 5.0, 5.0, 4.0, 5.0, 0.0, 5.0, 2.0, 2.0, 2.0, 4.0, 2.0, 2.0, 2.0, 1.0, 1.0, 2.0, 1.0, 2.0, 2.0, 2.0, 1.0, 0.0, 2.0, 4.0, 2.0, 1.0, 0.0, 1.0], [4.0, 0.0, 1.0, 4.0, 5.0, 4.0, 2.0, 1.0, 0.0, 4.0, 2.0, 4.0, 1.0, 4.0, 5.0, 4.0, 5.0, 3.0, 4.0, 1.0, 0.0, 2.0, 2.0, 4.0, 2.0, 2.0, 4.0, 1.0, 1.0, 2.0, 1.0, 4.0, 2.0, 4.0, 1.0, 0.0, 2.0, 5.0, 2.0, 1.0, 0.0, 1.0], [4.0, 0.0, 1.0, 4.0, 1.0, 2.0, 5.0, 1.0, 0.0, 4.0, 5.0, 4.0, 1.0, 5.0, 5.0, 4.0, 1.0, 5.0, 5.0, 5.0, 2.0, 2.0, 0.0, 5.0, 2.0, 2.0, 2.0, 1.0, 1.0, 2.0, 1.0, 2.0, 2.0, 2.0, 1.0, 0.0, 2.0, 4.0, 2.0, 0.0, 1.0, 1.0], [4.0, 0.0, 1.0, 4.0, 5.0, 2.0, 5.0, 1.0, 0.0, 4.0, 3.0, 4.0, 1.0, 4.0, 5.0, 4.0, 5.0, 5.0, 5.0, 5.0, 3.0, 2.0, 2.0, 4.0, 2.0, 2.0, 2.0, 1.0, 1.0, 2.0, 1.0, 4.0, 0.0, 2.0, 1.0, 4.0, 4.0, 4.0, 2.0, 1.0, 1.0, 1.0], [4.0, 0.0, 1.0, 4.0, 1.0, 5.0, 5.0, 1.0, 0.0, 5.0, 5.0, 4.0, 1.0, 4.0, 5.0, 5.0, 4.0, 5.0, 0.0, 0.0, 2.0, 2.0, 2.0, 5.0, 2.0, 2.0, 2.0, 0.0, 1.0, 2.0, 1.0, 2.0, 2.0, 4.0, 1.0, 2.0, 2.0, 5.0, 2.0, 1.0, 1.0, 1.0], [4.0, 2.0, 1.0, 4.0, 1.0, 2.0, 5.0, 1.0, 0.0, 4.0, 5.0, 4.0, 1.0, 4.0, 5.0, 4.0, 5.0, 5.0, 4.0, 5.0, 5.0, 2.0, 5.0, 4.0, 2.0, 2.0, 4.0, 1.0, 1.0, 2.0, 1.0, 2.0, 2.0, 5.0, 1.0, 2.0, 2.0, 4.0, 2.0, 1.0, 1.0, 1.0], [4.0, 0.0, 1.0, 4.0, 5.0, 4.0, 0.0, 1.0, 0.0, 4.0, 5.0, 5.0, 1.0, 4.0, 5.0, 5.0, 4.0, 5.0, 5.0, 2.0, 1.0, 2.0, 2.0, 4.0, 2.0, 2.0, 4.0, 1.0, 1.0, 2.0, 1.0, 4.0, 2.0, 5.0, 1.0, 2.0, 2.0, 4.0, 2.0, 1.0, 2.0, 1.0], [4.0, 0.0, 2.0, 4.0, 1.0, 2.0, 2.0, 1.0, 0.0, 5.0, 5.0, 4.0, 1.0, 5.0, 5.0, 5.0, 5.0, 5.0, 0.0, 0.0, 1.0, 2.0, 2.0, 5.0, 2.0, 2.0, 4.0, 0.0, 1.0, 2.0, 1.0, 1.0, 2.0, 2.0, 1.0, 0.0, 2.0, 4.0, 2.0, 1.0, 0.0, 1.0], [5.0, 0.0, 1.0, 4.0, 1.0, 2.0, 5.0, 1.0, 0.0, 4.0, 5.0, 4.0, 1.0, 5.0, 5.0, 5.0, 4.0, 5.0, 4.0, 1.0, 2.0, 2.0, 0.0, 5.0, 2.0, 2.0, 2.0, 1.0, 1.0, 2.0, 1.0, 1.0, 2.0, 5.0, 1.0, 2.0, 2.0, 4.0, 2.0, 1.0, 1.0, 1.0], [5.0, 2.0, 2.0, 4.0, 1.0, 4.0, 2.0, 1.0, 0.0, 5.0, 5.0, 4.0, 1.0, 5.0, 5.0, 5.0, 0.0, 5.0, 0.0, 0.0, 0.0, 2.0, 2.0, 4.0, 4.0, 2.0, 4.0, 1.0, 1.0, 2.0, 1.0, 1.0, 2.0, 2.0, 1.0, 0.0, 2.0, 4.0, 2.0, 0.0, 1.0, 1.0], [2.0, 0.0, 2.0, 4.0, 0.0, 2.0, 2.0, 1.0, 0.0, 4.0, 5.0, 5.0, 1.0, 5.0, 5.0, 4.0, 0.0, 5.0, 4.0, 4.0, 3.0, 2.0, 5.0, 5.0, 2.0, 2.0, 4.0, 0.0, 1.0, 2.0, 1.0, 2.0, 2.0, 2.0, 1.0, 0.0, 2.0, 4.0, 2.0, 1.0, 1.0, 1.0], [4.0, 0.0, 1.0, 4.0, 2.0, 4.0, 2.0, 1.0, 0.0, 4.0, 5.0, 5.0, 1.0, 5.0, 5.0, 5.0, 4.0, 5.0, 0.0, 2.0, 2.0, 2.0, 5.0, 5.0, 2.0, 2.0, 2.0, 1.0, 1.0, 2.0, 1.0, 1.0, 2.0, 2.0, 1.0, 2.0, 4.0, 4.0, 2.0, 0.0, 1.0, 1.0], [2.0, 0.0, 1.0, 4.0, 1.0, 2.0, 2.0, 1.0, 0.0, 5.0, 5.0, 4.0, 1.0, 5.0, 5.0, 5.0, 4.0, 5.0, 5.0, 4.0, 3.0, 2.0, 5.0, 5.0, 2.0, 2.0, 2.0, 1.0, 1.0, 2.0, 1.0, 1.0, 2.0, 2.0, 1.0, 4.0, 2.0, 4.0, 2.0, 1.0, 0.0, 1.0], [4.0, 0.0, 1.0, 4.0, 5.0, 2.0, 5.0, 1.0, 0.0, 4.0, 5.0, 4.0, 1.0, 5.0, 5.0, 5.0, 4.0, 5.0, 5.0, 5.0, 1.0, 2.0, 2.0, 4.0, 2.0, 2.0, 2.0, 1.0, 1.0, 2.0, 1.0, 2.0, 2.0, 2.0, 1.0, 0.0, 2.0, 5.0, 2.0, 1.0, 0.0, 1.0], [2.0, 0.0, 1.0, 4.0, 5.0, 2.0, 2.0, 1.0, 0.0, 4.0, 5.0, 5.0, 1.0, 5.0, 5.0, 5.0, 0.0, 5.0, 4.0, 5.0, 5.0, 2.0, 5.0, 5.0, 2.0, 2.0, 2.0, 1.0, 1.0, 2.0, 1.0, 2.0, 2.0, 2.0, 1.0, 2.0, 4.0, 4.0, 2.0, 1.0, 1.0, 1.0], [4.0, 0.0, 1.0, 4.0, 4.0, 4.0, 2.0, 1.0, 0.0, 0.0, 5.0, 4.0, 1.0, 5.0, 5.0, 5.0, 4.0, 5.0, 5.0, 4.0, 2.0, 2.0, 2.0, 4.0, 2.0, 2.0, 2.0, 1.0, 1.0, 2.0, 1.0, 1.0, 2.0, 2.0, 1.0, 2.0, 2.0, 4.0, 2.0, 1.0, 2.0, 1.0], [4.0, 2.0, 1.0, 4.0, 1.0, 2.0, 0.0, 1.0, 0.0, 4.0, 5.0, 4.0, 1.0, 5.0, 5.0, 4.0, 5.0, 5.0, 5.0, 2.0, 2.0, 2.0, 5.0, 5.0, 2.0, 2.0, 2.0, 1.0, 1.0, 2.0, 1.0, 1.0, 2.0, 2.0, 1.0, 0.0, 2.0, 5.0, 2.0, 0.0, 0.0, 1.0], [4.0, 0.0, 2.0, 4.0, 5.0, 2.0, 5.0, 1.0, 0.0, 4.0, 5.0, 4.0, 1.0, 4.0, 5.0, 5.0, 1.0, 5.0, 5.0, 1.0, 3.0, 2.0, 2.0, 4.0, 2.0, 2.0, 2.0, 1.0, 1.0, 2.0, 1.0, 1.0, 2.0, 5.0, 1.0, 0.0, 2.0, 4.0, 2.0, 1.0, 1.0, 1.0], [4.0, 0.0, 1.0, 4.0, 5.0, 2.0, 2.0, 1.0, 0.0, 4.0, 5.0, 5.0, 1.0, 4.0, 5.0, 5.0, 4.0, 5.0, 5.0, 1.0, 3.0, 2.0, 2.0, 4.0, 2.0, 2.0, 2.0, 1.0, 1.0, 2.0, 1.0, 4.0, 2.0, 4.0, 1.0, 2.0, 2.0, 2.0, 2.0, 0.0, 2.0, 1.0], [4.0, 0.0, 1.0, 4.0, 1.0, 2.0, 2.0, 1.0, 0.0, 4.0, 5.0, 4.0, 1.0, 5.0, 5.0, 5.0, 5.0, 5.0, 4.0, 2.0, 2.0, 2.0, 2.0, 4.0, 2.0, 2.0, 2.0, 1.0, 1.0, 2.0, 1.0, 1.0, 2.0, 2.0, 1.0, 3.0, 2.0, 4.0, 2.0, 1.0, 1.0, 1.0], [5.0, 0.0, 1.0, 4.0, 5.0, 2.0, 2.0, 1.0, 0.0, 5.0, 5.0, 4.0, 1.0, 4.0, 5.0, 5.0, 5.0, 5.0, 2.0, 5.0, 0.0, 2.0, 0.0, 5.0, 2.0, 2.0, 4.0, 1.0, 1.0, 2.0, 1.0, 2.0, 2.0, 2.0, 1.0, 0.0, 2.0, 4.0, 2.0, 1.0, 0.0, 1.0], [4.0, 2.0, 1.0, 4.0, 4.0, 4.0, 0.0, 1.0, 0.0, 4.0, 5.0, 4.0, 1.0, 4.0, 5.0, 5.0, 0.0, 5.0, 4.0, 4.0, 2.0, 2.0, 2.0, 5.0, 2.0, 2.0, 2.0, 1.0, 1.0, 2.0, 1.0, 4.0, 2.0, 5.0, 1.0, 2.0, 4.0, 2.0, 2.0, 1.0, 0.0, 1.0], [2.0, 0.0, 2.0, 4.0, 1.0, 4.0, 2.0, 1.0, 0.0, 4.0, 5.0, 5.0, 1.0, 4.0, 5.0, 4.0, 4.0, 5.0, 4.0, 5.0, 2.0, 2.0, 2.0, 1.0, 2.0, 2.0, 4.0, 0.0, 1.0, 2.0, 1.0, 1.0, 2.0, 2.0, 1.0, 0.0, 2.0, 4.0, 2.0, 1.0, 1.0, 1.0], [4.0, 0.0, 1.0, 4.0, 2.0, 2.0, 2.0, 1.0, 0.0, 5.0, 5.0, 4.0, 1.0, 4.0, 5.0, 5.0, 4.0, 5.0, 4.0, 1.0, 1.0, 2.0, 2.0, 5.0, 2.0, 2.0, 2.0, 0.0, 1.0, 2.0, 1.0, 2.0, 2.0, 4.0, 1.0, 0.0, 2.0, 4.0, 2.0, 1.0, 1.0, 1.0], [4.0, 0.0, 2.0, 4.0, 1.0, 5.0, 5.0, 1.0, 0.0, 0.0, 5.0, 4.0, 1.0, 5.0, 5.0, 4.0, 4.0, 5.0, 5.0, 4.0, 3.0, 2.0, 5.0, 4.0, 2.0, 2.0, 2.0, 1.0, 1.0, 2.0, 1.0, 1.0, 2.0, 4.0, 1.0, 0.0, 2.0, 5.0, 2.0, 0.0, 1.0, 1.0], [2.0, 0.0, 1.0, 4.0, 4.0, 2.0, 0.0, 1.0, 0.0, 4.0, 5.0, 5.0, 1.0, 5.0, 5.0, 5.0, 0.0, 5.0, 0.0, 1.0, 3.0, 2.0, 2.0, 2.0, 2.0, 2.0, 2.0, 0.0, 1.0, 2.0, 1.0, 4.0, 2.0, 2.0, 1.0, 0.0, 2.0, 4.0, 2.0, 0.0, 1.0, 1.0], [4.0, 0.0, 1.0, 4.0, 1.0, 2.0, 5.0, 1.0, 0.0, 5.0, 5.0, 4.0, 1.0, 5.0, 5.0, 4.0, 5.0, 5.0, 5.0, 0.0, 1.0, 2.0, 2.0, 4.0, 2.0, 2.0, 4.0, 1.0, 1.0, 2.0, 1.0, 1.0, 2.0, 2.0, 1.0, 2.0, 2.0, 5.0, 2.0, 0.0, 1.0, 1.0], [4.0, 0.0, 1.0, 4.0, 5.0, 5.0, 2.0, 1.0, 0.0, 5.0, 5.0, 4.0, 1.0, 4.0, 5.0, 5.0, 5.0, 5.0, 5.0, 1.0, 3.0, 2.0, 2.0, 4.0, 2.0, 2.0, 2.0, 1.0, 1.0, 2.0, 1.0, 1.0, 2.0, 4.0, 1.0, 0.0, 2.0, 4.0, 2.0, 1.0, 1.0, 1.0], [5.0, 0.0, 1.0, 4.0, 1.0, 2.0, 2.0, 1.0, 0.0, 4.0, 5.0, 4.0, 1.0, 5.0, 5.0, 5.0, 4.0, 5.0, 2.0, 5.0, 2.0, 2.0, 4.0, 4.0, 2.0, 2.0, 4.0, 1.0, 1.0, 2.0, 1.0, 4.0, 2.0, 5.0, 1.0, 2.0, 2.0, 2.0, 2.0, 0.0, 0.0, 1.0], [4.0, 0.0, 1.0, 4.0, 2.0, 2.0, 2.0, 1.0, 0.0, 5.0, 2.0, 5.0, 1.0, 5.0, 0.0, 5.0, 4.0, 5.0, 4.0, 4.0, 5.0, 2.0, 2.0, 2.0, 2.0, 2.0, 4.0, 1.0, 1.0, 2.0, 1.0, 2.0, 2.0, 4.0, 1.0, 1.0, 2.0, 4.0, 2.0, 0.0, 0.0, 1.0], [4.0, 0.0, 1.0, 4.0, 1.0, 2.0, 2.0, 1.0, 0.0, 4.0, 5.0, 5.0, 1.0, 5.0, 5.0, 5.0, 2.0, 5.0, 4.0, 5.0, 2.0, 2.0, 2.0, 5.0, 2.0, 2.0, 2.0, 1.0, 1.0, 2.0, 1.0, 1.0, 2.0, 5.0, 1.0, 1.0, 2.0, 4.0, 2.0, 1.0, 0.0, 1.0], [4.0, 0.0, 1.0, 4.0, 5.0, 2.0, 2.0, 1.0, 0.0, 5.0, 5.0, 4.0, 1.0, 4.0, 5.0, 5.0, 4.0, 5.0, 5.0, 5.0, 3.0, 2.0, 2.0, 4.0, 2.0, 2.0, 2.0, 1.0, 1.0, 2.0, 1.0, 2.0, 2.0, 2.0, 1.0, 0.0, 2.0, 2.0, 2.0, 1.0, 1.0, 1.0], [4.0, 0.0, 1.0, 4.0, 1.0, 5.0, 0.0, 1.0, 0.0, 4.0, 3.0, 4.0, 1.0, 5.0, 5.0, 4.0, 0.0, 5.0, 4.0, 1.0, 0.0, 2.0, 2.0, 2.0, 2.0, 2.0, 2.0, 1.0, 1.0, 2.0, 1.0, 4.0, 2.0, 2.0, 1.0, 0.0, 2.0, 4.0, 2.0, 0.0, 1.0, 1.0], [4.0, 0.0, 2.0, 4.0, 0.0, 4.0, 2.0, 1.0, 0.0, 5.0, 5.0, 4.0, 1.0, 5.0, 5.0, 5.0, 5.0, 3.0, 4.0, 1.0, 3.0, 2.0, 2.0, 4.0, 2.0, 2.0, 4.0, 1.0, 1.0, 2.0, 1.0, 4.0, 2.0, 5.0, 1.0, 2.0, 2.0, 5.0, 2.0, 0.0, 1.0, 1.0], [5.0, 0.0, 1.0, 4.0, 1.0, 2.0, 2.0, 1.0, 0.0, 5.0, 5.0, 4.0, 1.0, 4.0, 5.0, 4.0, 4.0, 5.0, 5.0, 0.0, 2.0, 2.0, 2.0, 4.0, 2.0, 2.0, 4.0, 1.0, 1.0, 2.0, 1.0, 1.0, 2.0, 4.0, 1.0, 2.0, 2.0, 4.0, 2.0, 1.0, 1.0, 1.0], [5.0, 2.0, 1.0, 4.0, 1.0, 1.0, 2.0, 1.0, 0.0, 0.0, 5.0, 4.0, 1.0, 4.0, 5.0, 5.0, 0.0, 5.0, 5.0, 0.0, 2.0, 2.0, 2.0, 4.0, 4.0, 2.0, 2.0, 1.0, 1.0, 2.0, 1.0, 4.0, 2.0, 4.0, 1.0, 2.0, 2.0, 4.0, 2.0, 1.0, 0.0, 1.0], [4.0, 0.0, 1.0, 4.0, 5.0, 2.0, 2.0, 1.0, 0.0, 5.0, 5.0, 4.0, 1.0, 5.0, 5.0, 5.0, 4.0, 5.0, 5.0, 1.0, 0.0, 2.0, 2.0, 4.0, 2.0, 2.0, 2.0, 1.0, 1.0, 2.0, 1.0, 1.0, 2.0, 4.0, 1.0, 2.0, 2.0, 4.0, 2.0, 1.0, 0.0, 1.0], [4.0, 0.0, 1.0, 4.0, 5.0, 5.0, 5.0, 1.0, 0.0, 5.0, 5.0, 4.0, 1.0, 5.0, 5.0, 4.0, 4.0, 5.0, 5.0, 2.0, 2.0, 2.0, 2.0, 5.0, 2.0, 2.0, 2.0, 1.0, 1.0, 2.0, 1.0, 2.0, 2.0, 2.0, 1.0, 0.0, 4.0, 4.0, 2.0, 0.0, 1.0, 1.0], [4.0, 0.0, 1.0, 4.0, 1.0, 2.0, 2.0, 1.0, 0.0, 5.0, 5.0, 4.0, 1.0, 5.0, 5.0, 5.0, 5.0, 3.0, 5.0, 0.0, 2.0, 2.0, 2.0, 4.0, 2.0, 2.0, 2.0, 1.0, 1.0, 2.0, 1.0, 1.0, 2.0, 4.0, 1.0, 0.0, 2.0, 5.0, 2.0, 1.0, 0.0, 1.0], [5.0, 0.0, 1.0, 4.0, 5.0, 2.0, 0.0, 1.0, 0.0, 0.0, 5.0, 4.0, 1.0, 5.0, 5.0, 4.0, 1.0, 5.0, 5.0, 1.0, 0.0, 2.0, 2.0, 5.0, 4.0, 2.0, 2.0, 0.0, 1.0, 2.0, 1.0, 4.0, 2.0, 2.0, 1.0, 2.0, 2.0, 5.0, 2.0, 1.0, 0.0, 1.0], [4.0, 0.0, 2.0, 4.0, 4.0, 4.0, 2.0, 1.0, 0.0, 0.0, 5.0, 4.0, 1.0, 4.0, 5.0, 5.0, 4.0, 5.0, 5.0, 5.0, 0.0, 2.0, 2.0, 4.0, 2.0, 2.0, 4.0, 1.0, 1.0, 2.0, 1.0, 4.0, 2.0, 5.0, 1.0, 0.0, 4.0, 0.0, 2.0, 0.0, 2.0, 1.0], [4.0, 0.0, 1.0, 4.0, 4.0, 2.0, 2.0, 1.0, 0.0, 4.0, 5.0, 4.0, 1.0, 5.0, 5.0, 4.0, 2.0, 5.0, 5.0, 1.0, 0.0, 2.0, 2.0, 4.0, 2.0, 2.0, 2.0, 1.0, 1.0, 2.0, 1.0, 2.0, 2.0, 2.0, 1.0, 2.0, 2.0, 5.0, 2.0, 0.0, 1.0, 1.0], [4.0, 0.0, 1.0, 4.0, 0.0, 2.0, 2.0, 1.0, 0.0, 4.0, 5.0, 4.0, 1.0, 5.0, 5.0, 5.0, 0.0, 5.0, 5.0, 0.0, 1.0, 2.0, 2.0, 4.0, 2.0, 2.0, 2.0, 1.0, 1.0, 2.0, 1.0, 2.0, 2.0, 2.0, 1.0, 2.0, 2.0, 5.0, 2.0, 1.0, 0.0, 1.0], [4.0, 0.0, 1.0, 4.0, 1.0, 2.0, 2.0, 1.0, 0.0, 5.0, 3.0, 4.0, 1.0, 5.0, 5.0, 4.0, 4.0, 5.0, 5.0, 1.0, 2.0, 2.0, 0.0, 4.0, 2.0, 2.0, 2.0, 0.0, 1.0, 2.0, 1.0, 2.0, 2.0, 2.0, 1.0, 0.0, 4.0, 4.0, 2.0, 1.0, 0.0, 1.0], [4.0, 0.0, 1.0, 4.0, 1.0, 2.0, 2.0, 1.0, 0.0, 0.0, 5.0, 4.0, 1.0, 4.0, 5.0, 5.0, 5.0, 5.0, 4.0, 1.0, 1.0, 2.0, 2.0, 5.0, 2.0, 2.0, 2.0, 1.0, 1.0, 2.0, 1.0, 4.0, 2.0, 2.0, 1.0, 2.0, 4.0, 5.0, 2.0, 1.0, 1.0, 1.0], [4.0, 0.0, 1.0, 4.0, 2.0, 0.0, 5.0, 1.0, 0.0, 5.0, 5.0, 4.0, 1.0, 5.0, 5.0, 5.0, 0.0, 5.0, 4.0, 4.0, 1.0, 2.0, 2.0, 4.0, 2.0, 2.0, 4.0, 1.0, 1.0, 2.0, 1.0, 1.0, 2.0, 2.0, 1.0, 2.0, 2.0, 4.0, 2.0, 1.0, 0.0, 1.0], [4.0, 0.0, 1.0, 4.0, 5.0, 2.0, 5.0, 1.0, 0.0, 4.0, 5.0, 4.0, 1.0, 4.0, 5.0, 5.0, 4.0, 5.0, 4.0, 2.0, 3.0, 2.0, 2.0, 5.0, 2.0, 2.0, 4.0, 1.0, 1.0, 2.0, 1.0, 1.0, 2.0, 2.0, 1.0, 0.0, 2.0, 5.0, 2.0, 1.0, 0.0, 1.0], [5.0, 0.0, 1.0, 4.0, 4.0, 5.0, 2.0, 1.0, 0.0, 4.0, 5.0, 5.0, 1.0, 5.0, 5.0, 4.0, 1.0, 5.0, 0.0, 0.0, 1.0, 2.0, 0.0, 5.0, 2.0, 2.0, 4.0, 1.0, 1.0, 2.0, 1.0, 2.0, 2.0, 5.0, 1.0, 0.0, 2.0, 0.0, 2.0, 1.0, 0.0, 1.0], [4.0, 0.0, 1.0, 4.0, 1.0, 5.0, 2.0, 1.0, 0.0, 4.0, 5.0, 4.0, 1.0, 4.0, 5.0, 5.0, 4.0, 3.0, 5.0, 1.0, 3.0, 2.0, 0.0, 5.0, 2.0, 2.0, 2.0, 1.0, 1.0, 2.0, 1.0, 1.0, 2.0, 4.0, 1.0, 2.0, 2.0, 5.0, 2.0, 1.0, 0.0, 1.0]]

first layer check: Conv2d(6, 64, kernel_size=(7, 7), stride=(2, 2), padding=(3, 3), bias=False)

for model 2: mode acc: 0.261904776096344, run mean acc: 0.25, top-2 acc:0.4516666829586029, mode f1: 0.261904776096344

model 2 mode preds
[2.0, 2.0, 2.0, 2.0, 2.0, 2.0, 2.0, 2.0, 2.0, 2.0, 2.0, 2.0, 2.0, 2.0, 2.0, 2.0, 2.0, 2.0, 2.0, 2.0, 2.0, 2.0, 2.0, 2.0, 2.0, 2.0, 2.0, 2.0, 2.0, 2.0, 2.0, 2.0, 2.0, 2.0, 2.0, 2.0, 2.0, 2.0, 2.0, 2.0, 2.0, 2.0]

model 2 all preds
[[2.0, 2.0, 2.0, 2.0, 2.0, 2.0, 2.0, 2.0, 2.0, 2.0, 2.0, 2.0, 2.0, 2.0, 2.0, 2.0, 2.0, 2.0, 2.0, 2.0, 2.0, 2.0, 2.0, 3.0, 2.0, 2.0, 2.0, 2.0, 2.0, 2.0, 2.0, 2.0, 2.0, 2.0, 2.0, 2.0, 2.0, 2.0, 2.0, 2.0, 2.0, 2.0], [2.0, 2.0, 2.0, 2.0, 2.0, 2.0, 2.0, 2.0, 2.0, 2.0, 2.0, 2.0, 2.0, 2.0, 2.0, 2.0, 2.0, 2.0, 2.0, 2.0, 2.0, 2.0, 2.0, 2.0, 2.0, 2.0, 2.0, 2.0, 2.0, 2.0, 2.0, 2.0, 2.0, 2.0, 2.0, 2.0, 2.0, 2.0, 2.0, 2.0, 2.0, 2.0], [2.0, 2.0, 2.0, 2.0, 2.0, 2.0, 2.0, 2.0, 2.0, 2.0, 2.0, 2.0, 2.0, 2.0, 2.0, 2.0, 2.0, 2.0, 2.0, 2.0, 2.0, 2.0, 2.0, 3.0, 2.0, 2.0, 2.0, 2.0, 2.0, 2.0, 2.0, 2.0, 2.0, 2.0, 2.0, 2.0, 2.0, 2.0, 2.0, 2.0, 2.0, 2.0], [2.0, 2.0, 2.0, 2.0, 2.0, 2.0, 2.0, 2.0, 2.0, 2.0, 2.0, 2.0, 2.0, 2.0, 2.0, 2.0, 2.0, 2.0, 2.0, 2.0, 2.0, 2.0, 2.0, 2.0, 2.0, 2.0, 2.0, 2.0, 2.0, 2.0, 2.0, 2.0, 2.0, 2.0, 2.0, 2.0, 2.0, 2.0, 2.0, 2.0, 2.0, 2.0], [2.0, 2.0, 2.0, 2.0, 2.0, 2.0, 2.0, 2.0, 2.0, 2.0, 2.0, 2.0, 2.0, 2.0, 2.0, 2.0, 2.0, 2.0, 2.0, 2.0, 2.0, 2.0, 2.0, 2.0, 2.0, 2.0, 2.0, 2.0, 2.0, 2.0, 2.0, 2.0, 2.0, 2.0, 2.0, 2.0, 2.0, 2.0, 2.0, 2.0, 2.0, 2.0], [2.0, 2.0, 2.0, 2.0, 2.0, 2.0, 2.0, 2.0, 2.0, 2.0, 2.0, 2.0, 2.0, 2.0, 2.0, 2.0, 2.0, 2.0, 2.0, 2.0, 2.0, 2.0, 2.0, 2.0, 2.0, 2.0, 2.0, 2.0, 2.0, 2.0, 2.0, 2.0, 2.0, 2.0, 2.0, 2.0, 2.0, 2.0, 2.0, 2.0, 2.0, 2.0], [2.0, 2.0, 2.0, 2.0, 2.0, 2.0, 2.0, 2.0, 2.0, 2.0, 2.0, 2.0, 2.0, 2.0, 2.0, 2.0, 2.0, 2.0, 2.0, 2.0, 2.0, 2.0, 2.0, 2.0, 2.0, 2.0, 2.0, 2.0, 2.0, 2.0, 2.0, 2.0, 2.0, 2.0, 2.0, 2.0, 2.0, 2.0, 2.0, 2.0, 2.0, 2.0], [2.0, 2.0, 2.0, 2.0, 2.0, 2.0, 2.0, 2.0, 2.0, 2.0, 2.0, 2.0, 2.0, 2.0, 2.0, 2.0, 2.0, 2.0, 2.0, 2.0, 2.0, 2.0, 2.0, 2.0, 2.0, 2.0, 2.0, 2.0, 2.0, 2.0, 2.0, 2.0, 2.0, 2.0, 2.0, 2.0, 2.0, 2.0, 2.0, 2.0, 2.0, 2.0], [2.0, 2.0, 2.0, 2.0, 2.0, 2.0, 2.0, 2.0, 2.0, 2.0, 2.0, 2.0, 2.0, 2.0, 2.0, 2.0, 2.0, 2.0, 2.0, 2.0, 2.0, 2.0, 2.0, 3.0, 2.0, 2.0, 2.0, 2.0, 2.0, 2.0, 2.0, 2.0, 2.0, 2.0, 2.0, 2.0, 2.0, 2.0, 2.0, 2.0, 2.0, 2.0], [2.0, 2.0, 2.0, 2.0, 2.0, 2.0, 2.0, 2.0, 2.0, 2.0, 2.0, 2.0, 2.0, 2.0, 2.0, 2.0, 2.0, 2.0, 2.0, 2.0, 2.0, 2.0, 2.0, 2.0, 2.0, 2.0, 2.0, 2.0, 2.0, 2.0, 2.0, 2.0, 2.0, 2.0, 2.0, 2.0, 2.0, 2.0, 2.0, 2.0, 2.0, 2.0], [2.0, 2.0, 2.0, 2.0, 2.0, 2.0, 2.0, 2.0, 2.0, 2.0, 2.0, 2.0, 2.0, 2.0, 2.0, 2.0, 2.0, 2.0, 2.0, 2.0, 2.0, 2.0, 2.0, 2.0, 2.0, 2.0, 2.0, 2.0, 2.0, 2.0, 2.0, 2.0, 2.0, 2.0, 2.0, 2.0, 2.0, 2.0, 2.0, 2.0, 2.0, 2.0], [2.0, 2.0, 2.0, 2.0, 2.0, 2.0, 2.0, 2.0, 2.0, 2.0, 2.0, 2.0, 2.0, 2.0, 2.0, 2.0, 2.0, 2.0, 2.0, 2.0, 2.0, 2.0, 2.0, 2.0, 2.0, 2.0, 2.0, 2.0, 2.0, 2.0, 2.0, 2.0, 2.0, 2.0, 2.0, 2.0, 2.0, 2.0, 2.0, 2.0, 2.0, 2.0], [2.0, 2.0, 2.0, 2.0, 2.0, 2.0, 2.0, 2.0, 2.0, 2.0, 2.0, 2.0, 2.0, 2.0, 2.0, 2.0, 2.0, 2.0, 2.0, 2.0, 2.0, 2.0, 2.0, 2.0, 2.0, 2.0, 2.0, 2.0, 2.0, 2.0, 2.0, 2.0, 2.0, 2.0, 2.0, 2.0, 2.0, 2.0, 2.0, 2.0, 2.0, 2.0], [2.0, 2.0, 2.0, 2.0, 2.0, 2.0, 2.0, 2.0, 2.0, 2.0, 2.0, 2.0, 2.0, 2.0, 2.0, 2.0, 2.0, 2.0, 2.0, 2.0, 2.0, 2.0, 2.0, 2.0, 2.0, 2.0, 2.0, 2.0, 2.0, 2.0, 2.0, 2.0, 2.0, 2.0, 2.0, 2.0, 2.0, 2.0, 2.0, 2.0, 2.0, 2.0], [2.0, 2.0, 2.0, 2.0, 2.0, 2.0, 2.0, 2.0, 2.0, 2.0, 2.0, 2.0, 2.0, 2.0, 2.0, 2.0, 2.0, 2.0, 2.0, 2.0, 2.0, 2.0, 2.0, 2.0, 2.0, 2.0, 2.0, 2.0, 2.0, 2.0, 2.0, 2.0, 2.0, 2.0, 2.0, 2.0, 2.0, 2.0, 2.0, 2.0, 2.0, 2.0], [2.0, 2.0, 2.0, 2.0, 2.0, 2.0, 2.0, 2.0, 2.0, 2.0, 2.0, 2.0, 2.0, 2.0, 2.0, 2.0, 2.0, 2.0, 2.0, 2.0, 2.0, 2.0, 2.0, 2.0, 2.0, 2.0, 2.0, 2.0, 2.0, 2.0, 2.0, 2.0, 2.0, 2.0, 2.0, 2.0, 2.0, 2.0, 2.0, 2.0, 2.0, 2.0], [2.0, 2.0, 2.0, 2.0, 2.0, 2.0, 2.0, 2.0, 2.0, 2.0, 2.0, 2.0, 2.0, 2.0, 2.0, 2.0, 2.0, 2.0, 2.0, 2.0, 2.0, 2.0, 2.0, 2.0, 2.0, 2.0, 2.0, 2.0, 2.0, 2.0, 2.0, 2.0, 2.0, 2.0, 2.0, 2.0, 2.0, 2.0, 2.0, 2.0, 2.0, 2.0], [2.0, 2.0, 2.0, 2.0, 2.0, 2.0, 2.0, 2.0, 2.0, 2.0, 2.0, 2.0, 2.0, 2.0, 2.0, 2.0, 2.0, 2.0, 2.0, 2.0, 2.0, 2.0, 2.0, 2.0, 2.0, 2.0, 2.0, 2.0, 2.0, 2.0, 2.0, 2.0, 2.0, 2.0, 2.0, 2.0, 2.0, 2.0, 2.0, 2.0, 2.0, 2.0], [2.0, 2.0, 2.0, 2.0, 2.0, 2.0, 2.0, 2.0, 2.0, 2.0, 2.0, 2.0, 2.0, 2.0, 2.0, 2.0, 2.0, 2.0, 2.0, 2.0, 2.0, 2.0, 2.0, 2.0, 2.0, 2.0, 2.0, 2.0, 2.0, 2.0, 2.0, 2.0, 2.0, 2.0, 2.0, 2.0, 2.0, 2.0, 2.0, 2.0, 2.0, 2.0], [2.0, 2.0, 2.0, 2.0, 2.0, 2.0, 2.0, 2.0, 2.0, 2.0, 2.0, 2.0, 2.0, 2.0, 2.0, 2.0, 2.0, 2.0, 2.0, 2.0, 2.0, 2.0, 2.0, 3.0, 2.0, 2.0, 2.0, 2.0, 2.0, 2.0, 2.0, 2.0, 2.0, 2.0, 2.0, 2.0, 2.0, 2.0, 2.0, 2.0, 2.0, 2.0], [2.0, 2.0, 2.0, 2.0, 2.0, 2.0, 2.0, 2.0, 2.0, 2.0, 2.0, 2.0, 2.0, 2.0, 2.0, 2.0, 2.0, 2.0, 2.0, 2.0, 2.0, 2.0, 2.0, 2.0, 2.0, 2.0, 2.0, 2.0, 2.0, 2.0, 2.0, 2.0, 2.0, 2.0, 2.0, 2.0, 2.0, 2.0, 2.0, 2.0, 2.0, 2.0], [2.0, 2.0, 2.0, 2.0, 2.0, 2.0, 2.0, 2.0, 2.0, 2.0, 2.0, 2.0, 2.0, 2.0, 2.0, 2.0, 2.0, 2.0, 2.0, 2.0, 2.0, 2.0, 2.0, 2.0, 2.0, 2.0, 2.0, 2.0, 2.0, 2.0, 2.0, 2.0, 2.0, 2.0, 2.0, 2.0, 2.0, 2.0, 2.0, 2.0, 2.0, 2.0], [2.0, 2.0, 2.0, 2.0, 2.0, 2.0, 2.0, 2.0, 2.0, 2.0, 2.0, 2.0, 2.0, 2.0, 2.0, 2.0, 2.0, 2.0, 2.0, 2.0, 2.0, 2.0, 2.0, 2.0, 2.0, 2.0, 2.0, 2.0, 2.0, 2.0, 2.0, 2.0, 2.0, 2.0, 2.0, 2.0, 2.0, 2.0, 2.0, 2.0, 2.0, 2.0], [2.0, 2.0, 2.0, 2.0, 2.0, 2.0, 2.0, 2.0, 2.0, 2.0, 2.0, 2.0, 2.0, 2.0, 2.0, 2.0, 2.0, 2.0, 2.0, 2.0, 2.0, 2.0, 2.0, 2.0, 2.0, 2.0, 2.0, 2.0, 2.0, 2.0, 2.0, 2.0, 2.0, 2.0, 2.0, 2.0, 2.0, 2.0, 2.0, 2.0, 2.0, 2.0], [2.0, 2.0, 2.0, 2.0, 2.0, 2.0, 2.0, 2.0, 2.0, 2.0, 2.0, 2.0, 2.0, 2.0, 2.0, 2.0, 2.0, 2.0, 2.0, 2.0, 2.0, 2.0, 2.0, 2.0, 2.0, 2.0, 2.0, 2.0, 2.0, 2.0, 2.0, 2.0, 2.0, 2.0, 2.0, 2.0, 2.0, 2.0, 2.0, 2.0, 2.0, 2.0], [2.0, 2.0, 2.0, 2.0, 2.0, 2.0, 2.0, 2.0, 2.0, 2.0, 2.0, 2.0, 2.0, 2.0, 2.0, 2.0, 2.0, 2.0, 2.0, 2.0, 2.0, 2.0, 2.0, 2.0, 2.0, 2.0, 2.0, 2.0, 2.0, 2.0, 2.0, 2.0, 2.0, 2.0, 2.0, 2.0, 2.0, 2.0, 2.0, 2.0, 2.0, 2.0], [2.0, 2.0, 2.0, 2.0, 2.0, 2.0, 2.0, 2.0, 2.0, 2.0, 2.0, 2.0, 2.0, 2.0, 2.0, 2.0, 2.0, 2.0, 2.0, 2.0, 2.0, 2.0, 2.0, 3.0, 2.0, 2.0, 2.0, 2.0, 2.0, 2.0, 2.0, 2.0, 2.0, 2.0, 2.0, 2.0, 2.0, 2.0, 2.0, 2.0, 2.0, 2.0], [2.0, 2.0, 2.0, 2.0, 2.0, 2.0, 2.0, 2.0, 2.0, 2.0, 2.0, 2.0, 2.0, 2.0, 2.0, 2.0, 2.0, 2.0, 2.0, 2.0, 2.0, 2.0, 2.0, 2.0, 2.0, 2.0, 2.0, 2.0, 2.0, 2.0, 2.0, 2.0, 2.0, 2.0, 2.0, 2.0, 2.0, 2.0, 2.0, 2.0, 2.0, 2.0], [2.0, 2.0, 2.0, 2.0, 2.0, 2.0, 2.0, 2.0, 2.0, 2.0, 2.0, 2.0, 2.0, 2.0, 2.0, 2.0, 2.0, 2.0, 2.0, 2.0, 2.0, 2.0, 2.0, 2.0, 2.0, 2.0, 2.0, 2.0, 2.0, 2.0, 2.0, 2.0, 2.0, 2.0, 2.0, 2.0, 2.0, 2.0, 2.0, 2.0, 2.0, 2.0], [2.0, 2.0, 2.0, 2.0, 2.0, 2.0, 2.0, 2.0, 2.0, 2.0, 2.0, 2.0, 2.0, 2.0, 2.0, 2.0, 2.0, 2.0, 2.0, 2.0, 2.0, 2.0, 2.0, 2.0, 2.0, 2.0, 2.0, 2.0, 2.0, 2.0, 2.0, 2.0, 2.0, 2.0, 2.0, 2.0, 2.0, 2.0, 2.0, 2.0, 2.0, 2.0], [2.0, 2.0, 2.0, 2.0, 2.0, 2.0, 2.0, 2.0, 2.0, 2.0, 2.0, 2.0, 2.0, 2.0, 2.0, 2.0, 2.0, 2.0, 2.0, 2.0, 2.0, 2.0, 2.0, 2.0, 2.0, 2.0, 2.0, 2.0, 2.0, 2.0, 2.0, 2.0, 2.0, 2.0, 2.0, 2.0, 2.0, 2.0, 2.0, 2.0, 2.0, 2.0], [2.0, 2.0, 2.0, 2.0, 2.0, 2.0, 2.0, 2.0, 2.0, 2.0, 2.0, 2.0, 2.0, 2.0, 2.0, 2.0, 2.0, 2.0, 2.0, 2.0, 2.0, 2.0, 2.0, 2.0, 2.0, 2.0, 2.0, 2.0, 2.0, 2.0, 2.0, 2.0, 2.0, 2.0, 2.0, 2.0, 2.0, 2.0, 2.0, 2.0, 2.0, 2.0], [2.0, 2.0, 2.0, 2.0, 2.0, 2.0, 2.0, 2.0, 2.0, 2.0, 2.0, 2.0, 2.0, 2.0, 2.0, 2.0, 2.0, 2.0, 2.0, 2.0, 2.0, 2.0, 2.0, 2.0, 2.0, 2.0, 2.0, 2.0, 2.0, 2.0, 2.0, 2.0, 2.0, 2.0, 2.0, 2.0, 2.0, 2.0, 2.0, 2.0, 2.0, 2.0], [2.0, 2.0, 2.0, 2.0, 2.0, 2.0, 2.0, 2.0, 2.0, 2.0, 2.0, 2.0, 2.0, 2.0, 2.0, 2.0, 2.0, 2.0, 2.0, 2.0, 2.0, 2.0, 2.0, 2.0, 2.0, 2.0, 2.0, 2.0, 2.0, 2.0, 2.0, 2.0, 2.0, 2.0, 2.0, 2.0, 2.0, 2.0, 2.0, 2.0, 2.0, 2.0], [2.0, 2.0, 2.0, 2.0, 2.0, 2.0, 2.0, 2.0, 2.0, 2.0, 2.0, 2.0, 2.0, 2.0, 2.0, 2.0, 2.0, 2.0, 2.0, 2.0, 2.0, 2.0, 2.0, 2.0, 2.0, 2.0, 2.0, 2.0, 2.0, 2.0, 2.0, 2.0, 2.0, 2.0, 2.0, 2.0, 2.0, 2.0, 2.0, 2.0, 2.0, 2.0], [2.0, 2.0, 2.0, 2.0, 2.0, 2.0, 2.0, 2.0, 2.0, 2.0, 2.0, 2.0, 2.0, 2.0, 2.0, 2.0, 2.0, 2.0, 2.0, 2.0, 2.0, 2.0, 2.0, 2.0, 2.0, 2.0, 2.0, 2.0, 2.0, 2.0, 2.0, 2.0, 2.0, 2.0, 2.0, 2.0, 2.0, 2.0, 2.0, 2.0, 2.0, 2.0], [2.0, 2.0, 2.0, 2.0, 2.0, 2.0, 2.0, 2.0, 2.0, 2.0, 2.0, 2.0, 2.0, 2.0, 2.0, 2.0, 2.0, 2.0, 2.0, 2.0, 2.0, 2.0, 2.0, 2.0, 2.0, 2.0, 2.0, 2.0, 2.0, 2.0, 2.0, 2.0, 2.0, 2.0, 2.0, 2.0, 2.0, 2.0, 2.0, 2.0, 2.0, 2.0], [2.0, 2.0, 2.0, 2.0, 2.0, 2.0, 2.0, 2.0, 2.0, 2.0, 2.0, 2.0, 2.0, 2.0, 2.0, 2.0, 2.0, 2.0, 2.0, 2.0, 2.0, 2.0, 2.0, 2.0, 2.0, 2.0, 2.0, 2.0, 2.0, 2.0, 2.0, 2.0, 2.0, 2.0, 2.0, 2.0, 2.0, 2.0, 2.0, 2.0, 2.0, 2.0], [2.0, 2.0, 2.0, 2.0, 2.0, 2.0, 2.0, 2.0, 2.0, 2.0, 2.0, 2.0, 2.0, 2.0, 2.0, 2.0, 2.0, 2.0, 2.0, 2.0, 2.0, 2.0, 2.0, 3.0, 2.0, 2.0, 2.0, 2.0, 2.0, 2.0, 2.0, 2.0, 2.0, 2.0, 2.0, 2.0, 2.0, 2.0, 2.0, 2.0, 2.0, 2.0], [2.0, 2.0, 2.0, 2.0, 2.0, 2.0, 2.0, 2.0, 2.0, 2.0, 2.0, 2.0, 2.0, 2.0, 2.0, 2.0, 2.0, 2.0, 2.0, 2.0, 2.0, 2.0, 2.0, 2.0, 2.0, 2.0, 2.0, 2.0, 2.0, 2.0, 2.0, 2.0, 2.0, 2.0, 2.0, 2.0, 2.0, 2.0, 2.0, 2.0, 2.0, 2.0], [2.0, 2.0, 2.0, 2.0, 2.0, 2.0, 2.0, 2.0, 2.0, 2.0, 2.0, 2.0, 2.0, 2.0, 2.0, 2.0, 2.0, 2.0, 2.0, 2.0, 2.0, 2.0, 2.0, 2.0, 2.0, 2.0, 2.0, 2.0, 2.0, 2.0, 2.0, 2.0, 2.0, 2.0, 2.0, 2.0, 2.0, 2.0, 2.0, 2.0, 2.0, 2.0], [2.0, 2.0, 2.0, 2.0, 2.0, 2.0, 2.0, 2.0, 2.0, 2.0, 2.0, 2.0, 2.0, 2.0, 2.0, 2.0, 2.0, 2.0, 2.0, 2.0, 2.0, 2.0, 2.0, 2.0, 2.0, 2.0, 2.0, 2.0, 2.0, 2.0, 2.0, 2.0, 2.0, 2.0, 2.0, 2.0, 2.0, 2.0, 2.0, 2.0, 2.0, 2.0], [2.0, 2.0, 2.0, 2.0, 2.0, 2.0, 2.0, 2.0, 2.0, 2.0, 2.0, 2.0, 2.0, 2.0, 2.0, 2.0, 2.0, 2.0, 2.0, 2.0, 2.0, 2.0, 2.0, 2.0, 2.0, 2.0, 2.0, 2.0, 2.0, 2.0, 2.0, 2.0, 2.0, 2.0, 2.0, 2.0, 2.0, 2.0, 2.0, 2.0, 2.0, 2.0], [2.0, 2.0, 2.0, 2.0, 2.0, 2.0, 2.0, 2.0, 2.0, 2.0, 2.0, 2.0, 2.0, 2.0, 2.0, 2.0, 2.0, 2.0, 2.0, 2.0, 2.0, 2.0, 2.0, 2.0, 2.0, 2.0, 2.0, 2.0, 2.0, 2.0, 2.0, 2.0, 2.0, 2.0, 2.0, 2.0, 2.0, 2.0, 2.0, 2.0, 2.0, 2.0], [2.0, 2.0, 2.0, 2.0, 2.0, 2.0, 2.0, 2.0, 2.0, 2.0, 2.0, 2.0, 2.0, 2.0, 2.0, 2.0, 2.0, 2.0, 2.0, 2.0, 2.0, 2.0, 2.0, 2.0, 2.0, 2.0, 2.0, 2.0, 2.0, 2.0, 2.0, 2.0, 2.0, 2.0, 2.0, 2.0, 2.0, 2.0, 2.0, 2.0, 2.0, 2.0], [2.0, 2.0, 2.0, 2.0, 2.0, 2.0, 2.0, 2.0, 2.0, 2.0, 2.0, 2.0, 2.0, 2.0, 2.0, 2.0, 2.0, 2.0, 2.0, 2.0, 2.0, 2.0, 2.0, 2.0, 2.0, 2.0, 2.0, 2.0, 2.0, 2.0, 2.0, 2.0, 2.0, 2.0, 2.0, 2.0, 2.0, 2.0, 2.0, 2.0, 2.0, 2.0], [2.0, 2.0, 2.0, 2.0, 2.0, 2.0, 2.0, 2.0, 2.0, 2.0, 2.0, 2.0, 2.0, 2.0, 2.0, 2.0, 2.0, 2.0, 2.0, 2.0, 2.0, 2.0, 2.0, 2.0, 2.0, 2.0, 2.0, 2.0, 2.0, 2.0, 2.0, 2.0, 2.0, 2.0, 2.0, 2.0, 2.0, 2.0, 2.0, 2.0, 2.0, 2.0], [2.0, 2.0, 2.0, 2.0, 2.0, 2.0, 2.0, 2.0, 2.0, 2.0, 2.0, 2.0, 2.0, 2.0, 2.0, 2.0, 2.0, 2.0, 2.0, 2.0, 2.0, 2.0, 2.0, 2.0, 2.0, 2.0, 2.0, 2.0, 2.0, 2.0, 2.0, 2.0, 2.0, 2.0, 2.0, 2.0, 2.0, 2.0, 2.0, 2.0, 2.0, 2.0], [2.0, 2.0, 2.0, 2.0, 2.0, 2.0, 2.0, 2.0, 2.0, 2.0, 2.0, 2.0, 2.0, 2.0, 2.0, 2.0, 2.0, 2.0, 2.0, 2.0, 2.0, 2.0, 2.0, 2.0, 2.0, 2.0, 2.0, 2.0, 2.0, 2.0, 2.0, 2.0, 2.0, 2.0, 2.0, 2.0, 2.0, 2.0, 2.0, 2.0, 2.0, 2.0], [2.0, 2.0, 2.0, 2.0, 2.0, 2.0, 2.0, 2.0, 2.0, 2.0, 2.0, 2.0, 2.0, 2.0, 2.0, 2.0, 2.0, 2.0, 2.0, 2.0, 2.0, 2.0, 2.0, 3.0, 2.0, 2.0, 2.0, 2.0, 2.0, 2.0, 2.0, 2.0, 2.0, 2.0, 2.0, 2.0, 2.0, 2.0, 2.0, 2.0, 2.0, 2.0]]

first layer check: Conv2d(6, 64, kernel_size=(7, 7), stride=(2, 2), padding=(3, 3), bias=False)

for model 3: mode acc: 0.3095238208770752, run mean acc: 0.31208333373069763, top-2 acc:0.5408333539962769, mode f1: 0.3095238208770752

model 3 mode preds
[4.0, 0.0, 2.0, 4.0, 4.0, 4.0, 2.0, 1.0, 2.0, 4.0, 3.0, 4.0, 1.0, 4.0, 2.0, 4.0, 4.0, 3.0, 4.0, 2.0, 2.0, 2.0, 4.0, 4.0, 4.0, 2.0, 4.0, 0.0, 0.0, 2.0, 1.0, 2.0, 4.0, 4.0, 2.0, 2.0, 4.0, 4.0, 2.0, 2.0, 2.0, 0.0]

model 3 all preds
[[4.0, 0.0, 1.0, 4.0, 4.0, 2.0, 2.0, 1.0, 0.0, 4.0, 4.0, 4.0, 1.0, 4.0, 2.0, 4.0, 4.0, 3.0, 4.0, 2.0, 4.0, 2.0, 4.0, 4.0, 4.0, 2.0, 4.0, 0.0, 2.0, 2.0, 1.0, 2.0, 4.0, 4.0, 2.0, 2.0, 4.0, 4.0, 2.0, 2.0, 2.0, 1.0], [4.0, 0.0, 2.0, 4.0, 4.0, 4.0, 2.0, 2.0, 0.0, 4.0, 3.0, 4.0, 1.0, 4.0, 4.0, 4.0, 4.0, 3.0, 4.0, 2.0, 3.0, 2.0, 4.0, 4.0, 4.0, 2.0, 4.0, 1.0, 0.0, 4.0, 1.0, 2.0, 2.0, 4.0, 0.0, 2.0, 4.0, 2.0, 4.0, 2.0, 2.0, 0.0], [4.0, 0.0, 0.0, 4.0, 4.0, 2.0, 2.0, 1.0, 2.0, 4.0, 3.0, 2.0, 1.0, 4.0, 2.0, 4.0, 4.0, 4.0, 4.0, 2.0, 3.0, 2.0, 4.0, 4.0, 4.0, 2.0, 4.0, 0.0, 0.0, 2.0, 2.0, 2.0, 4.0, 4.0, 0.0, 2.0, 4.0, 2.0, 2.0, 2.0, 2.0, 1.0], [4.0, 0.0, 2.0, 4.0, 4.0, 2.0, 2.0, 1.0, 2.0, 4.0, 3.0, 4.0, 1.0, 4.0, 2.0, 4.0, 4.0, 2.0, 4.0, 2.0, 2.0, 2.0, 2.0, 4.0, 4.0, 2.0, 4.0, 0.0, 2.0, 2.0, 2.0, 2.0, 2.0, 4.0, 2.0, 0.0, 4.0, 4.0, 4.0, 0.0, 2.0, 0.0], [4.0, 0.0, 1.0, 4.0, 4.0, 2.0, 2.0, 2.0, 0.0, 4.0, 2.0, 4.0, 1.0, 4.0, 2.0, 4.0, 4.0, 3.0, 4.0, 2.0, 3.0, 2.0, 2.0, 4.0, 4.0, 2.0, 4.0, 0.0, 2.0, 2.0, 1.0, 2.0, 4.0, 4.0, 2.0, 2.0, 4.0, 4.0, 2.0, 2.0, 2.0, 0.0], [4.0, 0.0, 1.0, 4.0, 4.0, 4.0, 2.0, 1.0, 2.0, 2.0, 4.0, 4.0, 1.0, 4.0, 4.0, 4.0, 4.0, 3.0, 4.0, 2.0, 2.0, 2.0, 4.0, 4.0, 4.0, 2.0, 4.0, 0.0, 0.0, 2.0, 1.0, 2.0, 2.0, 4.0, 2.0, 2.0, 4.0, 4.0, 4.0, 2.0, 2.0, 0.0], [4.0, 2.0, 2.0, 4.0, 2.0, 4.0, 2.0, 2.0, 2.0, 4.0, 3.0, 4.0, 1.0, 4.0, 2.0, 4.0, 4.0, 3.0, 4.0, 2.0, 2.0, 2.0, 4.0, 4.0, 4.0, 2.0, 4.0, 0.0, 0.0, 2.0, 1.0, 2.0, 2.0, 4.0, 2.0, 2.0, 4.0, 4.0, 2.0, 2.0, 2.0, 1.0], [4.0, 2.0, 1.0, 4.0, 4.0, 2.0, 2.0, 1.0, 2.0, 4.0, 2.0, 4.0, 1.0, 4.0, 2.0, 4.0, 4.0, 3.0, 4.0, 2.0, 2.0, 2.0, 4.0, 4.0, 4.0, 2.0, 4.0, 0.0, 0.0, 2.0, 1.0, 2.0, 4.0, 4.0, 2.0, 2.0, 4.0, 4.0, 2.0, 2.0, 2.0, 0.0], [4.0, 0.0, 2.0, 4.0, 4.0, 2.0, 2.0, 1.0, 2.0, 2.0, 2.0, 4.0, 1.0, 4.0, 4.0, 4.0, 4.0, 3.0, 4.0, 2.0, 2.0, 2.0, 4.0, 4.0, 4.0, 2.0, 4.0, 0.0, 0.0, 2.0, 1.0, 2.0, 4.0, 4.0, 2.0, 0.0, 4.0, 4.0, 2.0, 2.0, 2.0, 1.0], [4.0, 0.0, 0.0, 4.0, 4.0, 4.0, 2.0, 1.0, 2.0, 4.0, 4.0, 4.0, 1.0, 4.0, 4.0, 4.0, 4.0, 3.0, 4.0, 2.0, 3.0, 2.0, 4.0, 4.0, 4.0, 2.0, 4.0, 0.0, 0.0, 2.0, 1.0, 2.0, 4.0, 4.0, 2.0, 2.0, 4.0, 4.0, 2.0, 2.0, 2.0, 1.0], [4.0, 0.0, 1.0, 4.0, 4.0, 4.0, 2.0, 1.0, 2.0, 4.0, 4.0, 4.0, 1.0, 4.0, 2.0, 4.0, 4.0, 3.0, 4.0, 2.0, 2.0, 2.0, 4.0, 4.0, 2.0, 2.0, 4.0, 0.0, 0.0, 2.0, 1.0, 2.0, 4.0, 4.0, 2.0, 2.0, 4.0, 4.0, 2.0, 4.0, 2.0, 0.0], [4.0, 0.0, 2.0, 4.0, 4.0, 2.0, 2.0, 1.0, 2.0, 4.0, 3.0, 4.0, 1.0, 4.0, 2.0, 4.0, 4.0, 3.0, 4.0, 2.0, 2.0, 2.0, 4.0, 4.0, 4.0, 2.0, 4.0, 0.0, 0.0, 2.0, 0.0, 2.0, 2.0, 4.0, 0.0, 2.0, 4.0, 4.0, 2.0, 0.0, 0.0, 1.0], [4.0, 0.0, 1.0, 4.0, 4.0, 2.0, 4.0, 1.0, 2.0, 4.0, 4.0, 4.0, 1.0, 4.0, 2.0, 4.0, 2.0, 4.0, 4.0, 2.0, 2.0, 2.0, 2.0, 4.0, 4.0, 2.0, 4.0, 0.0, 2.0, 2.0, 1.0, 2.0, 2.0, 4.0, 2.0, 2.0, 4.0, 4.0, 2.0, 2.0, 2.0, 0.0], [4.0, 0.0, 0.0, 4.0, 0.0, 4.0, 2.0, 1.0, 2.0, 4.0, 3.0, 4.0, 1.0, 4.0, 2.0, 4.0, 4.0, 3.0, 4.0, 2.0, 2.0, 2.0, 4.0, 4.0, 2.0, 2.0, 4.0, 0.0, 0.0, 2.0, 0.0, 2.0, 4.0, 4.0, 2.0, 2.0, 4.0, 4.0, 4.0, 2.0, 2.0, 0.0], [4.0, 0.0, 2.0, 4.0, 0.0, 4.0, 2.0, 1.0, 2.0, 4.0, 3.0, 4.0, 1.0, 4.0, 2.0, 4.0, 2.0, 3.0, 4.0, 2.0, 3.0, 2.0, 2.0, 4.0, 4.0, 2.0, 4.0, 1.0, 0.0, 2.0, 1.0, 2.0, 4.0, 4.0, 2.0, 2.0, 4.0, 4.0, 2.0, 2.0, 2.0, 0.0], [4.0, 0.0, 2.0, 4.0, 4.0, 4.0, 2.0, 1.0, 2.0, 4.0, 3.0, 4.0, 1.0, 4.0, 2.0, 4.0, 4.0, 3.0, 4.0, 4.0, 2.0, 2.0, 4.0, 4.0, 4.0, 2.0, 4.0, 0.0, 0.0, 2.0, 1.0, 2.0, 4.0, 4.0, 2.0, 2.0, 4.0, 4.0, 2.0, 4.0, 2.0, 0.0], [4.0, 0.0, 0.0, 4.0, 5.0, 2.0, 2.0, 2.0, 0.0, 4.0, 4.0, 4.0, 1.0, 4.0, 2.0, 4.0, 2.0, 3.0, 4.0, 2.0, 2.0, 2.0, 4.0, 4.0, 4.0, 2.0, 4.0, 0.0, 0.0, 4.0, 1.0, 2.0, 4.0, 4.0, 2.0, 2.0, 4.0, 4.0, 2.0, 4.0, 2.0, 1.0], [4.0, 2.0, 0.0, 4.0, 4.0, 4.0, 2.0, 2.0, 2.0, 4.0, 4.0, 4.0, 1.0, 4.0, 4.0, 5.0, 2.0, 3.0, 4.0, 2.0, 3.0, 2.0, 4.0, 4.0, 4.0, 2.0, 4.0, 0.0, 2.0, 2.0, 2.0, 2.0, 2.0, 4.0, 2.0, 2.0, 4.0, 4.0, 2.0, 2.0, 2.0, 0.0], [4.0, 0.0, 1.0, 4.0, 2.0, 2.0, 2.0, 1.0, 2.0, 4.0, 2.0, 4.0, 1.0, 4.0, 2.0, 4.0, 0.0, 2.0, 4.0, 2.0, 3.0, 2.0, 4.0, 4.0, 4.0, 2.0, 4.0, 0.0, 0.0, 2.0, 0.0, 2.0, 4.0, 4.0, 2.0, 2.0, 4.0, 4.0, 2.0, 2.0, 0.0, 0.0], [4.0, 0.0, 2.0, 4.0, 2.0, 4.0, 2.0, 1.0, 0.0, 4.0, 4.0, 4.0, 1.0, 4.0, 2.0, 5.0, 4.0, 3.0, 4.0, 2.0, 2.0, 2.0, 2.0, 4.0, 2.0, 2.0, 4.0, 0.0, 0.0, 2.0, 1.0, 2.0, 4.0, 4.0, 2.0, 2.0, 4.0, 4.0, 2.0, 2.0, 2.0, 0.0], [4.0, 0.0, 0.0, 4.0, 4.0, 4.0, 2.0, 2.0, 0.0, 4.0, 3.0, 4.0, 1.0, 4.0, 2.0, 5.0, 4.0, 3.0, 4.0, 2.0, 3.0, 2.0, 2.0, 4.0, 4.0, 2.0, 4.0, 0.0, 0.0, 2.0, 1.0, 2.0, 4.0, 4.0, 2.0, 2.0, 4.0, 4.0, 2.0, 2.0, 2.0, 1.0], [4.0, 0.0, 2.0, 4.0, 4.0, 2.0, 2.0, 2.0, 2.0, 4.0, 3.0, 4.0, 1.0, 4.0, 4.0, 4.0, 2.0, 4.0, 4.0, 4.0, 2.0, 2.0, 4.0, 2.0, 4.0, 2.0, 4.0, 0.0, 0.0, 2.0, 0.0, 2.0, 4.0, 4.0, 2.0, 2.0, 4.0, 4.0, 2.0, 2.0, 2.0, 0.0], [4.0, 0.0, 2.0, 4.0, 4.0, 4.0, 2.0, 1.0, 2.0, 4.0, 4.0, 4.0, 1.0, 4.0, 4.0, 4.0, 2.0, 3.0, 4.0, 2.0, 3.0, 2.0, 4.0, 4.0, 4.0, 2.0, 4.0, 0.0, 0.0, 2.0, 0.0, 2.0, 4.0, 4.0, 2.0, 2.0, 4.0, 4.0, 2.0, 0.0, 2.0, 0.0], [4.0, 2.0, 1.0, 4.0, 4.0, 4.0, 2.0, 2.0, 2.0, 4.0, 3.0, 4.0, 1.0, 4.0, 4.0, 4.0, 4.0, 3.0, 4.0, 2.0, 2.0, 2.0, 4.0, 4.0, 4.0, 2.0, 4.0, 0.0, 2.0, 2.0, 0.0, 2.0, 4.0, 4.0, 0.0, 2.0, 4.0, 4.0, 2.0, 2.0, 2.0, 0.0], [4.0, 0.0, 2.0, 4.0, 4.0, 4.0, 2.0, 1.0, 2.0, 4.0, 2.0, 4.0, 1.0, 4.0, 2.0, 4.0, 4.0, 3.0, 4.0, 2.0, 2.0, 2.0, 2.0, 4.0, 4.0, 2.0, 4.0, 0.0, 0.0, 2.0, 0.0, 2.0, 2.0, 4.0, 2.0, 2.0, 4.0, 4.0, 2.0, 2.0, 2.0, 1.0], [4.0, 0.0, 0.0, 4.0, 4.0, 4.0, 2.0, 1.0, 2.0, 4.0, 3.0, 4.0, 1.0, 4.0, 2.0, 4.0, 4.0, 3.0, 4.0, 2.0, 2.0, 2.0, 4.0, 4.0, 4.0, 2.0, 4.0, 0.0, 0.0, 2.0, 2.0, 2.0, 2.0, 4.0, 0.0, 2.0, 4.0, 4.0, 2.0, 2.0, 2.0, 0.0], [4.0, 0.0, 0.0, 4.0, 4.0, 4.0, 2.0, 1.0, 2.0, 2.0, 2.0, 4.0, 1.0, 4.0, 4.0, 4.0, 4.0, 3.0, 4.0, 2.0, 2.0, 2.0, 2.0, 4.0, 4.0, 2.0, 4.0, 0.0, 0.0, 2.0, 1.0, 2.0, 2.0, 4.0, 0.0, 2.0, 4.0, 4.0, 2.0, 2.0, 2.0, 0.0], [4.0, 0.0, 2.0, 2.0, 4.0, 4.0, 2.0, 2.0, 2.0, 4.0, 3.0, 4.0, 1.0, 4.0, 2.0, 4.0, 4.0, 3.0, 4.0, 4.0, 2.0, 2.0, 2.0, 4.0, 4.0, 2.0, 4.0, 0.0, 0.0, 4.0, 0.0, 2.0, 4.0, 4.0, 2.0, 2.0, 4.0, 4.0, 2.0, 4.0, 2.0, 1.0], [4.0, 0.0, 2.0, 4.0, 4.0, 4.0, 2.0, 2.0, 2.0, 4.0, 3.0, 4.0, 1.0, 4.0, 4.0, 4.0, 4.0, 3.0, 4.0, 2.0, 2.0, 2.0, 0.0, 4.0, 4.0, 2.0, 4.0, 0.0, 2.0, 4.0, 2.0, 2.0, 2.0, 4.0, 0.0, 2.0, 4.0, 2.0, 2.0, 4.0, 2.0, 0.0], [4.0, 0.0, 0.0, 4.0, 2.0, 4.0, 2.0, 1.0, 2.0, 0.0, 2.0, 4.0, 1.0, 4.0, 4.0, 4.0, 0.0, 3.0, 4.0, 4.0, 2.0, 2.0, 4.0, 4.0, 2.0, 2.0, 4.0, 0.0, 0.0, 2.0, 1.0, 2.0, 4.0, 4.0, 0.0, 2.0, 4.0, 4.0, 2.0, 2.0, 0.0, 0.0], [4.0, 0.0, 1.0, 4.0, 2.0, 4.0, 2.0, 1.0, 0.0, 4.0, 4.0, 4.0, 1.0, 4.0, 2.0, 4.0, 2.0, 3.0, 4.0, 2.0, 2.0, 2.0, 4.0, 4.0, 4.0, 2.0, 4.0, 0.0, 2.0, 2.0, 1.0, 2.0, 4.0, 4.0, 0.0, 2.0, 4.0, 4.0, 2.0, 4.0, 0.0, 0.0], [4.0, 0.0, 2.0, 4.0, 2.0, 4.0, 2.0, 1.0, 0.0, 4.0, 4.0, 4.0, 1.0, 4.0, 4.0, 4.0, 4.0, 4.0, 4.0, 2.0, 4.0, 2.0, 2.0, 4.0, 4.0, 2.0, 4.0, 0.0, 0.0, 2.0, 1.0, 2.0, 4.0, 4.0, 2.0, 0.0, 4.0, 4.0, 2.0, 0.0, 2.0, 0.0], [4.0, 0.0, 2.0, 4.0, 4.0, 4.0, 2.0, 1.0, 2.0, 4.0, 3.0, 4.0, 1.0, 4.0, 2.0, 4.0, 2.0, 4.0, 4.0, 2.0, 2.0, 2.0, 4.0, 4.0, 4.0, 2.0, 4.0, 1.0, 0.0, 2.0, 1.0, 2.0, 2.0, 4.0, 2.0, 2.0, 4.0, 4.0, 2.0, 0.0, 2.0, 0.0], [4.0, 0.0, 0.0, 4.0, 4.0, 2.0, 2.0, 1.0, 2.0, 4.0, 4.0, 4.0, 1.0, 4.0, 2.0, 4.0, 4.0, 3.0, 4.0, 2.0, 2.0, 2.0, 4.0, 4.0, 4.0, 2.0, 4.0, 1.0, 0.0, 2.0, 1.0, 2.0, 4.0, 4.0, 2.0, 2.0, 4.0, 4.0, 2.0, 0.0, 2.0, 1.0], [4.0, 2.0, 1.0, 4.0, 4.0, 4.0, 2.0, 1.0, 2.0, 4.0, 3.0, 4.0, 1.0, 4.0, 2.0, 4.0, 4.0, 3.0, 4.0, 4.0, 2.0, 2.0, 4.0, 4.0, 2.0, 2.0, 4.0, 0.0, 0.0, 2.0, 1.0, 2.0, 4.0, 4.0, 0.0, 2.0, 4.0, 4.0, 2.0, 0.0, 2.0, 0.0], [4.0, 0.0, 0.0, 4.0, 4.0, 4.0, 2.0, 2.0, 2.0, 4.0, 2.0, 4.0, 1.0, 4.0, 4.0, 4.0, 4.0, 3.0, 4.0, 2.0, 2.0, 2.0, 4.0, 4.0, 4.0, 2.0, 4.0, 0.0, 2.0, 4.0, 0.0, 2.0, 4.0, 4.0, 2.0, 2.0, 4.0, 4.0, 4.0, 2.0, 2.0, 0.0], [4.0, 0.0, 2.0, 4.0, 4.0, 4.0, 2.0, 1.0, 2.0, 4.0, 3.0, 4.0, 1.0, 4.0, 4.0, 4.0, 4.0, 3.0, 4.0, 2.0, 4.0, 2.0, 4.0, 4.0, 4.0, 2.0, 4.0, 0.0, 0.0, 2.0, 2.0, 2.0, 2.0, 4.0, 2.0, 2.0, 4.0, 4.0, 2.0, 2.0, 2.0, 0.0], [4.0, 0.0, 0.0, 4.0, 4.0, 2.0, 2.0, 2.0, 2.0, 2.0, 3.0, 4.0, 1.0, 4.0, 2.0, 4.0, 4.0, 3.0, 4.0, 2.0, 3.0, 2.0, 4.0, 4.0, 2.0, 2.0, 4.0, 0.0, 0.0, 2.0, 1.0, 2.0, 4.0, 4.0, 2.0, 2.0, 4.0, 4.0, 2.0, 2.0, 2.0, 1.0], [4.0, 0.0, 2.0, 4.0, 0.0, 2.0, 2.0, 1.0, 2.0, 4.0, 3.0, 4.0, 1.0, 4.0, 2.0, 4.0, 4.0, 2.0, 4.0, 2.0, 3.0, 2.0, 2.0, 4.0, 4.0, 2.0, 4.0, 1.0, 0.0, 2.0, 1.0, 2.0, 4.0, 4.0, 0.0, 2.0, 4.0, 4.0, 2.0, 2.0, 2.0, 0.0], [4.0, 0.0, 2.0, 4.0, 4.0, 4.0, 4.0, 1.0, 2.0, 4.0, 4.0, 4.0, 1.0, 4.0, 4.0, 4.0, 4.0, 3.0, 4.0, 2.0, 2.0, 2.0, 2.0, 4.0, 2.0, 2.0, 4.0, 0.0, 0.0, 2.0, 0.0, 2.0, 4.0, 4.0, 2.0, 2.0, 4.0, 4.0, 2.0, 2.0, 2.0, 0.0], [4.0, 0.0, 2.0, 4.0, 4.0, 4.0, 2.0, 1.0, 2.0, 4.0, 3.0, 4.0, 1.0, 4.0, 2.0, 4.0, 4.0, 3.0, 4.0, 2.0, 2.0, 2.0, 4.0, 4.0, 2.0, 2.0, 4.0, 0.0, 2.0, 4.0, 1.0, 2.0, 4.0, 4.0, 2.0, 2.0, 4.0, 4.0, 2.0, 2.0, 2.0, 0.0], [4.0, 0.0, 2.0, 4.0, 4.0, 4.0, 2.0, 1.0, 0.0, 2.0, 3.0, 4.0, 1.0, 4.0, 4.0, 4.0, 2.0, 3.0, 4.0, 2.0, 2.0, 2.0, 4.0, 4.0, 4.0, 2.0, 4.0, 1.0, 0.0, 2.0, 0.0, 2.0, 4.0, 4.0, 2.0, 2.0, 4.0, 4.0, 2.0, 2.0, 2.0, 1.0], [4.0, 2.0, 0.0, 4.0, 4.0, 2.0, 4.0, 1.0, 2.0, 4.0, 2.0, 4.0, 1.0, 4.0, 2.0, 4.0, 4.0, 4.0, 4.0, 2.0, 4.0, 2.0, 4.0, 4.0, 2.0, 2.0, 4.0, 0.0, 0.0, 2.0, 0.0, 2.0, 4.0, 4.0, 2.0, 2.0, 4.0, 4.0, 4.0, 2.0, 2.0, 0.0], [4.0, 0.0, 0.0, 4.0, 4.0, 2.0, 2.0, 2.0, 2.0, 4.0, 4.0, 4.0, 1.0, 4.0, 4.0, 4.0, 4.0, 2.0, 4.0, 2.0, 3.0, 2.0, 2.0, 4.0, 4.0, 2.0, 4.0, 0.0, 0.0, 2.0, 1.0, 2.0, 2.0, 4.0, 2.0, 2.0, 4.0, 4.0, 2.0, 2.0, 2.0, 0.0], [4.0, 0.0, 2.0, 4.0, 4.0, 2.0, 2.0, 1.0, 2.0, 4.0, 3.0, 4.0, 1.0, 4.0, 2.0, 4.0, 4.0, 3.0, 4.0, 2.0, 2.0, 2.0, 4.0, 4.0, 4.0, 2.0, 4.0, 0.0, 2.0, 2.0, 0.0, 2.0, 4.0, 4.0, 2.0, 2.0, 4.0, 4.0, 2.0, 0.0, 2.0, 0.0], [4.0, 0.0, 2.0, 4.0, 4.0, 4.0, 2.0, 2.0, 0.0, 4.0, 4.0, 4.0, 1.0, 4.0, 4.0, 4.0, 4.0, 3.0, 4.0, 2.0, 2.0, 2.0, 2.0, 4.0, 4.0, 2.0, 4.0, 0.0, 2.0, 2.0, 0.0, 2.0, 2.0, 4.0, 2.0, 0.0, 4.0, 4.0, 2.0, 2.0, 0.0, 0.0], [4.0, 0.0, 0.0, 4.0, 4.0, 4.0, 2.0, 1.0, 2.0, 4.0, 4.0, 4.0, 1.0, 4.0, 4.0, 4.0, 2.0, 3.0, 4.0, 2.0, 2.0, 2.0, 4.0, 4.0, 4.0, 2.0, 4.0, 0.0, 2.0, 2.0, 1.0, 2.0, 4.0, 4.0, 0.0, 2.0, 4.0, 4.0, 2.0, 0.0, 2.0, 0.0], [4.0, 0.0, 2.0, 4.0, 2.0, 4.0, 2.0, 1.0, 2.0, 4.0, 3.0, 4.0, 1.0, 4.0, 2.0, 4.0, 4.0, 3.0, 4.0, 2.0, 2.0, 2.0, 2.0, 4.0, 4.0, 2.0, 4.0, 0.0, 0.0, 2.0, 1.0, 2.0, 2.0, 4.0, 2.0, 2.0, 4.0, 4.0, 2.0, 2.0, 2.0, 0.0], [4.0, 0.0, 2.0, 4.0, 2.0, 4.0, 2.0, 2.0, 2.0, 4.0, 3.0, 4.0, 1.0, 2.0, 4.0, 4.0, 4.0, 4.0, 4.0, 2.0, 2.0, 2.0, 4.0, 4.0, 4.0, 2.0, 4.0, 0.0, 0.0, 2.0, 1.0, 2.0, 4.0, 4.0, 2.0, 2.0, 4.0, 4.0, 2.0, 2.0, 2.0, 1.0], [4.0, 0.0, 0.0, 4.0, 4.0, 4.0, 2.0, 2.0, 2.0, 4.0, 3.0, 4.0, 1.0, 4.0, 4.0, 4.0, 4.0, 3.0, 4.0, 2.0, 2.0, 2.0, 2.0, 4.0, 2.0, 2.0, 4.0, 0.0, 0.0, 2.0, 2.0, 2.0, 4.0, 4.0, 2.0, 2.0, 4.0, 4.0, 2.0, 4.0, 2.0, 0.0]]

first layer check: Conv2d(6, 64, kernel_size=(7, 7), stride=(2, 2), padding=(3, 3), bias=False)

for model 4: mode acc: 0.2142857164144516, run mean acc: 0.2645833492279053, top-2 acc:0.4712499976158142, mode f1: 0.2142857164144516

model 4 mode preds
[4.0, 4.0, 2.0, 4.0, 0.0, 4.0, 4.0, 2.0, 5.0, 4.0, 4.0, 4.0, 3.0, 4.0, 4.0, 4.0, 4.0, 4.0, 4.0, 4.0, 3.0, 2.0, 2.0, 4.0, 2.0, 2.0, 2.0, 0.0, 0.0, 2.0, 2.0, 4.0, 2.0, 4.0, 2.0, 0.0, 4.0, 4.0, 2.0, 2.0, 3.0, 0.0]

model 4 all preds
[[4.0, 4.0, 1.0, 4.0, 2.0, 4.0, 4.0, 2.0, 5.0, 4.0, 3.0, 4.0, 3.0, 3.0, 4.0, 4.0, 3.0, 4.0, 4.0, 4.0, 3.0, 2.0, 2.0, 4.0, 2.0, 2.0, 2.0, 0.0, 0.0, 2.0, 2.0, 3.0, 2.0, 4.0, 2.0, 4.0, 4.0, 4.0, 2.0, 2.0, 4.0, 0.0], [4.0, 2.0, 2.0, 4.0, 4.0, 2.0, 4.0, 2.0, 5.0, 4.0, 3.0, 4.0, 1.0, 4.0, 4.0, 4.0, 4.0, 3.0, 4.0, 4.0, 3.0, 2.0, 2.0, 4.0, 2.0, 2.0, 4.0, 1.0, 5.0, 2.0, 1.0, 3.0, 2.0, 4.0, 2.0, 0.0, 4.0, 4.0, 2.0, 2.0, 3.0, 2.0], [4.0, 0.0, 2.0, 4.0, 0.0, 4.0, 4.0, 1.0, 5.0, 4.0, 4.0, 4.0, 3.0, 4.0, 4.0, 4.0, 4.0, 3.0, 4.0, 4.0, 3.0, 2.0, 2.0, 3.0, 2.0, 2.0, 2.0, 0.0, 0.0, 2.0, 0.0, 4.0, 2.0, 4.0, 2.0, 0.0, 4.0, 2.0, 2.0, 2.0, 4.0, 2.0], [4.0, 0.0, 2.0, 4.0, 0.0, 4.0, 4.0, 1.0, 2.0, 4.0, 3.0, 4.0, 1.0, 4.0, 4.0, 4.0, 4.0, 3.0, 4.0, 4.0, 3.0, 2.0, 4.0, 4.0, 2.0, 2.0, 4.0, 1.0, 3.0, 2.0, 2.0, 3.0, 4.0, 4.0, 2.0, 0.0, 4.0, 4.0, 2.0, 1.0, 3.0, 2.0], [4.0, 2.0, 2.0, 4.0, 2.0, 2.0, 4.0, 1.0, 2.0, 4.0, 4.0, 4.0, 3.0, 4.0, 4.0, 4.0, 4.0, 3.0, 4.0, 4.0, 3.0, 2.0, 4.0, 4.0, 4.0, 2.0, 2.0, 0.0, 4.0, 2.0, 0.0, 3.0, 2.0, 3.0, 2.0, 0.0, 4.0, 4.0, 2.0, 0.0, 4.0, 0.0], [4.0, 0.0, 3.0, 4.0, 4.0, 2.0, 3.0, 2.0, 2.0, 4.0, 3.0, 4.0, 3.0, 4.0, 4.0, 4.0, 4.0, 3.0, 4.0, 4.0, 3.0, 2.0, 2.0, 4.0, 2.0, 2.0, 2.0, 1.0, 0.0, 2.0, 1.0, 3.0, 4.0, 4.0, 2.0, 2.0, 4.0, 4.0, 2.0, 1.0, 4.0, 2.0], [4.0, 4.0, 3.0, 4.0, 2.0, 4.0, 3.0, 2.0, 2.0, 4.0, 4.0, 4.0, 3.0, 3.0, 5.0, 4.0, 4.0, 4.0, 4.0, 4.0, 3.0, 2.0, 4.0, 4.0, 2.0, 2.0, 4.0, 0.0, 5.0, 2.0, 2.0, 4.0, 2.0, 2.0, 2.0, 2.0, 4.0, 4.0, 2.0, 2.0, 3.0, 0.0], [4.0, 2.0, 1.0, 4.0, 4.0, 4.0, 3.0, 2.0, 2.0, 4.0, 4.0, 4.0, 3.0, 4.0, 4.0, 4.0, 4.0, 3.0, 4.0, 4.0, 3.0, 2.0, 4.0, 4.0, 2.0, 2.0, 4.0, 0.0, 5.0, 2.0, 2.0, 4.0, 2.0, 4.0, 2.0, 2.0, 4.0, 4.0, 2.0, 0.0, 3.0, 0.0], [4.0, 0.0, 2.0, 4.0, 4.0, 4.0, 4.0, 2.0, 5.0, 4.0, 3.0, 4.0, 3.0, 3.0, 4.0, 4.0, 4.0, 3.0, 4.0, 4.0, 3.0, 2.0, 2.0, 4.0, 2.0, 2.0, 2.0, 0.0, 5.0, 2.0, 2.0, 4.0, 2.0, 2.0, 2.0, 2.0, 4.0, 4.0, 2.0, 0.0, 3.0, 2.0], [4.0, 2.0, 2.0, 4.0, 4.0, 2.0, 4.0, 2.0, 5.0, 4.0, 4.0, 4.0, 3.0, 4.0, 4.0, 4.0, 4.0, 4.0, 4.0, 4.0, 3.0, 2.0, 2.0, 4.0, 2.0, 2.0, 4.0, 0.0, 0.0, 2.0, 2.0, 4.0, 2.0, 4.0, 2.0, 2.0, 4.0, 4.0, 2.0, 4.0, 3.0, 0.0], [4.0, 0.0, 2.0, 4.0, 2.0, 4.0, 4.0, 2.0, 2.0, 4.0, 4.0, 2.0, 3.0, 4.0, 5.0, 4.0, 4.0, 4.0, 4.0, 4.0, 4.0, 2.0, 2.0, 4.0, 2.0, 2.0, 2.0, 0.0, 5.0, 2.0, 2.0, 4.0, 2.0, 4.0, 2.0, 2.0, 4.0, 4.0, 2.0, 2.0, 3.0, 0.0], [4.0, 0.0, 2.0, 4.0, 2.0, 2.0, 3.0, 2.0, 5.0, 4.0, 3.0, 4.0, 1.0, 4.0, 4.0, 4.0, 4.0, 4.0, 4.0, 4.0, 3.0, 2.0, 4.0, 4.0, 3.0, 2.0, 4.0, 0.0, 0.0, 2.0, 3.0, 3.0, 4.0, 4.0, 2.0, 0.0, 4.0, 4.0, 2.0, 2.0, 3.0, 0.0], [4.0, 0.0, 3.0, 4.0, 4.0, 0.0, 3.0, 2.0, 5.0, 4.0, 4.0, 4.0, 3.0, 4.0, 4.0, 4.0, 4.0, 4.0, 4.0, 4.0, 3.0, 2.0, 4.0, 4.0, 2.0, 2.0, 2.0, 1.0, 4.0, 2.0, 2.0, 3.0, 2.0, 4.0, 2.0, 0.0, 4.0, 4.0, 2.0, 0.0, 3.0, 0.0], [4.0, 4.0, 2.0, 4.0, 4.0, 4.0, 4.0, 2.0, 5.0, 4.0, 4.0, 4.0, 3.0, 4.0, 4.0, 4.0, 4.0, 3.0, 4.0, 4.0, 3.0, 2.0, 2.0, 4.0, 2.0, 2.0, 4.0, 0.0, 0.0, 2.0, 2.0, 4.0, 2.0, 2.0, 2.0, 0.0, 4.0, 4.0, 2.0, 2.0, 3.0, 2.0], [4.0, 4.0, 2.0, 4.0, 3.0, 2.0, 3.0, 2.0, 2.0, 4.0, 3.0, 4.0, 1.0, 4.0, 4.0, 4.0, 4.0, 4.0, 4.0, 4.0, 3.0, 2.0, 2.0, 4.0, 4.0, 2.0, 4.0, 0.0, 0.0, 2.0, 2.0, 4.0, 2.0, 4.0, 2.0, 0.0, 4.0, 4.0, 2.0, 2.0, 3.0, 2.0], [4.0, 4.0, 2.0, 4.0, 5.0, 4.0, 4.0, 2.0, 5.0, 4.0, 4.0, 4.0, 3.0, 4.0, 4.0, 4.0, 3.0, 4.0, 4.0, 4.0, 3.0, 2.0, 1.0, 4.0, 2.0, 2.0, 2.0, 0.0, 4.0, 2.0, 0.0, 4.0, 2.0, 4.0, 2.0, 4.0, 4.0, 4.0, 2.0, 2.0, 3.0, 0.0], [4.0, 0.0, 2.0, 4.0, 3.0, 4.0, 2.0, 2.0, 2.0, 4.0, 3.0, 4.0, 3.0, 4.0, 4.0, 4.0, 4.0, 4.0, 4.0, 4.0, 3.0, 2.0, 2.0, 4.0, 2.0, 2.0, 2.0, 0.0, 0.0, 2.0, 1.0, 4.0, 2.0, 4.0, 2.0, 2.0, 4.0, 4.0, 2.0, 2.0, 4.0, 2.0], [4.0, 2.0, 2.0, 4.0, 0.0, 2.0, 4.0, 2.0, 5.0, 4.0, 4.0, 4.0, 3.0, 4.0, 4.0, 4.0, 4.0, 3.0, 4.0, 4.0, 3.0, 2.0, 4.0, 4.0, 2.0, 2.0, 2.0, 0.0, 5.0, 2.0, 2.0, 4.0, 2.0, 3.0, 2.0, 4.0, 4.0, 4.0, 2.0, 2.0, 3.0, 0.0], [4.0, 0.0, 2.0, 4.0, 0.0, 4.0, 5.0, 1.0, 2.0, 4.0, 4.0, 4.0, 3.0, 4.0, 4.0, 4.0, 4.0, 4.0, 4.0, 4.0, 3.0, 2.0, 4.0, 4.0, 4.0, 2.0, 2.0, 0.0, 5.0, 2.0, 2.0, 4.0, 2.0, 4.0, 2.0, 2.0, 4.0, 4.0, 2.0, 2.0, 4.0, 2.0], [4.0, 5.0, 3.0, 4.0, 3.0, 4.0, 4.0, 2.0, 5.0, 4.0, 4.0, 4.0, 1.0, 3.0, 4.0, 4.0, 4.0, 3.0, 4.0, 2.0, 3.0, 2.0, 4.0, 4.0, 2.0, 2.0, 4.0, 0.0, 0.0, 2.0, 2.0, 3.0, 2.0, 4.0, 2.0, 0.0, 4.0, 4.0, 2.0, 2.0, 2.0, 0.0], [4.0, 4.0, 2.0, 4.0, 0.0, 4.0, 4.0, 2.0, 5.0, 4.0, 4.0, 4.0, 3.0, 3.0, 4.0, 4.0, 4.0, 3.0, 4.0, 4.0, 3.0, 2.0, 3.0, 4.0, 4.0, 2.0, 4.0, 1.0, 0.0, 2.0, 2.0, 3.0, 2.0, 4.0, 2.0, 4.0, 4.0, 4.0, 2.0, 2.0, 3.0, 0.0], [4.0, 0.0, 2.0, 4.0, 0.0, 2.0, 4.0, 2.0, 2.0, 4.0, 4.0, 4.0, 3.0, 4.0, 4.0, 4.0, 4.0, 3.0, 4.0, 4.0, 3.0, 2.0, 2.0, 4.0, 2.0, 2.0, 2.0, 0.0, 0.0, 2.0, 0.0, 3.0, 2.0, 3.0, 2.0, 4.0, 4.0, 4.0, 2.0, 0.0, 3.0, 0.0], [4.0, 2.0, 2.0, 4.0, 4.0, 4.0, 3.0, 2.0, 5.0, 4.0, 4.0, 4.0, 3.0, 4.0, 4.0, 4.0, 4.0, 4.0, 4.0, 4.0, 3.0, 2.0, 0.0, 4.0, 2.0, 2.0, 2.0, 0.0, 0.0, 2.0, 2.0, 4.0, 2.0, 4.0, 2.0, 0.0, 4.0, 4.0, 2.0, 2.0, 3.0, 0.0], [4.0, 2.0, 2.0, 4.0, 2.0, 4.0, 4.0, 2.0, 5.0, 4.0, 4.0, 4.0, 3.0, 3.0, 4.0, 4.0, 4.0, 3.0, 4.0, 4.0, 3.0, 2.0, 2.0, 4.0, 2.0, 2.0, 2.0, 0.0, 0.0, 2.0, 2.0, 3.0, 2.0, 4.0, 2.0, 0.0, 4.0, 4.0, 2.0, 2.0, 3.0, 0.0], [4.0, 0.0, 3.0, 4.0, 3.0, 4.0, 4.0, 1.0, 2.0, 4.0, 4.0, 4.0, 1.0, 4.0, 4.0, 4.0, 4.0, 4.0, 4.0, 4.0, 3.0, 2.0, 2.0, 4.0, 2.0, 2.0, 4.0, 0.0, 5.0, 2.0, 0.0, 4.0, 2.0, 2.0, 2.0, 0.0, 4.0, 4.0, 2.0, 2.0, 2.0, 0.0], [4.0, 4.0, 3.0, 4.0, 0.0, 4.0, 4.0, 1.0, 5.0, 4.0, 4.0, 4.0, 3.0, 3.0, 4.0, 4.0, 4.0, 4.0, 4.0, 4.0, 3.0, 2.0, 2.0, 4.0, 2.0, 2.0, 2.0, 1.0, 5.0, 2.0, 2.0, 4.0, 2.0, 2.0, 2.0, 2.0, 4.0, 4.0, 2.0, 2.0, 4.0, 0.0], [4.0, 0.0, 2.0, 4.0, 0.0, 4.0, 4.0, 1.0, 5.0, 4.0, 4.0, 4.0, 1.0, 3.0, 4.0, 4.0, 4.0, 4.0, 4.0, 2.0, 3.0, 2.0, 4.0, 4.0, 2.0, 2.0, 4.0, 1.0, 0.0, 2.0, 0.0, 4.0, 2.0, 2.0, 2.0, 0.0, 4.0, 4.0, 2.0, 0.0, 3.0, 2.0], [4.0, 4.0, 2.0, 4.0, 4.0, 2.0, 4.0, 1.0, 5.0, 4.0, 4.0, 4.0, 1.0, 4.0, 4.0, 4.0, 4.0, 3.0, 4.0, 4.0, 3.0, 2.0, 2.0, 4.0, 2.0, 2.0, 4.0, 0.0, 5.0, 2.0, 2.0, 2.0, 2.0, 4.0, 2.0, 0.0, 4.0, 2.0, 2.0, 0.0, 3.0, 0.0], [4.0, 4.0, 3.0, 4.0, 4.0, 4.0, 4.0, 1.0, 5.0, 4.0, 4.0, 4.0, 3.0, 4.0, 5.0, 4.0, 4.0, 4.0, 4.0, 2.0, 3.0, 2.0, 4.0, 4.0, 2.0, 2.0, 2.0, 0.0, 5.0, 2.0, 2.0, 3.0, 2.0, 2.0, 2.0, 0.0, 4.0, 4.0, 2.0, 0.0, 3.0, 2.0], [4.0, 2.0, 2.0, 4.0, 0.0, 4.0, 5.0, 1.0, 5.0, 4.0, 3.0, 4.0, 3.0, 3.0, 4.0, 4.0, 4.0, 3.0, 4.0, 4.0, 3.0, 2.0, 2.0, 4.0, 2.0, 2.0, 4.0, 0.0, 0.0, 2.0, 2.0, 3.0, 4.0, 4.0, 2.0, 2.0, 4.0, 4.0, 2.0, 2.0, 4.0, 0.0], [4.0, 0.0, 2.0, 4.0, 3.0, 4.0, 3.0, 2.0, 2.0, 4.0, 3.0, 4.0, 3.0, 4.0, 4.0, 4.0, 4.0, 3.0, 4.0, 4.0, 3.0, 2.0, 2.0, 4.0, 2.0, 2.0, 4.0, 1.0, 0.0, 2.0, 2.0, 4.0, 2.0, 4.0, 2.0, 2.0, 4.0, 4.0, 2.0, 2.0, 3.0, 0.0], [4.0, 2.0, 1.0, 4.0, 3.0, 4.0, 4.0, 0.0, 2.0, 4.0, 3.0, 4.0, 3.0, 4.0, 4.0, 4.0, 4.0, 4.0, 4.0, 4.0, 3.0, 2.0, 4.0, 4.0, 2.0, 2.0, 4.0, 0.0, 5.0, 2.0, 2.0, 3.0, 2.0, 4.0, 2.0, 4.0, 4.0, 4.0, 2.0, 0.0, 3.0, 0.0], [4.0, 2.0, 2.0, 4.0, 3.0, 4.0, 3.0, 1.0, 2.0, 4.0, 3.0, 4.0, 1.0, 4.0, 4.0, 4.0, 4.0, 4.0, 4.0, 4.0, 3.0, 2.0, 2.0, 4.0, 2.0, 2.0, 4.0, 0.0, 5.0, 2.0, 2.0, 4.0, 2.0, 2.0, 2.0, 2.0, 4.0, 4.0, 2.0, 2.0, 2.0, 0.0], [4.0, 4.0, 1.0, 4.0, 4.0, 4.0, 4.0, 1.0, 5.0, 4.0, 4.0, 4.0, 3.0, 4.0, 4.0, 4.0, 4.0, 3.0, 4.0, 4.0, 4.0, 2.0, 2.0, 4.0, 2.0, 2.0, 2.0, 0.0, 0.0, 2.0, 1.0, 3.0, 2.0, 3.0, 2.0, 0.0, 4.0, 4.0, 2.0, 2.0, 3.0, 2.0], [4.0, 0.0, 3.0, 4.0, 0.0, 4.0, 4.0, 2.0, 2.0, 4.0, 4.0, 4.0, 1.0, 4.0, 4.0, 4.0, 4.0, 3.0, 4.0, 2.0, 3.0, 2.0, 4.0, 2.0, 2.0, 2.0, 4.0, 1.0, 0.0, 2.0, 2.0, 4.0, 2.0, 4.0, 2.0, 0.0, 4.0, 4.0, 2.0, 2.0, 2.0, 0.0], [4.0, 4.0, 2.0, 4.0, 4.0, 4.0, 4.0, 2.0, 5.0, 4.0, 4.0, 4.0, 1.0, 4.0, 5.0, 4.0, 4.0, 4.0, 4.0, 4.0, 3.0, 2.0, 2.0, 4.0, 2.0, 2.0, 4.0, 0.0, 0.0, 2.0, 0.0, 4.0, 2.0, 4.0, 2.0, 2.0, 4.0, 4.0, 2.0, 3.0, 4.0, 2.0], [4.0, 4.0, 2.0, 4.0, 4.0, 4.0, 4.0, 0.0, 5.0, 4.0, 4.0, 4.0, 3.0, 4.0, 4.0, 4.0, 4.0, 4.0, 4.0, 4.0, 3.0, 2.0, 4.0, 4.0, 2.0, 2.0, 4.0, 1.0, 0.0, 2.0, 2.0, 4.0, 2.0, 3.0, 2.0, 0.0, 4.0, 4.0, 2.0, 0.0, 2.0, 2.0], [4.0, 2.0, 2.0, 4.0, 2.0, 2.0, 4.0, 2.0, 5.0, 4.0, 4.0, 4.0, 3.0, 3.0, 4.0, 4.0, 3.0, 3.0, 4.0, 4.0, 3.0, 2.0, 4.0, 4.0, 4.0, 2.0, 2.0, 0.0, 4.0, 2.0, 1.0, 4.0, 2.0, 4.0, 2.0, 0.0, 4.0, 4.0, 2.0, 2.0, 4.0, 0.0], [4.0, 2.0, 2.0, 4.0, 4.0, 4.0, 4.0, 1.0, 5.0, 4.0, 4.0, 4.0, 3.0, 4.0, 4.0, 4.0, 4.0, 4.0, 4.0, 2.0, 3.0, 2.0, 2.0, 2.0, 2.0, 2.0, 2.0, 0.0, 0.0, 2.0, 0.0, 3.0, 2.0, 3.0, 2.0, 0.0, 4.0, 4.0, 2.0, 0.0, 3.0, 0.0], [4.0, 0.0, 2.0, 4.0, 0.0, 4.0, 4.0, 1.0, 2.0, 4.0, 4.0, 4.0, 3.0, 4.0, 4.0, 4.0, 4.0, 4.0, 4.0, 4.0, 3.0, 2.0, 4.0, 3.0, 2.0, 2.0, 2.0, 1.0, 0.0, 2.0, 2.0, 4.0, 2.0, 2.0, 2.0, 2.0, 4.0, 4.0, 2.0, 0.0, 2.0, 0.0], [4.0, 4.0, 2.0, 4.0, 0.0, 2.0, 4.0, 2.0, 5.0, 4.0, 4.0, 4.0, 3.0, 4.0, 4.0, 4.0, 4.0, 4.0, 4.0, 4.0, 4.0, 2.0, 4.0, 4.0, 2.0, 2.0, 4.0, 0.0, 0.0, 2.0, 2.0, 4.0, 2.0, 4.0, 2.0, 0.0, 4.0, 4.0, 2.0, 2.0, 2.0, 2.0], [4.0, 2.0, 2.0, 4.0, 0.0, 2.0, 4.0, 2.0, 5.0, 4.0, 4.0, 4.0, 3.0, 4.0, 4.0, 4.0, 4.0, 3.0, 4.0, 4.0, 3.0, 2.0, 4.0, 4.0, 2.0, 2.0, 2.0, 1.0, 0.0, 2.0, 2.0, 3.0, 4.0, 4.0, 2.0, 2.0, 4.0, 4.0, 2.0, 2.0, 2.0, 1.0], [4.0, 4.0, 2.0, 4.0, 4.0, 2.0, 4.0, 1.0, 5.0, 4.0, 3.0, 4.0, 1.0, 4.0, 4.0, 4.0, 4.0, 3.0, 4.0, 4.0, 3.0, 2.0, 2.0, 4.0, 2.0, 2.0, 2.0, 1.0, 0.0, 2.0, 2.0, 3.0, 2.0, 4.0, 2.0, 2.0, 4.0, 2.0, 2.0, 1.0, 3.0, 0.0], [4.0, 4.0, 2.0, 4.0, 0.0, 2.0, 4.0, 0.0, 2.0, 4.0, 4.0, 4.0, 3.0, 3.0, 5.0, 4.0, 4.0, 3.0, 4.0, 2.0, 3.0, 2.0, 2.0, 4.0, 4.0, 2.0, 2.0, 0.0, 4.0, 2.0, 1.0, 3.0, 2.0, 4.0, 2.0, 4.0, 4.0, 2.0, 2.0, 0.0, 4.0, 0.0], [4.0, 3.0, 2.0, 4.0, 0.0, 2.0, 3.0, 1.0, 2.0, 4.0, 4.0, 4.0, 3.0, 4.0, 4.0, 4.0, 4.0, 4.0, 4.0, 4.0, 3.0, 2.0, 4.0, 4.0, 2.0, 2.0, 2.0, 0.0, 0.0, 2.0, 2.0, 3.0, 2.0, 4.0, 2.0, 2.0, 4.0, 4.0, 2.0, 2.0, 3.0, 0.0], [4.0, 4.0, 2.0, 4.0, 3.0, 4.0, 5.0, 1.0, 5.0, 4.0, 3.0, 4.0, 3.0, 3.0, 4.0, 4.0, 4.0, 3.0, 4.0, 2.0, 3.0, 2.0, 4.0, 3.0, 2.0, 2.0, 2.0, 0.0, 5.0, 2.0, 2.0, 4.0, 2.0, 3.0, 2.0, 2.0, 4.0, 4.0, 2.0, 2.0, 2.0, 1.0], [4.0, 0.0, 3.0, 4.0, 0.0, 4.0, 4.0, 1.0, 5.0, 4.0, 3.0, 4.0, 3.0, 3.0, 4.0, 4.0, 4.0, 4.0, 2.0, 4.0, 3.0, 2.0, 2.0, 4.0, 4.0, 2.0, 2.0, 1.0, 4.0, 2.0, 2.0, 4.0, 2.0, 4.0, 2.0, 0.0, 4.0, 4.0, 2.0, 2.0, 3.0, 1.0], [4.0, 4.0, 2.0, 4.0, 1.0, 4.0, 4.0, 1.0, 2.0, 4.0, 4.0, 2.0, 1.0, 3.0, 4.0, 4.0, 4.0, 4.0, 4.0, 4.0, 3.0, 2.0, 4.0, 4.0, 2.0, 2.0, 4.0, 0.0, 0.0, 2.0, 1.0, 3.0, 2.0, 2.0, 2.0, 2.0, 4.0, 4.0, 4.0, 2.0, 3.0, 0.0], [4.0, 2.0, 3.0, 4.0, 4.0, 2.0, 3.0, 2.0, 5.0, 4.0, 3.0, 4.0, 1.0, 4.0, 5.0, 4.0, 4.0, 3.0, 4.0, 4.0, 3.0, 2.0, 2.0, 4.0, 2.0, 2.0, 2.0, 0.0, 0.0, 2.0, 2.0, 3.0, 2.0, 4.0, 2.0, 0.0, 4.0, 4.0, 2.0, 2.0, 3.0, 0.0], [4.0, 2.0, 2.0, 4.0, 3.0, 4.0, 4.0, 1.0, 5.0, 4.0, 4.0, 4.0, 3.0, 4.0, 4.0, 4.0, 4.0, 4.0, 4.0, 4.0, 3.0, 2.0, 2.0, 4.0, 1.0, 2.0, 2.0, 0.0, 4.0, 2.0, 2.0, 4.0, 2.0, 4.0, 2.0, 0.0, 4.0, 4.0, 2.0, 0.0, 3.0, 0.0]]

