first layer check: Conv2d(9, 64, kernel_size=(7, 7), stride=(2, 2), padding=(3, 3), bias=False)

target ys
[0.0, 4.0, 0.0, 2.0, 0.0, 6.0, 2.0, 4.0, 2.0, 3.0, 3.0, 4.0, 3.0, 3.0, 1.0, 5.0, 3.0, 1.0, 2.0, 4.0, 2.0, 3.0, 2.0, 3.0, 2.0, 5.0, 5.0, 1.0, 2.0, 1.0, 2.0, 4.0, 2.0, 1.0, 3.0, 4.0, 1.0, 2.0, 2.0, 2.0, 1.0]

for model 0: mode acc: 0.4390243887901306, run mean acc: 0.4194999933242798, top-2 acc:0.658916711807251, mode f1: 0.4390243887901306

model 0 mode preds
[0.0, 4.0, 2.0, 2.0, 1.0, 4.0, 4.0, 5.0, 2.0, 2.0, 1.0, 2.0, 2.0, 0.0, 2.0, 4.0, 2.0, 2.0, 2.0, 4.0, 4.0, 2.0, 2.0, 2.0, 2.0, 4.0, 4.0, 1.0, 2.0, 1.0, 2.0, 2.0, 2.0, 1.0, 4.0, 4.0, 2.0, 2.0, 2.0, 2.0, 2.0]

model 0 all preds
[[0.0, 4.0, 2.0, 2.0, 1.0, 4.0, 2.0, 5.0, 0.0, 2.0, 1.0, 2.0, 2.0, 2.0, 2.0, 5.0, 2.0, 2.0, 2.0, 2.0, 4.0, 2.0, 2.0, 4.0, 2.0, 4.0, 4.0, 1.0, 2.0, 1.0, 2.0, 4.0, 4.0, 1.0, 2.0, 4.0, 2.0, 2.0, 2.0, 2.0, 2.0], [0.0, 5.0, 4.0, 2.0, 1.0, 4.0, 2.0, 5.0, 2.0, 2.0, 1.0, 2.0, 2.0, 2.0, 0.0, 4.0, 2.0, 2.0, 2.0, 2.0, 4.0, 2.0, 2.0, 2.0, 2.0, 4.0, 4.0, 1.0, 2.0, 1.0, 2.0, 4.0, 2.0, 1.0, 5.0, 5.0, 2.0, 2.0, 2.0, 2.0, 2.0], [0.0, 4.0, 2.0, 2.0, 1.0, 4.0, 2.0, 5.0, 0.0, 2.0, 1.0, 2.0, 2.0, 0.0, 2.0, 4.0, 2.0, 4.0, 2.0, 4.0, 4.0, 2.0, 2.0, 2.0, 2.0, 4.0, 4.0, 1.0, 2.0, 1.0, 2.0, 2.0, 4.0, 1.0, 5.0, 4.0, 2.0, 2.0, 2.0, 2.0, 2.0], [0.0, 4.0, 4.0, 2.0, 1.0, 4.0, 4.0, 5.0, 2.0, 2.0, 1.0, 2.0, 2.0, 2.0, 2.0, 5.0, 2.0, 2.0, 2.0, 2.0, 4.0, 4.0, 2.0, 4.0, 2.0, 4.0, 4.0, 1.0, 2.0, 1.0, 2.0, 2.0, 4.0, 1.0, 5.0, 4.0, 2.0, 2.0, 2.0, 2.0, 2.0], [0.0, 4.0, 4.0, 2.0, 1.0, 4.0, 2.0, 5.0, 2.0, 2.0, 1.0, 2.0, 2.0, 0.0, 1.0, 5.0, 2.0, 2.0, 2.0, 4.0, 4.0, 2.0, 2.0, 0.0, 2.0, 4.0, 4.0, 1.0, 2.0, 2.0, 2.0, 2.0, 4.0, 1.0, 4.0, 5.0, 2.0, 2.0, 2.0, 2.0, 2.0], [0.0, 4.0, 2.0, 2.0, 1.0, 4.0, 4.0, 4.0, 2.0, 4.0, 1.0, 2.0, 5.0, 2.0, 2.0, 5.0, 2.0, 4.0, 2.0, 2.0, 4.0, 2.0, 2.0, 1.0, 2.0, 4.0, 4.0, 1.0, 2.0, 2.0, 2.0, 2.0, 4.0, 1.0, 2.0, 4.0, 2.0, 2.0, 2.0, 2.0, 2.0], [0.0, 2.0, 2.0, 2.0, 1.0, 4.0, 2.0, 5.0, 2.0, 2.0, 1.0, 2.0, 4.0, 2.0, 2.0, 5.0, 2.0, 4.0, 2.0, 4.0, 4.0, 2.0, 2.0, 2.0, 2.0, 4.0, 4.0, 1.0, 2.0, 1.0, 2.0, 2.0, 4.0, 1.0, 4.0, 4.0, 2.0, 2.0, 2.0, 1.0, 2.0], [0.0, 4.0, 2.0, 2.0, 1.0, 4.0, 2.0, 2.0, 2.0, 2.0, 1.0, 4.0, 2.0, 2.0, 2.0, 5.0, 0.0, 4.0, 2.0, 2.0, 4.0, 4.0, 2.0, 2.0, 2.0, 4.0, 4.0, 1.0, 2.0, 2.0, 2.0, 2.0, 2.0, 1.0, 4.0, 5.0, 2.0, 2.0, 2.0, 4.0, 2.0], [0.0, 4.0, 2.0, 2.0, 1.0, 4.0, 2.0, 5.0, 2.0, 2.0, 1.0, 2.0, 2.0, 2.0, 2.0, 4.0, 2.0, 2.0, 2.0, 2.0, 4.0, 2.0, 2.0, 2.0, 1.0, 4.0, 4.0, 1.0, 2.0, 2.0, 2.0, 2.0, 2.0, 1.0, 4.0, 4.0, 2.0, 2.0, 2.0, 2.0, 2.0], [0.0, 5.0, 2.0, 2.0, 1.0, 4.0, 4.0, 2.0, 2.0, 2.0, 1.0, 2.0, 5.0, 0.0, 2.0, 2.0, 0.0, 4.0, 2.0, 4.0, 4.0, 2.0, 2.0, 2.0, 2.0, 4.0, 4.0, 1.0, 2.0, 1.0, 2.0, 2.0, 2.0, 1.0, 2.0, 4.0, 2.0, 2.0, 2.0, 4.0, 2.0], [0.0, 4.0, 2.0, 2.0, 1.0, 4.0, 2.0, 2.0, 2.0, 2.0, 1.0, 2.0, 2.0, 2.0, 1.0, 4.0, 2.0, 4.0, 2.0, 4.0, 4.0, 2.0, 2.0, 2.0, 1.0, 4.0, 4.0, 1.0, 2.0, 1.0, 2.0, 2.0, 2.0, 1.0, 2.0, 4.0, 2.0, 2.0, 1.0, 2.0, 2.0], [0.0, 4.0, 2.0, 2.0, 1.0, 4.0, 4.0, 4.0, 0.0, 2.0, 1.0, 2.0, 5.0, 0.0, 2.0, 4.0, 2.0, 4.0, 2.0, 4.0, 2.0, 4.0, 2.0, 2.0, 2.0, 4.0, 4.0, 1.0, 2.0, 1.0, 2.0, 2.0, 4.0, 1.0, 2.0, 4.0, 2.0, 2.0, 2.0, 2.0, 2.0], [0.0, 5.0, 2.0, 2.0, 1.0, 4.0, 4.0, 2.0, 2.0, 2.0, 1.0, 2.0, 4.0, 0.0, 1.0, 4.0, 2.0, 4.0, 2.0, 2.0, 4.0, 2.0, 2.0, 2.0, 2.0, 2.0, 4.0, 1.0, 2.0, 1.0, 2.0, 2.0, 2.0, 1.0, 5.0, 5.0, 2.0, 2.0, 2.0, 2.0, 2.0], [0.0, 4.0, 2.0, 2.0, 1.0, 4.0, 2.0, 5.0, 0.0, 4.0, 0.0, 2.0, 5.0, 0.0, 2.0, 2.0, 2.0, 2.0, 2.0, 2.0, 0.0, 2.0, 2.0, 2.0, 2.0, 4.0, 4.0, 1.0, 2.0, 2.0, 2.0, 2.0, 4.0, 1.0, 4.0, 5.0, 2.0, 5.0, 2.0, 2.0, 2.0], [0.0, 4.0, 2.0, 2.0, 1.0, 4.0, 4.0, 2.0, 2.0, 2.0, 1.0, 2.0, 2.0, 2.0, 2.0, 4.0, 0.0, 2.0, 2.0, 4.0, 0.0, 2.0, 2.0, 2.0, 2.0, 2.0, 4.0, 1.0, 2.0, 2.0, 2.0, 2.0, 2.0, 1.0, 4.0, 4.0, 2.0, 2.0, 2.0, 2.0, 2.0], [0.0, 4.0, 4.0, 2.0, 1.0, 2.0, 4.0, 4.0, 2.0, 2.0, 1.0, 2.0, 4.0, 0.0, 2.0, 5.0, 2.0, 4.0, 2.0, 4.0, 4.0, 2.0, 2.0, 2.0, 2.0, 2.0, 4.0, 1.0, 2.0, 2.0, 2.0, 2.0, 2.0, 1.0, 4.0, 5.0, 2.0, 2.0, 2.0, 2.0, 2.0], [0.0, 4.0, 2.0, 2.0, 1.0, 4.0, 4.0, 2.0, 4.0, 2.0, 1.0, 5.0, 2.0, 2.0, 2.0, 5.0, 2.0, 2.0, 2.0, 4.0, 4.0, 4.0, 2.0, 2.0, 2.0, 4.0, 4.0, 1.0, 2.0, 1.0, 2.0, 4.0, 4.0, 1.0, 4.0, 5.0, 2.0, 2.0, 2.0, 2.0, 2.0], [0.0, 4.0, 4.0, 2.0, 1.0, 4.0, 4.0, 2.0, 2.0, 2.0, 1.0, 2.0, 2.0, 0.0, 1.0, 5.0, 2.0, 4.0, 2.0, 4.0, 4.0, 2.0, 2.0, 2.0, 2.0, 4.0, 4.0, 1.0, 2.0, 2.0, 2.0, 4.0, 2.0, 1.0, 4.0, 4.0, 2.0, 2.0, 2.0, 2.0, 2.0], [0.0, 5.0, 2.0, 4.0, 1.0, 4.0, 4.0, 5.0, 2.0, 2.0, 1.0, 2.0, 5.0, 2.0, 2.0, 4.0, 2.0, 2.0, 2.0, 4.0, 2.0, 2.0, 2.0, 4.0, 2.0, 4.0, 4.0, 1.0, 2.0, 1.0, 2.0, 2.0, 4.0, 1.0, 2.0, 5.0, 2.0, 2.0, 2.0, 2.0, 2.0], [0.0, 4.0, 2.0, 2.0, 1.0, 4.0, 4.0, 5.0, 2.0, 2.0, 1.0, 2.0, 4.0, 2.0, 1.0, 5.0, 2.0, 2.0, 2.0, 2.0, 0.0, 2.0, 2.0, 2.0, 2.0, 4.0, 2.0, 1.0, 2.0, 1.0, 2.0, 4.0, 2.0, 2.0, 2.0, 5.0, 2.0, 2.0, 2.0, 2.0, 2.0], [0.0, 4.0, 2.0, 2.0, 1.0, 2.0, 4.0, 4.0, 2.0, 5.0, 1.0, 2.0, 4.0, 2.0, 0.0, 5.0, 2.0, 4.0, 2.0, 2.0, 4.0, 2.0, 2.0, 2.0, 2.0, 2.0, 4.0, 1.0, 2.0, 2.0, 2.0, 2.0, 4.0, 2.0, 4.0, 4.0, 2.0, 2.0, 2.0, 1.0, 2.0], [0.0, 4.0, 2.0, 2.0, 1.0, 2.0, 4.0, 5.0, 2.0, 2.0, 1.0, 2.0, 5.0, 2.0, 2.0, 2.0, 2.0, 2.0, 2.0, 4.0, 4.0, 2.0, 2.0, 2.0, 2.0, 4.0, 4.0, 1.0, 2.0, 2.0, 2.0, 2.0, 2.0, 1.0, 2.0, 5.0, 2.0, 2.0, 2.0, 2.0, 2.0], [0.0, 4.0, 2.0, 2.0, 1.0, 4.0, 2.0, 5.0, 2.0, 2.0, 1.0, 2.0, 2.0, 0.0, 1.0, 2.0, 2.0, 2.0, 2.0, 2.0, 4.0, 2.0, 2.0, 2.0, 2.0, 4.0, 4.0, 1.0, 2.0, 1.0, 1.0, 4.0, 4.0, 1.0, 4.0, 5.0, 2.0, 2.0, 2.0, 2.0, 2.0], [0.0, 4.0, 4.0, 2.0, 1.0, 4.0, 4.0, 5.0, 2.0, 2.0, 1.0, 2.0, 5.0, 2.0, 2.0, 4.0, 2.0, 4.0, 2.0, 2.0, 4.0, 2.0, 2.0, 4.0, 2.0, 4.0, 4.0, 1.0, 2.0, 1.0, 2.0, 4.0, 4.0, 1.0, 2.0, 4.0, 2.0, 2.0, 1.0, 2.0, 2.0], [0.0, 4.0, 2.0, 2.0, 1.0, 4.0, 2.0, 5.0, 4.0, 2.0, 1.0, 2.0, 4.0, 0.0, 1.0, 4.0, 2.0, 2.0, 2.0, 4.0, 4.0, 2.0, 2.0, 2.0, 2.0, 4.0, 4.0, 1.0, 2.0, 1.0, 2.0, 4.0, 4.0, 2.0, 2.0, 4.0, 2.0, 2.0, 2.0, 2.0, 2.0], [0.0, 4.0, 2.0, 4.0, 1.0, 4.0, 4.0, 5.0, 2.0, 5.0, 1.0, 2.0, 4.0, 0.0, 2.0, 4.0, 2.0, 2.0, 2.0, 4.0, 0.0, 2.0, 2.0, 2.0, 1.0, 4.0, 4.0, 1.0, 2.0, 2.0, 2.0, 2.0, 2.0, 1.0, 4.0, 5.0, 2.0, 2.0, 2.0, 2.0, 2.0], [0.0, 4.0, 2.0, 2.0, 1.0, 4.0, 4.0, 5.0, 4.0, 5.0, 1.0, 2.0, 2.0, 0.0, 1.0, 4.0, 2.0, 4.0, 2.0, 4.0, 4.0, 2.0, 2.0, 2.0, 2.0, 4.0, 4.0, 1.0, 2.0, 1.0, 2.0, 2.0, 2.0, 1.0, 4.0, 5.0, 2.0, 2.0, 2.0, 2.0, 2.0], [0.0, 4.0, 2.0, 2.0, 1.0, 4.0, 4.0, 5.0, 5.0, 2.0, 1.0, 5.0, 5.0, 2.0, 1.0, 5.0, 2.0, 2.0, 2.0, 2.0, 4.0, 2.0, 2.0, 2.0, 2.0, 4.0, 4.0, 1.0, 2.0, 2.0, 2.0, 2.0, 4.0, 1.0, 1.0, 5.0, 2.0, 2.0, 2.0, 2.0, 2.0], [0.0, 4.0, 4.0, 2.0, 1.0, 4.0, 4.0, 4.0, 4.0, 5.0, 1.0, 2.0, 5.0, 0.0, 1.0, 4.0, 2.0, 2.0, 2.0, 4.0, 4.0, 2.0, 2.0, 2.0, 1.0, 2.0, 4.0, 1.0, 2.0, 2.0, 2.0, 4.0, 2.0, 1.0, 2.0, 5.0, 2.0, 5.0, 2.0, 1.0, 2.0], [1.0, 5.0, 4.0, 2.0, 1.0, 2.0, 4.0, 5.0, 2.0, 2.0, 1.0, 2.0, 4.0, 2.0, 2.0, 5.0, 2.0, 4.0, 2.0, 4.0, 2.0, 2.0, 2.0, 2.0, 1.0, 4.0, 4.0, 1.0, 2.0, 2.0, 2.0, 2.0, 2.0, 1.0, 4.0, 5.0, 2.0, 5.0, 2.0, 4.0, 2.0], [0.0, 4.0, 2.0, 2.0, 1.0, 4.0, 2.0, 5.0, 2.0, 2.0, 1.0, 2.0, 2.0, 2.0, 0.0, 5.0, 0.0, 2.0, 2.0, 4.0, 4.0, 2.0, 2.0, 2.0, 2.0, 4.0, 4.0, 1.0, 2.0, 2.0, 2.0, 2.0, 2.0, 1.0, 4.0, 5.0, 2.0, 2.0, 2.0, 2.0, 2.0], [0.0, 5.0, 2.0, 4.0, 1.0, 4.0, 4.0, 5.0, 2.0, 2.0, 1.0, 2.0, 5.0, 1.0, 2.0, 5.0, 2.0, 2.0, 2.0, 4.0, 4.0, 2.0, 2.0, 2.0, 1.0, 2.0, 4.0, 1.0, 2.0, 2.0, 2.0, 2.0, 2.0, 1.0, 2.0, 4.0, 2.0, 2.0, 2.0, 2.0, 2.0], [0.0, 5.0, 4.0, 2.0, 1.0, 4.0, 4.0, 5.0, 2.0, 5.0, 1.0, 2.0, 5.0, 0.0, 2.0, 4.0, 2.0, 4.0, 2.0, 4.0, 0.0, 2.0, 2.0, 2.0, 2.0, 4.0, 4.0, 1.0, 2.0, 1.0, 2.0, 2.0, 2.0, 1.0, 4.0, 4.0, 2.0, 2.0, 2.0, 2.0, 2.0], [0.0, 4.0, 2.0, 2.0, 1.0, 4.0, 4.0, 4.0, 2.0, 2.0, 1.0, 2.0, 5.0, 0.0, 2.0, 4.0, 2.0, 4.0, 2.0, 2.0, 4.0, 2.0, 2.0, 2.0, 1.0, 4.0, 4.0, 1.0, 2.0, 1.0, 2.0, 2.0, 2.0, 1.0, 4.0, 5.0, 2.0, 2.0, 2.0, 2.0, 2.0], [0.0, 5.0, 4.0, 2.0, 1.0, 4.0, 4.0, 2.0, 2.0, 2.0, 1.0, 2.0, 5.0, 0.0, 1.0, 4.0, 2.0, 4.0, 2.0, 2.0, 4.0, 2.0, 2.0, 2.0, 2.0, 4.0, 4.0, 1.0, 2.0, 1.0, 2.0, 5.0, 4.0, 1.0, 4.0, 5.0, 2.0, 2.0, 2.0, 2.0, 2.0], [0.0, 5.0, 2.0, 2.0, 1.0, 4.0, 4.0, 5.0, 2.0, 5.0, 0.0, 2.0, 2.0, 0.0, 2.0, 4.0, 2.0, 4.0, 2.0, 2.0, 4.0, 2.0, 2.0, 2.0, 2.0, 4.0, 4.0, 1.0, 2.0, 1.0, 2.0, 2.0, 2.0, 1.0, 2.0, 4.0, 2.0, 2.0, 2.0, 2.0, 2.0], [0.0, 4.0, 2.0, 2.0, 1.0, 4.0, 4.0, 4.0, 2.0, 2.0, 1.0, 5.0, 5.0, 0.0, 1.0, 4.0, 2.0, 2.0, 2.0, 4.0, 2.0, 2.0, 2.0, 2.0, 1.0, 2.0, 4.0, 1.0, 2.0, 1.0, 2.0, 2.0, 2.0, 1.0, 2.0, 5.0, 2.0, 2.0, 2.0, 2.0, 2.0], [0.0, 4.0, 2.0, 2.0, 1.0, 4.0, 4.0, 5.0, 4.0, 2.0, 1.0, 2.0, 2.0, 0.0, 2.0, 4.0, 2.0, 2.0, 2.0, 4.0, 4.0, 2.0, 2.0, 2.0, 2.0, 4.0, 4.0, 1.0, 2.0, 2.0, 2.0, 2.0, 2.0, 2.0, 2.0, 5.0, 2.0, 2.0, 2.0, 2.0, 2.0], [0.0, 4.0, 4.0, 2.0, 1.0, 2.0, 2.0, 5.0, 2.0, 2.0, 1.0, 2.0, 2.0, 0.0, 1.0, 4.0, 2.0, 0.0, 2.0, 4.0, 0.0, 2.0, 2.0, 2.0, 2.0, 4.0, 4.0, 1.0, 2.0, 1.0, 2.0, 2.0, 4.0, 1.0, 2.0, 2.0, 2.0, 5.0, 2.0, 2.0, 2.0], [0.0, 5.0, 4.0, 4.0, 1.0, 4.0, 2.0, 5.0, 4.0, 2.0, 1.0, 2.0, 5.0, 0.0, 2.0, 4.0, 2.0, 2.0, 2.0, 2.0, 4.0, 2.0, 2.0, 2.0, 2.0, 4.0, 4.0, 1.0, 2.0, 1.0, 2.0, 2.0, 2.0, 1.0, 4.0, 4.0, 2.0, 2.0, 2.0, 1.0, 2.0], [1.0, 5.0, 2.0, 2.0, 1.0, 4.0, 2.0, 5.0, 2.0, 2.0, 1.0, 5.0, 5.0, 0.0, 1.0, 4.0, 2.0, 2.0, 2.0, 4.0, 2.0, 2.0, 2.0, 2.0, 2.0, 4.0, 4.0, 1.0, 2.0, 1.0, 2.0, 2.0, 2.0, 1.0, 2.0, 2.0, 2.0, 2.0, 2.0, 4.0, 2.0], [0.0, 4.0, 4.0, 2.0, 1.0, 4.0, 4.0, 5.0, 2.0, 5.0, 1.0, 2.0, 4.0, 2.0, 2.0, 4.0, 2.0, 2.0, 2.0, 2.0, 4.0, 2.0, 2.0, 2.0, 2.0, 2.0, 4.0, 1.0, 2.0, 1.0, 2.0, 2.0, 4.0, 1.0, 4.0, 4.0, 2.0, 2.0, 2.0, 2.0, 2.0], [0.0, 4.0, 2.0, 2.0, 1.0, 4.0, 4.0, 5.0, 2.0, 2.0, 1.0, 2.0, 4.0, 0.0, 1.0, 5.0, 2.0, 2.0, 2.0, 4.0, 4.0, 2.0, 2.0, 2.0, 2.0, 2.0, 4.0, 1.0, 2.0, 1.0, 2.0, 2.0, 2.0, 1.0, 4.0, 4.0, 2.0, 2.0, 2.0, 2.0, 2.0], [0.0, 4.0, 2.0, 2.0, 1.0, 4.0, 4.0, 2.0, 2.0, 2.0, 1.0, 2.0, 5.0, 2.0, 2.0, 4.0, 2.0, 4.0, 2.0, 2.0, 4.0, 2.0, 2.0, 4.0, 2.0, 4.0, 4.0, 1.0, 2.0, 2.0, 2.0, 2.0, 2.0, 1.0, 4.0, 5.0, 2.0, 2.0, 2.0, 4.0, 2.0], [0.0, 4.0, 4.0, 2.0, 1.0, 4.0, 4.0, 2.0, 2.0, 5.0, 1.0, 2.0, 4.0, 2.0, 2.0, 4.0, 2.0, 2.0, 2.0, 4.0, 4.0, 2.0, 2.0, 2.0, 2.0, 2.0, 4.0, 1.0, 2.0, 2.0, 2.0, 4.0, 2.0, 1.0, 4.0, 4.0, 2.0, 2.0, 2.0, 2.0, 2.0], [0.0, 4.0, 4.0, 2.0, 1.0, 4.0, 2.0, 5.0, 2.0, 5.0, 1.0, 2.0, 4.0, 0.0, 2.0, 4.0, 2.0, 4.0, 2.0, 2.0, 2.0, 1.0, 2.0, 2.0, 2.0, 2.0, 4.0, 1.0, 2.0, 2.0, 2.0, 2.0, 2.0, 1.0, 4.0, 5.0, 2.0, 2.0, 1.0, 2.0, 2.0], [0.0, 4.0, 4.0, 2.0, 1.0, 4.0, 2.0, 5.0, 5.0, 2.0, 1.0, 2.0, 2.0, 0.0, 1.0, 4.0, 2.0, 2.0, 2.0, 2.0, 2.0, 2.0, 2.0, 2.0, 2.0, 4.0, 4.0, 1.0, 2.0, 2.0, 2.0, 2.0, 2.0, 1.0, 2.0, 4.0, 2.0, 2.0, 2.0, 2.0, 2.0], [0.0, 4.0, 2.0, 2.0, 1.0, 4.0, 4.0, 5.0, 2.0, 5.0, 1.0, 2.0, 2.0, 2.0, 2.0, 4.0, 2.0, 4.0, 2.0, 2.0, 4.0, 2.0, 2.0, 4.0, 1.0, 4.0, 4.0, 1.0, 2.0, 2.0, 2.0, 4.0, 2.0, 1.0, 2.0, 4.0, 2.0, 2.0, 2.0, 2.0, 2.0], [0.0, 5.0, 4.0, 2.0, 1.0, 4.0, 4.0, 2.0, 2.0, 2.0, 1.0, 2.0, 2.0, 2.0, 2.0, 4.0, 2.0, 4.0, 2.0, 4.0, 2.0, 2.0, 2.0, 2.0, 1.0, 2.0, 4.0, 1.0, 2.0, 1.0, 2.0, 2.0, 4.0, 1.0, 2.0, 4.0, 2.0, 2.0, 1.0, 2.0, 2.0], [0.0, 4.0, 2.0, 2.0, 1.0, 4.0, 4.0, 4.0, 2.0, 5.0, 1.0, 2.0, 4.0, 1.0, 2.0, 4.0, 2.0, 2.0, 2.0, 2.0, 4.0, 2.0, 2.0, 2.0, 1.0, 2.0, 4.0, 1.0, 2.0, 1.0, 2.0, 2.0, 2.0, 1.0, 4.0, 5.0, 2.0, 5.0, 2.0, 2.0, 2.0]]

first layer check: Conv2d(9, 64, kernel_size=(7, 7), stride=(2, 2), padding=(3, 3), bias=False)

for model 1: mode acc: 0.3414634168148041, run mean acc: 0.3380833566188812, top-2 acc:0.6035000085830688, mode f1: 0.3414634168148041

model 1 mode preds
[2.0, 2.0, 2.0, 2.0, 1.0, 2.0, 2.0, 2.0, 2.0, 1.0, 1.0, 2.0, 2.0, 2.0, 1.0, 2.0, 1.0, 2.0, 2.0, 2.0, 2.0, 2.0, 2.0, 2.0, 1.0, 2.0, 2.0, 1.0, 1.0, 1.0, 2.0, 2.0, 2.0, 1.0, 2.0, 2.0, 2.0, 2.0, 1.0, 2.0, 2.0]

model 1 all preds
[[2.0, 2.0, 2.0, 2.0, 1.0, 2.0, 2.0, 2.0, 2.0, 1.0, 1.0, 2.0, 2.0, 1.0, 1.0, 2.0, 1.0, 1.0, 2.0, 2.0, 2.0, 2.0, 2.0, 2.0, 1.0, 2.0, 2.0, 1.0, 1.0, 1.0, 2.0, 2.0, 2.0, 1.0, 2.0, 2.0, 1.0, 2.0, 1.0, 2.0, 2.0], [1.0, 2.0, 2.0, 2.0, 1.0, 2.0, 2.0, 4.0, 2.0, 2.0, 1.0, 2.0, 2.0, 2.0, 1.0, 2.0, 2.0, 2.0, 2.0, 2.0, 2.0, 2.0, 2.0, 2.0, 1.0, 2.0, 2.0, 1.0, 1.0, 1.0, 2.0, 2.0, 2.0, 1.0, 2.0, 2.0, 2.0, 2.0, 1.0, 2.0, 2.0], [2.0, 2.0, 2.0, 2.0, 1.0, 2.0, 2.0, 2.0, 2.0, 2.0, 1.0, 2.0, 2.0, 2.0, 1.0, 2.0, 1.0, 2.0, 1.0, 2.0, 1.0, 2.0, 2.0, 2.0, 1.0, 2.0, 2.0, 1.0, 1.0, 1.0, 2.0, 2.0, 2.0, 1.0, 2.0, 2.0, 2.0, 2.0, 2.0, 2.0, 2.0], [1.0, 2.0, 2.0, 2.0, 1.0, 2.0, 2.0, 2.0, 2.0, 1.0, 1.0, 2.0, 2.0, 2.0, 1.0, 4.0, 2.0, 2.0, 1.0, 2.0, 2.0, 2.0, 2.0, 2.0, 1.0, 2.0, 2.0, 1.0, 1.0, 1.0, 2.0, 2.0, 2.0, 1.0, 2.0, 2.0, 2.0, 2.0, 1.0, 2.0, 2.0], [1.0, 2.0, 2.0, 2.0, 1.0, 2.0, 2.0, 4.0, 2.0, 2.0, 1.0, 2.0, 2.0, 1.0, 1.0, 2.0, 1.0, 2.0, 2.0, 2.0, 1.0, 2.0, 2.0, 2.0, 1.0, 2.0, 2.0, 1.0, 1.0, 1.0, 2.0, 2.0, 2.0, 1.0, 2.0, 2.0, 2.0, 2.0, 1.0, 2.0, 2.0], [1.0, 4.0, 2.0, 2.0, 1.0, 2.0, 2.0, 4.0, 2.0, 2.0, 1.0, 2.0, 2.0, 2.0, 1.0, 2.0, 2.0, 2.0, 1.0, 2.0, 1.0, 2.0, 2.0, 2.0, 1.0, 2.0, 2.0, 1.0, 1.0, 1.0, 2.0, 2.0, 2.0, 1.0, 2.0, 2.0, 2.0, 2.0, 1.0, 2.0, 2.0], [2.0, 2.0, 2.0, 2.0, 1.0, 2.0, 2.0, 2.0, 2.0, 2.0, 1.0, 2.0, 2.0, 2.0, 1.0, 2.0, 2.0, 2.0, 2.0, 2.0, 1.0, 2.0, 1.0, 2.0, 1.0, 2.0, 1.0, 1.0, 1.0, 1.0, 1.0, 2.0, 2.0, 1.0, 2.0, 2.0, 2.0, 2.0, 1.0, 2.0, 2.0], [1.0, 2.0, 2.0, 2.0, 1.0, 2.0, 2.0, 2.0, 1.0, 2.0, 1.0, 2.0, 2.0, 2.0, 1.0, 2.0, 1.0, 2.0, 2.0, 2.0, 2.0, 2.0, 2.0, 2.0, 1.0, 2.0, 2.0, 1.0, 1.0, 1.0, 2.0, 2.0, 2.0, 1.0, 1.0, 2.0, 2.0, 2.0, 1.0, 2.0, 2.0], [2.0, 2.0, 2.0, 2.0, 1.0, 2.0, 2.0, 2.0, 2.0, 1.0, 1.0, 2.0, 2.0, 2.0, 1.0, 2.0, 1.0, 2.0, 2.0, 2.0, 2.0, 2.0, 2.0, 2.0, 1.0, 2.0, 2.0, 1.0, 1.0, 1.0, 2.0, 2.0, 2.0, 1.0, 2.0, 2.0, 2.0, 2.0, 2.0, 2.0, 2.0], [2.0, 2.0, 2.0, 2.0, 1.0, 2.0, 2.0, 2.0, 2.0, 1.0, 1.0, 2.0, 2.0, 2.0, 1.0, 2.0, 2.0, 2.0, 1.0, 2.0, 1.0, 2.0, 2.0, 2.0, 1.0, 2.0, 2.0, 1.0, 2.0, 1.0, 2.0, 2.0, 1.0, 1.0, 1.0, 2.0, 2.0, 2.0, 1.0, 2.0, 2.0], [2.0, 2.0, 2.0, 2.0, 1.0, 2.0, 2.0, 2.0, 2.0, 2.0, 1.0, 2.0, 2.0, 2.0, 1.0, 2.0, 2.0, 2.0, 2.0, 2.0, 1.0, 2.0, 1.0, 2.0, 2.0, 2.0, 2.0, 1.0, 1.0, 1.0, 2.0, 2.0, 2.0, 1.0, 2.0, 2.0, 2.0, 2.0, 1.0, 2.0, 2.0], [1.0, 2.0, 2.0, 2.0, 1.0, 2.0, 2.0, 4.0, 2.0, 1.0, 1.0, 2.0, 2.0, 2.0, 1.0, 2.0, 1.0, 2.0, 1.0, 2.0, 2.0, 2.0, 2.0, 2.0, 1.0, 2.0, 2.0, 1.0, 1.0, 1.0, 2.0, 2.0, 2.0, 1.0, 2.0, 2.0, 2.0, 2.0, 1.0, 2.0, 2.0], [2.0, 2.0, 2.0, 2.0, 1.0, 2.0, 2.0, 2.0, 2.0, 1.0, 1.0, 2.0, 2.0, 2.0, 1.0, 2.0, 1.0, 2.0, 2.0, 2.0, 2.0, 2.0, 2.0, 2.0, 2.0, 2.0, 1.0, 1.0, 1.0, 1.0, 2.0, 2.0, 2.0, 1.0, 2.0, 2.0, 2.0, 2.0, 1.0, 2.0, 2.0], [2.0, 2.0, 2.0, 1.0, 1.0, 2.0, 2.0, 2.0, 2.0, 1.0, 1.0, 2.0, 2.0, 2.0, 2.0, 2.0, 1.0, 2.0, 1.0, 2.0, 1.0, 2.0, 2.0, 2.0, 1.0, 2.0, 2.0, 1.0, 1.0, 1.0, 1.0, 2.0, 2.0, 1.0, 2.0, 2.0, 2.0, 2.0, 1.0, 1.0, 2.0], [2.0, 2.0, 2.0, 2.0, 1.0, 2.0, 2.0, 2.0, 2.0, 1.0, 1.0, 2.0, 2.0, 2.0, 1.0, 2.0, 2.0, 2.0, 2.0, 2.0, 1.0, 2.0, 2.0, 2.0, 2.0, 2.0, 1.0, 1.0, 1.0, 1.0, 2.0, 2.0, 2.0, 1.0, 2.0, 2.0, 2.0, 2.0, 1.0, 2.0, 2.0], [2.0, 2.0, 2.0, 2.0, 1.0, 2.0, 2.0, 4.0, 2.0, 2.0, 1.0, 2.0, 2.0, 2.0, 1.0, 2.0, 1.0, 2.0, 2.0, 2.0, 2.0, 2.0, 2.0, 2.0, 1.0, 2.0, 1.0, 1.0, 1.0, 1.0, 2.0, 2.0, 2.0, 1.0, 2.0, 2.0, 2.0, 2.0, 1.0, 2.0, 2.0], [1.0, 2.0, 2.0, 2.0, 1.0, 2.0, 2.0, 2.0, 1.0, 1.0, 1.0, 2.0, 2.0, 2.0, 1.0, 2.0, 1.0, 2.0, 2.0, 2.0, 2.0, 2.0, 2.0, 2.0, 1.0, 2.0, 2.0, 1.0, 1.0, 1.0, 2.0, 2.0, 2.0, 1.0, 2.0, 2.0, 2.0, 2.0, 1.0, 2.0, 2.0], [1.0, 2.0, 2.0, 2.0, 1.0, 2.0, 2.0, 2.0, 2.0, 1.0, 1.0, 2.0, 2.0, 2.0, 1.0, 2.0, 1.0, 2.0, 2.0, 2.0, 1.0, 2.0, 1.0, 2.0, 1.0, 2.0, 2.0, 1.0, 1.0, 1.0, 1.0, 2.0, 2.0, 1.0, 2.0, 2.0, 2.0, 2.0, 1.0, 2.0, 2.0], [1.0, 2.0, 2.0, 2.0, 1.0, 2.0, 2.0, 2.0, 2.0, 2.0, 1.0, 2.0, 2.0, 2.0, 1.0, 2.0, 1.0, 2.0, 1.0, 2.0, 2.0, 2.0, 2.0, 2.0, 1.0, 2.0, 2.0, 1.0, 1.0, 1.0, 2.0, 2.0, 2.0, 1.0, 2.0, 2.0, 2.0, 2.0, 1.0, 2.0, 2.0], [2.0, 2.0, 2.0, 2.0, 1.0, 2.0, 2.0, 2.0, 2.0, 1.0, 1.0, 2.0, 2.0, 1.0, 1.0, 2.0, 2.0, 2.0, 2.0, 2.0, 1.0, 2.0, 2.0, 2.0, 1.0, 2.0, 2.0, 1.0, 1.0, 1.0, 2.0, 2.0, 2.0, 1.0, 2.0, 2.0, 2.0, 2.0, 1.0, 2.0, 2.0], [1.0, 2.0, 2.0, 2.0, 1.0, 2.0, 2.0, 4.0, 1.0, 1.0, 1.0, 2.0, 2.0, 2.0, 2.0, 2.0, 1.0, 2.0, 2.0, 1.0, 1.0, 2.0, 2.0, 2.0, 1.0, 2.0, 2.0, 1.0, 1.0, 1.0, 2.0, 2.0, 2.0, 1.0, 2.0, 2.0, 2.0, 2.0, 2.0, 2.0, 2.0], [2.0, 2.0, 2.0, 2.0, 1.0, 2.0, 2.0, 4.0, 2.0, 2.0, 1.0, 2.0, 2.0, 2.0, 1.0, 2.0, 1.0, 2.0, 2.0, 2.0, 2.0, 2.0, 2.0, 2.0, 1.0, 2.0, 2.0, 1.0, 1.0, 1.0, 1.0, 2.0, 2.0, 1.0, 2.0, 2.0, 2.0, 2.0, 1.0, 2.0, 2.0], [2.0, 2.0, 2.0, 2.0, 1.0, 2.0, 2.0, 2.0, 2.0, 1.0, 1.0, 2.0, 2.0, 1.0, 1.0, 2.0, 1.0, 2.0, 2.0, 2.0, 1.0, 2.0, 2.0, 2.0, 1.0, 2.0, 2.0, 1.0, 1.0, 1.0, 2.0, 2.0, 2.0, 1.0, 2.0, 2.0, 2.0, 2.0, 1.0, 2.0, 2.0], [1.0, 2.0, 2.0, 2.0, 1.0, 2.0, 2.0, 4.0, 2.0, 2.0, 1.0, 2.0, 2.0, 2.0, 1.0, 2.0, 2.0, 2.0, 2.0, 2.0, 2.0, 2.0, 2.0, 2.0, 1.0, 2.0, 2.0, 1.0, 1.0, 1.0, 2.0, 2.0, 2.0, 1.0, 2.0, 4.0, 2.0, 2.0, 1.0, 1.0, 2.0], [1.0, 2.0, 2.0, 2.0, 1.0, 2.0, 2.0, 2.0, 2.0, 1.0, 1.0, 2.0, 2.0, 2.0, 1.0, 2.0, 1.0, 2.0, 1.0, 2.0, 2.0, 2.0, 2.0, 1.0, 2.0, 2.0, 2.0, 1.0, 1.0, 1.0, 2.0, 2.0, 2.0, 1.0, 2.0, 4.0, 2.0, 2.0, 1.0, 2.0, 2.0], [2.0, 2.0, 2.0, 2.0, 1.0, 2.0, 2.0, 2.0, 2.0, 1.0, 1.0, 2.0, 2.0, 2.0, 2.0, 2.0, 2.0, 2.0, 1.0, 2.0, 2.0, 2.0, 2.0, 2.0, 1.0, 2.0, 2.0, 1.0, 1.0, 1.0, 2.0, 2.0, 1.0, 1.0, 2.0, 2.0, 2.0, 2.0, 1.0, 2.0, 2.0], [2.0, 2.0, 2.0, 2.0, 1.0, 2.0, 2.0, 2.0, 2.0, 2.0, 1.0, 2.0, 2.0, 2.0, 2.0, 2.0, 1.0, 2.0, 2.0, 2.0, 1.0, 2.0, 2.0, 2.0, 1.0, 2.0, 2.0, 1.0, 1.0, 1.0, 1.0, 2.0, 1.0, 1.0, 2.0, 2.0, 2.0, 2.0, 2.0, 2.0, 2.0], [2.0, 2.0, 2.0, 2.0, 1.0, 2.0, 2.0, 2.0, 2.0, 1.0, 1.0, 2.0, 2.0, 2.0, 1.0, 2.0, 1.0, 2.0, 2.0, 2.0, 2.0, 2.0, 2.0, 2.0, 1.0, 2.0, 2.0, 1.0, 1.0, 1.0, 2.0, 2.0, 2.0, 1.0, 2.0, 2.0, 2.0, 2.0, 1.0, 2.0, 2.0], [1.0, 2.0, 2.0, 2.0, 1.0, 2.0, 2.0, 2.0, 2.0, 2.0, 1.0, 2.0, 2.0, 2.0, 1.0, 2.0, 2.0, 2.0, 2.0, 2.0, 2.0, 2.0, 2.0, 2.0, 1.0, 2.0, 2.0, 1.0, 1.0, 1.0, 1.0, 2.0, 2.0, 1.0, 2.0, 4.0, 2.0, 2.0, 2.0, 2.0, 2.0], [1.0, 1.0, 2.0, 2.0, 1.0, 2.0, 2.0, 2.0, 2.0, 2.0, 1.0, 2.0, 2.0, 2.0, 2.0, 2.0, 1.0, 2.0, 2.0, 2.0, 2.0, 2.0, 2.0, 2.0, 1.0, 2.0, 2.0, 1.0, 1.0, 1.0, 1.0, 2.0, 2.0, 1.0, 2.0, 2.0, 2.0, 2.0, 1.0, 2.0, 2.0], [1.0, 2.0, 2.0, 2.0, 1.0, 2.0, 2.0, 4.0, 2.0, 1.0, 1.0, 2.0, 2.0, 2.0, 1.0, 2.0, 2.0, 2.0, 2.0, 2.0, 2.0, 2.0, 2.0, 2.0, 1.0, 2.0, 2.0, 1.0, 1.0, 1.0, 2.0, 2.0, 1.0, 1.0, 2.0, 2.0, 2.0, 2.0, 1.0, 2.0, 2.0], [2.0, 2.0, 2.0, 2.0, 1.0, 2.0, 2.0, 2.0, 2.0, 2.0, 1.0, 2.0, 2.0, 2.0, 1.0, 2.0, 2.0, 2.0, 2.0, 2.0, 2.0, 2.0, 2.0, 2.0, 1.0, 2.0, 2.0, 1.0, 1.0, 1.0, 2.0, 2.0, 1.0, 1.0, 2.0, 2.0, 2.0, 2.0, 1.0, 2.0, 2.0], [2.0, 2.0, 2.0, 1.0, 1.0, 2.0, 2.0, 2.0, 2.0, 1.0, 1.0, 2.0, 2.0, 2.0, 1.0, 2.0, 1.0, 2.0, 2.0, 2.0, 2.0, 2.0, 2.0, 2.0, 1.0, 2.0, 2.0, 1.0, 1.0, 1.0, 2.0, 2.0, 2.0, 1.0, 2.0, 2.0, 2.0, 2.0, 1.0, 2.0, 2.0], [2.0, 2.0, 2.0, 2.0, 1.0, 2.0, 2.0, 2.0, 2.0, 1.0, 1.0, 2.0, 2.0, 2.0, 1.0, 2.0, 1.0, 2.0, 2.0, 1.0, 2.0, 2.0, 2.0, 2.0, 2.0, 2.0, 1.0, 1.0, 1.0, 1.0, 2.0, 2.0, 2.0, 1.0, 2.0, 2.0, 2.0, 2.0, 1.0, 2.0, 2.0], [2.0, 2.0, 2.0, 2.0, 1.0, 2.0, 2.0, 4.0, 1.0, 1.0, 1.0, 2.0, 2.0, 2.0, 1.0, 2.0, 1.0, 2.0, 2.0, 2.0, 1.0, 2.0, 1.0, 2.0, 1.0, 2.0, 2.0, 1.0, 1.0, 1.0, 1.0, 2.0, 2.0, 1.0, 2.0, 2.0, 2.0, 2.0, 1.0, 2.0, 2.0], [2.0, 2.0, 2.0, 2.0, 1.0, 2.0, 2.0, 4.0, 2.0, 2.0, 1.0, 2.0, 2.0, 2.0, 1.0, 2.0, 1.0, 2.0, 2.0, 2.0, 1.0, 2.0, 2.0, 2.0, 1.0, 2.0, 2.0, 1.0, 1.0, 1.0, 2.0, 2.0, 2.0, 1.0, 4.0, 2.0, 1.0, 2.0, 1.0, 1.0, 2.0], [2.0, 2.0, 2.0, 2.0, 1.0, 2.0, 2.0, 2.0, 2.0, 2.0, 1.0, 2.0, 2.0, 2.0, 1.0, 2.0, 2.0, 2.0, 2.0, 2.0, 1.0, 2.0, 2.0, 2.0, 1.0, 2.0, 2.0, 1.0, 1.0, 1.0, 2.0, 2.0, 1.0, 1.0, 2.0, 2.0, 2.0, 2.0, 1.0, 2.0, 2.0], [1.0, 2.0, 2.0, 2.0, 1.0, 2.0, 2.0, 2.0, 2.0, 1.0, 1.0, 2.0, 2.0, 2.0, 1.0, 2.0, 1.0, 2.0, 1.0, 2.0, 2.0, 2.0, 2.0, 2.0, 1.0, 2.0, 1.0, 1.0, 1.0, 1.0, 2.0, 2.0, 2.0, 1.0, 2.0, 2.0, 2.0, 2.0, 1.0, 2.0, 2.0], [2.0, 2.0, 2.0, 2.0, 1.0, 2.0, 2.0, 2.0, 2.0, 1.0, 1.0, 2.0, 2.0, 2.0, 1.0, 2.0, 1.0, 2.0, 2.0, 2.0, 1.0, 2.0, 1.0, 2.0, 1.0, 2.0, 2.0, 1.0, 1.0, 1.0, 2.0, 2.0, 2.0, 1.0, 1.0, 2.0, 2.0, 2.0, 1.0, 2.0, 2.0], [2.0, 2.0, 2.0, 2.0, 1.0, 2.0, 2.0, 2.0, 2.0, 2.0, 1.0, 2.0, 2.0, 2.0, 1.0, 2.0, 1.0, 2.0, 2.0, 2.0, 2.0, 2.0, 2.0, 2.0, 1.0, 2.0, 2.0, 1.0, 1.0, 1.0, 2.0, 2.0, 2.0, 1.0, 2.0, 2.0, 2.0, 2.0, 1.0, 2.0, 2.0], [1.0, 2.0, 2.0, 2.0, 1.0, 2.0, 2.0, 2.0, 2.0, 1.0, 1.0, 2.0, 2.0, 2.0, 2.0, 2.0, 1.0, 2.0, 1.0, 2.0, 1.0, 2.0, 2.0, 2.0, 1.0, 2.0, 2.0, 1.0, 1.0, 1.0, 2.0, 2.0, 1.0, 1.0, 2.0, 2.0, 2.0, 2.0, 1.0, 2.0, 2.0], [2.0, 2.0, 2.0, 2.0, 1.0, 2.0, 2.0, 2.0, 2.0, 2.0, 1.0, 2.0, 2.0, 2.0, 1.0, 2.0, 2.0, 2.0, 1.0, 2.0, 1.0, 2.0, 2.0, 2.0, 1.0, 2.0, 2.0, 1.0, 1.0, 1.0, 2.0, 2.0, 2.0, 1.0, 1.0, 2.0, 2.0, 2.0, 1.0, 2.0, 2.0], [1.0, 2.0, 2.0, 2.0, 1.0, 2.0, 2.0, 2.0, 2.0, 1.0, 1.0, 2.0, 2.0, 2.0, 2.0, 2.0, 2.0, 2.0, 2.0, 2.0, 2.0, 2.0, 2.0, 2.0, 1.0, 2.0, 2.0, 1.0, 1.0, 1.0, 2.0, 2.0, 2.0, 1.0, 2.0, 2.0, 1.0, 2.0, 1.0, 2.0, 2.0], [2.0, 2.0, 2.0, 2.0, 1.0, 2.0, 2.0, 4.0, 2.0, 2.0, 1.0, 2.0, 2.0, 2.0, 1.0, 2.0, 2.0, 2.0, 2.0, 2.0, 2.0, 2.0, 2.0, 2.0, 2.0, 2.0, 2.0, 1.0, 1.0, 1.0, 2.0, 2.0, 2.0, 1.0, 1.0, 4.0, 2.0, 2.0, 1.0, 2.0, 2.0], [2.0, 2.0, 2.0, 2.0, 1.0, 2.0, 2.0, 2.0, 2.0, 2.0, 1.0, 2.0, 2.0, 2.0, 1.0, 2.0, 1.0, 2.0, 2.0, 2.0, 2.0, 2.0, 2.0, 2.0, 1.0, 2.0, 2.0, 1.0, 1.0, 1.0, 2.0, 2.0, 1.0, 1.0, 2.0, 2.0, 2.0, 2.0, 2.0, 2.0, 2.0], [1.0, 2.0, 2.0, 2.0, 1.0, 4.0, 2.0, 2.0, 2.0, 2.0, 1.0, 2.0, 2.0, 2.0, 1.0, 2.0, 1.0, 2.0, 2.0, 2.0, 2.0, 2.0, 2.0, 2.0, 1.0, 2.0, 2.0, 1.0, 1.0, 1.0, 2.0, 2.0, 2.0, 1.0, 2.0, 2.0, 2.0, 2.0, 1.0, 2.0, 2.0], [2.0, 2.0, 2.0, 2.0, 1.0, 2.0, 2.0, 4.0, 2.0, 1.0, 1.0, 2.0, 2.0, 2.0, 1.0, 2.0, 2.0, 2.0, 2.0, 2.0, 2.0, 2.0, 2.0, 2.0, 1.0, 2.0, 2.0, 1.0, 2.0, 1.0, 2.0, 2.0, 2.0, 1.0, 2.0, 2.0, 2.0, 2.0, 1.0, 2.0, 2.0], [2.0, 2.0, 2.0, 1.0, 1.0, 2.0, 2.0, 2.0, 2.0, 2.0, 1.0, 2.0, 2.0, 2.0, 1.0, 2.0, 1.0, 2.0, 1.0, 2.0, 2.0, 2.0, 2.0, 2.0, 1.0, 2.0, 2.0, 1.0, 1.0, 1.0, 1.0, 2.0, 2.0, 1.0, 2.0, 2.0, 2.0, 2.0, 2.0, 2.0, 2.0], [2.0, 2.0, 2.0, 2.0, 1.0, 2.0, 2.0, 2.0, 2.0, 1.0, 1.0, 2.0, 2.0, 2.0, 1.0, 2.0, 2.0, 2.0, 1.0, 2.0, 1.0, 2.0, 2.0, 2.0, 1.0, 2.0, 1.0, 1.0, 1.0, 1.0, 2.0, 2.0, 2.0, 1.0, 2.0, 2.0, 2.0, 2.0, 1.0, 2.0, 2.0], [2.0, 2.0, 2.0, 2.0, 1.0, 2.0, 2.0, 2.0, 2.0, 2.0, 1.0, 2.0, 2.0, 2.0, 1.0, 2.0, 1.0, 2.0, 2.0, 2.0, 2.0, 2.0, 2.0, 2.0, 1.0, 2.0, 2.0, 1.0, 1.0, 1.0, 2.0, 2.0, 2.0, 1.0, 2.0, 2.0, 2.0, 2.0, 1.0, 1.0, 2.0]]

first layer check: Conv2d(9, 64, kernel_size=(7, 7), stride=(2, 2), padding=(3, 3), bias=False)

for model 2: mode acc: 0.31707316637039185, run mean acc: 0.3343333303928375, top-2 acc:0.652916669845581, mode f1: 0.31707316637039185

model 2 mode preds
[2.0, 2.0, 2.0, 2.0, 1.0, 2.0, 2.0, 2.0, 2.0, 2.0, 1.0, 2.0, 2.0, 2.0, 1.0, 2.0, 2.0, 2.0, 2.0, 2.0, 2.0, 2.0, 2.0, 2.0, 1.0, 2.0, 2.0, 1.0, 1.0, 1.0, 2.0, 2.0, 2.0, 2.0, 2.0, 2.0, 2.0, 2.0, 1.0, 2.0, 2.0]

model 2 all preds
[[2.0, 2.0, 2.0, 1.0, 1.0, 2.0, 2.0, 2.0, 2.0, 2.0, 1.0, 2.0, 2.0, 1.0, 2.0, 2.0, 2.0, 2.0, 2.0, 2.0, 2.0, 2.0, 2.0, 2.0, 1.0, 2.0, 2.0, 1.0, 1.0, 1.0, 2.0, 2.0, 2.0, 1.0, 2.0, 2.0, 2.0, 2.0, 1.0, 2.0, 2.0], [2.0, 2.0, 2.0, 2.0, 1.0, 2.0, 2.0, 2.0, 2.0, 2.0, 1.0, 2.0, 2.0, 2.0, 2.0, 2.0, 1.0, 2.0, 2.0, 2.0, 2.0, 2.0, 2.0, 2.0, 1.0, 2.0, 2.0, 1.0, 1.0, 1.0, 2.0, 2.0, 1.0, 2.0, 2.0, 2.0, 2.0, 2.0, 2.0, 2.0, 2.0], [2.0, 2.0, 2.0, 2.0, 1.0, 2.0, 2.0, 2.0, 2.0, 2.0, 1.0, 2.0, 2.0, 2.0, 1.0, 2.0, 2.0, 2.0, 2.0, 2.0, 2.0, 2.0, 2.0, 2.0, 1.0, 2.0, 2.0, 1.0, 2.0, 1.0, 2.0, 2.0, 2.0, 2.0, 2.0, 2.0, 2.0, 2.0, 1.0, 2.0, 2.0], [2.0, 2.0, 2.0, 2.0, 1.0, 2.0, 2.0, 2.0, 2.0, 2.0, 1.0, 2.0, 2.0, 2.0, 1.0, 2.0, 2.0, 2.0, 2.0, 2.0, 2.0, 2.0, 2.0, 2.0, 2.0, 2.0, 2.0, 1.0, 2.0, 1.0, 2.0, 2.0, 2.0, 2.0, 2.0, 2.0, 2.0, 2.0, 1.0, 2.0, 2.0], [2.0, 2.0, 2.0, 2.0, 1.0, 1.0, 2.0, 2.0, 2.0, 2.0, 1.0, 2.0, 2.0, 2.0, 1.0, 2.0, 1.0, 2.0, 2.0, 2.0, 2.0, 2.0, 2.0, 1.0, 1.0, 2.0, 1.0, 1.0, 1.0, 1.0, 2.0, 2.0, 2.0, 1.0, 2.0, 2.0, 2.0, 2.0, 1.0, 2.0, 2.0], [2.0, 2.0, 2.0, 2.0, 1.0, 2.0, 2.0, 2.0, 2.0, 2.0, 1.0, 2.0, 2.0, 2.0, 1.0, 2.0, 2.0, 2.0, 2.0, 2.0, 2.0, 2.0, 1.0, 2.0, 1.0, 2.0, 2.0, 1.0, 1.0, 1.0, 2.0, 2.0, 2.0, 1.0, 2.0, 2.0, 2.0, 2.0, 1.0, 2.0, 2.0], [1.0, 2.0, 2.0, 2.0, 1.0, 2.0, 2.0, 2.0, 2.0, 2.0, 1.0, 2.0, 2.0, 1.0, 1.0, 2.0, 2.0, 2.0, 2.0, 2.0, 2.0, 2.0, 2.0, 2.0, 1.0, 2.0, 2.0, 1.0, 2.0, 1.0, 2.0, 2.0, 2.0, 2.0, 2.0, 2.0, 2.0, 2.0, 1.0, 2.0, 2.0], [2.0, 2.0, 2.0, 2.0, 1.0, 2.0, 2.0, 2.0, 2.0, 1.0, 1.0, 2.0, 2.0, 2.0, 2.0, 2.0, 2.0, 2.0, 2.0, 1.0, 2.0, 2.0, 2.0, 2.0, 1.0, 2.0, 2.0, 1.0, 2.0, 1.0, 2.0, 2.0, 2.0, 2.0, 1.0, 2.0, 2.0, 2.0, 1.0, 2.0, 2.0], [4.0, 2.0, 2.0, 2.0, 1.0, 2.0, 2.0, 2.0, 2.0, 2.0, 1.0, 2.0, 2.0, 2.0, 1.0, 2.0, 2.0, 2.0, 2.0, 2.0, 2.0, 2.0, 2.0, 2.0, 1.0, 2.0, 2.0, 1.0, 2.0, 1.0, 2.0, 2.0, 2.0, 2.0, 2.0, 2.0, 2.0, 2.0, 1.0, 2.0, 2.0], [2.0, 2.0, 2.0, 1.0, 1.0, 2.0, 2.0, 2.0, 2.0, 2.0, 1.0, 2.0, 2.0, 2.0, 1.0, 2.0, 2.0, 2.0, 2.0, 2.0, 2.0, 2.0, 2.0, 2.0, 1.0, 2.0, 2.0, 1.0, 1.0, 1.0, 2.0, 2.0, 2.0, 1.0, 2.0, 2.0, 2.0, 2.0, 1.0, 2.0, 2.0], [2.0, 2.0, 2.0, 1.0, 1.0, 2.0, 2.0, 2.0, 2.0, 2.0, 1.0, 2.0, 2.0, 2.0, 1.0, 2.0, 2.0, 2.0, 2.0, 2.0, 2.0, 2.0, 2.0, 2.0, 1.0, 2.0, 2.0, 1.0, 2.0, 1.0, 2.0, 2.0, 1.0, 2.0, 2.0, 2.0, 2.0, 2.0, 2.0, 2.0, 2.0], [2.0, 2.0, 2.0, 2.0, 1.0, 2.0, 2.0, 2.0, 2.0, 2.0, 1.0, 2.0, 2.0, 2.0, 1.0, 2.0, 2.0, 2.0, 2.0, 2.0, 2.0, 2.0, 2.0, 2.0, 1.0, 2.0, 2.0, 1.0, 1.0, 1.0, 2.0, 2.0, 2.0, 2.0, 2.0, 2.0, 2.0, 2.0, 1.0, 2.0, 2.0], [1.0, 2.0, 2.0, 2.0, 1.0, 2.0, 2.0, 2.0, 2.0, 2.0, 1.0, 2.0, 2.0, 2.0, 2.0, 2.0, 2.0, 2.0, 2.0, 2.0, 2.0, 2.0, 2.0, 2.0, 1.0, 2.0, 2.0, 1.0, 2.0, 1.0, 2.0, 2.0, 2.0, 2.0, 2.0, 2.0, 2.0, 2.0, 1.0, 1.0, 2.0], [2.0, 2.0, 2.0, 2.0, 1.0, 2.0, 2.0, 2.0, 2.0, 2.0, 1.0, 2.0, 2.0, 2.0, 1.0, 2.0, 2.0, 2.0, 1.0, 2.0, 2.0, 2.0, 1.0, 2.0, 1.0, 2.0, 2.0, 1.0, 1.0, 1.0, 2.0, 2.0, 2.0, 2.0, 2.0, 2.0, 2.0, 2.0, 1.0, 2.0, 2.0], [2.0, 2.0, 2.0, 2.0, 1.0, 2.0, 2.0, 2.0, 2.0, 2.0, 1.0, 2.0, 2.0, 2.0, 2.0, 2.0, 2.0, 2.0, 2.0, 2.0, 2.0, 2.0, 2.0, 2.0, 1.0, 2.0, 2.0, 1.0, 2.0, 1.0, 2.0, 2.0, 2.0, 2.0, 2.0, 2.0, 2.0, 2.0, 2.0, 2.0, 2.0], [1.0, 2.0, 2.0, 2.0, 1.0, 2.0, 2.0, 2.0, 2.0, 2.0, 1.0, 2.0, 2.0, 2.0, 2.0, 2.0, 2.0, 2.0, 2.0, 2.0, 2.0, 2.0, 1.0, 2.0, 1.0, 2.0, 2.0, 1.0, 1.0, 1.0, 2.0, 2.0, 2.0, 1.0, 2.0, 2.0, 2.0, 2.0, 1.0, 2.0, 2.0], [2.0, 2.0, 2.0, 2.0, 1.0, 2.0, 2.0, 2.0, 2.0, 2.0, 1.0, 2.0, 2.0, 2.0, 1.0, 2.0, 2.0, 2.0, 2.0, 2.0, 2.0, 2.0, 1.0, 2.0, 1.0, 2.0, 1.0, 1.0, 2.0, 1.0, 1.0, 2.0, 2.0, 2.0, 2.0, 2.0, 2.0, 2.0, 1.0, 2.0, 2.0], [2.0, 2.0, 2.0, 2.0, 1.0, 2.0, 2.0, 2.0, 2.0, 2.0, 1.0, 2.0, 2.0, 2.0, 1.0, 2.0, 2.0, 2.0, 2.0, 2.0, 2.0, 2.0, 2.0, 2.0, 1.0, 2.0, 2.0, 1.0, 1.0, 1.0, 2.0, 2.0, 2.0, 1.0, 2.0, 2.0, 2.0, 2.0, 1.0, 2.0, 2.0], [2.0, 2.0, 2.0, 2.0, 1.0, 2.0, 2.0, 2.0, 2.0, 2.0, 1.0, 2.0, 2.0, 2.0, 1.0, 2.0, 1.0, 2.0, 2.0, 2.0, 2.0, 2.0, 2.0, 2.0, 1.0, 2.0, 2.0, 1.0, 2.0, 1.0, 2.0, 2.0, 2.0, 1.0, 2.0, 2.0, 2.0, 2.0, 1.0, 2.0, 2.0], [4.0, 2.0, 2.0, 2.0, 1.0, 2.0, 2.0, 2.0, 2.0, 2.0, 1.0, 2.0, 2.0, 2.0, 1.0, 2.0, 2.0, 2.0, 2.0, 2.0, 2.0, 2.0, 2.0, 1.0, 1.0, 2.0, 2.0, 1.0, 1.0, 1.0, 2.0, 2.0, 2.0, 1.0, 2.0, 2.0, 2.0, 2.0, 1.0, 2.0, 2.0], [1.0, 2.0, 2.0, 1.0, 1.0, 2.0, 2.0, 2.0, 2.0, 2.0, 1.0, 2.0, 2.0, 2.0, 1.0, 2.0, 2.0, 2.0, 2.0, 2.0, 2.0, 2.0, 2.0, 2.0, 1.0, 2.0, 2.0, 1.0, 1.0, 1.0, 2.0, 2.0, 2.0, 1.0, 2.0, 2.0, 2.0, 2.0, 1.0, 2.0, 2.0], [1.0, 2.0, 2.0, 2.0, 1.0, 2.0, 2.0, 2.0, 2.0, 2.0, 1.0, 2.0, 2.0, 2.0, 2.0, 2.0, 2.0, 2.0, 2.0, 2.0, 2.0, 2.0, 1.0, 2.0, 1.0, 2.0, 2.0, 1.0, 2.0, 1.0, 2.0, 2.0, 2.0, 2.0, 2.0, 2.0, 2.0, 2.0, 1.0, 2.0, 2.0], [2.0, 2.0, 2.0, 2.0, 1.0, 1.0, 2.0, 2.0, 2.0, 2.0, 1.0, 2.0, 2.0, 2.0, 2.0, 2.0, 1.0, 2.0, 2.0, 2.0, 2.0, 2.0, 2.0, 2.0, 1.0, 2.0, 2.0, 1.0, 1.0, 1.0, 2.0, 2.0, 2.0, 1.0, 2.0, 2.0, 2.0, 2.0, 1.0, 2.0, 2.0], [2.0, 2.0, 2.0, 2.0, 1.0, 2.0, 2.0, 2.0, 2.0, 1.0, 1.0, 2.0, 2.0, 2.0, 1.0, 2.0, 2.0, 2.0, 2.0, 2.0, 1.0, 2.0, 2.0, 2.0, 1.0, 2.0, 2.0, 1.0, 1.0, 1.0, 2.0, 2.0, 2.0, 2.0, 1.0, 2.0, 2.0, 2.0, 1.0, 2.0, 2.0], [2.0, 2.0, 2.0, 2.0, 1.0, 2.0, 2.0, 2.0, 2.0, 2.0, 1.0, 2.0, 2.0, 2.0, 1.0, 2.0, 2.0, 2.0, 2.0, 2.0, 2.0, 2.0, 2.0, 2.0, 1.0, 2.0, 2.0, 1.0, 1.0, 1.0, 2.0, 2.0, 2.0, 2.0, 2.0, 2.0, 2.0, 2.0, 1.0, 2.0, 2.0], [4.0, 2.0, 2.0, 2.0, 1.0, 2.0, 2.0, 2.0, 2.0, 2.0, 1.0, 2.0, 2.0, 2.0, 2.0, 2.0, 2.0, 2.0, 2.0, 1.0, 2.0, 2.0, 1.0, 2.0, 1.0, 2.0, 2.0, 1.0, 1.0, 1.0, 2.0, 2.0, 2.0, 2.0, 2.0, 2.0, 2.0, 2.0, 1.0, 2.0, 2.0], [2.0, 2.0, 2.0, 1.0, 1.0, 2.0, 2.0, 2.0, 2.0, 2.0, 1.0, 2.0, 2.0, 2.0, 2.0, 2.0, 2.0, 2.0, 2.0, 2.0, 2.0, 2.0, 2.0, 2.0, 1.0, 2.0, 1.0, 1.0, 2.0, 1.0, 2.0, 2.0, 2.0, 1.0, 2.0, 2.0, 2.0, 2.0, 1.0, 2.0, 2.0], [2.0, 2.0, 2.0, 2.0, 1.0, 2.0, 2.0, 2.0, 2.0, 2.0, 1.0, 2.0, 2.0, 2.0, 1.0, 2.0, 1.0, 2.0, 2.0, 2.0, 1.0, 2.0, 2.0, 2.0, 1.0, 2.0, 2.0, 1.0, 1.0, 1.0, 2.0, 2.0, 2.0, 1.0, 2.0, 2.0, 2.0, 2.0, 2.0, 2.0, 2.0], [4.0, 2.0, 2.0, 2.0, 1.0, 2.0, 2.0, 2.0, 2.0, 2.0, 1.0, 2.0, 2.0, 2.0, 1.0, 2.0, 2.0, 2.0, 2.0, 2.0, 2.0, 2.0, 2.0, 2.0, 1.0, 2.0, 1.0, 1.0, 2.0, 1.0, 2.0, 2.0, 2.0, 1.0, 2.0, 2.0, 2.0, 2.0, 1.0, 2.0, 2.0], [4.0, 2.0, 2.0, 2.0, 1.0, 2.0, 2.0, 2.0, 2.0, 2.0, 1.0, 2.0, 2.0, 2.0, 1.0, 2.0, 2.0, 2.0, 2.0, 2.0, 2.0, 2.0, 2.0, 2.0, 1.0, 2.0, 2.0, 1.0, 1.0, 1.0, 2.0, 2.0, 2.0, 2.0, 2.0, 2.0, 2.0, 2.0, 1.0, 2.0, 2.0], [2.0, 2.0, 2.0, 2.0, 1.0, 1.0, 2.0, 2.0, 2.0, 1.0, 1.0, 2.0, 2.0, 2.0, 2.0, 2.0, 1.0, 2.0, 2.0, 2.0, 2.0, 2.0, 2.0, 2.0, 1.0, 2.0, 2.0, 1.0, 1.0, 1.0, 2.0, 2.0, 2.0, 2.0, 2.0, 2.0, 2.0, 2.0, 1.0, 2.0, 2.0], [2.0, 2.0, 2.0, 2.0, 1.0, 2.0, 2.0, 2.0, 2.0, 1.0, 1.0, 2.0, 4.0, 2.0, 2.0, 2.0, 2.0, 2.0, 2.0, 2.0, 2.0, 2.0, 2.0, 2.0, 1.0, 2.0, 2.0, 1.0, 1.0, 1.0, 2.0, 2.0, 2.0, 2.0, 2.0, 2.0, 2.0, 2.0, 2.0, 2.0, 2.0], [1.0, 2.0, 2.0, 2.0, 1.0, 2.0, 2.0, 2.0, 2.0, 2.0, 1.0, 2.0, 2.0, 2.0, 1.0, 2.0, 1.0, 2.0, 2.0, 2.0, 2.0, 2.0, 2.0, 2.0, 1.0, 2.0, 2.0, 1.0, 1.0, 1.0, 2.0, 2.0, 2.0, 1.0, 2.0, 2.0, 2.0, 2.0, 1.0, 2.0, 2.0], [4.0, 2.0, 1.0, 2.0, 1.0, 2.0, 2.0, 2.0, 2.0, 1.0, 1.0, 2.0, 2.0, 2.0, 2.0, 2.0, 2.0, 2.0, 2.0, 2.0, 2.0, 2.0, 2.0, 2.0, 1.0, 2.0, 2.0, 1.0, 2.0, 1.0, 2.0, 2.0, 2.0, 2.0, 2.0, 2.0, 1.0, 2.0, 1.0, 2.0, 2.0], [1.0, 2.0, 2.0, 2.0, 1.0, 2.0, 2.0, 2.0, 2.0, 2.0, 1.0, 2.0, 2.0, 2.0, 2.0, 2.0, 2.0, 2.0, 2.0, 2.0, 2.0, 2.0, 1.0, 2.0, 1.0, 2.0, 2.0, 1.0, 1.0, 1.0, 2.0, 2.0, 2.0, 1.0, 2.0, 2.0, 2.0, 2.0, 1.0, 2.0, 2.0], [4.0, 2.0, 2.0, 2.0, 1.0, 2.0, 2.0, 2.0, 2.0, 1.0, 1.0, 2.0, 4.0, 2.0, 1.0, 2.0, 2.0, 2.0, 2.0, 2.0, 2.0, 2.0, 2.0, 2.0, 1.0, 2.0, 2.0, 1.0, 1.0, 1.0, 2.0, 2.0, 2.0, 2.0, 2.0, 2.0, 2.0, 2.0, 1.0, 2.0, 2.0], [2.0, 2.0, 2.0, 2.0, 1.0, 2.0, 2.0, 2.0, 2.0, 2.0, 1.0, 2.0, 2.0, 2.0, 2.0, 2.0, 2.0, 2.0, 2.0, 2.0, 2.0, 2.0, 1.0, 2.0, 1.0, 2.0, 2.0, 1.0, 1.0, 1.0, 2.0, 2.0, 2.0, 2.0, 2.0, 2.0, 2.0, 2.0, 1.0, 2.0, 2.0], [2.0, 2.0, 2.0, 2.0, 1.0, 2.0, 2.0, 2.0, 2.0, 2.0, 1.0, 2.0, 4.0, 2.0, 1.0, 2.0, 2.0, 2.0, 2.0, 2.0, 2.0, 2.0, 2.0, 2.0, 1.0, 2.0, 2.0, 1.0, 1.0, 1.0, 2.0, 2.0, 2.0, 2.0, 2.0, 2.0, 2.0, 2.0, 1.0, 2.0, 2.0], [1.0, 1.0, 2.0, 2.0, 1.0, 2.0, 2.0, 2.0, 2.0, 2.0, 1.0, 2.0, 2.0, 2.0, 1.0, 2.0, 2.0, 2.0, 2.0, 2.0, 2.0, 2.0, 2.0, 2.0, 1.0, 2.0, 2.0, 1.0, 2.0, 1.0, 2.0, 2.0, 2.0, 2.0, 2.0, 2.0, 2.0, 2.0, 1.0, 2.0, 2.0], [3.0, 2.0, 2.0, 2.0, 1.0, 2.0, 2.0, 2.0, 2.0, 2.0, 1.0, 2.0, 2.0, 2.0, 1.0, 2.0, 2.0, 2.0, 2.0, 2.0, 2.0, 2.0, 2.0, 2.0, 1.0, 2.0, 2.0, 1.0, 1.0, 1.0, 2.0, 2.0, 2.0, 1.0, 2.0, 2.0, 2.0, 2.0, 1.0, 2.0, 2.0], [2.0, 2.0, 2.0, 2.0, 1.0, 2.0, 2.0, 2.0, 2.0, 2.0, 1.0, 2.0, 2.0, 2.0, 2.0, 2.0, 2.0, 2.0, 2.0, 1.0, 2.0, 2.0, 2.0, 2.0, 1.0, 2.0, 1.0, 1.0, 1.0, 1.0, 2.0, 2.0, 2.0, 2.0, 2.0, 2.0, 2.0, 2.0, 1.0, 1.0, 2.0], [2.0, 2.0, 2.0, 2.0, 1.0, 2.0, 2.0, 2.0, 2.0, 1.0, 1.0, 2.0, 2.0, 2.0, 1.0, 2.0, 2.0, 2.0, 2.0, 2.0, 2.0, 2.0, 1.0, 2.0, 1.0, 2.0, 1.0, 1.0, 1.0, 1.0, 2.0, 2.0, 2.0, 1.0, 2.0, 2.0, 1.0, 2.0, 1.0, 2.0, 2.0], [2.0, 2.0, 2.0, 2.0, 1.0, 2.0, 2.0, 2.0, 2.0, 2.0, 1.0, 2.0, 2.0, 2.0, 2.0, 2.0, 2.0, 2.0, 2.0, 2.0, 2.0, 2.0, 2.0, 2.0, 1.0, 2.0, 2.0, 1.0, 1.0, 1.0, 2.0, 2.0, 2.0, 1.0, 2.0, 2.0, 2.0, 2.0, 1.0, 2.0, 2.0], [1.0, 2.0, 2.0, 2.0, 1.0, 2.0, 2.0, 2.0, 2.0, 1.0, 1.0, 2.0, 2.0, 2.0, 1.0, 2.0, 1.0, 2.0, 2.0, 2.0, 2.0, 2.0, 2.0, 2.0, 1.0, 2.0, 2.0, 1.0, 1.0, 1.0, 2.0, 2.0, 2.0, 1.0, 2.0, 2.0, 2.0, 2.0, 1.0, 2.0, 2.0], [1.0, 2.0, 2.0, 2.0, 1.0, 2.0, 2.0, 2.0, 2.0, 2.0, 1.0, 2.0, 2.0, 2.0, 2.0, 2.0, 2.0, 2.0, 2.0, 2.0, 2.0, 2.0, 2.0, 2.0, 1.0, 2.0, 1.0, 1.0, 1.0, 1.0, 2.0, 2.0, 2.0, 2.0, 2.0, 2.0, 2.0, 2.0, 1.0, 2.0, 2.0], [1.0, 2.0, 2.0, 2.0, 1.0, 2.0, 2.0, 2.0, 2.0, 1.0, 1.0, 2.0, 2.0, 2.0, 1.0, 2.0, 2.0, 2.0, 2.0, 2.0, 2.0, 4.0, 2.0, 2.0, 1.0, 2.0, 2.0, 1.0, 1.0, 1.0, 2.0, 2.0, 2.0, 2.0, 2.0, 2.0, 1.0, 2.0, 1.0, 2.0, 2.0], [2.0, 2.0, 2.0, 2.0, 1.0, 2.0, 2.0, 2.0, 2.0, 2.0, 1.0, 2.0, 2.0, 2.0, 1.0, 2.0, 1.0, 2.0, 2.0, 2.0, 2.0, 2.0, 2.0, 2.0, 1.0, 2.0, 2.0, 1.0, 1.0, 1.0, 2.0, 2.0, 2.0, 2.0, 2.0, 2.0, 2.0, 2.0, 1.0, 2.0, 2.0], [2.0, 2.0, 2.0, 2.0, 1.0, 2.0, 2.0, 2.0, 2.0, 2.0, 1.0, 2.0, 2.0, 2.0, 2.0, 2.0, 2.0, 2.0, 2.0, 2.0, 2.0, 2.0, 2.0, 2.0, 1.0, 2.0, 2.0, 1.0, 1.0, 1.0, 2.0, 2.0, 2.0, 1.0, 2.0, 2.0, 2.0, 2.0, 1.0, 2.0, 2.0], [1.0, 2.0, 2.0, 2.0, 1.0, 2.0, 2.0, 2.0, 2.0, 2.0, 1.0, 2.0, 2.0, 2.0, 1.0, 2.0, 1.0, 2.0, 2.0, 2.0, 2.0, 2.0, 2.0, 2.0, 1.0, 2.0, 2.0, 1.0, 2.0, 1.0, 2.0, 2.0, 1.0, 1.0, 2.0, 2.0, 2.0, 2.0, 2.0, 1.0, 2.0], [3.0, 2.0, 2.0, 2.0, 1.0, 2.0, 2.0, 2.0, 2.0, 2.0, 1.0, 2.0, 2.0, 2.0, 1.0, 2.0, 2.0, 2.0, 2.0, 2.0, 2.0, 2.0, 2.0, 2.0, 1.0, 2.0, 1.0, 1.0, 1.0, 1.0, 2.0, 2.0, 2.0, 2.0, 1.0, 2.0, 2.0, 2.0, 1.0, 2.0, 2.0]]

first layer check: Conv2d(9, 64, kernel_size=(7, 7), stride=(2, 2), padding=(3, 3), bias=False)

for model 3: mode acc: 0.31707316637039185, run mean acc: 0.3244999647140503, top-2 acc:0.5101666450500488, mode f1: 0.31707316637039185

model 3 mode preds
[0.0, 2.0, 2.0, 2.0, 1.0, 2.0, 2.0, 2.0, 2.0, 2.0, 2.0, 5.0, 4.0, 2.0, 2.0, 4.0, 2.0, 2.0, 5.0, 2.0, 4.0, 2.0, 2.0, 2.0, 2.0, 4.0, 2.0, 2.0, 2.0, 1.0, 2.0, 2.0, 2.0, 2.0, 2.0, 4.0, 2.0, 5.0, 2.0, 2.0, 5.0]

model 3 all preds
[[0.0, 2.0, 4.0, 2.0, 1.0, 4.0, 2.0, 4.0, 2.0, 2.0, 2.0, 2.0, 4.0, 2.0, 2.0, 4.0, 2.0, 2.0, 2.0, 2.0, 2.0, 2.0, 2.0, 2.0, 2.0, 4.0, 2.0, 2.0, 2.0, 1.0, 2.0, 2.0, 2.0, 2.0, 2.0, 2.0, 2.0, 2.0, 2.0, 2.0, 2.0], [0.0, 2.0, 2.0, 2.0, 1.0, 4.0, 4.0, 2.0, 2.0, 2.0, 2.0, 5.0, 4.0, 2.0, 2.0, 4.0, 2.0, 2.0, 2.0, 2.0, 2.0, 2.0, 2.0, 2.0, 2.0, 4.0, 2.0, 2.0, 2.0, 1.0, 2.0, 2.0, 2.0, 2.0, 4.0, 4.0, 2.0, 5.0, 1.0, 0.0, 2.0], [0.0, 4.0, 4.0, 2.0, 1.0, 4.0, 4.0, 2.0, 2.0, 2.0, 2.0, 5.0, 4.0, 2.0, 0.0, 4.0, 2.0, 2.0, 5.0, 2.0, 4.0, 2.0, 2.0, 2.0, 2.0, 2.0, 2.0, 2.0, 2.0, 1.0, 2.0, 4.0, 2.0, 2.0, 2.0, 2.0, 2.0, 2.0, 2.0, 2.0, 5.0], [0.0, 2.0, 2.0, 2.0, 1.0, 2.0, 4.0, 2.0, 2.0, 4.0, 2.0, 2.0, 4.0, 0.0, 0.0, 2.0, 5.0, 2.0, 2.0, 4.0, 4.0, 2.0, 2.0, 2.0, 2.0, 4.0, 2.0, 2.0, 2.0, 1.0, 2.0, 2.0, 2.0, 2.0, 2.0, 4.0, 2.0, 5.0, 1.0, 2.0, 5.0], [0.0, 2.0, 2.0, 5.0, 1.0, 4.0, 2.0, 4.0, 2.0, 2.0, 2.0, 5.0, 4.0, 2.0, 2.0, 2.0, 2.0, 2.0, 5.0, 2.0, 4.0, 2.0, 2.0, 2.0, 2.0, 2.0, 2.0, 2.0, 2.0, 2.0, 2.0, 4.0, 2.0, 2.0, 2.0, 2.0, 2.0, 5.0, 2.0, 4.0, 5.0], [0.0, 2.0, 2.0, 2.0, 1.0, 4.0, 4.0, 2.0, 2.0, 2.0, 2.0, 2.0, 4.0, 2.0, 0.0, 4.0, 2.0, 2.0, 2.0, 2.0, 4.0, 5.0, 2.0, 2.0, 2.0, 4.0, 4.0, 2.0, 2.0, 1.0, 2.0, 2.0, 2.0, 2.0, 2.0, 4.0, 2.0, 5.0, 2.0, 2.0, 2.0], [0.0, 2.0, 2.0, 2.0, 1.0, 4.0, 2.0, 2.0, 2.0, 1.0, 2.0, 4.0, 2.0, 2.0, 2.0, 4.0, 2.0, 2.0, 2.0, 4.0, 4.0, 2.0, 2.0, 2.0, 2.0, 4.0, 2.0, 2.0, 2.0, 2.0, 2.0, 2.0, 2.0, 2.0, 2.0, 4.0, 2.0, 5.0, 1.0, 2.0, 5.0], [2.0, 4.0, 2.0, 5.0, 1.0, 2.0, 2.0, 4.0, 2.0, 2.0, 2.0, 5.0, 2.0, 2.0, 0.0, 2.0, 2.0, 2.0, 5.0, 2.0, 4.0, 2.0, 2.0, 2.0, 2.0, 4.0, 5.0, 2.0, 2.0, 1.0, 2.0, 4.0, 2.0, 2.0, 2.0, 4.0, 2.0, 5.0, 2.0, 2.0, 5.0], [0.0, 2.0, 4.0, 2.0, 1.0, 4.0, 2.0, 2.0, 2.0, 2.0, 2.0, 5.0, 4.0, 2.0, 2.0, 2.0, 2.0, 2.0, 5.0, 2.0, 2.0, 2.0, 2.0, 2.0, 2.0, 4.0, 2.0, 2.0, 2.0, 1.0, 2.0, 2.0, 2.0, 2.0, 2.0, 2.0, 2.0, 4.0, 2.0, 2.0, 5.0], [0.0, 5.0, 4.0, 2.0, 1.0, 2.0, 2.0, 4.0, 2.0, 4.0, 2.0, 5.0, 4.0, 2.0, 2.0, 2.0, 5.0, 2.0, 2.0, 2.0, 2.0, 2.0, 2.0, 0.0, 2.0, 2.0, 2.0, 2.0, 2.0, 1.0, 2.0, 5.0, 2.0, 2.0, 2.0, 4.0, 2.0, 5.0, 2.0, 2.0, 2.0], [0.0, 2.0, 2.0, 2.0, 1.0, 4.0, 2.0, 4.0, 2.0, 2.0, 2.0, 5.0, 4.0, 2.0, 2.0, 2.0, 2.0, 2.0, 5.0, 2.0, 2.0, 2.0, 2.0, 2.0, 2.0, 2.0, 2.0, 2.0, 2.0, 2.0, 2.0, 4.0, 4.0, 2.0, 1.0, 2.0, 2.0, 5.0, 1.0, 2.0, 5.0], [0.0, 2.0, 2.0, 4.0, 1.0, 4.0, 2.0, 2.0, 2.0, 2.0, 2.0, 2.0, 4.0, 2.0, 2.0, 2.0, 2.0, 2.0, 2.0, 4.0, 2.0, 2.0, 2.0, 2.0, 2.0, 2.0, 2.0, 2.0, 2.0, 1.0, 2.0, 2.0, 4.0, 2.0, 4.0, 2.0, 2.0, 5.0, 2.0, 2.0, 5.0], [0.0, 2.0, 4.0, 4.0, 1.0, 2.0, 2.0, 4.0, 2.0, 2.0, 2.0, 2.0, 4.0, 2.0, 0.0, 4.0, 2.0, 2.0, 5.0, 2.0, 0.0, 2.0, 2.0, 2.0, 2.0, 2.0, 2.0, 2.0, 2.0, 1.0, 2.0, 2.0, 2.0, 2.0, 2.0, 4.0, 2.0, 5.0, 2.0, 2.0, 5.0], [0.0, 2.0, 4.0, 5.0, 1.0, 2.0, 2.0, 4.0, 2.0, 2.0, 2.0, 5.0, 2.0, 2.0, 2.0, 2.0, 2.0, 2.0, 2.0, 2.0, 4.0, 5.0, 2.0, 0.0, 2.0, 2.0, 2.0, 2.0, 2.0, 1.0, 2.0, 4.0, 2.0, 2.0, 2.0, 4.0, 2.0, 2.0, 2.0, 2.0, 5.0], [0.0, 2.0, 2.0, 2.0, 1.0, 4.0, 2.0, 2.0, 2.0, 2.0, 2.0, 5.0, 4.0, 2.0, 2.0, 2.0, 2.0, 2.0, 5.0, 2.0, 4.0, 2.0, 2.0, 2.0, 2.0, 4.0, 2.0, 2.0, 2.0, 1.0, 2.0, 2.0, 2.0, 2.0, 2.0, 4.0, 2.0, 5.0, 1.0, 2.0, 5.0], [0.0, 2.0, 2.0, 2.0, 1.0, 2.0, 2.0, 2.0, 2.0, 2.0, 2.0, 2.0, 4.0, 2.0, 2.0, 4.0, 2.0, 2.0, 5.0, 2.0, 4.0, 2.0, 2.0, 2.0, 2.0, 4.0, 4.0, 2.0, 2.0, 1.0, 2.0, 2.0, 2.0, 2.0, 2.0, 4.0, 2.0, 5.0, 2.0, 2.0, 5.0], [0.0, 2.0, 2.0, 2.0, 1.0, 2.0, 2.0, 4.0, 2.0, 2.0, 2.0, 5.0, 4.0, 2.0, 2.0, 4.0, 5.0, 2.0, 2.0, 2.0, 4.0, 2.0, 2.0, 4.0, 2.0, 2.0, 2.0, 2.0, 2.0, 1.0, 2.0, 2.0, 2.0, 2.0, 2.0, 2.0, 2.0, 2.0, 2.0, 2.0, 2.0], [2.0, 2.0, 2.0, 2.0, 1.0, 2.0, 4.0, 2.0, 5.0, 2.0, 2.0, 5.0, 4.0, 2.0, 2.0, 4.0, 2.0, 2.0, 2.0, 4.0, 4.0, 2.0, 2.0, 2.0, 2.0, 2.0, 4.0, 2.0, 2.0, 2.0, 2.0, 2.0, 2.0, 2.0, 4.0, 4.0, 2.0, 2.0, 2.0, 2.0, 2.0], [0.0, 2.0, 4.0, 2.0, 1.0, 2.0, 2.0, 2.0, 2.0, 2.0, 2.0, 5.0, 4.0, 2.0, 2.0, 2.0, 2.0, 2.0, 2.0, 2.0, 4.0, 2.0, 2.0, 2.0, 2.0, 2.0, 2.0, 2.0, 2.0, 2.0, 2.0, 2.0, 4.0, 2.0, 2.0, 4.0, 2.0, 5.0, 2.0, 2.0, 5.0], [0.0, 2.0, 2.0, 2.0, 1.0, 2.0, 2.0, 2.0, 2.0, 2.0, 2.0, 2.0, 4.0, 2.0, 0.0, 4.0, 2.0, 2.0, 2.0, 4.0, 4.0, 2.0, 2.0, 2.0, 2.0, 2.0, 2.0, 2.0, 2.0, 2.0, 2.0, 2.0, 2.0, 2.0, 4.0, 4.0, 2.0, 5.0, 1.0, 2.0, 5.0], [0.0, 2.0, 4.0, 2.0, 1.0, 4.0, 4.0, 5.0, 2.0, 1.0, 2.0, 2.0, 4.0, 2.0, 2.0, 4.0, 2.0, 2.0, 2.0, 2.0, 4.0, 5.0, 2.0, 2.0, 2.0, 4.0, 4.0, 2.0, 2.0, 1.0, 2.0, 2.0, 2.0, 2.0, 2.0, 4.0, 2.0, 2.0, 1.0, 2.0, 2.0], [0.0, 2.0, 2.0, 2.0, 1.0, 2.0, 2.0, 2.0, 2.0, 4.0, 2.0, 5.0, 4.0, 2.0, 2.0, 4.0, 5.0, 2.0, 2.0, 2.0, 4.0, 2.0, 4.0, 2.0, 2.0, 4.0, 2.0, 2.0, 2.0, 1.0, 2.0, 2.0, 2.0, 2.0, 2.0, 2.0, 2.0, 5.0, 2.0, 2.0, 2.0], [0.0, 2.0, 2.0, 4.0, 1.0, 4.0, 2.0, 2.0, 5.0, 2.0, 2.0, 5.0, 2.0, 2.0, 0.0, 4.0, 2.0, 2.0, 5.0, 4.0, 4.0, 2.0, 2.0, 2.0, 2.0, 4.0, 2.0, 2.0, 2.0, 1.0, 2.0, 4.0, 2.0, 2.0, 2.0, 4.0, 2.0, 5.0, 2.0, 2.0, 5.0], [0.0, 2.0, 2.0, 4.0, 1.0, 2.0, 2.0, 2.0, 2.0, 2.0, 2.0, 5.0, 4.0, 2.0, 2.0, 4.0, 2.0, 2.0, 2.0, 2.0, 4.0, 5.0, 2.0, 2.0, 2.0, 2.0, 2.0, 2.0, 2.0, 2.0, 2.0, 2.0, 2.0, 2.0, 2.0, 4.0, 2.0, 5.0, 2.0, 2.0, 5.0], [0.0, 2.0, 2.0, 2.0, 1.0, 4.0, 2.0, 4.0, 2.0, 2.0, 2.0, 4.0, 4.0, 2.0, 2.0, 4.0, 5.0, 2.0, 2.0, 4.0, 4.0, 4.0, 2.0, 2.0, 2.0, 4.0, 2.0, 2.0, 2.0, 2.0, 2.0, 2.0, 2.0, 2.0, 2.0, 4.0, 2.0, 5.0, 2.0, 0.0, 5.0], [0.0, 2.0, 2.0, 5.0, 1.0, 4.0, 2.0, 2.0, 2.0, 2.0, 2.0, 2.0, 4.0, 2.0, 0.0, 4.0, 2.0, 2.0, 2.0, 2.0, 4.0, 5.0, 2.0, 2.0, 2.0, 4.0, 2.0, 2.0, 2.0, 2.0, 2.0, 2.0, 2.0, 2.0, 2.0, 4.0, 2.0, 5.0, 2.0, 2.0, 5.0], [0.0, 2.0, 4.0, 4.0, 1.0, 2.0, 2.0, 4.0, 2.0, 2.0, 2.0, 5.0, 4.0, 2.0, 2.0, 4.0, 2.0, 2.0, 5.0, 2.0, 4.0, 2.0, 2.0, 2.0, 2.0, 2.0, 2.0, 2.0, 2.0, 1.0, 2.0, 2.0, 2.0, 2.0, 4.0, 2.0, 2.0, 5.0, 1.0, 2.0, 5.0], [0.0, 2.0, 2.0, 2.0, 1.0, 4.0, 4.0, 5.0, 2.0, 1.0, 2.0, 2.0, 2.0, 2.0, 0.0, 2.0, 2.0, 2.0, 5.0, 4.0, 4.0, 2.0, 2.0, 2.0, 2.0, 2.0, 4.0, 2.0, 2.0, 1.0, 2.0, 2.0, 2.0, 2.0, 2.0, 4.0, 2.0, 5.0, 2.0, 2.0, 5.0], [0.0, 2.0, 2.0, 2.0, 1.0, 2.0, 4.0, 4.0, 2.0, 2.0, 2.0, 5.0, 4.0, 2.0, 0.0, 4.0, 2.0, 2.0, 5.0, 2.0, 4.0, 5.0, 2.0, 2.0, 2.0, 4.0, 4.0, 2.0, 2.0, 1.0, 2.0, 2.0, 2.0, 2.0, 2.0, 2.0, 2.0, 2.0, 2.0, 2.0, 2.0], [0.0, 2.0, 2.0, 5.0, 1.0, 2.0, 2.0, 4.0, 2.0, 2.0, 2.0, 2.0, 4.0, 2.0, 0.0, 4.0, 2.0, 2.0, 5.0, 2.0, 4.0, 2.0, 2.0, 2.0, 2.0, 4.0, 2.0, 2.0, 2.0, 1.0, 2.0, 2.0, 2.0, 2.0, 2.0, 4.0, 2.0, 5.0, 2.0, 2.0, 5.0], [0.0, 2.0, 2.0, 2.0, 1.0, 2.0, 2.0, 2.0, 2.0, 2.0, 2.0, 5.0, 4.0, 2.0, 0.0, 4.0, 2.0, 2.0, 5.0, 2.0, 4.0, 2.0, 2.0, 4.0, 2.0, 4.0, 2.0, 2.0, 2.0, 1.0, 2.0, 5.0, 2.0, 2.0, 4.0, 4.0, 2.0, 5.0, 2.0, 2.0, 5.0], [0.0, 2.0, 4.0, 2.0, 1.0, 2.0, 4.0, 2.0, 2.0, 2.0, 2.0, 2.0, 4.0, 2.0, 2.0, 4.0, 2.0, 2.0, 5.0, 4.0, 4.0, 2.0, 2.0, 2.0, 2.0, 4.0, 2.0, 2.0, 2.0, 2.0, 2.0, 2.0, 2.0, 2.0, 4.0, 4.0, 2.0, 2.0, 2.0, 2.0, 2.0], [0.0, 2.0, 2.0, 2.0, 1.0, 2.0, 2.0, 2.0, 2.0, 4.0, 2.0, 4.0, 2.0, 2.0, 2.0, 4.0, 2.0, 2.0, 5.0, 2.0, 4.0, 2.0, 2.0, 2.0, 2.0, 4.0, 2.0, 2.0, 2.0, 1.0, 2.0, 2.0, 2.0, 2.0, 2.0, 2.0, 2.0, 5.0, 2.0, 0.0, 5.0], [0.0, 2.0, 2.0, 5.0, 1.0, 2.0, 2.0, 2.0, 2.0, 1.0, 2.0, 5.0, 4.0, 2.0, 0.0, 4.0, 5.0, 2.0, 5.0, 2.0, 4.0, 2.0, 2.0, 2.0, 2.0, 4.0, 2.0, 2.0, 2.0, 1.0, 2.0, 2.0, 2.0, 2.0, 2.0, 4.0, 2.0, 5.0, 2.0, 2.0, 5.0], [0.0, 5.0, 2.0, 2.0, 1.0, 4.0, 4.0, 4.0, 2.0, 2.0, 2.0, 5.0, 2.0, 2.0, 2.0, 4.0, 2.0, 2.0, 5.0, 4.0, 4.0, 5.0, 2.0, 2.0, 2.0, 2.0, 4.0, 2.0, 2.0, 1.0, 2.0, 2.0, 2.0, 2.0, 4.0, 2.0, 2.0, 5.0, 2.0, 2.0, 5.0], [2.0, 2.0, 2.0, 2.0, 1.0, 2.0, 2.0, 2.0, 2.0, 2.0, 1.0, 5.0, 4.0, 2.0, 2.0, 4.0, 2.0, 2.0, 2.0, 2.0, 0.0, 2.0, 2.0, 2.0, 2.0, 4.0, 2.0, 2.0, 2.0, 1.0, 2.0, 2.0, 2.0, 2.0, 4.0, 2.0, 2.0, 5.0, 1.0, 2.0, 2.0], [0.0, 2.0, 4.0, 2.0, 1.0, 4.0, 2.0, 2.0, 2.0, 2.0, 2.0, 2.0, 2.0, 2.0, 2.0, 4.0, 2.0, 2.0, 5.0, 2.0, 4.0, 2.0, 2.0, 0.0, 2.0, 4.0, 2.0, 2.0, 2.0, 1.0, 2.0, 2.0, 4.0, 2.0, 2.0, 2.0, 2.0, 5.0, 2.0, 0.0, 5.0], [2.0, 2.0, 4.0, 2.0, 1.0, 2.0, 2.0, 4.0, 2.0, 2.0, 1.0, 5.0, 4.0, 2.0, 2.0, 2.0, 2.0, 2.0, 5.0, 2.0, 4.0, 2.0, 2.0, 4.0, 2.0, 4.0, 2.0, 2.0, 2.0, 1.0, 2.0, 2.0, 2.0, 2.0, 2.0, 4.0, 2.0, 5.0, 2.0, 2.0, 5.0], [0.0, 2.0, 4.0, 5.0, 1.0, 4.0, 2.0, 2.0, 2.0, 2.0, 2.0, 2.0, 4.0, 2.0, 2.0, 4.0, 2.0, 2.0, 5.0, 4.0, 2.0, 2.0, 2.0, 2.0, 2.0, 2.0, 4.0, 2.0, 2.0, 2.0, 2.0, 2.0, 2.0, 2.0, 2.0, 4.0, 2.0, 5.0, 2.0, 2.0, 2.0], [0.0, 2.0, 2.0, 2.0, 1.0, 4.0, 2.0, 2.0, 2.0, 2.0, 2.0, 2.0, 2.0, 2.0, 0.0, 4.0, 2.0, 2.0, 5.0, 2.0, 4.0, 2.0, 2.0, 2.0, 2.0, 2.0, 4.0, 2.0, 2.0, 1.0, 2.0, 4.0, 2.0, 2.0, 2.0, 2.0, 2.0, 5.0, 2.0, 2.0, 5.0], [0.0, 2.0, 2.0, 2.0, 1.0, 2.0, 2.0, 2.0, 2.0, 2.0, 2.0, 2.0, 4.0, 2.0, 2.0, 4.0, 2.0, 2.0, 2.0, 2.0, 4.0, 2.0, 2.0, 0.0, 2.0, 2.0, 2.0, 2.0, 2.0, 1.0, 2.0, 2.0, 2.0, 2.0, 2.0, 4.0, 2.0, 5.0, 2.0, 2.0, 5.0], [0.0, 2.0, 4.0, 2.0, 1.0, 4.0, 2.0, 2.0, 2.0, 1.0, 1.0, 5.0, 4.0, 2.0, 2.0, 4.0, 5.0, 2.0, 5.0, 2.0, 4.0, 2.0, 2.0, 2.0, 2.0, 2.0, 4.0, 2.0, 2.0, 1.0, 2.0, 2.0, 2.0, 2.0, 2.0, 2.0, 2.0, 5.0, 1.0, 2.0, 5.0], [0.0, 2.0, 4.0, 2.0, 1.0, 4.0, 2.0, 4.0, 2.0, 1.0, 2.0, 5.0, 2.0, 2.0, 0.0, 2.0, 2.0, 2.0, 5.0, 4.0, 0.0, 5.0, 2.0, 2.0, 2.0, 2.0, 2.0, 2.0, 2.0, 1.0, 2.0, 5.0, 2.0, 2.0, 2.0, 2.0, 2.0, 5.0, 2.0, 2.0, 5.0], [0.0, 2.0, 2.0, 2.0, 1.0, 4.0, 2.0, 2.0, 2.0, 2.0, 2.0, 2.0, 4.0, 2.0, 2.0, 4.0, 2.0, 2.0, 5.0, 2.0, 2.0, 2.0, 2.0, 2.0, 2.0, 4.0, 4.0, 2.0, 2.0, 1.0, 2.0, 2.0, 2.0, 2.0, 2.0, 2.0, 2.0, 5.0, 2.0, 2.0, 5.0], [0.0, 2.0, 2.0, 2.0, 1.0, 4.0, 2.0, 2.0, 2.0, 2.0, 2.0, 2.0, 2.0, 2.0, 2.0, 4.0, 2.0, 2.0, 2.0, 2.0, 4.0, 2.0, 2.0, 2.0, 2.0, 4.0, 4.0, 2.0, 2.0, 2.0, 2.0, 4.0, 2.0, 2.0, 4.0, 4.0, 2.0, 5.0, 2.0, 2.0, 5.0], [0.0, 2.0, 4.0, 2.0, 1.0, 4.0, 2.0, 4.0, 2.0, 2.0, 2.0, 2.0, 4.0, 2.0, 2.0, 4.0, 2.0, 2.0, 2.0, 2.0, 4.0, 4.0, 2.0, 4.0, 2.0, 4.0, 2.0, 2.0, 2.0, 1.0, 2.0, 2.0, 2.0, 2.0, 2.0, 4.0, 2.0, 5.0, 2.0, 2.0, 2.0], [0.0, 2.0, 2.0, 4.0, 1.0, 2.0, 2.0, 2.0, 2.0, 4.0, 2.0, 5.0, 4.0, 2.0, 0.0, 4.0, 2.0, 2.0, 5.0, 2.0, 4.0, 2.0, 2.0, 2.0, 2.0, 2.0, 2.0, 2.0, 2.0, 1.0, 2.0, 2.0, 2.0, 2.0, 4.0, 4.0, 2.0, 5.0, 2.0, 2.0, 2.0], [0.0, 2.0, 2.0, 2.0, 1.0, 2.0, 2.0, 2.0, 2.0, 2.0, 2.0, 5.0, 4.0, 2.0, 2.0, 4.0, 2.0, 2.0, 2.0, 4.0, 4.0, 5.0, 2.0, 2.0, 2.0, 4.0, 2.0, 2.0, 2.0, 1.0, 2.0, 4.0, 2.0, 2.0, 2.0, 4.0, 2.0, 5.0, 1.0, 2.0, 2.0], [0.0, 5.0, 2.0, 2.0, 1.0, 4.0, 2.0, 2.0, 2.0, 1.0, 2.0, 5.0, 2.0, 2.0, 2.0, 4.0, 5.0, 2.0, 5.0, 4.0, 4.0, 2.0, 2.0, 2.0, 2.0, 4.0, 4.0, 2.0, 2.0, 1.0, 2.0, 2.0, 2.0, 2.0, 2.0, 4.0, 2.0, 2.0, 2.0, 0.0, 5.0], [0.0, 2.0, 4.0, 2.0, 1.0, 2.0, 4.0, 2.0, 2.0, 2.0, 2.0, 5.0, 4.0, 2.0, 0.0, 4.0, 2.0, 2.0, 5.0, 2.0, 4.0, 2.0, 2.0, 2.0, 2.0, 2.0, 2.0, 2.0, 2.0, 2.0, 2.0, 2.0, 4.0, 2.0, 4.0, 4.0, 2.0, 5.0, 2.0, 2.0, 5.0]]

first layer check: Conv2d(9, 64, kernel_size=(7, 7), stride=(2, 2), padding=(3, 3), bias=False)

for model 4: mode acc: 0.39024388790130615, run mean acc: 0.32616665959358215, top-2 acc:0.5884999632835388, mode f1: 0.39024388790130615

model 4 mode preds
[0.0, 5.0, 4.0, 4.0, 0.0, 4.0, 4.0, 4.0, 2.0, 4.0, 1.0, 4.0, 4.0, 4.0, 1.0, 4.0, 3.0, 2.0, 5.0, 4.0, 4.0, 5.0, 2.0, 4.0, 1.0, 4.0, 2.0, 1.0, 5.0, 3.0, 2.0, 4.0, 2.0, 1.0, 4.0, 4.0, 2.0, 5.0, 3.0, 2.0, 2.0]

model 4 all preds
[[0.0, 0.0, 4.0, 4.0, 0.0, 2.0, 2.0, 4.0, 2.0, 4.0, 1.0, 5.0, 4.0, 4.0, 1.0, 4.0, 5.0, 2.0, 5.0, 4.0, 4.0, 5.0, 3.0, 2.0, 2.0, 4.0, 2.0, 1.0, 5.0, 1.0, 1.0, 2.0, 2.0, 1.0, 4.0, 4.0, 2.0, 5.0, 3.0, 2.0, 3.0], [2.0, 5.0, 2.0, 4.0, 0.0, 2.0, 2.0, 4.0, 2.0, 3.0, 1.0, 4.0, 5.0, 2.0, 2.0, 4.0, 3.0, 2.0, 5.0, 4.0, 4.0, 5.0, 2.0, 4.0, 2.0, 4.0, 2.0, 1.0, 5.0, 3.0, 2.0, 2.0, 2.0, 1.0, 4.0, 4.0, 2.0, 5.0, 3.0, 2.0, 5.0], [0.0, 5.0, 4.0, 4.0, 0.0, 2.0, 5.0, 4.0, 2.0, 4.0, 1.0, 4.0, 4.0, 0.0, 3.0, 4.0, 3.0, 2.0, 5.0, 4.0, 4.0, 5.0, 2.0, 2.0, 1.0, 4.0, 4.0, 1.0, 5.0, 1.0, 2.0, 4.0, 4.0, 1.0, 2.0, 4.0, 2.0, 5.0, 3.0, 2.0, 2.0], [0.0, 4.0, 4.0, 2.0, 0.0, 2.0, 4.0, 4.0, 2.0, 3.0, 3.0, 4.0, 4.0, 0.0, 1.0, 4.0, 3.0, 2.0, 5.0, 2.0, 4.0, 5.0, 2.0, 4.0, 1.0, 4.0, 4.0, 1.0, 5.0, 3.0, 2.0, 4.0, 2.0, 1.0, 4.0, 4.0, 2.0, 5.0, 3.0, 2.0, 2.0], [0.0, 5.0, 4.0, 4.0, 0.0, 4.0, 4.0, 4.0, 2.0, 3.0, 1.0, 4.0, 2.0, 0.0, 1.0, 4.0, 3.0, 2.0, 5.0, 4.0, 4.0, 2.0, 4.0, 3.0, 1.0, 2.0, 0.0, 1.0, 5.0, 3.0, 2.0, 2.0, 4.0, 0.0, 4.0, 4.0, 2.0, 5.0, 3.0, 2.0, 2.0], [0.0, 5.0, 4.0, 4.0, 0.0, 2.0, 4.0, 4.0, 5.0, 3.0, 3.0, 4.0, 4.0, 4.0, 1.0, 4.0, 5.0, 2.0, 5.0, 4.0, 4.0, 5.0, 2.0, 4.0, 2.0, 4.0, 4.0, 1.0, 5.0, 3.0, 2.0, 2.0, 2.0, 1.0, 4.0, 4.0, 2.0, 5.0, 1.0, 2.0, 3.0], [0.0, 5.0, 4.0, 4.0, 0.0, 4.0, 5.0, 4.0, 2.0, 4.0, 3.0, 4.0, 4.0, 4.0, 3.0, 4.0, 3.0, 2.0, 2.0, 4.0, 4.0, 5.0, 1.0, 4.0, 1.0, 2.0, 4.0, 1.0, 5.0, 3.0, 2.0, 4.0, 2.0, 0.0, 4.0, 4.0, 2.0, 5.0, 3.0, 2.0, 5.0], [0.0, 5.0, 4.0, 4.0, 0.0, 2.0, 5.0, 4.0, 2.0, 4.0, 1.0, 4.0, 4.0, 4.0, 1.0, 4.0, 5.0, 2.0, 5.0, 4.0, 4.0, 5.0, 4.0, 2.0, 2.0, 4.0, 2.0, 1.0, 5.0, 3.0, 2.0, 2.0, 4.0, 1.0, 2.0, 4.0, 2.0, 5.0, 3.0, 2.0, 2.0], [0.0, 2.0, 4.0, 4.0, 0.0, 4.0, 4.0, 4.0, 4.0, 4.0, 3.0, 2.0, 4.0, 0.0, 1.0, 4.0, 3.0, 2.0, 5.0, 4.0, 4.0, 2.0, 2.0, 4.0, 2.0, 4.0, 2.0, 1.0, 5.0, 3.0, 2.0, 4.0, 4.0, 1.0, 4.0, 4.0, 2.0, 5.0, 3.0, 2.0, 2.0], [0.0, 5.0, 4.0, 2.0, 0.0, 4.0, 4.0, 5.0, 2.0, 3.0, 1.0, 4.0, 5.0, 2.0, 1.0, 4.0, 5.0, 2.0, 5.0, 4.0, 4.0, 2.0, 5.0, 4.0, 2.0, 4.0, 2.0, 1.0, 5.0, 3.0, 2.0, 4.0, 4.0, 1.0, 4.0, 4.0, 2.0, 2.0, 1.0, 1.0, 3.0], [0.0, 2.0, 4.0, 4.0, 0.0, 4.0, 4.0, 4.0, 2.0, 3.0, 1.0, 5.0, 4.0, 4.0, 1.0, 4.0, 3.0, 2.0, 5.0, 4.0, 4.0, 5.0, 1.0, 4.0, 2.0, 4.0, 4.0, 1.0, 5.0, 3.0, 2.0, 4.0, 2.0, 1.0, 4.0, 4.0, 2.0, 5.0, 3.0, 2.0, 5.0], [0.0, 5.0, 4.0, 4.0, 0.0, 4.0, 4.0, 4.0, 2.0, 4.0, 1.0, 5.0, 4.0, 4.0, 1.0, 4.0, 3.0, 2.0, 2.0, 4.0, 4.0, 5.0, 1.0, 2.0, 1.0, 4.0, 4.0, 1.0, 5.0, 3.0, 2.0, 4.0, 2.0, 1.0, 4.0, 4.0, 2.0, 5.0, 3.0, 2.0, 2.0], [0.0, 4.0, 4.0, 4.0, 0.0, 2.0, 2.0, 4.0, 0.0, 4.0, 3.0, 5.0, 5.0, 4.0, 1.0, 4.0, 3.0, 2.0, 5.0, 4.0, 4.0, 5.0, 2.0, 4.0, 1.0, 4.0, 2.0, 1.0, 5.0, 3.0, 4.0, 4.0, 4.0, 1.0, 2.0, 4.0, 2.0, 5.0, 3.0, 2.0, 5.0], [0.0, 5.0, 3.0, 2.0, 0.0, 4.0, 5.0, 4.0, 4.0, 4.0, 3.0, 4.0, 4.0, 4.0, 1.0, 4.0, 5.0, 2.0, 5.0, 3.0, 4.0, 5.0, 2.0, 4.0, 1.0, 4.0, 4.0, 1.0, 5.0, 3.0, 1.0, 4.0, 2.0, 0.0, 2.0, 4.0, 2.0, 5.0, 1.0, 2.0, 2.0], [0.0, 2.0, 4.0, 4.0, 0.0, 4.0, 4.0, 4.0, 0.0, 3.0, 1.0, 5.0, 5.0, 4.0, 4.0, 4.0, 3.0, 2.0, 3.0, 2.0, 4.0, 5.0, 4.0, 3.0, 1.0, 2.0, 2.0, 1.0, 2.0, 3.0, 2.0, 2.0, 2.0, 1.0, 2.0, 4.0, 2.0, 5.0, 3.0, 2.0, 3.0], [0.0, 5.0, 2.0, 4.0, 0.0, 2.0, 4.0, 4.0, 2.0, 4.0, 1.0, 5.0, 5.0, 4.0, 1.0, 4.0, 3.0, 2.0, 2.0, 4.0, 4.0, 5.0, 1.0, 2.0, 2.0, 4.0, 0.0, 1.0, 5.0, 3.0, 2.0, 2.0, 4.0, 0.0, 4.0, 4.0, 2.0, 5.0, 3.0, 1.0, 5.0], [0.0, 5.0, 4.0, 0.0, 0.0, 2.0, 2.0, 4.0, 2.0, 3.0, 1.0, 4.0, 4.0, 0.0, 1.0, 4.0, 3.0, 2.0, 4.0, 2.0, 4.0, 5.0, 5.0, 3.0, 2.0, 4.0, 4.0, 1.0, 5.0, 3.0, 2.0, 4.0, 0.0, 0.0, 4.0, 4.0, 2.0, 5.0, 3.0, 2.0, 3.0], [0.0, 2.0, 4.0, 2.0, 0.0, 2.0, 5.0, 4.0, 2.0, 4.0, 3.0, 5.0, 5.0, 0.0, 1.0, 4.0, 2.0, 2.0, 5.0, 4.0, 4.0, 5.0, 3.0, 3.0, 2.0, 4.0, 2.0, 1.0, 5.0, 3.0, 2.0, 4.0, 2.0, 1.0, 2.0, 4.0, 2.0, 4.0, 3.0, 1.0, 2.0], [0.0, 5.0, 4.0, 4.0, 0.0, 2.0, 5.0, 4.0, 4.0, 4.0, 1.0, 4.0, 4.0, 5.0, 1.0, 4.0, 5.0, 2.0, 5.0, 4.0, 4.0, 5.0, 1.0, 2.0, 1.0, 4.0, 2.0, 1.0, 5.0, 3.0, 2.0, 4.0, 4.0, 0.0, 4.0, 4.0, 2.0, 5.0, 3.0, 2.0, 2.0], [0.0, 5.0, 4.0, 4.0, 0.0, 4.0, 4.0, 4.0, 2.0, 3.0, 3.0, 4.0, 5.0, 4.0, 1.0, 4.0, 5.0, 2.0, 3.0, 4.0, 4.0, 5.0, 1.0, 4.0, 1.0, 4.0, 2.0, 1.0, 5.0, 3.0, 1.0, 4.0, 2.0, 1.0, 2.0, 4.0, 2.0, 5.0, 3.0, 1.0, 2.0], [0.0, 2.0, 4.0, 4.0, 0.0, 4.0, 4.0, 4.0, 4.0, 3.0, 1.0, 4.0, 5.0, 4.0, 1.0, 4.0, 2.0, 2.0, 5.0, 4.0, 4.0, 5.0, 2.0, 3.0, 1.0, 4.0, 4.0, 1.0, 5.0, 3.0, 2.0, 4.0, 2.0, 1.0, 4.0, 4.0, 2.0, 5.0, 3.0, 2.0, 2.0], [0.0, 5.0, 4.0, 4.0, 0.0, 4.0, 5.0, 2.0, 2.0, 4.0, 1.0, 5.0, 5.0, 0.0, 3.0, 4.0, 5.0, 2.0, 5.0, 4.0, 4.0, 5.0, 5.0, 2.0, 1.0, 2.0, 2.0, 1.0, 5.0, 3.0, 2.0, 2.0, 2.0, 0.0, 4.0, 4.0, 2.0, 5.0, 3.0, 1.0, 2.0], [0.0, 2.0, 4.0, 4.0, 0.0, 4.0, 2.0, 4.0, 2.0, 4.0, 3.0, 4.0, 4.0, 2.0, 1.0, 4.0, 5.0, 2.0, 5.0, 4.0, 4.0, 5.0, 3.0, 2.0, 2.0, 2.0, 2.0, 1.0, 2.0, 3.0, 2.0, 2.0, 2.0, 1.0, 4.0, 4.0, 2.0, 5.0, 3.0, 2.0, 2.0], [1.0, 4.0, 2.0, 4.0, 0.0, 2.0, 5.0, 4.0, 5.0, 3.0, 1.0, 5.0, 4.0, 4.0, 1.0, 4.0, 3.0, 2.0, 5.0, 4.0, 4.0, 2.0, 2.0, 3.0, 1.0, 4.0, 4.0, 1.0, 5.0, 3.0, 2.0, 2.0, 2.0, 0.0, 2.0, 4.0, 2.0, 5.0, 3.0, 2.0, 2.0], [0.0, 5.0, 4.0, 4.0, 0.0, 4.0, 4.0, 4.0, 5.0, 4.0, 3.0, 4.0, 4.0, 4.0, 1.0, 4.0, 3.0, 2.0, 5.0, 2.0, 4.0, 5.0, 2.0, 4.0, 1.0, 4.0, 0.0, 1.0, 5.0, 3.0, 2.0, 4.0, 4.0, 1.0, 2.0, 4.0, 2.0, 4.0, 3.0, 2.0, 2.0], [0.0, 5.0, 4.0, 4.0, 0.0, 2.0, 5.0, 4.0, 2.0, 3.0, 3.0, 5.0, 4.0, 0.0, 1.0, 4.0, 3.0, 2.0, 2.0, 4.0, 4.0, 2.0, 1.0, 4.0, 1.0, 4.0, 4.0, 1.0, 5.0, 3.0, 2.0, 4.0, 2.0, 1.0, 4.0, 4.0, 2.0, 5.0, 3.0, 4.0, 2.0], [0.0, 5.0, 4.0, 4.0, 0.0, 4.0, 4.0, 4.0, 0.0, 4.0, 1.0, 4.0, 4.0, 4.0, 1.0, 4.0, 5.0, 2.0, 5.0, 4.0, 4.0, 5.0, 2.0, 4.0, 1.0, 4.0, 2.0, 1.0, 5.0, 3.0, 1.0, 4.0, 2.0, 0.0, 1.0, 4.0, 2.0, 5.0, 3.0, 1.0, 5.0], [0.0, 2.0, 4.0, 2.0, 0.0, 4.0, 4.0, 4.0, 2.0, 4.0, 3.0, 4.0, 5.0, 5.0, 1.0, 4.0, 4.0, 2.0, 5.0, 4.0, 4.0, 2.0, 3.0, 3.0, 2.0, 4.0, 4.0, 1.0, 2.0, 3.0, 2.0, 4.0, 2.0, 0.0, 4.0, 4.0, 2.0, 5.0, 3.0, 0.0, 2.0], [0.0, 4.0, 4.0, 4.0, 0.0, 2.0, 4.0, 4.0, 2.0, 4.0, 1.0, 5.0, 5.0, 4.0, 1.0, 4.0, 5.0, 2.0, 5.0, 4.0, 4.0, 5.0, 3.0, 4.0, 1.0, 4.0, 2.0, 1.0, 5.0, 3.0, 2.0, 4.0, 2.0, 1.0, 4.0, 4.0, 2.0, 5.0, 3.0, 2.0, 2.0], [0.0, 5.0, 4.0, 2.0, 0.0, 4.0, 5.0, 5.0, 2.0, 3.0, 1.0, 4.0, 5.0, 5.0, 1.0, 4.0, 5.0, 2.0, 5.0, 4.0, 4.0, 5.0, 1.0, 4.0, 1.0, 4.0, 2.0, 1.0, 5.0, 1.0, 2.0, 4.0, 2.0, 1.0, 4.0, 4.0, 2.0, 5.0, 3.0, 2.0, 2.0], [0.0, 5.0, 4.0, 4.0, 0.0, 2.0, 4.0, 4.0, 1.0, 4.0, 2.0, 4.0, 4.0, 4.0, 1.0, 4.0, 5.0, 2.0, 3.0, 4.0, 4.0, 5.0, 2.0, 4.0, 1.0, 4.0, 0.0, 1.0, 5.0, 3.0, 2.0, 4.0, 2.0, 0.0, 2.0, 4.0, 2.0, 5.0, 3.0, 2.0, 2.0], [0.0, 4.0, 4.0, 2.0, 0.0, 4.0, 5.0, 4.0, 2.0, 3.0, 3.0, 4.0, 4.0, 4.0, 1.0, 4.0, 3.0, 2.0, 5.0, 2.0, 4.0, 5.0, 5.0, 4.0, 2.0, 4.0, 0.0, 1.0, 5.0, 3.0, 2.0, 4.0, 2.0, 0.0, 2.0, 4.0, 2.0, 5.0, 3.0, 4.0, 2.0], [0.0, 5.0, 4.0, 4.0, 0.0, 4.0, 4.0, 4.0, 5.0, 4.0, 3.0, 4.0, 5.0, 4.0, 1.0, 4.0, 5.0, 2.0, 2.0, 2.0, 4.0, 5.0, 1.0, 4.0, 2.0, 4.0, 5.0, 1.0, 5.0, 3.0, 2.0, 4.0, 2.0, 1.0, 2.0, 4.0, 2.0, 5.0, 3.0, 2.0, 3.0], [0.0, 2.0, 4.0, 4.0, 0.0, 2.0, 4.0, 4.0, 2.0, 4.0, 1.0, 4.0, 4.0, 2.0, 1.0, 4.0, 3.0, 2.0, 5.0, 2.0, 4.0, 2.0, 5.0, 3.0, 2.0, 4.0, 2.0, 1.0, 5.0, 3.0, 2.0, 4.0, 4.0, 1.0, 2.0, 4.0, 2.0, 5.0, 3.0, 2.0, 5.0], [0.0, 5.0, 3.0, 4.0, 0.0, 2.0, 5.0, 5.0, 2.0, 4.0, 1.0, 4.0, 4.0, 4.0, 1.0, 4.0, 5.0, 2.0, 5.0, 4.0, 4.0, 5.0, 2.0, 2.0, 2.0, 2.0, 4.0, 1.0, 5.0, 3.0, 2.0, 2.0, 2.0, 1.0, 2.0, 4.0, 2.0, 5.0, 3.0, 2.0, 5.0], [0.0, 2.0, 4.0, 4.0, 0.0, 4.0, 5.0, 4.0, 5.0, 3.0, 1.0, 4.0, 4.0, 0.0, 3.0, 4.0, 3.0, 2.0, 5.0, 4.0, 4.0, 2.0, 1.0, 4.0, 1.0, 4.0, 2.0, 1.0, 5.0, 3.0, 2.0, 4.0, 2.0, 1.0, 2.0, 4.0, 2.0, 5.0, 3.0, 4.0, 2.0], [0.0, 5.0, 2.0, 4.0, 0.0, 4.0, 4.0, 4.0, 2.0, 4.0, 2.0, 4.0, 5.0, 4.0, 1.0, 4.0, 3.0, 2.0, 2.0, 4.0, 4.0, 2.0, 2.0, 2.0, 1.0, 5.0, 2.0, 1.0, 5.0, 3.0, 2.0, 2.0, 3.0, 0.0, 4.0, 4.0, 2.0, 5.0, 3.0, 2.0, 2.0], [0.0, 5.0, 4.0, 4.0, 0.0, 4.0, 2.0, 4.0, 2.0, 4.0, 1.0, 4.0, 5.0, 5.0, 1.0, 4.0, 5.0, 2.0, 5.0, 2.0, 4.0, 2.0, 2.0, 4.0, 1.0, 4.0, 4.0, 1.0, 2.0, 3.0, 2.0, 4.0, 1.0, 1.0, 4.0, 4.0, 2.0, 5.0, 3.0, 2.0, 5.0], [0.0, 5.0, 3.0, 4.0, 0.0, 2.0, 5.0, 4.0, 2.0, 4.0, 4.0, 5.0, 4.0, 4.0, 1.0, 4.0, 3.0, 0.0, 4.0, 4.0, 4.0, 5.0, 1.0, 4.0, 1.0, 4.0, 2.0, 1.0, 5.0, 3.0, 2.0, 2.0, 2.0, 1.0, 5.0, 4.0, 2.0, 5.0, 3.0, 1.0, 2.0], [0.0, 2.0, 4.0, 4.0, 0.0, 2.0, 5.0, 4.0, 2.0, 3.0, 1.0, 4.0, 4.0, 0.0, 1.0, 4.0, 5.0, 2.0, 3.0, 4.0, 4.0, 2.0, 3.0, 3.0, 1.0, 4.0, 4.0, 1.0, 2.0, 3.0, 2.0, 4.0, 2.0, 1.0, 2.0, 4.0, 2.0, 5.0, 3.0, 4.0, 2.0], [0.0, 5.0, 4.0, 2.0, 0.0, 2.0, 4.0, 5.0, 4.0, 4.0, 1.0, 4.0, 5.0, 4.0, 1.0, 4.0, 5.0, 5.0, 5.0, 3.0, 4.0, 5.0, 1.0, 2.0, 2.0, 2.0, 0.0, 1.0, 5.0, 3.0, 2.0, 4.0, 2.0, 1.0, 1.0, 4.0, 2.0, 5.0, 1.0, 2.0, 2.0], [0.0, 2.0, 4.0, 4.0, 0.0, 4.0, 5.0, 4.0, 2.0, 4.0, 1.0, 4.0, 4.0, 4.0, 0.0, 4.0, 3.0, 2.0, 2.0, 2.0, 4.0, 5.0, 5.0, 3.0, 1.0, 4.0, 0.0, 1.0, 5.0, 3.0, 1.0, 4.0, 4.0, 0.0, 2.0, 4.0, 2.0, 5.0, 3.0, 4.0, 2.0], [0.0, 2.0, 3.0, 4.0, 0.0, 4.0, 4.0, 2.0, 0.0, 4.0, 1.0, 4.0, 4.0, 2.0, 1.0, 4.0, 2.0, 2.0, 4.0, 4.0, 4.0, 5.0, 2.0, 2.0, 2.0, 4.0, 4.0, 1.0, 5.0, 3.0, 1.0, 4.0, 4.0, 1.0, 2.0, 4.0, 2.0, 4.0, 3.0, 2.0, 2.0], [0.0, 5.0, 4.0, 2.0, 0.0, 4.0, 5.0, 4.0, 2.0, 4.0, 1.0, 4.0, 4.0, 4.0, 1.0, 4.0, 3.0, 2.0, 5.0, 4.0, 4.0, 2.0, 5.0, 4.0, 1.0, 4.0, 5.0, 1.0, 5.0, 1.0, 2.0, 2.0, 2.0, 0.0, 4.0, 4.0, 2.0, 5.0, 3.0, 2.0, 2.0], [0.0, 5.0, 4.0, 2.0, 0.0, 4.0, 2.0, 4.0, 2.0, 4.0, 1.0, 4.0, 5.0, 4.0, 2.0, 4.0, 5.0, 2.0, 5.0, 2.0, 4.0, 5.0, 1.0, 3.0, 2.0, 5.0, 2.0, 1.0, 5.0, 1.0, 2.0, 4.0, 2.0, 1.0, 4.0, 4.0, 2.0, 5.0, 2.0, 2.0, 2.0], [0.0, 0.0, 4.0, 3.0, 0.0, 4.0, 2.0, 4.0, 2.0, 3.0, 4.0, 4.0, 4.0, 5.0, 1.0, 4.0, 2.0, 2.0, 5.0, 2.0, 4.0, 2.0, 3.0, 4.0, 1.0, 4.0, 4.0, 1.0, 2.0, 1.0, 2.0, 2.0, 2.0, 1.0, 2.0, 4.0, 2.0, 5.0, 3.0, 2.0, 2.0], [0.0, 4.0, 2.0, 4.0, 0.0, 4.0, 4.0, 4.0, 2.0, 3.0, 1.0, 5.0, 5.0, 4.0, 1.0, 4.0, 3.0, 2.0, 5.0, 4.0, 4.0, 5.0, 1.0, 3.0, 1.0, 4.0, 0.0, 1.0, 5.0, 3.0, 2.0, 4.0, 2.0, 1.0, 4.0, 4.0, 2.0, 5.0, 3.0, 2.0, 2.0], [0.0, 4.0, 4.0, 4.0, 0.0, 4.0, 4.0, 5.0, 2.0, 4.0, 3.0, 4.0, 4.0, 4.0, 1.0, 4.0, 5.0, 2.0, 4.0, 4.0, 4.0, 2.0, 2.0, 4.0, 2.0, 4.0, 5.0, 1.0, 5.0, 3.0, 2.0, 4.0, 2.0, 0.0, 4.0, 4.0, 2.0, 5.0, 3.0, 1.0, 2.0], [0.0, 5.0, 2.0, 4.0, 0.0, 4.0, 4.0, 4.0, 0.0, 4.0, 1.0, 5.0, 5.0, 4.0, 2.0, 4.0, 5.0, 2.0, 3.0, 4.0, 4.0, 5.0, 3.0, 4.0, 1.0, 4.0, 5.0, 1.0, 5.0, 3.0, 2.0, 4.0, 2.0, 1.0, 2.0, 4.0, 2.0, 5.0, 3.0, 4.0, 2.0], [0.0, 5.0, 4.0, 2.0, 0.0, 4.0, 2.0, 4.0, 4.0, 4.0, 3.0, 4.0, 5.0, 4.0, 1.0, 4.0, 3.0, 5.0, 5.0, 2.0, 4.0, 5.0, 2.0, 4.0, 2.0, 4.0, 4.0, 1.0, 5.0, 3.0, 2.0, 4.0, 2.0, 1.0, 4.0, 4.0, 2.0, 5.0, 3.0, 2.0, 2.0]]

