first layer check: Conv2d(6, 64, kernel_size=(7, 7), stride=(2, 2), padding=(3, 3), bias=False)

target ys
[2.0, 2.0, 2.0, 0.0, 2.0, 2.0, 2.0, 3.0, 4.0, 1.0, 2.0, 1.0, 2.0, 3.0, 4.0, 2.0, 5.0, 5.0, 2.0, 2.0, 1.0, 1.0, 2.0, 2.0, 1.0, 1.0, 2.0, 6.0, 1.0, 2.0, 1.0, 2.0, 2.0, 1.0, 1.0, 2.0, 2.0, 1.0, 1.0, 2.0]

for model 0: mode acc: 0.44999998807907104, run mean acc: 0.5325000286102295, top-2 acc:0.7229166626930237, mode f1: 0.44999998807907104

model 0 mode preds
[5.0, 3.0, 2.0, 2.0, 3.0, 4.0, 4.0, 2.0, 2.0, 0.0, 2.0, 3.0, 5.0, 4.0, 2.0, 4.0, 2.0, 2.0, 3.0, 2.0, 1.0, 1.0, 2.0, 2.0, 2.0, 1.0, 1.0, 2.0, 1.0, 2.0, 0.0, 2.0, 1.0, 1.0, 1.0, 2.0, 2.0, 1.0, 1.0, 2.0]

model 0 all preds
[[5.0, 3.0, 2.0, 3.0, 3.0, 4.0, 4.0, 4.0, 4.0, 0.0, 2.0, 5.0, 5.0, 4.0, 2.0, 3.0, 2.0, 2.0, 3.0, 2.0, 1.0, 1.0, 2.0, 2.0, 2.0, 1.0, 1.0, 4.0, 1.0, 2.0, 0.0, 2.0, 1.0, 1.0, 1.0, 2.0, 2.0, 1.0, 1.0, 3.0], [5.0, 3.0, 2.0, 2.0, 3.0, 4.0, 2.0, 2.0, 2.0, 0.0, 2.0, 5.0, 5.0, 2.0, 3.0, 4.0, 4.0, 2.0, 3.0, 2.0, 1.0, 1.0, 2.0, 2.0, 2.0, 1.0, 1.0, 2.0, 1.0, 4.0, 0.0, 2.0, 1.0, 1.0, 1.0, 2.0, 2.0, 1.0, 1.0, 5.0], [5.0, 2.0, 2.0, 3.0, 3.0, 4.0, 4.0, 4.0, 2.0, 1.0, 2.0, 4.0, 5.0, 2.0, 2.0, 4.0, 2.0, 2.0, 3.0, 2.0, 0.0, 2.0, 2.0, 2.0, 1.0, 0.0, 1.0, 2.0, 1.0, 2.0, 0.0, 2.0, 1.0, 1.0, 1.0, 2.0, 2.0, 1.0, 1.0, 2.0], [5.0, 1.0, 2.0, 3.0, 3.0, 4.0, 4.0, 2.0, 4.0, 1.0, 2.0, 3.0, 5.0, 4.0, 2.0, 4.0, 4.0, 2.0, 2.0, 2.0, 1.0, 1.0, 2.0, 2.0, 1.0, 1.0, 1.0, 2.0, 1.0, 2.0, 1.0, 2.0, 1.0, 1.0, 1.0, 2.0, 2.0, 1.0, 1.0, 1.0], [5.0, 3.0, 2.0, 2.0, 3.0, 4.0, 3.0, 3.0, 5.0, 0.0, 2.0, 3.0, 5.0, 2.0, 2.0, 4.0, 2.0, 4.0, 2.0, 2.0, 1.0, 1.0, 2.0, 2.0, 2.0, 1.0, 1.0, 2.0, 1.0, 4.0, 0.0, 2.0, 1.0, 1.0, 1.0, 2.0, 2.0, 1.0, 1.0, 2.0], [5.0, 3.0, 4.0, 2.0, 3.0, 4.0, 4.0, 3.0, 5.0, 1.0, 2.0, 3.0, 5.0, 2.0, 2.0, 4.0, 2.0, 4.0, 4.0, 2.0, 3.0, 1.0, 3.0, 2.0, 2.0, 1.0, 1.0, 2.0, 1.0, 4.0, 0.0, 4.0, 2.0, 1.0, 1.0, 2.0, 2.0, 1.0, 1.0, 2.0], [5.0, 3.0, 2.0, 3.0, 2.0, 4.0, 0.0, 4.0, 5.0, 1.0, 2.0, 3.0, 5.0, 4.0, 4.0, 3.0, 2.0, 4.0, 4.0, 2.0, 1.0, 1.0, 2.0, 2.0, 2.0, 1.0, 1.0, 2.0, 1.0, 3.0, 0.0, 2.0, 3.0, 1.0, 1.0, 2.0, 2.0, 1.0, 1.0, 2.0], [5.0, 3.0, 2.0, 2.0, 3.0, 4.0, 4.0, 3.0, 5.0, 1.0, 2.0, 3.0, 5.0, 4.0, 3.0, 4.0, 2.0, 4.0, 2.0, 2.0, 1.0, 3.0, 3.0, 2.0, 1.0, 0.0, 1.0, 2.0, 1.0, 3.0, 0.0, 2.0, 3.0, 1.0, 1.0, 2.0, 2.0, 1.0, 1.0, 4.0], [5.0, 2.0, 2.0, 0.0, 3.0, 4.0, 5.0, 2.0, 2.0, 0.0, 2.0, 2.0, 5.0, 4.0, 2.0, 4.0, 2.0, 4.0, 2.0, 2.0, 0.0, 1.0, 1.0, 2.0, 1.0, 1.0, 1.0, 2.0, 1.0, 2.0, 0.0, 2.0, 1.0, 1.0, 1.0, 2.0, 2.0, 1.0, 1.0, 2.0], [5.0, 1.0, 4.0, 3.0, 3.0, 2.0, 3.0, 2.0, 5.0, 1.0, 2.0, 3.0, 5.0, 4.0, 2.0, 3.0, 4.0, 2.0, 3.0, 2.0, 1.0, 3.0, 2.0, 2.0, 2.0, 0.0, 1.0, 2.0, 1.0, 2.0, 1.0, 2.0, 3.0, 1.0, 1.0, 2.0, 2.0, 1.0, 1.0, 3.0], [5.0, 2.0, 2.0, 2.0, 3.0, 2.0, 3.0, 4.0, 2.0, 0.0, 2.0, 2.0, 5.0, 2.0, 2.0, 4.0, 2.0, 4.0, 2.0, 2.0, 1.0, 1.0, 2.0, 2.0, 2.0, 1.0, 1.0, 2.0, 1.0, 4.0, 0.0, 2.0, 1.0, 1.0, 1.0, 2.0, 2.0, 1.0, 1.0, 2.0], [5.0, 3.0, 2.0, 2.0, 3.0, 2.0, 0.0, 3.0, 2.0, 0.0, 2.0, 3.0, 5.0, 2.0, 2.0, 4.0, 4.0, 2.0, 2.0, 2.0, 1.0, 3.0, 3.0, 2.0, 2.0, 1.0, 2.0, 4.0, 1.0, 2.0, 0.0, 2.0, 1.0, 1.0, 1.0, 2.0, 2.0, 1.0, 1.0, 2.0], [5.0, 2.0, 2.0, 2.0, 3.0, 4.0, 2.0, 2.0, 5.0, 1.0, 2.0, 2.0, 5.0, 4.0, 4.0, 3.0, 4.0, 2.0, 3.0, 2.0, 1.0, 1.0, 2.0, 2.0, 2.0, 1.0, 1.0, 2.0, 1.0, 2.0, 1.0, 4.0, 1.0, 1.0, 1.0, 2.0, 2.0, 1.0, 1.0, 2.0], [5.0, 3.0, 2.0, 2.0, 3.0, 4.0, 4.0, 4.0, 2.0, 0.0, 2.0, 3.0, 5.0, 4.0, 2.0, 3.0, 4.0, 2.0, 3.0, 2.0, 1.0, 1.0, 2.0, 2.0, 2.0, 0.0, 1.0, 2.0, 1.0, 4.0, 0.0, 2.0, 1.0, 1.0, 1.0, 2.0, 4.0, 1.0, 1.0, 3.0], [5.0, 3.0, 2.0, 3.0, 3.0, 4.0, 2.0, 2.0, 2.0, 1.0, 2.0, 3.0, 5.0, 4.0, 2.0, 4.0, 4.0, 2.0, 2.0, 2.0, 1.0, 3.0, 1.0, 2.0, 2.0, 1.0, 1.0, 4.0, 1.0, 2.0, 1.0, 2.0, 1.0, 1.0, 1.0, 2.0, 2.0, 1.0, 1.0, 3.0], [5.0, 3.0, 2.0, 2.0, 3.0, 4.0, 0.0, 2.0, 4.0, 0.0, 2.0, 3.0, 5.0, 5.0, 2.0, 4.0, 2.0, 2.0, 4.0, 2.0, 0.0, 1.0, 1.0, 2.0, 2.0, 1.0, 1.0, 2.0, 1.0, 2.0, 0.0, 4.0, 3.0, 1.0, 1.0, 2.0, 2.0, 1.0, 1.0, 2.0], [5.0, 2.0, 2.0, 4.0, 3.0, 4.0, 4.0, 2.0, 2.0, 0.0, 2.0, 3.0, 5.0, 5.0, 2.0, 3.0, 2.0, 2.0, 2.0, 2.0, 1.0, 1.0, 2.0, 2.0, 3.0, 1.0, 1.0, 2.0, 1.0, 2.0, 1.0, 2.0, 1.0, 1.0, 1.0, 2.0, 2.0, 1.0, 1.0, 2.0], [5.0, 2.0, 4.0, 2.0, 3.0, 4.0, 0.0, 2.0, 5.0, 0.0, 2.0, 5.0, 5.0, 2.0, 2.0, 3.0, 4.0, 2.0, 2.0, 2.0, 1.0, 2.0, 1.0, 2.0, 2.0, 1.0, 1.0, 4.0, 1.0, 3.0, 0.0, 2.0, 1.0, 1.0, 1.0, 2.0, 2.0, 1.0, 1.0, 2.0], [5.0, 3.0, 2.0, 2.0, 3.0, 4.0, 0.0, 2.0, 2.0, 1.0, 2.0, 3.0, 5.0, 4.0, 2.0, 4.0, 2.0, 2.0, 3.0, 2.0, 1.0, 1.0, 2.0, 1.0, 1.0, 1.0, 1.0, 2.0, 1.0, 2.0, 1.0, 2.0, 1.0, 1.0, 1.0, 2.0, 2.0, 1.0, 1.0, 3.0], [5.0, 2.0, 2.0, 2.0, 3.0, 2.0, 2.0, 2.0, 5.0, 0.0, 2.0, 3.0, 5.0, 2.0, 2.0, 4.0, 4.0, 4.0, 2.0, 2.0, 1.0, 2.0, 2.0, 2.0, 2.0, 1.0, 1.0, 4.0, 1.0, 2.0, 0.0, 4.0, 2.0, 1.0, 1.0, 2.0, 2.0, 1.0, 1.0, 2.0], [5.0, 2.0, 4.0, 2.0, 2.0, 4.0, 4.0, 2.0, 2.0, 0.0, 2.0, 2.0, 5.0, 2.0, 2.0, 4.0, 2.0, 4.0, 4.0, 2.0, 1.0, 1.0, 1.0, 2.0, 2.0, 1.0, 1.0, 2.0, 1.0, 4.0, 0.0, 2.0, 1.0, 1.0, 1.0, 2.0, 2.0, 1.0, 1.0, 2.0], [5.0, 3.0, 2.0, 0.0, 3.0, 4.0, 5.0, 4.0, 2.0, 1.0, 2.0, 3.0, 5.0, 4.0, 2.0, 5.0, 4.0, 2.0, 3.0, 2.0, 1.0, 3.0, 2.0, 2.0, 2.0, 0.0, 1.0, 2.0, 1.0, 3.0, 1.0, 2.0, 1.0, 1.0, 2.0, 2.0, 2.0, 1.0, 1.0, 2.0], [5.0, 3.0, 2.0, 3.0, 3.0, 2.0, 4.0, 2.0, 2.0, 1.0, 2.0, 3.0, 5.0, 5.0, 2.0, 4.0, 2.0, 2.0, 3.0, 4.0, 1.0, 1.0, 1.0, 2.0, 2.0, 1.0, 1.0, 2.0, 1.0, 2.0, 1.0, 2.0, 1.0, 1.0, 1.0, 2.0, 2.0, 1.0, 1.0, 2.0], [5.0, 2.0, 4.0, 2.0, 4.0, 2.0, 4.0, 2.0, 2.0, 0.0, 2.0, 3.0, 5.0, 4.0, 2.0, 4.0, 2.0, 2.0, 3.0, 2.0, 1.0, 1.0, 2.0, 2.0, 2.0, 1.0, 1.0, 2.0, 1.0, 2.0, 1.0, 2.0, 1.0, 1.0, 1.0, 2.0, 5.0, 1.0, 1.0, 3.0], [5.0, 3.0, 2.0, 0.0, 3.0, 4.0, 4.0, 2.0, 5.0, 0.0, 2.0, 3.0, 5.0, 5.0, 4.0, 5.0, 4.0, 2.0, 2.0, 2.0, 1.0, 1.0, 2.0, 2.0, 2.0, 0.0, 1.0, 2.0, 1.0, 2.0, 0.0, 4.0, 3.0, 1.0, 1.0, 2.0, 4.0, 1.0, 1.0, 4.0], [5.0, 4.0, 2.0, 2.0, 3.0, 4.0, 4.0, 2.0, 2.0, 1.0, 2.0, 3.0, 5.0, 2.0, 2.0, 4.0, 4.0, 2.0, 3.0, 4.0, 1.0, 1.0, 1.0, 2.0, 2.0, 0.0, 1.0, 2.0, 1.0, 3.0, 1.0, 4.0, 2.0, 1.0, 1.0, 2.0, 4.0, 1.0, 1.0, 2.0], [5.0, 3.0, 2.0, 3.0, 3.0, 2.0, 3.0, 3.0, 2.0, 0.0, 2.0, 5.0, 5.0, 4.0, 4.0, 4.0, 4.0, 2.0, 3.0, 2.0, 1.0, 3.0, 2.0, 2.0, 1.0, 1.0, 1.0, 2.0, 1.0, 2.0, 0.0, 4.0, 1.0, 1.0, 1.0, 2.0, 4.0, 1.0, 1.0, 1.0], [5.0, 2.0, 2.0, 3.0, 3.0, 4.0, 4.0, 2.0, 2.0, 1.0, 2.0, 3.0, 5.0, 2.0, 2.0, 3.0, 2.0, 2.0, 2.0, 2.0, 1.0, 1.0, 3.0, 2.0, 2.0, 0.0, 1.0, 4.0, 1.0, 2.0, 0.0, 2.0, 1.0, 1.0, 1.0, 2.0, 2.0, 1.0, 1.0, 2.0], [5.0, 2.0, 4.0, 2.0, 3.0, 2.0, 3.0, 3.0, 2.0, 1.0, 2.0, 3.0, 5.0, 4.0, 4.0, 3.0, 2.0, 4.0, 2.0, 2.0, 1.0, 0.0, 1.0, 2.0, 2.0, 1.0, 1.0, 2.0, 1.0, 2.0, 0.0, 4.0, 2.0, 1.0, 1.0, 2.0, 2.0, 1.0, 1.0, 2.0], [5.0, 2.0, 2.0, 3.0, 3.0, 4.0, 5.0, 4.0, 2.0, 1.0, 2.0, 3.0, 5.0, 4.0, 2.0, 5.0, 2.0, 4.0, 2.0, 2.0, 1.0, 3.0, 3.0, 2.0, 1.0, 1.0, 1.0, 2.0, 1.0, 2.0, 0.0, 4.0, 2.0, 1.0, 1.0, 2.0, 4.0, 1.0, 1.0, 2.0], [5.0, 2.0, 4.0, 0.0, 4.0, 4.0, 4.0, 2.0, 2.0, 1.0, 2.0, 3.0, 5.0, 5.0, 2.0, 5.0, 2.0, 2.0, 2.0, 2.0, 1.0, 3.0, 2.0, 2.0, 2.0, 0.0, 1.0, 2.0, 1.0, 2.0, 0.0, 2.0, 1.0, 1.0, 1.0, 2.0, 2.0, 1.0, 1.0, 4.0], [5.0, 2.0, 2.0, 1.0, 3.0, 4.0, 3.0, 2.0, 2.0, 0.0, 2.0, 3.0, 5.0, 4.0, 2.0, 4.0, 4.0, 4.0, 2.0, 2.0, 0.0, 2.0, 1.0, 2.0, 2.0, 1.0, 2.0, 2.0, 1.0, 2.0, 0.0, 2.0, 3.0, 1.0, 1.0, 2.0, 2.0, 1.0, 1.0, 3.0], [5.0, 3.0, 2.0, 0.0, 3.0, 2.0, 2.0, 4.0, 5.0, 0.0, 2.0, 3.0, 5.0, 2.0, 4.0, 4.0, 2.0, 2.0, 3.0, 2.0, 1.0, 2.0, 2.0, 2.0, 1.0, 0.0, 1.0, 2.0, 1.0, 2.0, 0.0, 2.0, 1.0, 1.0, 1.0, 2.0, 2.0, 1.0, 1.0, 2.0], [5.0, 2.0, 4.0, 3.0, 3.0, 4.0, 4.0, 2.0, 2.0, 0.0, 2.0, 4.0, 5.0, 2.0, 2.0, 4.0, 4.0, 2.0, 3.0, 2.0, 1.0, 1.0, 2.0, 2.0, 2.0, 1.0, 1.0, 4.0, 1.0, 3.0, 0.0, 2.0, 2.0, 1.0, 1.0, 2.0, 2.0, 1.0, 1.0, 2.0], [5.0, 3.0, 2.0, 0.0, 4.0, 2.0, 2.0, 2.0, 4.0, 0.0, 2.0, 2.0, 5.0, 4.0, 2.0, 5.0, 2.0, 2.0, 2.0, 2.0, 0.0, 1.0, 1.0, 2.0, 1.0, 1.0, 1.0, 2.0, 1.0, 2.0, 0.0, 2.0, 1.0, 1.0, 1.0, 2.0, 2.0, 1.0, 1.0, 3.0], [5.0, 3.0, 2.0, 2.0, 3.0, 2.0, 2.0, 2.0, 2.0, 1.0, 2.0, 2.0, 5.0, 2.0, 2.0, 4.0, 2.0, 2.0, 2.0, 2.0, 1.0, 2.0, 1.0, 2.0, 1.0, 1.0, 2.0, 2.0, 1.0, 4.0, 0.0, 4.0, 3.0, 1.0, 1.0, 2.0, 2.0, 1.0, 1.0, 2.0], [5.0, 3.0, 2.0, 0.0, 3.0, 4.0, 4.0, 4.0, 5.0, 1.0, 2.0, 5.0, 5.0, 2.0, 2.0, 3.0, 4.0, 4.0, 3.0, 4.0, 1.0, 1.0, 1.0, 2.0, 1.0, 0.0, 1.0, 4.0, 1.0, 2.0, 0.0, 2.0, 1.0, 1.0, 1.0, 2.0, 2.0, 1.0, 1.0, 2.0], [5.0, 3.0, 2.0, 3.0, 3.0, 4.0, 5.0, 2.0, 2.0, 0.0, 2.0, 2.0, 5.0, 4.0, 2.0, 4.0, 4.0, 4.0, 2.0, 2.0, 1.0, 1.0, 2.0, 2.0, 1.0, 0.0, 1.0, 2.0, 1.0, 4.0, 1.0, 4.0, 1.0, 1.0, 1.0, 2.0, 4.0, 1.0, 1.0, 2.0], [5.0, 3.0, 2.0, 2.0, 5.0, 2.0, 4.0, 2.0, 5.0, 0.0, 2.0, 3.0, 5.0, 4.0, 4.0, 4.0, 4.0, 4.0, 3.0, 2.0, 1.0, 1.0, 1.0, 2.0, 2.0, 1.0, 1.0, 4.0, 1.0, 4.0, 1.0, 2.0, 2.0, 1.0, 1.0, 2.0, 2.0, 1.0, 1.0, 2.0], [5.0, 2.0, 2.0, 2.0, 3.0, 4.0, 2.0, 2.0, 5.0, 0.0, 2.0, 5.0, 5.0, 4.0, 2.0, 3.0, 4.0, 4.0, 2.0, 2.0, 1.0, 1.0, 2.0, 2.0, 2.0, 0.0, 1.0, 2.0, 1.0, 4.0, 1.0, 4.0, 1.0, 1.0, 1.0, 2.0, 2.0, 1.0, 1.0, 3.0], [5.0, 2.0, 2.0, 2.0, 2.0, 4.0, 0.0, 2.0, 2.0, 0.0, 2.0, 3.0, 5.0, 2.0, 2.0, 4.0, 2.0, 2.0, 3.0, 2.0, 1.0, 1.0, 1.0, 2.0, 2.0, 1.0, 2.0, 2.0, 1.0, 2.0, 0.0, 2.0, 1.0, 1.0, 1.0, 2.0, 2.0, 1.0, 1.0, 2.0], [5.0, 2.0, 2.0, 2.0, 3.0, 2.0, 4.0, 4.0, 5.0, 0.0, 2.0, 3.0, 5.0, 4.0, 2.0, 4.0, 2.0, 4.0, 4.0, 2.0, 1.0, 1.0, 2.0, 2.0, 2.0, 1.0, 1.0, 2.0, 1.0, 4.0, 0.0, 2.0, 1.0, 1.0, 1.0, 2.0, 2.0, 1.0, 1.0, 2.0], [5.0, 3.0, 2.0, 4.0, 3.0, 4.0, 4.0, 2.0, 5.0, 1.0, 2.0, 2.0, 5.0, 4.0, 2.0, 4.0, 2.0, 2.0, 3.0, 2.0, 1.0, 1.0, 1.0, 2.0, 1.0, 1.0, 1.0, 2.0, 1.0, 4.0, 0.0, 2.0, 2.0, 1.0, 1.0, 2.0, 5.0, 1.0, 1.0, 2.0], [5.0, 3.0, 2.0, 3.0, 3.0, 4.0, 5.0, 2.0, 2.0, 1.0, 2.0, 3.0, 5.0, 2.0, 2.0, 4.0, 2.0, 4.0, 4.0, 2.0, 1.0, 3.0, 2.0, 2.0, 1.0, 1.0, 1.0, 2.0, 1.0, 4.0, 0.0, 4.0, 2.0, 1.0, 1.0, 2.0, 2.0, 1.0, 1.0, 2.0], [5.0, 3.0, 2.0, 2.0, 3.0, 2.0, 4.0, 3.0, 4.0, 0.0, 2.0, 3.0, 5.0, 2.0, 2.0, 4.0, 4.0, 2.0, 3.0, 2.0, 1.0, 1.0, 1.0, 2.0, 2.0, 1.0, 1.0, 2.0, 1.0, 4.0, 1.0, 4.0, 3.0, 1.0, 1.0, 2.0, 2.0, 1.0, 1.0, 2.0], [5.0, 3.0, 2.0, 2.0, 2.0, 4.0, 4.0, 2.0, 5.0, 1.0, 2.0, 4.0, 5.0, 2.0, 2.0, 4.0, 4.0, 2.0, 3.0, 2.0, 1.0, 1.0, 2.0, 2.0, 2.0, 1.0, 1.0, 2.0, 1.0, 2.0, 1.0, 2.0, 1.0, 1.0, 1.0, 2.0, 2.0, 1.0, 1.0, 3.0], [5.0, 2.0, 2.0, 1.0, 3.0, 4.0, 4.0, 2.0, 2.0, 0.0, 2.0, 3.0, 5.0, 2.0, 2.0, 4.0, 2.0, 2.0, 3.0, 2.0, 1.0, 1.0, 3.0, 2.0, 2.0, 1.0, 1.0, 2.0, 1.0, 2.0, 0.0, 2.0, 1.0, 1.0, 1.0, 2.0, 2.0, 1.0, 1.0, 2.0], [5.0, 4.0, 2.0, 3.0, 3.0, 4.0, 4.0, 2.0, 5.0, 1.0, 2.0, 3.0, 5.0, 5.0, 2.0, 5.0, 4.0, 2.0, 3.0, 2.0, 1.0, 1.0, 1.0, 2.0, 1.0, 1.0, 1.0, 2.0, 1.0, 2.0, 0.0, 2.0, 1.0, 1.0, 1.0, 2.0, 2.0, 1.0, 1.0, 2.0], [5.0, 3.0, 2.0, 0.0, 3.0, 2.0, 4.0, 2.0, 5.0, 1.0, 2.0, 3.0, 5.0, 2.0, 2.0, 3.0, 2.0, 4.0, 2.0, 2.0, 1.0, 1.0, 2.0, 2.0, 2.0, 0.0, 1.0, 2.0, 1.0, 2.0, 0.0, 2.0, 2.0, 1.0, 1.0, 2.0, 2.0, 1.0, 1.0, 3.0], [5.0, 3.0, 4.0, 3.0, 3.0, 4.0, 3.0, 2.0, 2.0, 0.0, 2.0, 3.0, 5.0, 4.0, 2.0, 4.0, 4.0, 2.0, 3.0, 2.0, 1.0, 1.0, 2.0, 2.0, 2.0, 1.0, 1.0, 2.0, 1.0, 3.0, 0.0, 2.0, 1.0, 1.0, 1.0, 2.0, 2.0, 1.0, 1.0, 2.0]]

first layer check: Conv2d(6, 64, kernel_size=(7, 7), stride=(2, 2), padding=(3, 3), bias=False)

for model 1: mode acc: 0.5, run mean acc: 0.5120832920074463, top-2 acc:0.7587499022483826, mode f1: 0.5

model 1 mode preds
[1.0, 2.0, 2.0, 2.0, 2.0, 2.0, 4.0, 2.0, 1.0, 1.0, 2.0, 2.0, 1.0, 2.0, 2.0, 2.0, 2.0, 2.0, 2.0, 2.0, 2.0, 2.0, 2.0, 2.0, 2.0, 2.0, 2.0, 2.0, 1.0, 2.0, 2.0, 2.0, 2.0, 2.0, 2.0, 2.0, 2.0, 2.0, 1.0, 2.0]

model 1 all preds
[[1.0, 2.0, 2.0, 2.0, 2.0, 2.0, 4.0, 2.0, 1.0, 1.0, 2.0, 2.0, 1.0, 2.0, 2.0, 2.0, 2.0, 2.0, 2.0, 2.0, 1.0, 2.0, 2.0, 2.0, 2.0, 2.0, 2.0, 2.0, 1.0, 2.0, 2.0, 2.0, 2.0, 2.0, 2.0, 2.0, 2.0, 2.0, 1.0, 2.0], [1.0, 2.0, 2.0, 2.0, 2.0, 4.0, 2.0, 2.0, 1.0, 1.0, 2.0, 2.0, 1.0, 2.0, 2.0, 2.0, 2.0, 2.0, 2.0, 2.0, 1.0, 2.0, 2.0, 2.0, 2.0, 2.0, 2.0, 2.0, 1.0, 2.0, 2.0, 2.0, 2.0, 2.0, 2.0, 2.0, 2.0, 2.0, 1.0, 2.0], [1.0, 2.0, 2.0, 2.0, 2.0, 4.0, 4.0, 2.0, 1.0, 1.0, 2.0, 2.0, 1.0, 2.0, 2.0, 2.0, 2.0, 2.0, 2.0, 2.0, 2.0, 2.0, 2.0, 2.0, 2.0, 2.0, 2.0, 2.0, 1.0, 2.0, 2.0, 2.0, 2.0, 2.0, 2.0, 2.0, 2.0, 2.0, 1.0, 2.0], [1.0, 2.0, 2.0, 2.0, 2.0, 2.0, 2.0, 2.0, 1.0, 1.0, 2.0, 2.0, 1.0, 2.0, 2.0, 2.0, 2.0, 2.0, 2.0, 2.0, 2.0, 2.0, 2.0, 2.0, 2.0, 2.0, 2.0, 4.0, 1.0, 2.0, 2.0, 2.0, 2.0, 2.0, 1.0, 2.0, 2.0, 2.0, 1.0, 2.0], [1.0, 2.0, 2.0, 2.0, 2.0, 2.0, 2.0, 4.0, 2.0, 1.0, 2.0, 2.0, 1.0, 2.0, 2.0, 2.0, 2.0, 2.0, 2.0, 2.0, 2.0, 2.0, 2.0, 2.0, 2.0, 2.0, 2.0, 2.0, 1.0, 2.0, 2.0, 2.0, 2.0, 2.0, 2.0, 2.0, 2.0, 2.0, 2.0, 2.0], [1.0, 2.0, 2.0, 2.0, 2.0, 4.0, 2.0, 2.0, 1.0, 2.0, 2.0, 2.0, 1.0, 5.0, 2.0, 2.0, 2.0, 2.0, 2.0, 2.0, 2.0, 2.0, 2.0, 2.0, 2.0, 2.0, 2.0, 4.0, 1.0, 2.0, 2.0, 2.0, 2.0, 2.0, 2.0, 2.0, 2.0, 2.0, 2.0, 2.0], [1.0, 2.0, 2.0, 2.0, 2.0, 2.0, 4.0, 2.0, 1.0, 1.0, 2.0, 2.0, 1.0, 2.0, 2.0, 2.0, 2.0, 2.0, 2.0, 2.0, 2.0, 2.0, 2.0, 2.0, 2.0, 2.0, 2.0, 4.0, 2.0, 2.0, 2.0, 2.0, 2.0, 2.0, 2.0, 2.0, 2.0, 2.0, 1.0, 2.0], [1.0, 2.0, 2.0, 2.0, 2.0, 4.0, 2.0, 2.0, 1.0, 1.0, 2.0, 2.0, 1.0, 2.0, 2.0, 2.0, 2.0, 4.0, 2.0, 2.0, 2.0, 2.0, 2.0, 2.0, 2.0, 2.0, 2.0, 2.0, 1.0, 2.0, 2.0, 2.0, 2.0, 2.0, 2.0, 2.0, 2.0, 2.0, 1.0, 2.0], [1.0, 2.0, 2.0, 2.0, 2.0, 4.0, 2.0, 4.0, 1.0, 1.0, 1.0, 2.0, 1.0, 2.0, 2.0, 2.0, 2.0, 2.0, 2.0, 2.0, 2.0, 2.0, 2.0, 2.0, 2.0, 2.0, 2.0, 2.0, 1.0, 2.0, 2.0, 2.0, 2.0, 2.0, 2.0, 2.0, 2.0, 2.0, 1.0, 2.0], [1.0, 2.0, 4.0, 2.0, 2.0, 4.0, 2.0, 4.0, 2.0, 2.0, 2.0, 2.0, 1.0, 2.0, 2.0, 2.0, 4.0, 2.0, 2.0, 2.0, 2.0, 2.0, 1.0, 2.0, 2.0, 1.0, 2.0, 2.0, 1.0, 2.0, 2.0, 2.0, 2.0, 2.0, 2.0, 2.0, 2.0, 2.0, 2.0, 2.0], [1.0, 2.0, 2.0, 2.0, 2.0, 2.0, 2.0, 2.0, 2.0, 2.0, 2.0, 2.0, 1.0, 2.0, 2.0, 2.0, 2.0, 2.0, 2.0, 2.0, 2.0, 2.0, 2.0, 2.0, 2.0, 2.0, 2.0, 4.0, 1.0, 2.0, 2.0, 2.0, 2.0, 1.0, 2.0, 2.0, 2.0, 2.0, 2.0, 2.0], [1.0, 2.0, 2.0, 2.0, 2.0, 4.0, 4.0, 2.0, 2.0, 1.0, 2.0, 2.0, 1.0, 2.0, 2.0, 2.0, 4.0, 2.0, 2.0, 2.0, 2.0, 2.0, 2.0, 2.0, 2.0, 2.0, 2.0, 2.0, 1.0, 2.0, 2.0, 2.0, 2.0, 1.0, 2.0, 2.0, 2.0, 2.0, 2.0, 2.0], [1.0, 2.0, 2.0, 2.0, 2.0, 2.0, 4.0, 4.0, 2.0, 2.0, 1.0, 2.0, 1.0, 2.0, 2.0, 2.0, 2.0, 2.0, 2.0, 2.0, 2.0, 2.0, 2.0, 2.0, 2.0, 2.0, 2.0, 2.0, 1.0, 2.0, 2.0, 2.0, 2.0, 2.0, 2.0, 2.0, 2.0, 2.0, 1.0, 2.0], [1.0, 2.0, 2.0, 2.0, 2.0, 2.0, 2.0, 2.0, 1.0, 1.0, 2.0, 2.0, 1.0, 2.0, 2.0, 2.0, 2.0, 2.0, 2.0, 2.0, 2.0, 2.0, 2.0, 2.0, 2.0, 2.0, 2.0, 2.0, 1.0, 2.0, 2.0, 2.0, 2.0, 2.0, 2.0, 2.0, 2.0, 2.0, 2.0, 2.0], [1.0, 2.0, 2.0, 2.0, 2.0, 2.0, 2.0, 2.0, 2.0, 1.0, 2.0, 2.0, 1.0, 2.0, 2.0, 2.0, 2.0, 2.0, 2.0, 2.0, 1.0, 2.0, 2.0, 2.0, 2.0, 2.0, 2.0, 2.0, 1.0, 2.0, 2.0, 2.0, 2.0, 2.0, 2.0, 2.0, 2.0, 2.0, 1.0, 2.0], [1.0, 2.0, 2.0, 2.0, 2.0, 2.0, 4.0, 2.0, 2.0, 1.0, 2.0, 2.0, 1.0, 2.0, 2.0, 2.0, 4.0, 2.0, 2.0, 2.0, 2.0, 2.0, 2.0, 2.0, 2.0, 2.0, 2.0, 2.0, 1.0, 4.0, 2.0, 2.0, 2.0, 2.0, 2.0, 2.0, 2.0, 2.0, 1.0, 2.0], [1.0, 2.0, 2.0, 2.0, 2.0, 2.0, 2.0, 2.0, 1.0, 1.0, 2.0, 2.0, 1.0, 2.0, 2.0, 2.0, 4.0, 2.0, 2.0, 2.0, 2.0, 2.0, 2.0, 2.0, 2.0, 2.0, 2.0, 2.0, 1.0, 2.0, 2.0, 2.0, 2.0, 2.0, 2.0, 2.0, 2.0, 2.0, 1.0, 2.0], [1.0, 2.0, 2.0, 2.0, 2.0, 2.0, 4.0, 2.0, 1.0, 1.0, 2.0, 2.0, 1.0, 2.0, 2.0, 2.0, 4.0, 2.0, 2.0, 2.0, 2.0, 2.0, 2.0, 2.0, 2.0, 2.0, 2.0, 2.0, 1.0, 2.0, 2.0, 2.0, 2.0, 2.0, 2.0, 2.0, 2.0, 2.0, 1.0, 2.0], [1.0, 2.0, 2.0, 2.0, 2.0, 4.0, 2.0, 4.0, 1.0, 1.0, 2.0, 2.0, 1.0, 2.0, 2.0, 2.0, 2.0, 2.0, 4.0, 2.0, 2.0, 2.0, 2.0, 2.0, 2.0, 2.0, 2.0, 2.0, 1.0, 2.0, 2.0, 2.0, 2.0, 2.0, 2.0, 2.0, 2.0, 2.0, 1.0, 2.0], [1.0, 2.0, 2.0, 2.0, 2.0, 2.0, 4.0, 2.0, 1.0, 1.0, 2.0, 2.0, 1.0, 2.0, 2.0, 2.0, 2.0, 2.0, 2.0, 2.0, 2.0, 2.0, 2.0, 2.0, 2.0, 2.0, 2.0, 2.0, 1.0, 2.0, 2.0, 2.0, 2.0, 2.0, 2.0, 2.0, 2.0, 2.0, 2.0, 2.0], [1.0, 2.0, 2.0, 2.0, 2.0, 4.0, 2.0, 2.0, 2.0, 1.0, 2.0, 2.0, 1.0, 5.0, 2.0, 2.0, 4.0, 2.0, 2.0, 2.0, 2.0, 2.0, 2.0, 2.0, 2.0, 2.0, 2.0, 2.0, 1.0, 2.0, 2.0, 2.0, 2.0, 2.0, 2.0, 2.0, 2.0, 2.0, 1.0, 2.0], [1.0, 2.0, 2.0, 2.0, 2.0, 4.0, 2.0, 2.0, 2.0, 1.0, 2.0, 2.0, 1.0, 2.0, 2.0, 2.0, 2.0, 2.0, 2.0, 2.0, 2.0, 2.0, 2.0, 2.0, 2.0, 2.0, 2.0, 4.0, 1.0, 2.0, 2.0, 2.0, 2.0, 2.0, 2.0, 2.0, 2.0, 2.0, 1.0, 2.0], [1.0, 2.0, 2.0, 2.0, 2.0, 2.0, 4.0, 2.0, 2.0, 1.0, 2.0, 2.0, 1.0, 2.0, 2.0, 2.0, 2.0, 2.0, 2.0, 2.0, 1.0, 2.0, 2.0, 2.0, 2.0, 2.0, 2.0, 2.0, 2.0, 2.0, 2.0, 2.0, 2.0, 1.0, 2.0, 2.0, 2.0, 2.0, 1.0, 2.0], [1.0, 2.0, 2.0, 2.0, 2.0, 2.0, 2.0, 2.0, 1.0, 1.0, 2.0, 2.0, 1.0, 2.0, 2.0, 2.0, 4.0, 4.0, 2.0, 2.0, 1.0, 2.0, 2.0, 2.0, 2.0, 2.0, 2.0, 2.0, 1.0, 2.0, 2.0, 2.0, 2.0, 2.0, 2.0, 2.0, 2.0, 2.0, 1.0, 2.0], [1.0, 2.0, 2.0, 2.0, 2.0, 4.0, 4.0, 2.0, 1.0, 1.0, 2.0, 2.0, 1.0, 2.0, 2.0, 2.0, 2.0, 2.0, 2.0, 2.0, 2.0, 2.0, 1.0, 2.0, 2.0, 2.0, 2.0, 2.0, 1.0, 2.0, 2.0, 2.0, 2.0, 2.0, 2.0, 2.0, 2.0, 2.0, 1.0, 2.0], [1.0, 2.0, 2.0, 2.0, 2.0, 2.0, 4.0, 2.0, 1.0, 1.0, 1.0, 2.0, 1.0, 2.0, 2.0, 2.0, 2.0, 2.0, 4.0, 2.0, 2.0, 2.0, 2.0, 2.0, 2.0, 2.0, 2.0, 2.0, 1.0, 2.0, 2.0, 2.0, 2.0, 2.0, 2.0, 2.0, 2.0, 2.0, 1.0, 2.0], [1.0, 2.0, 4.0, 2.0, 2.0, 2.0, 2.0, 2.0, 1.0, 1.0, 2.0, 2.0, 1.0, 2.0, 2.0, 2.0, 2.0, 2.0, 2.0, 2.0, 1.0, 2.0, 2.0, 2.0, 2.0, 2.0, 2.0, 2.0, 1.0, 2.0, 2.0, 2.0, 2.0, 2.0, 2.0, 2.0, 2.0, 2.0, 2.0, 2.0], [1.0, 2.0, 2.0, 2.0, 2.0, 4.0, 4.0, 2.0, 1.0, 1.0, 2.0, 2.0, 1.0, 2.0, 2.0, 2.0, 2.0, 2.0, 2.0, 2.0, 2.0, 2.0, 2.0, 2.0, 2.0, 2.0, 2.0, 2.0, 1.0, 2.0, 2.0, 2.0, 2.0, 2.0, 2.0, 2.0, 2.0, 2.0, 2.0, 2.0], [1.0, 2.0, 2.0, 2.0, 2.0, 2.0, 2.0, 2.0, 2.0, 1.0, 2.0, 2.0, 1.0, 2.0, 2.0, 2.0, 2.0, 2.0, 2.0, 2.0, 2.0, 2.0, 2.0, 2.0, 2.0, 2.0, 2.0, 2.0, 1.0, 4.0, 2.0, 2.0, 2.0, 2.0, 2.0, 2.0, 2.0, 2.0, 1.0, 2.0], [1.0, 2.0, 2.0, 2.0, 2.0, 2.0, 4.0, 2.0, 1.0, 1.0, 2.0, 2.0, 1.0, 2.0, 2.0, 2.0, 2.0, 4.0, 2.0, 2.0, 2.0, 2.0, 1.0, 2.0, 2.0, 2.0, 2.0, 2.0, 1.0, 4.0, 2.0, 2.0, 2.0, 2.0, 2.0, 2.0, 2.0, 2.0, 2.0, 2.0], [1.0, 2.0, 2.0, 2.0, 2.0, 2.0, 4.0, 2.0, 2.0, 1.0, 2.0, 2.0, 1.0, 2.0, 2.0, 2.0, 2.0, 2.0, 2.0, 2.0, 2.0, 2.0, 2.0, 2.0, 2.0, 2.0, 2.0, 2.0, 1.0, 2.0, 2.0, 2.0, 2.0, 2.0, 2.0, 2.0, 2.0, 2.0, 2.0, 2.0], [1.0, 2.0, 2.0, 2.0, 2.0, 2.0, 4.0, 2.0, 1.0, 1.0, 2.0, 2.0, 1.0, 2.0, 2.0, 2.0, 2.0, 2.0, 2.0, 2.0, 1.0, 2.0, 2.0, 2.0, 2.0, 2.0, 2.0, 2.0, 1.0, 2.0, 2.0, 2.0, 2.0, 2.0, 2.0, 2.0, 2.0, 2.0, 1.0, 2.0], [1.0, 2.0, 2.0, 2.0, 2.0, 4.0, 4.0, 2.0, 1.0, 1.0, 2.0, 2.0, 1.0, 2.0, 2.0, 2.0, 2.0, 2.0, 2.0, 2.0, 2.0, 2.0, 2.0, 2.0, 2.0, 2.0, 2.0, 2.0, 1.0, 2.0, 2.0, 2.0, 2.0, 2.0, 2.0, 2.0, 2.0, 2.0, 1.0, 2.0], [1.0, 2.0, 2.0, 2.0, 2.0, 4.0, 4.0, 2.0, 1.0, 1.0, 2.0, 2.0, 1.0, 2.0, 2.0, 2.0, 2.0, 2.0, 2.0, 2.0, 2.0, 2.0, 2.0, 2.0, 2.0, 2.0, 2.0, 2.0, 1.0, 2.0, 2.0, 2.0, 1.0, 2.0, 2.0, 2.0, 2.0, 2.0, 2.0, 2.0], [1.0, 2.0, 2.0, 2.0, 2.0, 4.0, 4.0, 2.0, 1.0, 1.0, 2.0, 2.0, 1.0, 2.0, 2.0, 2.0, 2.0, 4.0, 2.0, 2.0, 1.0, 2.0, 2.0, 2.0, 2.0, 2.0, 1.0, 2.0, 1.0, 2.0, 2.0, 2.0, 2.0, 2.0, 2.0, 2.0, 2.0, 2.0, 2.0, 2.0], [1.0, 2.0, 2.0, 2.0, 2.0, 2.0, 5.0, 2.0, 1.0, 1.0, 2.0, 2.0, 1.0, 2.0, 2.0, 2.0, 2.0, 2.0, 2.0, 2.0, 1.0, 2.0, 2.0, 2.0, 2.0, 2.0, 2.0, 2.0, 1.0, 2.0, 2.0, 2.0, 2.0, 2.0, 2.0, 2.0, 2.0, 2.0, 1.0, 2.0], [1.0, 2.0, 2.0, 2.0, 2.0, 4.0, 4.0, 2.0, 2.0, 1.0, 2.0, 2.0, 1.0, 2.0, 2.0, 2.0, 2.0, 2.0, 2.0, 2.0, 1.0, 2.0, 2.0, 2.0, 2.0, 2.0, 2.0, 2.0, 2.0, 2.0, 2.0, 2.0, 2.0, 2.0, 2.0, 2.0, 2.0, 2.0, 2.0, 2.0], [1.0, 2.0, 2.0, 2.0, 2.0, 2.0, 4.0, 2.0, 2.0, 1.0, 2.0, 2.0, 1.0, 2.0, 2.0, 2.0, 2.0, 2.0, 2.0, 2.0, 2.0, 2.0, 2.0, 2.0, 2.0, 2.0, 2.0, 4.0, 1.0, 2.0, 2.0, 2.0, 2.0, 2.0, 2.0, 2.0, 2.0, 2.0, 1.0, 2.0], [1.0, 2.0, 2.0, 2.0, 2.0, 2.0, 4.0, 2.0, 2.0, 1.0, 2.0, 2.0, 1.0, 2.0, 2.0, 2.0, 4.0, 2.0, 2.0, 2.0, 2.0, 2.0, 2.0, 2.0, 2.0, 2.0, 2.0, 2.0, 1.0, 2.0, 2.0, 2.0, 2.0, 2.0, 2.0, 2.0, 2.0, 2.0, 2.0, 2.0], [1.0, 2.0, 2.0, 2.0, 2.0, 2.0, 4.0, 2.0, 1.0, 1.0, 2.0, 2.0, 1.0, 2.0, 2.0, 2.0, 2.0, 2.0, 2.0, 2.0, 2.0, 2.0, 2.0, 2.0, 2.0, 2.0, 2.0, 2.0, 1.0, 2.0, 2.0, 2.0, 2.0, 2.0, 2.0, 2.0, 2.0, 2.0, 1.0, 2.0], [1.0, 2.0, 2.0, 2.0, 2.0, 2.0, 2.0, 2.0, 2.0, 1.0, 2.0, 2.0, 1.0, 4.0, 2.0, 2.0, 2.0, 2.0, 2.0, 2.0, 2.0, 2.0, 2.0, 2.0, 2.0, 2.0, 2.0, 2.0, 1.0, 2.0, 2.0, 2.0, 2.0, 2.0, 1.0, 2.0, 2.0, 2.0, 1.0, 2.0], [1.0, 2.0, 2.0, 2.0, 2.0, 2.0, 4.0, 2.0, 2.0, 2.0, 2.0, 2.0, 1.0, 4.0, 2.0, 4.0, 2.0, 2.0, 2.0, 2.0, 2.0, 2.0, 2.0, 2.0, 2.0, 2.0, 2.0, 2.0, 1.0, 2.0, 2.0, 2.0, 2.0, 2.0, 2.0, 2.0, 2.0, 2.0, 2.0, 2.0], [1.0, 2.0, 2.0, 2.0, 2.0, 2.0, 2.0, 2.0, 2.0, 1.0, 2.0, 2.0, 1.0, 2.0, 2.0, 2.0, 2.0, 2.0, 2.0, 2.0, 2.0, 2.0, 2.0, 2.0, 2.0, 2.0, 2.0, 2.0, 1.0, 2.0, 2.0, 2.0, 2.0, 2.0, 2.0, 2.0, 2.0, 2.0, 2.0, 2.0], [1.0, 2.0, 2.0, 2.0, 2.0, 2.0, 4.0, 2.0, 1.0, 1.0, 2.0, 2.0, 1.0, 2.0, 2.0, 2.0, 4.0, 2.0, 2.0, 2.0, 2.0, 2.0, 2.0, 2.0, 2.0, 2.0, 2.0, 2.0, 1.0, 2.0, 2.0, 2.0, 2.0, 2.0, 2.0, 2.0, 2.0, 2.0, 1.0, 2.0], [1.0, 2.0, 2.0, 2.0, 2.0, 2.0, 4.0, 2.0, 2.0, 1.0, 2.0, 2.0, 1.0, 2.0, 2.0, 2.0, 4.0, 2.0, 2.0, 2.0, 2.0, 2.0, 2.0, 2.0, 2.0, 2.0, 2.0, 2.0, 1.0, 2.0, 2.0, 2.0, 2.0, 2.0, 2.0, 2.0, 2.0, 2.0, 1.0, 2.0], [1.0, 2.0, 2.0, 2.0, 2.0, 2.0, 4.0, 2.0, 2.0, 1.0, 1.0, 2.0, 1.0, 2.0, 2.0, 2.0, 4.0, 2.0, 2.0, 2.0, 2.0, 2.0, 2.0, 2.0, 2.0, 2.0, 1.0, 2.0, 1.0, 2.0, 2.0, 2.0, 2.0, 2.0, 2.0, 2.0, 2.0, 2.0, 1.0, 2.0], [1.0, 2.0, 2.0, 2.0, 2.0, 2.0, 4.0, 4.0, 1.0, 2.0, 2.0, 2.0, 1.0, 2.0, 2.0, 2.0, 4.0, 2.0, 2.0, 2.0, 2.0, 2.0, 2.0, 2.0, 2.0, 2.0, 2.0, 2.0, 1.0, 2.0, 2.0, 2.0, 1.0, 2.0, 2.0, 2.0, 2.0, 2.0, 2.0, 2.0], [1.0, 2.0, 2.0, 2.0, 2.0, 4.0, 4.0, 4.0, 1.0, 2.0, 2.0, 2.0, 1.0, 2.0, 2.0, 2.0, 2.0, 4.0, 2.0, 2.0, 2.0, 2.0, 2.0, 2.0, 2.0, 2.0, 1.0, 2.0, 1.0, 2.0, 2.0, 2.0, 2.0, 2.0, 2.0, 2.0, 2.0, 2.0, 1.0, 2.0], [1.0, 2.0, 2.0, 2.0, 2.0, 2.0, 4.0, 2.0, 2.0, 1.0, 2.0, 2.0, 1.0, 2.0, 2.0, 2.0, 4.0, 2.0, 2.0, 2.0, 2.0, 2.0, 2.0, 2.0, 2.0, 2.0, 2.0, 2.0, 1.0, 2.0, 2.0, 2.0, 2.0, 2.0, 2.0, 2.0, 2.0, 2.0, 2.0, 2.0], [1.0, 2.0, 2.0, 2.0, 2.0, 2.0, 2.0, 4.0, 2.0, 1.0, 2.0, 2.0, 1.0, 2.0, 2.0, 2.0, 2.0, 2.0, 2.0, 2.0, 2.0, 2.0, 2.0, 2.0, 2.0, 2.0, 2.0, 2.0, 1.0, 2.0, 2.0, 2.0, 2.0, 2.0, 2.0, 2.0, 2.0, 2.0, 2.0, 2.0]]

first layer check: Conv2d(6, 64, kernel_size=(7, 7), stride=(2, 2), padding=(3, 3), bias=False)

for model 2: mode acc: 0.6000000238418579, run mean acc: 0.6195833683013916, top-2 acc:0.7670833468437195, mode f1: 0.6000000238418579

model 2 mode preds
[0.0, 2.0, 2.0, 2.0, 2.0, 2.0, 0.0, 2.0, 2.0, 0.0, 2.0, 2.0, 0.0, 2.0, 2.0, 2.0, 2.0, 2.0, 2.0, 2.0, 1.0, 2.0, 2.0, 2.0, 2.0, 1.0, 2.0, 2.0, 1.0, 2.0, 2.0, 2.0, 2.0, 1.0, 1.0, 2.0, 2.0, 1.0, 1.0, 2.0]

model 2 all preds
[[0.0, 2.0, 2.0, 2.0, 2.0, 4.0, 0.0, 2.0, 2.0, 1.0, 2.0, 2.0, 0.0, 2.0, 2.0, 2.0, 2.0, 4.0, 2.0, 2.0, 1.0, 2.0, 2.0, 2.0, 2.0, 1.0, 2.0, 4.0, 1.0, 2.0, 2.0, 2.0, 2.0, 1.0, 1.0, 2.0, 2.0, 1.0, 1.0, 2.0], [0.0, 2.0, 2.0, 2.0, 2.0, 2.0, 0.0, 5.0, 2.0, 0.0, 2.0, 2.0, 0.0, 2.0, 2.0, 2.0, 2.0, 2.0, 2.0, 2.0, 1.0, 2.0, 2.0, 2.0, 2.0, 0.0, 1.0, 2.0, 1.0, 2.0, 2.0, 2.0, 2.0, 1.0, 1.0, 2.0, 2.0, 1.0, 1.0, 2.0], [0.0, 2.0, 2.0, 2.0, 2.0, 2.0, 0.0, 2.0, 2.0, 0.0, 2.0, 2.0, 0.0, 2.0, 2.0, 2.0, 2.0, 2.0, 2.0, 2.0, 2.0, 2.0, 2.0, 1.0, 2.0, 0.0, 2.0, 2.0, 1.0, 2.0, 2.0, 2.0, 2.0, 2.0, 1.0, 2.0, 2.0, 1.0, 1.0, 2.0], [0.0, 0.0, 2.0, 2.0, 2.0, 2.0, 0.0, 2.0, 2.0, 0.0, 2.0, 2.0, 0.0, 2.0, 2.0, 2.0, 2.0, 4.0, 2.0, 2.0, 1.0, 2.0, 2.0, 2.0, 2.0, 0.0, 1.0, 4.0, 1.0, 2.0, 2.0, 2.0, 2.0, 2.0, 2.0, 2.0, 2.0, 1.0, 1.0, 2.0], [0.0, 2.0, 2.0, 2.0, 2.0, 2.0, 0.0, 4.0, 2.0, 0.0, 2.0, 2.0, 0.0, 2.0, 2.0, 2.0, 2.0, 2.0, 2.0, 2.0, 1.0, 2.0, 2.0, 2.0, 1.0, 0.0, 2.0, 2.0, 1.0, 2.0, 2.0, 2.0, 2.0, 1.0, 1.0, 2.0, 2.0, 1.0, 1.0, 2.0], [0.0, 2.0, 2.0, 2.0, 2.0, 2.0, 0.0, 2.0, 2.0, 0.0, 2.0, 2.0, 0.0, 5.0, 2.0, 2.0, 2.0, 4.0, 2.0, 2.0, 1.0, 2.0, 2.0, 2.0, 2.0, 2.0, 1.0, 2.0, 1.0, 2.0, 2.0, 2.0, 2.0, 1.0, 1.0, 2.0, 2.0, 1.0, 1.0, 2.0], [0.0, 2.0, 2.0, 2.0, 2.0, 2.0, 0.0, 2.0, 2.0, 1.0, 2.0, 2.0, 0.0, 2.0, 2.0, 2.0, 2.0, 2.0, 2.0, 2.0, 2.0, 2.0, 2.0, 2.0, 1.0, 2.0, 1.0, 2.0, 1.0, 2.0, 0.0, 2.0, 2.0, 0.0, 1.0, 2.0, 2.0, 1.0, 1.0, 2.0], [0.0, 2.0, 2.0, 2.0, 2.0, 2.0, 0.0, 2.0, 2.0, 1.0, 2.0, 2.0, 0.0, 2.0, 2.0, 2.0, 2.0, 2.0, 2.0, 2.0, 1.0, 2.0, 2.0, 2.0, 2.0, 0.0, 2.0, 2.0, 1.0, 4.0, 1.0, 2.0, 2.0, 1.0, 2.0, 2.0, 2.0, 1.0, 1.0, 2.0], [0.0, 2.0, 2.0, 2.0, 2.0, 4.0, 2.0, 2.0, 2.0, 0.0, 2.0, 2.0, 0.0, 4.0, 2.0, 2.0, 2.0, 2.0, 2.0, 2.0, 1.0, 2.0, 2.0, 2.0, 2.0, 1.0, 2.0, 2.0, 1.0, 4.0, 2.0, 2.0, 2.0, 1.0, 1.0, 2.0, 2.0, 1.0, 1.0, 3.0], [0.0, 2.0, 2.0, 2.0, 2.0, 4.0, 0.0, 2.0, 2.0, 1.0, 2.0, 2.0, 0.0, 2.0, 2.0, 2.0, 2.0, 2.0, 2.0, 2.0, 0.0, 2.0, 2.0, 2.0, 2.0, 0.0, 2.0, 2.0, 1.0, 2.0, 2.0, 2.0, 2.0, 1.0, 1.0, 2.0, 2.0, 1.0, 2.0, 2.0], [0.0, 2.0, 2.0, 2.0, 2.0, 2.0, 2.0, 2.0, 2.0, 0.0, 2.0, 2.0, 0.0, 2.0, 2.0, 2.0, 4.0, 2.0, 2.0, 2.0, 0.0, 2.0, 2.0, 2.0, 2.0, 2.0, 2.0, 2.0, 1.0, 4.0, 2.0, 2.0, 2.0, 1.0, 1.0, 2.0, 2.0, 1.0, 1.0, 2.0], [0.0, 2.0, 2.0, 2.0, 2.0, 2.0, 2.0, 2.0, 2.0, 1.0, 2.0, 2.0, 0.0, 2.0, 2.0, 2.0, 2.0, 2.0, 2.0, 2.0, 1.0, 2.0, 2.0, 2.0, 2.0, 1.0, 1.0, 2.0, 1.0, 2.0, 1.0, 2.0, 2.0, 1.0, 1.0, 2.0, 2.0, 1.0, 1.0, 2.0], [0.0, 2.0, 2.0, 0.0, 2.0, 2.0, 2.0, 2.0, 2.0, 0.0, 2.0, 2.0, 0.0, 2.0, 2.0, 2.0, 2.0, 2.0, 2.0, 2.0, 1.0, 2.0, 2.0, 2.0, 2.0, 1.0, 2.0, 2.0, 1.0, 2.0, 2.0, 2.0, 2.0, 1.0, 1.0, 2.0, 2.0, 1.0, 1.0, 2.0], [0.0, 2.0, 2.0, 2.0, 2.0, 4.0, 0.0, 2.0, 2.0, 1.0, 2.0, 2.0, 0.0, 2.0, 2.0, 2.0, 2.0, 2.0, 2.0, 2.0, 1.0, 2.0, 2.0, 2.0, 2.0, 1.0, 1.0, 2.0, 1.0, 2.0, 2.0, 2.0, 2.0, 1.0, 1.0, 2.0, 2.0, 1.0, 1.0, 3.0], [0.0, 2.0, 2.0, 0.0, 2.0, 2.0, 0.0, 2.0, 2.0, 0.0, 2.0, 2.0, 0.0, 4.0, 2.0, 2.0, 2.0, 2.0, 2.0, 2.0, 0.0, 2.0, 2.0, 2.0, 1.0, 1.0, 2.0, 2.0, 1.0, 2.0, 2.0, 2.0, 2.0, 1.0, 1.0, 2.0, 2.0, 1.0, 1.0, 2.0], [0.0, 2.0, 2.0, 2.0, 2.0, 2.0, 0.0, 2.0, 2.0, 0.0, 2.0, 2.0, 0.0, 2.0, 2.0, 2.0, 2.0, 2.0, 2.0, 2.0, 2.0, 2.0, 2.0, 2.0, 2.0, 0.0, 2.0, 2.0, 1.0, 2.0, 2.0, 2.0, 2.0, 1.0, 1.0, 2.0, 2.0, 1.0, 1.0, 2.0], [0.0, 2.0, 2.0, 2.0, 2.0, 2.0, 0.0, 2.0, 2.0, 1.0, 2.0, 2.0, 0.0, 2.0, 2.0, 2.0, 2.0, 2.0, 2.0, 2.0, 2.0, 2.0, 2.0, 2.0, 2.0, 1.0, 1.0, 2.0, 1.0, 2.0, 2.0, 2.0, 2.0, 1.0, 1.0, 2.0, 2.0, 1.0, 1.0, 2.0], [0.0, 2.0, 2.0, 2.0, 2.0, 2.0, 0.0, 2.0, 2.0, 1.0, 2.0, 2.0, 0.0, 4.0, 2.0, 2.0, 2.0, 2.0, 2.0, 2.0, 1.0, 2.0, 2.0, 2.0, 2.0, 1.0, 2.0, 2.0, 1.0, 4.0, 2.0, 2.0, 2.0, 1.0, 1.0, 2.0, 2.0, 1.0, 1.0, 2.0], [0.0, 2.0, 2.0, 2.0, 2.0, 4.0, 0.0, 2.0, 2.0, 0.0, 2.0, 2.0, 0.0, 2.0, 2.0, 2.0, 2.0, 2.0, 2.0, 2.0, 2.0, 2.0, 2.0, 2.0, 2.0, 0.0, 1.0, 2.0, 1.0, 2.0, 0.0, 2.0, 2.0, 2.0, 1.0, 2.0, 2.0, 1.0, 2.0, 2.0], [0.0, 5.0, 2.0, 2.0, 2.0, 2.0, 0.0, 2.0, 2.0, 1.0, 2.0, 2.0, 0.0, 2.0, 2.0, 2.0, 2.0, 2.0, 2.0, 2.0, 1.0, 2.0, 2.0, 2.0, 1.0, 1.0, 2.0, 2.0, 1.0, 2.0, 2.0, 2.0, 2.0, 1.0, 1.0, 2.0, 2.0, 1.0, 1.0, 2.0], [0.0, 2.0, 2.0, 2.0, 2.0, 2.0, 0.0, 2.0, 2.0, 0.0, 2.0, 2.0, 0.0, 2.0, 2.0, 2.0, 2.0, 2.0, 2.0, 2.0, 1.0, 2.0, 2.0, 2.0, 3.0, 1.0, 2.0, 2.0, 1.0, 4.0, 2.0, 2.0, 2.0, 1.0, 1.0, 2.0, 2.0, 1.0, 1.0, 2.0], [0.0, 2.0, 2.0, 2.0, 2.0, 2.0, 0.0, 2.0, 2.0, 0.0, 2.0, 2.0, 0.0, 2.0, 2.0, 2.0, 4.0, 2.0, 2.0, 2.0, 1.0, 2.0, 2.0, 2.0, 2.0, 1.0, 1.0, 2.0, 1.0, 2.0, 2.0, 2.0, 1.0, 1.0, 1.0, 2.0, 2.0, 1.0, 1.0, 2.0], [0.0, 2.0, 2.0, 2.0, 2.0, 2.0, 0.0, 2.0, 2.0, 0.0, 2.0, 2.0, 0.0, 2.0, 2.0, 2.0, 4.0, 2.0, 2.0, 2.0, 1.0, 2.0, 2.0, 2.0, 2.0, 0.0, 1.0, 2.0, 1.0, 2.0, 1.0, 2.0, 2.0, 1.0, 1.0, 2.0, 2.0, 1.0, 1.0, 2.0], [0.0, 0.0, 2.0, 2.0, 2.0, 2.0, 0.0, 2.0, 2.0, 0.0, 2.0, 2.0, 0.0, 2.0, 2.0, 2.0, 2.0, 2.0, 2.0, 2.0, 1.0, 2.0, 2.0, 2.0, 1.0, 2.0, 2.0, 2.0, 1.0, 2.0, 2.0, 2.0, 2.0, 2.0, 1.0, 2.0, 2.0, 1.0, 2.0, 2.0], [0.0, 2.0, 2.0, 2.0, 2.0, 4.0, 5.0, 2.0, 2.0, 0.0, 2.0, 2.0, 0.0, 2.0, 2.0, 4.0, 4.0, 2.0, 2.0, 2.0, 0.0, 2.0, 2.0, 2.0, 2.0, 0.0, 2.0, 2.0, 1.0, 2.0, 2.0, 2.0, 2.0, 0.0, 1.0, 2.0, 2.0, 1.0, 2.0, 2.0], [0.0, 0.0, 2.0, 2.0, 2.0, 4.0, 0.0, 2.0, 2.0, 1.0, 2.0, 2.0, 0.0, 2.0, 2.0, 2.0, 2.0, 2.0, 2.0, 2.0, 2.0, 2.0, 2.0, 2.0, 2.0, 0.0, 1.0, 2.0, 1.0, 2.0, 0.0, 2.0, 2.0, 1.0, 1.0, 2.0, 2.0, 1.0, 1.0, 2.0], [0.0, 2.0, 2.0, 2.0, 2.0, 4.0, 0.0, 2.0, 2.0, 1.0, 2.0, 2.0, 0.0, 5.0, 2.0, 2.0, 2.0, 2.0, 2.0, 2.0, 0.0, 2.0, 2.0, 2.0, 2.0, 0.0, 2.0, 2.0, 1.0, 2.0, 2.0, 2.0, 2.0, 1.0, 1.0, 2.0, 2.0, 1.0, 2.0, 2.0], [0.0, 2.0, 2.0, 2.0, 2.0, 2.0, 0.0, 2.0, 2.0, 0.0, 2.0, 2.0, 0.0, 2.0, 2.0, 2.0, 2.0, 2.0, 2.0, 2.0, 2.0, 2.0, 2.0, 2.0, 2.0, 2.0, 1.0, 2.0, 1.0, 2.0, 2.0, 2.0, 2.0, 1.0, 1.0, 2.0, 4.0, 1.0, 1.0, 2.0], [0.0, 2.0, 2.0, 2.0, 2.0, 2.0, 0.0, 2.0, 2.0, 1.0, 2.0, 2.0, 0.0, 2.0, 2.0, 2.0, 2.0, 2.0, 2.0, 2.0, 1.0, 2.0, 2.0, 2.0, 2.0, 1.0, 2.0, 2.0, 1.0, 2.0, 1.0, 2.0, 2.0, 1.0, 1.0, 2.0, 2.0, 1.0, 1.0, 2.0], [0.0, 2.0, 2.0, 2.0, 2.0, 2.0, 0.0, 2.0, 2.0, 0.0, 2.0, 2.0, 0.0, 2.0, 2.0, 2.0, 2.0, 2.0, 2.0, 2.0, 0.0, 2.0, 2.0, 2.0, 2.0, 0.0, 2.0, 2.0, 1.0, 4.0, 0.0, 2.0, 2.0, 1.0, 1.0, 2.0, 2.0, 1.0, 1.0, 2.0], [0.0, 2.0, 2.0, 2.0, 2.0, 2.0, 2.0, 2.0, 2.0, 1.0, 2.0, 2.0, 0.0, 2.0, 2.0, 2.0, 2.0, 2.0, 2.0, 2.0, 0.0, 2.0, 2.0, 2.0, 2.0, 0.0, 2.0, 2.0, 1.0, 2.0, 2.0, 2.0, 2.0, 1.0, 1.0, 2.0, 2.0, 1.0, 1.0, 2.0], [0.0, 2.0, 2.0, 2.0, 2.0, 4.0, 0.0, 2.0, 2.0, 1.0, 2.0, 2.0, 0.0, 2.0, 2.0, 2.0, 2.0, 4.0, 2.0, 2.0, 2.0, 2.0, 2.0, 2.0, 2.0, 0.0, 2.0, 2.0, 1.0, 2.0, 0.0, 2.0, 2.0, 0.0, 2.0, 2.0, 2.0, 1.0, 1.0, 2.0], [0.0, 2.0, 2.0, 2.0, 2.0, 2.0, 2.0, 2.0, 2.0, 0.0, 2.0, 2.0, 0.0, 2.0, 2.0, 2.0, 2.0, 2.0, 2.0, 2.0, 1.0, 2.0, 2.0, 2.0, 1.0, 1.0, 1.0, 2.0, 1.0, 2.0, 2.0, 2.0, 2.0, 1.0, 2.0, 2.0, 2.0, 1.0, 1.0, 2.0], [0.0, 2.0, 2.0, 2.0, 2.0, 2.0, 2.0, 2.0, 2.0, 1.0, 2.0, 2.0, 0.0, 2.0, 2.0, 2.0, 2.0, 2.0, 2.0, 2.0, 1.0, 2.0, 2.0, 2.0, 1.0, 1.0, 1.0, 2.0, 1.0, 2.0, 2.0, 4.0, 2.0, 1.0, 2.0, 2.0, 2.0, 1.0, 1.0, 0.0], [0.0, 2.0, 2.0, 2.0, 2.0, 4.0, 0.0, 2.0, 2.0, 0.0, 2.0, 2.0, 0.0, 2.0, 2.0, 2.0, 2.0, 2.0, 2.0, 2.0, 1.0, 2.0, 2.0, 2.0, 2.0, 1.0, 1.0, 2.0, 1.0, 4.0, 2.0, 2.0, 2.0, 1.0, 1.0, 2.0, 2.0, 1.0, 1.0, 2.0], [0.0, 2.0, 2.0, 2.0, 2.0, 2.0, 0.0, 2.0, 2.0, 0.0, 2.0, 2.0, 0.0, 2.0, 2.0, 2.0, 2.0, 5.0, 2.0, 2.0, 1.0, 2.0, 2.0, 2.0, 1.0, 1.0, 2.0, 2.0, 1.0, 2.0, 2.0, 2.0, 2.0, 1.0, 1.0, 2.0, 2.0, 1.0, 1.0, 2.0], [0.0, 2.0, 2.0, 2.0, 2.0, 2.0, 0.0, 2.0, 2.0, 0.0, 2.0, 2.0, 0.0, 2.0, 2.0, 2.0, 2.0, 2.0, 2.0, 2.0, 2.0, 2.0, 2.0, 2.0, 1.0, 1.0, 2.0, 2.0, 1.0, 2.0, 2.0, 2.0, 2.0, 2.0, 1.0, 2.0, 2.0, 1.0, 1.0, 2.0], [0.0, 2.0, 2.0, 2.0, 2.0, 4.0, 2.0, 2.0, 2.0, 1.0, 2.0, 2.0, 0.0, 2.0, 2.0, 2.0, 2.0, 2.0, 2.0, 2.0, 1.0, 2.0, 2.0, 2.0, 2.0, 2.0, 2.0, 2.0, 1.0, 2.0, 2.0, 2.0, 2.0, 1.0, 1.0, 2.0, 2.0, 1.0, 2.0, 2.0], [0.0, 2.0, 2.0, 2.0, 2.0, 2.0, 0.0, 2.0, 2.0, 0.0, 2.0, 2.0, 0.0, 2.0, 2.0, 2.0, 2.0, 2.0, 2.0, 2.0, 0.0, 2.0, 2.0, 2.0, 1.0, 2.0, 1.0, 2.0, 1.0, 4.0, 1.0, 4.0, 2.0, 1.0, 1.0, 2.0, 2.0, 1.0, 2.0, 2.0], [0.0, 3.0, 2.0, 2.0, 2.0, 4.0, 0.0, 2.0, 2.0, 0.0, 2.0, 2.0, 0.0, 5.0, 2.0, 2.0, 2.0, 2.0, 2.0, 2.0, 2.0, 2.0, 2.0, 2.0, 2.0, 1.0, 1.0, 2.0, 1.0, 4.0, 2.0, 2.0, 2.0, 1.0, 1.0, 2.0, 2.0, 1.0, 1.0, 2.0], [0.0, 2.0, 2.0, 2.0, 2.0, 4.0, 0.0, 4.0, 2.0, 1.0, 2.0, 2.0, 0.0, 2.0, 2.0, 2.0, 2.0, 2.0, 2.0, 2.0, 1.0, 2.0, 2.0, 2.0, 2.0, 0.0, 2.0, 4.0, 1.0, 2.0, 2.0, 2.0, 2.0, 1.0, 1.0, 2.0, 2.0, 1.0, 1.0, 2.0], [0.0, 2.0, 2.0, 2.0, 2.0, 2.0, 0.0, 5.0, 2.0, 1.0, 2.0, 2.0, 0.0, 2.0, 2.0, 2.0, 2.0, 2.0, 2.0, 2.0, 1.0, 2.0, 2.0, 2.0, 2.0, 0.0, 2.0, 2.0, 1.0, 4.0, 0.0, 2.0, 2.0, 1.0, 1.0, 2.0, 2.0, 1.0, 1.0, 2.0], [0.0, 2.0, 2.0, 2.0, 2.0, 4.0, 0.0, 2.0, 2.0, 1.0, 2.0, 2.0, 0.0, 4.0, 2.0, 2.0, 2.0, 2.0, 2.0, 2.0, 2.0, 2.0, 2.0, 2.0, 2.0, 0.0, 2.0, 2.0, 1.0, 2.0, 2.0, 2.0, 2.0, 1.0, 1.0, 2.0, 4.0, 1.0, 1.0, 1.0], [0.0, 2.0, 2.0, 2.0, 2.0, 2.0, 0.0, 2.0, 2.0, 0.0, 2.0, 2.0, 0.0, 2.0, 2.0, 2.0, 2.0, 2.0, 2.0, 2.0, 1.0, 2.0, 2.0, 2.0, 2.0, 1.0, 1.0, 3.0, 1.0, 2.0, 1.0, 2.0, 2.0, 1.0, 1.0, 2.0, 2.0, 1.0, 1.0, 2.0], [0.0, 2.0, 2.0, 2.0, 2.0, 5.0, 2.0, 4.0, 2.0, 0.0, 2.0, 2.0, 0.0, 2.0, 2.0, 2.0, 2.0, 2.0, 2.0, 2.0, 1.0, 2.0, 2.0, 2.0, 1.0, 1.0, 2.0, 3.0, 1.0, 2.0, 2.0, 2.0, 2.0, 1.0, 1.0, 2.0, 2.0, 1.0, 1.0, 2.0], [0.0, 2.0, 2.0, 0.0, 2.0, 4.0, 0.0, 2.0, 2.0, 1.0, 2.0, 2.0, 0.0, 2.0, 2.0, 2.0, 4.0, 2.0, 2.0, 2.0, 2.0, 2.0, 2.0, 2.0, 2.0, 2.0, 2.0, 2.0, 1.0, 2.0, 0.0, 2.0, 2.0, 1.0, 1.0, 2.0, 2.0, 1.0, 1.0, 2.0], [0.0, 2.0, 2.0, 2.0, 2.0, 2.0, 0.0, 2.0, 2.0, 1.0, 2.0, 2.0, 0.0, 2.0, 2.0, 2.0, 2.0, 2.0, 2.0, 2.0, 2.0, 2.0, 2.0, 2.0, 2.0, 0.0, 2.0, 2.0, 1.0, 2.0, 1.0, 2.0, 2.0, 1.0, 1.0, 2.0, 5.0, 1.0, 2.0, 2.0], [0.0, 2.0, 2.0, 2.0, 2.0, 4.0, 0.0, 4.0, 2.0, 0.0, 2.0, 2.0, 0.0, 4.0, 2.0, 2.0, 2.0, 2.0, 2.0, 2.0, 1.0, 2.0, 2.0, 2.0, 2.0, 1.0, 1.0, 2.0, 1.0, 2.0, 2.0, 2.0, 2.0, 1.0, 2.0, 2.0, 2.0, 1.0, 1.0, 2.0], [0.0, 2.0, 2.0, 2.0, 2.0, 2.0, 0.0, 2.0, 2.0, 1.0, 2.0, 2.0, 0.0, 5.0, 2.0, 2.0, 2.0, 2.0, 2.0, 2.0, 2.0, 2.0, 2.0, 2.0, 2.0, 2.0, 2.0, 4.0, 1.0, 2.0, 1.0, 2.0, 2.0, 1.0, 1.0, 2.0, 2.0, 1.0, 1.0, 2.0], [0.0, 2.0, 2.0, 0.0, 2.0, 2.0, 2.0, 2.0, 2.0, 0.0, 2.0, 2.0, 0.0, 5.0, 2.0, 2.0, 2.0, 2.0, 2.0, 2.0, 2.0, 2.0, 2.0, 2.0, 2.0, 0.0, 1.0, 2.0, 1.0, 4.0, 2.0, 2.0, 2.0, 1.0, 1.0, 2.0, 2.0, 1.0, 1.0, 2.0]]

first layer check: Conv2d(6, 64, kernel_size=(7, 7), stride=(2, 2), padding=(3, 3), bias=False)

for model 3: mode acc: 0.574999988079071, run mean acc: 0.60958331823349, top-2 acc:0.8545833826065063, mode f1: 0.574999988079071

model 3 mode preds
[5.0, 2.0, 2.0, 2.0, 2.0, 2.0, 2.0, 2.0, 2.0, 1.0, 2.0, 2.0, 5.0, 2.0, 2.0, 2.0, 2.0, 2.0, 2.0, 2.0, 1.0, 2.0, 1.0, 2.0, 2.0, 1.0, 1.0, 2.0, 1.0, 2.0, 2.0, 2.0, 1.0, 1.0, 1.0, 2.0, 2.0, 1.0, 1.0, 2.0]

model 3 all preds
[[5.0, 2.0, 2.0, 2.0, 2.0, 2.0, 5.0, 2.0, 1.0, 1.0, 2.0, 2.0, 5.0, 5.0, 2.0, 2.0, 2.0, 2.0, 2.0, 2.0, 1.0, 2.0, 1.0, 2.0, 2.0, 1.0, 1.0, 2.0, 1.0, 2.0, 2.0, 2.0, 2.0, 2.0, 1.0, 2.0, 2.0, 1.0, 1.0, 2.0], [5.0, 2.0, 2.0, 5.0, 2.0, 2.0, 2.0, 2.0, 2.0, 1.0, 2.0, 2.0, 5.0, 2.0, 2.0, 2.0, 2.0, 2.0, 1.0, 2.0, 1.0, 2.0, 2.0, 2.0, 2.0, 1.0, 2.0, 2.0, 1.0, 2.0, 2.0, 1.0, 1.0, 1.0, 2.0, 2.0, 2.0, 1.0, 1.0, 2.0], [5.0, 2.0, 2.0, 5.0, 2.0, 2.0, 2.0, 2.0, 2.0, 1.0, 2.0, 2.0, 5.0, 2.0, 2.0, 2.0, 5.0, 2.0, 2.0, 2.0, 2.0, 2.0, 2.0, 2.0, 2.0, 1.0, 1.0, 2.0, 1.0, 2.0, 2.0, 2.0, 1.0, 1.0, 1.0, 2.0, 2.0, 1.0, 1.0, 2.0], [5.0, 2.0, 2.0, 2.0, 2.0, 2.0, 5.0, 2.0, 2.0, 1.0, 2.0, 2.0, 5.0, 5.0, 2.0, 2.0, 2.0, 2.0, 2.0, 2.0, 1.0, 2.0, 1.0, 2.0, 2.0, 2.0, 2.0, 2.0, 1.0, 2.0, 2.0, 2.0, 1.0, 1.0, 1.0, 2.0, 2.0, 1.0, 1.0, 2.0], [5.0, 1.0, 2.0, 2.0, 2.0, 2.0, 5.0, 2.0, 2.0, 1.0, 2.0, 2.0, 5.0, 5.0, 2.0, 2.0, 2.0, 2.0, 2.0, 2.0, 2.0, 2.0, 1.0, 2.0, 2.0, 1.0, 1.0, 2.0, 1.0, 2.0, 2.0, 2.0, 1.0, 1.0, 1.0, 2.0, 2.0, 1.0, 1.0, 2.0], [5.0, 2.0, 2.0, 2.0, 2.0, 2.0, 2.0, 2.0, 2.0, 1.0, 2.0, 2.0, 5.0, 5.0, 2.0, 2.0, 2.0, 2.0, 2.0, 2.0, 1.0, 2.0, 2.0, 2.0, 2.0, 1.0, 1.0, 2.0, 1.0, 2.0, 2.0, 2.0, 2.0, 1.0, 2.0, 2.0, 2.0, 1.0, 1.0, 2.0], [5.0, 2.0, 2.0, 2.0, 2.0, 2.0, 2.0, 2.0, 2.0, 1.0, 2.0, 2.0, 5.0, 2.0, 2.0, 2.0, 2.0, 2.0, 1.0, 2.0, 2.0, 2.0, 1.0, 2.0, 2.0, 2.0, 2.0, 2.0, 1.0, 2.0, 2.0, 2.0, 1.0, 1.0, 1.0, 2.0, 2.0, 1.0, 1.0, 2.0], [5.0, 2.0, 2.0, 2.0, 2.0, 2.0, 2.0, 2.0, 2.0, 1.0, 2.0, 2.0, 5.0, 2.0, 2.0, 2.0, 2.0, 2.0, 1.0, 2.0, 2.0, 2.0, 1.0, 2.0, 2.0, 1.0, 1.0, 2.0, 1.0, 2.0, 2.0, 2.0, 2.0, 1.0, 1.0, 2.0, 2.0, 1.0, 1.0, 2.0], [5.0, 2.0, 2.0, 5.0, 2.0, 2.0, 2.0, 2.0, 2.0, 1.0, 2.0, 2.0, 5.0, 2.0, 2.0, 2.0, 2.0, 2.0, 2.0, 2.0, 1.0, 2.0, 1.0, 2.0, 2.0, 1.0, 1.0, 2.0, 1.0, 2.0, 2.0, 2.0, 1.0, 1.0, 1.0, 2.0, 5.0, 1.0, 1.0, 2.0], [5.0, 2.0, 2.0, 2.0, 2.0, 2.0, 2.0, 2.0, 2.0, 1.0, 2.0, 2.0, 5.0, 2.0, 2.0, 2.0, 2.0, 2.0, 1.0, 2.0, 2.0, 2.0, 2.0, 2.0, 2.0, 2.0, 1.0, 2.0, 1.0, 2.0, 2.0, 2.0, 2.0, 1.0, 1.0, 2.0, 2.0, 1.0, 1.0, 2.0], [5.0, 2.0, 2.0, 5.0, 2.0, 2.0, 1.0, 2.0, 2.0, 1.0, 2.0, 2.0, 5.0, 2.0, 2.0, 2.0, 2.0, 2.0, 2.0, 2.0, 1.0, 2.0, 2.0, 2.0, 2.0, 1.0, 1.0, 2.0, 1.0, 2.0, 2.0, 2.0, 1.0, 1.0, 1.0, 2.0, 2.0, 1.0, 1.0, 2.0], [5.0, 2.0, 2.0, 2.0, 2.0, 2.0, 2.0, 2.0, 2.0, 1.0, 2.0, 2.0, 5.0, 2.0, 2.0, 2.0, 2.0, 2.0, 1.0, 2.0, 1.0, 2.0, 2.0, 2.0, 2.0, 1.0, 2.0, 2.0, 1.0, 2.0, 2.0, 2.0, 1.0, 1.0, 1.0, 2.0, 5.0, 1.0, 1.0, 2.0], [5.0, 2.0, 5.0, 2.0, 2.0, 2.0, 2.0, 2.0, 2.0, 1.0, 2.0, 2.0, 5.0, 2.0, 2.0, 2.0, 2.0, 2.0, 2.0, 2.0, 1.0, 2.0, 1.0, 2.0, 2.0, 1.0, 1.0, 2.0, 1.0, 2.0, 2.0, 2.0, 1.0, 1.0, 1.0, 2.0, 2.0, 1.0, 1.0, 2.0], [5.0, 2.0, 2.0, 2.0, 2.0, 2.0, 5.0, 2.0, 2.0, 1.0, 2.0, 2.0, 5.0, 2.0, 2.0, 2.0, 2.0, 2.0, 2.0, 2.0, 2.0, 2.0, 1.0, 2.0, 2.0, 1.0, 1.0, 2.0, 1.0, 2.0, 2.0, 2.0, 2.0, 1.0, 2.0, 2.0, 5.0, 1.0, 2.0, 2.0], [5.0, 2.0, 2.0, 2.0, 2.0, 2.0, 2.0, 2.0, 2.0, 1.0, 2.0, 2.0, 5.0, 2.0, 2.0, 2.0, 2.0, 2.0, 1.0, 2.0, 1.0, 2.0, 1.0, 2.0, 1.0, 1.0, 1.0, 2.0, 1.0, 2.0, 2.0, 2.0, 1.0, 1.0, 1.0, 2.0, 2.0, 1.0, 1.0, 2.0], [5.0, 2.0, 2.0, 2.0, 2.0, 2.0, 2.0, 2.0, 2.0, 1.0, 2.0, 2.0, 5.0, 2.0, 2.0, 2.0, 2.0, 2.0, 2.0, 2.0, 2.0, 2.0, 2.0, 2.0, 2.0, 1.0, 1.0, 5.0, 1.0, 2.0, 2.0, 2.0, 1.0, 2.0, 1.0, 2.0, 2.0, 1.0, 1.0, 2.0], [5.0, 2.0, 5.0, 2.0, 2.0, 2.0, 2.0, 2.0, 2.0, 1.0, 2.0, 2.0, 5.0, 5.0, 2.0, 2.0, 2.0, 2.0, 1.0, 2.0, 1.0, 2.0, 2.0, 2.0, 2.0, 1.0, 1.0, 2.0, 1.0, 2.0, 2.0, 2.0, 1.0, 1.0, 2.0, 2.0, 2.0, 1.0, 1.0, 2.0], [5.0, 2.0, 2.0, 2.0, 2.0, 2.0, 5.0, 2.0, 2.0, 1.0, 2.0, 2.0, 5.0, 2.0, 2.0, 2.0, 2.0, 2.0, 2.0, 2.0, 1.0, 2.0, 2.0, 2.0, 2.0, 1.0, 1.0, 2.0, 1.0, 2.0, 2.0, 2.0, 1.0, 1.0, 2.0, 2.0, 2.0, 1.0, 1.0, 2.0], [5.0, 2.0, 2.0, 2.0, 2.0, 2.0, 0.0, 2.0, 2.0, 1.0, 2.0, 2.0, 5.0, 2.0, 2.0, 2.0, 2.0, 2.0, 2.0, 2.0, 2.0, 2.0, 2.0, 2.0, 2.0, 1.0, 1.0, 2.0, 1.0, 2.0, 2.0, 2.0, 2.0, 1.0, 1.0, 2.0, 2.0, 1.0, 1.0, 1.0], [5.0, 2.0, 2.0, 2.0, 2.0, 2.0, 2.0, 2.0, 2.0, 1.0, 1.0, 2.0, 5.0, 2.0, 2.0, 2.0, 2.0, 2.0, 1.0, 2.0, 2.0, 2.0, 1.0, 2.0, 2.0, 2.0, 1.0, 2.0, 1.0, 2.0, 2.0, 2.0, 2.0, 1.0, 2.0, 2.0, 5.0, 1.0, 1.0, 2.0], [5.0, 2.0, 2.0, 2.0, 2.0, 2.0, 5.0, 2.0, 2.0, 1.0, 2.0, 2.0, 5.0, 2.0, 2.0, 2.0, 2.0, 2.0, 1.0, 2.0, 1.0, 2.0, 2.0, 2.0, 2.0, 1.0, 1.0, 5.0, 1.0, 2.0, 2.0, 2.0, 1.0, 1.0, 1.0, 2.0, 2.0, 1.0, 1.0, 2.0], [5.0, 1.0, 2.0, 5.0, 2.0, 5.0, 2.0, 2.0, 2.0, 1.0, 2.0, 2.0, 5.0, 2.0, 2.0, 2.0, 2.0, 2.0, 2.0, 2.0, 1.0, 2.0, 1.0, 2.0, 2.0, 1.0, 1.0, 2.0, 1.0, 2.0, 1.0, 2.0, 1.0, 1.0, 1.0, 2.0, 2.0, 1.0, 1.0, 2.0], [5.0, 2.0, 2.0, 2.0, 2.0, 2.0, 5.0, 2.0, 2.0, 1.0, 2.0, 2.0, 5.0, 2.0, 5.0, 2.0, 2.0, 2.0, 2.0, 2.0, 2.0, 2.0, 1.0, 2.0, 2.0, 1.0, 1.0, 2.0, 1.0, 2.0, 2.0, 2.0, 2.0, 1.0, 2.0, 2.0, 2.0, 1.0, 1.0, 2.0], [5.0, 2.0, 5.0, 5.0, 2.0, 2.0, 2.0, 2.0, 2.0, 1.0, 2.0, 2.0, 5.0, 5.0, 2.0, 2.0, 5.0, 2.0, 1.0, 2.0, 2.0, 2.0, 1.0, 2.0, 2.0, 1.0, 1.0, 2.0, 1.0, 2.0, 2.0, 2.0, 1.0, 1.0, 2.0, 2.0, 2.0, 1.0, 1.0, 2.0], [5.0, 2.0, 5.0, 2.0, 1.0, 2.0, 2.0, 2.0, 2.0, 1.0, 2.0, 2.0, 5.0, 2.0, 2.0, 2.0, 2.0, 2.0, 2.0, 2.0, 1.0, 2.0, 1.0, 2.0, 2.0, 1.0, 1.0, 2.0, 1.0, 2.0, 2.0, 2.0, 1.0, 1.0, 2.0, 2.0, 2.0, 1.0, 1.0, 1.0], [5.0, 2.0, 2.0, 2.0, 2.0, 2.0, 2.0, 2.0, 2.0, 1.0, 2.0, 2.0, 5.0, 2.0, 2.0, 2.0, 2.0, 2.0, 2.0, 2.0, 1.0, 2.0, 1.0, 2.0, 2.0, 2.0, 1.0, 2.0, 1.0, 2.0, 1.0, 2.0, 1.0, 1.0, 1.0, 2.0, 2.0, 1.0, 1.0, 2.0], [5.0, 2.0, 2.0, 2.0, 2.0, 2.0, 2.0, 2.0, 2.0, 1.0, 2.0, 2.0, 5.0, 5.0, 2.0, 2.0, 2.0, 2.0, 1.0, 2.0, 2.0, 2.0, 1.0, 2.0, 2.0, 1.0, 1.0, 2.0, 1.0, 2.0, 2.0, 2.0, 1.0, 1.0, 1.0, 2.0, 2.0, 1.0, 1.0, 2.0], [5.0, 2.0, 2.0, 2.0, 2.0, 2.0, 2.0, 2.0, 2.0, 1.0, 2.0, 2.0, 5.0, 2.0, 2.0, 2.0, 2.0, 2.0, 2.0, 2.0, 2.0, 2.0, 1.0, 2.0, 2.0, 1.0, 1.0, 2.0, 1.0, 2.0, 2.0, 2.0, 2.0, 1.0, 1.0, 2.0, 2.0, 1.0, 1.0, 2.0], [5.0, 2.0, 2.0, 2.0, 2.0, 2.0, 2.0, 2.0, 2.0, 1.0, 2.0, 2.0, 5.0, 2.0, 2.0, 2.0, 2.0, 2.0, 2.0, 2.0, 1.0, 2.0, 2.0, 2.0, 2.0, 1.0, 1.0, 2.0, 1.0, 2.0, 2.0, 2.0, 2.0, 1.0, 1.0, 2.0, 2.0, 1.0, 1.0, 2.0], [5.0, 2.0, 2.0, 2.0, 2.0, 2.0, 2.0, 2.0, 2.0, 1.0, 2.0, 2.0, 5.0, 2.0, 2.0, 2.0, 2.0, 2.0, 2.0, 2.0, 2.0, 2.0, 1.0, 2.0, 2.0, 1.0, 2.0, 2.0, 1.0, 2.0, 1.0, 2.0, 1.0, 1.0, 1.0, 2.0, 2.0, 1.0, 1.0, 2.0], [5.0, 2.0, 2.0, 2.0, 2.0, 2.0, 2.0, 2.0, 2.0, 1.0, 2.0, 2.0, 5.0, 2.0, 2.0, 2.0, 2.0, 2.0, 2.0, 2.0, 1.0, 2.0, 1.0, 2.0, 2.0, 1.0, 1.0, 2.0, 1.0, 2.0, 2.0, 1.0, 1.0, 1.0, 1.0, 2.0, 2.0, 1.0, 1.0, 2.0], [5.0, 2.0, 2.0, 5.0, 2.0, 2.0, 2.0, 2.0, 2.0, 1.0, 2.0, 2.0, 5.0, 2.0, 2.0, 2.0, 2.0, 2.0, 1.0, 2.0, 1.0, 2.0, 1.0, 2.0, 2.0, 2.0, 1.0, 2.0, 1.0, 2.0, 2.0, 2.0, 1.0, 1.0, 1.0, 2.0, 5.0, 1.0, 1.0, 1.0], [5.0, 2.0, 2.0, 2.0, 2.0, 2.0, 2.0, 2.0, 2.0, 1.0, 2.0, 2.0, 5.0, 5.0, 2.0, 2.0, 2.0, 2.0, 2.0, 2.0, 2.0, 2.0, 1.0, 2.0, 2.0, 2.0, 1.0, 2.0, 1.0, 2.0, 2.0, 2.0, 1.0, 1.0, 1.0, 2.0, 2.0, 1.0, 1.0, 2.0], [5.0, 2.0, 2.0, 2.0, 2.0, 2.0, 2.0, 2.0, 2.0, 1.0, 2.0, 2.0, 5.0, 2.0, 2.0, 2.0, 2.0, 2.0, 2.0, 2.0, 2.0, 2.0, 1.0, 2.0, 2.0, 1.0, 1.0, 2.0, 1.0, 2.0, 2.0, 2.0, 1.0, 1.0, 1.0, 2.0, 2.0, 1.0, 1.0, 2.0], [5.0, 2.0, 2.0, 2.0, 2.0, 2.0, 2.0, 2.0, 2.0, 1.0, 2.0, 2.0, 5.0, 2.0, 2.0, 2.0, 2.0, 2.0, 2.0, 2.0, 1.0, 2.0, 2.0, 2.0, 2.0, 1.0, 1.0, 2.0, 1.0, 2.0, 2.0, 2.0, 1.0, 1.0, 2.0, 2.0, 2.0, 1.0, 1.0, 2.0], [5.0, 2.0, 2.0, 2.0, 2.0, 2.0, 5.0, 2.0, 1.0, 1.0, 2.0, 2.0, 5.0, 2.0, 2.0, 2.0, 2.0, 2.0, 2.0, 2.0, 1.0, 2.0, 2.0, 2.0, 2.0, 1.0, 1.0, 2.0, 1.0, 2.0, 2.0, 2.0, 1.0, 1.0, 1.0, 2.0, 5.0, 1.0, 1.0, 2.0], [5.0, 5.0, 2.0, 2.0, 2.0, 2.0, 2.0, 2.0, 2.0, 1.0, 2.0, 2.0, 5.0, 2.0, 2.0, 2.0, 2.0, 2.0, 1.0, 2.0, 1.0, 2.0, 2.0, 2.0, 2.0, 1.0, 2.0, 2.0, 1.0, 2.0, 1.0, 2.0, 1.0, 1.0, 1.0, 2.0, 2.0, 1.0, 1.0, 2.0], [5.0, 2.0, 2.0, 2.0, 2.0, 2.0, 2.0, 2.0, 2.0, 1.0, 2.0, 2.0, 5.0, 2.0, 2.0, 2.0, 2.0, 2.0, 2.0, 2.0, 1.0, 2.0, 1.0, 2.0, 2.0, 1.0, 1.0, 2.0, 1.0, 2.0, 2.0, 2.0, 2.0, 1.0, 1.0, 2.0, 2.0, 1.0, 1.0, 2.0], [5.0, 2.0, 2.0, 2.0, 2.0, 2.0, 2.0, 2.0, 2.0, 1.0, 2.0, 2.0, 5.0, 2.0, 2.0, 2.0, 2.0, 2.0, 2.0, 2.0, 2.0, 2.0, 2.0, 2.0, 2.0, 1.0, 1.0, 5.0, 1.0, 2.0, 2.0, 2.0, 2.0, 1.0, 1.0, 2.0, 2.0, 1.0, 1.0, 2.0], [5.0, 5.0, 2.0, 5.0, 2.0, 2.0, 2.0, 2.0, 2.0, 1.0, 2.0, 2.0, 5.0, 2.0, 2.0, 2.0, 2.0, 2.0, 2.0, 2.0, 2.0, 2.0, 1.0, 2.0, 2.0, 1.0, 1.0, 2.0, 1.0, 2.0, 2.0, 1.0, 1.0, 1.0, 1.0, 2.0, 2.0, 1.0, 1.0, 2.0], [5.0, 2.0, 2.0, 2.0, 2.0, 5.0, 2.0, 2.0, 2.0, 1.0, 2.0, 2.0, 5.0, 5.0, 2.0, 2.0, 2.0, 2.0, 2.0, 2.0, 1.0, 2.0, 2.0, 2.0, 2.0, 1.0, 1.0, 2.0, 1.0, 2.0, 1.0, 2.0, 2.0, 1.0, 1.0, 2.0, 2.0, 1.0, 1.0, 2.0], [5.0, 2.0, 2.0, 2.0, 2.0, 2.0, 2.0, 2.0, 2.0, 1.0, 2.0, 2.0, 5.0, 2.0, 2.0, 2.0, 5.0, 2.0, 2.0, 2.0, 1.0, 2.0, 1.0, 2.0, 2.0, 1.0, 1.0, 2.0, 1.0, 2.0, 2.0, 1.0, 1.0, 1.0, 1.0, 2.0, 2.0, 1.0, 1.0, 2.0], [5.0, 2.0, 2.0, 2.0, 2.0, 5.0, 2.0, 2.0, 1.0, 1.0, 2.0, 2.0, 5.0, 2.0, 2.0, 2.0, 2.0, 2.0, 2.0, 2.0, 2.0, 2.0, 1.0, 2.0, 2.0, 2.0, 1.0, 2.0, 1.0, 2.0, 2.0, 2.0, 2.0, 2.0, 2.0, 2.0, 2.0, 1.0, 1.0, 1.0], [5.0, 5.0, 5.0, 2.0, 2.0, 2.0, 2.0, 2.0, 2.0, 1.0, 2.0, 2.0, 5.0, 2.0, 2.0, 2.0, 5.0, 5.0, 2.0, 2.0, 1.0, 2.0, 2.0, 2.0, 2.0, 2.0, 1.0, 2.0, 1.0, 2.0, 2.0, 2.0, 1.0, 1.0, 2.0, 2.0, 2.0, 1.0, 1.0, 1.0], [5.0, 2.0, 2.0, 2.0, 2.0, 2.0, 5.0, 2.0, 2.0, 1.0, 2.0, 2.0, 5.0, 2.0, 2.0, 2.0, 2.0, 2.0, 2.0, 2.0, 1.0, 2.0, 1.0, 2.0, 2.0, 1.0, 1.0, 2.0, 1.0, 2.0, 2.0, 2.0, 1.0, 1.0, 1.0, 2.0, 2.0, 1.0, 1.0, 3.0], [5.0, 2.0, 2.0, 5.0, 2.0, 4.0, 2.0, 2.0, 2.0, 1.0, 1.0, 2.0, 5.0, 2.0, 2.0, 2.0, 2.0, 2.0, 2.0, 1.0, 2.0, 2.0, 1.0, 2.0, 2.0, 1.0, 1.0, 2.0, 1.0, 2.0, 2.0, 2.0, 2.0, 1.0, 1.0, 2.0, 2.0, 1.0, 1.0, 5.0], [5.0, 2.0, 2.0, 2.0, 2.0, 2.0, 5.0, 2.0, 2.0, 1.0, 2.0, 2.0, 5.0, 2.0, 2.0, 2.0, 2.0, 2.0, 2.0, 2.0, 1.0, 2.0, 1.0, 2.0, 2.0, 1.0, 1.0, 2.0, 1.0, 2.0, 2.0, 2.0, 1.0, 1.0, 1.0, 2.0, 2.0, 1.0, 1.0, 2.0], [5.0, 2.0, 2.0, 2.0, 2.0, 5.0, 2.0, 2.0, 1.0, 1.0, 2.0, 2.0, 5.0, 5.0, 2.0, 2.0, 2.0, 2.0, 2.0, 2.0, 2.0, 2.0, 1.0, 2.0, 2.0, 1.0, 2.0, 2.0, 1.0, 2.0, 2.0, 2.0, 1.0, 1.0, 1.0, 2.0, 2.0, 1.0, 1.0, 2.0], [5.0, 1.0, 5.0, 2.0, 2.0, 2.0, 5.0, 2.0, 2.0, 1.0, 2.0, 2.0, 5.0, 2.0, 2.0, 2.0, 2.0, 2.0, 2.0, 2.0, 1.0, 2.0, 1.0, 2.0, 2.0, 1.0, 2.0, 2.0, 1.0, 2.0, 2.0, 2.0, 1.0, 1.0, 1.0, 2.0, 2.0, 1.0, 1.0, 2.0], [5.0, 2.0, 2.0, 2.0, 2.0, 2.0, 2.0, 2.0, 2.0, 1.0, 2.0, 2.0, 5.0, 5.0, 2.0, 2.0, 2.0, 2.0, 2.0, 2.0, 2.0, 2.0, 1.0, 2.0, 2.0, 1.0, 1.0, 2.0, 1.0, 2.0, 2.0, 2.0, 1.0, 1.0, 1.0, 2.0, 2.0, 1.0, 1.0, 2.0]]

first layer check: Conv2d(6, 64, kernel_size=(7, 7), stride=(2, 2), padding=(3, 3), bias=False)

for model 4: mode acc: 0.4749999940395355, run mean acc: 0.5241666436195374, top-2 acc:0.8329166173934937, mode f1: 0.4749999940395355

model 4 mode preds
[5.0, 2.0, 2.0, 2.0, 1.0, 2.0, 2.0, 2.0, 1.0, 1.0, 1.0, 1.0, 5.0, 2.0, 2.0, 1.0, 2.0, 2.0, 2.0, 2.0, 1.0, 2.0, 1.0, 2.0, 2.0, 1.0, 1.0, 2.0, 1.0, 2.0, 2.0, 1.0, 1.0, 1.0, 1.0, 1.0, 2.0, 1.0, 1.0, 2.0]

model 4 all preds
[[5.0, 1.0, 2.0, 2.0, 1.0, 2.0, 2.0, 2.0, 1.0, 1.0, 1.0, 1.0, 5.0, 2.0, 2.0, 1.0, 2.0, 2.0, 1.0, 1.0, 2.0, 2.0, 1.0, 2.0, 2.0, 2.0, 1.0, 2.0, 1.0, 2.0, 2.0, 1.0, 2.0, 1.0, 1.0, 1.0, 2.0, 1.0, 1.0, 2.0], [5.0, 2.0, 2.0, 2.0, 1.0, 2.0, 2.0, 2.0, 1.0, 1.0, 2.0, 1.0, 5.0, 2.0, 2.0, 1.0, 2.0, 2.0, 2.0, 2.0, 1.0, 2.0, 1.0, 2.0, 1.0, 1.0, 1.0, 2.0, 1.0, 2.0, 1.0, 1.0, 1.0, 1.0, 2.0, 2.0, 2.0, 1.0, 1.0, 2.0], [5.0, 2.0, 2.0, 1.0, 1.0, 2.0, 2.0, 2.0, 1.0, 1.0, 1.0, 1.0, 5.0, 2.0, 2.0, 1.0, 2.0, 2.0, 1.0, 1.0, 1.0, 2.0, 1.0, 2.0, 2.0, 1.0, 1.0, 2.0, 1.0, 2.0, 2.0, 1.0, 1.0, 1.0, 2.0, 1.0, 2.0, 1.0, 1.0, 1.0], [5.0, 2.0, 2.0, 2.0, 1.0, 2.0, 2.0, 2.0, 1.0, 1.0, 1.0, 1.0, 5.0, 1.0, 2.0, 1.0, 2.0, 2.0, 2.0, 1.0, 1.0, 2.0, 2.0, 2.0, 2.0, 1.0, 1.0, 2.0, 1.0, 2.0, 2.0, 1.0, 2.0, 1.0, 1.0, 1.0, 2.0, 1.0, 1.0, 2.0], [5.0, 2.0, 2.0, 2.0, 1.0, 2.0, 2.0, 2.0, 1.0, 1.0, 1.0, 1.0, 5.0, 2.0, 1.0, 1.0, 2.0, 1.0, 1.0, 2.0, 2.0, 2.0, 1.0, 2.0, 1.0, 1.0, 1.0, 1.0, 1.0, 2.0, 1.0, 1.0, 2.0, 1.0, 1.0, 1.0, 2.0, 1.0, 1.0, 2.0], [5.0, 2.0, 2.0, 2.0, 2.0, 2.0, 2.0, 2.0, 1.0, 1.0, 1.0, 1.0, 5.0, 2.0, 2.0, 1.0, 2.0, 1.0, 1.0, 2.0, 1.0, 1.0, 1.0, 2.0, 2.0, 1.0, 1.0, 2.0, 1.0, 2.0, 2.0, 2.0, 1.0, 1.0, 2.0, 2.0, 2.0, 1.0, 1.0, 2.0], [5.0, 2.0, 2.0, 2.0, 1.0, 2.0, 2.0, 2.0, 1.0, 1.0, 1.0, 1.0, 5.0, 2.0, 2.0, 1.0, 2.0, 2.0, 1.0, 1.0, 1.0, 2.0, 1.0, 2.0, 2.0, 2.0, 1.0, 2.0, 1.0, 2.0, 2.0, 1.0, 2.0, 1.0, 1.0, 1.0, 2.0, 1.0, 1.0, 1.0], [5.0, 2.0, 2.0, 2.0, 1.0, 2.0, 1.0, 2.0, 1.0, 1.0, 1.0, 1.0, 5.0, 2.0, 2.0, 1.0, 2.0, 2.0, 2.0, 2.0, 1.0, 2.0, 1.0, 2.0, 2.0, 1.0, 1.0, 2.0, 1.0, 2.0, 2.0, 1.0, 1.0, 1.0, 1.0, 2.0, 2.0, 1.0, 1.0, 2.0], [5.0, 2.0, 2.0, 2.0, 1.0, 2.0, 2.0, 2.0, 1.0, 1.0, 1.0, 2.0, 5.0, 2.0, 2.0, 1.0, 2.0, 2.0, 2.0, 2.0, 1.0, 1.0, 1.0, 2.0, 2.0, 1.0, 1.0, 2.0, 1.0, 2.0, 2.0, 1.0, 1.0, 1.0, 2.0, 1.0, 1.0, 1.0, 1.0, 1.0], [5.0, 2.0, 2.0, 2.0, 1.0, 2.0, 2.0, 1.0, 1.0, 1.0, 1.0, 1.0, 5.0, 2.0, 2.0, 1.0, 2.0, 2.0, 2.0, 2.0, 1.0, 1.0, 1.0, 2.0, 2.0, 1.0, 1.0, 2.0, 1.0, 2.0, 2.0, 1.0, 1.0, 1.0, 1.0, 1.0, 2.0, 1.0, 1.0, 1.0], [5.0, 2.0, 2.0, 2.0, 1.0, 2.0, 2.0, 1.0, 1.0, 1.0, 1.0, 2.0, 5.0, 2.0, 2.0, 1.0, 2.0, 1.0, 2.0, 2.0, 2.0, 2.0, 1.0, 2.0, 2.0, 1.0, 2.0, 2.0, 1.0, 2.0, 2.0, 1.0, 1.0, 1.0, 1.0, 1.0, 2.0, 1.0, 1.0, 1.0], [5.0, 1.0, 2.0, 1.0, 1.0, 2.0, 1.0, 2.0, 1.0, 1.0, 1.0, 2.0, 5.0, 2.0, 2.0, 1.0, 2.0, 2.0, 2.0, 2.0, 1.0, 1.0, 1.0, 2.0, 1.0, 1.0, 1.0, 2.0, 1.0, 2.0, 2.0, 1.0, 1.0, 1.0, 1.0, 1.0, 2.0, 1.0, 1.0, 1.0], [5.0, 1.0, 2.0, 2.0, 1.0, 2.0, 2.0, 2.0, 1.0, 1.0, 1.0, 1.0, 5.0, 2.0, 2.0, 1.0, 2.0, 2.0, 2.0, 2.0, 1.0, 2.0, 1.0, 2.0, 2.0, 1.0, 1.0, 2.0, 1.0, 2.0, 2.0, 1.0, 1.0, 1.0, 1.0, 1.0, 2.0, 1.0, 1.0, 1.0], [5.0, 2.0, 2.0, 2.0, 2.0, 2.0, 1.0, 2.0, 1.0, 1.0, 1.0, 2.0, 5.0, 2.0, 2.0, 1.0, 2.0, 2.0, 2.0, 2.0, 1.0, 1.0, 1.0, 2.0, 2.0, 1.0, 1.0, 2.0, 1.0, 2.0, 2.0, 1.0, 1.0, 1.0, 1.0, 2.0, 2.0, 1.0, 1.0, 2.0], [5.0, 2.0, 2.0, 2.0, 1.0, 2.0, 2.0, 2.0, 1.0, 1.0, 1.0, 1.0, 5.0, 2.0, 2.0, 1.0, 2.0, 2.0, 2.0, 1.0, 2.0, 2.0, 1.0, 2.0, 2.0, 1.0, 1.0, 2.0, 1.0, 2.0, 2.0, 1.0, 1.0, 1.0, 2.0, 2.0, 2.0, 1.0, 1.0, 2.0], [5.0, 1.0, 2.0, 2.0, 1.0, 2.0, 2.0, 2.0, 1.0, 1.0, 1.0, 2.0, 5.0, 2.0, 2.0, 1.0, 2.0, 2.0, 2.0, 2.0, 1.0, 1.0, 1.0, 2.0, 2.0, 1.0, 1.0, 2.0, 1.0, 2.0, 2.0, 1.0, 1.0, 1.0, 1.0, 2.0, 2.0, 1.0, 1.0, 2.0], [5.0, 2.0, 2.0, 2.0, 1.0, 2.0, 1.0, 1.0, 1.0, 1.0, 1.0, 1.0, 5.0, 2.0, 2.0, 1.0, 2.0, 1.0, 2.0, 1.0, 1.0, 2.0, 1.0, 2.0, 2.0, 1.0, 1.0, 2.0, 1.0, 2.0, 2.0, 1.0, 2.0, 1.0, 1.0, 2.0, 2.0, 1.0, 1.0, 2.0], [5.0, 2.0, 2.0, 2.0, 1.0, 2.0, 2.0, 2.0, 1.0, 1.0, 1.0, 1.0, 5.0, 2.0, 2.0, 2.0, 1.0, 2.0, 2.0, 2.0, 1.0, 2.0, 1.0, 2.0, 2.0, 2.0, 1.0, 2.0, 1.0, 2.0, 2.0, 1.0, 2.0, 1.0, 1.0, 1.0, 2.0, 1.0, 1.0, 2.0], [5.0, 2.0, 2.0, 1.0, 1.0, 2.0, 1.0, 2.0, 1.0, 1.0, 1.0, 1.0, 5.0, 1.0, 2.0, 1.0, 2.0, 2.0, 1.0, 2.0, 1.0, 2.0, 1.0, 2.0, 1.0, 1.0, 1.0, 2.0, 1.0, 2.0, 2.0, 1.0, 2.0, 1.0, 2.0, 1.0, 2.0, 1.0, 1.0, 2.0], [5.0, 1.0, 2.0, 2.0, 1.0, 2.0, 2.0, 2.0, 1.0, 1.0, 1.0, 1.0, 5.0, 2.0, 2.0, 1.0, 2.0, 2.0, 1.0, 2.0, 1.0, 1.0, 1.0, 2.0, 2.0, 1.0, 1.0, 2.0, 1.0, 2.0, 1.0, 1.0, 1.0, 1.0, 1.0, 1.0, 2.0, 1.0, 1.0, 2.0], [5.0, 2.0, 2.0, 2.0, 1.0, 2.0, 2.0, 2.0, 1.0, 1.0, 1.0, 1.0, 5.0, 2.0, 2.0, 1.0, 2.0, 2.0, 1.0, 2.0, 1.0, 2.0, 1.0, 2.0, 1.0, 2.0, 1.0, 2.0, 1.0, 1.0, 2.0, 1.0, 1.0, 1.0, 1.0, 1.0, 2.0, 1.0, 1.0, 1.0], [5.0, 2.0, 2.0, 1.0, 1.0, 2.0, 1.0, 2.0, 1.0, 1.0, 1.0, 1.0, 5.0, 2.0, 2.0, 1.0, 2.0, 2.0, 1.0, 2.0, 1.0, 2.0, 2.0, 2.0, 2.0, 1.0, 1.0, 2.0, 1.0, 1.0, 2.0, 1.0, 2.0, 1.0, 1.0, 1.0, 1.0, 1.0, 1.0, 1.0], [5.0, 1.0, 2.0, 2.0, 1.0, 2.0, 1.0, 2.0, 1.0, 1.0, 1.0, 1.0, 5.0, 2.0, 2.0, 1.0, 2.0, 1.0, 2.0, 2.0, 1.0, 1.0, 1.0, 2.0, 2.0, 2.0, 1.0, 2.0, 1.0, 2.0, 2.0, 1.0, 1.0, 1.0, 2.0, 1.0, 2.0, 1.0, 1.0, 2.0], [5.0, 1.0, 2.0, 2.0, 1.0, 2.0, 1.0, 2.0, 1.0, 1.0, 1.0, 1.0, 5.0, 2.0, 2.0, 1.0, 1.0, 1.0, 2.0, 2.0, 1.0, 1.0, 1.0, 2.0, 2.0, 1.0, 1.0, 2.0, 1.0, 2.0, 2.0, 1.0, 1.0, 1.0, 1.0, 1.0, 2.0, 1.0, 1.0, 2.0], [5.0, 2.0, 2.0, 2.0, 1.0, 2.0, 2.0, 2.0, 1.0, 1.0, 1.0, 2.0, 5.0, 2.0, 2.0, 1.0, 1.0, 2.0, 2.0, 2.0, 1.0, 1.0, 1.0, 2.0, 2.0, 1.0, 2.0, 2.0, 1.0, 2.0, 2.0, 1.0, 1.0, 1.0, 1.0, 1.0, 2.0, 1.0, 1.0, 1.0], [5.0, 1.0, 2.0, 2.0, 1.0, 2.0, 2.0, 2.0, 1.0, 1.0, 1.0, 1.0, 5.0, 1.0, 2.0, 1.0, 2.0, 2.0, 2.0, 1.0, 1.0, 2.0, 2.0, 2.0, 2.0, 1.0, 1.0, 2.0, 1.0, 2.0, 2.0, 1.0, 1.0, 1.0, 1.0, 1.0, 2.0, 1.0, 1.0, 2.0], [5.0, 1.0, 2.0, 2.0, 1.0, 2.0, 1.0, 2.0, 1.0, 1.0, 1.0, 2.0, 5.0, 1.0, 2.0, 1.0, 2.0, 2.0, 1.0, 2.0, 2.0, 2.0, 1.0, 2.0, 1.0, 1.0, 1.0, 2.0, 1.0, 2.0, 2.0, 1.0, 1.0, 1.0, 1.0, 1.0, 2.0, 1.0, 1.0, 1.0], [5.0, 2.0, 2.0, 2.0, 1.0, 2.0, 2.0, 2.0, 1.0, 1.0, 1.0, 1.0, 5.0, 1.0, 2.0, 1.0, 2.0, 2.0, 1.0, 2.0, 1.0, 1.0, 1.0, 2.0, 2.0, 1.0, 1.0, 2.0, 1.0, 2.0, 2.0, 1.0, 1.0, 1.0, 1.0, 2.0, 2.0, 1.0, 1.0, 1.0], [5.0, 2.0, 2.0, 2.0, 1.0, 2.0, 2.0, 2.0, 1.0, 1.0, 1.0, 1.0, 5.0, 1.0, 2.0, 1.0, 2.0, 2.0, 1.0, 1.0, 1.0, 2.0, 1.0, 2.0, 2.0, 1.0, 2.0, 2.0, 1.0, 2.0, 2.0, 1.0, 1.0, 1.0, 1.0, 1.0, 2.0, 1.0, 1.0, 1.0], [5.0, 1.0, 2.0, 1.0, 2.0, 2.0, 2.0, 2.0, 1.0, 1.0, 1.0, 2.0, 5.0, 1.0, 2.0, 1.0, 2.0, 2.0, 2.0, 2.0, 1.0, 2.0, 1.0, 2.0, 2.0, 1.0, 1.0, 2.0, 1.0, 2.0, 2.0, 1.0, 1.0, 1.0, 1.0, 2.0, 2.0, 1.0, 1.0, 2.0], [5.0, 2.0, 2.0, 2.0, 1.0, 2.0, 2.0, 2.0, 1.0, 1.0, 1.0, 1.0, 5.0, 2.0, 2.0, 1.0, 2.0, 2.0, 2.0, 2.0, 1.0, 2.0, 1.0, 2.0, 2.0, 1.0, 1.0, 2.0, 1.0, 2.0, 2.0, 1.0, 1.0, 1.0, 2.0, 1.0, 2.0, 1.0, 1.0, 2.0], [5.0, 2.0, 2.0, 2.0, 1.0, 2.0, 2.0, 2.0, 1.0, 1.0, 1.0, 1.0, 5.0, 2.0, 2.0, 1.0, 2.0, 2.0, 2.0, 2.0, 1.0, 2.0, 1.0, 2.0, 2.0, 2.0, 2.0, 2.0, 1.0, 2.0, 2.0, 1.0, 2.0, 1.0, 2.0, 1.0, 2.0, 1.0, 1.0, 2.0], [5.0, 2.0, 2.0, 2.0, 1.0, 2.0, 2.0, 2.0, 1.0, 1.0, 1.0, 1.0, 5.0, 1.0, 2.0, 1.0, 1.0, 2.0, 2.0, 2.0, 1.0, 2.0, 1.0, 1.0, 2.0, 1.0, 1.0, 2.0, 1.0, 2.0, 2.0, 1.0, 1.0, 1.0, 1.0, 1.0, 2.0, 1.0, 1.0, 1.0], [5.0, 1.0, 2.0, 2.0, 1.0, 2.0, 2.0, 2.0, 1.0, 1.0, 1.0, 1.0, 5.0, 2.0, 2.0, 1.0, 2.0, 2.0, 2.0, 2.0, 1.0, 1.0, 1.0, 2.0, 2.0, 1.0, 1.0, 2.0, 1.0, 2.0, 2.0, 1.0, 1.0, 1.0, 2.0, 1.0, 2.0, 1.0, 1.0, 2.0], [5.0, 1.0, 2.0, 2.0, 1.0, 2.0, 1.0, 2.0, 1.0, 1.0, 1.0, 1.0, 5.0, 2.0, 2.0, 1.0, 2.0, 2.0, 1.0, 2.0, 1.0, 2.0, 1.0, 2.0, 2.0, 1.0, 1.0, 2.0, 1.0, 1.0, 2.0, 1.0, 1.0, 1.0, 1.0, 1.0, 2.0, 1.0, 1.0, 1.0], [5.0, 2.0, 2.0, 2.0, 1.0, 2.0, 2.0, 2.0, 1.0, 1.0, 1.0, 1.0, 5.0, 1.0, 2.0, 1.0, 2.0, 2.0, 1.0, 1.0, 1.0, 1.0, 1.0, 2.0, 2.0, 1.0, 1.0, 2.0, 1.0, 2.0, 2.0, 1.0, 1.0, 1.0, 1.0, 1.0, 2.0, 1.0, 1.0, 1.0], [5.0, 1.0, 2.0, 2.0, 2.0, 2.0, 1.0, 2.0, 1.0, 1.0, 1.0, 2.0, 5.0, 2.0, 2.0, 1.0, 2.0, 2.0, 2.0, 1.0, 1.0, 1.0, 1.0, 2.0, 2.0, 1.0, 1.0, 2.0, 1.0, 1.0, 2.0, 1.0, 1.0, 1.0, 2.0, 1.0, 2.0, 1.0, 1.0, 1.0], [5.0, 2.0, 2.0, 2.0, 1.0, 2.0, 2.0, 2.0, 1.0, 1.0, 1.0, 1.0, 5.0, 2.0, 2.0, 1.0, 2.0, 1.0, 1.0, 2.0, 1.0, 2.0, 1.0, 2.0, 2.0, 1.0, 1.0, 2.0, 1.0, 2.0, 2.0, 1.0, 1.0, 1.0, 1.0, 1.0, 2.0, 1.0, 1.0, 2.0], [5.0, 1.0, 2.0, 2.0, 1.0, 2.0, 2.0, 2.0, 1.0, 1.0, 1.0, 1.0, 5.0, 2.0, 2.0, 1.0, 1.0, 2.0, 1.0, 2.0, 1.0, 2.0, 1.0, 2.0, 2.0, 1.0, 1.0, 2.0, 1.0, 2.0, 2.0, 1.0, 1.0, 1.0, 1.0, 1.0, 2.0, 1.0, 1.0, 2.0], [5.0, 2.0, 2.0, 1.0, 1.0, 2.0, 2.0, 2.0, 1.0, 1.0, 1.0, 1.0, 5.0, 2.0, 2.0, 1.0, 2.0, 2.0, 1.0, 2.0, 1.0, 1.0, 1.0, 2.0, 2.0, 1.0, 1.0, 2.0, 1.0, 2.0, 2.0, 1.0, 2.0, 1.0, 1.0, 2.0, 2.0, 1.0, 1.0, 2.0], [5.0, 2.0, 2.0, 2.0, 2.0, 2.0, 2.0, 2.0, 1.0, 1.0, 1.0, 1.0, 5.0, 2.0, 2.0, 2.0, 1.0, 2.0, 1.0, 2.0, 1.0, 2.0, 1.0, 2.0, 2.0, 1.0, 1.0, 2.0, 1.0, 2.0, 2.0, 1.0, 1.0, 1.0, 1.0, 2.0, 2.0, 1.0, 1.0, 1.0], [5.0, 2.0, 2.0, 2.0, 1.0, 2.0, 2.0, 2.0, 1.0, 1.0, 2.0, 1.0, 5.0, 1.0, 2.0, 1.0, 2.0, 1.0, 2.0, 1.0, 2.0, 2.0, 2.0, 2.0, 2.0, 1.0, 1.0, 2.0, 1.0, 2.0, 2.0, 1.0, 2.0, 1.0, 2.0, 1.0, 2.0, 1.0, 1.0, 2.0], [5.0, 2.0, 2.0, 2.0, 2.0, 2.0, 2.0, 2.0, 1.0, 1.0, 1.0, 1.0, 5.0, 2.0, 2.0, 1.0, 2.0, 2.0, 2.0, 1.0, 1.0, 2.0, 1.0, 2.0, 2.0, 1.0, 1.0, 2.0, 1.0, 2.0, 2.0, 1.0, 1.0, 1.0, 1.0, 1.0, 2.0, 1.0, 1.0, 2.0], [5.0, 1.0, 2.0, 2.0, 1.0, 2.0, 2.0, 2.0, 1.0, 1.0, 1.0, 2.0, 5.0, 1.0, 2.0, 1.0, 2.0, 2.0, 2.0, 2.0, 1.0, 2.0, 1.0, 2.0, 1.0, 1.0, 1.0, 2.0, 1.0, 2.0, 1.0, 1.0, 1.0, 1.0, 2.0, 2.0, 2.0, 1.0, 1.0, 2.0], [5.0, 2.0, 2.0, 1.0, 1.0, 2.0, 1.0, 2.0, 1.0, 1.0, 1.0, 1.0, 5.0, 2.0, 2.0, 1.0, 2.0, 1.0, 1.0, 2.0, 1.0, 2.0, 1.0, 2.0, 1.0, 1.0, 2.0, 2.0, 1.0, 2.0, 2.0, 1.0, 1.0, 1.0, 2.0, 1.0, 2.0, 1.0, 1.0, 2.0], [5.0, 2.0, 2.0, 2.0, 1.0, 2.0, 2.0, 2.0, 1.0, 1.0, 1.0, 1.0, 5.0, 2.0, 2.0, 1.0, 2.0, 2.0, 2.0, 2.0, 1.0, 2.0, 2.0, 2.0, 2.0, 1.0, 1.0, 2.0, 1.0, 1.0, 2.0, 1.0, 1.0, 1.0, 1.0, 2.0, 2.0, 1.0, 1.0, 2.0], [5.0, 1.0, 2.0, 2.0, 1.0, 2.0, 2.0, 1.0, 1.0, 1.0, 1.0, 1.0, 5.0, 2.0, 2.0, 1.0, 2.0, 2.0, 1.0, 2.0, 2.0, 2.0, 2.0, 2.0, 2.0, 1.0, 1.0, 2.0, 1.0, 2.0, 2.0, 1.0, 1.0, 1.0, 1.0, 1.0, 2.0, 1.0, 1.0, 2.0], [5.0, 2.0, 2.0, 2.0, 1.0, 2.0, 2.0, 2.0, 1.0, 1.0, 1.0, 1.0, 5.0, 2.0, 2.0, 1.0, 2.0, 2.0, 2.0, 2.0, 1.0, 2.0, 2.0, 2.0, 2.0, 1.0, 1.0, 2.0, 1.0, 2.0, 2.0, 1.0, 1.0, 1.0, 1.0, 2.0, 2.0, 1.0, 1.0, 1.0], [5.0, 1.0, 2.0, 2.0, 1.0, 2.0, 2.0, 1.0, 1.0, 1.0, 1.0, 1.0, 5.0, 2.0, 2.0, 1.0, 2.0, 2.0, 2.0, 2.0, 2.0, 2.0, 1.0, 2.0, 2.0, 1.0, 1.0, 2.0, 1.0, 2.0, 2.0, 1.0, 2.0, 1.0, 1.0, 2.0, 2.0, 1.0, 1.0, 2.0], [5.0, 2.0, 2.0, 1.0, 1.0, 2.0, 2.0, 1.0, 1.0, 1.0, 2.0, 1.0, 5.0, 1.0, 2.0, 1.0, 2.0, 2.0, 2.0, 2.0, 1.0, 1.0, 2.0, 2.0, 2.0, 2.0, 1.0, 1.0, 1.0, 1.0, 2.0, 1.0, 2.0, 1.0, 1.0, 1.0, 2.0, 1.0, 1.0, 1.0]]

