first layer check: Conv2d(9, 64, kernel_size=(7, 7), stride=(2, 2), padding=(3, 3), bias=False)

target ys
[0.0, 0.0, 6.0, 0.0, 4.0, 2.0, 0.0, 2.0, 2.0, 4.0, 3.0, 2.0, 1.0, 5.0, 5.0, 4.0, 3.0, 5.0, 3.0, 3.0, 5.0, 1.0, 3.0, 2.0, 2.0, 1.0, 3.0, 1.0, 1.0, 2.0, 2.0, 4.0, 2.0, 2.0, 1.0, 4.0, 2.0, 2.0, 2.0, 1.0, 3.0]

for model 0: mode acc: 0.24390244483947754, run mean acc: 0.26249998807907104, top-2 acc:0.4854166805744171, mode f1: 0.24390244483947754

model 0 mode preds
[1.0, 0.0, 3.0, 1.0, 4.0, 3.0, 0.0, 1.0, 2.0, 1.0, 1.0, 1.0, 1.0, 3.0, 3.0, 3.0, 4.0, 0.0, 0.0, 3.0, 3.0, 3.0, 4.0, 1.0, 3.0, 1.0, 4.0, 1.0, 1.0, 3.0, 3.0, 3.0, 3.0, 4.0, 3.0, 3.0, 3.0, 0.0, 1.0, 3.0, 3.0]

model 0 all preds
[[1.0, 0.0, 3.0, 1.0, 4.0, 1.0, 0.0, 1.0, 2.0, 1.0, 1.0, 1.0, 1.0, 3.0, 3.0, 3.0, 4.0, 0.0, 0.0, 3.0, 3.0, 3.0, 4.0, 1.0, 3.0, 1.0, 4.0, 1.0, 1.0, 3.0, 3.0, 3.0, 3.0, 3.0, 3.0, 3.0, 3.0, 2.0, 0.0, 3.0, 3.0], [1.0, 0.0, 4.0, 1.0, 4.0, 3.0, 0.0, 1.0, 2.0, 1.0, 1.0, 1.0, 1.0, 3.0, 3.0, 3.0, 4.0, 0.0, 0.0, 3.0, 3.0, 4.0, 4.0, 3.0, 1.0, 1.0, 3.0, 1.0, 1.0, 3.0, 3.0, 2.0, 3.0, 2.0, 2.0, 1.0, 3.0, 0.0, 0.0, 3.0, 3.0], [3.0, 0.0, 3.0, 1.0, 4.0, 3.0, 0.0, 1.0, 2.0, 1.0, 1.0, 1.0, 1.0, 5.0, 3.0, 3.0, 4.0, 2.0, 0.0, 3.0, 3.0, 3.0, 4.0, 1.0, 3.0, 1.0, 3.0, 1.0, 1.0, 3.0, 3.0, 3.0, 3.0, 4.0, 3.0, 3.0, 3.0, 0.0, 0.0, 3.0, 3.0], [1.0, 0.0, 3.0, 1.0, 4.0, 1.0, 0.0, 1.0, 2.0, 1.0, 3.0, 1.0, 1.0, 5.0, 3.0, 0.0, 2.0, 2.0, 3.0, 3.0, 3.0, 3.0, 4.0, 4.0, 3.0, 1.0, 4.0, 1.0, 1.0, 3.0, 3.0, 2.0, 3.0, 0.0, 1.0, 1.0, 3.0, 0.0, 1.0, 3.0, 3.0], [3.0, 0.0, 3.0, 1.0, 4.0, 3.0, 0.0, 1.0, 2.0, 1.0, 1.0, 1.0, 1.0, 3.0, 3.0, 0.0, 4.0, 1.0, 0.0, 3.0, 3.0, 3.0, 4.0, 3.0, 3.0, 1.0, 4.0, 1.0, 1.0, 3.0, 3.0, 4.0, 4.0, 3.0, 2.0, 1.0, 1.0, 2.0, 1.0, 3.0, 3.0], [1.0, 4.0, 3.0, 1.0, 4.0, 3.0, 1.0, 1.0, 2.0, 1.0, 1.0, 1.0, 1.0, 3.0, 3.0, 3.0, 2.0, 2.0, 0.0, 3.0, 3.0, 3.0, 4.0, 3.0, 1.0, 1.0, 3.0, 1.0, 1.0, 3.0, 3.0, 2.0, 3.0, 0.0, 3.0, 3.0, 3.0, 3.0, 1.0, 3.0, 3.0], [1.0, 0.0, 3.0, 1.0, 4.0, 3.0, 0.0, 1.0, 2.0, 1.0, 1.0, 1.0, 1.0, 3.0, 3.0, 3.0, 3.0, 1.0, 4.0, 3.0, 3.0, 3.0, 4.0, 3.0, 3.0, 1.0, 4.0, 1.0, 1.0, 3.0, 3.0, 3.0, 3.0, 4.0, 3.0, 1.0, 3.0, 0.0, 0.0, 3.0, 3.0], [1.0, 0.0, 3.0, 1.0, 4.0, 3.0, 0.0, 1.0, 2.0, 1.0, 1.0, 1.0, 1.0, 3.0, 3.0, 3.0, 4.0, 0.0, 0.0, 3.0, 3.0, 3.0, 4.0, 1.0, 3.0, 1.0, 4.0, 1.0, 1.0, 3.0, 3.0, 3.0, 3.0, 4.0, 3.0, 3.0, 3.0, 3.0, 3.0, 3.0, 3.0], [1.0, 0.0, 3.0, 1.0, 4.0, 4.0, 0.0, 1.0, 2.0, 1.0, 1.0, 1.0, 1.0, 5.0, 3.0, 3.0, 2.0, 0.0, 0.0, 3.0, 3.0, 3.0, 4.0, 1.0, 3.0, 1.0, 4.0, 1.0, 1.0, 3.0, 3.0, 3.0, 4.0, 0.0, 3.0, 3.0, 3.0, 3.0, 1.0, 3.0, 3.0], [1.0, 0.0, 3.0, 1.0, 4.0, 4.0, 0.0, 1.0, 3.0, 1.0, 1.0, 1.0, 1.0, 3.0, 3.0, 3.0, 4.0, 2.0, 3.0, 3.0, 3.0, 3.0, 4.0, 1.0, 1.0, 1.0, 4.0, 1.0, 1.0, 3.0, 2.0, 0.0, 3.0, 4.0, 1.0, 1.0, 3.0, 0.0, 1.0, 3.0, 3.0], [1.0, 1.0, 4.0, 1.0, 4.0, 3.0, 0.0, 1.0, 2.0, 1.0, 1.0, 1.0, 1.0, 3.0, 3.0, 3.0, 4.0, 2.0, 0.0, 3.0, 3.0, 4.0, 4.0, 1.0, 3.0, 1.0, 4.0, 1.0, 1.0, 3.0, 3.0, 3.0, 3.0, 3.0, 3.0, 3.0, 3.0, 0.0, 1.0, 3.0, 3.0], [1.0, 0.0, 3.0, 1.0, 4.0, 1.0, 0.0, 1.0, 2.0, 1.0, 3.0, 1.0, 1.0, 3.0, 3.0, 3.0, 4.0, 1.0, 0.0, 3.0, 3.0, 3.0, 4.0, 1.0, 3.0, 1.0, 4.0, 1.0, 1.0, 3.0, 2.0, 3.0, 3.0, 4.0, 3.0, 3.0, 3.0, 0.0, 1.0, 3.0, 3.0], [1.0, 0.0, 3.0, 1.0, 4.0, 1.0, 0.0, 1.0, 2.0, 1.0, 1.0, 1.0, 1.0, 5.0, 3.0, 3.0, 4.0, 0.0, 4.0, 3.0, 3.0, 3.0, 4.0, 1.0, 1.0, 1.0, 4.0, 1.0, 1.0, 3.0, 3.0, 3.0, 3.0, 4.0, 1.0, 3.0, 3.0, 0.0, 0.0, 3.0, 3.0], [1.0, 4.0, 4.0, 1.0, 4.0, 3.0, 0.0, 1.0, 2.0, 1.0, 1.0, 1.0, 1.0, 5.0, 3.0, 3.0, 2.0, 2.0, 0.0, 3.0, 3.0, 4.0, 4.0, 1.0, 1.0, 1.0, 4.0, 1.0, 1.0, 3.0, 3.0, 2.0, 3.0, 3.0, 3.0, 1.0, 3.0, 0.0, 1.0, 3.0, 3.0], [1.0, 0.0, 3.0, 1.0, 0.0, 0.0, 0.0, 1.0, 3.0, 1.0, 1.0, 1.0, 1.0, 5.0, 3.0, 0.0, 4.0, 0.0, 0.0, 3.0, 3.0, 3.0, 4.0, 1.0, 1.0, 1.0, 3.0, 1.0, 1.0, 3.0, 2.0, 4.0, 3.0, 3.0, 3.0, 1.0, 3.0, 3.0, 1.0, 3.0, 3.0], [1.0, 3.0, 3.0, 1.0, 4.0, 3.0, 0.0, 1.0, 3.0, 1.0, 1.0, 1.0, 1.0, 3.0, 3.0, 0.0, 0.0, 0.0, 0.0, 3.0, 3.0, 3.0, 4.0, 1.0, 1.0, 1.0, 4.0, 1.0, 1.0, 3.0, 3.0, 3.0, 4.0, 3.0, 3.0, 3.0, 3.0, 0.0, 1.0, 3.0, 3.0], [3.0, 0.0, 3.0, 1.0, 4.0, 3.0, 0.0, 1.0, 2.0, 1.0, 1.0, 1.0, 1.0, 3.0, 3.0, 3.0, 4.0, 2.0, 3.0, 3.0, 3.0, 3.0, 4.0, 1.0, 3.0, 1.0, 4.0, 1.0, 1.0, 3.0, 4.0, 3.0, 4.0, 2.0, 3.0, 1.0, 3.0, 3.0, 1.0, 3.0, 3.0], [1.0, 0.0, 3.0, 1.0, 4.0, 3.0, 0.0, 1.0, 2.0, 1.0, 1.0, 1.0, 1.0, 5.0, 3.0, 3.0, 2.0, 0.0, 0.0, 3.0, 3.0, 3.0, 4.0, 1.0, 3.0, 1.0, 4.0, 1.0, 1.0, 3.0, 3.0, 3.0, 4.0, 4.0, 3.0, 1.0, 3.0, 3.0, 1.0, 3.0, 3.0], [2.0, 3.0, 3.0, 1.0, 4.0, 1.0, 0.0, 1.0, 3.0, 1.0, 1.0, 1.0, 1.0, 3.0, 3.0, 3.0, 4.0, 1.0, 0.0, 3.0, 3.0, 3.0, 4.0, 1.0, 1.0, 1.0, 3.0, 1.0, 1.0, 3.0, 3.0, 3.0, 4.0, 4.0, 3.0, 3.0, 3.0, 2.0, 1.0, 3.0, 3.0], [1.0, 3.0, 3.0, 1.0, 4.0, 1.0, 0.0, 1.0, 3.0, 1.0, 1.0, 1.0, 1.0, 3.0, 3.0, 3.0, 3.0, 0.0, 0.0, 3.0, 3.0, 3.0, 4.0, 3.0, 3.0, 1.0, 4.0, 1.0, 1.0, 3.0, 2.0, 1.0, 4.0, 0.0, 2.0, 1.0, 3.0, 0.0, 1.0, 3.0, 3.0], [1.0, 0.0, 4.0, 1.0, 4.0, 3.0, 0.0, 1.0, 2.0, 1.0, 1.0, 1.0, 1.0, 3.0, 3.0, 3.0, 3.0, 0.0, 0.0, 3.0, 3.0, 3.0, 4.0, 1.0, 3.0, 1.0, 3.0, 1.0, 1.0, 3.0, 2.0, 2.0, 3.0, 4.0, 1.0, 1.0, 3.0, 0.0, 1.0, 3.0, 3.0], [2.0, 0.0, 3.0, 1.0, 4.0, 1.0, 0.0, 1.0, 3.0, 1.0, 1.0, 1.0, 1.0, 3.0, 3.0, 3.0, 4.0, 0.0, 0.0, 3.0, 3.0, 3.0, 4.0, 1.0, 1.0, 1.0, 4.0, 1.0, 1.0, 3.0, 3.0, 3.0, 3.0, 2.0, 2.0, 3.0, 1.0, 0.0, 1.0, 3.0, 3.0], [1.0, 0.0, 3.0, 1.0, 4.0, 1.0, 0.0, 1.0, 2.0, 1.0, 1.0, 1.0, 1.0, 3.0, 3.0, 3.0, 4.0, 0.0, 0.0, 3.0, 3.0, 3.0, 4.0, 1.0, 3.0, 1.0, 3.0, 1.0, 3.0, 3.0, 4.0, 3.0, 4.0, 0.0, 2.0, 3.0, 3.0, 3.0, 1.0, 3.0, 3.0], [2.0, 0.0, 3.0, 1.0, 4.0, 3.0, 0.0, 1.0, 3.0, 1.0, 1.0, 1.0, 1.0, 3.0, 3.0, 3.0, 4.0, 0.0, 0.0, 3.0, 3.0, 3.0, 4.0, 1.0, 1.0, 1.0, 4.0, 1.0, 1.0, 3.0, 3.0, 3.0, 3.0, 0.0, 3.0, 1.0, 3.0, 3.0, 0.0, 3.0, 3.0], [2.0, 0.0, 3.0, 1.0, 4.0, 3.0, 0.0, 1.0, 2.0, 1.0, 1.0, 1.0, 1.0, 3.0, 3.0, 3.0, 4.0, 0.0, 0.0, 3.0, 3.0, 3.0, 4.0, 1.0, 1.0, 1.0, 4.0, 1.0, 1.0, 3.0, 3.0, 3.0, 3.0, 3.0, 2.0, 3.0, 3.0, 0.0, 1.0, 3.0, 3.0], [1.0, 3.0, 3.0, 1.0, 4.0, 1.0, 0.0, 1.0, 2.0, 1.0, 1.0, 1.0, 1.0, 3.0, 3.0, 3.0, 4.0, 0.0, 3.0, 1.0, 3.0, 3.0, 4.0, 1.0, 1.0, 1.0, 3.0, 1.0, 1.0, 3.0, 2.0, 2.0, 3.0, 3.0, 2.0, 3.0, 3.0, 0.0, 1.0, 3.0, 3.0], [1.0, 0.0, 3.0, 1.0, 4.0, 3.0, 0.0, 1.0, 2.0, 1.0, 0.0, 1.0, 1.0, 3.0, 3.0, 3.0, 2.0, 2.0, 3.0, 3.0, 3.0, 3.0, 4.0, 1.0, 3.0, 1.0, 3.0, 1.0, 1.0, 3.0, 3.0, 2.0, 4.0, 2.0, 2.0, 1.0, 3.0, 0.0, 1.0, 3.0, 3.0], [1.0, 0.0, 3.0, 1.0, 4.0, 3.0, 0.0, 1.0, 2.0, 1.0, 1.0, 1.0, 1.0, 3.0, 3.0, 3.0, 4.0, 0.0, 0.0, 3.0, 3.0, 4.0, 4.0, 1.0, 3.0, 1.0, 4.0, 1.0, 1.0, 3.0, 2.0, 3.0, 4.0, 4.0, 3.0, 3.0, 3.0, 0.0, 1.0, 3.0, 3.0], [1.0, 4.0, 3.0, 1.0, 4.0, 1.0, 0.0, 1.0, 3.0, 1.0, 1.0, 1.0, 1.0, 5.0, 3.0, 3.0, 3.0, 0.0, 0.0, 3.0, 3.0, 4.0, 4.0, 1.0, 1.0, 1.0, 3.0, 1.0, 1.0, 3.0, 3.0, 3.0, 3.0, 4.0, 1.0, 3.0, 3.0, 0.0, 1.0, 3.0, 3.0], [3.0, 0.0, 3.0, 1.0, 4.0, 3.0, 0.0, 1.0, 2.0, 1.0, 1.0, 1.0, 1.0, 3.0, 3.0, 3.0, 4.0, 2.0, 0.0, 3.0, 3.0, 3.0, 4.0, 1.0, 1.0, 1.0, 4.0, 1.0, 1.0, 3.0, 4.0, 2.0, 3.0, 4.0, 3.0, 1.0, 3.0, 0.0, 1.0, 3.0, 3.0], [1.0, 0.0, 3.0, 1.0, 4.0, 3.0, 0.0, 1.0, 3.0, 1.0, 1.0, 1.0, 1.0, 3.0, 3.0, 3.0, 2.0, 0.0, 0.0, 3.0, 3.0, 3.0, 3.0, 1.0, 3.0, 1.0, 3.0, 1.0, 1.0, 3.0, 3.0, 3.0, 3.0, 0.0, 3.0, 1.0, 2.0, 0.0, 1.0, 3.0, 3.0], [3.0, 3.0, 3.0, 1.0, 4.0, 3.0, 0.0, 1.0, 2.0, 1.0, 1.0, 1.0, 1.0, 3.0, 3.0, 3.0, 4.0, 0.0, 0.0, 3.0, 3.0, 3.0, 4.0, 1.0, 3.0, 1.0, 4.0, 1.0, 1.0, 3.0, 2.0, 3.0, 3.0, 4.0, 3.0, 3.0, 3.0, 0.0, 1.0, 3.0, 3.0], [1.0, 0.0, 3.0, 1.0, 4.0, 0.0, 0.0, 1.0, 2.0, 1.0, 1.0, 1.0, 1.0, 5.0, 3.0, 3.0, 3.0, 0.0, 0.0, 3.0, 3.0, 3.0, 4.0, 3.0, 3.0, 1.0, 4.0, 1.0, 1.0, 3.0, 3.0, 3.0, 3.0, 0.0, 3.0, 1.0, 3.0, 0.0, 1.0, 3.0, 3.0], [1.0, 0.0, 3.0, 1.0, 4.0, 3.0, 0.0, 1.0, 2.0, 1.0, 1.0, 1.0, 1.0, 3.0, 3.0, 3.0, 4.0, 2.0, 0.0, 3.0, 3.0, 3.0, 4.0, 1.0, 3.0, 1.0, 3.0, 1.0, 1.0, 3.0, 2.0, 2.0, 3.0, 0.0, 3.0, 3.0, 3.0, 3.0, 1.0, 3.0, 3.0], [1.0, 0.0, 3.0, 1.0, 4.0, 3.0, 0.0, 1.0, 2.0, 1.0, 1.0, 1.0, 1.0, 3.0, 3.0, 3.0, 4.0, 1.0, 0.0, 3.0, 3.0, 3.0, 4.0, 3.0, 3.0, 1.0, 4.0, 1.0, 1.0, 3.0, 4.0, 3.0, 3.0, 4.0, 3.0, 3.0, 3.0, 0.0, 0.0, 3.0, 3.0], [1.0, 3.0, 3.0, 1.0, 4.0, 4.0, 0.0, 1.0, 2.0, 1.0, 1.0, 1.0, 1.0, 3.0, 3.0, 3.0, 4.0, 0.0, 0.0, 3.0, 3.0, 3.0, 4.0, 1.0, 3.0, 1.0, 3.0, 1.0, 1.0, 3.0, 3.0, 3.0, 3.0, 3.0, 3.0, 1.0, 3.0, 3.0, 1.0, 3.0, 3.0], [3.0, 3.0, 3.0, 1.0, 4.0, 1.0, 0.0, 1.0, 2.0, 1.0, 1.0, 1.0, 1.0, 5.0, 3.0, 3.0, 4.0, 0.0, 3.0, 3.0, 3.0, 3.0, 4.0, 1.0, 1.0, 1.0, 4.0, 1.0, 1.0, 3.0, 3.0, 4.0, 3.0, 2.0, 3.0, 3.0, 3.0, 0.0, 1.0, 3.0, 3.0], [1.0, 0.0, 3.0, 1.0, 4.0, 3.0, 0.0, 1.0, 2.0, 1.0, 1.0, 1.0, 1.0, 5.0, 3.0, 3.0, 2.0, 2.0, 0.0, 3.0, 3.0, 3.0, 4.0, 1.0, 3.0, 1.0, 4.0, 1.0, 1.0, 3.0, 3.0, 2.0, 3.0, 0.0, 3.0, 1.0, 3.0, 3.0, 1.0, 3.0, 3.0], [1.0, 0.0, 3.0, 1.0, 4.0, 3.0, 0.0, 1.0, 3.0, 1.0, 1.0, 1.0, 1.0, 5.0, 3.0, 3.0, 4.0, 0.0, 4.0, 3.0, 3.0, 3.0, 4.0, 1.0, 1.0, 1.0, 4.0, 1.0, 1.0, 3.0, 3.0, 2.0, 4.0, 4.0, 3.0, 1.0, 3.0, 3.0, 1.0, 3.0, 3.0], [1.0, 0.0, 3.0, 1.0, 4.0, 1.0, 0.0, 1.0, 2.0, 1.0, 1.0, 1.0, 1.0, 3.0, 3.0, 3.0, 2.0, 0.0, 3.0, 3.0, 3.0, 3.0, 3.0, 3.0, 3.0, 1.0, 3.0, 1.0, 1.0, 3.0, 3.0, 3.0, 3.0, 4.0, 3.0, 1.0, 3.0, 3.0, 0.0, 3.0, 3.0], [1.0, 0.0, 3.0, 1.0, 4.0, 3.0, 0.0, 1.0, 2.0, 1.0, 1.0, 1.0, 1.0, 5.0, 3.0, 3.0, 3.0, 0.0, 0.0, 3.0, 3.0, 4.0, 4.0, 1.0, 3.0, 1.0, 4.0, 1.0, 1.0, 3.0, 3.0, 3.0, 3.0, 3.0, 3.0, 3.0, 3.0, 3.0, 0.0, 3.0, 3.0], [1.0, 0.0, 3.0, 1.0, 4.0, 1.0, 0.0, 1.0, 2.0, 1.0, 1.0, 1.0, 1.0, 3.0, 3.0, 3.0, 4.0, 2.0, 0.0, 3.0, 3.0, 4.0, 4.0, 1.0, 1.0, 1.0, 4.0, 1.0, 3.0, 3.0, 3.0, 0.0, 3.0, 2.0, 3.0, 1.0, 3.0, 3.0, 0.0, 3.0, 3.0], [3.0, 4.0, 3.0, 1.0, 4.0, 3.0, 0.0, 1.0, 2.0, 1.0, 1.0, 1.0, 1.0, 3.0, 3.0, 3.0, 4.0, 0.0, 3.0, 3.0, 3.0, 3.0, 4.0, 1.0, 3.0, 1.0, 3.0, 1.0, 3.0, 3.0, 3.0, 3.0, 3.0, 2.0, 1.0, 3.0, 3.0, 0.0, 0.0, 3.0, 3.0], [1.0, 0.0, 3.0, 1.0, 4.0, 3.0, 0.0, 1.0, 2.0, 1.0, 1.0, 1.0, 1.0, 3.0, 3.0, 3.0, 2.0, 0.0, 0.0, 3.0, 3.0, 3.0, 4.0, 1.0, 3.0, 1.0, 4.0, 1.0, 1.0, 3.0, 3.0, 3.0, 3.0, 2.0, 2.0, 3.0, 3.0, 3.0, 1.0, 3.0, 3.0], [2.0, 0.0, 4.0, 1.0, 4.0, 3.0, 0.0, 1.0, 3.0, 1.0, 1.0, 1.0, 1.0, 3.0, 3.0, 3.0, 4.0, 0.0, 0.0, 3.0, 3.0, 4.0, 4.0, 3.0, 3.0, 1.0, 4.0, 1.0, 1.0, 3.0, 2.0, 2.0, 4.0, 4.0, 3.0, 3.0, 3.0, 0.0, 1.0, 3.0, 3.0], [1.0, 3.0, 4.0, 1.0, 4.0, 1.0, 0.0, 1.0, 2.0, 1.0, 1.0, 1.0, 1.0, 3.0, 3.0, 3.0, 4.0, 0.0, 0.0, 3.0, 3.0, 3.0, 4.0, 1.0, 1.0, 1.0, 4.0, 1.0, 1.0, 3.0, 3.0, 2.0, 3.0, 4.0, 1.0, 3.0, 3.0, 0.0, 1.0, 3.0, 3.0], [1.0, 0.0, 3.0, 1.0, 4.0, 3.0, 0.0, 1.0, 2.0, 1.0, 0.0, 1.0, 1.0, 3.0, 3.0, 3.0, 3.0, 0.0, 4.0, 3.0, 3.0, 3.0, 4.0, 4.0, 3.0, 1.0, 4.0, 1.0, 1.0, 3.0, 3.0, 3.0, 3.0, 4.0, 3.0, 3.0, 2.0, 0.0, 1.0, 3.0, 3.0], [3.0, 0.0, 3.0, 1.0, 4.0, 1.0, 0.0, 1.0, 3.0, 1.0, 1.0, 1.0, 1.0, 3.0, 3.0, 3.0, 4.0, 2.0, 0.0, 3.0, 3.0, 3.0, 4.0, 1.0, 1.0, 1.0, 4.0, 1.0, 1.0, 3.0, 3.0, 2.0, 4.0, 4.0, 3.0, 1.0, 3.0, 0.0, 1.0, 3.0, 3.0], [1.0, 0.0, 3.0, 1.0, 4.0, 3.0, 0.0, 1.0, 3.0, 1.0, 1.0, 1.0, 1.0, 3.0, 3.0, 3.0, 4.0, 0.0, 3.0, 3.0, 3.0, 3.0, 2.0, 3.0, 1.0, 1.0, 4.0, 1.0, 1.0, 3.0, 2.0, 3.0, 4.0, 2.0, 3.0, 3.0, 1.0, 3.0, 3.0, 3.0, 3.0], [1.0, 0.0, 4.0, 1.0, 2.0, 1.0, 0.0, 1.0, 3.0, 1.0, 1.0, 1.0, 1.0, 5.0, 3.0, 3.0, 4.0, 0.0, 0.0, 3.0, 3.0, 3.0, 3.0, 1.0, 3.0, 1.0, 3.0, 1.0, 1.0, 3.0, 4.0, 3.0, 3.0, 4.0, 1.0, 1.0, 3.0, 0.0, 0.0, 3.0, 3.0]]

first layer check: Conv2d(9, 64, kernel_size=(7, 7), stride=(2, 2), padding=(3, 3), bias=False)

for model 1: mode acc: 0.2926829159259796, run mean acc: 0.26491665840148926, top-2 acc:0.5564999580383301, mode f1: 0.2926829159259796

model 1 mode preds
[2.0, 4.0, 2.0, 1.0, 4.0, 3.0, 3.0, 3.0, 2.0, 3.0, 3.0, 3.0, 1.0, 4.0, 4.0, 4.0, 2.0, 2.0, 2.0, 2.0, 2.0, 4.0, 2.0, 2.0, 3.0, 1.0, 2.0, 1.0, 2.0, 4.0, 2.0, 2.0, 2.0, 2.0, 2.0, 2.0, 3.0, 5.0, 1.0, 3.0, 3.0]

model 1 all preds
[[2.0, 5.0, 2.0, 3.0, 4.0, 3.0, 0.0, 3.0, 5.0, 3.0, 3.0, 3.0, 1.0, 4.0, 4.0, 4.0, 2.0, 2.0, 4.0, 2.0, 2.0, 4.0, 2.0, 2.0, 3.0, 1.0, 2.0, 1.0, 2.0, 4.0, 2.0, 2.0, 3.0, 2.0, 3.0, 2.0, 2.0, 5.0, 3.0, 3.0, 3.0], [2.0, 2.0, 2.0, 1.0, 4.0, 3.0, 0.0, 3.0, 5.0, 3.0, 3.0, 3.0, 3.0, 4.0, 4.0, 2.0, 4.0, 2.0, 2.0, 2.0, 3.0, 4.0, 2.0, 2.0, 3.0, 1.0, 2.0, 2.0, 1.0, 4.0, 4.0, 2.0, 3.0, 2.0, 1.0, 2.0, 3.0, 5.0, 1.0, 3.0, 3.0], [2.0, 3.0, 2.0, 3.0, 4.0, 3.0, 3.0, 3.0, 2.0, 3.0, 3.0, 3.0, 3.0, 4.0, 4.0, 3.0, 2.0, 2.0, 4.0, 2.0, 3.0, 3.0, 2.0, 2.0, 3.0, 1.0, 2.0, 2.0, 2.0, 4.0, 2.0, 3.0, 3.0, 2.0, 1.0, 2.0, 3.0, 5.0, 1.0, 3.0, 3.0], [2.0, 4.0, 4.0, 1.0, 4.0, 3.0, 0.0, 3.0, 2.0, 1.0, 3.0, 1.0, 1.0, 4.0, 4.0, 3.0, 2.0, 2.0, 2.0, 2.0, 2.0, 4.0, 2.0, 2.0, 3.0, 1.0, 2.0, 2.0, 2.0, 4.0, 2.0, 3.0, 2.0, 2.0, 1.0, 2.0, 1.0, 4.0, 1.0, 3.0, 3.0], [2.0, 4.0, 2.0, 3.0, 4.0, 3.0, 3.0, 3.0, 5.0, 3.0, 3.0, 3.0, 3.0, 4.0, 4.0, 2.0, 4.0, 2.0, 3.0, 2.0, 2.0, 4.0, 2.0, 3.0, 3.0, 1.0, 2.0, 1.0, 2.0, 4.0, 2.0, 4.0, 3.0, 3.0, 3.0, 2.0, 2.0, 5.0, 2.0, 3.0, 3.0], [2.0, 5.0, 2.0, 3.0, 2.0, 3.0, 1.0, 3.0, 5.0, 3.0, 3.0, 1.0, 1.0, 4.0, 4.0, 3.0, 4.0, 2.0, 2.0, 2.0, 5.0, 4.0, 2.0, 2.0, 3.0, 1.0, 4.0, 1.0, 1.0, 4.0, 2.0, 2.0, 2.0, 2.0, 1.0, 2.0, 2.0, 5.0, 2.0, 3.0, 4.0], [2.0, 4.0, 2.0, 1.0, 4.0, 3.0, 3.0, 3.0, 2.0, 3.0, 3.0, 1.0, 3.0, 4.0, 4.0, 3.0, 2.0, 2.0, 4.0, 2.0, 2.0, 4.0, 2.0, 2.0, 3.0, 1.0, 2.0, 2.0, 2.0, 4.0, 2.0, 2.0, 2.0, 3.0, 1.0, 2.0, 3.0, 4.0, 2.0, 3.0, 3.0], [2.0, 4.0, 2.0, 1.0, 4.0, 3.0, 3.0, 3.0, 5.0, 3.0, 1.0, 1.0, 1.0, 4.0, 4.0, 3.0, 2.0, 2.0, 2.0, 2.0, 2.0, 4.0, 2.0, 2.0, 3.0, 1.0, 4.0, 1.0, 2.0, 4.0, 4.0, 2.0, 4.0, 2.0, 2.0, 2.0, 3.0, 4.0, 2.0, 3.0, 3.0], [2.0, 2.0, 2.0, 3.0, 4.0, 3.0, 3.0, 3.0, 2.0, 3.0, 3.0, 1.0, 3.0, 4.0, 4.0, 4.0, 2.0, 2.0, 4.0, 2.0, 3.0, 4.0, 2.0, 2.0, 3.0, 1.0, 2.0, 1.0, 2.0, 4.0, 2.0, 2.0, 2.0, 2.0, 2.0, 2.0, 2.0, 5.0, 3.0, 3.0, 3.0], [2.0, 4.0, 2.0, 1.0, 4.0, 3.0, 3.0, 3.0, 5.0, 3.0, 3.0, 3.0, 3.0, 4.0, 4.0, 2.0, 2.0, 2.0, 4.0, 3.0, 2.0, 4.0, 2.0, 2.0, 3.0, 1.0, 2.0, 1.0, 2.0, 4.0, 4.0, 3.0, 2.0, 4.0, 2.0, 2.0, 3.0, 5.0, 1.0, 3.0, 3.0], [2.0, 5.0, 2.0, 1.0, 4.0, 3.0, 1.0, 3.0, 5.0, 3.0, 1.0, 3.0, 1.0, 4.0, 4.0, 3.0, 2.0, 2.0, 2.0, 2.0, 5.0, 2.0, 2.0, 2.0, 3.0, 1.0, 4.0, 1.0, 1.0, 4.0, 2.0, 2.0, 2.0, 3.0, 2.0, 2.0, 2.0, 5.0, 1.0, 3.0, 3.0], [2.0, 2.0, 2.0, 3.0, 2.0, 3.0, 0.0, 3.0, 2.0, 3.0, 3.0, 3.0, 3.0, 4.0, 4.0, 3.0, 2.0, 2.0, 2.0, 2.0, 2.0, 3.0, 2.0, 2.0, 2.0, 1.0, 2.0, 1.0, 2.0, 4.0, 2.0, 5.0, 4.0, 4.0, 1.0, 2.0, 3.0, 4.0, 2.0, 3.0, 3.0], [2.0, 4.0, 2.0, 1.0, 2.0, 3.0, 0.0, 3.0, 2.0, 3.0, 1.0, 3.0, 1.0, 4.0, 4.0, 3.0, 2.0, 2.0, 2.0, 2.0, 3.0, 4.0, 2.0, 2.0, 3.0, 1.0, 2.0, 2.0, 2.0, 4.0, 2.0, 4.0, 2.0, 4.0, 2.0, 2.0, 3.0, 4.0, 2.0, 3.0, 3.0], [1.0, 3.0, 2.0, 3.0, 4.0, 1.0, 0.0, 3.0, 2.0, 3.0, 3.0, 1.0, 1.0, 4.0, 4.0, 2.0, 4.0, 2.0, 2.0, 2.0, 2.0, 4.0, 2.0, 2.0, 3.0, 1.0, 2.0, 2.0, 1.0, 4.0, 2.0, 4.0, 4.0, 2.0, 2.0, 2.0, 3.0, 5.0, 1.0, 3.0, 3.0], [2.0, 2.0, 2.0, 3.0, 4.0, 3.0, 3.0, 3.0, 2.0, 3.0, 3.0, 3.0, 1.0, 4.0, 4.0, 3.0, 2.0, 2.0, 3.0, 2.0, 2.0, 4.0, 2.0, 2.0, 3.0, 1.0, 4.0, 1.0, 2.0, 4.0, 2.0, 2.0, 3.0, 2.0, 1.0, 2.0, 3.0, 5.0, 1.0, 3.0, 3.0], [2.0, 4.0, 2.0, 3.0, 4.0, 3.0, 0.0, 3.0, 5.0, 3.0, 3.0, 3.0, 1.0, 4.0, 4.0, 4.0, 4.0, 2.0, 2.0, 2.0, 3.0, 4.0, 2.0, 2.0, 3.0, 1.0, 2.0, 1.0, 2.0, 4.0, 2.0, 2.0, 4.0, 2.0, 2.0, 2.0, 3.0, 4.0, 3.0, 3.0, 3.0], [2.0, 4.0, 2.0, 1.0, 4.0, 3.0, 0.0, 3.0, 5.0, 3.0, 3.0, 3.0, 1.0, 4.0, 4.0, 4.0, 2.0, 2.0, 2.0, 2.0, 3.0, 4.0, 2.0, 2.0, 3.0, 1.0, 4.0, 2.0, 2.0, 4.0, 2.0, 2.0, 4.0, 3.0, 1.0, 2.0, 3.0, 5.0, 1.0, 3.0, 3.0], [2.0, 4.0, 2.0, 1.0, 2.0, 3.0, 0.0, 3.0, 2.0, 3.0, 3.0, 3.0, 1.0, 4.0, 4.0, 4.0, 4.0, 2.0, 2.0, 2.0, 2.0, 2.0, 2.0, 2.0, 3.0, 1.0, 2.0, 1.0, 2.0, 4.0, 2.0, 3.0, 2.0, 3.0, 1.0, 2.0, 2.0, 4.0, 1.0, 3.0, 2.0], [2.0, 5.0, 2.0, 3.0, 4.0, 3.0, 3.0, 3.0, 2.0, 3.0, 3.0, 3.0, 3.0, 4.0, 4.0, 4.0, 2.0, 2.0, 3.0, 3.0, 3.0, 4.0, 2.0, 2.0, 3.0, 1.0, 4.0, 1.0, 2.0, 4.0, 2.0, 2.0, 2.0, 4.0, 2.0, 2.0, 3.0, 5.0, 2.0, 3.0, 3.0], [1.0, 5.0, 2.0, 1.0, 4.0, 3.0, 3.0, 3.0, 2.0, 3.0, 3.0, 3.0, 1.0, 4.0, 4.0, 4.0, 4.0, 2.0, 2.0, 2.0, 2.0, 3.0, 2.0, 2.0, 3.0, 1.0, 2.0, 2.0, 2.0, 4.0, 2.0, 2.0, 2.0, 2.0, 2.0, 2.0, 2.0, 5.0, 1.0, 3.0, 4.0], [2.0, 4.0, 2.0, 1.0, 4.0, 3.0, 3.0, 3.0, 2.0, 3.0, 3.0, 3.0, 3.0, 4.0, 4.0, 4.0, 2.0, 2.0, 4.0, 2.0, 2.0, 4.0, 2.0, 2.0, 3.0, 1.0, 2.0, 1.0, 2.0, 4.0, 2.0, 2.0, 3.0, 2.0, 1.0, 2.0, 1.0, 5.0, 1.0, 3.0, 3.0], [2.0, 3.0, 2.0, 3.0, 4.0, 3.0, 3.0, 3.0, 5.0, 3.0, 3.0, 1.0, 3.0, 4.0, 4.0, 2.0, 2.0, 2.0, 4.0, 2.0, 2.0, 4.0, 2.0, 2.0, 3.0, 1.0, 2.0, 1.0, 2.0, 4.0, 2.0, 2.0, 4.0, 3.0, 2.0, 2.0, 3.0, 5.0, 3.0, 3.0, 3.0], [2.0, 5.0, 2.0, 3.0, 4.0, 3.0, 3.0, 3.0, 2.0, 3.0, 3.0, 3.0, 3.0, 4.0, 4.0, 3.0, 2.0, 2.0, 2.0, 3.0, 3.0, 2.0, 2.0, 2.0, 3.0, 1.0, 2.0, 1.0, 2.0, 4.0, 2.0, 2.0, 2.0, 3.0, 1.0, 2.0, 2.0, 5.0, 2.0, 3.0, 3.0], [2.0, 5.0, 2.0, 1.0, 4.0, 3.0, 3.0, 3.0, 5.0, 3.0, 3.0, 3.0, 1.0, 4.0, 4.0, 4.0, 2.0, 2.0, 3.0, 2.0, 3.0, 4.0, 2.0, 2.0, 3.0, 1.0, 2.0, 1.0, 1.0, 4.0, 2.0, 2.0, 3.0, 4.0, 2.0, 2.0, 1.0, 5.0, 3.0, 3.0, 4.0], [2.0, 4.0, 2.0, 1.0, 4.0, 3.0, 0.0, 3.0, 2.0, 3.0, 3.0, 3.0, 3.0, 4.0, 4.0, 4.0, 2.0, 2.0, 4.0, 2.0, 2.0, 4.0, 2.0, 2.0, 3.0, 1.0, 2.0, 1.0, 1.0, 4.0, 4.0, 2.0, 4.0, 4.0, 2.0, 2.0, 3.0, 5.0, 1.0, 3.0, 3.0], [2.0, 2.0, 2.0, 1.0, 4.0, 3.0, 1.0, 3.0, 2.0, 3.0, 3.0, 3.0, 1.0, 4.0, 4.0, 3.0, 4.0, 2.0, 5.0, 2.0, 2.0, 4.0, 2.0, 2.0, 3.0, 1.0, 2.0, 1.0, 1.0, 4.0, 2.0, 2.0, 4.0, 4.0, 2.0, 2.0, 1.0, 5.0, 2.0, 3.0, 3.0], [2.0, 3.0, 2.0, 3.0, 4.0, 3.0, 1.0, 3.0, 5.0, 3.0, 3.0, 3.0, 3.0, 4.0, 4.0, 4.0, 2.0, 2.0, 3.0, 2.0, 2.0, 4.0, 2.0, 2.0, 3.0, 1.0, 2.0, 1.0, 2.0, 4.0, 3.0, 2.0, 2.0, 3.0, 2.0, 2.0, 3.0, 4.0, 2.0, 3.0, 3.0], [2.0, 2.0, 2.0, 3.0, 4.0, 3.0, 3.0, 3.0, 5.0, 3.0, 3.0, 3.0, 3.0, 4.0, 4.0, 3.0, 2.0, 2.0, 3.0, 2.0, 3.0, 4.0, 2.0, 2.0, 3.0, 1.0, 2.0, 1.0, 1.0, 4.0, 2.0, 2.0, 4.0, 4.0, 2.0, 2.0, 3.0, 4.0, 2.0, 3.0, 2.0], [1.0, 4.0, 2.0, 1.0, 4.0, 3.0, 0.0, 3.0, 2.0, 3.0, 3.0, 3.0, 1.0, 4.0, 4.0, 3.0, 2.0, 2.0, 4.0, 2.0, 3.0, 2.0, 2.0, 2.0, 3.0, 1.0, 2.0, 1.0, 1.0, 4.0, 2.0, 2.0, 4.0, 2.0, 2.0, 2.0, 3.0, 5.0, 2.0, 3.0, 3.0], [2.0, 4.0, 4.0, 1.0, 2.0, 3.0, 1.0, 3.0, 5.0, 3.0, 3.0, 1.0, 1.0, 4.0, 4.0, 4.0, 2.0, 2.0, 2.0, 2.0, 3.0, 4.0, 2.0, 3.0, 3.0, 1.0, 2.0, 1.0, 2.0, 4.0, 2.0, 2.0, 3.0, 4.0, 1.0, 2.0, 3.0, 5.0, 1.0, 3.0, 3.0], [2.0, 4.0, 2.0, 3.0, 2.0, 3.0, 3.0, 3.0, 2.0, 3.0, 3.0, 1.0, 1.0, 4.0, 4.0, 2.0, 2.0, 2.0, 2.0, 2.0, 3.0, 4.0, 2.0, 2.0, 3.0, 1.0, 2.0, 2.0, 2.0, 4.0, 2.0, 2.0, 3.0, 4.0, 1.0, 2.0, 3.0, 5.0, 2.0, 3.0, 2.0], [2.0, 3.0, 2.0, 1.0, 4.0, 3.0, 3.0, 3.0, 2.0, 3.0, 3.0, 3.0, 1.0, 4.0, 4.0, 3.0, 2.0, 2.0, 2.0, 2.0, 5.0, 4.0, 2.0, 2.0, 3.0, 1.0, 2.0, 2.0, 2.0, 4.0, 2.0, 2.0, 4.0, 2.0, 1.0, 2.0, 3.0, 4.0, 2.0, 3.0, 3.0], [2.0, 2.0, 2.0, 1.0, 2.0, 3.0, 3.0, 3.0, 5.0, 1.0, 3.0, 3.0, 1.0, 4.0, 4.0, 4.0, 2.0, 2.0, 3.0, 2.0, 2.0, 4.0, 2.0, 2.0, 3.0, 1.0, 4.0, 1.0, 2.0, 4.0, 2.0, 2.0, 4.0, 4.0, 2.0, 2.0, 2.0, 4.0, 1.0, 3.0, 3.0], [2.0, 0.0, 2.0, 1.0, 4.0, 3.0, 3.0, 3.0, 2.0, 3.0, 3.0, 1.0, 1.0, 4.0, 4.0, 4.0, 2.0, 2.0, 3.0, 2.0, 2.0, 4.0, 2.0, 2.0, 3.0, 1.0, 2.0, 1.0, 2.0, 4.0, 2.0, 2.0, 3.0, 2.0, 1.0, 2.0, 2.0, 5.0, 2.0, 3.0, 3.0], [2.0, 3.0, 2.0, 1.0, 4.0, 3.0, 3.0, 3.0, 2.0, 3.0, 3.0, 3.0, 3.0, 4.0, 4.0, 4.0, 2.0, 2.0, 2.0, 2.0, 2.0, 4.0, 2.0, 2.0, 3.0, 1.0, 2.0, 2.0, 1.0, 4.0, 2.0, 2.0, 4.0, 4.0, 2.0, 2.0, 3.0, 5.0, 1.0, 3.0, 3.0], [2.0, 2.0, 2.0, 3.0, 4.0, 3.0, 3.0, 3.0, 5.0, 3.0, 3.0, 1.0, 3.0, 4.0, 4.0, 4.0, 2.0, 2.0, 3.0, 2.0, 3.0, 3.0, 2.0, 2.0, 3.0, 1.0, 2.0, 1.0, 2.0, 4.0, 4.0, 2.0, 2.0, 4.0, 2.0, 2.0, 3.0, 5.0, 1.0, 3.0, 3.0], [2.0, 2.0, 2.0, 1.0, 4.0, 3.0, 0.0, 3.0, 2.0, 1.0, 3.0, 3.0, 1.0, 4.0, 4.0, 3.0, 4.0, 2.0, 2.0, 2.0, 2.0, 4.0, 2.0, 2.0, 3.0, 1.0, 2.0, 1.0, 1.0, 4.0, 2.0, 2.0, 4.0, 2.0, 2.0, 2.0, 3.0, 5.0, 2.0, 3.0, 3.0], [2.0, 4.0, 2.0, 3.0, 4.0, 3.0, 3.0, 3.0, 2.0, 3.0, 3.0, 3.0, 1.0, 4.0, 4.0, 4.0, 2.0, 2.0, 2.0, 2.0, 5.0, 4.0, 2.0, 3.0, 3.0, 1.0, 2.0, 2.0, 1.0, 4.0, 4.0, 2.0, 2.0, 4.0, 2.0, 2.0, 3.0, 5.0, 2.0, 3.0, 3.0], [2.0, 5.0, 2.0, 1.0, 2.0, 3.0, 3.0, 3.0, 2.0, 3.0, 3.0, 3.0, 1.0, 4.0, 4.0, 5.0, 2.0, 2.0, 2.0, 2.0, 3.0, 4.0, 2.0, 2.0, 3.0, 1.0, 4.0, 2.0, 2.0, 4.0, 2.0, 2.0, 2.0, 2.0, 1.0, 2.0, 3.0, 5.0, 1.0, 3.0, 3.0], [2.0, 4.0, 2.0, 3.0, 4.0, 3.0, 3.0, 3.0, 5.0, 3.0, 3.0, 3.0, 1.0, 4.0, 4.0, 4.0, 2.0, 2.0, 4.0, 3.0, 2.0, 4.0, 2.0, 2.0, 3.0, 1.0, 2.0, 1.0, 2.0, 4.0, 2.0, 3.0, 2.0, 3.0, 1.0, 2.0, 3.0, 5.0, 2.0, 3.0, 3.0], [2.0, 3.0, 2.0, 1.0, 2.0, 3.0, 0.0, 3.0, 5.0, 3.0, 3.0, 3.0, 1.0, 4.0, 4.0, 4.0, 2.0, 2.0, 2.0, 2.0, 2.0, 4.0, 2.0, 2.0, 2.0, 1.0, 2.0, 1.0, 2.0, 4.0, 2.0, 3.0, 4.0, 3.0, 1.0, 2.0, 3.0, 5.0, 1.0, 3.0, 3.0], [2.0, 5.0, 2.0, 1.0, 4.0, 3.0, 0.0, 3.0, 2.0, 3.0, 3.0, 3.0, 1.0, 4.0, 4.0, 4.0, 2.0, 2.0, 2.0, 3.0, 3.0, 4.0, 2.0, 2.0, 3.0, 1.0, 2.0, 1.0, 1.0, 4.0, 2.0, 2.0, 2.0, 4.0, 1.0, 2.0, 3.0, 5.0, 2.0, 3.0, 3.0], [2.0, 3.0, 2.0, 1.0, 4.0, 3.0, 0.0, 3.0, 5.0, 3.0, 1.0, 3.0, 3.0, 4.0, 4.0, 4.0, 2.0, 2.0, 4.0, 3.0, 3.0, 4.0, 2.0, 2.0, 3.0, 1.0, 2.0, 1.0, 1.0, 4.0, 2.0, 4.0, 4.0, 2.0, 1.0, 2.0, 3.0, 4.0, 1.0, 3.0, 3.0], [2.0, 5.0, 2.0, 1.0, 4.0, 3.0, 0.0, 3.0, 5.0, 3.0, 3.0, 3.0, 3.0, 4.0, 4.0, 4.0, 2.0, 2.0, 2.0, 2.0, 2.0, 2.0, 2.0, 3.0, 2.0, 1.0, 4.0, 1.0, 2.0, 4.0, 2.0, 2.0, 4.0, 4.0, 2.0, 2.0, 2.0, 5.0, 1.0, 3.0, 3.0], [1.0, 5.0, 2.0, 3.0, 4.0, 3.0, 3.0, 3.0, 2.0, 3.0, 3.0, 3.0, 1.0, 4.0, 4.0, 2.0, 2.0, 2.0, 4.0, 2.0, 3.0, 2.0, 2.0, 3.0, 3.0, 1.0, 4.0, 2.0, 2.0, 4.0, 4.0, 2.0, 4.0, 2.0, 2.0, 2.0, 3.0, 5.0, 3.0, 3.0, 3.0], [2.0, 4.0, 2.0, 1.0, 2.0, 3.0, 3.0, 3.0, 5.0, 3.0, 1.0, 3.0, 3.0, 4.0, 4.0, 4.0, 2.0, 2.0, 3.0, 2.0, 3.0, 4.0, 2.0, 3.0, 3.0, 1.0, 2.0, 2.0, 2.0, 4.0, 2.0, 3.0, 2.0, 4.0, 2.0, 2.0, 3.0, 3.0, 1.0, 3.0, 3.0], [2.0, 4.0, 2.0, 1.0, 4.0, 3.0, 3.0, 3.0, 5.0, 3.0, 1.0, 3.0, 3.0, 4.0, 4.0, 3.0, 2.0, 2.0, 2.0, 3.0, 3.0, 2.0, 2.0, 2.0, 3.0, 1.0, 2.0, 1.0, 2.0, 4.0, 4.0, 3.0, 2.0, 4.0, 2.0, 2.0, 3.0, 5.0, 2.0, 3.0, 3.0], [2.0, 5.0, 2.0, 3.0, 4.0, 3.0, 3.0, 3.0, 5.0, 3.0, 3.0, 3.0, 3.0, 4.0, 4.0, 3.0, 4.0, 2.0, 3.0, 2.0, 2.0, 3.0, 2.0, 2.0, 3.0, 1.0, 4.0, 1.0, 2.0, 4.0, 2.0, 2.0, 2.0, 3.0, 3.0, 2.0, 3.0, 5.0, 1.0, 3.0, 3.0], [2.0, 4.0, 2.0, 3.0, 4.0, 3.0, 3.0, 3.0, 5.0, 3.0, 3.0, 3.0, 1.0, 4.0, 4.0, 2.0, 2.0, 2.0, 2.0, 2.0, 2.0, 2.0, 2.0, 2.0, 3.0, 1.0, 2.0, 2.0, 2.0, 4.0, 2.0, 2.0, 2.0, 3.0, 1.0, 2.0, 3.0, 4.0, 2.0, 3.0, 3.0], [2.0, 4.0, 2.0, 1.0, 2.0, 3.0, 3.0, 3.0, 2.0, 3.0, 3.0, 3.0, 3.0, 4.0, 4.0, 3.0, 2.0, 2.0, 2.0, 2.0, 3.0, 4.0, 2.0, 2.0, 3.0, 1.0, 4.0, 2.0, 2.0, 4.0, 2.0, 2.0, 2.0, 2.0, 2.0, 2.0, 2.0, 5.0, 1.0, 3.0, 3.0]]

first layer check: Conv2d(9, 64, kernel_size=(7, 7), stride=(2, 2), padding=(3, 3), bias=False)

for model 2: mode acc: 0.2195121943950653, run mean acc: 0.25200000405311584, top-2 acc:0.461166650056839, mode f1: 0.2195121943950653

model 2 mode preds
[1.0, 5.0, 2.0, 1.0, 5.0, 1.0, 0.0, 1.0, 5.0, 3.0, 0.0, 1.0, 1.0, 5.0, 3.0, 5.0, 4.0, 5.0, 5.0, 2.0, 2.0, 5.0, 3.0, 1.0, 1.0, 1.0, 4.0, 1.0, 3.0, 5.0, 3.0, 3.0, 3.0, 3.0, 1.0, 2.0, 3.0, 5.0, 1.0, 3.0, 3.0]

model 2 all preds
[[1.0, 5.0, 3.0, 0.0, 0.0, 1.0, 0.0, 0.0, 5.0, 3.0, 1.0, 1.0, 1.0, 5.0, 3.0, 1.0, 5.0, 5.0, 5.0, 2.0, 3.0, 5.0, 3.0, 3.0, 1.0, 1.0, 4.0, 1.0, 1.0, 5.0, 4.0, 3.0, 5.0, 5.0, 1.0, 2.0, 0.0, 5.0, 1.0, 3.0, 3.0], [1.0, 5.0, 2.0, 1.0, 5.0, 1.0, 0.0, 1.0, 5.0, 3.0, 0.0, 1.0, 1.0, 5.0, 3.0, 5.0, 5.0, 5.0, 5.0, 2.0, 3.0, 3.0, 3.0, 1.0, 1.0, 1.0, 3.0, 1.0, 3.0, 5.0, 3.0, 3.0, 5.0, 4.0, 1.0, 2.0, 5.0, 5.0, 1.0, 1.0, 3.0], [1.0, 5.0, 2.0, 1.0, 3.0, 1.0, 0.0, 0.0, 3.0, 3.0, 0.0, 1.0, 1.0, 5.0, 3.0, 5.0, 4.0, 5.0, 5.0, 2.0, 2.0, 5.0, 3.0, 1.0, 3.0, 1.0, 3.0, 1.0, 3.0, 5.0, 4.0, 0.0, 3.0, 3.0, 3.0, 2.0, 2.0, 5.0, 1.0, 3.0, 3.0], [1.0, 5.0, 2.0, 1.0, 0.0, 1.0, 0.0, 0.0, 5.0, 3.0, 0.0, 1.0, 1.0, 5.0, 3.0, 5.0, 4.0, 5.0, 5.0, 2.0, 2.0, 5.0, 3.0, 1.0, 3.0, 1.0, 4.0, 1.0, 1.0, 5.0, 2.0, 3.0, 4.0, 0.0, 1.0, 2.0, 3.0, 5.0, 1.0, 3.0, 3.0], [1.0, 5.0, 3.0, 1.0, 4.0, 5.0, 3.0, 0.0, 5.0, 1.0, 0.0, 1.0, 1.0, 5.0, 3.0, 3.0, 4.0, 5.0, 5.0, 2.0, 2.0, 5.0, 3.0, 1.0, 1.0, 1.0, 3.0, 1.0, 1.0, 3.0, 3.0, 3.0, 3.0, 4.0, 1.0, 2.0, 1.0, 5.0, 1.0, 3.0, 3.0], [1.0, 5.0, 3.0, 1.0, 5.0, 1.0, 0.0, 0.0, 5.0, 1.0, 0.0, 1.0, 1.0, 5.0, 3.0, 5.0, 4.0, 0.0, 4.0, 2.0, 3.0, 5.0, 5.0, 1.0, 1.0, 1.0, 4.0, 1.0, 3.0, 3.0, 2.0, 4.0, 5.0, 3.0, 1.0, 2.0, 3.0, 5.0, 1.0, 3.0, 3.0], [1.0, 5.0, 3.0, 1.0, 5.0, 1.0, 0.0, 1.0, 5.0, 1.0, 0.0, 1.0, 1.0, 5.0, 3.0, 3.0, 5.0, 5.0, 5.0, 2.0, 2.0, 3.0, 3.0, 1.0, 1.0, 1.0, 2.0, 1.0, 3.0, 3.0, 3.0, 4.0, 3.0, 3.0, 1.0, 2.0, 5.0, 5.0, 1.0, 3.0, 3.0], [1.0, 5.0, 3.0, 0.0, 4.0, 1.0, 1.0, 1.0, 5.0, 3.0, 0.0, 1.0, 1.0, 5.0, 3.0, 5.0, 4.0, 5.0, 5.0, 2.0, 2.0, 5.0, 3.0, 1.0, 1.0, 1.0, 4.0, 1.0, 3.0, 5.0, 3.0, 5.0, 3.0, 3.0, 1.0, 3.0, 0.0, 5.0, 1.0, 3.0, 3.0], [1.0, 5.0, 3.0, 1.0, 5.0, 3.0, 0.0, 0.0, 5.0, 3.0, 1.0, 1.0, 1.0, 5.0, 3.0, 5.0, 4.0, 5.0, 4.0, 2.0, 3.0, 5.0, 3.0, 1.0, 1.0, 1.0, 4.0, 1.0, 3.0, 5.0, 3.0, 3.0, 3.0, 1.0, 1.0, 2.0, 1.0, 5.0, 1.0, 3.0, 3.0], [1.0, 5.0, 2.0, 1.0, 5.0, 1.0, 0.0, 1.0, 5.0, 3.0, 0.0, 1.0, 1.0, 5.0, 3.0, 5.0, 4.0, 5.0, 5.0, 2.0, 2.0, 5.0, 5.0, 2.0, 3.0, 1.0, 3.0, 1.0, 4.0, 5.0, 3.0, 1.0, 3.0, 3.0, 1.0, 2.0, 3.0, 5.0, 1.0, 3.0, 3.0], [1.0, 3.0, 4.0, 0.0, 5.0, 1.0, 0.0, 0.0, 5.0, 1.0, 0.0, 1.0, 1.0, 5.0, 3.0, 5.0, 4.0, 5.0, 5.0, 2.0, 2.0, 5.0, 3.0, 1.0, 3.0, 1.0, 3.0, 1.0, 1.0, 5.0, 3.0, 4.0, 5.0, 3.0, 1.0, 2.0, 3.0, 5.0, 1.0, 3.0, 3.0], [1.0, 5.0, 3.0, 0.0, 0.0, 1.0, 0.0, 1.0, 5.0, 3.0, 0.0, 1.0, 1.0, 5.0, 3.0, 5.0, 4.0, 2.0, 4.0, 2.0, 2.0, 5.0, 5.0, 1.0, 3.0, 1.0, 4.0, 1.0, 3.0, 3.0, 3.0, 3.0, 3.0, 0.0, 1.0, 2.0, 3.0, 5.0, 1.0, 1.0, 3.0], [1.0, 0.0, 4.0, 1.0, 5.0, 1.0, 0.0, 0.0, 5.0, 3.0, 0.0, 1.0, 1.0, 5.0, 3.0, 3.0, 4.0, 2.0, 5.0, 2.0, 1.0, 5.0, 3.0, 1.0, 1.0, 1.0, 4.0, 1.0, 3.0, 5.0, 3.0, 3.0, 3.0, 3.0, 1.0, 2.0, 5.0, 5.0, 1.0, 1.0, 3.0], [2.0, 5.0, 2.0, 1.0, 5.0, 5.0, 0.0, 0.0, 3.0, 3.0, 0.0, 1.0, 1.0, 5.0, 3.0, 5.0, 5.0, 2.0, 0.0, 2.0, 3.0, 5.0, 5.0, 1.0, 1.0, 1.0, 4.0, 1.0, 3.0, 5.0, 3.0, 3.0, 3.0, 3.0, 1.0, 2.0, 3.0, 5.0, 1.0, 3.0, 3.0], [2.0, 5.0, 3.0, 1.0, 0.0, 1.0, 0.0, 0.0, 5.0, 1.0, 1.0, 1.0, 1.0, 5.0, 3.0, 5.0, 5.0, 5.0, 5.0, 2.0, 3.0, 5.0, 3.0, 1.0, 3.0, 1.0, 4.0, 1.0, 4.0, 5.0, 4.0, 0.0, 3.0, 3.0, 1.0, 2.0, 3.0, 5.0, 1.0, 1.0, 3.0], [3.0, 5.0, 3.0, 0.0, 5.0, 1.0, 0.0, 1.0, 5.0, 3.0, 0.0, 1.0, 1.0, 5.0, 3.0, 3.0, 5.0, 2.0, 3.0, 2.0, 2.0, 5.0, 5.0, 1.0, 1.0, 1.0, 4.0, 1.0, 1.0, 5.0, 2.0, 5.0, 3.0, 4.0, 1.0, 2.0, 5.0, 5.0, 1.0, 3.0, 3.0], [1.0, 5.0, 2.0, 1.0, 0.0, 1.0, 0.0, 0.0, 5.0, 3.0, 0.0, 1.0, 1.0, 5.0, 3.0, 5.0, 4.0, 5.0, 5.0, 2.0, 2.0, 1.0, 5.0, 1.0, 1.0, 1.0, 4.0, 1.0, 1.0, 3.0, 2.0, 3.0, 5.0, 5.0, 1.0, 2.0, 3.0, 5.0, 1.0, 3.0, 3.0], [1.0, 5.0, 2.0, 1.0, 5.0, 3.0, 0.0, 0.0, 5.0, 3.0, 0.0, 1.0, 1.0, 5.0, 3.0, 5.0, 4.0, 5.0, 5.0, 2.0, 2.0, 5.0, 5.0, 1.0, 1.0, 1.0, 4.0, 1.0, 1.0, 5.0, 3.0, 3.0, 5.0, 3.0, 1.0, 2.0, 3.0, 5.0, 1.0, 3.0, 3.0], [1.0, 4.0, 4.0, 0.0, 5.0, 1.0, 0.0, 0.0, 5.0, 1.0, 0.0, 1.0, 1.0, 5.0, 3.0, 5.0, 4.0, 5.0, 5.0, 2.0, 2.0, 3.0, 3.0, 1.0, 1.0, 1.0, 4.0, 1.0, 3.0, 5.0, 3.0, 3.0, 5.0, 5.0, 1.0, 5.0, 3.0, 5.0, 1.0, 3.0, 3.0], [2.0, 5.0, 3.0, 1.0, 4.0, 5.0, 0.0, 1.0, 3.0, 1.0, 0.0, 1.0, 1.0, 5.0, 3.0, 5.0, 4.0, 5.0, 0.0, 2.0, 2.0, 5.0, 3.0, 1.0, 3.0, 1.0, 4.0, 1.0, 3.0, 3.0, 3.0, 3.0, 5.0, 3.0, 1.0, 2.0, 1.0, 5.0, 1.0, 3.0, 3.0], [1.0, 5.0, 4.0, 1.0, 0.0, 1.0, 0.0, 0.0, 5.0, 1.0, 0.0, 1.0, 1.0, 5.0, 3.0, 5.0, 5.0, 5.0, 3.0, 2.0, 3.0, 5.0, 3.0, 1.0, 1.0, 1.0, 4.0, 1.0, 3.0, 3.0, 3.0, 3.0, 3.0, 0.0, 1.0, 2.0, 5.0, 5.0, 1.0, 1.0, 3.0], [1.0, 5.0, 2.0, 1.0, 0.0, 1.0, 0.0, 1.0, 3.0, 1.0, 0.0, 1.0, 1.0, 5.0, 3.0, 5.0, 4.0, 5.0, 5.0, 2.0, 2.0, 5.0, 3.0, 1.0, 1.0, 1.0, 5.0, 1.0, 4.0, 5.0, 3.0, 4.0, 3.0, 0.0, 1.0, 2.0, 5.0, 5.0, 1.0, 3.0, 3.0], [1.0, 5.0, 2.0, 1.0, 5.0, 1.0, 0.0, 1.0, 5.0, 1.0, 0.0, 1.0, 1.0, 5.0, 3.0, 5.0, 2.0, 1.0, 5.0, 2.0, 2.0, 1.0, 3.0, 1.0, 1.0, 1.0, 4.0, 1.0, 4.0, 5.0, 4.0, 3.0, 3.0, 5.0, 1.0, 2.0, 1.0, 5.0, 1.0, 3.0, 3.0], [1.0, 5.0, 2.0, 0.0, 5.0, 1.0, 0.0, 1.0, 5.0, 3.0, 1.0, 1.0, 1.0, 5.0, 3.0, 2.0, 4.0, 5.0, 5.0, 2.0, 2.0, 5.0, 3.0, 3.0, 1.0, 1.0, 4.0, 1.0, 4.0, 3.0, 3.0, 1.0, 5.0, 0.0, 1.0, 2.0, 1.0, 5.0, 1.0, 3.0, 3.0], [1.0, 5.0, 4.0, 1.0, 4.0, 5.0, 0.0, 1.0, 5.0, 3.0, 0.0, 1.0, 1.0, 5.0, 3.0, 5.0, 5.0, 5.0, 5.0, 2.0, 3.0, 5.0, 3.0, 1.0, 3.0, 1.0, 3.0, 1.0, 4.0, 5.0, 4.0, 5.0, 5.0, 3.0, 1.0, 3.0, 5.0, 5.0, 1.0, 3.0, 3.0], [1.0, 4.0, 3.0, 1.0, 5.0, 1.0, 1.0, 1.0, 5.0, 1.0, 0.0, 1.0, 1.0, 5.0, 3.0, 5.0, 4.0, 5.0, 3.0, 2.0, 2.0, 5.0, 5.0, 1.0, 1.0, 1.0, 4.0, 1.0, 1.0, 3.0, 2.0, 4.0, 5.0, 3.0, 1.0, 3.0, 3.0, 5.0, 1.0, 3.0, 3.0], [1.0, 5.0, 3.0, 1.0, 4.0, 3.0, 0.0, 1.0, 5.0, 3.0, 0.0, 1.0, 1.0, 5.0, 3.0, 5.0, 2.0, 5.0, 3.0, 2.0, 3.0, 3.0, 3.0, 1.0, 3.0, 1.0, 4.0, 1.0, 4.0, 5.0, 2.0, 3.0, 3.0, 3.0, 1.0, 2.0, 3.0, 5.0, 1.0, 1.0, 3.0], [1.0, 4.0, 2.0, 1.0, 5.0, 1.0, 0.0, 1.0, 5.0, 3.0, 0.0, 1.0, 1.0, 5.0, 3.0, 5.0, 5.0, 5.0, 5.0, 2.0, 3.0, 5.0, 5.0, 1.0, 1.0, 1.0, 4.0, 1.0, 1.0, 3.0, 5.0, 4.0, 3.0, 5.0, 1.0, 2.0, 3.0, 5.0, 1.0, 3.0, 3.0], [1.0, 5.0, 2.0, 0.0, 0.0, 1.0, 0.0, 0.0, 3.0, 1.0, 0.0, 1.0, 1.0, 5.0, 3.0, 3.0, 5.0, 0.0, 5.0, 2.0, 1.0, 5.0, 3.0, 1.0, 3.0, 1.0, 3.0, 1.0, 3.0, 5.0, 3.0, 3.0, 5.0, 5.0, 3.0, 2.0, 2.0, 5.0, 1.0, 1.0, 3.0], [1.0, 5.0, 4.0, 1.0, 5.0, 1.0, 0.0, 0.0, 3.0, 3.0, 0.0, 1.0, 1.0, 5.0, 3.0, 2.0, 4.0, 5.0, 5.0, 2.0, 3.0, 1.0, 4.0, 1.0, 1.0, 1.0, 4.0, 1.0, 1.0, 3.0, 2.0, 3.0, 4.0, 3.0, 1.0, 2.0, 3.0, 5.0, 1.0, 3.0, 3.0], [1.0, 3.0, 3.0, 1.0, 0.0, 1.0, 0.0, 1.0, 5.0, 3.0, 0.0, 1.0, 1.0, 5.0, 3.0, 5.0, 3.0, 5.0, 5.0, 2.0, 3.0, 5.0, 5.0, 1.0, 1.0, 1.0, 4.0, 1.0, 3.0, 5.0, 1.0, 0.0, 3.0, 0.0, 1.0, 2.0, 3.0, 5.0, 1.0, 3.0, 3.0], [1.0, 5.0, 2.0, 1.0, 3.0, 1.0, 0.0, 1.0, 5.0, 3.0, 0.0, 1.0, 1.0, 5.0, 3.0, 5.0, 4.0, 0.0, 5.0, 2.0, 3.0, 5.0, 5.0, 1.0, 3.0, 1.0, 4.0, 1.0, 4.0, 5.0, 3.0, 3.0, 5.0, 5.0, 1.0, 3.0, 5.0, 5.0, 1.0, 3.0, 3.0], [1.0, 5.0, 3.0, 1.0, 5.0, 3.0, 0.0, 0.0, 3.0, 3.0, 0.0, 1.0, 1.0, 5.0, 3.0, 3.0, 4.0, 5.0, 5.0, 2.0, 2.0, 5.0, 3.0, 1.0, 3.0, 1.0, 5.0, 1.0, 3.0, 5.0, 3.0, 3.0, 5.0, 0.0, 1.0, 2.0, 1.0, 5.0, 1.0, 3.0, 3.0], [1.0, 5.0, 3.0, 1.0, 0.0, 1.0, 0.0, 1.0, 5.0, 3.0, 1.0, 1.0, 1.0, 5.0, 3.0, 1.0, 2.0, 5.0, 5.0, 2.0, 3.0, 5.0, 3.0, 1.0, 3.0, 1.0, 4.0, 1.0, 3.0, 5.0, 3.0, 4.0, 3.0, 3.0, 1.0, 2.0, 5.0, 5.0, 1.0, 3.0, 3.0], [1.0, 5.0, 3.0, 1.0, 5.0, 1.0, 0.0, 1.0, 5.0, 3.0, 0.0, 1.0, 1.0, 5.0, 3.0, 5.0, 5.0, 5.0, 5.0, 1.0, 3.0, 5.0, 3.0, 1.0, 3.0, 1.0, 4.0, 1.0, 1.0, 5.0, 3.0, 4.0, 4.0, 3.0, 1.0, 2.0, 5.0, 5.0, 1.0, 3.0, 3.0], [1.0, 5.0, 4.0, 1.0, 5.0, 3.0, 0.0, 1.0, 5.0, 3.0, 0.0, 1.0, 1.0, 5.0, 3.0, 5.0, 5.0, 5.0, 5.0, 2.0, 2.0, 5.0, 3.0, 1.0, 1.0, 1.0, 4.0, 1.0, 3.0, 5.0, 4.0, 5.0, 3.0, 3.0, 1.0, 2.0, 3.0, 5.0, 1.0, 3.0, 3.0], [1.0, 5.0, 2.0, 0.0, 5.0, 3.0, 0.0, 0.0, 5.0, 3.0, 1.0, 1.0, 1.0, 5.0, 3.0, 3.0, 4.0, 5.0, 5.0, 2.0, 2.0, 1.0, 3.0, 1.0, 3.0, 1.0, 4.0, 1.0, 1.0, 3.0, 3.0, 2.0, 5.0, 5.0, 1.0, 3.0, 2.0, 5.0, 1.0, 3.0, 3.0], [1.0, 5.0, 2.0, 1.0, 0.0, 1.0, 0.0, 0.0, 5.0, 3.0, 0.0, 1.0, 1.0, 5.0, 3.0, 3.0, 4.0, 0.0, 5.0, 2.0, 3.0, 5.0, 3.0, 1.0, 1.0, 1.0, 3.0, 1.0, 0.0, 3.0, 3.0, 4.0, 3.0, 5.0, 1.0, 2.0, 3.0, 5.0, 1.0, 3.0, 3.0], [1.0, 5.0, 1.0, 1.0, 5.0, 1.0, 0.0, 1.0, 5.0, 3.0, 1.0, 1.0, 1.0, 5.0, 3.0, 5.0, 4.0, 0.0, 5.0, 3.0, 3.0, 3.0, 5.0, 1.0, 3.0, 1.0, 4.0, 1.0, 1.0, 5.0, 3.0, 5.0, 5.0, 3.0, 1.0, 2.0, 5.0, 5.0, 1.0, 1.0, 3.0], [1.0, 5.0, 3.0, 1.0, 4.0, 1.0, 0.0, 0.0, 5.0, 3.0, 1.0, 1.0, 1.0, 5.0, 3.0, 2.0, 5.0, 5.0, 5.0, 2.0, 3.0, 5.0, 3.0, 1.0, 1.0, 1.0, 3.0, 1.0, 4.0, 5.0, 3.0, 5.0, 5.0, 5.0, 1.0, 2.0, 3.0, 5.0, 1.0, 3.0, 3.0], [1.0, 5.0, 2.0, 1.0, 5.0, 1.0, 0.0, 0.0, 5.0, 1.0, 0.0, 1.0, 1.0, 5.0, 3.0, 3.0, 5.0, 3.0, 3.0, 1.0, 3.0, 5.0, 5.0, 1.0, 1.0, 1.0, 3.0, 1.0, 4.0, 5.0, 2.0, 0.0, 3.0, 3.0, 1.0, 3.0, 3.0, 5.0, 1.0, 3.0, 3.0], [1.0, 3.0, 2.0, 1.0, 0.0, 1.0, 0.0, 0.0, 5.0, 3.0, 0.0, 1.0, 1.0, 5.0, 3.0, 3.0, 5.0, 5.0, 5.0, 2.0, 2.0, 5.0, 5.0, 1.0, 3.0, 1.0, 4.0, 1.0, 1.0, 5.0, 2.0, 4.0, 4.0, 5.0, 1.0, 2.0, 1.0, 5.0, 1.0, 3.0, 3.0], [1.0, 5.0, 2.0, 1.0, 5.0, 1.0, 0.0, 1.0, 5.0, 3.0, 0.0, 1.0, 1.0, 5.0, 3.0, 5.0, 5.0, 3.0, 5.0, 2.0, 3.0, 3.0, 3.0, 1.0, 1.0, 1.0, 4.0, 1.0, 1.0, 5.0, 2.0, 4.0, 3.0, 5.0, 1.0, 2.0, 1.0, 5.0, 1.0, 3.0, 3.0], [1.0, 3.0, 2.0, 1.0, 5.0, 1.0, 0.0, 1.0, 3.0, 3.0, 0.0, 1.0, 1.0, 5.0, 3.0, 5.0, 5.0, 5.0, 5.0, 2.0, 2.0, 1.0, 4.0, 1.0, 1.0, 1.0, 4.0, 1.0, 3.0, 5.0, 3.0, 4.0, 3.0, 5.0, 1.0, 2.0, 3.0, 5.0, 1.0, 3.0, 3.0], [1.0, 5.0, 4.0, 0.0, 5.0, 1.0, 0.0, 1.0, 5.0, 3.0, 0.0, 1.0, 1.0, 5.0, 3.0, 5.0, 5.0, 5.0, 4.0, 2.0, 2.0, 3.0, 3.0, 1.0, 1.0, 1.0, 3.0, 1.0, 3.0, 3.0, 3.0, 4.0, 4.0, 5.0, 1.0, 2.0, 5.0, 5.0, 1.0, 3.0, 3.0], [1.0, 5.0, 2.0, 1.0, 4.0, 1.0, 0.0, 1.0, 3.0, 3.0, 0.0, 1.0, 1.0, 5.0, 3.0, 5.0, 3.0, 5.0, 0.0, 2.0, 2.0, 5.0, 3.0, 1.0, 1.0, 1.0, 4.0, 1.0, 1.0, 5.0, 5.0, 5.0, 4.0, 3.0, 1.0, 2.0, 5.0, 5.0, 1.0, 3.0, 3.0], [1.0, 5.0, 2.0, 0.0, 4.0, 1.0, 0.0, 1.0, 5.0, 3.0, 0.0, 1.0, 1.0, 5.0, 3.0, 5.0, 4.0, 5.0, 3.0, 3.0, 2.0, 3.0, 5.0, 1.0, 1.0, 1.0, 3.0, 1.0, 1.0, 5.0, 1.0, 1.0, 5.0, 3.0, 1.0, 2.0, 2.0, 5.0, 1.0, 3.0, 3.0], [1.0, 3.0, 3.0, 1.0, 0.0, 1.0, 0.0, 0.0, 5.0, 3.0, 1.0, 1.0, 1.0, 5.0, 3.0, 5.0, 5.0, 5.0, 5.0, 2.0, 2.0, 5.0, 3.0, 1.0, 1.0, 1.0, 4.0, 1.0, 1.0, 3.0, 3.0, 3.0, 3.0, 4.0, 1.0, 2.0, 5.0, 5.0, 1.0, 3.0, 3.0], [1.0, 5.0, 2.0, 1.0, 0.0, 1.0, 0.0, 1.0, 3.0, 3.0, 1.0, 1.0, 1.0, 5.0, 3.0, 5.0, 0.0, 3.0, 0.0, 1.0, 2.0, 5.0, 3.0, 1.0, 1.0, 1.0, 3.0, 1.0, 3.0, 5.0, 3.0, 0.0, 5.0, 5.0, 1.0, 2.0, 3.0, 5.0, 1.0, 3.0, 3.0], [1.0, 5.0, 3.0, 1.0, 5.0, 3.0, 0.0, 0.0, 5.0, 3.0, 0.0, 1.0, 1.0, 5.0, 3.0, 5.0, 4.0, 5.0, 5.0, 2.0, 1.0, 3.0, 3.0, 1.0, 1.0, 1.0, 4.0, 1.0, 3.0, 3.0, 2.0, 3.0, 5.0, 3.0, 1.0, 2.0, 5.0, 5.0, 1.0, 3.0, 3.0]]

first layer check: Conv2d(9, 64, kernel_size=(7, 7), stride=(2, 2), padding=(3, 3), bias=False)

for model 3: mode acc: 0.24390244483947754, run mean acc: 0.29383331537246704, top-2 acc:0.5120833516120911, mode f1: 0.24390244483947754

model 3 mode preds
[2.0, 4.0, 4.0, 1.0, 4.0, 4.0, 0.0, 1.0, 3.0, 3.0, 1.0, 1.0, 3.0, 4.0, 4.0, 4.0, 4.0, 2.0, 4.0, 2.0, 2.0, 4.0, 2.0, 2.0, 3.0, 1.0, 4.0, 2.0, 2.0, 4.0, 2.0, 2.0, 4.0, 2.0, 2.0, 2.0, 2.0, 5.0, 2.0, 3.0, 3.0]

model 3 all preds
[[2.0, 4.0, 4.0, 2.0, 4.0, 4.0, 0.0, 1.0, 3.0, 3.0, 3.0, 3.0, 3.0, 4.0, 3.0, 4.0, 4.0, 2.0, 0.0, 2.0, 3.0, 4.0, 2.0, 2.0, 3.0, 1.0, 4.0, 2.0, 2.0, 4.0, 2.0, 3.0, 2.0, 2.0, 2.0, 3.0, 2.0, 4.0, 3.0, 3.0, 3.0], [2.0, 4.0, 4.0, 1.0, 4.0, 5.0, 0.0, 2.0, 3.0, 3.0, 1.0, 1.0, 1.0, 5.0, 4.0, 4.0, 2.0, 2.0, 4.0, 2.0, 2.0, 4.0, 4.0, 2.0, 3.0, 1.0, 2.0, 2.0, 2.0, 4.0, 2.0, 2.0, 2.0, 2.0, 2.0, 2.0, 2.0, 5.0, 2.0, 2.0, 3.0], [2.0, 4.0, 4.0, 1.0, 4.0, 3.0, 0.0, 1.0, 3.0, 3.0, 1.0, 1.0, 3.0, 4.0, 4.0, 3.0, 2.0, 2.0, 4.0, 2.0, 2.0, 4.0, 4.0, 2.0, 3.0, 1.0, 4.0, 2.0, 2.0, 4.0, 2.0, 2.0, 2.0, 2.0, 2.0, 2.0, 2.0, 4.0, 2.0, 3.0, 2.0], [2.0, 2.0, 4.0, 2.0, 4.0, 5.0, 5.0, 1.0, 3.0, 3.0, 1.0, 1.0, 1.0, 4.0, 4.0, 2.0, 2.0, 2.0, 2.0, 2.0, 2.0, 4.0, 2.0, 2.0, 3.0, 1.0, 4.0, 2.0, 2.0, 4.0, 2.0, 2.0, 4.0, 3.0, 2.0, 2.0, 3.0, 5.0, 2.0, 3.0, 3.0], [2.0, 4.0, 4.0, 3.0, 4.0, 3.0, 0.0, 1.0, 3.0, 3.0, 1.0, 1.0, 3.0, 4.0, 4.0, 4.0, 4.0, 2.0, 4.0, 2.0, 3.0, 4.0, 4.0, 2.0, 2.0, 1.0, 4.0, 2.0, 2.0, 4.0, 2.0, 2.0, 4.0, 2.0, 2.0, 3.0, 3.0, 4.0, 2.0, 3.0, 3.0], [2.0, 4.0, 4.0, 3.0, 2.0, 3.0, 3.0, 2.0, 3.0, 3.0, 1.0, 1.0, 3.0, 5.0, 4.0, 4.0, 5.0, 2.0, 4.0, 2.0, 3.0, 2.0, 2.0, 2.0, 3.0, 1.0, 4.0, 2.0, 2.0, 4.0, 2.0, 4.0, 4.0, 2.0, 2.0, 2.0, 2.0, 5.0, 2.0, 2.0, 3.0], [2.0, 3.0, 4.0, 3.0, 4.0, 3.0, 0.0, 1.0, 3.0, 3.0, 1.0, 2.0, 3.0, 4.0, 4.0, 4.0, 2.0, 2.0, 4.0, 2.0, 2.0, 4.0, 2.0, 2.0, 2.0, 1.0, 4.0, 2.0, 2.0, 4.0, 3.0, 2.0, 2.0, 2.0, 2.0, 3.0, 2.0, 5.0, 2.0, 3.0, 3.0], [2.0, 4.0, 4.0, 1.0, 2.0, 4.0, 0.0, 2.0, 3.0, 3.0, 1.0, 3.0, 3.0, 4.0, 3.0, 3.0, 2.0, 2.0, 4.0, 2.0, 2.0, 4.0, 2.0, 2.0, 3.0, 1.0, 4.0, 2.0, 2.0, 4.0, 4.0, 5.0, 4.0, 3.0, 2.0, 2.0, 2.0, 4.0, 2.0, 3.0, 3.0], [2.0, 2.0, 4.0, 2.0, 4.0, 3.0, 0.0, 2.0, 3.0, 3.0, 1.0, 3.0, 1.0, 5.0, 4.0, 5.0, 4.0, 2.0, 0.0, 2.0, 2.0, 4.0, 2.0, 2.0, 2.0, 1.0, 4.0, 2.0, 3.0, 4.0, 2.0, 3.0, 4.0, 4.0, 2.0, 2.0, 2.0, 5.0, 2.0, 3.0, 3.0], [2.0, 4.0, 4.0, 1.0, 2.0, 3.0, 0.0, 2.0, 3.0, 3.0, 1.0, 1.0, 1.0, 4.0, 4.0, 4.0, 4.0, 2.0, 4.0, 2.0, 3.0, 4.0, 4.0, 2.0, 3.0, 1.0, 4.0, 2.0, 3.0, 2.0, 2.0, 2.0, 2.0, 2.0, 2.0, 3.0, 2.0, 5.0, 2.0, 3.0, 3.0], [2.0, 4.0, 4.0, 2.0, 2.0, 5.0, 0.0, 1.0, 3.0, 3.0, 1.0, 1.0, 1.0, 4.0, 3.0, 3.0, 5.0, 2.0, 4.0, 2.0, 3.0, 4.0, 4.0, 2.0, 3.0, 1.0, 4.0, 2.0, 3.0, 4.0, 4.0, 2.0, 4.0, 4.0, 2.0, 3.0, 2.0, 5.0, 2.0, 3.0, 3.0], [2.0, 4.0, 2.0, 1.0, 2.0, 4.0, 0.0, 2.0, 3.0, 3.0, 3.0, 3.0, 3.0, 5.0, 4.0, 4.0, 2.0, 2.0, 4.0, 2.0, 3.0, 4.0, 2.0, 2.0, 3.0, 1.0, 4.0, 2.0, 2.0, 4.0, 2.0, 2.0, 2.0, 2.0, 2.0, 3.0, 2.0, 5.0, 2.0, 3.0, 3.0], [2.0, 4.0, 4.0, 3.0, 2.0, 2.0, 0.0, 2.0, 3.0, 3.0, 2.0, 1.0, 3.0, 5.0, 4.0, 3.0, 2.0, 2.0, 4.0, 2.0, 3.0, 4.0, 4.0, 2.0, 2.0, 1.0, 2.0, 2.0, 3.0, 2.0, 2.0, 2.0, 4.0, 2.0, 2.0, 2.0, 2.0, 4.0, 3.0, 3.0, 3.0], [3.0, 2.0, 4.0, 1.0, 4.0, 2.0, 4.0, 1.0, 3.0, 3.0, 3.0, 1.0, 1.0, 5.0, 3.0, 4.0, 4.0, 2.0, 4.0, 2.0, 3.0, 4.0, 4.0, 2.0, 2.0, 1.0, 4.0, 2.0, 3.0, 4.0, 4.0, 4.0, 2.0, 4.0, 3.0, 2.0, 2.0, 2.0, 3.0, 3.0, 3.0], [2.0, 4.0, 4.0, 1.0, 4.0, 5.0, 0.0, 1.0, 3.0, 3.0, 1.0, 3.0, 3.0, 5.0, 4.0, 4.0, 5.0, 2.0, 4.0, 2.0, 3.0, 4.0, 2.0, 2.0, 3.0, 1.0, 4.0, 1.0, 2.0, 2.0, 4.0, 3.0, 3.0, 4.0, 2.0, 2.0, 2.0, 5.0, 2.0, 3.0, 3.0], [2.0, 2.0, 4.0, 2.0, 4.0, 2.0, 3.0, 1.0, 3.0, 3.0, 1.0, 1.0, 1.0, 4.0, 4.0, 4.0, 2.0, 2.0, 4.0, 2.0, 3.0, 4.0, 4.0, 2.0, 3.0, 1.0, 2.0, 2.0, 2.0, 4.0, 2.0, 2.0, 4.0, 4.0, 3.0, 3.0, 2.0, 4.0, 2.0, 3.0, 3.0], [2.0, 2.0, 4.0, 3.0, 4.0, 2.0, 3.0, 2.0, 3.0, 3.0, 1.0, 3.0, 3.0, 5.0, 4.0, 4.0, 4.0, 2.0, 4.0, 2.0, 3.0, 2.0, 4.0, 2.0, 2.0, 1.0, 4.0, 2.0, 2.0, 4.0, 4.0, 2.0, 2.0, 2.0, 3.0, 2.0, 2.0, 5.0, 2.0, 3.0, 2.0], [2.0, 4.0, 4.0, 1.0, 4.0, 1.0, 0.0, 1.0, 3.0, 3.0, 3.0, 1.0, 3.0, 4.0, 4.0, 3.0, 5.0, 2.0, 4.0, 2.0, 2.0, 4.0, 4.0, 2.0, 2.0, 1.0, 4.0, 2.0, 2.0, 4.0, 2.0, 2.0, 2.0, 3.0, 3.0, 2.0, 4.0, 2.0, 2.0, 3.0, 3.0], [2.0, 4.0, 4.0, 2.0, 2.0, 3.0, 0.0, 1.0, 3.0, 3.0, 1.0, 3.0, 3.0, 4.0, 4.0, 2.0, 4.0, 2.0, 4.0, 2.0, 3.0, 4.0, 4.0, 2.0, 3.0, 1.0, 4.0, 2.0, 2.0, 4.0, 3.0, 5.0, 4.0, 2.0, 2.0, 3.0, 2.0, 2.0, 3.0, 3.0, 3.0], [2.0, 4.0, 4.0, 1.0, 2.0, 0.0, 0.0, 1.0, 3.0, 3.0, 3.0, 1.0, 3.0, 4.0, 4.0, 5.0, 4.0, 2.0, 4.0, 2.0, 5.0, 4.0, 2.0, 2.0, 3.0, 1.0, 4.0, 2.0, 2.0, 2.0, 4.0, 2.0, 4.0, 2.0, 2.0, 2.0, 2.0, 5.0, 3.0, 3.0, 3.0], [2.0, 2.0, 4.0, 2.0, 4.0, 5.0, 0.0, 1.0, 3.0, 3.0, 2.0, 3.0, 3.0, 5.0, 4.0, 4.0, 4.0, 2.0, 4.0, 2.0, 2.0, 4.0, 2.0, 2.0, 3.0, 1.0, 4.0, 2.0, 2.0, 4.0, 2.0, 2.0, 4.0, 2.0, 3.0, 2.0, 2.0, 5.0, 2.0, 3.0, 3.0], [2.0, 4.0, 4.0, 1.0, 4.0, 4.0, 0.0, 2.0, 3.0, 3.0, 1.0, 3.0, 1.0, 5.0, 3.0, 2.0, 4.0, 2.0, 4.0, 2.0, 2.0, 4.0, 4.0, 2.0, 3.0, 1.0, 2.0, 2.0, 3.0, 4.0, 4.0, 2.0, 4.0, 4.0, 3.0, 2.0, 3.0, 5.0, 2.0, 2.0, 3.0], [2.0, 2.0, 4.0, 1.0, 4.0, 2.0, 3.0, 2.0, 3.0, 3.0, 3.0, 1.0, 3.0, 4.0, 4.0, 4.0, 4.0, 2.0, 4.0, 2.0, 3.0, 4.0, 2.0, 2.0, 2.0, 1.0, 4.0, 2.0, 3.0, 2.0, 3.0, 2.0, 2.0, 4.0, 3.0, 2.0, 3.0, 4.0, 2.0, 3.0, 3.0], [2.0, 4.0, 4.0, 2.0, 2.0, 2.0, 4.0, 2.0, 3.0, 3.0, 1.0, 1.0, 3.0, 4.0, 3.0, 2.0, 4.0, 2.0, 4.0, 2.0, 2.0, 4.0, 2.0, 2.0, 2.0, 1.0, 4.0, 2.0, 2.0, 4.0, 2.0, 2.0, 4.0, 2.0, 2.0, 2.0, 2.0, 4.0, 3.0, 3.0, 3.0], [2.0, 4.0, 4.0, 1.0, 2.0, 3.0, 4.0, 1.0, 3.0, 3.0, 3.0, 1.0, 1.0, 5.0, 4.0, 3.0, 2.0, 2.0, 3.0, 2.0, 3.0, 4.0, 2.0, 2.0, 3.0, 1.0, 4.0, 2.0, 2.0, 2.0, 3.0, 2.0, 4.0, 2.0, 2.0, 2.0, 2.0, 5.0, 3.0, 3.0, 3.0], [2.0, 2.0, 4.0, 2.0, 4.0, 4.0, 3.0, 2.0, 3.0, 3.0, 1.0, 1.0, 3.0, 5.0, 3.0, 4.0, 5.0, 2.0, 4.0, 2.0, 2.0, 4.0, 2.0, 2.0, 2.0, 1.0, 4.0, 2.0, 2.0, 4.0, 2.0, 4.0, 2.0, 4.0, 2.0, 2.0, 2.0, 5.0, 2.0, 3.0, 3.0], [2.0, 4.0, 4.0, 3.0, 4.0, 4.0, 0.0, 2.0, 3.0, 3.0, 3.0, 1.0, 3.0, 5.0, 4.0, 5.0, 2.0, 2.0, 4.0, 2.0, 3.0, 4.0, 2.0, 2.0, 2.0, 1.0, 2.0, 2.0, 2.0, 2.0, 3.0, 2.0, 4.0, 4.0, 2.0, 2.0, 2.0, 4.0, 3.0, 2.0, 3.0], [2.0, 4.0, 4.0, 1.0, 4.0, 3.0, 0.0, 2.0, 3.0, 3.0, 3.0, 1.0, 1.0, 5.0, 4.0, 4.0, 2.0, 2.0, 4.0, 2.0, 2.0, 4.0, 2.0, 2.0, 3.0, 1.0, 4.0, 2.0, 3.0, 4.0, 4.0, 2.0, 2.0, 2.0, 2.0, 2.0, 3.0, 4.0, 2.0, 3.0, 3.0], [2.0, 4.0, 4.0, 1.0, 4.0, 4.0, 4.0, 1.0, 3.0, 3.0, 3.0, 1.0, 3.0, 4.0, 3.0, 4.0, 4.0, 2.0, 0.0, 2.0, 2.0, 4.0, 4.0, 2.0, 3.0, 1.0, 4.0, 2.0, 3.0, 4.0, 2.0, 2.0, 2.0, 2.0, 3.0, 2.0, 3.0, 4.0, 3.0, 3.0, 3.0], [2.0, 4.0, 4.0, 3.0, 4.0, 4.0, 0.0, 1.0, 3.0, 3.0, 1.0, 1.0, 1.0, 5.0, 4.0, 4.0, 4.0, 2.0, 4.0, 2.0, 5.0, 4.0, 2.0, 2.0, 3.0, 1.0, 4.0, 2.0, 3.0, 2.0, 4.0, 2.0, 4.0, 2.0, 2.0, 2.0, 3.0, 5.0, 2.0, 2.0, 3.0], [2.0, 3.0, 4.0, 3.0, 2.0, 4.0, 0.0, 1.0, 3.0, 3.0, 1.0, 1.0, 1.0, 5.0, 4.0, 2.0, 2.0, 2.0, 4.0, 2.0, 3.0, 2.0, 2.0, 2.0, 3.0, 1.0, 4.0, 2.0, 2.0, 4.0, 2.0, 4.0, 3.0, 2.0, 3.0, 2.0, 3.0, 5.0, 2.0, 3.0, 3.0], [2.0, 2.0, 4.0, 1.0, 2.0, 1.0, 0.0, 2.0, 3.0, 3.0, 3.0, 1.0, 3.0, 4.0, 3.0, 2.0, 4.0, 2.0, 4.0, 2.0, 2.0, 4.0, 2.0, 2.0, 3.0, 1.0, 2.0, 2.0, 2.0, 4.0, 3.0, 2.0, 4.0, 4.0, 3.0, 2.0, 2.0, 2.0, 3.0, 3.0, 3.0], [2.0, 2.0, 4.0, 2.0, 4.0, 4.0, 0.0, 2.0, 3.0, 3.0, 1.0, 1.0, 3.0, 5.0, 4.0, 3.0, 4.0, 2.0, 4.0, 2.0, 2.0, 4.0, 2.0, 2.0, 2.0, 1.0, 4.0, 2.0, 2.0, 4.0, 5.0, 3.0, 4.0, 2.0, 2.0, 2.0, 3.0, 2.0, 2.0, 3.0, 3.0], [2.0, 2.0, 4.0, 1.0, 4.0, 3.0, 0.0, 2.0, 3.0, 3.0, 1.0, 3.0, 3.0, 4.0, 3.0, 4.0, 2.0, 2.0, 4.0, 2.0, 2.0, 4.0, 2.0, 2.0, 3.0, 1.0, 2.0, 2.0, 3.0, 4.0, 4.0, 2.0, 4.0, 4.0, 2.0, 3.0, 2.0, 5.0, 2.0, 3.0, 3.0], [2.0, 4.0, 4.0, 3.0, 2.0, 2.0, 0.0, 1.0, 3.0, 3.0, 1.0, 3.0, 3.0, 5.0, 4.0, 5.0, 4.0, 2.0, 0.0, 2.0, 2.0, 2.0, 4.0, 2.0, 3.0, 1.0, 4.0, 2.0, 2.0, 2.0, 2.0, 3.0, 2.0, 4.0, 3.0, 2.0, 2.0, 5.0, 2.0, 3.0, 3.0], [2.0, 4.0, 4.0, 3.0, 4.0, 4.0, 0.0, 1.0, 3.0, 3.0, 1.0, 3.0, 2.0, 5.0, 4.0, 5.0, 5.0, 2.0, 4.0, 2.0, 2.0, 4.0, 2.0, 2.0, 2.0, 1.0, 4.0, 2.0, 3.0, 4.0, 4.0, 4.0, 2.0, 2.0, 2.0, 2.0, 2.0, 5.0, 2.0, 3.0, 3.0], [2.0, 2.0, 4.0, 2.0, 4.0, 2.0, 4.0, 2.0, 3.0, 3.0, 1.0, 1.0, 1.0, 4.0, 4.0, 5.0, 4.0, 2.0, 4.0, 2.0, 3.0, 4.0, 2.0, 2.0, 3.0, 1.0, 4.0, 2.0, 3.0, 2.0, 4.0, 2.0, 2.0, 4.0, 3.0, 2.0, 2.0, 4.0, 2.0, 3.0, 3.0], [2.0, 4.0, 4.0, 3.0, 4.0, 5.0, 0.0, 2.0, 3.0, 3.0, 3.0, 3.0, 3.0, 4.0, 3.0, 4.0, 4.0, 2.0, 4.0, 2.0, 3.0, 4.0, 2.0, 3.0, 3.0, 1.0, 4.0, 2.0, 2.0, 4.0, 2.0, 2.0, 2.0, 4.0, 3.0, 2.0, 2.0, 4.0, 2.0, 3.0, 3.0], [2.0, 4.0, 2.0, 2.0, 4.0, 3.0, 0.0, 2.0, 3.0, 3.0, 1.0, 1.0, 3.0, 4.0, 3.0, 4.0, 4.0, 2.0, 4.0, 2.0, 2.0, 4.0, 2.0, 2.0, 3.0, 1.0, 4.0, 2.0, 2.0, 2.0, 4.0, 2.0, 4.0, 2.0, 2.0, 2.0, 2.0, 5.0, 2.0, 3.0, 3.0], [3.0, 4.0, 4.0, 3.0, 2.0, 4.0, 0.0, 2.0, 3.0, 3.0, 3.0, 1.0, 1.0, 4.0, 3.0, 2.0, 4.0, 2.0, 4.0, 2.0, 2.0, 4.0, 4.0, 2.0, 2.0, 1.0, 2.0, 2.0, 2.0, 4.0, 3.0, 2.0, 2.0, 4.0, 2.0, 2.0, 2.0, 2.0, 2.0, 3.0, 3.0], [2.0, 2.0, 4.0, 2.0, 2.0, 4.0, 0.0, 2.0, 3.0, 3.0, 1.0, 1.0, 3.0, 4.0, 4.0, 4.0, 4.0, 2.0, 4.0, 2.0, 2.0, 4.0, 2.0, 2.0, 3.0, 1.0, 2.0, 1.0, 2.0, 4.0, 4.0, 2.0, 4.0, 2.0, 2.0, 2.0, 2.0, 4.0, 2.0, 3.0, 3.0], [2.0, 2.0, 4.0, 2.0, 4.0, 4.0, 3.0, 2.0, 3.0, 3.0, 1.0, 3.0, 3.0, 4.0, 3.0, 5.0, 5.0, 2.0, 0.0, 2.0, 3.0, 4.0, 4.0, 2.0, 1.0, 1.0, 4.0, 2.0, 3.0, 2.0, 4.0, 2.0, 2.0, 4.0, 2.0, 2.0, 2.0, 4.0, 3.0, 3.0, 3.0], [3.0, 2.0, 4.0, 1.0, 4.0, 4.0, 0.0, 2.0, 3.0, 3.0, 1.0, 1.0, 3.0, 4.0, 4.0, 4.0, 4.0, 2.0, 4.0, 2.0, 2.0, 4.0, 2.0, 2.0, 3.0, 1.0, 4.0, 2.0, 2.0, 4.0, 2.0, 2.0, 4.0, 4.0, 2.0, 2.0, 3.0, 5.0, 2.0, 3.0, 3.0], [2.0, 2.0, 4.0, 1.0, 2.0, 5.0, 0.0, 1.0, 3.0, 3.0, 1.0, 1.0, 3.0, 4.0, 4.0, 4.0, 4.0, 2.0, 4.0, 2.0, 2.0, 4.0, 4.0, 2.0, 3.0, 1.0, 4.0, 2.0, 3.0, 4.0, 2.0, 2.0, 4.0, 4.0, 3.0, 3.0, 2.0, 4.0, 2.0, 3.0, 3.0], [2.0, 4.0, 4.0, 1.0, 4.0, 4.0, 0.0, 1.0, 3.0, 3.0, 1.0, 1.0, 1.0, 4.0, 3.0, 2.0, 2.0, 2.0, 4.0, 2.0, 2.0, 4.0, 4.0, 2.0, 3.0, 1.0, 4.0, 2.0, 2.0, 4.0, 2.0, 2.0, 4.0, 2.0, 2.0, 2.0, 2.0, 5.0, 2.0, 3.0, 3.0], [2.0, 4.0, 4.0, 2.0, 4.0, 3.0, 0.0, 1.0, 3.0, 3.0, 3.0, 3.0, 1.0, 5.0, 3.0, 4.0, 5.0, 2.0, 4.0, 2.0, 3.0, 4.0, 4.0, 2.0, 3.0, 1.0, 4.0, 2.0, 2.0, 4.0, 3.0, 2.0, 4.0, 4.0, 2.0, 2.0, 2.0, 4.0, 2.0, 3.0, 3.0], [2.0, 4.0, 4.0, 1.0, 4.0, 3.0, 0.0, 2.0, 3.0, 3.0, 1.0, 1.0, 1.0, 4.0, 4.0, 4.0, 2.0, 2.0, 4.0, 2.0, 5.0, 4.0, 4.0, 2.0, 2.0, 1.0, 4.0, 2.0, 2.0, 4.0, 2.0, 2.0, 4.0, 2.0, 2.0, 2.0, 2.0, 4.0, 2.0, 2.0, 2.0], [2.0, 4.0, 2.0, 2.0, 3.0, 3.0, 0.0, 1.0, 3.0, 3.0, 3.0, 1.0, 1.0, 4.0, 3.0, 4.0, 4.0, 2.0, 4.0, 2.0, 3.0, 4.0, 4.0, 2.0, 3.0, 1.0, 4.0, 2.0, 2.0, 2.0, 2.0, 3.0, 4.0, 2.0, 2.0, 2.0, 2.0, 4.0, 2.0, 3.0, 3.0], [3.0, 4.0, 4.0, 1.0, 4.0, 4.0, 0.0, 1.0, 3.0, 3.0, 1.0, 3.0, 3.0, 5.0, 3.0, 4.0, 3.0, 2.0, 4.0, 2.0, 2.0, 4.0, 4.0, 2.0, 2.0, 1.0, 4.0, 2.0, 3.0, 4.0, 2.0, 2.0, 4.0, 4.0, 2.0, 2.0, 3.0, 4.0, 2.0, 2.0, 3.0], [2.0, 4.0, 4.0, 2.0, 4.0, 4.0, 0.0, 1.0, 3.0, 3.0, 1.0, 3.0, 3.0, 4.0, 4.0, 2.0, 4.0, 2.0, 4.0, 2.0, 2.0, 4.0, 4.0, 2.0, 3.0, 1.0, 2.0, 2.0, 2.0, 4.0, 2.0, 2.0, 4.0, 2.0, 2.0, 2.0, 3.0, 5.0, 3.0, 3.0, 3.0]]

first layer check: Conv2d(9, 64, kernel_size=(7, 7), stride=(2, 2), padding=(3, 3), bias=False)

for model 4: mode acc: 0.26829269528388977, run mean acc: 0.3031666874885559, top-2 acc:0.5681666731834412, mode f1: 0.26829269528388977

model 4 mode preds
[1.0, 4.0, 2.0, 1.0, 4.0, 2.0, 1.0, 2.0, 2.0, 2.0, 1.0, 1.0, 1.0, 2.0, 2.0, 2.0, 2.0, 2.0, 2.0, 2.0, 2.0, 4.0, 4.0, 2.0, 1.0, 1.0, 4.0, 2.0, 2.0, 2.0, 2.0, 2.0, 4.0, 2.0, 2.0, 2.0, 2.0, 4.0, 1.0, 2.0, 2.0]

model 4 all preds
[[1.0, 4.0, 2.0, 2.0, 4.0, 2.0, 1.0, 2.0, 2.0, 1.0, 1.0, 2.0, 1.0, 4.0, 2.0, 2.0, 2.0, 2.0, 2.0, 2.0, 2.0, 4.0, 2.0, 2.0, 1.0, 1.0, 4.0, 2.0, 2.0, 2.0, 2.0, 2.0, 4.0, 2.0, 2.0, 2.0, 1.0, 4.0, 2.0, 2.0, 2.0], [1.0, 4.0, 2.0, 1.0, 4.0, 2.0, 1.0, 2.0, 2.0, 2.0, 2.0, 1.0, 1.0, 2.0, 2.0, 2.0, 2.0, 2.0, 2.0, 2.0, 2.0, 4.0, 2.0, 2.0, 2.0, 1.0, 4.0, 2.0, 2.0, 2.0, 4.0, 4.0, 4.0, 2.0, 2.0, 2.0, 2.0, 4.0, 1.0, 2.0, 2.0], [2.0, 4.0, 2.0, 1.0, 4.0, 2.0, 1.0, 2.0, 2.0, 1.0, 1.0, 1.0, 1.0, 2.0, 2.0, 4.0, 2.0, 2.0, 2.0, 2.0, 2.0, 4.0, 2.0, 2.0, 1.0, 1.0, 4.0, 2.0, 1.0, 2.0, 4.0, 2.0, 4.0, 4.0, 2.0, 2.0, 2.0, 4.0, 2.0, 2.0, 2.0], [1.0, 4.0, 2.0, 1.0, 2.0, 1.0, 1.0, 2.0, 2.0, 2.0, 1.0, 1.0, 1.0, 2.0, 2.0, 2.0, 4.0, 2.0, 2.0, 2.0, 2.0, 4.0, 4.0, 2.0, 2.0, 1.0, 2.0, 1.0, 1.0, 2.0, 2.0, 2.0, 4.0, 2.0, 2.0, 2.0, 2.0, 4.0, 2.0, 2.0, 2.0], [1.0, 4.0, 4.0, 1.0, 4.0, 2.0, 1.0, 2.0, 2.0, 2.0, 1.0, 1.0, 1.0, 4.0, 2.0, 2.0, 2.0, 2.0, 2.0, 2.0, 2.0, 4.0, 4.0, 2.0, 1.0, 1.0, 2.0, 2.0, 2.0, 2.0, 2.0, 2.0, 2.0, 2.0, 2.0, 2.0, 2.0, 2.0, 1.0, 2.0, 2.0], [1.0, 2.0, 4.0, 1.0, 4.0, 2.0, 1.0, 1.0, 2.0, 2.0, 2.0, 1.0, 1.0, 2.0, 2.0, 2.0, 2.0, 2.0, 2.0, 2.0, 2.0, 4.0, 2.0, 2.0, 1.0, 1.0, 4.0, 2.0, 2.0, 2.0, 2.0, 2.0, 4.0, 2.0, 2.0, 2.0, 1.0, 4.0, 1.0, 2.0, 2.0], [2.0, 2.0, 2.0, 1.0, 4.0, 1.0, 2.0, 2.0, 2.0, 1.0, 2.0, 1.0, 1.0, 4.0, 2.0, 2.0, 4.0, 2.0, 2.0, 2.0, 2.0, 4.0, 4.0, 2.0, 2.0, 1.0, 2.0, 2.0, 2.0, 2.0, 4.0, 2.0, 4.0, 1.0, 2.0, 2.0, 2.0, 4.0, 1.0, 2.0, 2.0], [1.0, 2.0, 2.0, 1.0, 4.0, 1.0, 1.0, 2.0, 2.0, 1.0, 1.0, 1.0, 1.0, 2.0, 2.0, 2.0, 2.0, 2.0, 2.0, 2.0, 2.0, 4.0, 2.0, 2.0, 1.0, 1.0, 4.0, 2.0, 1.0, 2.0, 2.0, 2.0, 4.0, 2.0, 2.0, 2.0, 2.0, 4.0, 1.0, 2.0, 2.0], [1.0, 4.0, 4.0, 1.0, 2.0, 2.0, 1.0, 2.0, 2.0, 1.0, 2.0, 2.0, 1.0, 4.0, 2.0, 2.0, 4.0, 2.0, 2.0, 2.0, 2.0, 4.0, 4.0, 2.0, 2.0, 1.0, 4.0, 2.0, 2.0, 2.0, 2.0, 2.0, 4.0, 2.0, 2.0, 2.0, 2.0, 4.0, 1.0, 2.0, 2.0], [1.0, 2.0, 2.0, 1.0, 2.0, 2.0, 2.0, 2.0, 2.0, 1.0, 1.0, 1.0, 1.0, 2.0, 4.0, 2.0, 2.0, 2.0, 4.0, 2.0, 2.0, 4.0, 2.0, 2.0, 1.0, 1.0, 2.0, 2.0, 2.0, 2.0, 2.0, 2.0, 2.0, 2.0, 2.0, 2.0, 2.0, 4.0, 1.0, 2.0, 2.0], [1.0, 4.0, 2.0, 1.0, 2.0, 2.0, 1.0, 2.0, 2.0, 2.0, 1.0, 1.0, 1.0, 2.0, 2.0, 2.0, 2.0, 2.0, 4.0, 2.0, 2.0, 4.0, 2.0, 2.0, 2.0, 1.0, 4.0, 2.0, 2.0, 2.0, 2.0, 2.0, 2.0, 2.0, 2.0, 2.0, 2.0, 4.0, 1.0, 2.0, 2.0], [2.0, 4.0, 4.0, 1.0, 4.0, 2.0, 1.0, 2.0, 2.0, 1.0, 1.0, 1.0, 1.0, 2.0, 2.0, 2.0, 2.0, 2.0, 2.0, 2.0, 2.0, 4.0, 4.0, 2.0, 2.0, 1.0, 2.0, 2.0, 1.0, 2.0, 4.0, 2.0, 4.0, 2.0, 2.0, 2.0, 2.0, 4.0, 2.0, 2.0, 2.0], [1.0, 2.0, 2.0, 1.0, 4.0, 2.0, 1.0, 2.0, 2.0, 2.0, 1.0, 1.0, 2.0, 4.0, 2.0, 2.0, 2.0, 2.0, 2.0, 2.0, 2.0, 2.0, 2.0, 2.0, 2.0, 1.0, 2.0, 2.0, 2.0, 2.0, 2.0, 2.0, 2.0, 2.0, 2.0, 2.0, 2.0, 4.0, 1.0, 2.0, 2.0], [1.0, 2.0, 2.0, 1.0, 4.0, 2.0, 1.0, 2.0, 2.0, 2.0, 1.0, 1.0, 1.0, 2.0, 2.0, 2.0, 4.0, 2.0, 2.0, 2.0, 2.0, 4.0, 4.0, 2.0, 1.0, 1.0, 2.0, 2.0, 1.0, 2.0, 2.0, 2.0, 2.0, 2.0, 2.0, 2.0, 2.0, 4.0, 1.0, 2.0, 2.0], [2.0, 4.0, 2.0, 1.0, 4.0, 2.0, 1.0, 2.0, 2.0, 2.0, 1.0, 1.0, 1.0, 2.0, 4.0, 2.0, 2.0, 2.0, 2.0, 2.0, 2.0, 4.0, 4.0, 2.0, 2.0, 1.0, 2.0, 2.0, 2.0, 2.0, 4.0, 4.0, 2.0, 2.0, 2.0, 2.0, 2.0, 4.0, 2.0, 2.0, 2.0], [1.0, 2.0, 4.0, 2.0, 4.0, 2.0, 1.0, 2.0, 2.0, 1.0, 1.0, 1.0, 2.0, 4.0, 2.0, 2.0, 2.0, 2.0, 2.0, 2.0, 2.0, 4.0, 4.0, 2.0, 1.0, 1.0, 2.0, 2.0, 2.0, 2.0, 2.0, 2.0, 2.0, 4.0, 2.0, 2.0, 2.0, 4.0, 1.0, 2.0, 2.0], [1.0, 2.0, 2.0, 1.0, 4.0, 2.0, 1.0, 2.0, 2.0, 1.0, 1.0, 1.0, 1.0, 4.0, 2.0, 2.0, 2.0, 2.0, 2.0, 2.0, 2.0, 2.0, 4.0, 2.0, 2.0, 1.0, 4.0, 2.0, 1.0, 2.0, 2.0, 2.0, 2.0, 2.0, 2.0, 2.0, 2.0, 4.0, 2.0, 2.0, 2.0], [2.0, 4.0, 4.0, 1.0, 4.0, 2.0, 1.0, 1.0, 2.0, 1.0, 1.0, 1.0, 1.0, 2.0, 2.0, 4.0, 4.0, 2.0, 2.0, 2.0, 2.0, 4.0, 4.0, 2.0, 1.0, 1.0, 4.0, 2.0, 2.0, 2.0, 2.0, 2.0, 4.0, 2.0, 2.0, 2.0, 1.0, 4.0, 1.0, 2.0, 2.0], [1.0, 4.0, 2.0, 1.0, 4.0, 2.0, 1.0, 2.0, 2.0, 2.0, 1.0, 1.0, 1.0, 2.0, 2.0, 2.0, 4.0, 2.0, 2.0, 2.0, 2.0, 2.0, 4.0, 2.0, 1.0, 1.0, 4.0, 2.0, 2.0, 2.0, 2.0, 2.0, 4.0, 2.0, 2.0, 2.0, 2.0, 4.0, 1.0, 2.0, 2.0], [2.0, 2.0, 2.0, 2.0, 4.0, 1.0, 2.0, 2.0, 2.0, 2.0, 1.0, 1.0, 1.0, 4.0, 2.0, 2.0, 4.0, 2.0, 4.0, 2.0, 2.0, 2.0, 4.0, 2.0, 1.0, 1.0, 2.0, 2.0, 2.0, 2.0, 2.0, 2.0, 4.0, 2.0, 2.0, 2.0, 2.0, 2.0, 1.0, 2.0, 2.0], [1.0, 2.0, 2.0, 1.0, 4.0, 2.0, 1.0, 2.0, 2.0, 1.0, 1.0, 1.0, 1.0, 4.0, 4.0, 2.0, 2.0, 2.0, 2.0, 2.0, 2.0, 4.0, 4.0, 2.0, 1.0, 1.0, 4.0, 2.0, 2.0, 2.0, 2.0, 2.0, 4.0, 2.0, 2.0, 2.0, 2.0, 4.0, 2.0, 2.0, 2.0], [1.0, 2.0, 2.0, 1.0, 4.0, 2.0, 1.0, 2.0, 2.0, 2.0, 1.0, 1.0, 1.0, 4.0, 2.0, 4.0, 4.0, 2.0, 2.0, 2.0, 2.0, 4.0, 4.0, 2.0, 2.0, 1.0, 2.0, 2.0, 2.0, 2.0, 2.0, 4.0, 4.0, 2.0, 1.0, 2.0, 2.0, 2.0, 1.0, 2.0, 2.0], [2.0, 4.0, 2.0, 1.0, 4.0, 1.0, 1.0, 2.0, 2.0, 2.0, 1.0, 1.0, 1.0, 4.0, 2.0, 2.0, 4.0, 2.0, 2.0, 2.0, 2.0, 3.0, 2.0, 2.0, 3.0, 1.0, 2.0, 2.0, 1.0, 2.0, 2.0, 2.0, 4.0, 2.0, 2.0, 2.0, 2.0, 2.0, 2.0, 2.0, 2.0], [2.0, 2.0, 4.0, 1.0, 4.0, 2.0, 1.0, 2.0, 2.0, 1.0, 1.0, 1.0, 1.0, 4.0, 2.0, 2.0, 4.0, 2.0, 2.0, 2.0, 2.0, 2.0, 4.0, 2.0, 1.0, 1.0, 4.0, 2.0, 1.0, 2.0, 2.0, 2.0, 4.0, 2.0, 2.0, 2.0, 2.0, 2.0, 1.0, 2.0, 2.0], [1.0, 4.0, 4.0, 1.0, 4.0, 2.0, 1.0, 2.0, 2.0, 2.0, 1.0, 1.0, 1.0, 4.0, 2.0, 2.0, 4.0, 2.0, 2.0, 2.0, 2.0, 4.0, 2.0, 2.0, 1.0, 1.0, 4.0, 2.0, 2.0, 2.0, 2.0, 2.0, 2.0, 2.0, 2.0, 2.0, 2.0, 2.0, 1.0, 2.0, 2.0], [2.0, 4.0, 2.0, 1.0, 4.0, 2.0, 1.0, 2.0, 2.0, 2.0, 1.0, 1.0, 1.0, 2.0, 2.0, 4.0, 4.0, 2.0, 4.0, 2.0, 2.0, 4.0, 2.0, 2.0, 2.0, 1.0, 4.0, 2.0, 1.0, 2.0, 4.0, 4.0, 1.0, 2.0, 2.0, 2.0, 2.0, 2.0, 1.0, 2.0, 2.0], [1.0, 4.0, 2.0, 1.0, 4.0, 2.0, 1.0, 1.0, 2.0, 1.0, 1.0, 1.0, 1.0, 2.0, 2.0, 2.0, 2.0, 2.0, 2.0, 2.0, 2.0, 4.0, 2.0, 2.0, 2.0, 1.0, 2.0, 2.0, 2.0, 2.0, 2.0, 2.0, 2.0, 2.0, 2.0, 2.0, 2.0, 4.0, 1.0, 2.0, 2.0], [1.0, 2.0, 2.0, 1.0, 2.0, 1.0, 1.0, 2.0, 2.0, 2.0, 1.0, 1.0, 1.0, 2.0, 2.0, 2.0, 2.0, 2.0, 2.0, 2.0, 2.0, 4.0, 2.0, 2.0, 2.0, 1.0, 4.0, 2.0, 1.0, 2.0, 2.0, 4.0, 4.0, 2.0, 2.0, 2.0, 2.0, 4.0, 1.0, 2.0, 2.0], [1.0, 2.0, 2.0, 1.0, 4.0, 2.0, 1.0, 2.0, 2.0, 2.0, 1.0, 1.0, 1.0, 2.0, 2.0, 4.0, 2.0, 2.0, 2.0, 2.0, 2.0, 4.0, 4.0, 2.0, 2.0, 1.0, 4.0, 2.0, 1.0, 2.0, 2.0, 2.0, 2.0, 2.0, 2.0, 2.0, 2.0, 2.0, 1.0, 2.0, 2.0], [1.0, 2.0, 2.0, 1.0, 4.0, 1.0, 1.0, 2.0, 2.0, 2.0, 1.0, 1.0, 1.0, 2.0, 2.0, 2.0, 4.0, 2.0, 2.0, 2.0, 2.0, 4.0, 4.0, 2.0, 2.0, 1.0, 2.0, 2.0, 2.0, 2.0, 2.0, 2.0, 2.0, 2.0, 2.0, 2.0, 2.0, 4.0, 2.0, 2.0, 2.0], [2.0, 4.0, 2.0, 1.0, 2.0, 2.0, 1.0, 2.0, 2.0, 1.0, 2.0, 1.0, 1.0, 4.0, 2.0, 2.0, 2.0, 2.0, 2.0, 2.0, 2.0, 4.0, 4.0, 2.0, 1.0, 1.0, 4.0, 1.0, 2.0, 2.0, 2.0, 2.0, 2.0, 2.0, 2.0, 2.0, 2.0, 4.0, 1.0, 2.0, 2.0], [1.0, 4.0, 4.0, 1.0, 4.0, 2.0, 1.0, 2.0, 2.0, 1.0, 1.0, 1.0, 1.0, 2.0, 2.0, 2.0, 2.0, 2.0, 2.0, 2.0, 2.0, 4.0, 2.0, 2.0, 2.0, 1.0, 4.0, 2.0, 2.0, 2.0, 2.0, 2.0, 2.0, 2.0, 2.0, 2.0, 2.0, 2.0, 1.0, 2.0, 2.0], [1.0, 2.0, 2.0, 1.0, 4.0, 2.0, 1.0, 2.0, 2.0, 2.0, 1.0, 1.0, 1.0, 2.0, 2.0, 4.0, 2.0, 2.0, 2.0, 2.0, 2.0, 4.0, 2.0, 2.0, 1.0, 1.0, 4.0, 2.0, 1.0, 2.0, 2.0, 2.0, 4.0, 2.0, 2.0, 2.0, 2.0, 2.0, 2.0, 2.0, 2.0], [1.0, 2.0, 2.0, 1.0, 4.0, 2.0, 1.0, 2.0, 2.0, 1.0, 1.0, 1.0, 1.0, 4.0, 2.0, 2.0, 4.0, 2.0, 2.0, 2.0, 2.0, 4.0, 2.0, 2.0, 1.0, 1.0, 4.0, 2.0, 2.0, 2.0, 4.0, 2.0, 2.0, 1.0, 2.0, 2.0, 2.0, 2.0, 2.0, 2.0, 2.0], [1.0, 2.0, 2.0, 1.0, 4.0, 2.0, 1.0, 1.0, 2.0, 1.0, 1.0, 1.0, 1.0, 2.0, 2.0, 2.0, 2.0, 2.0, 2.0, 2.0, 2.0, 4.0, 4.0, 2.0, 1.0, 1.0, 4.0, 2.0, 2.0, 2.0, 4.0, 2.0, 4.0, 2.0, 2.0, 2.0, 2.0, 4.0, 1.0, 2.0, 2.0], [1.0, 2.0, 2.0, 1.0, 4.0, 1.0, 1.0, 2.0, 2.0, 1.0, 1.0, 1.0, 1.0, 2.0, 2.0, 2.0, 4.0, 2.0, 2.0, 2.0, 2.0, 2.0, 4.0, 2.0, 2.0, 1.0, 4.0, 2.0, 2.0, 2.0, 2.0, 2.0, 4.0, 2.0, 2.0, 2.0, 2.0, 4.0, 2.0, 2.0, 2.0], [1.0, 4.0, 4.0, 2.0, 4.0, 2.0, 1.0, 1.0, 2.0, 2.0, 1.0, 2.0, 1.0, 2.0, 2.0, 2.0, 2.0, 2.0, 2.0, 2.0, 2.0, 4.0, 4.0, 2.0, 2.0, 1.0, 4.0, 2.0, 2.0, 2.0, 2.0, 2.0, 4.0, 2.0, 2.0, 2.0, 2.0, 4.0, 2.0, 2.0, 2.0], [1.0, 4.0, 4.0, 1.0, 4.0, 2.0, 1.0, 2.0, 2.0, 2.0, 1.0, 1.0, 1.0, 2.0, 2.0, 2.0, 4.0, 2.0, 4.0, 2.0, 2.0, 4.0, 4.0, 2.0, 1.0, 1.0, 2.0, 2.0, 1.0, 2.0, 2.0, 2.0, 4.0, 2.0, 2.0, 2.0, 2.0, 2.0, 1.0, 2.0, 2.0], [1.0, 4.0, 2.0, 1.0, 2.0, 2.0, 1.0, 1.0, 2.0, 2.0, 1.0, 1.0, 1.0, 2.0, 2.0, 2.0, 4.0, 2.0, 2.0, 2.0, 2.0, 4.0, 4.0, 2.0, 1.0, 1.0, 4.0, 2.0, 1.0, 2.0, 4.0, 2.0, 2.0, 2.0, 2.0, 2.0, 2.0, 2.0, 2.0, 2.0, 2.0], [1.0, 4.0, 2.0, 1.0, 2.0, 2.0, 1.0, 2.0, 2.0, 1.0, 2.0, 2.0, 1.0, 2.0, 2.0, 2.0, 4.0, 2.0, 4.0, 2.0, 2.0, 4.0, 4.0, 2.0, 2.0, 1.0, 2.0, 2.0, 2.0, 2.0, 2.0, 2.0, 2.0, 2.0, 2.0, 2.0, 2.0, 2.0, 1.0, 2.0, 2.0], [1.0, 4.0, 2.0, 2.0, 4.0, 1.0, 1.0, 1.0, 2.0, 2.0, 1.0, 1.0, 1.0, 4.0, 2.0, 2.0, 2.0, 2.0, 4.0, 2.0, 2.0, 2.0, 4.0, 2.0, 1.0, 1.0, 4.0, 2.0, 1.0, 2.0, 4.0, 2.0, 4.0, 2.0, 2.0, 2.0, 2.0, 4.0, 2.0, 2.0, 2.0], [1.0, 4.0, 4.0, 1.0, 4.0, 1.0, 1.0, 2.0, 2.0, 2.0, 1.0, 1.0, 1.0, 2.0, 2.0, 2.0, 2.0, 2.0, 2.0, 2.0, 2.0, 2.0, 2.0, 2.0, 1.0, 1.0, 2.0, 2.0, 1.0, 2.0, 2.0, 2.0, 4.0, 2.0, 2.0, 2.0, 1.0, 4.0, 1.0, 2.0, 2.0], [1.0, 2.0, 2.0, 1.0, 4.0, 2.0, 1.0, 2.0, 2.0, 1.0, 1.0, 1.0, 1.0, 4.0, 2.0, 2.0, 2.0, 2.0, 2.0, 2.0, 2.0, 4.0, 4.0, 2.0, 1.0, 1.0, 2.0, 2.0, 1.0, 2.0, 2.0, 2.0, 2.0, 4.0, 2.0, 2.0, 2.0, 4.0, 1.0, 2.0, 2.0], [1.0, 2.0, 4.0, 1.0, 4.0, 1.0, 1.0, 2.0, 2.0, 1.0, 1.0, 1.0, 1.0, 2.0, 2.0, 2.0, 4.0, 2.0, 2.0, 2.0, 2.0, 4.0, 2.0, 2.0, 2.0, 1.0, 4.0, 2.0, 2.0, 2.0, 4.0, 4.0, 2.0, 2.0, 2.0, 2.0, 2.0, 2.0, 1.0, 2.0, 2.0], [1.0, 2.0, 2.0, 1.0, 4.0, 2.0, 1.0, 2.0, 2.0, 1.0, 1.0, 1.0, 1.0, 4.0, 2.0, 4.0, 2.0, 2.0, 2.0, 2.0, 2.0, 4.0, 2.0, 2.0, 1.0, 1.0, 4.0, 2.0, 1.0, 2.0, 2.0, 2.0, 4.0, 2.0, 2.0, 2.0, 2.0, 4.0, 2.0, 2.0, 2.0], [2.0, 4.0, 2.0, 1.0, 4.0, 2.0, 1.0, 2.0, 2.0, 2.0, 1.0, 1.0, 1.0, 4.0, 2.0, 4.0, 4.0, 2.0, 4.0, 2.0, 2.0, 4.0, 2.0, 2.0, 2.0, 1.0, 2.0, 2.0, 2.0, 2.0, 2.0, 2.0, 2.0, 2.0, 2.0, 2.0, 2.0, 2.0, 1.0, 2.0, 2.0], [1.0, 4.0, 2.0, 1.0, 2.0, 1.0, 1.0, 2.0, 2.0, 2.0, 2.0, 1.0, 1.0, 4.0, 2.0, 2.0, 2.0, 2.0, 2.0, 2.0, 2.0, 4.0, 2.0, 2.0, 1.0, 1.0, 4.0, 2.0, 1.0, 2.0, 2.0, 2.0, 4.0, 4.0, 2.0, 2.0, 2.0, 4.0, 1.0, 2.0, 2.0], [1.0, 4.0, 2.0, 1.0, 4.0, 2.0, 1.0, 2.0, 2.0, 1.0, 1.0, 1.0, 1.0, 2.0, 2.0, 2.0, 2.0, 2.0, 2.0, 2.0, 2.0, 4.0, 4.0, 2.0, 1.0, 1.0, 4.0, 2.0, 2.0, 2.0, 4.0, 2.0, 2.0, 2.0, 2.0, 2.0, 2.0, 2.0, 1.0, 2.0, 2.0], [1.0, 4.0, 2.0, 1.0, 4.0, 2.0, 1.0, 2.0, 2.0, 1.0, 1.0, 1.0, 1.0, 2.0, 2.0, 2.0, 2.0, 2.0, 2.0, 2.0, 2.0, 4.0, 4.0, 2.0, 2.0, 1.0, 4.0, 2.0, 1.0, 2.0, 2.0, 2.0, 2.0, 2.0, 2.0, 2.0, 2.0, 4.0, 1.0, 2.0, 2.0], [1.0, 2.0, 4.0, 1.0, 4.0, 2.0, 1.0, 2.0, 2.0, 2.0, 1.0, 1.0, 1.0, 4.0, 2.0, 2.0, 4.0, 2.0, 2.0, 2.0, 2.0, 4.0, 2.0, 2.0, 1.0, 1.0, 4.0, 2.0, 2.0, 2.0, 2.0, 2.0, 2.0, 2.0, 2.0, 2.0, 2.0, 4.0, 1.0, 2.0, 2.0]]

