first layer check: Conv2d(9, 64, kernel_size=(7, 7), stride=(2, 2), padding=(3, 3), bias=False)

target ys
[6.0, 3.0, 2.0, 2.0, 6.0, 3.0, 6.0, 1.0, 5.0, 3.0, 5.0, 4.0, 3.0, 1.0, 6.0, 2.0, 1.0, 4.0, 2.0, 2.0, 4.0, 4.0, 2.0, 3.0, 6.0, 1.0, 2.0, 2.0, 2.0, 5.0, 5.0, 4.0, 2.0, 2.0, 4.0, 4.0, 6.0, 2.0, 2.0]

for model 0: mode acc: 0.5128205418586731, run mean acc: 0.5958333015441895, top-2 acc:0.7816666960716248, mode f1: 0.5128205418586731

model 0 mode preds
[6.0, 2.0, 2.0, 2.0, 6.0, 2.0, 5.0, 1.0, 2.0, 2.0, 3.0, 3.0, 2.0, 2.0, 6.0, 2.0, 2.0, 5.0, 2.0, 2.0, 3.0, 2.0, 2.0, 2.0, 6.0, 2.0, 2.0, 2.0, 2.0, 2.0, 5.0, 2.0, 2.0, 2.0, 6.0, 3.0, 6.0, 2.0, 2.0]

model 0 all preds
[[5.0, 2.0, 2.0, 2.0, 6.0, 3.0, 6.0, 1.0, 2.0, 2.0, 2.0, 6.0, 2.0, 2.0, 6.0, 2.0, 2.0, 5.0, 2.0, 2.0, 5.0, 2.0, 2.0, 2.0, 5.0, 2.0, 2.0, 2.0, 2.0, 3.0, 6.0, 2.0, 2.0, 2.0, 6.0, 3.0, 6.0, 2.0, 2.0], [6.0, 2.0, 2.0, 2.0, 5.0, 2.0, 3.0, 1.0, 2.0, 2.0, 3.0, 5.0, 2.0, 2.0, 6.0, 2.0, 2.0, 3.0, 2.0, 2.0, 2.0, 2.0, 2.0, 2.0, 6.0, 2.0, 2.0, 2.0, 2.0, 2.0, 5.0, 2.0, 2.0, 2.0, 6.0, 2.0, 6.0, 2.0, 2.0], [6.0, 2.0, 2.0, 1.0, 6.0, 2.0, 6.0, 1.0, 2.0, 2.0, 4.0, 5.0, 2.0, 2.0, 6.0, 2.0, 2.0, 3.0, 2.0, 2.0, 3.0, 2.0, 2.0, 2.0, 6.0, 2.0, 2.0, 2.0, 2.0, 2.0, 5.0, 2.0, 2.0, 2.0, 6.0, 3.0, 6.0, 2.0, 2.0], [6.0, 2.0, 2.0, 2.0, 6.0, 2.0, 6.0, 1.0, 2.0, 2.0, 2.0, 3.0, 3.0, 2.0, 6.0, 2.0, 2.0, 6.0, 2.0, 2.0, 3.0, 2.0, 2.0, 2.0, 6.0, 2.0, 2.0, 2.0, 2.0, 2.0, 6.0, 2.0, 2.0, 2.0, 6.0, 4.0, 6.0, 2.0, 2.0], [6.0, 2.0, 2.0, 2.0, 5.0, 2.0, 3.0, 2.0, 2.0, 2.0, 4.0, 3.0, 2.0, 2.0, 6.0, 2.0, 2.0, 3.0, 2.0, 2.0, 3.0, 2.0, 2.0, 2.0, 6.0, 2.0, 2.0, 2.0, 2.0, 3.0, 5.0, 2.0, 2.0, 2.0, 6.0, 3.0, 6.0, 2.0, 2.0], [6.0, 2.0, 2.0, 2.0, 6.0, 2.0, 6.0, 2.0, 2.0, 2.0, 2.0, 5.0, 3.0, 2.0, 6.0, 2.0, 2.0, 3.0, 2.0, 2.0, 5.0, 2.0, 2.0, 2.0, 6.0, 2.0, 2.0, 2.0, 2.0, 2.0, 6.0, 2.0, 2.0, 2.0, 6.0, 3.0, 6.0, 2.0, 2.0], [6.0, 2.0, 2.0, 1.0, 6.0, 2.0, 6.0, 1.0, 2.0, 2.0, 3.0, 3.0, 2.0, 2.0, 6.0, 2.0, 2.0, 6.0, 2.0, 2.0, 4.0, 2.0, 2.0, 2.0, 6.0, 2.0, 2.0, 2.0, 2.0, 2.0, 5.0, 2.0, 2.0, 2.0, 6.0, 4.0, 6.0, 2.0, 2.0], [5.0, 2.0, 2.0, 2.0, 6.0, 2.0, 3.0, 1.0, 2.0, 2.0, 3.0, 3.0, 2.0, 2.0, 6.0, 2.0, 2.0, 5.0, 2.0, 2.0, 3.0, 2.0, 2.0, 2.0, 6.0, 2.0, 2.0, 2.0, 2.0, 3.0, 6.0, 2.0, 2.0, 2.0, 6.0, 3.0, 6.0, 2.0, 2.0], [6.0, 2.0, 2.0, 2.0, 6.0, 2.0, 6.0, 2.0, 2.0, 2.0, 3.0, 3.0, 2.0, 2.0, 6.0, 2.0, 2.0, 3.0, 2.0, 2.0, 3.0, 2.0, 2.0, 2.0, 6.0, 1.0, 2.0, 2.0, 2.0, 2.0, 6.0, 2.0, 2.0, 2.0, 6.0, 3.0, 6.0, 2.0, 2.0], [6.0, 2.0, 2.0, 2.0, 5.0, 2.0, 5.0, 2.0, 2.0, 2.0, 2.0, 5.0, 2.0, 2.0, 6.0, 2.0, 2.0, 5.0, 2.0, 2.0, 5.0, 2.0, 2.0, 2.0, 6.0, 2.0, 2.0, 2.0, 2.0, 3.0, 5.0, 2.0, 2.0, 2.0, 6.0, 3.0, 6.0, 2.0, 2.0], [6.0, 2.0, 2.0, 1.0, 6.0, 2.0, 5.0, 2.0, 2.0, 2.0, 3.0, 3.0, 2.0, 2.0, 6.0, 2.0, 2.0, 6.0, 2.0, 2.0, 5.0, 2.0, 2.0, 2.0, 6.0, 2.0, 2.0, 2.0, 2.0, 2.0, 5.0, 2.0, 2.0, 2.0, 6.0, 4.0, 6.0, 2.0, 2.0], [6.0, 2.0, 2.0, 2.0, 6.0, 2.0, 3.0, 1.0, 2.0, 2.0, 3.0, 5.0, 2.0, 2.0, 6.0, 2.0, 2.0, 5.0, 2.0, 2.0, 3.0, 2.0, 2.0, 2.0, 6.0, 1.0, 2.0, 2.0, 2.0, 3.0, 5.0, 2.0, 2.0, 2.0, 4.0, 3.0, 6.0, 2.0, 2.0], [6.0, 2.0, 2.0, 2.0, 5.0, 2.0, 5.0, 2.0, 2.0, 2.0, 3.0, 5.0, 2.0, 2.0, 6.0, 2.0, 2.0, 3.0, 2.0, 2.0, 3.0, 2.0, 2.0, 2.0, 6.0, 1.0, 2.0, 2.0, 2.0, 5.0, 6.0, 2.0, 2.0, 2.0, 6.0, 2.0, 6.0, 2.0, 2.0], [6.0, 2.0, 2.0, 2.0, 6.0, 2.0, 5.0, 2.0, 2.0, 2.0, 2.0, 3.0, 3.0, 2.0, 6.0, 2.0, 2.0, 6.0, 2.0, 2.0, 3.0, 2.0, 2.0, 2.0, 6.0, 1.0, 2.0, 2.0, 2.0, 3.0, 5.0, 2.0, 2.0, 2.0, 6.0, 4.0, 6.0, 2.0, 2.0], [5.0, 2.0, 2.0, 2.0, 6.0, 2.0, 5.0, 1.0, 2.0, 2.0, 2.0, 5.0, 2.0, 2.0, 6.0, 2.0, 2.0, 5.0, 2.0, 2.0, 4.0, 2.0, 2.0, 3.0, 6.0, 2.0, 2.0, 2.0, 2.0, 2.0, 6.0, 2.0, 2.0, 2.0, 6.0, 4.0, 6.0, 2.0, 2.0], [6.0, 2.0, 2.0, 2.0, 6.0, 2.0, 5.0, 1.0, 2.0, 2.0, 2.0, 5.0, 2.0, 2.0, 6.0, 2.0, 2.0, 5.0, 2.0, 2.0, 4.0, 2.0, 2.0, 2.0, 6.0, 2.0, 2.0, 2.0, 2.0, 5.0, 5.0, 2.0, 2.0, 2.0, 6.0, 3.0, 6.0, 2.0, 2.0], [6.0, 2.0, 2.0, 1.0, 6.0, 2.0, 5.0, 1.0, 2.0, 2.0, 3.0, 5.0, 2.0, 2.0, 5.0, 2.0, 2.0, 5.0, 2.0, 2.0, 2.0, 2.0, 2.0, 2.0, 6.0, 2.0, 2.0, 2.0, 2.0, 2.0, 3.0, 2.0, 2.0, 2.0, 6.0, 2.0, 6.0, 2.0, 2.0], [6.0, 2.0, 2.0, 2.0, 6.0, 2.0, 5.0, 1.0, 2.0, 2.0, 3.0, 5.0, 2.0, 2.0, 6.0, 2.0, 2.0, 5.0, 2.0, 2.0, 3.0, 2.0, 2.0, 2.0, 6.0, 2.0, 2.0, 2.0, 2.0, 2.0, 3.0, 2.0, 2.0, 2.0, 5.0, 3.0, 6.0, 2.0, 2.0], [6.0, 2.0, 2.0, 2.0, 3.0, 2.0, 5.0, 2.0, 2.0, 2.0, 3.0, 5.0, 2.0, 2.0, 6.0, 2.0, 2.0, 5.0, 2.0, 2.0, 3.0, 2.0, 2.0, 2.0, 6.0, 2.0, 2.0, 2.0, 2.0, 2.0, 5.0, 2.0, 2.0, 2.0, 6.0, 3.0, 6.0, 2.0, 2.0], [6.0, 2.0, 2.0, 2.0, 5.0, 2.0, 6.0, 1.0, 2.0, 2.0, 2.0, 3.0, 2.0, 2.0, 6.0, 2.0, 2.0, 5.0, 2.0, 2.0, 5.0, 2.0, 2.0, 2.0, 6.0, 2.0, 2.0, 2.0, 2.0, 2.0, 6.0, 2.0, 2.0, 2.0, 6.0, 2.0, 6.0, 2.0, 2.0], [6.0, 2.0, 2.0, 2.0, 6.0, 2.0, 6.0, 2.0, 2.0, 2.0, 2.0, 5.0, 3.0, 2.0, 6.0, 2.0, 2.0, 6.0, 2.0, 2.0, 3.0, 2.0, 2.0, 2.0, 6.0, 2.0, 2.0, 2.0, 2.0, 5.0, 6.0, 2.0, 2.0, 2.0, 5.0, 3.0, 6.0, 2.0, 2.0], [6.0, 2.0, 2.0, 2.0, 6.0, 3.0, 6.0, 1.0, 2.0, 2.0, 3.0, 5.0, 3.0, 2.0, 6.0, 2.0, 2.0, 5.0, 2.0, 2.0, 3.0, 2.0, 2.0, 2.0, 6.0, 2.0, 2.0, 2.0, 2.0, 3.0, 3.0, 2.0, 2.0, 2.0, 6.0, 3.0, 6.0, 2.0, 2.0], [6.0, 2.0, 2.0, 2.0, 6.0, 2.0, 6.0, 2.0, 2.0, 2.0, 2.0, 3.0, 3.0, 2.0, 6.0, 2.0, 2.0, 5.0, 2.0, 2.0, 3.0, 2.0, 2.0, 2.0, 6.0, 2.0, 2.0, 2.0, 2.0, 3.0, 5.0, 2.0, 2.0, 2.0, 6.0, 4.0, 6.0, 2.0, 2.0], [6.0, 2.0, 2.0, 2.0, 5.0, 2.0, 5.0, 1.0, 2.0, 2.0, 3.0, 5.0, 2.0, 2.0, 5.0, 2.0, 2.0, 5.0, 2.0, 2.0, 3.0, 2.0, 2.0, 2.0, 6.0, 2.0, 2.0, 2.0, 2.0, 2.0, 5.0, 2.0, 2.0, 2.0, 6.0, 3.0, 6.0, 2.0, 2.0], [6.0, 2.0, 2.0, 2.0, 5.0, 2.0, 5.0, 2.0, 2.0, 2.0, 3.0, 3.0, 2.0, 2.0, 6.0, 2.0, 2.0, 3.0, 2.0, 2.0, 3.0, 2.0, 2.0, 2.0, 6.0, 2.0, 2.0, 2.0, 2.0, 2.0, 5.0, 2.0, 2.0, 2.0, 6.0, 3.0, 6.0, 2.0, 2.0], [6.0, 2.0, 2.0, 2.0, 5.0, 2.0, 5.0, 1.0, 2.0, 2.0, 2.0, 5.0, 2.0, 2.0, 6.0, 2.0, 2.0, 5.0, 2.0, 2.0, 5.0, 2.0, 2.0, 2.0, 6.0, 2.0, 2.0, 2.0, 2.0, 5.0, 6.0, 2.0, 2.0, 2.0, 6.0, 3.0, 6.0, 2.0, 2.0], [6.0, 2.0, 2.0, 1.0, 6.0, 2.0, 3.0, 1.0, 2.0, 2.0, 3.0, 3.0, 2.0, 2.0, 6.0, 2.0, 2.0, 5.0, 2.0, 2.0, 3.0, 2.0, 2.0, 2.0, 6.0, 2.0, 2.0, 2.0, 2.0, 3.0, 3.0, 2.0, 2.0, 2.0, 6.0, 3.0, 6.0, 2.0, 2.0], [6.0, 2.0, 2.0, 2.0, 6.0, 2.0, 5.0, 1.0, 2.0, 2.0, 2.0, 5.0, 2.0, 2.0, 6.0, 2.0, 2.0, 5.0, 2.0, 2.0, 5.0, 2.0, 2.0, 3.0, 6.0, 1.0, 2.0, 2.0, 2.0, 2.0, 6.0, 2.0, 2.0, 2.0, 6.0, 3.0, 6.0, 2.0, 2.0], [6.0, 2.0, 2.0, 2.0, 5.0, 2.0, 6.0, 2.0, 2.0, 2.0, 3.0, 3.0, 3.0, 2.0, 6.0, 2.0, 2.0, 5.0, 2.0, 2.0, 3.0, 2.0, 2.0, 2.0, 6.0, 1.0, 2.0, 2.0, 2.0, 2.0, 5.0, 2.0, 2.0, 2.0, 5.0, 3.0, 6.0, 2.0, 2.0], [6.0, 2.0, 2.0, 2.0, 6.0, 2.0, 5.0, 2.0, 2.0, 2.0, 3.0, 3.0, 2.0, 2.0, 6.0, 2.0, 2.0, 5.0, 2.0, 2.0, 5.0, 2.0, 2.0, 2.0, 6.0, 1.0, 2.0, 2.0, 2.0, 3.0, 3.0, 2.0, 2.0, 2.0, 6.0, 2.0, 6.0, 2.0, 2.0], [5.0, 2.0, 2.0, 1.0, 6.0, 2.0, 5.0, 1.0, 2.0, 2.0, 3.0, 3.0, 2.0, 2.0, 6.0, 2.0, 2.0, 3.0, 2.0, 2.0, 3.0, 2.0, 2.0, 2.0, 6.0, 2.0, 2.0, 2.0, 2.0, 3.0, 5.0, 2.0, 2.0, 2.0, 6.0, 4.0, 6.0, 2.0, 2.0], [6.0, 2.0, 2.0, 2.0, 6.0, 2.0, 5.0, 1.0, 2.0, 2.0, 3.0, 3.0, 2.0, 2.0, 6.0, 2.0, 2.0, 3.0, 2.0, 2.0, 5.0, 2.0, 2.0, 2.0, 6.0, 1.0, 2.0, 2.0, 2.0, 2.0, 6.0, 2.0, 2.0, 2.0, 6.0, 2.0, 6.0, 2.0, 2.0], [6.0, 2.0, 2.0, 2.0, 6.0, 2.0, 6.0, 2.0, 2.0, 2.0, 3.0, 3.0, 2.0, 2.0, 6.0, 2.0, 2.0, 5.0, 2.0, 2.0, 5.0, 2.0, 2.0, 2.0, 6.0, 2.0, 2.0, 2.0, 2.0, 2.0, 6.0, 2.0, 2.0, 2.0, 6.0, 3.0, 6.0, 2.0, 2.0], [6.0, 2.0, 2.0, 2.0, 6.0, 2.0, 3.0, 1.0, 2.0, 2.0, 2.0, 3.0, 2.0, 2.0, 6.0, 2.0, 2.0, 5.0, 2.0, 2.0, 3.0, 2.0, 2.0, 2.0, 6.0, 2.0, 2.0, 2.0, 2.0, 3.0, 5.0, 2.0, 2.0, 2.0, 6.0, 3.0, 6.0, 2.0, 2.0], [5.0, 2.0, 2.0, 2.0, 5.0, 2.0, 5.0, 2.0, 2.0, 2.0, 2.0, 5.0, 2.0, 2.0, 5.0, 2.0, 2.0, 5.0, 2.0, 2.0, 4.0, 2.0, 2.0, 2.0, 6.0, 1.0, 2.0, 2.0, 2.0, 2.0, 5.0, 2.0, 2.0, 2.0, 6.0, 3.0, 6.0, 2.0, 2.0], [6.0, 2.0, 2.0, 2.0, 5.0, 2.0, 3.0, 1.0, 2.0, 2.0, 2.0, 3.0, 2.0, 2.0, 6.0, 2.0, 2.0, 5.0, 2.0, 2.0, 3.0, 2.0, 2.0, 2.0, 6.0, 2.0, 2.0, 2.0, 2.0, 3.0, 5.0, 2.0, 2.0, 2.0, 6.0, 4.0, 6.0, 2.0, 2.0], [6.0, 2.0, 2.0, 2.0, 6.0, 3.0, 5.0, 1.0, 2.0, 2.0, 3.0, 5.0, 3.0, 2.0, 6.0, 2.0, 2.0, 6.0, 2.0, 2.0, 3.0, 2.0, 2.0, 2.0, 5.0, 2.0, 2.0, 2.0, 2.0, 2.0, 6.0, 2.0, 2.0, 2.0, 6.0, 3.0, 6.0, 2.0, 2.0], [6.0, 2.0, 2.0, 2.0, 6.0, 2.0, 5.0, 2.0, 2.0, 2.0, 3.0, 3.0, 2.0, 2.0, 6.0, 2.0, 2.0, 3.0, 2.0, 2.0, 3.0, 2.0, 2.0, 3.0, 6.0, 2.0, 2.0, 2.0, 2.0, 2.0, 6.0, 2.0, 2.0, 2.0, 6.0, 3.0, 6.0, 2.0, 2.0], [5.0, 2.0, 2.0, 1.0, 6.0, 2.0, 6.0, 1.0, 2.0, 2.0, 4.0, 3.0, 3.0, 2.0, 6.0, 2.0, 2.0, 5.0, 2.0, 2.0, 4.0, 2.0, 2.0, 2.0, 6.0, 2.0, 2.0, 2.0, 2.0, 3.0, 6.0, 2.0, 2.0, 2.0, 5.0, 3.0, 6.0, 2.0, 2.0], [6.0, 2.0, 2.0, 2.0, 6.0, 2.0, 6.0, 2.0, 2.0, 2.0, 3.0, 3.0, 2.0, 2.0, 6.0, 2.0, 2.0, 5.0, 2.0, 2.0, 3.0, 2.0, 2.0, 2.0, 6.0, 2.0, 2.0, 2.0, 2.0, 2.0, 3.0, 2.0, 2.0, 2.0, 6.0, 3.0, 6.0, 2.0, 2.0], [6.0, 2.0, 2.0, 2.0, 6.0, 2.0, 6.0, 1.0, 2.0, 2.0, 3.0, 3.0, 2.0, 2.0, 6.0, 2.0, 2.0, 3.0, 2.0, 2.0, 5.0, 2.0, 2.0, 3.0, 6.0, 2.0, 2.0, 2.0, 2.0, 3.0, 5.0, 2.0, 2.0, 2.0, 6.0, 3.0, 6.0, 2.0, 2.0], [6.0, 2.0, 2.0, 2.0, 6.0, 2.0, 5.0, 2.0, 2.0, 2.0, 3.0, 5.0, 3.0, 2.0, 6.0, 2.0, 2.0, 5.0, 2.0, 2.0, 5.0, 2.0, 2.0, 2.0, 6.0, 2.0, 2.0, 2.0, 2.0, 2.0, 5.0, 2.0, 2.0, 2.0, 6.0, 2.0, 6.0, 2.0, 2.0], [6.0, 2.0, 2.0, 2.0, 6.0, 2.0, 3.0, 2.0, 2.0, 2.0, 3.0, 3.0, 3.0, 2.0, 6.0, 2.0, 2.0, 5.0, 2.0, 2.0, 3.0, 2.0, 2.0, 2.0, 6.0, 2.0, 2.0, 2.0, 2.0, 2.0, 5.0, 2.0, 2.0, 2.0, 6.0, 3.0, 6.0, 2.0, 2.0], [3.0, 2.0, 2.0, 1.0, 3.0, 2.0, 5.0, 2.0, 2.0, 2.0, 3.0, 3.0, 2.0, 2.0, 6.0, 2.0, 2.0, 5.0, 2.0, 2.0, 3.0, 2.0, 2.0, 2.0, 6.0, 2.0, 2.0, 2.0, 2.0, 3.0, 3.0, 2.0, 2.0, 2.0, 6.0, 3.0, 6.0, 2.0, 2.0], [6.0, 2.0, 2.0, 2.0, 5.0, 2.0, 6.0, 2.0, 2.0, 2.0, 2.0, 3.0, 3.0, 2.0, 6.0, 2.0, 2.0, 5.0, 2.0, 2.0, 3.0, 2.0, 2.0, 2.0, 6.0, 1.0, 2.0, 2.0, 2.0, 2.0, 5.0, 2.0, 2.0, 2.0, 6.0, 2.0, 6.0, 2.0, 2.0], [6.0, 2.0, 2.0, 2.0, 6.0, 2.0, 5.0, 2.0, 2.0, 2.0, 2.0, 3.0, 2.0, 2.0, 6.0, 2.0, 2.0, 5.0, 2.0, 2.0, 3.0, 2.0, 2.0, 3.0, 6.0, 2.0, 2.0, 2.0, 2.0, 2.0, 5.0, 2.0, 2.0, 2.0, 6.0, 2.0, 6.0, 2.0, 2.0], [5.0, 2.0, 2.0, 2.0, 6.0, 2.0, 5.0, 1.0, 2.0, 2.0, 3.0, 5.0, 2.0, 2.0, 6.0, 2.0, 2.0, 6.0, 2.0, 2.0, 4.0, 2.0, 2.0, 3.0, 6.0, 2.0, 2.0, 2.0, 2.0, 3.0, 3.0, 2.0, 2.0, 2.0, 6.0, 3.0, 6.0, 2.0, 2.0], [6.0, 2.0, 2.0, 2.0, 6.0, 2.0, 5.0, 2.0, 2.0, 2.0, 3.0, 5.0, 2.0, 2.0, 6.0, 2.0, 2.0, 5.0, 2.0, 2.0, 3.0, 2.0, 2.0, 2.0, 6.0, 2.0, 2.0, 2.0, 2.0, 2.0, 5.0, 2.0, 2.0, 2.0, 6.0, 2.0, 6.0, 2.0, 2.0], [6.0, 2.0, 2.0, 1.0, 6.0, 2.0, 5.0, 2.0, 2.0, 2.0, 3.0, 5.0, 2.0, 2.0, 6.0, 2.0, 2.0, 3.0, 2.0, 2.0, 5.0, 2.0, 2.0, 2.0, 6.0, 2.0, 2.0, 2.0, 2.0, 3.0, 6.0, 2.0, 2.0, 2.0, 6.0, 2.0, 6.0, 2.0, 2.0], [6.0, 2.0, 2.0, 2.0, 5.0, 2.0, 5.0, 1.0, 2.0, 2.0, 3.0, 3.0, 2.0, 2.0, 6.0, 2.0, 2.0, 5.0, 2.0, 2.0, 3.0, 2.0, 2.0, 2.0, 6.0, 2.0, 2.0, 2.0, 2.0, 2.0, 5.0, 2.0, 2.0, 2.0, 5.0, 3.0, 6.0, 2.0, 2.0]]

first layer check: Conv2d(9, 64, kernel_size=(7, 7), stride=(2, 2), padding=(3, 3), bias=False)

for model 1: mode acc: 0.5128205418586731, run mean acc: 0.6066666841506958, top-2 acc:0.7791666984558105, mode f1: 0.5128205418586731

model 1 mode preds
[6.0, 2.0, 2.0, 2.0, 6.0, 2.0, 3.0, 2.0, 2.0, 2.0, 3.0, 3.0, 2.0, 2.0, 6.0, 2.0, 2.0, 3.0, 2.0, 2.0, 3.0, 2.0, 2.0, 3.0, 6.0, 1.0, 2.0, 2.0, 2.0, 3.0, 3.0, 3.0, 2.0, 2.0, 6.0, 3.0, 6.0, 2.0, 2.0]

model 1 all preds
[[6.0, 2.0, 2.0, 2.0, 6.0, 2.0, 6.0, 2.0, 2.0, 2.0, 3.0, 3.0, 2.0, 2.0, 6.0, 2.0, 2.0, 3.0, 2.0, 2.0, 3.0, 4.0, 2.0, 3.0, 6.0, 1.0, 2.0, 2.0, 2.0, 3.0, 3.0, 2.0, 2.0, 2.0, 6.0, 3.0, 6.0, 2.0, 2.0], [6.0, 2.0, 2.0, 1.0, 6.0, 2.0, 5.0, 2.0, 2.0, 2.0, 2.0, 6.0, 2.0, 2.0, 6.0, 2.0, 2.0, 3.0, 2.0, 2.0, 3.0, 2.0, 2.0, 3.0, 6.0, 1.0, 2.0, 2.0, 2.0, 3.0, 3.0, 2.0, 2.0, 2.0, 6.0, 3.0, 6.0, 2.0, 2.0], [6.0, 2.0, 2.0, 2.0, 6.0, 2.0, 3.0, 2.0, 2.0, 2.0, 3.0, 6.0, 3.0, 2.0, 6.0, 2.0, 1.0, 6.0, 2.0, 2.0, 3.0, 2.0, 2.0, 3.0, 6.0, 1.0, 2.0, 2.0, 2.0, 6.0, 3.0, 2.0, 2.0, 2.0, 6.0, 3.0, 6.0, 2.0, 2.0], [6.0, 2.0, 2.0, 1.0, 6.0, 3.0, 5.0, 2.0, 2.0, 2.0, 3.0, 3.0, 2.0, 2.0, 6.0, 2.0, 2.0, 3.0, 2.0, 2.0, 3.0, 2.0, 2.0, 3.0, 6.0, 1.0, 2.0, 2.0, 2.0, 3.0, 3.0, 3.0, 2.0, 2.0, 6.0, 3.0, 6.0, 2.0, 2.0], [6.0, 2.0, 2.0, 2.0, 6.0, 2.0, 3.0, 2.0, 2.0, 2.0, 3.0, 3.0, 2.0, 2.0, 6.0, 2.0, 2.0, 3.0, 2.0, 2.0, 3.0, 4.0, 2.0, 3.0, 6.0, 1.0, 2.0, 2.0, 2.0, 3.0, 3.0, 3.0, 2.0, 2.0, 6.0, 3.0, 6.0, 2.0, 2.0], [3.0, 2.0, 2.0, 2.0, 6.0, 2.0, 6.0, 1.0, 2.0, 2.0, 3.0, 3.0, 2.0, 2.0, 6.0, 2.0, 2.0, 3.0, 2.0, 2.0, 3.0, 2.0, 2.0, 3.0, 6.0, 1.0, 2.0, 2.0, 2.0, 3.0, 6.0, 3.0, 2.0, 2.0, 6.0, 3.0, 6.0, 2.0, 2.0], [6.0, 2.0, 2.0, 2.0, 6.0, 2.0, 6.0, 2.0, 2.0, 3.0, 3.0, 3.0, 2.0, 2.0, 6.0, 2.0, 2.0, 6.0, 2.0, 2.0, 3.0, 2.0, 2.0, 3.0, 6.0, 1.0, 2.0, 2.0, 2.0, 3.0, 6.0, 2.0, 2.0, 2.0, 6.0, 3.0, 6.0, 2.0, 2.0], [6.0, 2.0, 2.0, 1.0, 6.0, 2.0, 6.0, 2.0, 2.0, 3.0, 3.0, 4.0, 2.0, 2.0, 6.0, 2.0, 1.0, 3.0, 2.0, 2.0, 3.0, 2.0, 2.0, 3.0, 6.0, 1.0, 2.0, 3.0, 2.0, 3.0, 3.0, 3.0, 2.0, 2.0, 6.0, 3.0, 6.0, 2.0, 2.0], [6.0, 2.0, 2.0, 2.0, 6.0, 2.0, 3.0, 2.0, 2.0, 2.0, 3.0, 3.0, 2.0, 2.0, 6.0, 2.0, 1.0, 3.0, 2.0, 2.0, 3.0, 2.0, 2.0, 3.0, 6.0, 1.0, 2.0, 2.0, 2.0, 2.0, 3.0, 2.0, 2.0, 2.0, 6.0, 6.0, 6.0, 2.0, 2.0], [6.0, 2.0, 2.0, 2.0, 6.0, 2.0, 6.0, 2.0, 2.0, 2.0, 3.0, 3.0, 3.0, 2.0, 6.0, 2.0, 1.0, 3.0, 2.0, 2.0, 3.0, 2.0, 2.0, 3.0, 6.0, 1.0, 2.0, 2.0, 2.0, 3.0, 3.0, 3.0, 2.0, 2.0, 6.0, 3.0, 6.0, 2.0, 2.0], [6.0, 2.0, 2.0, 2.0, 6.0, 2.0, 3.0, 2.0, 2.0, 2.0, 3.0, 3.0, 2.0, 2.0, 6.0, 2.0, 2.0, 6.0, 2.0, 2.0, 3.0, 4.0, 2.0, 2.0, 6.0, 1.0, 2.0, 2.0, 2.0, 3.0, 3.0, 3.0, 2.0, 2.0, 6.0, 2.0, 6.0, 2.0, 2.0], [6.0, 2.0, 2.0, 2.0, 6.0, 2.0, 6.0, 2.0, 2.0, 2.0, 3.0, 3.0, 2.0, 2.0, 6.0, 2.0, 2.0, 6.0, 2.0, 2.0, 3.0, 2.0, 2.0, 3.0, 6.0, 1.0, 2.0, 2.0, 2.0, 5.0, 6.0, 3.0, 2.0, 2.0, 6.0, 3.0, 6.0, 2.0, 2.0], [6.0, 2.0, 2.0, 2.0, 6.0, 2.0, 6.0, 2.0, 2.0, 2.0, 3.0, 3.0, 2.0, 2.0, 6.0, 2.0, 2.0, 6.0, 2.0, 2.0, 3.0, 2.0, 2.0, 3.0, 6.0, 1.0, 2.0, 2.0, 2.0, 2.0, 3.0, 2.0, 2.0, 2.0, 6.0, 3.0, 6.0, 2.0, 2.0], [6.0, 2.0, 2.0, 1.0, 6.0, 2.0, 6.0, 2.0, 2.0, 2.0, 4.0, 3.0, 2.0, 2.0, 6.0, 2.0, 2.0, 3.0, 2.0, 2.0, 3.0, 2.0, 2.0, 3.0, 6.0, 2.0, 2.0, 2.0, 2.0, 3.0, 3.0, 3.0, 2.0, 2.0, 6.0, 3.0, 6.0, 2.0, 2.0], [6.0, 2.0, 2.0, 2.0, 6.0, 2.0, 3.0, 2.0, 2.0, 2.0, 3.0, 3.0, 2.0, 1.0, 6.0, 2.0, 2.0, 6.0, 2.0, 2.0, 3.0, 2.0, 2.0, 2.0, 6.0, 1.0, 2.0, 2.0, 2.0, 3.0, 3.0, 3.0, 2.0, 2.0, 6.0, 3.0, 6.0, 2.0, 2.0], [6.0, 2.0, 2.0, 2.0, 6.0, 2.0, 5.0, 2.0, 2.0, 2.0, 3.0, 3.0, 3.0, 2.0, 6.0, 2.0, 2.0, 3.0, 2.0, 2.0, 3.0, 2.0, 2.0, 3.0, 6.0, 1.0, 2.0, 2.0, 2.0, 3.0, 3.0, 2.0, 2.0, 2.0, 6.0, 3.0, 6.0, 2.0, 2.0], [6.0, 2.0, 2.0, 2.0, 6.0, 3.0, 5.0, 2.0, 2.0, 2.0, 2.0, 6.0, 2.0, 2.0, 6.0, 2.0, 1.0, 3.0, 2.0, 2.0, 3.0, 2.0, 2.0, 2.0, 6.0, 1.0, 2.0, 2.0, 2.0, 3.0, 6.0, 3.0, 2.0, 2.0, 6.0, 3.0, 6.0, 2.0, 2.0], [6.0, 2.0, 2.0, 1.0, 6.0, 2.0, 6.0, 2.0, 2.0, 2.0, 3.0, 3.0, 2.0, 2.0, 6.0, 2.0, 2.0, 3.0, 2.0, 2.0, 3.0, 4.0, 2.0, 3.0, 6.0, 1.0, 2.0, 2.0, 2.0, 3.0, 3.0, 3.0, 2.0, 2.0, 6.0, 3.0, 6.0, 2.0, 2.0], [6.0, 2.0, 2.0, 2.0, 6.0, 2.0, 3.0, 2.0, 2.0, 2.0, 4.0, 3.0, 3.0, 2.0, 6.0, 2.0, 2.0, 6.0, 2.0, 2.0, 3.0, 2.0, 2.0, 3.0, 6.0, 1.0, 2.0, 2.0, 2.0, 3.0, 3.0, 2.0, 2.0, 2.0, 6.0, 3.0, 6.0, 2.0, 2.0], [3.0, 2.0, 2.0, 1.0, 6.0, 2.0, 6.0, 2.0, 2.0, 2.0, 3.0, 5.0, 2.0, 2.0, 6.0, 2.0, 1.0, 3.0, 2.0, 2.0, 3.0, 2.0, 2.0, 3.0, 6.0, 2.0, 2.0, 2.0, 2.0, 3.0, 3.0, 3.0, 2.0, 2.0, 6.0, 2.0, 6.0, 2.0, 2.0], [6.0, 2.0, 2.0, 2.0, 6.0, 2.0, 3.0, 2.0, 2.0, 3.0, 3.0, 5.0, 3.0, 2.0, 3.0, 2.0, 1.0, 6.0, 2.0, 2.0, 3.0, 2.0, 2.0, 3.0, 6.0, 1.0, 2.0, 2.0, 2.0, 3.0, 6.0, 3.0, 2.0, 2.0, 6.0, 3.0, 6.0, 2.0, 2.0], [6.0, 2.0, 2.0, 2.0, 6.0, 2.0, 5.0, 1.0, 2.0, 2.0, 3.0, 6.0, 2.0, 2.0, 6.0, 2.0, 2.0, 3.0, 2.0, 2.0, 3.0, 2.0, 2.0, 3.0, 6.0, 1.0, 2.0, 2.0, 2.0, 6.0, 3.0, 3.0, 2.0, 2.0, 6.0, 3.0, 6.0, 2.0, 2.0], [6.0, 2.0, 2.0, 2.0, 6.0, 2.0, 5.0, 2.0, 2.0, 2.0, 3.0, 3.0, 2.0, 2.0, 6.0, 2.0, 1.0, 6.0, 2.0, 2.0, 3.0, 2.0, 2.0, 3.0, 6.0, 1.0, 2.0, 2.0, 2.0, 3.0, 6.0, 2.0, 2.0, 2.0, 6.0, 3.0, 6.0, 2.0, 2.0], [6.0, 2.0, 2.0, 2.0, 6.0, 2.0, 6.0, 2.0, 2.0, 2.0, 2.0, 3.0, 2.0, 2.0, 6.0, 2.0, 2.0, 6.0, 2.0, 2.0, 3.0, 2.0, 2.0, 3.0, 6.0, 1.0, 2.0, 2.0, 2.0, 3.0, 6.0, 2.0, 2.0, 2.0, 6.0, 3.0, 6.0, 2.0, 2.0], [6.0, 2.0, 2.0, 2.0, 5.0, 2.0, 3.0, 2.0, 2.0, 2.0, 3.0, 3.0, 2.0, 2.0, 6.0, 2.0, 2.0, 3.0, 2.0, 2.0, 3.0, 2.0, 2.0, 3.0, 6.0, 1.0, 2.0, 2.0, 2.0, 3.0, 3.0, 3.0, 2.0, 2.0, 6.0, 3.0, 6.0, 2.0, 2.0], [6.0, 2.0, 2.0, 1.0, 6.0, 2.0, 6.0, 2.0, 2.0, 2.0, 3.0, 6.0, 2.0, 2.0, 6.0, 2.0, 2.0, 3.0, 2.0, 2.0, 3.0, 2.0, 2.0, 3.0, 6.0, 2.0, 2.0, 2.0, 2.0, 6.0, 3.0, 3.0, 2.0, 2.0, 6.0, 3.0, 6.0, 2.0, 2.0], [6.0, 2.0, 2.0, 1.0, 6.0, 2.0, 3.0, 2.0, 2.0, 2.0, 2.0, 6.0, 2.0, 2.0, 6.0, 2.0, 2.0, 6.0, 2.0, 2.0, 3.0, 2.0, 2.0, 3.0, 6.0, 2.0, 2.0, 2.0, 2.0, 3.0, 3.0, 3.0, 2.0, 2.0, 6.0, 3.0, 6.0, 2.0, 2.0], [6.0, 2.0, 2.0, 2.0, 6.0, 2.0, 5.0, 2.0, 2.0, 2.0, 3.0, 3.0, 2.0, 2.0, 6.0, 2.0, 1.0, 3.0, 2.0, 2.0, 3.0, 2.0, 2.0, 2.0, 6.0, 1.0, 2.0, 2.0, 2.0, 3.0, 6.0, 2.0, 2.0, 2.0, 6.0, 2.0, 6.0, 2.0, 2.0], [6.0, 2.0, 2.0, 1.0, 6.0, 2.0, 6.0, 2.0, 2.0, 2.0, 3.0, 5.0, 2.0, 2.0, 6.0, 2.0, 2.0, 3.0, 2.0, 2.0, 3.0, 2.0, 2.0, 3.0, 6.0, 1.0, 2.0, 2.0, 2.0, 3.0, 3.0, 3.0, 2.0, 2.0, 6.0, 3.0, 6.0, 2.0, 2.0], [3.0, 2.0, 2.0, 2.0, 3.0, 2.0, 3.0, 2.0, 2.0, 2.0, 3.0, 3.0, 3.0, 2.0, 6.0, 2.0, 2.0, 6.0, 2.0, 2.0, 3.0, 2.0, 2.0, 3.0, 6.0, 1.0, 2.0, 2.0, 2.0, 3.0, 6.0, 2.0, 2.0, 2.0, 6.0, 3.0, 6.0, 2.0, 2.0], [6.0, 2.0, 2.0, 2.0, 6.0, 2.0, 3.0, 1.0, 2.0, 2.0, 3.0, 5.0, 2.0, 2.0, 6.0, 2.0, 2.0, 3.0, 2.0, 2.0, 3.0, 2.0, 2.0, 3.0, 6.0, 1.0, 2.0, 2.0, 2.0, 3.0, 6.0, 2.0, 2.0, 2.0, 6.0, 3.0, 6.0, 2.0, 2.0], [6.0, 2.0, 2.0, 2.0, 6.0, 2.0, 6.0, 2.0, 2.0, 2.0, 3.0, 3.0, 2.0, 2.0, 6.0, 2.0, 2.0, 3.0, 2.0, 2.0, 3.0, 2.0, 2.0, 3.0, 6.0, 1.0, 2.0, 2.0, 2.0, 3.0, 6.0, 3.0, 2.0, 2.0, 6.0, 3.0, 6.0, 2.0, 2.0], [6.0, 2.0, 2.0, 2.0, 6.0, 2.0, 5.0, 2.0, 2.0, 2.0, 3.0, 5.0, 2.0, 2.0, 6.0, 2.0, 2.0, 6.0, 2.0, 2.0, 3.0, 2.0, 2.0, 2.0, 6.0, 1.0, 2.0, 2.0, 2.0, 2.0, 3.0, 3.0, 2.0, 2.0, 6.0, 3.0, 6.0, 2.0, 2.0], [6.0, 2.0, 2.0, 1.0, 6.0, 2.0, 5.0, 2.0, 2.0, 2.0, 2.0, 6.0, 2.0, 2.0, 6.0, 2.0, 1.0, 3.0, 2.0, 2.0, 3.0, 2.0, 2.0, 3.0, 3.0, 1.0, 2.0, 2.0, 2.0, 3.0, 3.0, 3.0, 2.0, 2.0, 6.0, 3.0, 6.0, 2.0, 2.0], [6.0, 2.0, 2.0, 2.0, 6.0, 2.0, 3.0, 2.0, 2.0, 2.0, 3.0, 3.0, 2.0, 2.0, 6.0, 2.0, 2.0, 3.0, 2.0, 2.0, 3.0, 2.0, 2.0, 3.0, 6.0, 2.0, 2.0, 2.0, 2.0, 3.0, 3.0, 2.0, 2.0, 2.0, 6.0, 3.0, 6.0, 2.0, 2.0], [6.0, 2.0, 2.0, 2.0, 6.0, 2.0, 6.0, 2.0, 2.0, 2.0, 3.0, 3.0, 2.0, 2.0, 6.0, 2.0, 2.0, 3.0, 2.0, 2.0, 3.0, 2.0, 2.0, 3.0, 3.0, 2.0, 2.0, 2.0, 2.0, 3.0, 6.0, 2.0, 2.0, 2.0, 6.0, 2.0, 6.0, 2.0, 2.0], [6.0, 2.0, 2.0, 2.0, 6.0, 2.0, 3.0, 2.0, 2.0, 2.0, 2.0, 6.0, 2.0, 2.0, 6.0, 2.0, 1.0, 6.0, 2.0, 2.0, 3.0, 2.0, 2.0, 3.0, 6.0, 2.0, 2.0, 2.0, 2.0, 3.0, 6.0, 3.0, 2.0, 2.0, 6.0, 3.0, 6.0, 2.0, 2.0], [6.0, 2.0, 3.0, 2.0, 6.0, 2.0, 3.0, 2.0, 2.0, 3.0, 3.0, 3.0, 2.0, 2.0, 6.0, 2.0, 2.0, 3.0, 2.0, 2.0, 3.0, 2.0, 2.0, 2.0, 6.0, 2.0, 2.0, 2.0, 2.0, 4.0, 3.0, 2.0, 2.0, 2.0, 6.0, 3.0, 6.0, 2.0, 2.0], [6.0, 2.0, 2.0, 2.0, 6.0, 2.0, 3.0, 2.0, 2.0, 2.0, 3.0, 5.0, 2.0, 2.0, 6.0, 2.0, 2.0, 6.0, 2.0, 2.0, 3.0, 2.0, 2.0, 3.0, 6.0, 1.0, 2.0, 2.0, 2.0, 2.0, 6.0, 3.0, 2.0, 2.0, 6.0, 3.0, 6.0, 2.0, 2.0], [3.0, 2.0, 2.0, 2.0, 6.0, 2.0, 5.0, 2.0, 2.0, 3.0, 3.0, 3.0, 2.0, 2.0, 6.0, 2.0, 2.0, 3.0, 2.0, 2.0, 3.0, 2.0, 2.0, 3.0, 6.0, 1.0, 2.0, 2.0, 2.0, 5.0, 3.0, 2.0, 2.0, 2.0, 6.0, 3.0, 6.0, 2.0, 2.0], [3.0, 2.0, 2.0, 1.0, 3.0, 2.0, 3.0, 2.0, 2.0, 2.0, 2.0, 5.0, 2.0, 2.0, 6.0, 2.0, 1.0, 6.0, 2.0, 2.0, 3.0, 2.0, 2.0, 3.0, 6.0, 2.0, 2.0, 2.0, 2.0, 3.0, 3.0, 3.0, 2.0, 2.0, 6.0, 3.0, 6.0, 2.0, 2.0], [6.0, 2.0, 2.0, 2.0, 6.0, 2.0, 5.0, 2.0, 2.0, 2.0, 3.0, 6.0, 2.0, 2.0, 6.0, 2.0, 2.0, 3.0, 2.0, 2.0, 3.0, 2.0, 2.0, 2.0, 6.0, 1.0, 2.0, 2.0, 2.0, 3.0, 3.0, 3.0, 2.0, 2.0, 6.0, 3.0, 6.0, 2.0, 2.0], [6.0, 2.0, 2.0, 2.0, 6.0, 2.0, 5.0, 2.0, 2.0, 2.0, 3.0, 3.0, 3.0, 2.0, 6.0, 2.0, 1.0, 6.0, 2.0, 2.0, 3.0, 2.0, 2.0, 3.0, 6.0, 1.0, 2.0, 2.0, 2.0, 2.0, 6.0, 2.0, 2.0, 2.0, 6.0, 3.0, 6.0, 2.0, 2.0], [6.0, 2.0, 2.0, 2.0, 6.0, 2.0, 5.0, 2.0, 2.0, 2.0, 3.0, 3.0, 2.0, 2.0, 6.0, 2.0, 2.0, 6.0, 2.0, 2.0, 5.0, 2.0, 2.0, 2.0, 6.0, 2.0, 2.0, 2.0, 2.0, 3.0, 3.0, 2.0, 2.0, 2.0, 6.0, 3.0, 6.0, 2.0, 2.0], [3.0, 2.0, 2.0, 1.0, 6.0, 2.0, 3.0, 2.0, 2.0, 2.0, 2.0, 6.0, 3.0, 2.0, 6.0, 2.0, 1.0, 3.0, 2.0, 2.0, 3.0, 2.0, 2.0, 2.0, 6.0, 1.0, 2.0, 2.0, 2.0, 3.0, 6.0, 2.0, 2.0, 2.0, 6.0, 3.0, 6.0, 2.0, 2.0], [6.0, 2.0, 2.0, 2.0, 6.0, 2.0, 5.0, 1.0, 3.0, 2.0, 2.0, 6.0, 2.0, 2.0, 6.0, 2.0, 2.0, 6.0, 2.0, 2.0, 3.0, 2.0, 2.0, 3.0, 6.0, 1.0, 2.0, 2.0, 2.0, 3.0, 6.0, 3.0, 2.0, 2.0, 6.0, 3.0, 6.0, 2.0, 2.0], [6.0, 2.0, 2.0, 2.0, 6.0, 2.0, 6.0, 2.0, 2.0, 2.0, 3.0, 6.0, 2.0, 2.0, 6.0, 2.0, 2.0, 6.0, 2.0, 2.0, 3.0, 2.0, 2.0, 2.0, 6.0, 1.0, 2.0, 2.0, 2.0, 3.0, 3.0, 2.0, 2.0, 2.0, 6.0, 3.0, 6.0, 2.0, 2.0], [6.0, 2.0, 3.0, 1.0, 6.0, 2.0, 5.0, 2.0, 3.0, 2.0, 3.0, 3.0, 2.0, 2.0, 6.0, 2.0, 2.0, 6.0, 2.0, 2.0, 3.0, 2.0, 2.0, 2.0, 6.0, 1.0, 2.0, 2.0, 2.0, 2.0, 6.0, 2.0, 2.0, 2.0, 6.0, 3.0, 6.0, 2.0, 2.0], [3.0, 2.0, 2.0, 1.0, 6.0, 2.0, 3.0, 2.0, 2.0, 2.0, 2.0, 6.0, 3.0, 2.0, 6.0, 2.0, 2.0, 3.0, 2.0, 2.0, 3.0, 2.0, 2.0, 2.0, 6.0, 1.0, 2.0, 2.0, 2.0, 3.0, 6.0, 2.0, 2.0, 2.0, 6.0, 3.0, 6.0, 2.0, 2.0], [6.0, 2.0, 2.0, 2.0, 6.0, 2.0, 5.0, 2.0, 2.0, 2.0, 2.0, 5.0, 2.0, 2.0, 6.0, 2.0, 1.0, 6.0, 2.0, 2.0, 3.0, 2.0, 2.0, 2.0, 6.0, 1.0, 2.0, 2.0, 2.0, 3.0, 3.0, 2.0, 2.0, 2.0, 6.0, 3.0, 6.0, 2.0, 2.0]]

first layer check: Conv2d(9, 64, kernel_size=(7, 7), stride=(2, 2), padding=(3, 3), bias=False)

for model 2: mode acc: 0.4871794879436493, run mean acc: 0.5737500190734863, top-2 acc:0.7837499976158142, mode f1: 0.4871794879436493

model 2 mode preds
[6.0, 2.0, 2.0, 2.0, 6.0, 2.0, 5.0, 2.0, 2.0, 2.0, 2.0, 5.0, 2.0, 2.0, 6.0, 2.0, 2.0, 5.0, 2.0, 2.0, 5.0, 2.0, 2.0, 2.0, 6.0, 2.0, 2.0, 2.0, 2.0, 2.0, 5.0, 2.0, 2.0, 2.0, 6.0, 5.0, 6.0, 2.0, 2.0]

model 2 all preds
[[6.0, 2.0, 2.0, 2.0, 6.0, 2.0, 5.0, 2.0, 2.0, 2.0, 2.0, 5.0, 2.0, 2.0, 6.0, 2.0, 2.0, 5.0, 2.0, 2.0, 5.0, 2.0, 2.0, 3.0, 5.0, 2.0, 2.0, 2.0, 2.0, 2.0, 6.0, 2.0, 2.0, 2.0, 5.0, 3.0, 6.0, 2.0, 2.0], [5.0, 2.0, 2.0, 2.0, 5.0, 2.0, 3.0, 2.0, 2.0, 2.0, 5.0, 5.0, 2.0, 2.0, 6.0, 2.0, 2.0, 5.0, 2.0, 2.0, 5.0, 2.0, 2.0, 2.0, 6.0, 2.0, 2.0, 2.0, 2.0, 5.0, 3.0, 2.0, 2.0, 2.0, 6.0, 5.0, 6.0, 2.0, 2.0], [6.0, 2.0, 2.0, 2.0, 6.0, 2.0, 5.0, 2.0, 2.0, 2.0, 5.0, 6.0, 2.0, 2.0, 6.0, 1.0, 2.0, 5.0, 2.0, 2.0, 5.0, 2.0, 2.0, 2.0, 6.0, 2.0, 2.0, 2.0, 2.0, 2.0, 5.0, 2.0, 2.0, 2.0, 6.0, 2.0, 6.0, 2.0, 2.0], [6.0, 2.0, 2.0, 2.0, 6.0, 2.0, 5.0, 2.0, 2.0, 2.0, 3.0, 5.0, 2.0, 2.0, 6.0, 1.0, 2.0, 5.0, 2.0, 2.0, 5.0, 2.0, 2.0, 2.0, 6.0, 2.0, 2.0, 2.0, 2.0, 5.0, 2.0, 2.0, 2.0, 2.0, 6.0, 2.0, 6.0, 2.0, 2.0], [6.0, 2.0, 2.0, 2.0, 6.0, 2.0, 5.0, 2.0, 2.0, 2.0, 2.0, 2.0, 3.0, 2.0, 6.0, 1.0, 2.0, 3.0, 2.0, 2.0, 2.0, 2.0, 2.0, 3.0, 6.0, 2.0, 2.0, 2.0, 2.0, 5.0, 6.0, 2.0, 2.0, 2.0, 6.0, 3.0, 6.0, 2.0, 2.0], [6.0, 2.0, 2.0, 2.0, 6.0, 2.0, 6.0, 2.0, 2.0, 2.0, 5.0, 5.0, 2.0, 2.0, 6.0, 2.0, 2.0, 5.0, 2.0, 2.0, 5.0, 3.0, 2.0, 2.0, 5.0, 2.0, 2.0, 2.0, 2.0, 5.0, 6.0, 2.0, 2.0, 2.0, 5.0, 2.0, 6.0, 2.0, 2.0], [5.0, 2.0, 2.0, 2.0, 6.0, 2.0, 5.0, 2.0, 2.0, 2.0, 3.0, 5.0, 3.0, 2.0, 6.0, 1.0, 2.0, 5.0, 2.0, 2.0, 2.0, 3.0, 2.0, 2.0, 6.0, 2.0, 2.0, 2.0, 2.0, 2.0, 5.0, 2.0, 2.0, 2.0, 6.0, 5.0, 6.0, 2.0, 2.0], [6.0, 2.0, 2.0, 2.0, 6.0, 2.0, 5.0, 2.0, 2.0, 2.0, 2.0, 5.0, 2.0, 2.0, 6.0, 2.0, 2.0, 3.0, 2.0, 2.0, 2.0, 3.0, 2.0, 2.0, 5.0, 2.0, 2.0, 2.0, 2.0, 5.0, 6.0, 2.0, 2.0, 2.0, 5.0, 5.0, 6.0, 2.0, 2.0], [6.0, 2.0, 2.0, 2.0, 6.0, 2.0, 5.0, 2.0, 2.0, 2.0, 2.0, 5.0, 2.0, 2.0, 6.0, 1.0, 2.0, 3.0, 2.0, 2.0, 5.0, 2.0, 2.0, 2.0, 5.0, 2.0, 2.0, 2.0, 2.0, 5.0, 6.0, 2.0, 2.0, 2.0, 6.0, 2.0, 6.0, 2.0, 2.0], [6.0, 2.0, 2.0, 2.0, 6.0, 2.0, 5.0, 2.0, 2.0, 2.0, 5.0, 5.0, 2.0, 2.0, 6.0, 2.0, 2.0, 5.0, 2.0, 2.0, 5.0, 3.0, 2.0, 3.0, 5.0, 2.0, 2.0, 2.0, 2.0, 5.0, 6.0, 2.0, 2.0, 2.0, 5.0, 2.0, 6.0, 2.0, 2.0], [6.0, 2.0, 2.0, 2.0, 6.0, 2.0, 5.0, 2.0, 2.0, 2.0, 5.0, 2.0, 2.0, 2.0, 6.0, 1.0, 2.0, 5.0, 2.0, 2.0, 5.0, 3.0, 2.0, 3.0, 6.0, 2.0, 2.0, 2.0, 2.0, 2.0, 5.0, 2.0, 2.0, 2.0, 6.0, 2.0, 6.0, 2.0, 2.0], [6.0, 2.0, 2.0, 2.0, 6.0, 2.0, 5.0, 2.0, 2.0, 2.0, 2.0, 5.0, 3.0, 2.0, 6.0, 1.0, 2.0, 5.0, 2.0, 2.0, 3.0, 3.0, 2.0, 2.0, 6.0, 2.0, 2.0, 2.0, 2.0, 2.0, 5.0, 2.0, 2.0, 2.0, 6.0, 2.0, 6.0, 2.0, 2.0], [5.0, 2.0, 2.0, 2.0, 6.0, 2.0, 5.0, 2.0, 2.0, 2.0, 5.0, 3.0, 2.0, 2.0, 5.0, 1.0, 2.0, 5.0, 2.0, 2.0, 5.0, 2.0, 2.0, 2.0, 6.0, 2.0, 2.0, 2.0, 2.0, 2.0, 5.0, 2.0, 2.0, 2.0, 6.0, 5.0, 6.0, 2.0, 2.0], [6.0, 2.0, 2.0, 2.0, 6.0, 2.0, 5.0, 2.0, 2.0, 2.0, 2.0, 3.0, 2.0, 2.0, 6.0, 1.0, 2.0, 5.0, 2.0, 2.0, 2.0, 2.0, 2.0, 2.0, 5.0, 2.0, 2.0, 2.0, 2.0, 2.0, 5.0, 2.0, 2.0, 2.0, 6.0, 2.0, 6.0, 2.0, 2.0], [6.0, 2.0, 2.0, 2.0, 6.0, 2.0, 5.0, 2.0, 2.0, 2.0, 2.0, 5.0, 2.0, 2.0, 6.0, 2.0, 2.0, 5.0, 2.0, 2.0, 3.0, 3.0, 2.0, 2.0, 5.0, 2.0, 2.0, 2.0, 2.0, 5.0, 5.0, 2.0, 2.0, 2.0, 6.0, 3.0, 6.0, 2.0, 2.0], [6.0, 2.0, 2.0, 2.0, 5.0, 2.0, 5.0, 2.0, 2.0, 2.0, 5.0, 5.0, 2.0, 2.0, 6.0, 2.0, 2.0, 5.0, 2.0, 2.0, 3.0, 2.0, 2.0, 2.0, 6.0, 2.0, 2.0, 2.0, 2.0, 2.0, 5.0, 2.0, 2.0, 2.0, 6.0, 5.0, 6.0, 2.0, 2.0], [6.0, 2.0, 2.0, 2.0, 6.0, 2.0, 5.0, 2.0, 2.0, 2.0, 2.0, 5.0, 2.0, 2.0, 6.0, 2.0, 2.0, 2.0, 2.0, 2.0, 2.0, 2.0, 2.0, 2.0, 6.0, 2.0, 2.0, 2.0, 2.0, 5.0, 5.0, 2.0, 2.0, 2.0, 6.0, 5.0, 6.0, 2.0, 2.0], [6.0, 2.0, 2.0, 2.0, 6.0, 2.0, 3.0, 2.0, 2.0, 2.0, 2.0, 3.0, 2.0, 2.0, 6.0, 1.0, 2.0, 3.0, 2.0, 2.0, 5.0, 2.0, 2.0, 2.0, 6.0, 2.0, 2.0, 2.0, 2.0, 2.0, 6.0, 2.0, 2.0, 2.0, 6.0, 5.0, 6.0, 2.0, 2.0], [6.0, 2.0, 2.0, 2.0, 6.0, 2.0, 5.0, 2.0, 2.0, 2.0, 2.0, 5.0, 2.0, 2.0, 6.0, 2.0, 2.0, 5.0, 2.0, 2.0, 3.0, 2.0, 2.0, 2.0, 6.0, 2.0, 2.0, 2.0, 2.0, 5.0, 6.0, 2.0, 2.0, 2.0, 6.0, 5.0, 6.0, 2.0, 2.0], [6.0, 2.0, 2.0, 2.0, 5.0, 2.0, 5.0, 2.0, 2.0, 2.0, 2.0, 3.0, 2.0, 2.0, 6.0, 1.0, 2.0, 5.0, 2.0, 2.0, 3.0, 2.0, 2.0, 2.0, 6.0, 2.0, 2.0, 2.0, 2.0, 5.0, 5.0, 2.0, 2.0, 2.0, 6.0, 5.0, 6.0, 2.0, 2.0], [6.0, 2.0, 2.0, 2.0, 6.0, 2.0, 5.0, 2.0, 2.0, 2.0, 2.0, 5.0, 2.0, 2.0, 6.0, 2.0, 2.0, 3.0, 2.0, 2.0, 2.0, 2.0, 2.0, 2.0, 6.0, 2.0, 2.0, 2.0, 2.0, 2.0, 5.0, 2.0, 2.0, 2.0, 6.0, 2.0, 6.0, 2.0, 2.0], [6.0, 2.0, 2.0, 2.0, 6.0, 2.0, 6.0, 2.0, 2.0, 2.0, 2.0, 3.0, 2.0, 2.0, 6.0, 2.0, 2.0, 5.0, 2.0, 2.0, 3.0, 3.0, 2.0, 2.0, 5.0, 2.0, 2.0, 2.0, 2.0, 3.0, 2.0, 2.0, 2.0, 2.0, 6.0, 2.0, 6.0, 2.0, 2.0], [6.0, 2.0, 2.0, 2.0, 6.0, 2.0, 5.0, 2.0, 2.0, 2.0, 5.0, 5.0, 2.0, 2.0, 6.0, 2.0, 2.0, 5.0, 2.0, 2.0, 5.0, 3.0, 2.0, 2.0, 5.0, 2.0, 2.0, 2.0, 2.0, 5.0, 5.0, 2.0, 2.0, 2.0, 6.0, 2.0, 6.0, 2.0, 2.0], [6.0, 2.0, 2.0, 2.0, 6.0, 2.0, 6.0, 2.0, 2.0, 2.0, 5.0, 5.0, 2.0, 2.0, 6.0, 1.0, 2.0, 5.0, 2.0, 2.0, 3.0, 2.0, 2.0, 2.0, 6.0, 2.0, 2.0, 2.0, 2.0, 2.0, 3.0, 2.0, 2.0, 2.0, 6.0, 5.0, 6.0, 2.0, 2.0], [6.0, 2.0, 2.0, 2.0, 6.0, 2.0, 5.0, 2.0, 2.0, 2.0, 2.0, 5.0, 3.0, 2.0, 3.0, 2.0, 2.0, 5.0, 2.0, 2.0, 5.0, 3.0, 2.0, 2.0, 6.0, 2.0, 2.0, 2.0, 2.0, 2.0, 5.0, 2.0, 2.0, 2.0, 6.0, 5.0, 6.0, 2.0, 2.0], [6.0, 2.0, 2.0, 2.0, 5.0, 2.0, 5.0, 2.0, 2.0, 2.0, 2.0, 5.0, 2.0, 2.0, 6.0, 2.0, 2.0, 3.0, 2.0, 2.0, 3.0, 2.0, 2.0, 2.0, 6.0, 2.0, 2.0, 2.0, 2.0, 5.0, 5.0, 2.0, 2.0, 2.0, 5.0, 5.0, 6.0, 2.0, 2.0], [6.0, 2.0, 2.0, 2.0, 6.0, 2.0, 5.0, 2.0, 2.0, 2.0, 2.0, 5.0, 3.0, 2.0, 6.0, 1.0, 2.0, 5.0, 2.0, 2.0, 3.0, 2.0, 2.0, 2.0, 6.0, 2.0, 2.0, 2.0, 2.0, 5.0, 5.0, 2.0, 2.0, 2.0, 6.0, 2.0, 6.0, 2.0, 2.0], [6.0, 2.0, 2.0, 2.0, 6.0, 2.0, 5.0, 2.0, 2.0, 2.0, 5.0, 6.0, 2.0, 2.0, 6.0, 2.0, 1.0, 3.0, 2.0, 2.0, 3.0, 2.0, 2.0, 2.0, 6.0, 2.0, 2.0, 2.0, 2.0, 2.0, 6.0, 2.0, 2.0, 2.0, 6.0, 5.0, 6.0, 2.0, 2.0], [5.0, 2.0, 2.0, 2.0, 6.0, 2.0, 5.0, 2.0, 2.0, 2.0, 3.0, 5.0, 2.0, 2.0, 6.0, 2.0, 2.0, 3.0, 2.0, 2.0, 3.0, 2.0, 2.0, 2.0, 6.0, 2.0, 2.0, 2.0, 2.0, 2.0, 5.0, 2.0, 2.0, 2.0, 6.0, 2.0, 6.0, 2.0, 2.0], [2.0, 2.0, 2.0, 2.0, 5.0, 2.0, 5.0, 2.0, 2.0, 2.0, 5.0, 5.0, 2.0, 2.0, 5.0, 1.0, 2.0, 3.0, 2.0, 2.0, 2.0, 2.0, 2.0, 2.0, 5.0, 2.0, 2.0, 2.0, 2.0, 2.0, 5.0, 2.0, 2.0, 2.0, 6.0, 2.0, 6.0, 2.0, 2.0], [6.0, 2.0, 2.0, 2.0, 6.0, 2.0, 5.0, 2.0, 2.0, 2.0, 2.0, 5.0, 2.0, 2.0, 6.0, 1.0, 2.0, 5.0, 2.0, 2.0, 5.0, 2.0, 2.0, 2.0, 6.0, 2.0, 2.0, 2.0, 2.0, 5.0, 5.0, 2.0, 2.0, 2.0, 6.0, 2.0, 6.0, 2.0, 2.0], [6.0, 2.0, 2.0, 2.0, 6.0, 2.0, 6.0, 2.0, 2.0, 2.0, 2.0, 3.0, 3.0, 2.0, 6.0, 2.0, 2.0, 5.0, 2.0, 2.0, 5.0, 2.0, 2.0, 2.0, 6.0, 2.0, 2.0, 2.0, 2.0, 3.0, 6.0, 2.0, 2.0, 2.0, 5.0, 5.0, 6.0, 2.0, 2.0], [6.0, 2.0, 2.0, 2.0, 5.0, 2.0, 5.0, 2.0, 2.0, 2.0, 2.0, 5.0, 2.0, 2.0, 6.0, 2.0, 2.0, 3.0, 2.0, 2.0, 5.0, 2.0, 2.0, 2.0, 5.0, 2.0, 2.0, 2.0, 2.0, 5.0, 5.0, 2.0, 2.0, 2.0, 6.0, 5.0, 6.0, 2.0, 2.0], [5.0, 2.0, 2.0, 2.0, 6.0, 2.0, 3.0, 2.0, 2.0, 2.0, 2.0, 3.0, 2.0, 2.0, 6.0, 1.0, 2.0, 5.0, 2.0, 2.0, 3.0, 2.0, 2.0, 2.0, 6.0, 2.0, 2.0, 2.0, 2.0, 2.0, 5.0, 2.0, 2.0, 2.0, 6.0, 2.0, 6.0, 2.0, 2.0], [6.0, 2.0, 2.0, 2.0, 6.0, 2.0, 5.0, 2.0, 2.0, 2.0, 3.0, 5.0, 3.0, 2.0, 6.0, 1.0, 2.0, 5.0, 2.0, 2.0, 2.0, 2.0, 2.0, 2.0, 6.0, 2.0, 2.0, 2.0, 2.0, 2.0, 3.0, 2.0, 2.0, 2.0, 6.0, 5.0, 6.0, 2.0, 2.0], [6.0, 2.0, 2.0, 2.0, 3.0, 2.0, 5.0, 2.0, 2.0, 2.0, 3.0, 5.0, 2.0, 2.0, 6.0, 2.0, 2.0, 5.0, 2.0, 2.0, 3.0, 2.0, 2.0, 2.0, 6.0, 2.0, 2.0, 2.0, 2.0, 2.0, 5.0, 2.0, 2.0, 2.0, 5.0, 5.0, 6.0, 2.0, 2.0], [6.0, 2.0, 2.0, 2.0, 6.0, 3.0, 5.0, 2.0, 2.0, 2.0, 5.0, 5.0, 2.0, 2.0, 6.0, 2.0, 2.0, 5.0, 2.0, 2.0, 5.0, 2.0, 2.0, 2.0, 5.0, 2.0, 2.0, 2.0, 2.0, 2.0, 5.0, 2.0, 2.0, 2.0, 6.0, 3.0, 6.0, 2.0, 2.0], [6.0, 2.0, 2.0, 2.0, 5.0, 2.0, 5.0, 2.0, 2.0, 2.0, 2.0, 5.0, 3.0, 2.0, 6.0, 1.0, 2.0, 5.0, 2.0, 2.0, 3.0, 2.0, 2.0, 2.0, 6.0, 2.0, 2.0, 2.0, 2.0, 3.0, 5.0, 2.0, 2.0, 2.0, 6.0, 5.0, 6.0, 2.0, 2.0], [5.0, 2.0, 2.0, 2.0, 6.0, 2.0, 5.0, 2.0, 2.0, 2.0, 2.0, 5.0, 2.0, 2.0, 6.0, 2.0, 2.0, 5.0, 2.0, 2.0, 3.0, 3.0, 2.0, 2.0, 6.0, 2.0, 2.0, 2.0, 2.0, 3.0, 6.0, 2.0, 2.0, 2.0, 6.0, 5.0, 6.0, 2.0, 2.0], [6.0, 2.0, 2.0, 2.0, 6.0, 2.0, 5.0, 2.0, 2.0, 2.0, 2.0, 5.0, 2.0, 2.0, 6.0, 1.0, 2.0, 5.0, 2.0, 2.0, 3.0, 2.0, 2.0, 3.0, 6.0, 2.0, 2.0, 2.0, 2.0, 5.0, 5.0, 2.0, 2.0, 2.0, 6.0, 5.0, 6.0, 2.0, 2.0], [2.0, 2.0, 2.0, 2.0, 6.0, 2.0, 3.0, 2.0, 2.0, 2.0, 5.0, 5.0, 2.0, 2.0, 6.0, 2.0, 2.0, 5.0, 2.0, 2.0, 3.0, 2.0, 2.0, 2.0, 6.0, 2.0, 2.0, 2.0, 2.0, 2.0, 5.0, 2.0, 2.0, 2.0, 6.0, 5.0, 6.0, 2.0, 2.0], [6.0, 2.0, 2.0, 2.0, 6.0, 2.0, 5.0, 1.0, 2.0, 2.0, 2.0, 5.0, 2.0, 2.0, 6.0, 2.0, 2.0, 3.0, 2.0, 2.0, 3.0, 2.0, 2.0, 2.0, 6.0, 2.0, 2.0, 2.0, 2.0, 5.0, 3.0, 2.0, 2.0, 2.0, 6.0, 2.0, 6.0, 2.0, 2.0], [5.0, 2.0, 2.0, 2.0, 3.0, 2.0, 5.0, 2.0, 2.0, 2.0, 2.0, 3.0, 2.0, 2.0, 6.0, 2.0, 2.0, 5.0, 2.0, 2.0, 5.0, 2.0, 2.0, 2.0, 6.0, 2.0, 2.0, 2.0, 2.0, 2.0, 2.0, 2.0, 2.0, 2.0, 6.0, 5.0, 6.0, 2.0, 2.0], [5.0, 2.0, 2.0, 2.0, 2.0, 2.0, 5.0, 2.0, 2.0, 2.0, 5.0, 5.0, 2.0, 2.0, 6.0, 2.0, 2.0, 5.0, 2.0, 2.0, 2.0, 2.0, 2.0, 2.0, 5.0, 2.0, 2.0, 2.0, 2.0, 5.0, 5.0, 2.0, 2.0, 2.0, 5.0, 5.0, 6.0, 2.0, 2.0], [6.0, 2.0, 2.0, 2.0, 6.0, 2.0, 3.0, 2.0, 2.0, 2.0, 2.0, 5.0, 2.0, 2.0, 6.0, 1.0, 2.0, 3.0, 2.0, 2.0, 3.0, 2.0, 2.0, 2.0, 5.0, 2.0, 2.0, 2.0, 2.0, 2.0, 5.0, 2.0, 2.0, 2.0, 6.0, 2.0, 6.0, 2.0, 2.0], [6.0, 2.0, 2.0, 2.0, 6.0, 2.0, 5.0, 2.0, 2.0, 2.0, 5.0, 5.0, 2.0, 2.0, 6.0, 2.0, 2.0, 5.0, 2.0, 2.0, 5.0, 3.0, 2.0, 2.0, 6.0, 2.0, 2.0, 2.0, 2.0, 5.0, 6.0, 2.0, 2.0, 2.0, 6.0, 5.0, 6.0, 2.0, 2.0], [6.0, 2.0, 2.0, 2.0, 6.0, 2.0, 3.0, 2.0, 2.0, 2.0, 3.0, 5.0, 2.0, 2.0, 6.0, 2.0, 2.0, 5.0, 2.0, 2.0, 5.0, 2.0, 2.0, 2.0, 5.0, 2.0, 2.0, 2.0, 2.0, 5.0, 5.0, 2.0, 2.0, 2.0, 6.0, 5.0, 6.0, 2.0, 2.0], [6.0, 2.0, 2.0, 2.0, 6.0, 2.0, 6.0, 2.0, 2.0, 2.0, 3.0, 5.0, 2.0, 2.0, 6.0, 2.0, 2.0, 5.0, 2.0, 2.0, 5.0, 2.0, 2.0, 2.0, 6.0, 2.0, 2.0, 2.0, 2.0, 2.0, 3.0, 2.0, 2.0, 2.0, 6.0, 5.0, 6.0, 2.0, 2.0], [6.0, 2.0, 2.0, 2.0, 6.0, 2.0, 5.0, 2.0, 2.0, 2.0, 3.0, 3.0, 2.0, 2.0, 6.0, 2.0, 2.0, 5.0, 2.0, 2.0, 5.0, 2.0, 2.0, 2.0, 6.0, 2.0, 2.0, 2.0, 2.0, 2.0, 5.0, 2.0, 2.0, 2.0, 6.0, 5.0, 6.0, 2.0, 2.0], [6.0, 2.0, 2.0, 2.0, 6.0, 2.0, 5.0, 2.0, 2.0, 2.0, 5.0, 5.0, 2.0, 2.0, 5.0, 1.0, 2.0, 5.0, 2.0, 2.0, 5.0, 2.0, 2.0, 2.0, 5.0, 2.0, 2.0, 2.0, 2.0, 2.0, 5.0, 2.0, 2.0, 2.0, 6.0, 5.0, 6.0, 2.0, 2.0]]

first layer check: Conv2d(9, 64, kernel_size=(7, 7), stride=(2, 2), padding=(3, 3), bias=False)

for model 3: mode acc: 0.43589743971824646, run mean acc: 0.43166667222976685, top-2 acc:0.7087500095367432, mode f1: 0.43589743971824646

model 3 mode preds
[6.0, 2.0, 2.0, 1.0, 6.0, 2.0, 5.0, 1.0, 2.0, 2.0, 3.0, 3.0, 2.0, 1.0, 6.0, 1.0, 1.0, 6.0, 2.0, 2.0, 5.0, 2.0, 2.0, 3.0, 6.0, 1.0, 1.0, 2.0, 2.0, 4.0, 5.0, 2.0, 1.0, 1.0, 6.0, 3.0, 6.0, 1.0, 1.0]

model 3 all preds
[[6.0, 2.0, 2.0, 2.0, 6.0, 2.0, 5.0, 1.0, 3.0, 2.0, 2.0, 5.0, 2.0, 1.0, 6.0, 1.0, 1.0, 6.0, 1.0, 2.0, 5.0, 2.0, 2.0, 3.0, 6.0, 1.0, 1.0, 2.0, 2.0, 2.0, 4.0, 3.0, 1.0, 1.0, 6.0, 3.0, 6.0, 1.0, 2.0], [5.0, 2.0, 3.0, 2.0, 6.0, 2.0, 5.0, 1.0, 2.0, 2.0, 5.0, 5.0, 2.0, 1.0, 5.0, 1.0, 1.0, 6.0, 2.0, 2.0, 5.0, 4.0, 2.0, 3.0, 6.0, 1.0, 1.0, 2.0, 2.0, 4.0, 4.0, 3.0, 1.0, 1.0, 6.0, 3.0, 6.0, 1.0, 1.0], [6.0, 3.0, 2.0, 1.0, 6.0, 2.0, 5.0, 1.0, 2.0, 2.0, 3.0, 3.0, 3.0, 1.0, 6.0, 1.0, 2.0, 5.0, 2.0, 2.0, 5.0, 2.0, 2.0, 3.0, 6.0, 1.0, 1.0, 2.0, 2.0, 4.0, 5.0, 2.0, 1.0, 1.0, 6.0, 3.0, 6.0, 1.0, 2.0], [6.0, 3.0, 2.0, 2.0, 5.0, 2.0, 5.0, 1.0, 3.0, 1.0, 4.0, 3.0, 2.0, 1.0, 6.0, 1.0, 1.0, 3.0, 2.0, 2.0, 5.0, 2.0, 2.0, 3.0, 6.0, 1.0, 1.0, 2.0, 2.0, 4.0, 5.0, 2.0, 1.0, 1.0, 6.0, 3.0, 6.0, 1.0, 1.0], [6.0, 2.0, 2.0, 1.0, 6.0, 2.0, 5.0, 1.0, 4.0, 3.0, 3.0, 3.0, 2.0, 1.0, 6.0, 1.0, 1.0, 6.0, 2.0, 2.0, 5.0, 2.0, 2.0, 3.0, 5.0, 1.0, 1.0, 2.0, 2.0, 3.0, 4.0, 2.0, 1.0, 1.0, 6.0, 3.0, 6.0, 1.0, 1.0], [6.0, 3.0, 2.0, 1.0, 5.0, 2.0, 5.0, 1.0, 3.0, 3.0, 3.0, 3.0, 2.0, 1.0, 6.0, 1.0, 2.0, 6.0, 1.0, 2.0, 5.0, 4.0, 2.0, 3.0, 6.0, 1.0, 1.0, 2.0, 2.0, 4.0, 4.0, 3.0, 1.0, 1.0, 6.0, 2.0, 6.0, 1.0, 1.0], [5.0, 3.0, 2.0, 1.0, 6.0, 2.0, 5.0, 1.0, 3.0, 2.0, 4.0, 3.0, 3.0, 1.0, 5.0, 1.0, 1.0, 6.0, 2.0, 2.0, 5.0, 2.0, 2.0, 3.0, 5.0, 1.0, 1.0, 2.0, 2.0, 2.0, 4.0, 2.0, 1.0, 1.0, 6.0, 3.0, 6.0, 1.0, 2.0], [6.0, 3.0, 2.0, 2.0, 6.0, 2.0, 5.0, 1.0, 2.0, 2.0, 3.0, 5.0, 2.0, 1.0, 5.0, 1.0, 1.0, 3.0, 1.0, 2.0, 4.0, 2.0, 2.0, 3.0, 6.0, 1.0, 1.0, 2.0, 2.0, 4.0, 4.0, 3.0, 1.0, 1.0, 6.0, 2.0, 6.0, 1.0, 1.0], [6.0, 2.0, 2.0, 1.0, 5.0, 2.0, 5.0, 1.0, 2.0, 3.0, 2.0, 3.0, 2.0, 1.0, 5.0, 1.0, 1.0, 5.0, 2.0, 2.0, 5.0, 2.0, 2.0, 3.0, 6.0, 1.0, 2.0, 2.0, 2.0, 3.0, 5.0, 3.0, 2.0, 1.0, 6.0, 2.0, 6.0, 1.0, 2.0], [6.0, 2.0, 2.0, 1.0, 6.0, 3.0, 6.0, 1.0, 2.0, 2.0, 3.0, 3.0, 2.0, 1.0, 6.0, 1.0, 1.0, 6.0, 2.0, 2.0, 5.0, 2.0, 2.0, 3.0, 6.0, 1.0, 1.0, 2.0, 2.0, 3.0, 4.0, 3.0, 1.0, 1.0, 6.0, 3.0, 6.0, 1.0, 2.0], [6.0, 2.0, 2.0, 1.0, 5.0, 2.0, 5.0, 1.0, 2.0, 2.0, 2.0, 5.0, 2.0, 1.0, 6.0, 1.0, 1.0, 2.0, 2.0, 2.0, 4.0, 2.0, 2.0, 3.0, 6.0, 1.0, 1.0, 2.0, 2.0, 4.0, 4.0, 4.0, 1.0, 1.0, 6.0, 3.0, 6.0, 1.0, 2.0], [5.0, 2.0, 2.0, 1.0, 6.0, 2.0, 5.0, 1.0, 3.0, 2.0, 2.0, 3.0, 2.0, 1.0, 6.0, 1.0, 1.0, 6.0, 2.0, 2.0, 5.0, 4.0, 2.0, 3.0, 5.0, 1.0, 1.0, 2.0, 2.0, 4.0, 4.0, 3.0, 1.0, 1.0, 6.0, 3.0, 6.0, 1.0, 1.0], [6.0, 2.0, 2.0, 1.0, 6.0, 2.0, 5.0, 1.0, 3.0, 2.0, 3.0, 3.0, 2.0, 1.0, 6.0, 1.0, 1.0, 3.0, 2.0, 1.0, 4.0, 4.0, 2.0, 3.0, 6.0, 1.0, 1.0, 2.0, 2.0, 4.0, 4.0, 3.0, 1.0, 1.0, 6.0, 3.0, 6.0, 1.0, 1.0], [6.0, 2.0, 2.0, 1.0, 5.0, 2.0, 5.0, 1.0, 3.0, 3.0, 3.0, 5.0, 3.0, 1.0, 6.0, 1.0, 1.0, 3.0, 1.0, 2.0, 5.0, 2.0, 2.0, 3.0, 6.0, 1.0, 1.0, 2.0, 2.0, 4.0, 5.0, 3.0, 1.0, 1.0, 6.0, 3.0, 6.0, 1.0, 1.0], [6.0, 3.0, 2.0, 2.0, 6.0, 2.0, 5.0, 1.0, 2.0, 2.0, 3.0, 3.0, 2.0, 1.0, 6.0, 1.0, 1.0, 6.0, 2.0, 2.0, 5.0, 4.0, 2.0, 3.0, 6.0, 1.0, 1.0, 2.0, 2.0, 4.0, 5.0, 4.0, 1.0, 1.0, 6.0, 3.0, 6.0, 1.0, 1.0], [6.0, 2.0, 2.0, 1.0, 5.0, 2.0, 5.0, 1.0, 2.0, 2.0, 3.0, 2.0, 2.0, 1.0, 6.0, 1.0, 1.0, 6.0, 2.0, 2.0, 5.0, 4.0, 2.0, 3.0, 6.0, 1.0, 1.0, 2.0, 2.0, 3.0, 4.0, 2.0, 1.0, 1.0, 6.0, 3.0, 6.0, 1.0, 1.0], [6.0, 2.0, 3.0, 2.0, 6.0, 2.0, 5.0, 1.0, 2.0, 2.0, 2.0, 5.0, 2.0, 1.0, 6.0, 1.0, 2.0, 3.0, 2.0, 2.0, 5.0, 2.0, 2.0, 3.0, 6.0, 1.0, 1.0, 2.0, 2.0, 3.0, 3.0, 2.0, 1.0, 1.0, 6.0, 3.0, 6.0, 1.0, 1.0], [6.0, 3.0, 2.0, 1.0, 6.0, 2.0, 5.0, 1.0, 3.0, 2.0, 3.0, 3.0, 2.0, 1.0, 6.0, 1.0, 1.0, 6.0, 1.0, 2.0, 5.0, 2.0, 2.0, 3.0, 6.0, 1.0, 1.0, 2.0, 2.0, 4.0, 4.0, 3.0, 1.0, 2.0, 6.0, 3.0, 6.0, 1.0, 1.0], [6.0, 2.0, 2.0, 1.0, 6.0, 2.0, 5.0, 1.0, 2.0, 1.0, 2.0, 4.0, 2.0, 1.0, 6.0, 1.0, 1.0, 6.0, 2.0, 2.0, 5.0, 2.0, 2.0, 3.0, 5.0, 1.0, 1.0, 2.0, 2.0, 4.0, 4.0, 2.0, 1.0, 1.0, 6.0, 3.0, 6.0, 1.0, 1.0], [5.0, 2.0, 2.0, 2.0, 5.0, 2.0, 5.0, 1.0, 3.0, 2.0, 3.0, 5.0, 2.0, 1.0, 6.0, 1.0, 1.0, 5.0, 1.0, 2.0, 5.0, 2.0, 2.0, 3.0, 6.0, 1.0, 1.0, 2.0, 2.0, 2.0, 5.0, 2.0, 1.0, 1.0, 6.0, 3.0, 6.0, 1.0, 1.0], [5.0, 2.0, 2.0, 1.0, 6.0, 2.0, 5.0, 1.0, 2.0, 2.0, 3.0, 5.0, 2.0, 1.0, 6.0, 1.0, 2.0, 6.0, 1.0, 2.0, 5.0, 2.0, 2.0, 3.0, 6.0, 1.0, 2.0, 2.0, 2.0, 4.0, 3.0, 3.0, 1.0, 1.0, 6.0, 3.0, 6.0, 1.0, 1.0], [3.0, 2.0, 2.0, 2.0, 5.0, 2.0, 5.0, 1.0, 4.0, 2.0, 3.0, 3.0, 2.0, 1.0, 6.0, 1.0, 1.0, 6.0, 2.0, 2.0, 5.0, 2.0, 2.0, 3.0, 5.0, 1.0, 1.0, 2.0, 2.0, 4.0, 5.0, 3.0, 1.0, 2.0, 6.0, 2.0, 6.0, 1.0, 2.0], [6.0, 2.0, 2.0, 1.0, 6.0, 2.0, 5.0, 1.0, 2.0, 2.0, 3.0, 3.0, 2.0, 1.0, 5.0, 1.0, 1.0, 6.0, 2.0, 2.0, 5.0, 4.0, 2.0, 3.0, 5.0, 1.0, 1.0, 2.0, 2.0, 4.0, 5.0, 2.0, 1.0, 1.0, 6.0, 3.0, 6.0, 1.0, 1.0], [3.0, 2.0, 2.0, 2.0, 5.0, 2.0, 5.0, 1.0, 3.0, 2.0, 2.0, 3.0, 2.0, 1.0, 5.0, 1.0, 1.0, 3.0, 1.0, 2.0, 5.0, 4.0, 2.0, 3.0, 6.0, 1.0, 1.0, 2.0, 2.0, 4.0, 4.0, 3.0, 1.0, 2.0, 6.0, 3.0, 6.0, 1.0, 2.0], [6.0, 3.0, 2.0, 1.0, 6.0, 2.0, 5.0, 1.0, 2.0, 2.0, 2.0, 3.0, 2.0, 1.0, 6.0, 1.0, 1.0, 6.0, 2.0, 2.0, 5.0, 4.0, 2.0, 3.0, 5.0, 1.0, 1.0, 2.0, 2.0, 2.0, 6.0, 2.0, 1.0, 1.0, 6.0, 3.0, 6.0, 1.0, 2.0], [5.0, 2.0, 2.0, 2.0, 5.0, 2.0, 5.0, 1.0, 3.0, 2.0, 3.0, 5.0, 2.0, 1.0, 6.0, 1.0, 1.0, 6.0, 1.0, 2.0, 5.0, 4.0, 2.0, 3.0, 5.0, 1.0, 2.0, 2.0, 2.0, 2.0, 2.0, 3.0, 1.0, 1.0, 6.0, 4.0, 6.0, 1.0, 1.0], [6.0, 3.0, 3.0, 2.0, 3.0, 2.0, 5.0, 1.0, 2.0, 3.0, 3.0, 3.0, 3.0, 1.0, 5.0, 1.0, 1.0, 6.0, 1.0, 2.0, 5.0, 4.0, 2.0, 3.0, 6.0, 1.0, 1.0, 2.0, 2.0, 3.0, 4.0, 2.0, 1.0, 1.0, 6.0, 2.0, 6.0, 1.0, 1.0], [6.0, 2.0, 2.0, 2.0, 6.0, 2.0, 5.0, 1.0, 2.0, 2.0, 3.0, 3.0, 2.0, 1.0, 6.0, 1.0, 1.0, 6.0, 1.0, 2.0, 4.0, 2.0, 2.0, 3.0, 5.0, 1.0, 2.0, 2.0, 2.0, 2.0, 5.0, 2.0, 1.0, 1.0, 6.0, 4.0, 6.0, 1.0, 1.0], [5.0, 2.0, 2.0, 2.0, 5.0, 2.0, 5.0, 1.0, 2.0, 3.0, 3.0, 5.0, 4.0, 1.0, 6.0, 1.0, 1.0, 2.0, 2.0, 2.0, 5.0, 2.0, 2.0, 3.0, 6.0, 1.0, 1.0, 2.0, 2.0, 2.0, 5.0, 3.0, 1.0, 1.0, 6.0, 3.0, 6.0, 1.0, 1.0], [5.0, 3.0, 2.0, 1.0, 6.0, 2.0, 5.0, 1.0, 2.0, 2.0, 3.0, 3.0, 2.0, 1.0, 6.0, 1.0, 1.0, 6.0, 2.0, 2.0, 5.0, 2.0, 2.0, 3.0, 6.0, 1.0, 1.0, 2.0, 2.0, 2.0, 4.0, 2.0, 1.0, 1.0, 6.0, 3.0, 6.0, 1.0, 1.0], [6.0, 2.0, 2.0, 2.0, 5.0, 2.0, 5.0, 1.0, 2.0, 2.0, 3.0, 3.0, 2.0, 1.0, 6.0, 1.0, 1.0, 6.0, 2.0, 2.0, 3.0, 4.0, 2.0, 3.0, 6.0, 1.0, 1.0, 2.0, 2.0, 3.0, 5.0, 2.0, 1.0, 1.0, 6.0, 3.0, 6.0, 1.0, 1.0], [6.0, 2.0, 2.0, 1.0, 6.0, 2.0, 6.0, 1.0, 3.0, 2.0, 2.0, 3.0, 2.0, 1.0, 6.0, 1.0, 1.0, 6.0, 2.0, 1.0, 5.0, 2.0, 2.0, 3.0, 6.0, 1.0, 1.0, 2.0, 2.0, 2.0, 6.0, 3.0, 1.0, 1.0, 6.0, 3.0, 6.0, 1.0, 2.0], [6.0, 2.0, 2.0, 1.0, 5.0, 2.0, 5.0, 1.0, 3.0, 2.0, 3.0, 3.0, 2.0, 1.0, 6.0, 1.0, 2.0, 6.0, 2.0, 2.0, 4.0, 2.0, 2.0, 3.0, 5.0, 1.0, 2.0, 2.0, 2.0, 2.0, 5.0, 2.0, 1.0, 1.0, 6.0, 2.0, 6.0, 1.0, 2.0], [6.0, 2.0, 2.0, 1.0, 5.0, 2.0, 5.0, 2.0, 2.0, 1.0, 3.0, 5.0, 2.0, 1.0, 6.0, 1.0, 2.0, 6.0, 1.0, 2.0, 5.0, 2.0, 2.0, 3.0, 6.0, 1.0, 1.0, 2.0, 2.0, 4.0, 5.0, 3.0, 1.0, 1.0, 6.0, 3.0, 6.0, 1.0, 1.0], [6.0, 2.0, 2.0, 2.0, 6.0, 2.0, 5.0, 1.0, 3.0, 3.0, 2.0, 3.0, 2.0, 1.0, 6.0, 1.0, 1.0, 6.0, 1.0, 2.0, 5.0, 2.0, 2.0, 3.0, 6.0, 1.0, 1.0, 2.0, 2.0, 2.0, 4.0, 2.0, 1.0, 1.0, 6.0, 3.0, 6.0, 1.0, 1.0], [6.0, 2.0, 2.0, 1.0, 6.0, 2.0, 5.0, 1.0, 2.0, 2.0, 3.0, 3.0, 2.0, 1.0, 6.0, 1.0, 1.0, 6.0, 1.0, 2.0, 5.0, 2.0, 2.0, 3.0, 5.0, 1.0, 1.0, 2.0, 2.0, 4.0, 5.0, 2.0, 1.0, 1.0, 6.0, 3.0, 6.0, 1.0, 1.0], [5.0, 2.0, 2.0, 2.0, 5.0, 3.0, 5.0, 1.0, 2.0, 2.0, 3.0, 5.0, 2.0, 1.0, 6.0, 1.0, 2.0, 6.0, 1.0, 1.0, 5.0, 4.0, 2.0, 3.0, 6.0, 1.0, 2.0, 2.0, 2.0, 3.0, 5.0, 2.0, 1.0, 1.0, 6.0, 3.0, 6.0, 1.0, 1.0], [6.0, 2.0, 2.0, 2.0, 5.0, 2.0, 5.0, 1.0, 3.0, 2.0, 3.0, 3.0, 2.0, 1.0, 6.0, 1.0, 1.0, 6.0, 1.0, 2.0, 5.0, 2.0, 2.0, 4.0, 5.0, 1.0, 1.0, 2.0, 2.0, 3.0, 5.0, 2.0, 1.0, 1.0, 6.0, 3.0, 6.0, 1.0, 1.0], [6.0, 2.0, 2.0, 2.0, 6.0, 3.0, 6.0, 1.0, 2.0, 2.0, 3.0, 3.0, 3.0, 1.0, 6.0, 1.0, 1.0, 6.0, 1.0, 2.0, 5.0, 4.0, 2.0, 3.0, 6.0, 1.0, 1.0, 2.0, 2.0, 4.0, 2.0, 3.0, 1.0, 1.0, 6.0, 3.0, 6.0, 1.0, 2.0], [6.0, 2.0, 2.0, 1.0, 5.0, 2.0, 5.0, 1.0, 2.0, 2.0, 2.0, 3.0, 2.0, 1.0, 6.0, 1.0, 1.0, 6.0, 1.0, 2.0, 3.0, 4.0, 2.0, 3.0, 6.0, 1.0, 1.0, 2.0, 2.0, 4.0, 5.0, 2.0, 1.0, 1.0, 6.0, 3.0, 6.0, 1.0, 1.0], [6.0, 2.0, 3.0, 2.0, 6.0, 2.0, 5.0, 1.0, 3.0, 2.0, 3.0, 5.0, 3.0, 1.0, 5.0, 1.0, 1.0, 6.0, 2.0, 2.0, 5.0, 2.0, 2.0, 3.0, 6.0, 1.0, 1.0, 2.0, 2.0, 4.0, 4.0, 3.0, 1.0, 1.0, 6.0, 4.0, 6.0, 1.0, 2.0], [6.0, 2.0, 1.0, 1.0, 3.0, 2.0, 5.0, 1.0, 2.0, 2.0, 3.0, 3.0, 2.0, 1.0, 6.0, 1.0, 2.0, 5.0, 2.0, 2.0, 5.0, 4.0, 2.0, 3.0, 6.0, 1.0, 1.0, 2.0, 2.0, 3.0, 5.0, 3.0, 1.0, 1.0, 6.0, 2.0, 6.0, 1.0, 1.0], [6.0, 2.0, 2.0, 1.0, 6.0, 2.0, 5.0, 1.0, 2.0, 2.0, 4.0, 3.0, 2.0, 1.0, 6.0, 1.0, 1.0, 6.0, 2.0, 2.0, 5.0, 4.0, 2.0, 3.0, 6.0, 1.0, 1.0, 2.0, 2.0, 4.0, 5.0, 2.0, 1.0, 2.0, 6.0, 3.0, 6.0, 1.0, 2.0], [6.0, 2.0, 3.0, 1.0, 6.0, 2.0, 5.0, 1.0, 2.0, 2.0, 2.0, 3.0, 2.0, 1.0, 6.0, 1.0, 1.0, 6.0, 1.0, 2.0, 4.0, 2.0, 2.0, 3.0, 6.0, 1.0, 1.0, 2.0, 2.0, 4.0, 4.0, 2.0, 1.0, 1.0, 6.0, 3.0, 6.0, 1.0, 1.0], [6.0, 2.0, 2.0, 1.0, 6.0, 2.0, 5.0, 1.0, 2.0, 2.0, 3.0, 5.0, 2.0, 1.0, 6.0, 1.0, 1.0, 3.0, 2.0, 2.0, 5.0, 4.0, 2.0, 3.0, 6.0, 1.0, 2.0, 2.0, 2.0, 3.0, 3.0, 2.0, 1.0, 1.0, 6.0, 3.0, 6.0, 1.0, 1.0], [6.0, 2.0, 2.0, 1.0, 6.0, 2.0, 5.0, 1.0, 2.0, 3.0, 3.0, 3.0, 2.0, 1.0, 6.0, 1.0, 1.0, 6.0, 1.0, 2.0, 5.0, 2.0, 2.0, 3.0, 6.0, 1.0, 1.0, 2.0, 2.0, 4.0, 5.0, 2.0, 1.0, 1.0, 6.0, 2.0, 6.0, 1.0, 1.0], [6.0, 3.0, 2.0, 2.0, 6.0, 2.0, 5.0, 1.0, 2.0, 2.0, 3.0, 3.0, 2.0, 1.0, 5.0, 1.0, 1.0, 6.0, 2.0, 2.0, 5.0, 4.0, 2.0, 3.0, 6.0, 1.0, 1.0, 2.0, 2.0, 4.0, 4.0, 3.0, 1.0, 1.0, 6.0, 3.0, 6.0, 1.0, 1.0], [6.0, 2.0, 2.0, 2.0, 5.0, 2.0, 5.0, 1.0, 2.0, 1.0, 4.0, 5.0, 3.0, 1.0, 6.0, 1.0, 1.0, 2.0, 1.0, 1.0, 5.0, 2.0, 2.0, 4.0, 6.0, 1.0, 1.0, 2.0, 2.0, 4.0, 5.0, 3.0, 2.0, 2.0, 6.0, 3.0, 6.0, 1.0, 1.0], [6.0, 2.0, 2.0, 2.0, 6.0, 2.0, 5.0, 1.0, 2.0, 2.0, 2.0, 3.0, 2.0, 1.0, 6.0, 1.0, 2.0, 6.0, 1.0, 2.0, 5.0, 2.0, 2.0, 4.0, 6.0, 1.0, 1.0, 2.0, 2.0, 4.0, 4.0, 4.0, 1.0, 1.0, 6.0, 3.0, 6.0, 1.0, 2.0], [6.0, 2.0, 2.0, 1.0, 6.0, 2.0, 5.0, 1.0, 2.0, 2.0, 3.0, 4.0, 2.0, 1.0, 6.0, 1.0, 1.0, 6.0, 2.0, 1.0, 5.0, 4.0, 2.0, 3.0, 5.0, 1.0, 1.0, 2.0, 2.0, 4.0, 5.0, 3.0, 1.0, 1.0, 6.0, 2.0, 6.0, 1.0, 1.0]]

first layer check: Conv2d(9, 64, kernel_size=(7, 7), stride=(2, 2), padding=(3, 3), bias=False)

for model 4: mode acc: 0.5897436141967773, run mean acc: 0.6420832872390747, top-2 acc:0.8058333396911621, mode f1: 0.5897436141967773

model 4 mode preds
[6.0, 2.0, 2.0, 2.0, 6.0, 2.0, 5.0, 1.0, 2.0, 2.0, 3.0, 5.0, 2.0, 2.0, 6.0, 2.0, 2.0, 6.0, 2.0, 2.0, 5.0, 4.0, 2.0, 3.0, 6.0, 2.0, 2.0, 2.0, 2.0, 5.0, 5.0, 3.0, 2.0, 2.0, 6.0, 5.0, 6.0, 2.0, 2.0]

model 4 all preds
[[6.0, 2.0, 2.0, 2.0, 6.0, 6.0, 6.0, 1.0, 2.0, 2.0, 4.0, 5.0, 2.0, 2.0, 6.0, 2.0, 2.0, 6.0, 2.0, 2.0, 5.0, 4.0, 2.0, 3.0, 6.0, 2.0, 2.0, 2.0, 2.0, 6.0, 5.0, 2.0, 2.0, 2.0, 6.0, 5.0, 6.0, 2.0, 2.0], [6.0, 3.0, 2.0, 2.0, 6.0, 2.0, 5.0, 1.0, 2.0, 2.0, 3.0, 5.0, 2.0, 2.0, 6.0, 2.0, 2.0, 6.0, 2.0, 2.0, 5.0, 4.0, 2.0, 3.0, 6.0, 2.0, 2.0, 2.0, 2.0, 5.0, 4.0, 3.0, 2.0, 2.0, 6.0, 5.0, 6.0, 2.0, 2.0], [6.0, 2.0, 2.0, 2.0, 6.0, 2.0, 5.0, 1.0, 2.0, 2.0, 4.0, 5.0, 2.0, 2.0, 5.0, 2.0, 2.0, 6.0, 2.0, 2.0, 5.0, 4.0, 2.0, 3.0, 6.0, 2.0, 2.0, 2.0, 2.0, 5.0, 5.0, 2.0, 2.0, 2.0, 6.0, 6.0, 6.0, 2.0, 2.0], [6.0, 2.0, 2.0, 2.0, 6.0, 2.0, 5.0, 1.0, 2.0, 2.0, 4.0, 3.0, 2.0, 2.0, 6.0, 2.0, 2.0, 6.0, 2.0, 2.0, 3.0, 2.0, 2.0, 5.0, 6.0, 2.0, 2.0, 2.0, 2.0, 6.0, 5.0, 3.0, 2.0, 2.0, 6.0, 6.0, 6.0, 2.0, 2.0], [6.0, 2.0, 2.0, 1.0, 6.0, 4.0, 5.0, 1.0, 2.0, 2.0, 3.0, 5.0, 3.0, 2.0, 6.0, 2.0, 2.0, 6.0, 2.0, 2.0, 5.0, 2.0, 2.0, 3.0, 6.0, 2.0, 2.0, 2.0, 2.0, 2.0, 2.0, 3.0, 2.0, 2.0, 6.0, 5.0, 6.0, 2.0, 2.0], [6.0, 2.0, 2.0, 2.0, 6.0, 2.0, 6.0, 2.0, 3.0, 2.0, 3.0, 5.0, 2.0, 2.0, 6.0, 2.0, 2.0, 6.0, 2.0, 2.0, 5.0, 4.0, 2.0, 5.0, 6.0, 2.0, 2.0, 2.0, 2.0, 5.0, 5.0, 2.0, 2.0, 2.0, 6.0, 4.0, 6.0, 2.0, 2.0], [6.0, 4.0, 2.0, 1.0, 6.0, 2.0, 5.0, 1.0, 2.0, 2.0, 5.0, 5.0, 2.0, 2.0, 6.0, 2.0, 2.0, 6.0, 2.0, 2.0, 3.0, 4.0, 2.0, 3.0, 6.0, 2.0, 2.0, 2.0, 2.0, 2.0, 5.0, 3.0, 2.0, 2.0, 6.0, 5.0, 6.0, 2.0, 2.0], [6.0, 2.0, 2.0, 2.0, 5.0, 2.0, 6.0, 1.0, 2.0, 2.0, 3.0, 5.0, 2.0, 2.0, 6.0, 2.0, 2.0, 6.0, 2.0, 2.0, 5.0, 2.0, 2.0, 3.0, 6.0, 2.0, 2.0, 2.0, 2.0, 2.0, 5.0, 3.0, 2.0, 2.0, 6.0, 4.0, 6.0, 2.0, 2.0], [6.0, 2.0, 2.0, 2.0, 6.0, 2.0, 5.0, 2.0, 2.0, 2.0, 5.0, 3.0, 5.0, 2.0, 6.0, 2.0, 2.0, 6.0, 2.0, 2.0, 5.0, 4.0, 2.0, 3.0, 6.0, 2.0, 2.0, 2.0, 2.0, 5.0, 5.0, 3.0, 2.0, 2.0, 6.0, 4.0, 6.0, 2.0, 2.0], [6.0, 2.0, 2.0, 2.0, 6.0, 2.0, 6.0, 2.0, 2.0, 2.0, 3.0, 5.0, 2.0, 2.0, 6.0, 2.0, 2.0, 5.0, 2.0, 2.0, 5.0, 4.0, 2.0, 3.0, 6.0, 2.0, 2.0, 2.0, 2.0, 5.0, 5.0, 3.0, 2.0, 2.0, 6.0, 4.0, 6.0, 2.0, 2.0], [6.0, 2.0, 2.0, 2.0, 6.0, 2.0, 5.0, 1.0, 3.0, 2.0, 3.0, 5.0, 2.0, 2.0, 6.0, 2.0, 2.0, 6.0, 2.0, 2.0, 5.0, 2.0, 2.0, 3.0, 6.0, 2.0, 2.0, 2.0, 2.0, 5.0, 6.0, 3.0, 2.0, 2.0, 6.0, 5.0, 6.0, 2.0, 2.0], [6.0, 2.0, 2.0, 2.0, 6.0, 2.0, 5.0, 2.0, 2.0, 2.0, 4.0, 5.0, 4.0, 2.0, 6.0, 2.0, 2.0, 6.0, 2.0, 2.0, 5.0, 4.0, 2.0, 5.0, 6.0, 2.0, 2.0, 2.0, 2.0, 2.0, 6.0, 3.0, 2.0, 2.0, 6.0, 6.0, 6.0, 2.0, 2.0], [6.0, 2.0, 2.0, 2.0, 6.0, 2.0, 5.0, 2.0, 2.0, 2.0, 3.0, 3.0, 4.0, 2.0, 6.0, 2.0, 2.0, 5.0, 2.0, 2.0, 5.0, 4.0, 2.0, 3.0, 6.0, 2.0, 2.0, 2.0, 2.0, 3.0, 6.0, 3.0, 2.0, 2.0, 6.0, 6.0, 6.0, 2.0, 2.0], [6.0, 2.0, 2.0, 2.0, 5.0, 2.0, 6.0, 1.0, 2.0, 2.0, 3.0, 5.0, 3.0, 2.0, 6.0, 2.0, 2.0, 6.0, 2.0, 2.0, 5.0, 4.0, 2.0, 3.0, 6.0, 2.0, 2.0, 2.0, 2.0, 4.0, 5.0, 2.0, 2.0, 2.0, 6.0, 4.0, 6.0, 2.0, 2.0], [6.0, 4.0, 2.0, 2.0, 6.0, 2.0, 6.0, 2.0, 2.0, 2.0, 3.0, 5.0, 2.0, 2.0, 6.0, 2.0, 2.0, 6.0, 2.0, 2.0, 5.0, 4.0, 2.0, 3.0, 6.0, 2.0, 2.0, 2.0, 2.0, 2.0, 5.0, 3.0, 2.0, 2.0, 6.0, 6.0, 6.0, 2.0, 2.0], [6.0, 2.0, 2.0, 2.0, 6.0, 2.0, 5.0, 1.0, 3.0, 2.0, 4.0, 5.0, 3.0, 2.0, 6.0, 2.0, 2.0, 6.0, 2.0, 2.0, 5.0, 2.0, 2.0, 3.0, 6.0, 2.0, 2.0, 2.0, 2.0, 4.0, 5.0, 3.0, 2.0, 2.0, 6.0, 4.0, 6.0, 2.0, 2.0], [6.0, 2.0, 2.0, 1.0, 5.0, 2.0, 5.0, 2.0, 2.0, 2.0, 3.0, 6.0, 4.0, 2.0, 6.0, 2.0, 2.0, 5.0, 2.0, 2.0, 5.0, 2.0, 2.0, 3.0, 6.0, 2.0, 2.0, 2.0, 2.0, 5.0, 5.0, 3.0, 2.0, 2.0, 6.0, 6.0, 6.0, 2.0, 2.0], [5.0, 2.0, 2.0, 2.0, 6.0, 2.0, 6.0, 1.0, 2.0, 3.0, 3.0, 5.0, 2.0, 2.0, 6.0, 2.0, 2.0, 6.0, 2.0, 2.0, 3.0, 2.0, 2.0, 3.0, 6.0, 2.0, 2.0, 2.0, 2.0, 5.0, 5.0, 3.0, 2.0, 2.0, 6.0, 4.0, 6.0, 2.0, 2.0], [6.0, 4.0, 2.0, 2.0, 6.0, 6.0, 6.0, 2.0, 3.0, 2.0, 3.0, 5.0, 2.0, 2.0, 6.0, 2.0, 2.0, 6.0, 2.0, 2.0, 5.0, 4.0, 2.0, 3.0, 6.0, 2.0, 2.0, 2.0, 2.0, 2.0, 5.0, 3.0, 2.0, 2.0, 6.0, 4.0, 6.0, 2.0, 2.0], [6.0, 2.0, 2.0, 2.0, 6.0, 2.0, 6.0, 2.0, 2.0, 2.0, 3.0, 5.0, 2.0, 2.0, 6.0, 2.0, 2.0, 6.0, 2.0, 2.0, 5.0, 4.0, 2.0, 5.0, 6.0, 2.0, 2.0, 2.0, 2.0, 2.0, 5.0, 3.0, 2.0, 2.0, 6.0, 5.0, 6.0, 2.0, 2.0], [6.0, 2.0, 2.0, 2.0, 6.0, 2.0, 5.0, 1.0, 2.0, 2.0, 4.0, 6.0, 2.0, 2.0, 6.0, 2.0, 2.0, 6.0, 2.0, 2.0, 5.0, 4.0, 2.0, 3.0, 6.0, 2.0, 2.0, 2.0, 2.0, 6.0, 6.0, 2.0, 2.0, 2.0, 6.0, 5.0, 6.0, 2.0, 2.0], [6.0, 2.0, 2.0, 2.0, 6.0, 2.0, 5.0, 2.0, 2.0, 2.0, 3.0, 5.0, 2.0, 2.0, 6.0, 2.0, 2.0, 6.0, 2.0, 2.0, 5.0, 4.0, 2.0, 3.0, 6.0, 2.0, 2.0, 2.0, 2.0, 5.0, 5.0, 3.0, 2.0, 2.0, 6.0, 4.0, 6.0, 2.0, 2.0], [6.0, 4.0, 2.0, 2.0, 6.0, 2.0, 5.0, 2.0, 2.0, 2.0, 4.0, 5.0, 4.0, 2.0, 6.0, 2.0, 2.0, 6.0, 2.0, 2.0, 5.0, 4.0, 2.0, 3.0, 6.0, 2.0, 2.0, 2.0, 2.0, 3.0, 6.0, 3.0, 2.0, 2.0, 6.0, 6.0, 6.0, 2.0, 2.0], [6.0, 2.0, 2.0, 2.0, 6.0, 2.0, 5.0, 1.0, 3.0, 2.0, 2.0, 6.0, 2.0, 2.0, 6.0, 2.0, 2.0, 6.0, 2.0, 2.0, 4.0, 4.0, 2.0, 3.0, 6.0, 2.0, 2.0, 2.0, 2.0, 2.0, 5.0, 3.0, 2.0, 2.0, 6.0, 4.0, 6.0, 2.0, 2.0], [6.0, 2.0, 2.0, 2.0, 6.0, 2.0, 5.0, 2.0, 3.0, 2.0, 3.0, 5.0, 4.0, 2.0, 6.0, 2.0, 2.0, 6.0, 2.0, 2.0, 5.0, 4.0, 2.0, 3.0, 6.0, 2.0, 2.0, 2.0, 2.0, 6.0, 6.0, 3.0, 2.0, 2.0, 6.0, 5.0, 6.0, 2.0, 2.0], [6.0, 2.0, 2.0, 2.0, 6.0, 2.0, 5.0, 2.0, 2.0, 2.0, 3.0, 5.0, 4.0, 2.0, 6.0, 2.0, 2.0, 6.0, 2.0, 2.0, 5.0, 4.0, 2.0, 3.0, 6.0, 2.0, 2.0, 2.0, 2.0, 5.0, 6.0, 3.0, 2.0, 2.0, 6.0, 6.0, 6.0, 2.0, 2.0], [6.0, 2.0, 2.0, 2.0, 6.0, 2.0, 5.0, 2.0, 2.0, 2.0, 4.0, 5.0, 2.0, 2.0, 6.0, 2.0, 2.0, 6.0, 2.0, 2.0, 5.0, 2.0, 2.0, 3.0, 6.0, 2.0, 2.0, 2.0, 2.0, 5.0, 5.0, 3.0, 2.0, 2.0, 6.0, 5.0, 6.0, 2.0, 3.0], [6.0, 2.0, 2.0, 1.0, 6.0, 2.0, 5.0, 1.0, 2.0, 2.0, 4.0, 6.0, 2.0, 2.0, 6.0, 2.0, 2.0, 6.0, 2.0, 2.0, 5.0, 2.0, 2.0, 5.0, 6.0, 2.0, 2.0, 2.0, 2.0, 5.0, 5.0, 2.0, 2.0, 2.0, 6.0, 5.0, 6.0, 2.0, 2.0], [6.0, 4.0, 2.0, 2.0, 6.0, 2.0, 6.0, 2.0, 2.0, 2.0, 3.0, 5.0, 3.0, 2.0, 6.0, 2.0, 2.0, 6.0, 2.0, 2.0, 5.0, 4.0, 2.0, 3.0, 6.0, 2.0, 2.0, 2.0, 2.0, 5.0, 6.0, 3.0, 2.0, 2.0, 6.0, 2.0, 6.0, 2.0, 2.0], [6.0, 2.0, 2.0, 2.0, 6.0, 2.0, 5.0, 2.0, 3.0, 2.0, 3.0, 5.0, 4.0, 2.0, 6.0, 2.0, 2.0, 6.0, 2.0, 2.0, 5.0, 4.0, 2.0, 3.0, 6.0, 2.0, 2.0, 2.0, 2.0, 5.0, 6.0, 3.0, 2.0, 2.0, 6.0, 6.0, 6.0, 2.0, 2.0], [6.0, 4.0, 2.0, 2.0, 6.0, 2.0, 6.0, 1.0, 2.0, 2.0, 3.0, 5.0, 2.0, 2.0, 6.0, 2.0, 2.0, 6.0, 2.0, 2.0, 5.0, 4.0, 2.0, 3.0, 6.0, 2.0, 2.0, 2.0, 2.0, 5.0, 5.0, 3.0, 2.0, 2.0, 6.0, 6.0, 6.0, 2.0, 2.0], [6.0, 2.0, 2.0, 2.0, 6.0, 2.0, 6.0, 1.0, 3.0, 2.0, 3.0, 5.0, 2.0, 2.0, 6.0, 2.0, 2.0, 6.0, 2.0, 2.0, 5.0, 2.0, 2.0, 3.0, 6.0, 2.0, 2.0, 2.0, 2.0, 2.0, 5.0, 3.0, 2.0, 2.0, 6.0, 4.0, 6.0, 2.0, 2.0], [6.0, 4.0, 2.0, 2.0, 6.0, 2.0, 5.0, 2.0, 2.0, 2.0, 3.0, 5.0, 2.0, 2.0, 6.0, 2.0, 2.0, 6.0, 2.0, 2.0, 5.0, 2.0, 2.0, 3.0, 6.0, 2.0, 2.0, 2.0, 2.0, 2.0, 6.0, 3.0, 2.0, 2.0, 6.0, 6.0, 6.0, 2.0, 2.0], [6.0, 2.0, 2.0, 2.0, 6.0, 2.0, 6.0, 1.0, 2.0, 2.0, 4.0, 6.0, 2.0, 2.0, 6.0, 2.0, 2.0, 5.0, 2.0, 2.0, 5.0, 2.0, 2.0, 5.0, 6.0, 2.0, 2.0, 2.0, 2.0, 2.0, 6.0, 2.0, 2.0, 2.0, 6.0, 5.0, 6.0, 2.0, 2.0], [6.0, 2.0, 2.0, 2.0, 6.0, 2.0, 5.0, 1.0, 2.0, 2.0, 3.0, 5.0, 2.0, 2.0, 6.0, 2.0, 2.0, 6.0, 2.0, 2.0, 5.0, 4.0, 2.0, 5.0, 6.0, 2.0, 2.0, 2.0, 2.0, 5.0, 5.0, 3.0, 2.0, 2.0, 6.0, 6.0, 6.0, 2.0, 2.0], [6.0, 2.0, 2.0, 2.0, 6.0, 2.0, 5.0, 2.0, 2.0, 2.0, 4.0, 5.0, 2.0, 2.0, 6.0, 2.0, 2.0, 6.0, 2.0, 2.0, 5.0, 4.0, 2.0, 5.0, 6.0, 2.0, 2.0, 2.0, 2.0, 5.0, 5.0, 3.0, 2.0, 2.0, 6.0, 4.0, 6.0, 2.0, 2.0], [6.0, 2.0, 2.0, 2.0, 6.0, 2.0, 6.0, 1.0, 3.0, 2.0, 4.0, 5.0, 3.0, 2.0, 6.0, 2.0, 2.0, 6.0, 2.0, 2.0, 5.0, 4.0, 2.0, 3.0, 6.0, 2.0, 2.0, 2.0, 2.0, 3.0, 5.0, 2.0, 2.0, 2.0, 6.0, 5.0, 6.0, 2.0, 2.0], [6.0, 2.0, 2.0, 2.0, 6.0, 2.0, 5.0, 2.0, 2.0, 2.0, 3.0, 3.0, 3.0, 2.0, 6.0, 2.0, 2.0, 6.0, 2.0, 2.0, 5.0, 2.0, 2.0, 3.0, 6.0, 2.0, 2.0, 2.0, 2.0, 2.0, 5.0, 2.0, 2.0, 2.0, 6.0, 4.0, 6.0, 2.0, 2.0], [6.0, 2.0, 2.0, 2.0, 6.0, 2.0, 5.0, 1.0, 2.0, 2.0, 3.0, 6.0, 4.0, 2.0, 6.0, 2.0, 2.0, 6.0, 2.0, 2.0, 5.0, 4.0, 2.0, 3.0, 6.0, 2.0, 2.0, 2.0, 2.0, 5.0, 4.0, 3.0, 2.0, 2.0, 6.0, 5.0, 6.0, 2.0, 2.0], [6.0, 2.0, 2.0, 2.0, 3.0, 2.0, 6.0, 1.0, 3.0, 2.0, 4.0, 5.0, 2.0, 2.0, 6.0, 2.0, 2.0, 6.0, 2.0, 2.0, 4.0, 4.0, 2.0, 3.0, 6.0, 2.0, 2.0, 2.0, 2.0, 5.0, 6.0, 3.0, 2.0, 2.0, 6.0, 5.0, 6.0, 2.0, 2.0], [6.0, 4.0, 2.0, 2.0, 6.0, 2.0, 5.0, 1.0, 2.0, 2.0, 4.0, 5.0, 2.0, 2.0, 6.0, 2.0, 2.0, 6.0, 2.0, 2.0, 5.0, 4.0, 2.0, 3.0, 6.0, 2.0, 2.0, 2.0, 2.0, 5.0, 5.0, 3.0, 2.0, 2.0, 6.0, 4.0, 6.0, 2.0, 2.0], [6.0, 2.0, 2.0, 1.0, 5.0, 2.0, 5.0, 2.0, 2.0, 2.0, 5.0, 5.0, 3.0, 2.0, 6.0, 2.0, 2.0, 6.0, 2.0, 2.0, 5.0, 2.0, 2.0, 3.0, 6.0, 2.0, 2.0, 2.0, 2.0, 5.0, 5.0, 3.0, 2.0, 2.0, 6.0, 5.0, 6.0, 2.0, 2.0], [6.0, 2.0, 2.0, 2.0, 6.0, 2.0, 5.0, 1.0, 2.0, 2.0, 2.0, 5.0, 4.0, 2.0, 6.0, 2.0, 2.0, 6.0, 2.0, 2.0, 4.0, 2.0, 2.0, 3.0, 6.0, 2.0, 2.0, 2.0, 2.0, 5.0, 5.0, 3.0, 2.0, 2.0, 6.0, 6.0, 6.0, 2.0, 2.0], [6.0, 2.0, 2.0, 2.0, 6.0, 2.0, 5.0, 1.0, 2.0, 2.0, 4.0, 5.0, 4.0, 2.0, 6.0, 2.0, 2.0, 6.0, 2.0, 2.0, 5.0, 4.0, 2.0, 3.0, 6.0, 2.0, 2.0, 2.0, 2.0, 5.0, 6.0, 3.0, 2.0, 2.0, 6.0, 4.0, 6.0, 2.0, 2.0], [6.0, 2.0, 2.0, 2.0, 6.0, 2.0, 6.0, 2.0, 2.0, 2.0, 3.0, 5.0, 4.0, 2.0, 6.0, 2.0, 2.0, 6.0, 2.0, 2.0, 5.0, 4.0, 2.0, 5.0, 6.0, 2.0, 2.0, 2.0, 2.0, 5.0, 5.0, 3.0, 2.0, 2.0, 6.0, 6.0, 6.0, 2.0, 2.0], [6.0, 2.0, 2.0, 2.0, 5.0, 2.0, 5.0, 1.0, 2.0, 2.0, 2.0, 5.0, 2.0, 2.0, 6.0, 2.0, 2.0, 6.0, 2.0, 2.0, 5.0, 4.0, 2.0, 5.0, 6.0, 2.0, 2.0, 2.0, 2.0, 6.0, 5.0, 3.0, 2.0, 2.0, 6.0, 5.0, 6.0, 2.0, 2.0], [6.0, 2.0, 2.0, 2.0, 6.0, 2.0, 5.0, 1.0, 2.0, 2.0, 4.0, 5.0, 4.0, 2.0, 6.0, 2.0, 2.0, 6.0, 2.0, 2.0, 5.0, 4.0, 2.0, 3.0, 6.0, 2.0, 2.0, 2.0, 2.0, 5.0, 5.0, 3.0, 2.0, 2.0, 6.0, 5.0, 6.0, 2.0, 2.0], [6.0, 2.0, 2.0, 2.0, 6.0, 2.0, 5.0, 1.0, 2.0, 2.0, 3.0, 5.0, 2.0, 2.0, 6.0, 2.0, 2.0, 6.0, 2.0, 2.0, 4.0, 2.0, 2.0, 3.0, 6.0, 2.0, 2.0, 2.0, 2.0, 5.0, 5.0, 3.0, 2.0, 2.0, 6.0, 6.0, 6.0, 2.0, 2.0], [6.0, 2.0, 2.0, 1.0, 6.0, 2.0, 5.0, 2.0, 2.0, 2.0, 3.0, 5.0, 4.0, 2.0, 6.0, 2.0, 2.0, 6.0, 2.0, 2.0, 5.0, 4.0, 2.0, 3.0, 6.0, 2.0, 2.0, 2.0, 2.0, 5.0, 5.0, 3.0, 2.0, 2.0, 6.0, 6.0, 6.0, 2.0, 2.0], [6.0, 2.0, 2.0, 2.0, 6.0, 2.0, 5.0, 1.0, 2.0, 2.0, 5.0, 5.0, 2.0, 2.0, 6.0, 2.0, 2.0, 3.0, 2.0, 2.0, 5.0, 2.0, 2.0, 5.0, 6.0, 2.0, 2.0, 2.0, 2.0, 5.0, 6.0, 3.0, 2.0, 2.0, 6.0, 6.0, 6.0, 2.0, 2.0]]

