first layer check: Conv2d(9, 64, kernel_size=(7, 7), stride=(2, 2), padding=(3, 3), bias=False)

target ys
[3.0, 2.0, 1.0, 2.0, 2.0, 6.0, 5.0, 3.0, 1.0, 2.0, 2.0, 3.0, 6.0, 5.0, 3.0, 3.0, 3.0, 3.0, 4.0, 4.0, 1.0, 2.0, 2.0, 5.0, 2.0, 4.0, 2.0, 6.0, 2.0, 6.0, 5.0, 6.0, 4.0, 1.0, 4.0, 4.0, 5.0, 2.0, 2.0, 6.0]

for model 0: mode acc: 0.5, run mean acc: 0.48499995470046997, top-2 acc:0.7437500953674316, mode f1: 0.5

model 0 mode preds
[3.0, 2.0, 2.0, 2.0, 2.0, 6.0, 5.0, 2.0, 1.0, 1.0, 2.0, 2.0, 3.0, 5.0, 4.0, 2.0, 4.0, 2.0, 5.0, 2.0, 1.0, 2.0, 2.0, 4.0, 2.0, 2.0, 2.0, 6.0, 1.0, 6.0, 6.0, 6.0, 2.0, 2.0, 2.0, 2.0, 2.0, 2.0, 2.0, 6.0]

model 0 all preds
[[3.0, 2.0, 2.0, 2.0, 2.0, 6.0, 6.0, 4.0, 1.0, 1.0, 2.0, 2.0, 3.0, 5.0, 2.0, 2.0, 2.0, 3.0, 5.0, 2.0, 1.0, 2.0, 2.0, 4.0, 2.0, 1.0, 2.0, 6.0, 1.0, 6.0, 5.0, 6.0, 2.0, 2.0, 2.0, 2.0, 2.0, 2.0, 2.0, 6.0], [3.0, 1.0, 2.0, 2.0, 2.0, 6.0, 5.0, 2.0, 1.0, 2.0, 2.0, 2.0, 3.0, 5.0, 4.0, 2.0, 2.0, 2.0, 5.0, 2.0, 1.0, 2.0, 2.0, 2.0, 2.0, 2.0, 1.0, 6.0, 1.0, 6.0, 6.0, 6.0, 2.0, 2.0, 2.0, 2.0, 2.0, 2.0, 2.0, 6.0], [3.0, 2.0, 2.0, 2.0, 3.0, 6.0, 5.0, 2.0, 1.0, 1.0, 2.0, 2.0, 3.0, 6.0, 4.0, 2.0, 4.0, 2.0, 5.0, 2.0, 1.0, 2.0, 2.0, 4.0, 2.0, 2.0, 2.0, 5.0, 1.0, 6.0, 6.0, 4.0, 2.0, 2.0, 2.0, 2.0, 2.0, 2.0, 1.0, 6.0], [3.0, 1.0, 2.0, 2.0, 3.0, 6.0, 5.0, 4.0, 1.0, 1.0, 2.0, 2.0, 3.0, 6.0, 2.0, 2.0, 4.0, 2.0, 5.0, 2.0, 1.0, 2.0, 2.0, 4.0, 2.0, 2.0, 2.0, 5.0, 1.0, 6.0, 6.0, 6.0, 2.0, 2.0, 2.0, 2.0, 2.0, 2.0, 1.0, 6.0], [3.0, 2.0, 2.0, 2.0, 2.0, 6.0, 6.0, 4.0, 1.0, 1.0, 2.0, 2.0, 3.0, 5.0, 2.0, 2.0, 4.0, 2.0, 5.0, 4.0, 1.0, 1.0, 2.0, 4.0, 2.0, 1.0, 2.0, 6.0, 1.0, 6.0, 6.0, 6.0, 2.0, 2.0, 2.0, 2.0, 2.0, 2.0, 1.0, 6.0], [3.0, 2.0, 2.0, 2.0, 3.0, 6.0, 5.0, 3.0, 1.0, 1.0, 1.0, 2.0, 3.0, 5.0, 4.0, 2.0, 2.0, 2.0, 5.0, 2.0, 1.0, 2.0, 2.0, 2.0, 2.0, 1.0, 2.0, 6.0, 1.0, 6.0, 6.0, 6.0, 2.0, 2.0, 2.0, 2.0, 2.0, 2.0, 2.0, 6.0], [3.0, 2.0, 2.0, 2.0, 3.0, 6.0, 5.0, 2.0, 1.0, 1.0, 2.0, 2.0, 3.0, 5.0, 4.0, 2.0, 4.0, 2.0, 5.0, 4.0, 1.0, 1.0, 2.0, 4.0, 2.0, 1.0, 2.0, 5.0, 1.0, 6.0, 6.0, 6.0, 2.0, 2.0, 2.0, 2.0, 2.0, 2.0, 1.0, 6.0], [3.0, 2.0, 2.0, 2.0, 2.0, 6.0, 5.0, 2.0, 1.0, 1.0, 2.0, 4.0, 3.0, 5.0, 4.0, 2.0, 2.0, 2.0, 2.0, 2.0, 1.0, 2.0, 2.0, 4.0, 2.0, 2.0, 1.0, 5.0, 1.0, 6.0, 6.0, 6.0, 2.0, 2.0, 2.0, 2.0, 2.0, 2.0, 1.0, 6.0], [3.0, 2.0, 2.0, 2.0, 2.0, 6.0, 5.0, 2.0, 1.0, 2.0, 2.0, 2.0, 3.0, 6.0, 2.0, 2.0, 2.0, 2.0, 2.0, 2.0, 1.0, 2.0, 2.0, 2.0, 2.0, 2.0, 2.0, 5.0, 1.0, 6.0, 6.0, 6.0, 2.0, 2.0, 2.0, 2.0, 2.0, 2.0, 1.0, 6.0], [3.0, 2.0, 2.0, 2.0, 2.0, 6.0, 6.0, 4.0, 1.0, 2.0, 2.0, 4.0, 3.0, 5.0, 4.0, 2.0, 4.0, 2.0, 5.0, 4.0, 1.0, 2.0, 2.0, 4.0, 2.0, 2.0, 2.0, 6.0, 1.0, 6.0, 6.0, 4.0, 4.0, 2.0, 2.0, 2.0, 2.0, 2.0, 2.0, 6.0], [3.0, 2.0, 2.0, 2.0, 2.0, 6.0, 5.0, 2.0, 1.0, 1.0, 2.0, 2.0, 3.0, 6.0, 2.0, 2.0, 2.0, 2.0, 2.0, 2.0, 1.0, 2.0, 2.0, 4.0, 2.0, 2.0, 1.0, 6.0, 1.0, 6.0, 6.0, 5.0, 4.0, 2.0, 2.0, 2.0, 2.0, 2.0, 1.0, 6.0], [3.0, 1.0, 2.0, 2.0, 2.0, 6.0, 5.0, 2.0, 1.0, 2.0, 2.0, 2.0, 3.0, 6.0, 2.0, 2.0, 2.0, 2.0, 5.0, 2.0, 1.0, 2.0, 2.0, 2.0, 2.0, 2.0, 1.0, 6.0, 1.0, 6.0, 5.0, 6.0, 2.0, 2.0, 2.0, 2.0, 2.0, 2.0, 2.0, 6.0], [3.0, 2.0, 2.0, 2.0, 2.0, 6.0, 5.0, 2.0, 1.0, 1.0, 2.0, 2.0, 3.0, 6.0, 4.0, 2.0, 4.0, 3.0, 5.0, 2.0, 1.0, 2.0, 2.0, 4.0, 2.0, 2.0, 1.0, 6.0, 1.0, 6.0, 6.0, 5.0, 2.0, 2.0, 2.0, 2.0, 2.0, 2.0, 2.0, 6.0], [3.0, 2.0, 2.0, 2.0, 2.0, 6.0, 5.0, 4.0, 1.0, 2.0, 2.0, 2.0, 3.0, 5.0, 4.0, 2.0, 4.0, 2.0, 2.0, 2.0, 1.0, 2.0, 2.0, 2.0, 2.0, 2.0, 2.0, 5.0, 1.0, 6.0, 6.0, 6.0, 2.0, 2.0, 2.0, 2.0, 2.0, 2.0, 2.0, 6.0], [3.0, 2.0, 2.0, 2.0, 2.0, 6.0, 5.0, 2.0, 1.0, 2.0, 2.0, 2.0, 3.0, 6.0, 2.0, 2.0, 4.0, 2.0, 5.0, 2.0, 1.0, 2.0, 2.0, 4.0, 2.0, 2.0, 2.0, 6.0, 1.0, 6.0, 6.0, 6.0, 2.0, 2.0, 2.0, 2.0, 2.0, 2.0, 1.0, 6.0], [3.0, 2.0, 2.0, 2.0, 2.0, 6.0, 5.0, 4.0, 1.0, 1.0, 2.0, 2.0, 3.0, 6.0, 4.0, 2.0, 4.0, 2.0, 5.0, 2.0, 1.0, 2.0, 2.0, 4.0, 3.0, 2.0, 2.0, 6.0, 1.0, 6.0, 6.0, 6.0, 2.0, 2.0, 2.0, 2.0, 2.0, 2.0, 2.0, 6.0], [3.0, 2.0, 2.0, 2.0, 2.0, 6.0, 5.0, 3.0, 1.0, 2.0, 2.0, 2.0, 3.0, 5.0, 4.0, 2.0, 2.0, 2.0, 5.0, 4.0, 1.0, 2.0, 2.0, 2.0, 2.0, 2.0, 2.0, 6.0, 1.0, 6.0, 6.0, 6.0, 2.0, 2.0, 2.0, 2.0, 2.0, 2.0, 2.0, 6.0], [3.0, 1.0, 2.0, 2.0, 2.0, 6.0, 5.0, 2.0, 1.0, 2.0, 2.0, 2.0, 3.0, 6.0, 4.0, 2.0, 4.0, 5.0, 5.0, 2.0, 1.0, 2.0, 2.0, 4.0, 2.0, 2.0, 2.0, 6.0, 1.0, 6.0, 6.0, 6.0, 2.0, 2.0, 2.0, 2.0, 2.0, 2.0, 2.0, 6.0], [3.0, 2.0, 2.0, 2.0, 3.0, 6.0, 6.0, 4.0, 1.0, 2.0, 2.0, 2.0, 3.0, 5.0, 4.0, 2.0, 4.0, 2.0, 5.0, 2.0, 1.0, 2.0, 2.0, 2.0, 2.0, 2.0, 2.0, 5.0, 1.0, 6.0, 6.0, 6.0, 2.0, 2.0, 2.0, 2.0, 2.0, 2.0, 2.0, 6.0], [3.0, 1.0, 2.0, 2.0, 1.0, 6.0, 5.0, 4.0, 1.0, 1.0, 2.0, 2.0, 3.0, 6.0, 2.0, 2.0, 4.0, 2.0, 5.0, 2.0, 1.0, 2.0, 2.0, 2.0, 2.0, 2.0, 1.0, 6.0, 1.0, 6.0, 6.0, 6.0, 2.0, 2.0, 2.0, 2.0, 2.0, 2.0, 2.0, 6.0], [3.0, 2.0, 2.0, 2.0, 3.0, 6.0, 5.0, 2.0, 1.0, 2.0, 2.0, 2.0, 3.0, 5.0, 4.0, 2.0, 4.0, 2.0, 5.0, 2.0, 1.0, 2.0, 2.0, 4.0, 2.0, 2.0, 2.0, 6.0, 1.0, 6.0, 4.0, 6.0, 2.0, 2.0, 2.0, 2.0, 2.0, 2.0, 2.0, 6.0], [3.0, 1.0, 2.0, 2.0, 2.0, 6.0, 5.0, 3.0, 1.0, 2.0, 2.0, 2.0, 3.0, 5.0, 4.0, 2.0, 4.0, 2.0, 5.0, 2.0, 1.0, 2.0, 2.0, 4.0, 2.0, 1.0, 2.0, 6.0, 1.0, 6.0, 6.0, 6.0, 2.0, 2.0, 2.0, 2.0, 2.0, 2.0, 1.0, 6.0], [3.0, 2.0, 2.0, 2.0, 2.0, 6.0, 5.0, 4.0, 1.0, 2.0, 2.0, 4.0, 3.0, 5.0, 2.0, 2.0, 4.0, 2.0, 5.0, 2.0, 1.0, 2.0, 2.0, 4.0, 2.0, 2.0, 2.0, 5.0, 1.0, 6.0, 6.0, 6.0, 2.0, 2.0, 2.0, 2.0, 2.0, 2.0, 1.0, 6.0], [3.0, 1.0, 2.0, 2.0, 2.0, 6.0, 5.0, 2.0, 1.0, 1.0, 2.0, 2.0, 3.0, 5.0, 4.0, 2.0, 4.0, 2.0, 2.0, 4.0, 1.0, 2.0, 2.0, 2.0, 1.0, 2.0, 2.0, 6.0, 1.0, 6.0, 6.0, 6.0, 2.0, 2.0, 2.0, 2.0, 2.0, 2.0, 2.0, 6.0], [3.0, 2.0, 2.0, 2.0, 2.0, 5.0, 5.0, 2.0, 1.0, 2.0, 2.0, 2.0, 3.0, 6.0, 4.0, 2.0, 4.0, 2.0, 5.0, 2.0, 1.0, 2.0, 2.0, 4.0, 2.0, 2.0, 1.0, 5.0, 1.0, 6.0, 6.0, 4.0, 2.0, 2.0, 2.0, 2.0, 2.0, 2.0, 1.0, 6.0], [3.0, 2.0, 2.0, 2.0, 2.0, 6.0, 5.0, 3.0, 1.0, 1.0, 2.0, 2.0, 3.0, 5.0, 2.0, 2.0, 4.0, 2.0, 5.0, 2.0, 1.0, 2.0, 2.0, 4.0, 2.0, 1.0, 2.0, 5.0, 1.0, 6.0, 6.0, 6.0, 2.0, 2.0, 2.0, 2.0, 2.0, 2.0, 1.0, 6.0], [3.0, 2.0, 2.0, 2.0, 2.0, 6.0, 5.0, 2.0, 1.0, 1.0, 2.0, 2.0, 3.0, 5.0, 4.0, 2.0, 4.0, 3.0, 5.0, 2.0, 1.0, 2.0, 2.0, 4.0, 2.0, 2.0, 2.0, 5.0, 1.0, 6.0, 6.0, 4.0, 2.0, 2.0, 2.0, 2.0, 2.0, 2.0, 2.0, 6.0], [3.0, 2.0, 2.0, 2.0, 2.0, 6.0, 2.0, 2.0, 1.0, 1.0, 2.0, 2.0, 3.0, 6.0, 4.0, 2.0, 4.0, 2.0, 5.0, 2.0, 1.0, 2.0, 2.0, 4.0, 2.0, 2.0, 2.0, 6.0, 1.0, 6.0, 6.0, 6.0, 2.0, 2.0, 2.0, 2.0, 2.0, 2.0, 1.0, 6.0], [3.0, 1.0, 2.0, 2.0, 2.0, 6.0, 2.0, 2.0, 1.0, 2.0, 2.0, 2.0, 3.0, 5.0, 4.0, 2.0, 2.0, 2.0, 5.0, 2.0, 1.0, 2.0, 2.0, 4.0, 2.0, 1.0, 2.0, 6.0, 1.0, 6.0, 6.0, 6.0, 2.0, 2.0, 2.0, 2.0, 2.0, 2.0, 2.0, 6.0], [3.0, 2.0, 2.0, 2.0, 3.0, 6.0, 5.0, 2.0, 1.0, 2.0, 2.0, 2.0, 3.0, 6.0, 4.0, 2.0, 2.0, 3.0, 2.0, 2.0, 1.0, 2.0, 2.0, 4.0, 2.0, 2.0, 2.0, 6.0, 1.0, 6.0, 6.0, 5.0, 2.0, 2.0, 2.0, 2.0, 2.0, 2.0, 2.0, 6.0], [3.0, 1.0, 2.0, 2.0, 2.0, 6.0, 5.0, 2.0, 1.0, 1.0, 2.0, 2.0, 3.0, 6.0, 4.0, 2.0, 4.0, 3.0, 5.0, 2.0, 1.0, 2.0, 2.0, 4.0, 2.0, 1.0, 2.0, 5.0, 1.0, 6.0, 6.0, 6.0, 2.0, 2.0, 2.0, 2.0, 2.0, 2.0, 2.0, 6.0], [3.0, 1.0, 2.0, 2.0, 2.0, 5.0, 5.0, 2.0, 1.0, 1.0, 2.0, 2.0, 3.0, 5.0, 4.0, 2.0, 4.0, 2.0, 5.0, 2.0, 1.0, 1.0, 2.0, 2.0, 2.0, 2.0, 2.0, 5.0, 1.0, 6.0, 5.0, 6.0, 2.0, 2.0, 2.0, 2.0, 2.0, 2.0, 2.0, 6.0], [3.0, 2.0, 2.0, 2.0, 3.0, 6.0, 6.0, 2.0, 1.0, 1.0, 2.0, 2.0, 3.0, 6.0, 2.0, 2.0, 4.0, 3.0, 2.0, 2.0, 1.0, 2.0, 2.0, 4.0, 2.0, 2.0, 2.0, 5.0, 1.0, 6.0, 6.0, 5.0, 2.0, 2.0, 2.0, 2.0, 2.0, 2.0, 1.0, 6.0], [3.0, 2.0, 2.0, 2.0, 2.0, 6.0, 5.0, 4.0, 1.0, 1.0, 2.0, 2.0, 3.0, 6.0, 4.0, 2.0, 2.0, 5.0, 5.0, 2.0, 1.0, 2.0, 2.0, 4.0, 2.0, 2.0, 2.0, 6.0, 1.0, 6.0, 6.0, 6.0, 2.0, 2.0, 2.0, 2.0, 2.0, 2.0, 1.0, 6.0], [3.0, 2.0, 2.0, 2.0, 2.0, 6.0, 6.0, 4.0, 1.0, 1.0, 2.0, 2.0, 3.0, 5.0, 4.0, 2.0, 4.0, 2.0, 5.0, 2.0, 1.0, 2.0, 2.0, 4.0, 2.0, 2.0, 1.0, 5.0, 1.0, 6.0, 6.0, 6.0, 2.0, 2.0, 2.0, 2.0, 2.0, 2.0, 1.0, 6.0], [3.0, 2.0, 2.0, 2.0, 2.0, 6.0, 5.0, 2.0, 1.0, 1.0, 2.0, 2.0, 3.0, 5.0, 2.0, 2.0, 4.0, 2.0, 5.0, 2.0, 1.0, 2.0, 2.0, 2.0, 2.0, 2.0, 2.0, 5.0, 1.0, 6.0, 6.0, 6.0, 2.0, 2.0, 2.0, 2.0, 2.0, 2.0, 1.0, 6.0], [3.0, 2.0, 2.0, 2.0, 2.0, 6.0, 2.0, 2.0, 1.0, 2.0, 2.0, 2.0, 3.0, 4.0, 4.0, 2.0, 2.0, 4.0, 5.0, 2.0, 1.0, 2.0, 2.0, 4.0, 3.0, 2.0, 2.0, 6.0, 1.0, 6.0, 6.0, 6.0, 2.0, 2.0, 2.0, 2.0, 2.0, 2.0, 2.0, 6.0], [3.0, 2.0, 2.0, 2.0, 2.0, 6.0, 5.0, 2.0, 1.0, 2.0, 2.0, 2.0, 3.0, 5.0, 2.0, 2.0, 4.0, 3.0, 5.0, 2.0, 1.0, 2.0, 2.0, 2.0, 2.0, 1.0, 2.0, 5.0, 1.0, 6.0, 6.0, 5.0, 2.0, 2.0, 2.0, 2.0, 2.0, 2.0, 1.0, 6.0], [3.0, 1.0, 2.0, 2.0, 2.0, 6.0, 2.0, 2.0, 1.0, 2.0, 2.0, 2.0, 3.0, 4.0, 4.0, 2.0, 2.0, 2.0, 2.0, 2.0, 1.0, 2.0, 2.0, 4.0, 2.0, 2.0, 2.0, 6.0, 1.0, 6.0, 5.0, 5.0, 2.0, 2.0, 2.0, 2.0, 2.0, 2.0, 2.0, 6.0], [3.0, 2.0, 2.0, 2.0, 3.0, 6.0, 5.0, 4.0, 1.0, 1.0, 2.0, 2.0, 3.0, 2.0, 2.0, 2.0, 4.0, 5.0, 5.0, 4.0, 1.0, 2.0, 2.0, 2.0, 2.0, 2.0, 2.0, 5.0, 1.0, 6.0, 6.0, 6.0, 2.0, 2.0, 2.0, 2.0, 2.0, 2.0, 1.0, 6.0], [3.0, 2.0, 2.0, 2.0, 3.0, 6.0, 5.0, 2.0, 1.0, 1.0, 2.0, 4.0, 3.0, 6.0, 2.0, 2.0, 4.0, 2.0, 5.0, 2.0, 1.0, 2.0, 2.0, 2.0, 2.0, 2.0, 2.0, 6.0, 1.0, 6.0, 6.0, 6.0, 2.0, 2.0, 2.0, 2.0, 2.0, 2.0, 2.0, 6.0], [3.0, 2.0, 2.0, 2.0, 2.0, 6.0, 5.0, 4.0, 1.0, 2.0, 2.0, 2.0, 3.0, 6.0, 4.0, 2.0, 2.0, 2.0, 5.0, 2.0, 1.0, 2.0, 2.0, 2.0, 2.0, 2.0, 2.0, 5.0, 1.0, 6.0, 6.0, 6.0, 2.0, 2.0, 2.0, 2.0, 2.0, 2.0, 1.0, 6.0], [3.0, 2.0, 2.0, 2.0, 3.0, 6.0, 5.0, 2.0, 1.0, 2.0, 2.0, 2.0, 3.0, 6.0, 4.0, 2.0, 2.0, 3.0, 5.0, 2.0, 1.0, 2.0, 2.0, 4.0, 1.0, 1.0, 2.0, 5.0, 1.0, 6.0, 6.0, 5.0, 2.0, 2.0, 2.0, 2.0, 2.0, 2.0, 1.0, 6.0], [3.0, 1.0, 2.0, 2.0, 2.0, 6.0, 5.0, 2.0, 1.0, 2.0, 2.0, 2.0, 3.0, 5.0, 2.0, 2.0, 2.0, 3.0, 2.0, 2.0, 1.0, 2.0, 2.0, 2.0, 2.0, 2.0, 2.0, 5.0, 1.0, 6.0, 6.0, 6.0, 2.0, 2.0, 2.0, 2.0, 2.0, 2.0, 1.0, 6.0], [3.0, 2.0, 2.0, 2.0, 2.0, 6.0, 5.0, 2.0, 1.0, 2.0, 2.0, 2.0, 3.0, 6.0, 4.0, 2.0, 2.0, 2.0, 5.0, 2.0, 1.0, 2.0, 2.0, 2.0, 2.0, 1.0, 2.0, 5.0, 1.0, 6.0, 6.0, 6.0, 2.0, 2.0, 2.0, 2.0, 2.0, 2.0, 2.0, 6.0], [3.0, 2.0, 2.0, 2.0, 2.0, 6.0, 5.0, 2.0, 1.0, 1.0, 2.0, 2.0, 3.0, 6.0, 2.0, 2.0, 2.0, 3.0, 5.0, 2.0, 1.0, 2.0, 2.0, 4.0, 2.0, 2.0, 2.0, 5.0, 1.0, 6.0, 6.0, 6.0, 2.0, 2.0, 2.0, 2.0, 2.0, 2.0, 2.0, 6.0], [3.0, 2.0, 2.0, 2.0, 2.0, 6.0, 5.0, 2.0, 1.0, 1.0, 2.0, 2.0, 3.0, 6.0, 2.0, 2.0, 4.0, 2.0, 4.0, 2.0, 1.0, 2.0, 2.0, 4.0, 2.0, 2.0, 2.0, 6.0, 1.0, 6.0, 6.0, 6.0, 2.0, 2.0, 2.0, 2.0, 2.0, 2.0, 1.0, 6.0], [3.0, 1.0, 2.0, 2.0, 2.0, 6.0, 5.0, 2.0, 1.0, 2.0, 2.0, 2.0, 3.0, 5.0, 4.0, 2.0, 4.0, 2.0, 2.0, 2.0, 1.0, 2.0, 2.0, 2.0, 2.0, 2.0, 2.0, 5.0, 1.0, 6.0, 6.0, 6.0, 2.0, 2.0, 2.0, 2.0, 4.0, 2.0, 2.0, 6.0], [3.0, 1.0, 2.0, 2.0, 2.0, 6.0, 4.0, 2.0, 1.0, 2.0, 2.0, 2.0, 3.0, 6.0, 4.0, 2.0, 2.0, 2.0, 5.0, 2.0, 1.0, 2.0, 2.0, 4.0, 2.0, 2.0, 1.0, 6.0, 1.0, 6.0, 6.0, 6.0, 2.0, 2.0, 2.0, 2.0, 2.0, 2.0, 2.0, 6.0], [3.0, 1.0, 2.0, 2.0, 2.0, 6.0, 5.0, 2.0, 1.0, 1.0, 2.0, 2.0, 3.0, 5.0, 2.0, 2.0, 4.0, 2.0, 5.0, 2.0, 1.0, 2.0, 2.0, 4.0, 2.0, 1.0, 2.0, 6.0, 1.0, 6.0, 6.0, 6.0, 2.0, 2.0, 2.0, 2.0, 2.0, 2.0, 2.0, 6.0]]

first layer check: Conv2d(9, 64, kernel_size=(7, 7), stride=(2, 2), padding=(3, 3), bias=False)

for model 1: mode acc: 0.5, run mean acc: 0.5137500166893005, top-2 acc:0.6533333659172058, mode f1: 0.5

model 1 mode preds
[3.0, 3.0, 2.0, 2.0, 3.0, 6.0, 3.0, 3.0, 2.0, 2.0, 3.0, 3.0, 3.0, 6.0, 4.0, 2.0, 3.0, 3.0, 5.0, 3.0, 1.0, 2.0, 2.0, 3.0, 3.0, 2.0, 2.0, 6.0, 2.0, 6.0, 5.0, 6.0, 3.0, 2.0, 2.0, 2.0, 3.0, 2.0, 2.0, 6.0]

model 1 all preds
[[3.0, 2.0, 2.0, 2.0, 3.0, 6.0, 6.0, 4.0, 2.0, 2.0, 3.0, 3.0, 3.0, 6.0, 4.0, 2.0, 3.0, 3.0, 3.0, 3.0, 1.0, 2.0, 2.0, 3.0, 3.0, 2.0, 2.0, 5.0, 2.0, 6.0, 5.0, 6.0, 3.0, 2.0, 2.0, 2.0, 3.0, 2.0, 2.0, 6.0], [3.0, 2.0, 2.0, 2.0, 3.0, 6.0, 6.0, 3.0, 3.0, 2.0, 3.0, 3.0, 3.0, 3.0, 4.0, 2.0, 3.0, 3.0, 3.0, 2.0, 1.0, 2.0, 2.0, 3.0, 3.0, 2.0, 2.0, 5.0, 2.0, 6.0, 5.0, 6.0, 3.0, 2.0, 2.0, 2.0, 3.0, 2.0, 2.0, 6.0], [3.0, 2.0, 2.0, 2.0, 3.0, 6.0, 4.0, 3.0, 2.0, 2.0, 3.0, 3.0, 3.0, 6.0, 4.0, 3.0, 3.0, 2.0, 3.0, 3.0, 1.0, 2.0, 2.0, 3.0, 3.0, 2.0, 2.0, 5.0, 2.0, 6.0, 3.0, 6.0, 3.0, 2.0, 2.0, 2.0, 2.0, 2.0, 2.0, 5.0], [3.0, 2.0, 2.0, 2.0, 3.0, 5.0, 3.0, 3.0, 2.0, 3.0, 3.0, 3.0, 3.0, 6.0, 4.0, 2.0, 6.0, 3.0, 2.0, 3.0, 1.0, 2.0, 2.0, 2.0, 2.0, 2.0, 2.0, 6.0, 2.0, 6.0, 5.0, 6.0, 3.0, 2.0, 2.0, 2.0, 3.0, 2.0, 2.0, 6.0], [3.0, 3.0, 2.0, 2.0, 3.0, 5.0, 2.0, 3.0, 2.0, 2.0, 2.0, 3.0, 3.0, 6.0, 3.0, 2.0, 4.0, 3.0, 3.0, 2.0, 1.0, 2.0, 2.0, 3.0, 3.0, 2.0, 2.0, 5.0, 2.0, 6.0, 5.0, 6.0, 3.0, 2.0, 2.0, 2.0, 3.0, 2.0, 2.0, 6.0], [3.0, 3.0, 2.0, 2.0, 3.0, 6.0, 3.0, 3.0, 3.0, 2.0, 2.0, 3.0, 3.0, 6.0, 4.0, 3.0, 3.0, 3.0, 3.0, 2.0, 1.0, 2.0, 2.0, 3.0, 2.0, 2.0, 2.0, 6.0, 2.0, 6.0, 3.0, 6.0, 2.0, 2.0, 2.0, 2.0, 3.0, 2.0, 2.0, 6.0], [3.0, 2.0, 2.0, 2.0, 3.0, 5.0, 2.0, 4.0, 2.0, 3.0, 3.0, 3.0, 3.0, 6.0, 4.0, 3.0, 3.0, 2.0, 5.0, 3.0, 1.0, 2.0, 2.0, 3.0, 2.0, 2.0, 2.0, 5.0, 2.0, 6.0, 6.0, 6.0, 2.0, 2.0, 2.0, 2.0, 3.0, 2.0, 2.0, 6.0], [3.0, 2.0, 2.0, 2.0, 3.0, 6.0, 3.0, 3.0, 3.0, 2.0, 3.0, 3.0, 3.0, 6.0, 3.0, 3.0, 3.0, 3.0, 3.0, 3.0, 1.0, 2.0, 2.0, 3.0, 3.0, 2.0, 2.0, 5.0, 2.0, 6.0, 5.0, 6.0, 3.0, 2.0, 2.0, 2.0, 3.0, 2.0, 2.0, 6.0], [3.0, 3.0, 2.0, 2.0, 3.0, 6.0, 3.0, 3.0, 2.0, 3.0, 2.0, 3.0, 3.0, 6.0, 4.0, 2.0, 4.0, 3.0, 5.0, 3.0, 1.0, 3.0, 2.0, 3.0, 3.0, 2.0, 2.0, 5.0, 2.0, 6.0, 5.0, 6.0, 3.0, 2.0, 2.0, 2.0, 3.0, 2.0, 2.0, 6.0], [3.0, 3.0, 3.0, 2.0, 3.0, 5.0, 3.0, 3.0, 3.0, 2.0, 3.0, 3.0, 3.0, 4.0, 4.0, 2.0, 4.0, 3.0, 2.0, 3.0, 1.0, 2.0, 2.0, 3.0, 2.0, 2.0, 2.0, 5.0, 2.0, 6.0, 5.0, 6.0, 2.0, 2.0, 2.0, 2.0, 3.0, 2.0, 2.0, 6.0], [3.0, 2.0, 2.0, 2.0, 3.0, 6.0, 6.0, 3.0, 2.0, 2.0, 3.0, 3.0, 3.0, 6.0, 3.0, 2.0, 3.0, 3.0, 3.0, 3.0, 1.0, 2.0, 2.0, 3.0, 3.0, 2.0, 2.0, 6.0, 2.0, 6.0, 3.0, 6.0, 2.0, 2.0, 2.0, 2.0, 3.0, 2.0, 2.0, 6.0], [3.0, 3.0, 2.0, 2.0, 3.0, 6.0, 6.0, 3.0, 3.0, 2.0, 3.0, 3.0, 3.0, 3.0, 4.0, 2.0, 3.0, 3.0, 5.0, 4.0, 1.0, 2.0, 2.0, 3.0, 3.0, 2.0, 2.0, 5.0, 2.0, 6.0, 5.0, 6.0, 2.0, 2.0, 2.0, 2.0, 3.0, 2.0, 2.0, 5.0], [3.0, 3.0, 2.0, 2.0, 3.0, 5.0, 2.0, 2.0, 2.0, 3.0, 3.0, 3.0, 3.0, 3.0, 3.0, 2.0, 6.0, 3.0, 3.0, 2.0, 1.0, 3.0, 2.0, 3.0, 3.0, 2.0, 2.0, 6.0, 2.0, 6.0, 5.0, 6.0, 2.0, 2.0, 2.0, 2.0, 3.0, 2.0, 2.0, 6.0], [3.0, 3.0, 2.0, 2.0, 3.0, 6.0, 6.0, 3.0, 2.0, 2.0, 3.0, 3.0, 3.0, 3.0, 3.0, 2.0, 3.0, 3.0, 5.0, 3.0, 1.0, 2.0, 2.0, 3.0, 3.0, 2.0, 2.0, 5.0, 2.0, 6.0, 3.0, 6.0, 3.0, 2.0, 2.0, 2.0, 2.0, 2.0, 2.0, 5.0], [3.0, 3.0, 2.0, 2.0, 3.0, 5.0, 6.0, 4.0, 3.0, 2.0, 3.0, 3.0, 3.0, 6.0, 4.0, 2.0, 3.0, 3.0, 5.0, 2.0, 1.0, 2.0, 2.0, 3.0, 3.0, 2.0, 2.0, 6.0, 2.0, 6.0, 5.0, 6.0, 3.0, 2.0, 2.0, 2.0, 2.0, 2.0, 2.0, 5.0], [3.0, 2.0, 3.0, 2.0, 3.0, 6.0, 6.0, 3.0, 3.0, 3.0, 2.0, 3.0, 3.0, 6.0, 3.0, 2.0, 3.0, 2.0, 5.0, 3.0, 1.0, 2.0, 2.0, 3.0, 3.0, 2.0, 2.0, 5.0, 2.0, 6.0, 5.0, 6.0, 3.0, 2.0, 2.0, 2.0, 3.0, 2.0, 2.0, 6.0], [3.0, 3.0, 2.0, 2.0, 3.0, 6.0, 3.0, 3.0, 2.0, 2.0, 3.0, 3.0, 3.0, 6.0, 3.0, 2.0, 4.0, 3.0, 5.0, 2.0, 1.0, 2.0, 2.0, 3.0, 3.0, 2.0, 2.0, 6.0, 2.0, 6.0, 5.0, 6.0, 2.0, 2.0, 2.0, 2.0, 3.0, 2.0, 2.0, 6.0], [3.0, 2.0, 2.0, 2.0, 3.0, 6.0, 2.0, 3.0, 3.0, 3.0, 3.0, 3.0, 3.0, 6.0, 4.0, 2.0, 3.0, 3.0, 5.0, 2.0, 1.0, 2.0, 2.0, 3.0, 3.0, 2.0, 2.0, 6.0, 2.0, 6.0, 5.0, 6.0, 3.0, 2.0, 2.0, 2.0, 3.0, 2.0, 2.0, 6.0], [3.0, 3.0, 2.0, 2.0, 3.0, 6.0, 3.0, 3.0, 2.0, 2.0, 3.0, 3.0, 3.0, 3.0, 3.0, 2.0, 3.0, 2.0, 3.0, 3.0, 1.0, 2.0, 2.0, 3.0, 3.0, 2.0, 2.0, 5.0, 2.0, 6.0, 5.0, 6.0, 3.0, 2.0, 2.0, 2.0, 3.0, 2.0, 2.0, 6.0], [3.0, 3.0, 2.0, 2.0, 3.0, 5.0, 3.0, 3.0, 3.0, 2.0, 3.0, 3.0, 3.0, 3.0, 3.0, 3.0, 3.0, 3.0, 5.0, 2.0, 1.0, 2.0, 2.0, 3.0, 2.0, 2.0, 2.0, 6.0, 2.0, 6.0, 5.0, 6.0, 3.0, 2.0, 2.0, 2.0, 3.0, 2.0, 2.0, 6.0], [3.0, 2.0, 2.0, 2.0, 3.0, 5.0, 6.0, 2.0, 2.0, 2.0, 2.0, 3.0, 3.0, 3.0, 4.0, 2.0, 3.0, 3.0, 2.0, 3.0, 1.0, 2.0, 2.0, 3.0, 3.0, 2.0, 2.0, 6.0, 2.0, 6.0, 5.0, 6.0, 2.0, 2.0, 2.0, 2.0, 3.0, 2.0, 2.0, 6.0], [3.0, 2.0, 2.0, 2.0, 3.0, 6.0, 6.0, 3.0, 2.0, 2.0, 3.0, 3.0, 3.0, 6.0, 4.0, 2.0, 3.0, 3.0, 5.0, 3.0, 1.0, 2.0, 3.0, 3.0, 3.0, 2.0, 2.0, 5.0, 2.0, 6.0, 6.0, 6.0, 3.0, 2.0, 2.0, 2.0, 3.0, 2.0, 2.0, 5.0], [3.0, 3.0, 2.0, 2.0, 3.0, 6.0, 6.0, 3.0, 2.0, 2.0, 3.0, 3.0, 3.0, 6.0, 6.0, 2.0, 3.0, 5.0, 3.0, 3.0, 1.0, 2.0, 2.0, 3.0, 3.0, 2.0, 2.0, 5.0, 2.0, 6.0, 5.0, 6.0, 3.0, 2.0, 2.0, 2.0, 3.0, 2.0, 2.0, 6.0], [3.0, 3.0, 2.0, 3.0, 3.0, 6.0, 6.0, 3.0, 3.0, 2.0, 3.0, 3.0, 3.0, 6.0, 4.0, 3.0, 3.0, 3.0, 5.0, 2.0, 1.0, 2.0, 2.0, 3.0, 3.0, 2.0, 2.0, 6.0, 2.0, 6.0, 5.0, 6.0, 3.0, 2.0, 2.0, 2.0, 3.0, 2.0, 2.0, 6.0], [3.0, 3.0, 2.0, 2.0, 3.0, 6.0, 6.0, 3.0, 3.0, 2.0, 3.0, 3.0, 3.0, 3.0, 3.0, 2.0, 3.0, 3.0, 5.0, 3.0, 1.0, 2.0, 2.0, 3.0, 2.0, 2.0, 2.0, 6.0, 2.0, 6.0, 5.0, 6.0, 3.0, 2.0, 2.0, 2.0, 3.0, 2.0, 2.0, 5.0], [3.0, 3.0, 2.0, 2.0, 3.0, 5.0, 5.0, 4.0, 3.0, 3.0, 3.0, 3.0, 3.0, 6.0, 3.0, 2.0, 3.0, 3.0, 5.0, 4.0, 1.0, 3.0, 3.0, 3.0, 3.0, 2.0, 2.0, 6.0, 2.0, 6.0, 5.0, 6.0, 3.0, 2.0, 2.0, 2.0, 3.0, 2.0, 2.0, 6.0], [3.0, 3.0, 2.0, 2.0, 3.0, 6.0, 6.0, 4.0, 3.0, 2.0, 3.0, 3.0, 3.0, 6.0, 2.0, 2.0, 3.0, 2.0, 5.0, 3.0, 1.0, 2.0, 3.0, 3.0, 3.0, 2.0, 2.0, 6.0, 2.0, 6.0, 5.0, 6.0, 2.0, 2.0, 2.0, 2.0, 3.0, 2.0, 2.0, 5.0], [3.0, 2.0, 2.0, 2.0, 3.0, 6.0, 4.0, 3.0, 2.0, 2.0, 2.0, 3.0, 3.0, 6.0, 4.0, 2.0, 3.0, 3.0, 2.0, 2.0, 1.0, 2.0, 3.0, 3.0, 3.0, 2.0, 2.0, 5.0, 2.0, 6.0, 3.0, 6.0, 2.0, 2.0, 2.0, 2.0, 3.0, 2.0, 2.0, 6.0], [3.0, 2.0, 2.0, 2.0, 3.0, 6.0, 6.0, 3.0, 3.0, 2.0, 3.0, 3.0, 3.0, 6.0, 4.0, 3.0, 3.0, 2.0, 3.0, 3.0, 1.0, 2.0, 3.0, 3.0, 3.0, 2.0, 2.0, 5.0, 2.0, 6.0, 5.0, 6.0, 3.0, 2.0, 2.0, 2.0, 3.0, 2.0, 2.0, 6.0], [3.0, 3.0, 2.0, 2.0, 3.0, 6.0, 6.0, 3.0, 2.0, 3.0, 3.0, 3.0, 3.0, 6.0, 4.0, 2.0, 3.0, 3.0, 2.0, 3.0, 1.0, 2.0, 2.0, 3.0, 2.0, 2.0, 2.0, 6.0, 2.0, 6.0, 5.0, 6.0, 3.0, 2.0, 2.0, 2.0, 3.0, 2.0, 2.0, 5.0], [3.0, 2.0, 2.0, 2.0, 3.0, 6.0, 6.0, 3.0, 2.0, 2.0, 3.0, 3.0, 3.0, 6.0, 4.0, 2.0, 3.0, 3.0, 5.0, 3.0, 1.0, 2.0, 2.0, 3.0, 3.0, 2.0, 2.0, 6.0, 2.0, 6.0, 3.0, 6.0, 3.0, 2.0, 2.0, 2.0, 3.0, 2.0, 2.0, 6.0], [3.0, 3.0, 2.0, 2.0, 3.0, 6.0, 6.0, 3.0, 2.0, 3.0, 2.0, 3.0, 3.0, 3.0, 4.0, 2.0, 3.0, 3.0, 5.0, 3.0, 1.0, 2.0, 2.0, 3.0, 3.0, 2.0, 2.0, 6.0, 2.0, 5.0, 5.0, 6.0, 3.0, 2.0, 2.0, 2.0, 3.0, 2.0, 2.0, 6.0], [3.0, 3.0, 2.0, 2.0, 3.0, 6.0, 2.0, 3.0, 2.0, 2.0, 3.0, 3.0, 3.0, 6.0, 6.0, 3.0, 3.0, 3.0, 5.0, 3.0, 1.0, 2.0, 2.0, 3.0, 2.0, 2.0, 2.0, 6.0, 2.0, 6.0, 3.0, 6.0, 3.0, 2.0, 2.0, 2.0, 3.0, 2.0, 2.0, 6.0], [3.0, 2.0, 2.0, 2.0, 3.0, 6.0, 3.0, 3.0, 2.0, 2.0, 3.0, 3.0, 3.0, 6.0, 3.0, 2.0, 3.0, 3.0, 3.0, 3.0, 2.0, 2.0, 2.0, 3.0, 3.0, 2.0, 2.0, 6.0, 2.0, 6.0, 5.0, 6.0, 3.0, 2.0, 2.0, 2.0, 3.0, 2.0, 2.0, 5.0], [3.0, 3.0, 2.0, 2.0, 3.0, 6.0, 3.0, 3.0, 2.0, 3.0, 3.0, 3.0, 3.0, 4.0, 4.0, 2.0, 4.0, 3.0, 5.0, 2.0, 1.0, 3.0, 2.0, 3.0, 3.0, 2.0, 2.0, 6.0, 2.0, 6.0, 3.0, 6.0, 3.0, 2.0, 2.0, 2.0, 3.0, 2.0, 2.0, 6.0], [3.0, 2.0, 2.0, 2.0, 3.0, 6.0, 3.0, 3.0, 2.0, 2.0, 3.0, 3.0, 3.0, 6.0, 4.0, 3.0, 3.0, 3.0, 3.0, 3.0, 1.0, 2.0, 2.0, 3.0, 3.0, 2.0, 2.0, 5.0, 2.0, 6.0, 5.0, 6.0, 2.0, 2.0, 2.0, 2.0, 2.0, 2.0, 2.0, 6.0], [3.0, 3.0, 2.0, 2.0, 3.0, 5.0, 3.0, 3.0, 2.0, 2.0, 3.0, 3.0, 3.0, 6.0, 6.0, 3.0, 3.0, 3.0, 5.0, 2.0, 1.0, 2.0, 2.0, 3.0, 2.0, 2.0, 2.0, 6.0, 2.0, 6.0, 5.0, 6.0, 3.0, 2.0, 2.0, 2.0, 3.0, 2.0, 2.0, 6.0], [3.0, 2.0, 2.0, 2.0, 3.0, 6.0, 2.0, 3.0, 2.0, 2.0, 3.0, 3.0, 3.0, 6.0, 3.0, 2.0, 3.0, 2.0, 5.0, 3.0, 1.0, 2.0, 2.0, 3.0, 3.0, 2.0, 2.0, 5.0, 2.0, 6.0, 3.0, 6.0, 3.0, 2.0, 2.0, 2.0, 3.0, 2.0, 2.0, 6.0], [3.0, 3.0, 2.0, 2.0, 3.0, 5.0, 3.0, 3.0, 2.0, 2.0, 3.0, 3.0, 3.0, 6.0, 6.0, 2.0, 4.0, 3.0, 2.0, 2.0, 1.0, 2.0, 3.0, 3.0, 3.0, 2.0, 2.0, 6.0, 2.0, 5.0, 5.0, 6.0, 3.0, 2.0, 2.0, 2.0, 3.0, 2.0, 2.0, 5.0], [3.0, 2.0, 2.0, 2.0, 3.0, 5.0, 3.0, 3.0, 3.0, 2.0, 2.0, 3.0, 3.0, 6.0, 4.0, 2.0, 3.0, 3.0, 5.0, 3.0, 1.0, 2.0, 2.0, 3.0, 2.0, 2.0, 2.0, 6.0, 2.0, 6.0, 6.0, 6.0, 3.0, 2.0, 2.0, 2.0, 3.0, 2.0, 2.0, 6.0], [3.0, 2.0, 2.0, 2.0, 3.0, 5.0, 5.0, 3.0, 2.0, 2.0, 3.0, 3.0, 3.0, 6.0, 6.0, 3.0, 3.0, 3.0, 5.0, 3.0, 1.0, 2.0, 2.0, 3.0, 3.0, 2.0, 2.0, 5.0, 2.0, 6.0, 3.0, 6.0, 2.0, 2.0, 2.0, 2.0, 3.0, 2.0, 2.0, 5.0], [3.0, 2.0, 2.0, 2.0, 3.0, 5.0, 6.0, 4.0, 2.0, 2.0, 3.0, 3.0, 3.0, 6.0, 4.0, 2.0, 3.0, 3.0, 3.0, 4.0, 1.0, 2.0, 2.0, 3.0, 3.0, 2.0, 2.0, 6.0, 2.0, 6.0, 5.0, 6.0, 3.0, 2.0, 2.0, 2.0, 2.0, 2.0, 2.0, 6.0], [3.0, 3.0, 2.0, 2.0, 3.0, 6.0, 5.0, 3.0, 3.0, 2.0, 3.0, 3.0, 3.0, 6.0, 3.0, 3.0, 3.0, 2.0, 5.0, 3.0, 1.0, 2.0, 2.0, 3.0, 2.0, 2.0, 2.0, 6.0, 2.0, 6.0, 5.0, 6.0, 3.0, 2.0, 2.0, 2.0, 3.0, 2.0, 2.0, 6.0], [3.0, 2.0, 2.0, 2.0, 3.0, 6.0, 6.0, 3.0, 2.0, 2.0, 2.0, 3.0, 3.0, 4.0, 4.0, 2.0, 3.0, 3.0, 2.0, 4.0, 1.0, 2.0, 2.0, 3.0, 3.0, 2.0, 2.0, 6.0, 2.0, 6.0, 5.0, 6.0, 3.0, 2.0, 2.0, 2.0, 3.0, 2.0, 2.0, 5.0], [3.0, 3.0, 2.0, 2.0, 3.0, 6.0, 3.0, 4.0, 3.0, 2.0, 3.0, 3.0, 3.0, 6.0, 3.0, 2.0, 3.0, 3.0, 5.0, 2.0, 1.0, 2.0, 3.0, 3.0, 3.0, 2.0, 2.0, 6.0, 2.0, 6.0, 5.0, 6.0, 3.0, 2.0, 2.0, 2.0, 3.0, 2.0, 2.0, 6.0], [3.0, 2.0, 2.0, 2.0, 3.0, 6.0, 2.0, 3.0, 2.0, 2.0, 3.0, 3.0, 3.0, 6.0, 3.0, 2.0, 3.0, 3.0, 3.0, 3.0, 1.0, 2.0, 2.0, 3.0, 3.0, 2.0, 2.0, 6.0, 2.0, 6.0, 5.0, 6.0, 3.0, 2.0, 2.0, 2.0, 2.0, 2.0, 2.0, 5.0], [3.0, 3.0, 2.0, 2.0, 3.0, 6.0, 3.0, 3.0, 2.0, 3.0, 3.0, 3.0, 3.0, 6.0, 2.0, 2.0, 3.0, 3.0, 3.0, 3.0, 1.0, 2.0, 2.0, 3.0, 3.0, 2.0, 2.0, 6.0, 2.0, 6.0, 5.0, 6.0, 3.0, 2.0, 2.0, 2.0, 3.0, 2.0, 2.0, 6.0], [3.0, 3.0, 2.0, 2.0, 3.0, 6.0, 3.0, 3.0, 3.0, 2.0, 3.0, 3.0, 3.0, 6.0, 4.0, 2.0, 3.0, 3.0, 3.0, 3.0, 1.0, 2.0, 3.0, 3.0, 2.0, 2.0, 2.0, 6.0, 2.0, 6.0, 5.0, 6.0, 2.0, 2.0, 2.0, 2.0, 3.0, 2.0, 2.0, 6.0], [3.0, 3.0, 2.0, 2.0, 3.0, 6.0, 3.0, 3.0, 3.0, 2.0, 3.0, 2.0, 3.0, 6.0, 6.0, 2.0, 4.0, 3.0, 5.0, 3.0, 1.0, 3.0, 2.0, 3.0, 3.0, 2.0, 2.0, 5.0, 2.0, 6.0, 5.0, 6.0, 2.0, 2.0, 2.0, 2.0, 2.0, 2.0, 2.0, 6.0], [3.0, 3.0, 2.0, 2.0, 3.0, 6.0, 3.0, 2.0, 2.0, 2.0, 3.0, 3.0, 3.0, 6.0, 2.0, 2.0, 3.0, 3.0, 5.0, 3.0, 1.0, 2.0, 2.0, 3.0, 3.0, 2.0, 2.0, 5.0, 2.0, 6.0, 3.0, 6.0, 3.0, 2.0, 2.0, 2.0, 3.0, 2.0, 2.0, 6.0]]

first layer check: Conv2d(9, 64, kernel_size=(7, 7), stride=(2, 2), padding=(3, 3), bias=False)

for model 2: mode acc: 0.5249999761581421, run mean acc: 0.5541666746139526, top-2 acc:0.7337499856948853, mode f1: 0.5249999761581421

model 2 mode preds
[3.0, 2.0, 2.0, 2.0, 2.0, 6.0, 3.0, 2.0, 2.0, 2.0, 2.0, 3.0, 3.0, 6.0, 3.0, 2.0, 3.0, 2.0, 3.0, 2.0, 2.0, 2.0, 2.0, 3.0, 2.0, 2.0, 2.0, 6.0, 2.0, 6.0, 6.0, 6.0, 2.0, 2.0, 2.0, 2.0, 3.0, 2.0, 2.0, 6.0]

model 2 all preds
[[3.0, 2.0, 2.0, 2.0, 2.0, 6.0, 3.0, 3.0, 2.0, 2.0, 2.0, 3.0, 3.0, 6.0, 3.0, 2.0, 3.0, 2.0, 3.0, 2.0, 2.0, 2.0, 2.0, 3.0, 2.0, 2.0, 2.0, 6.0, 2.0, 6.0, 6.0, 6.0, 2.0, 2.0, 2.0, 2.0, 3.0, 2.0, 2.0, 6.0], [3.0, 2.0, 2.0, 2.0, 2.0, 6.0, 2.0, 3.0, 2.0, 2.0, 2.0, 2.0, 3.0, 3.0, 2.0, 2.0, 3.0, 3.0, 2.0, 2.0, 2.0, 2.0, 2.0, 3.0, 2.0, 2.0, 2.0, 6.0, 2.0, 6.0, 6.0, 6.0, 2.0, 2.0, 2.0, 2.0, 2.0, 2.0, 2.0, 6.0], [3.0, 2.0, 2.0, 2.0, 2.0, 6.0, 3.0, 2.0, 2.0, 2.0, 2.0, 3.0, 3.0, 6.0, 3.0, 2.0, 3.0, 2.0, 2.0, 2.0, 2.0, 2.0, 2.0, 3.0, 2.0, 2.0, 2.0, 6.0, 2.0, 6.0, 6.0, 4.0, 2.0, 2.0, 2.0, 2.0, 3.0, 2.0, 2.0, 6.0], [3.0, 2.0, 2.0, 2.0, 2.0, 6.0, 5.0, 2.0, 2.0, 2.0, 2.0, 3.0, 3.0, 6.0, 3.0, 2.0, 3.0, 3.0, 3.0, 2.0, 2.0, 2.0, 2.0, 3.0, 2.0, 2.0, 2.0, 6.0, 2.0, 6.0, 6.0, 6.0, 2.0, 2.0, 2.0, 2.0, 2.0, 2.0, 2.0, 6.0], [3.0, 2.0, 2.0, 2.0, 2.0, 5.0, 6.0, 3.0, 2.0, 2.0, 2.0, 2.0, 3.0, 3.0, 3.0, 2.0, 2.0, 2.0, 3.0, 2.0, 2.0, 2.0, 2.0, 3.0, 2.0, 2.0, 2.0, 6.0, 2.0, 6.0, 3.0, 6.0, 2.0, 2.0, 2.0, 2.0, 3.0, 2.0, 2.0, 6.0], [3.0, 2.0, 2.0, 2.0, 2.0, 6.0, 5.0, 2.0, 2.0, 2.0, 2.0, 3.0, 3.0, 3.0, 3.0, 2.0, 3.0, 3.0, 2.0, 2.0, 2.0, 2.0, 2.0, 2.0, 2.0, 2.0, 2.0, 6.0, 2.0, 6.0, 6.0, 6.0, 2.0, 2.0, 2.0, 2.0, 2.0, 2.0, 2.0, 6.0], [3.0, 2.0, 2.0, 2.0, 3.0, 6.0, 6.0, 3.0, 2.0, 2.0, 2.0, 3.0, 3.0, 6.0, 3.0, 2.0, 2.0, 3.0, 2.0, 2.0, 2.0, 2.0, 2.0, 3.0, 2.0, 2.0, 2.0, 6.0, 2.0, 6.0, 6.0, 6.0, 2.0, 2.0, 2.0, 2.0, 3.0, 2.0, 2.0, 6.0], [3.0, 2.0, 2.0, 2.0, 3.0, 6.0, 3.0, 2.0, 2.0, 2.0, 2.0, 3.0, 3.0, 3.0, 3.0, 2.0, 2.0, 2.0, 2.0, 2.0, 2.0, 2.0, 2.0, 2.0, 2.0, 2.0, 2.0, 6.0, 2.0, 6.0, 6.0, 6.0, 2.0, 2.0, 2.0, 2.0, 3.0, 2.0, 2.0, 6.0], [3.0, 2.0, 2.0, 2.0, 2.0, 6.0, 3.0, 2.0, 2.0, 2.0, 2.0, 3.0, 3.0, 6.0, 2.0, 2.0, 2.0, 2.0, 3.0, 2.0, 2.0, 2.0, 2.0, 2.0, 2.0, 2.0, 2.0, 6.0, 2.0, 6.0, 6.0, 6.0, 2.0, 2.0, 2.0, 2.0, 2.0, 2.0, 2.0, 6.0], [3.0, 2.0, 2.0, 2.0, 2.0, 6.0, 3.0, 2.0, 2.0, 2.0, 2.0, 3.0, 3.0, 3.0, 3.0, 2.0, 3.0, 3.0, 2.0, 2.0, 2.0, 2.0, 2.0, 3.0, 2.0, 2.0, 2.0, 6.0, 2.0, 6.0, 6.0, 6.0, 2.0, 2.0, 2.0, 2.0, 3.0, 2.0, 2.0, 6.0], [3.0, 2.0, 2.0, 2.0, 2.0, 6.0, 3.0, 2.0, 2.0, 2.0, 2.0, 3.0, 3.0, 3.0, 3.0, 2.0, 3.0, 3.0, 3.0, 2.0, 2.0, 2.0, 2.0, 3.0, 2.0, 2.0, 2.0, 6.0, 2.0, 6.0, 5.0, 6.0, 2.0, 2.0, 2.0, 2.0, 3.0, 2.0, 2.0, 6.0], [3.0, 2.0, 2.0, 2.0, 2.0, 6.0, 3.0, 3.0, 2.0, 2.0, 2.0, 3.0, 3.0, 6.0, 3.0, 2.0, 2.0, 2.0, 3.0, 2.0, 2.0, 2.0, 2.0, 3.0, 2.0, 2.0, 2.0, 6.0, 2.0, 6.0, 3.0, 6.0, 2.0, 2.0, 2.0, 2.0, 3.0, 2.0, 2.0, 6.0], [3.0, 2.0, 2.0, 2.0, 2.0, 6.0, 2.0, 2.0, 2.0, 2.0, 2.0, 2.0, 3.0, 3.0, 3.0, 2.0, 2.0, 3.0, 3.0, 2.0, 2.0, 2.0, 2.0, 3.0, 2.0, 2.0, 2.0, 6.0, 2.0, 6.0, 6.0, 6.0, 2.0, 2.0, 2.0, 2.0, 3.0, 2.0, 2.0, 6.0], [3.0, 2.0, 2.0, 2.0, 2.0, 6.0, 3.0, 2.0, 2.0, 2.0, 2.0, 3.0, 3.0, 3.0, 2.0, 2.0, 2.0, 3.0, 2.0, 2.0, 2.0, 2.0, 2.0, 3.0, 2.0, 2.0, 2.0, 6.0, 2.0, 6.0, 6.0, 6.0, 2.0, 2.0, 2.0, 2.0, 3.0, 2.0, 2.0, 6.0], [3.0, 2.0, 2.0, 2.0, 2.0, 6.0, 3.0, 2.0, 2.0, 2.0, 2.0, 3.0, 3.0, 6.0, 3.0, 2.0, 3.0, 3.0, 3.0, 2.0, 2.0, 2.0, 2.0, 3.0, 2.0, 2.0, 2.0, 6.0, 2.0, 6.0, 6.0, 6.0, 2.0, 2.0, 2.0, 2.0, 3.0, 2.0, 2.0, 6.0], [3.0, 2.0, 2.0, 2.0, 2.0, 6.0, 3.0, 2.0, 2.0, 2.0, 2.0, 2.0, 3.0, 6.0, 3.0, 2.0, 3.0, 3.0, 3.0, 2.0, 2.0, 2.0, 2.0, 3.0, 2.0, 2.0, 2.0, 6.0, 2.0, 6.0, 3.0, 6.0, 2.0, 2.0, 2.0, 2.0, 3.0, 2.0, 2.0, 6.0], [3.0, 2.0, 2.0, 2.0, 2.0, 6.0, 3.0, 2.0, 2.0, 2.0, 2.0, 3.0, 3.0, 6.0, 3.0, 2.0, 3.0, 2.0, 3.0, 2.0, 2.0, 2.0, 2.0, 3.0, 2.0, 2.0, 2.0, 6.0, 2.0, 6.0, 6.0, 6.0, 2.0, 2.0, 2.0, 2.0, 3.0, 2.0, 2.0, 6.0], [3.0, 2.0, 2.0, 2.0, 2.0, 6.0, 3.0, 3.0, 2.0, 2.0, 2.0, 2.0, 3.0, 6.0, 2.0, 2.0, 3.0, 2.0, 3.0, 2.0, 2.0, 2.0, 2.0, 3.0, 2.0, 2.0, 2.0, 6.0, 2.0, 6.0, 3.0, 6.0, 2.0, 2.0, 2.0, 2.0, 3.0, 2.0, 2.0, 6.0], [3.0, 2.0, 2.0, 2.0, 2.0, 6.0, 2.0, 2.0, 2.0, 2.0, 2.0, 3.0, 3.0, 6.0, 2.0, 2.0, 3.0, 2.0, 3.0, 2.0, 2.0, 2.0, 2.0, 3.0, 2.0, 2.0, 2.0, 6.0, 2.0, 6.0, 2.0, 6.0, 2.0, 2.0, 2.0, 2.0, 3.0, 2.0, 2.0, 6.0], [3.0, 2.0, 2.0, 2.0, 2.0, 6.0, 3.0, 2.0, 2.0, 2.0, 2.0, 3.0, 3.0, 3.0, 3.0, 2.0, 3.0, 3.0, 3.0, 3.0, 2.0, 2.0, 2.0, 3.0, 2.0, 2.0, 2.0, 6.0, 2.0, 6.0, 6.0, 6.0, 2.0, 2.0, 2.0, 2.0, 3.0, 2.0, 2.0, 6.0], [3.0, 2.0, 2.0, 2.0, 2.0, 6.0, 6.0, 2.0, 2.0, 2.0, 2.0, 2.0, 3.0, 2.0, 3.0, 2.0, 2.0, 3.0, 3.0, 2.0, 2.0, 2.0, 2.0, 3.0, 2.0, 2.0, 2.0, 6.0, 2.0, 6.0, 6.0, 6.0, 2.0, 2.0, 2.0, 2.0, 3.0, 2.0, 2.0, 6.0], [3.0, 2.0, 2.0, 2.0, 2.0, 6.0, 3.0, 2.0, 2.0, 2.0, 2.0, 3.0, 3.0, 3.0, 3.0, 2.0, 3.0, 3.0, 2.0, 2.0, 2.0, 2.0, 2.0, 3.0, 2.0, 2.0, 2.0, 6.0, 2.0, 6.0, 2.0, 6.0, 2.0, 2.0, 2.0, 2.0, 3.0, 2.0, 2.0, 6.0], [3.0, 2.0, 2.0, 2.0, 3.0, 6.0, 3.0, 2.0, 2.0, 2.0, 2.0, 3.0, 3.0, 6.0, 2.0, 2.0, 3.0, 2.0, 3.0, 2.0, 2.0, 2.0, 2.0, 3.0, 2.0, 2.0, 2.0, 6.0, 2.0, 6.0, 6.0, 6.0, 2.0, 2.0, 2.0, 2.0, 3.0, 2.0, 2.0, 6.0], [3.0, 2.0, 2.0, 2.0, 2.0, 6.0, 3.0, 2.0, 2.0, 2.0, 2.0, 2.0, 3.0, 6.0, 3.0, 2.0, 3.0, 2.0, 3.0, 2.0, 2.0, 2.0, 2.0, 2.0, 2.0, 2.0, 2.0, 6.0, 2.0, 6.0, 6.0, 6.0, 2.0, 2.0, 2.0, 2.0, 3.0, 2.0, 2.0, 5.0], [3.0, 2.0, 2.0, 2.0, 2.0, 6.0, 2.0, 2.0, 2.0, 2.0, 2.0, 3.0, 3.0, 6.0, 3.0, 2.0, 2.0, 3.0, 3.0, 2.0, 2.0, 2.0, 2.0, 3.0, 2.0, 2.0, 2.0, 6.0, 2.0, 6.0, 6.0, 6.0, 2.0, 2.0, 2.0, 2.0, 3.0, 2.0, 2.0, 6.0], [3.0, 2.0, 2.0, 2.0, 2.0, 6.0, 3.0, 2.0, 2.0, 2.0, 2.0, 3.0, 3.0, 6.0, 3.0, 2.0, 3.0, 3.0, 2.0, 2.0, 2.0, 2.0, 2.0, 3.0, 2.0, 2.0, 2.0, 6.0, 2.0, 6.0, 6.0, 6.0, 2.0, 2.0, 2.0, 2.0, 3.0, 2.0, 2.0, 6.0], [3.0, 2.0, 2.0, 2.0, 2.0, 6.0, 2.0, 2.0, 2.0, 2.0, 2.0, 3.0, 3.0, 6.0, 3.0, 2.0, 3.0, 2.0, 4.0, 2.0, 2.0, 2.0, 2.0, 3.0, 2.0, 2.0, 2.0, 6.0, 2.0, 6.0, 6.0, 6.0, 2.0, 2.0, 2.0, 2.0, 2.0, 2.0, 2.0, 6.0], [3.0, 2.0, 2.0, 2.0, 2.0, 6.0, 3.0, 2.0, 2.0, 2.0, 2.0, 3.0, 3.0, 3.0, 3.0, 2.0, 3.0, 2.0, 3.0, 2.0, 2.0, 2.0, 2.0, 3.0, 2.0, 2.0, 2.0, 6.0, 2.0, 6.0, 6.0, 6.0, 2.0, 2.0, 2.0, 2.0, 3.0, 2.0, 2.0, 6.0], [3.0, 2.0, 2.0, 2.0, 2.0, 6.0, 3.0, 2.0, 2.0, 2.0, 2.0, 3.0, 3.0, 6.0, 3.0, 2.0, 3.0, 2.0, 3.0, 2.0, 2.0, 2.0, 2.0, 2.0, 2.0, 2.0, 2.0, 6.0, 2.0, 6.0, 5.0, 6.0, 2.0, 2.0, 2.0, 2.0, 3.0, 2.0, 2.0, 6.0], [3.0, 2.0, 2.0, 2.0, 2.0, 6.0, 3.0, 2.0, 2.0, 2.0, 2.0, 2.0, 3.0, 3.0, 3.0, 2.0, 4.0, 2.0, 2.0, 2.0, 2.0, 2.0, 2.0, 2.0, 2.0, 2.0, 2.0, 6.0, 2.0, 6.0, 6.0, 6.0, 2.0, 2.0, 2.0, 2.0, 3.0, 2.0, 2.0, 6.0], [3.0, 2.0, 2.0, 2.0, 2.0, 6.0, 6.0, 2.0, 2.0, 2.0, 2.0, 3.0, 3.0, 3.0, 3.0, 2.0, 2.0, 3.0, 3.0, 2.0, 2.0, 2.0, 2.0, 3.0, 2.0, 2.0, 2.0, 6.0, 2.0, 6.0, 6.0, 6.0, 2.0, 2.0, 2.0, 2.0, 3.0, 2.0, 2.0, 6.0], [3.0, 2.0, 2.0, 2.0, 2.0, 6.0, 3.0, 3.0, 2.0, 2.0, 2.0, 2.0, 3.0, 6.0, 3.0, 2.0, 3.0, 2.0, 2.0, 2.0, 2.0, 2.0, 2.0, 3.0, 2.0, 2.0, 2.0, 6.0, 2.0, 6.0, 6.0, 6.0, 2.0, 2.0, 2.0, 2.0, 3.0, 2.0, 2.0, 3.0], [3.0, 2.0, 2.0, 2.0, 2.0, 6.0, 2.0, 3.0, 2.0, 2.0, 2.0, 3.0, 3.0, 3.0, 2.0, 2.0, 2.0, 2.0, 3.0, 2.0, 2.0, 2.0, 2.0, 2.0, 2.0, 2.0, 2.0, 6.0, 2.0, 6.0, 6.0, 6.0, 2.0, 2.0, 2.0, 2.0, 3.0, 2.0, 2.0, 6.0], [3.0, 2.0, 2.0, 2.0, 2.0, 6.0, 3.0, 2.0, 2.0, 2.0, 2.0, 2.0, 3.0, 6.0, 2.0, 2.0, 2.0, 2.0, 2.0, 2.0, 2.0, 2.0, 2.0, 3.0, 2.0, 2.0, 2.0, 6.0, 2.0, 6.0, 3.0, 6.0, 2.0, 2.0, 2.0, 2.0, 3.0, 2.0, 2.0, 6.0], [3.0, 2.0, 2.0, 2.0, 2.0, 6.0, 3.0, 3.0, 2.0, 2.0, 2.0, 3.0, 3.0, 3.0, 3.0, 2.0, 3.0, 3.0, 2.0, 2.0, 2.0, 2.0, 2.0, 3.0, 2.0, 2.0, 2.0, 6.0, 2.0, 6.0, 6.0, 6.0, 2.0, 2.0, 2.0, 2.0, 2.0, 2.0, 2.0, 6.0], [3.0, 2.0, 2.0, 2.0, 2.0, 6.0, 3.0, 2.0, 2.0, 2.0, 2.0, 2.0, 3.0, 6.0, 2.0, 2.0, 3.0, 3.0, 3.0, 2.0, 2.0, 2.0, 2.0, 3.0, 2.0, 2.0, 2.0, 6.0, 2.0, 6.0, 6.0, 6.0, 2.0, 2.0, 2.0, 2.0, 3.0, 2.0, 2.0, 6.0], [3.0, 2.0, 2.0, 2.0, 2.0, 6.0, 5.0, 3.0, 2.0, 2.0, 2.0, 2.0, 3.0, 6.0, 3.0, 2.0, 2.0, 3.0, 3.0, 2.0, 2.0, 2.0, 2.0, 3.0, 2.0, 2.0, 2.0, 6.0, 2.0, 6.0, 3.0, 6.0, 2.0, 2.0, 2.0, 2.0, 3.0, 2.0, 2.0, 6.0], [3.0, 2.0, 2.0, 2.0, 2.0, 6.0, 2.0, 2.0, 2.0, 2.0, 2.0, 2.0, 3.0, 6.0, 2.0, 2.0, 2.0, 3.0, 2.0, 2.0, 2.0, 2.0, 2.0, 3.0, 2.0, 2.0, 2.0, 6.0, 2.0, 6.0, 6.0, 6.0, 2.0, 2.0, 2.0, 2.0, 3.0, 2.0, 2.0, 6.0], [3.0, 2.0, 2.0, 2.0, 2.0, 6.0, 3.0, 2.0, 2.0, 2.0, 2.0, 3.0, 3.0, 6.0, 3.0, 2.0, 2.0, 2.0, 3.0, 2.0, 2.0, 2.0, 2.0, 3.0, 2.0, 2.0, 2.0, 6.0, 2.0, 6.0, 6.0, 6.0, 2.0, 2.0, 2.0, 2.0, 3.0, 2.0, 2.0, 6.0], [3.0, 2.0, 2.0, 2.0, 2.0, 6.0, 6.0, 3.0, 2.0, 2.0, 2.0, 3.0, 3.0, 6.0, 3.0, 2.0, 2.0, 3.0, 2.0, 2.0, 2.0, 2.0, 2.0, 3.0, 2.0, 2.0, 2.0, 6.0, 2.0, 6.0, 6.0, 6.0, 2.0, 2.0, 2.0, 2.0, 3.0, 2.0, 2.0, 6.0], [3.0, 2.0, 2.0, 2.0, 2.0, 6.0, 3.0, 2.0, 2.0, 2.0, 2.0, 3.0, 3.0, 3.0, 3.0, 2.0, 3.0, 3.0, 3.0, 2.0, 2.0, 2.0, 2.0, 2.0, 2.0, 2.0, 2.0, 6.0, 2.0, 6.0, 6.0, 4.0, 2.0, 2.0, 2.0, 2.0, 3.0, 2.0, 2.0, 6.0], [3.0, 2.0, 2.0, 2.0, 2.0, 6.0, 2.0, 2.0, 2.0, 2.0, 2.0, 2.0, 3.0, 6.0, 3.0, 2.0, 3.0, 3.0, 2.0, 2.0, 2.0, 2.0, 2.0, 3.0, 2.0, 2.0, 2.0, 6.0, 2.0, 6.0, 3.0, 6.0, 2.0, 2.0, 2.0, 2.0, 2.0, 2.0, 2.0, 6.0], [3.0, 2.0, 2.0, 2.0, 2.0, 6.0, 3.0, 3.0, 2.0, 2.0, 2.0, 3.0, 3.0, 6.0, 3.0, 2.0, 2.0, 2.0, 2.0, 2.0, 2.0, 2.0, 2.0, 3.0, 2.0, 2.0, 2.0, 6.0, 2.0, 6.0, 6.0, 6.0, 2.0, 2.0, 2.0, 2.0, 2.0, 2.0, 2.0, 6.0], [3.0, 2.0, 2.0, 2.0, 2.0, 6.0, 3.0, 2.0, 2.0, 2.0, 2.0, 3.0, 3.0, 3.0, 3.0, 2.0, 2.0, 2.0, 2.0, 2.0, 2.0, 2.0, 2.0, 3.0, 2.0, 2.0, 2.0, 6.0, 2.0, 6.0, 3.0, 6.0, 2.0, 2.0, 2.0, 2.0, 3.0, 2.0, 2.0, 3.0], [3.0, 2.0, 2.0, 2.0, 2.0, 6.0, 3.0, 3.0, 2.0, 2.0, 2.0, 2.0, 3.0, 6.0, 3.0, 2.0, 2.0, 2.0, 3.0, 2.0, 2.0, 2.0, 2.0, 3.0, 2.0, 2.0, 2.0, 6.0, 2.0, 6.0, 6.0, 6.0, 2.0, 2.0, 2.0, 2.0, 3.0, 2.0, 2.0, 6.0], [3.0, 2.0, 2.0, 2.0, 2.0, 6.0, 6.0, 2.0, 2.0, 2.0, 2.0, 2.0, 3.0, 6.0, 3.0, 2.0, 3.0, 3.0, 2.0, 2.0, 2.0, 2.0, 2.0, 3.0, 2.0, 2.0, 2.0, 6.0, 2.0, 6.0, 6.0, 6.0, 2.0, 2.0, 2.0, 2.0, 3.0, 2.0, 2.0, 6.0], [3.0, 2.0, 2.0, 2.0, 2.0, 6.0, 3.0, 2.0, 2.0, 2.0, 2.0, 3.0, 3.0, 3.0, 3.0, 2.0, 3.0, 2.0, 3.0, 2.0, 2.0, 2.0, 2.0, 3.0, 2.0, 2.0, 2.0, 6.0, 2.0, 6.0, 6.0, 6.0, 2.0, 2.0, 2.0, 2.0, 3.0, 2.0, 2.0, 6.0], [3.0, 2.0, 2.0, 2.0, 2.0, 6.0, 2.0, 3.0, 2.0, 2.0, 2.0, 3.0, 3.0, 6.0, 3.0, 2.0, 3.0, 2.0, 3.0, 2.0, 2.0, 2.0, 2.0, 2.0, 2.0, 2.0, 2.0, 6.0, 2.0, 6.0, 3.0, 6.0, 2.0, 2.0, 2.0, 2.0, 3.0, 2.0, 2.0, 6.0], [3.0, 2.0, 2.0, 2.0, 2.0, 6.0, 3.0, 2.0, 2.0, 2.0, 2.0, 3.0, 3.0, 3.0, 2.0, 2.0, 2.0, 3.0, 3.0, 2.0, 2.0, 2.0, 2.0, 3.0, 2.0, 2.0, 2.0, 6.0, 2.0, 6.0, 6.0, 4.0, 2.0, 2.0, 2.0, 2.0, 3.0, 2.0, 2.0, 6.0], [3.0, 2.0, 2.0, 2.0, 2.0, 6.0, 3.0, 2.0, 2.0, 2.0, 2.0, 2.0, 3.0, 6.0, 3.0, 2.0, 3.0, 2.0, 3.0, 2.0, 2.0, 2.0, 2.0, 2.0, 2.0, 2.0, 2.0, 6.0, 2.0, 6.0, 3.0, 6.0, 2.0, 2.0, 2.0, 2.0, 3.0, 2.0, 2.0, 6.0]]

first layer check: Conv2d(9, 64, kernel_size=(7, 7), stride=(2, 2), padding=(3, 3), bias=False)

for model 3: mode acc: 0.5, run mean acc: 0.4866666793823242, top-2 acc:0.7341667413711548, mode f1: 0.5

model 3 mode preds
[2.0, 2.0, 2.0, 2.0, 2.0, 6.0, 2.0, 3.0, 2.0, 2.0, 2.0, 2.0, 2.0, 3.0, 2.0, 2.0, 3.0, 2.0, 2.0, 4.0, 1.0, 2.0, 2.0, 3.0, 2.0, 2.0, 2.0, 5.0, 1.0, 6.0, 5.0, 6.0, 2.0, 2.0, 2.0, 2.0, 3.0, 2.0, 2.0, 6.0]

model 3 all preds
[[2.0, 2.0, 2.0, 2.0, 2.0, 6.0, 2.0, 2.0, 2.0, 2.0, 2.0, 3.0, 2.0, 3.0, 2.0, 2.0, 3.0, 2.0, 5.0, 2.0, 1.0, 2.0, 2.0, 3.0, 2.0, 1.0, 2.0, 5.0, 1.0, 6.0, 5.0, 6.0, 2.0, 2.0, 2.0, 2.0, 3.0, 2.0, 1.0, 6.0], [2.0, 1.0, 2.0, 2.0, 2.0, 6.0, 2.0, 3.0, 2.0, 1.0, 2.0, 2.0, 2.0, 2.0, 3.0, 2.0, 2.0, 2.0, 2.0, 4.0, 1.0, 2.0, 2.0, 3.0, 2.0, 2.0, 1.0, 5.0, 1.0, 6.0, 5.0, 6.0, 2.0, 2.0, 2.0, 2.0, 3.0, 2.0, 1.0, 6.0], [2.0, 2.0, 2.0, 2.0, 2.0, 6.0, 2.0, 3.0, 2.0, 1.0, 2.0, 3.0, 2.0, 3.0, 3.0, 2.0, 4.0, 2.0, 2.0, 4.0, 1.0, 2.0, 2.0, 4.0, 2.0, 1.0, 2.0, 6.0, 1.0, 6.0, 5.0, 6.0, 2.0, 2.0, 2.0, 2.0, 3.0, 2.0, 2.0, 6.0], [2.0, 2.0, 2.0, 2.0, 2.0, 6.0, 4.0, 2.0, 2.0, 1.0, 2.0, 2.0, 2.0, 3.0, 3.0, 2.0, 3.0, 2.0, 2.0, 4.0, 1.0, 2.0, 2.0, 4.0, 2.0, 1.0, 2.0, 6.0, 1.0, 6.0, 5.0, 6.0, 2.0, 2.0, 2.0, 2.0, 3.0, 2.0, 2.0, 6.0], [2.0, 1.0, 2.0, 2.0, 2.0, 6.0, 4.0, 3.0, 2.0, 2.0, 2.0, 2.0, 2.0, 3.0, 2.0, 2.0, 3.0, 2.0, 2.0, 4.0, 1.0, 2.0, 2.0, 3.0, 2.0, 2.0, 2.0, 5.0, 1.0, 6.0, 2.0, 6.0, 2.0, 2.0, 2.0, 2.0, 3.0, 2.0, 1.0, 6.0], [2.0, 2.0, 2.0, 2.0, 2.0, 6.0, 4.0, 3.0, 2.0, 2.0, 2.0, 2.0, 2.0, 3.0, 4.0, 2.0, 3.0, 2.0, 2.0, 4.0, 1.0, 2.0, 2.0, 3.0, 2.0, 1.0, 2.0, 6.0, 1.0, 6.0, 5.0, 6.0, 2.0, 2.0, 2.0, 2.0, 3.0, 2.0, 2.0, 6.0], [2.0, 1.0, 2.0, 2.0, 3.0, 6.0, 4.0, 2.0, 2.0, 1.0, 2.0, 2.0, 2.0, 3.0, 3.0, 2.0, 3.0, 2.0, 5.0, 4.0, 1.0, 2.0, 2.0, 4.0, 2.0, 1.0, 2.0, 5.0, 1.0, 6.0, 5.0, 6.0, 2.0, 2.0, 2.0, 2.0, 3.0, 2.0, 2.0, 6.0], [2.0, 2.0, 2.0, 2.0, 2.0, 6.0, 2.0, 3.0, 2.0, 2.0, 2.0, 2.0, 2.0, 6.0, 2.0, 2.0, 4.0, 2.0, 2.0, 4.0, 1.0, 2.0, 2.0, 4.0, 2.0, 2.0, 2.0, 5.0, 1.0, 6.0, 2.0, 6.0, 2.0, 2.0, 2.0, 2.0, 3.0, 2.0, 1.0, 6.0], [2.0, 2.0, 2.0, 2.0, 1.0, 6.0, 2.0, 3.0, 2.0, 2.0, 2.0, 3.0, 2.0, 2.0, 3.0, 2.0, 3.0, 2.0, 2.0, 4.0, 1.0, 2.0, 2.0, 2.0, 1.0, 1.0, 2.0, 6.0, 1.0, 6.0, 5.0, 6.0, 2.0, 2.0, 2.0, 2.0, 3.0, 2.0, 2.0, 6.0], [2.0, 1.0, 2.0, 2.0, 3.0, 6.0, 2.0, 2.0, 2.0, 2.0, 2.0, 2.0, 2.0, 3.0, 2.0, 2.0, 3.0, 2.0, 4.0, 4.0, 1.0, 2.0, 2.0, 3.0, 2.0, 2.0, 2.0, 5.0, 1.0, 6.0, 5.0, 6.0, 2.0, 2.0, 2.0, 2.0, 3.0, 2.0, 2.0, 6.0], [2.0, 1.0, 2.0, 2.0, 3.0, 6.0, 6.0, 2.0, 2.0, 2.0, 2.0, 3.0, 2.0, 3.0, 3.0, 2.0, 3.0, 2.0, 4.0, 4.0, 1.0, 2.0, 2.0, 3.0, 2.0, 1.0, 2.0, 6.0, 1.0, 6.0, 3.0, 4.0, 2.0, 2.0, 2.0, 2.0, 3.0, 2.0, 2.0, 4.0], [2.0, 1.0, 2.0, 2.0, 3.0, 6.0, 2.0, 2.0, 2.0, 2.0, 2.0, 3.0, 2.0, 3.0, 3.0, 2.0, 3.0, 2.0, 2.0, 2.0, 1.0, 2.0, 2.0, 3.0, 2.0, 1.0, 2.0, 5.0, 1.0, 6.0, 4.0, 4.0, 2.0, 2.0, 2.0, 2.0, 3.0, 2.0, 2.0, 4.0], [2.0, 2.0, 2.0, 2.0, 2.0, 6.0, 2.0, 2.0, 2.0, 2.0, 2.0, 2.0, 2.0, 6.0, 2.0, 2.0, 3.0, 2.0, 2.0, 4.0, 1.0, 2.0, 2.0, 4.0, 2.0, 1.0, 2.0, 6.0, 2.0, 6.0, 2.0, 6.0, 2.0, 2.0, 2.0, 2.0, 3.0, 2.0, 2.0, 6.0], [2.0, 1.0, 2.0, 2.0, 3.0, 5.0, 2.0, 3.0, 2.0, 1.0, 2.0, 3.0, 2.0, 3.0, 4.0, 2.0, 3.0, 2.0, 2.0, 4.0, 1.0, 2.0, 2.0, 3.0, 2.0, 1.0, 2.0, 5.0, 1.0, 6.0, 6.0, 6.0, 2.0, 2.0, 2.0, 2.0, 3.0, 2.0, 1.0, 6.0], [2.0, 2.0, 2.0, 2.0, 3.0, 6.0, 2.0, 2.0, 2.0, 2.0, 2.0, 3.0, 2.0, 3.0, 4.0, 2.0, 3.0, 2.0, 2.0, 4.0, 1.0, 2.0, 2.0, 4.0, 2.0, 2.0, 2.0, 5.0, 1.0, 6.0, 5.0, 6.0, 2.0, 2.0, 2.0, 2.0, 3.0, 2.0, 2.0, 6.0], [2.0, 1.0, 2.0, 2.0, 3.0, 6.0, 6.0, 3.0, 2.0, 2.0, 2.0, 2.0, 2.0, 3.0, 2.0, 2.0, 3.0, 2.0, 4.0, 4.0, 1.0, 2.0, 2.0, 3.0, 2.0, 1.0, 2.0, 5.0, 1.0, 6.0, 2.0, 6.0, 2.0, 2.0, 2.0, 2.0, 3.0, 2.0, 2.0, 6.0], [2.0, 1.0, 2.0, 2.0, 2.0, 6.0, 2.0, 3.0, 2.0, 2.0, 2.0, 2.0, 2.0, 2.0, 2.0, 2.0, 3.0, 2.0, 4.0, 4.0, 1.0, 2.0, 2.0, 3.0, 2.0, 1.0, 2.0, 6.0, 1.0, 6.0, 4.0, 6.0, 2.0, 2.0, 2.0, 2.0, 3.0, 2.0, 1.0, 6.0], [2.0, 2.0, 2.0, 2.0, 2.0, 6.0, 2.0, 3.0, 2.0, 1.0, 2.0, 2.0, 2.0, 3.0, 2.0, 2.0, 3.0, 2.0, 2.0, 4.0, 1.0, 2.0, 2.0, 4.0, 2.0, 1.0, 2.0, 5.0, 1.0, 6.0, 2.0, 6.0, 2.0, 2.0, 2.0, 2.0, 3.0, 2.0, 2.0, 6.0], [2.0, 2.0, 2.0, 2.0, 3.0, 6.0, 4.0, 3.0, 2.0, 2.0, 2.0, 2.0, 2.0, 3.0, 2.0, 2.0, 3.0, 2.0, 3.0, 4.0, 1.0, 2.0, 2.0, 4.0, 2.0, 2.0, 2.0, 5.0, 1.0, 6.0, 6.0, 6.0, 2.0, 2.0, 2.0, 2.0, 3.0, 2.0, 1.0, 6.0], [2.0, 1.0, 2.0, 2.0, 3.0, 6.0, 2.0, 3.0, 2.0, 1.0, 2.0, 2.0, 2.0, 6.0, 3.0, 2.0, 3.0, 2.0, 2.0, 4.0, 1.0, 2.0, 2.0, 2.0, 2.0, 1.0, 2.0, 6.0, 1.0, 4.0, 5.0, 6.0, 2.0, 1.0, 2.0, 2.0, 3.0, 2.0, 1.0, 6.0], [2.0, 2.0, 2.0, 2.0, 2.0, 6.0, 2.0, 3.0, 2.0, 2.0, 2.0, 3.0, 2.0, 3.0, 2.0, 2.0, 3.0, 2.0, 3.0, 4.0, 1.0, 2.0, 2.0, 3.0, 2.0, 2.0, 2.0, 5.0, 1.0, 6.0, 5.0, 6.0, 2.0, 2.0, 2.0, 2.0, 3.0, 2.0, 1.0, 6.0], [2.0, 1.0, 2.0, 2.0, 3.0, 6.0, 5.0, 3.0, 2.0, 1.0, 2.0, 2.0, 2.0, 3.0, 3.0, 2.0, 4.0, 2.0, 3.0, 4.0, 1.0, 2.0, 2.0, 3.0, 2.0, 2.0, 2.0, 5.0, 1.0, 6.0, 5.0, 6.0, 2.0, 2.0, 2.0, 2.0, 3.0, 2.0, 2.0, 6.0], [2.0, 1.0, 2.0, 2.0, 3.0, 6.0, 2.0, 2.0, 2.0, 2.0, 2.0, 2.0, 2.0, 3.0, 4.0, 2.0, 4.0, 2.0, 2.0, 4.0, 1.0, 2.0, 2.0, 3.0, 2.0, 1.0, 2.0, 6.0, 1.0, 6.0, 5.0, 6.0, 2.0, 2.0, 2.0, 2.0, 3.0, 2.0, 1.0, 6.0], [2.0, 2.0, 2.0, 2.0, 2.0, 6.0, 2.0, 3.0, 2.0, 2.0, 2.0, 3.0, 2.0, 3.0, 3.0, 2.0, 3.0, 2.0, 2.0, 4.0, 1.0, 2.0, 2.0, 3.0, 2.0, 1.0, 2.0, 5.0, 1.0, 6.0, 5.0, 4.0, 2.0, 2.0, 2.0, 2.0, 3.0, 2.0, 2.0, 6.0], [2.0, 2.0, 2.0, 2.0, 3.0, 6.0, 2.0, 3.0, 2.0, 2.0, 2.0, 2.0, 2.0, 2.0, 3.0, 2.0, 3.0, 2.0, 4.0, 4.0, 1.0, 2.0, 2.0, 4.0, 3.0, 1.0, 2.0, 5.0, 1.0, 6.0, 2.0, 4.0, 2.0, 2.0, 2.0, 2.0, 3.0, 2.0, 2.0, 6.0], [2.0, 2.0, 2.0, 2.0, 2.0, 6.0, 2.0, 3.0, 2.0, 2.0, 2.0, 3.0, 2.0, 3.0, 3.0, 2.0, 2.0, 2.0, 2.0, 4.0, 1.0, 2.0, 2.0, 2.0, 2.0, 2.0, 1.0, 5.0, 1.0, 6.0, 5.0, 5.0, 2.0, 2.0, 2.0, 2.0, 3.0, 2.0, 2.0, 6.0], [2.0, 1.0, 2.0, 2.0, 2.0, 6.0, 2.0, 2.0, 2.0, 2.0, 2.0, 2.0, 2.0, 2.0, 3.0, 2.0, 3.0, 2.0, 4.0, 4.0, 1.0, 2.0, 2.0, 3.0, 2.0, 2.0, 2.0, 5.0, 1.0, 6.0, 5.0, 6.0, 2.0, 2.0, 2.0, 2.0, 3.0, 2.0, 2.0, 6.0], [2.0, 1.0, 2.0, 2.0, 2.0, 6.0, 4.0, 3.0, 2.0, 2.0, 2.0, 2.0, 2.0, 3.0, 3.0, 2.0, 3.0, 2.0, 2.0, 4.0, 1.0, 2.0, 2.0, 4.0, 2.0, 2.0, 2.0, 5.0, 1.0, 6.0, 2.0, 6.0, 2.0, 2.0, 2.0, 2.0, 3.0, 2.0, 2.0, 6.0], [2.0, 2.0, 2.0, 2.0, 3.0, 6.0, 2.0, 3.0, 2.0, 1.0, 2.0, 2.0, 2.0, 3.0, 2.0, 2.0, 4.0, 2.0, 2.0, 4.0, 1.0, 2.0, 2.0, 3.0, 2.0, 2.0, 1.0, 5.0, 1.0, 6.0, 2.0, 6.0, 2.0, 2.0, 2.0, 2.0, 3.0, 2.0, 2.0, 6.0], [2.0, 1.0, 2.0, 2.0, 2.0, 6.0, 6.0, 3.0, 2.0, 1.0, 2.0, 2.0, 2.0, 3.0, 2.0, 2.0, 2.0, 2.0, 2.0, 4.0, 1.0, 2.0, 2.0, 3.0, 2.0, 2.0, 2.0, 6.0, 1.0, 6.0, 2.0, 6.0, 2.0, 2.0, 2.0, 2.0, 3.0, 2.0, 1.0, 6.0], [2.0, 2.0, 2.0, 2.0, 2.0, 6.0, 4.0, 3.0, 2.0, 2.0, 2.0, 3.0, 2.0, 2.0, 2.0, 2.0, 3.0, 2.0, 4.0, 4.0, 1.0, 2.0, 2.0, 3.0, 2.0, 1.0, 2.0, 5.0, 1.0, 6.0, 5.0, 4.0, 2.0, 2.0, 2.0, 2.0, 3.0, 2.0, 2.0, 6.0], [2.0, 2.0, 2.0, 2.0, 3.0, 6.0, 2.0, 3.0, 2.0, 1.0, 2.0, 3.0, 2.0, 2.0, 2.0, 2.0, 3.0, 2.0, 5.0, 4.0, 1.0, 2.0, 2.0, 5.0, 2.0, 1.0, 2.0, 5.0, 1.0, 6.0, 5.0, 6.0, 2.0, 2.0, 2.0, 2.0, 3.0, 2.0, 2.0, 6.0], [2.0, 2.0, 2.0, 2.0, 2.0, 6.0, 2.0, 2.0, 2.0, 1.0, 2.0, 2.0, 2.0, 3.0, 4.0, 2.0, 3.0, 2.0, 2.0, 4.0, 1.0, 2.0, 2.0, 3.0, 2.0, 1.0, 2.0, 5.0, 1.0, 6.0, 5.0, 6.0, 2.0, 2.0, 2.0, 2.0, 3.0, 2.0, 2.0, 6.0], [2.0, 1.0, 2.0, 2.0, 2.0, 6.0, 4.0, 2.0, 2.0, 1.0, 2.0, 2.0, 2.0, 2.0, 3.0, 2.0, 3.0, 2.0, 2.0, 4.0, 1.0, 2.0, 2.0, 4.0, 1.0, 2.0, 2.0, 5.0, 1.0, 6.0, 5.0, 6.0, 2.0, 2.0, 2.0, 2.0, 3.0, 2.0, 2.0, 6.0], [2.0, 1.0, 2.0, 2.0, 2.0, 6.0, 2.0, 2.0, 2.0, 2.0, 2.0, 3.0, 2.0, 3.0, 2.0, 2.0, 3.0, 2.0, 4.0, 3.0, 1.0, 2.0, 2.0, 3.0, 2.0, 2.0, 2.0, 5.0, 1.0, 6.0, 2.0, 6.0, 2.0, 2.0, 2.0, 2.0, 3.0, 2.0, 1.0, 6.0], [2.0, 2.0, 2.0, 2.0, 2.0, 6.0, 4.0, 2.0, 2.0, 1.0, 2.0, 2.0, 2.0, 2.0, 3.0, 2.0, 3.0, 2.0, 2.0, 4.0, 1.0, 2.0, 2.0, 4.0, 2.0, 2.0, 2.0, 5.0, 1.0, 6.0, 5.0, 6.0, 2.0, 2.0, 2.0, 2.0, 3.0, 2.0, 2.0, 6.0], [2.0, 2.0, 2.0, 2.0, 3.0, 6.0, 6.0, 2.0, 2.0, 1.0, 2.0, 2.0, 2.0, 3.0, 2.0, 2.0, 3.0, 2.0, 2.0, 4.0, 1.0, 2.0, 2.0, 4.0, 2.0, 2.0, 2.0, 6.0, 1.0, 6.0, 5.0, 6.0, 2.0, 2.0, 2.0, 2.0, 3.0, 2.0, 2.0, 6.0], [2.0, 2.0, 2.0, 2.0, 3.0, 6.0, 2.0, 3.0, 2.0, 2.0, 2.0, 2.0, 2.0, 2.0, 2.0, 2.0, 3.0, 2.0, 4.0, 4.0, 1.0, 2.0, 2.0, 3.0, 3.0, 1.0, 2.0, 6.0, 1.0, 6.0, 5.0, 6.0, 2.0, 2.0, 2.0, 2.0, 3.0, 2.0, 1.0, 6.0], [2.0, 1.0, 2.0, 2.0, 2.0, 6.0, 2.0, 2.0, 2.0, 2.0, 2.0, 2.0, 2.0, 6.0, 2.0, 2.0, 3.0, 2.0, 2.0, 4.0, 1.0, 2.0, 2.0, 3.0, 2.0, 2.0, 2.0, 5.0, 1.0, 6.0, 3.0, 6.0, 2.0, 2.0, 2.0, 2.0, 3.0, 2.0, 2.0, 6.0], [2.0, 1.0, 2.0, 2.0, 2.0, 6.0, 2.0, 3.0, 2.0, 2.0, 2.0, 2.0, 2.0, 6.0, 3.0, 2.0, 3.0, 2.0, 4.0, 2.0, 1.0, 2.0, 2.0, 3.0, 2.0, 2.0, 2.0, 5.0, 1.0, 6.0, 6.0, 6.0, 2.0, 2.0, 2.0, 2.0, 3.0, 2.0, 1.0, 6.0], [2.0, 1.0, 2.0, 2.0, 3.0, 6.0, 4.0, 2.0, 2.0, 2.0, 2.0, 2.0, 2.0, 2.0, 3.0, 2.0, 3.0, 2.0, 5.0, 2.0, 1.0, 2.0, 2.0, 3.0, 2.0, 1.0, 2.0, 5.0, 1.0, 6.0, 4.0, 6.0, 2.0, 2.0, 2.0, 2.0, 3.0, 2.0, 2.0, 6.0], [2.0, 2.0, 2.0, 2.0, 1.0, 6.0, 4.0, 3.0, 2.0, 1.0, 2.0, 2.0, 2.0, 3.0, 2.0, 2.0, 4.0, 2.0, 5.0, 4.0, 1.0, 2.0, 2.0, 4.0, 2.0, 1.0, 2.0, 5.0, 1.0, 6.0, 3.0, 6.0, 2.0, 2.0, 2.0, 2.0, 3.0, 2.0, 2.0, 6.0], [2.0, 2.0, 2.0, 2.0, 2.0, 6.0, 4.0, 3.0, 2.0, 1.0, 2.0, 2.0, 2.0, 3.0, 3.0, 2.0, 3.0, 2.0, 5.0, 4.0, 1.0, 2.0, 2.0, 4.0, 2.0, 2.0, 2.0, 5.0, 1.0, 6.0, 2.0, 6.0, 2.0, 2.0, 2.0, 2.0, 3.0, 2.0, 1.0, 4.0], [2.0, 2.0, 2.0, 2.0, 2.0, 6.0, 4.0, 3.0, 2.0, 2.0, 2.0, 3.0, 2.0, 3.0, 2.0, 2.0, 3.0, 2.0, 2.0, 4.0, 1.0, 2.0, 2.0, 3.0, 2.0, 2.0, 2.0, 5.0, 1.0, 6.0, 3.0, 6.0, 2.0, 2.0, 2.0, 2.0, 3.0, 2.0, 2.0, 6.0], [2.0, 2.0, 2.0, 2.0, 2.0, 6.0, 2.0, 3.0, 2.0, 2.0, 2.0, 2.0, 2.0, 3.0, 2.0, 2.0, 3.0, 2.0, 2.0, 4.0, 1.0, 2.0, 2.0, 3.0, 2.0, 2.0, 2.0, 5.0, 1.0, 6.0, 5.0, 6.0, 2.0, 2.0, 2.0, 2.0, 3.0, 2.0, 2.0, 6.0], [2.0, 2.0, 2.0, 2.0, 3.0, 2.0, 4.0, 2.0, 2.0, 2.0, 2.0, 3.0, 2.0, 2.0, 2.0, 2.0, 4.0, 2.0, 4.0, 4.0, 1.0, 2.0, 2.0, 2.0, 2.0, 2.0, 2.0, 5.0, 2.0, 6.0, 5.0, 6.0, 2.0, 2.0, 2.0, 2.0, 3.0, 2.0, 2.0, 6.0], [2.0, 2.0, 2.0, 2.0, 2.0, 6.0, 6.0, 3.0, 2.0, 1.0, 2.0, 2.0, 2.0, 3.0, 2.0, 2.0, 2.0, 2.0, 4.0, 4.0, 1.0, 2.0, 2.0, 4.0, 2.0, 1.0, 2.0, 5.0, 1.0, 6.0, 2.0, 4.0, 2.0, 2.0, 2.0, 2.0, 3.0, 2.0, 1.0, 6.0], [2.0, 2.0, 2.0, 2.0, 2.0, 6.0, 4.0, 2.0, 2.0, 1.0, 2.0, 2.0, 2.0, 3.0, 3.0, 2.0, 3.0, 2.0, 2.0, 4.0, 1.0, 2.0, 2.0, 3.0, 2.0, 2.0, 2.0, 5.0, 1.0, 6.0, 2.0, 6.0, 2.0, 2.0, 2.0, 2.0, 3.0, 2.0, 1.0, 6.0], [2.0, 2.0, 2.0, 2.0, 3.0, 6.0, 2.0, 3.0, 2.0, 1.0, 2.0, 3.0, 2.0, 3.0, 3.0, 2.0, 3.0, 2.0, 4.0, 4.0, 1.0, 2.0, 2.0, 4.0, 2.0, 2.0, 1.0, 6.0, 1.0, 6.0, 2.0, 6.0, 2.0, 2.0, 2.0, 2.0, 3.0, 2.0, 2.0, 6.0], [2.0, 2.0, 2.0, 2.0, 2.0, 6.0, 2.0, 2.0, 2.0, 2.0, 2.0, 2.0, 2.0, 6.0, 2.0, 2.0, 3.0, 2.0, 2.0, 4.0, 1.0, 2.0, 2.0, 2.0, 2.0, 2.0, 2.0, 5.0, 1.0, 6.0, 2.0, 6.0, 2.0, 2.0, 2.0, 2.0, 3.0, 2.0, 2.0, 6.0]]

first layer check: Conv2d(9, 64, kernel_size=(7, 7), stride=(2, 2), padding=(3, 3), bias=False)

for model 4: mode acc: 0.44999998807907104, run mean acc: 0.45666664838790894, top-2 acc:0.7174999713897705, mode f1: 0.44999998807907104

model 4 mode preds
[2.0, 2.0, 2.0, 2.0, 3.0, 6.0, 3.0, 3.0, 2.0, 2.0, 2.0, 3.0, 2.0, 3.0, 3.0, 2.0, 4.0, 2.0, 5.0, 3.0, 1.0, 2.0, 2.0, 3.0, 2.0, 2.0, 2.0, 5.0, 2.0, 6.0, 6.0, 4.0, 2.0, 2.0, 2.0, 2.0, 3.0, 2.0, 2.0, 6.0]

model 4 all preds
[[2.0, 2.0, 2.0, 2.0, 3.0, 3.0, 3.0, 3.0, 2.0, 2.0, 2.0, 3.0, 2.0, 3.0, 2.0, 2.0, 3.0, 2.0, 2.0, 3.0, 1.0, 2.0, 2.0, 3.0, 2.0, 2.0, 2.0, 3.0, 2.0, 6.0, 6.0, 4.0, 2.0, 2.0, 2.0, 2.0, 3.0, 2.0, 1.0, 6.0], [2.0, 2.0, 2.0, 2.0, 2.0, 6.0, 3.0, 3.0, 2.0, 2.0, 2.0, 2.0, 2.0, 3.0, 3.0, 2.0, 2.0, 2.0, 5.0, 3.0, 1.0, 2.0, 2.0, 3.0, 2.0, 2.0, 2.0, 5.0, 2.0, 6.0, 6.0, 4.0, 2.0, 2.0, 2.0, 2.0, 3.0, 2.0, 2.0, 5.0], [2.0, 2.0, 2.0, 2.0, 3.0, 5.0, 4.0, 3.0, 2.0, 2.0, 2.0, 3.0, 2.0, 4.0, 3.0, 2.0, 3.0, 2.0, 5.0, 3.0, 1.0, 2.0, 2.0, 3.0, 2.0, 2.0, 2.0, 5.0, 2.0, 6.0, 5.0, 4.0, 2.0, 2.0, 2.0, 2.0, 3.0, 2.0, 2.0, 6.0], [2.0, 2.0, 2.0, 2.0, 3.0, 6.0, 3.0, 3.0, 2.0, 2.0, 2.0, 3.0, 2.0, 3.0, 3.0, 2.0, 3.0, 2.0, 2.0, 4.0, 1.0, 2.0, 2.0, 3.0, 3.0, 2.0, 2.0, 4.0, 2.0, 6.0, 3.0, 4.0, 2.0, 2.0, 2.0, 2.0, 3.0, 2.0, 2.0, 5.0], [2.0, 2.0, 2.0, 2.0, 3.0, 5.0, 5.0, 5.0, 2.0, 2.0, 2.0, 3.0, 2.0, 3.0, 3.0, 2.0, 3.0, 3.0, 5.0, 3.0, 1.0, 2.0, 2.0, 3.0, 3.0, 2.0, 2.0, 5.0, 2.0, 6.0, 6.0, 4.0, 2.0, 2.0, 2.0, 2.0, 3.0, 2.0, 2.0, 6.0], [2.0, 2.0, 2.0, 2.0, 3.0, 5.0, 3.0, 5.0, 2.0, 2.0, 2.0, 3.0, 2.0, 3.0, 3.0, 2.0, 4.0, 2.0, 3.0, 3.0, 1.0, 2.0, 2.0, 3.0, 2.0, 2.0, 2.0, 5.0, 2.0, 6.0, 6.0, 4.0, 2.0, 2.0, 2.0, 2.0, 3.0, 2.0, 2.0, 5.0], [2.0, 2.0, 2.0, 2.0, 3.0, 6.0, 3.0, 3.0, 2.0, 2.0, 2.0, 3.0, 2.0, 3.0, 3.0, 2.0, 4.0, 3.0, 2.0, 2.0, 1.0, 2.0, 2.0, 3.0, 2.0, 2.0, 2.0, 5.0, 2.0, 6.0, 6.0, 4.0, 2.0, 2.0, 2.0, 2.0, 3.0, 2.0, 1.0, 5.0], [2.0, 2.0, 2.0, 2.0, 3.0, 6.0, 3.0, 3.0, 2.0, 2.0, 2.0, 2.0, 2.0, 3.0, 3.0, 2.0, 4.0, 2.0, 2.0, 3.0, 1.0, 2.0, 2.0, 3.0, 2.0, 2.0, 2.0, 6.0, 2.0, 6.0, 3.0, 4.0, 2.0, 2.0, 2.0, 2.0, 3.0, 2.0, 2.0, 5.0], [2.0, 2.0, 2.0, 2.0, 3.0, 5.0, 3.0, 3.0, 2.0, 2.0, 2.0, 2.0, 2.0, 3.0, 3.0, 2.0, 4.0, 2.0, 5.0, 4.0, 1.0, 2.0, 2.0, 3.0, 2.0, 2.0, 2.0, 5.0, 2.0, 6.0, 6.0, 4.0, 2.0, 2.0, 2.0, 2.0, 3.0, 2.0, 2.0, 6.0], [2.0, 2.0, 2.0, 2.0, 2.0, 6.0, 5.0, 3.0, 2.0, 2.0, 2.0, 2.0, 2.0, 3.0, 3.0, 2.0, 3.0, 2.0, 5.0, 4.0, 1.0, 2.0, 2.0, 3.0, 2.0, 2.0, 2.0, 3.0, 2.0, 6.0, 6.0, 4.0, 2.0, 2.0, 2.0, 2.0, 3.0, 2.0, 2.0, 5.0], [2.0, 2.0, 2.0, 2.0, 3.0, 5.0, 3.0, 3.0, 2.0, 2.0, 2.0, 2.0, 2.0, 3.0, 3.0, 2.0, 3.0, 2.0, 3.0, 3.0, 1.0, 2.0, 2.0, 3.0, 2.0, 2.0, 1.0, 5.0, 2.0, 6.0, 3.0, 4.0, 2.0, 2.0, 2.0, 2.0, 3.0, 2.0, 1.0, 6.0], [2.0, 2.0, 2.0, 2.0, 3.0, 6.0, 3.0, 3.0, 2.0, 2.0, 2.0, 3.0, 2.0, 3.0, 3.0, 2.0, 3.0, 2.0, 5.0, 3.0, 1.0, 2.0, 2.0, 3.0, 2.0, 2.0, 2.0, 5.0, 2.0, 6.0, 3.0, 4.0, 2.0, 2.0, 2.0, 2.0, 3.0, 2.0, 2.0, 6.0], [2.0, 2.0, 2.0, 2.0, 3.0, 5.0, 3.0, 3.0, 2.0, 2.0, 2.0, 2.0, 2.0, 4.0, 4.0, 2.0, 3.0, 2.0, 5.0, 3.0, 1.0, 2.0, 2.0, 3.0, 2.0, 2.0, 2.0, 5.0, 2.0, 6.0, 4.0, 4.0, 2.0, 2.0, 2.0, 2.0, 3.0, 2.0, 1.0, 5.0], [2.0, 2.0, 2.0, 2.0, 2.0, 6.0, 3.0, 3.0, 2.0, 2.0, 2.0, 3.0, 2.0, 3.0, 3.0, 2.0, 3.0, 2.0, 5.0, 2.0, 1.0, 2.0, 2.0, 3.0, 2.0, 2.0, 2.0, 3.0, 2.0, 6.0, 5.0, 4.0, 3.0, 2.0, 2.0, 2.0, 3.0, 2.0, 1.0, 6.0], [2.0, 2.0, 2.0, 2.0, 3.0, 6.0, 3.0, 3.0, 2.0, 2.0, 2.0, 3.0, 2.0, 3.0, 3.0, 2.0, 3.0, 3.0, 2.0, 3.0, 1.0, 2.0, 2.0, 3.0, 2.0, 2.0, 2.0, 6.0, 2.0, 6.0, 3.0, 4.0, 2.0, 2.0, 2.0, 2.0, 3.0, 2.0, 1.0, 6.0], [2.0, 2.0, 2.0, 2.0, 2.0, 6.0, 3.0, 3.0, 2.0, 2.0, 2.0, 3.0, 2.0, 4.0, 3.0, 2.0, 3.0, 2.0, 2.0, 2.0, 1.0, 2.0, 2.0, 3.0, 2.0, 2.0, 2.0, 6.0, 2.0, 6.0, 6.0, 4.0, 2.0, 2.0, 2.0, 2.0, 3.0, 2.0, 1.0, 6.0], [2.0, 2.0, 2.0, 2.0, 2.0, 6.0, 3.0, 3.0, 2.0, 2.0, 2.0, 3.0, 2.0, 5.0, 3.0, 2.0, 4.0, 2.0, 3.0, 3.0, 1.0, 2.0, 2.0, 3.0, 2.0, 2.0, 2.0, 5.0, 2.0, 6.0, 6.0, 4.0, 3.0, 2.0, 2.0, 2.0, 3.0, 2.0, 2.0, 5.0], [2.0, 2.0, 2.0, 2.0, 3.0, 6.0, 3.0, 3.0, 2.0, 2.0, 2.0, 3.0, 2.0, 3.0, 4.0, 2.0, 4.0, 3.0, 5.0, 3.0, 2.0, 2.0, 2.0, 3.0, 2.0, 2.0, 2.0, 5.0, 2.0, 6.0, 6.0, 4.0, 2.0, 2.0, 2.0, 2.0, 3.0, 2.0, 2.0, 5.0], [2.0, 2.0, 2.0, 2.0, 3.0, 5.0, 3.0, 2.0, 2.0, 2.0, 2.0, 3.0, 2.0, 3.0, 3.0, 2.0, 4.0, 2.0, 3.0, 3.0, 1.0, 2.0, 2.0, 3.0, 2.0, 2.0, 2.0, 5.0, 2.0, 5.0, 3.0, 4.0, 2.0, 2.0, 2.0, 2.0, 3.0, 2.0, 2.0, 5.0], [2.0, 2.0, 2.0, 2.0, 3.0, 5.0, 3.0, 3.0, 2.0, 2.0, 2.0, 2.0, 2.0, 3.0, 3.0, 2.0, 4.0, 3.0, 5.0, 3.0, 1.0, 2.0, 2.0, 3.0, 2.0, 2.0, 2.0, 6.0, 2.0, 6.0, 5.0, 4.0, 3.0, 2.0, 2.0, 2.0, 3.0, 2.0, 2.0, 5.0], [2.0, 2.0, 2.0, 2.0, 3.0, 5.0, 3.0, 2.0, 2.0, 2.0, 2.0, 3.0, 2.0, 3.0, 3.0, 2.0, 3.0, 2.0, 2.0, 3.0, 1.0, 2.0, 2.0, 3.0, 2.0, 2.0, 2.0, 5.0, 2.0, 6.0, 4.0, 4.0, 2.0, 2.0, 2.0, 2.0, 3.0, 2.0, 2.0, 6.0], [2.0, 2.0, 2.0, 2.0, 3.0, 6.0, 3.0, 3.0, 2.0, 2.0, 2.0, 3.0, 2.0, 3.0, 3.0, 2.0, 4.0, 3.0, 5.0, 3.0, 1.0, 2.0, 2.0, 3.0, 2.0, 2.0, 2.0, 5.0, 2.0, 6.0, 5.0, 4.0, 2.0, 2.0, 2.0, 2.0, 3.0, 2.0, 1.0, 5.0], [2.0, 2.0, 2.0, 2.0, 3.0, 6.0, 3.0, 5.0, 2.0, 2.0, 2.0, 3.0, 2.0, 4.0, 3.0, 2.0, 4.0, 2.0, 2.0, 3.0, 1.0, 2.0, 2.0, 3.0, 2.0, 2.0, 2.0, 5.0, 2.0, 6.0, 6.0, 4.0, 2.0, 2.0, 2.0, 2.0, 3.0, 2.0, 2.0, 5.0], [2.0, 2.0, 2.0, 2.0, 3.0, 6.0, 3.0, 3.0, 2.0, 2.0, 2.0, 3.0, 2.0, 4.0, 2.0, 2.0, 4.0, 3.0, 3.0, 3.0, 1.0, 2.0, 2.0, 3.0, 2.0, 2.0, 2.0, 6.0, 2.0, 6.0, 3.0, 4.0, 2.0, 2.0, 2.0, 2.0, 3.0, 2.0, 2.0, 5.0], [2.0, 2.0, 2.0, 2.0, 2.0, 6.0, 3.0, 3.0, 2.0, 2.0, 2.0, 2.0, 2.0, 3.0, 3.0, 2.0, 4.0, 2.0, 2.0, 4.0, 1.0, 2.0, 2.0, 3.0, 3.0, 2.0, 2.0, 5.0, 2.0, 6.0, 6.0, 4.0, 2.0, 2.0, 2.0, 2.0, 3.0, 2.0, 2.0, 5.0], [2.0, 2.0, 2.0, 2.0, 3.0, 5.0, 3.0, 3.0, 2.0, 2.0, 2.0, 3.0, 2.0, 3.0, 3.0, 2.0, 2.0, 2.0, 5.0, 2.0, 1.0, 2.0, 2.0, 3.0, 2.0, 2.0, 2.0, 6.0, 2.0, 6.0, 3.0, 4.0, 2.0, 2.0, 2.0, 2.0, 3.0, 2.0, 2.0, 6.0], [2.0, 2.0, 2.0, 2.0, 3.0, 5.0, 3.0, 5.0, 2.0, 2.0, 2.0, 3.0, 2.0, 5.0, 3.0, 2.0, 3.0, 2.0, 2.0, 3.0, 1.0, 2.0, 2.0, 3.0, 2.0, 2.0, 2.0, 5.0, 2.0, 6.0, 4.0, 4.0, 2.0, 2.0, 2.0, 2.0, 3.0, 2.0, 1.0, 4.0], [2.0, 2.0, 2.0, 2.0, 2.0, 6.0, 2.0, 3.0, 2.0, 2.0, 2.0, 3.0, 2.0, 3.0, 3.0, 2.0, 3.0, 2.0, 5.0, 3.0, 1.0, 2.0, 2.0, 3.0, 2.0, 2.0, 2.0, 5.0, 2.0, 6.0, 3.0, 4.0, 2.0, 2.0, 2.0, 2.0, 3.0, 2.0, 2.0, 4.0], [2.0, 2.0, 2.0, 2.0, 3.0, 6.0, 3.0, 3.0, 2.0, 2.0, 2.0, 3.0, 2.0, 3.0, 3.0, 2.0, 4.0, 2.0, 5.0, 3.0, 1.0, 2.0, 2.0, 3.0, 2.0, 2.0, 2.0, 4.0, 2.0, 6.0, 3.0, 4.0, 2.0, 2.0, 2.0, 2.0, 3.0, 2.0, 2.0, 5.0], [2.0, 2.0, 2.0, 2.0, 2.0, 6.0, 5.0, 3.0, 2.0, 2.0, 2.0, 2.0, 2.0, 4.0, 4.0, 2.0, 4.0, 2.0, 5.0, 4.0, 1.0, 2.0, 2.0, 3.0, 2.0, 2.0, 2.0, 5.0, 2.0, 6.0, 6.0, 4.0, 2.0, 2.0, 2.0, 2.0, 3.0, 2.0, 1.0, 6.0], [2.0, 2.0, 2.0, 2.0, 2.0, 6.0, 5.0, 3.0, 2.0, 2.0, 2.0, 4.0, 2.0, 3.0, 4.0, 2.0, 4.0, 3.0, 3.0, 3.0, 1.0, 2.0, 2.0, 3.0, 2.0, 2.0, 2.0, 3.0, 2.0, 6.0, 3.0, 4.0, 2.0, 2.0, 2.0, 2.0, 3.0, 2.0, 2.0, 5.0], [2.0, 2.0, 2.0, 2.0, 3.0, 6.0, 3.0, 3.0, 2.0, 2.0, 2.0, 3.0, 2.0, 3.0, 3.0, 2.0, 4.0, 2.0, 3.0, 4.0, 1.0, 2.0, 2.0, 3.0, 2.0, 2.0, 2.0, 5.0, 2.0, 6.0, 6.0, 4.0, 2.0, 2.0, 2.0, 2.0, 3.0, 2.0, 2.0, 6.0], [2.0, 2.0, 2.0, 2.0, 2.0, 6.0, 3.0, 3.0, 2.0, 2.0, 2.0, 3.0, 2.0, 3.0, 3.0, 2.0, 4.0, 2.0, 5.0, 2.0, 1.0, 2.0, 2.0, 3.0, 3.0, 2.0, 2.0, 6.0, 2.0, 6.0, 6.0, 4.0, 2.0, 2.0, 2.0, 2.0, 3.0, 2.0, 2.0, 6.0], [2.0, 2.0, 2.0, 2.0, 2.0, 6.0, 3.0, 3.0, 2.0, 2.0, 2.0, 2.0, 2.0, 3.0, 4.0, 2.0, 3.0, 2.0, 5.0, 3.0, 1.0, 2.0, 2.0, 3.0, 2.0, 2.0, 2.0, 5.0, 2.0, 6.0, 6.0, 4.0, 2.0, 2.0, 2.0, 2.0, 3.0, 2.0, 1.0, 6.0], [2.0, 2.0, 2.0, 2.0, 3.0, 6.0, 3.0, 3.0, 2.0, 2.0, 2.0, 3.0, 2.0, 3.0, 3.0, 2.0, 4.0, 3.0, 2.0, 2.0, 1.0, 2.0, 2.0, 3.0, 2.0, 2.0, 2.0, 3.0, 2.0, 6.0, 4.0, 4.0, 2.0, 2.0, 2.0, 2.0, 3.0, 2.0, 1.0, 5.0], [2.0, 2.0, 2.0, 2.0, 2.0, 6.0, 3.0, 3.0, 2.0, 2.0, 2.0, 2.0, 2.0, 3.0, 3.0, 2.0, 3.0, 2.0, 2.0, 2.0, 1.0, 2.0, 2.0, 3.0, 2.0, 1.0, 2.0, 5.0, 2.0, 6.0, 6.0, 4.0, 2.0, 2.0, 2.0, 2.0, 3.0, 2.0, 2.0, 6.0], [2.0, 2.0, 2.0, 2.0, 3.0, 6.0, 3.0, 3.0, 2.0, 2.0, 2.0, 3.0, 2.0, 4.0, 3.0, 2.0, 4.0, 2.0, 2.0, 4.0, 2.0, 2.0, 2.0, 3.0, 2.0, 2.0, 2.0, 6.0, 2.0, 6.0, 3.0, 4.0, 2.0, 2.0, 2.0, 2.0, 3.0, 2.0, 2.0, 6.0], [2.0, 2.0, 2.0, 2.0, 2.0, 6.0, 3.0, 2.0, 2.0, 2.0, 2.0, 3.0, 2.0, 3.0, 3.0, 2.0, 3.0, 3.0, 5.0, 3.0, 1.0, 2.0, 2.0, 3.0, 2.0, 2.0, 2.0, 6.0, 2.0, 6.0, 3.0, 4.0, 2.0, 2.0, 2.0, 2.0, 3.0, 2.0, 2.0, 5.0], [2.0, 2.0, 2.0, 2.0, 3.0, 6.0, 3.0, 3.0, 2.0, 2.0, 2.0, 3.0, 2.0, 4.0, 4.0, 2.0, 4.0, 3.0, 5.0, 4.0, 1.0, 2.0, 2.0, 3.0, 2.0, 2.0, 2.0, 5.0, 2.0, 6.0, 6.0, 4.0, 2.0, 2.0, 2.0, 2.0, 3.0, 2.0, 1.0, 5.0], [2.0, 2.0, 2.0, 2.0, 3.0, 6.0, 3.0, 3.0, 2.0, 2.0, 2.0, 3.0, 2.0, 3.0, 3.0, 2.0, 4.0, 2.0, 2.0, 4.0, 1.0, 2.0, 2.0, 3.0, 3.0, 2.0, 2.0, 5.0, 2.0, 6.0, 3.0, 4.0, 2.0, 2.0, 2.0, 2.0, 3.0, 2.0, 2.0, 6.0], [2.0, 2.0, 2.0, 2.0, 2.0, 3.0, 5.0, 3.0, 2.0, 2.0, 2.0, 2.0, 2.0, 3.0, 4.0, 2.0, 2.0, 2.0, 5.0, 2.0, 1.0, 2.0, 2.0, 3.0, 2.0, 1.0, 2.0, 5.0, 2.0, 6.0, 4.0, 4.0, 2.0, 2.0, 2.0, 2.0, 3.0, 2.0, 2.0, 6.0], [2.0, 2.0, 2.0, 2.0, 3.0, 6.0, 3.0, 3.0, 2.0, 2.0, 2.0, 3.0, 2.0, 3.0, 3.0, 2.0, 4.0, 2.0, 2.0, 3.0, 2.0, 2.0, 2.0, 3.0, 2.0, 2.0, 2.0, 5.0, 2.0, 6.0, 4.0, 4.0, 2.0, 2.0, 2.0, 2.0, 3.0, 2.0, 1.0, 5.0], [2.0, 2.0, 2.0, 2.0, 2.0, 5.0, 3.0, 3.0, 2.0, 2.0, 2.0, 2.0, 2.0, 3.0, 3.0, 2.0, 4.0, 3.0, 5.0, 3.0, 1.0, 2.0, 2.0, 3.0, 2.0, 1.0, 2.0, 5.0, 2.0, 6.0, 6.0, 4.0, 2.0, 2.0, 2.0, 2.0, 3.0, 2.0, 2.0, 6.0], [2.0, 2.0, 2.0, 2.0, 3.0, 6.0, 3.0, 3.0, 2.0, 2.0, 2.0, 3.0, 2.0, 3.0, 4.0, 2.0, 4.0, 3.0, 5.0, 3.0, 1.0, 2.0, 2.0, 3.0, 2.0, 2.0, 2.0, 6.0, 2.0, 5.0, 6.0, 4.0, 2.0, 2.0, 2.0, 2.0, 3.0, 2.0, 1.0, 6.0], [2.0, 2.0, 2.0, 2.0, 2.0, 5.0, 3.0, 3.0, 2.0, 2.0, 2.0, 2.0, 2.0, 3.0, 3.0, 2.0, 3.0, 2.0, 5.0, 2.0, 1.0, 2.0, 2.0, 3.0, 2.0, 2.0, 2.0, 5.0, 2.0, 6.0, 3.0, 4.0, 2.0, 2.0, 2.0, 2.0, 3.0, 2.0, 1.0, 6.0], [2.0, 2.0, 2.0, 2.0, 3.0, 6.0, 3.0, 3.0, 2.0, 2.0, 2.0, 3.0, 2.0, 3.0, 3.0, 2.0, 4.0, 2.0, 3.0, 4.0, 1.0, 2.0, 2.0, 3.0, 2.0, 2.0, 2.0, 6.0, 2.0, 6.0, 6.0, 4.0, 2.0, 2.0, 2.0, 2.0, 3.0, 2.0, 2.0, 5.0], [2.0, 2.0, 2.0, 2.0, 3.0, 6.0, 3.0, 3.0, 2.0, 2.0, 2.0, 3.0, 2.0, 3.0, 4.0, 2.0, 2.0, 2.0, 2.0, 2.0, 1.0, 2.0, 2.0, 3.0, 2.0, 2.0, 2.0, 6.0, 2.0, 6.0, 6.0, 4.0, 2.0, 2.0, 2.0, 2.0, 3.0, 2.0, 2.0, 5.0], [2.0, 2.0, 2.0, 2.0, 2.0, 6.0, 3.0, 3.0, 2.0, 2.0, 2.0, 2.0, 2.0, 4.0, 4.0, 2.0, 3.0, 3.0, 5.0, 3.0, 1.0, 2.0, 2.0, 3.0, 2.0, 2.0, 2.0, 5.0, 2.0, 6.0, 6.0, 4.0, 2.0, 2.0, 2.0, 2.0, 3.0, 2.0, 1.0, 6.0], [2.0, 2.0, 2.0, 2.0, 3.0, 6.0, 3.0, 3.0, 2.0, 2.0, 2.0, 3.0, 2.0, 4.0, 3.0, 2.0, 2.0, 2.0, 2.0, 3.0, 1.0, 2.0, 2.0, 2.0, 2.0, 2.0, 2.0, 5.0, 2.0, 6.0, 3.0, 4.0, 2.0, 2.0, 2.0, 2.0, 3.0, 2.0, 2.0, 6.0], [2.0, 2.0, 2.0, 2.0, 3.0, 6.0, 3.0, 3.0, 2.0, 2.0, 2.0, 2.0, 2.0, 6.0, 4.0, 2.0, 3.0, 3.0, 5.0, 3.0, 1.0, 2.0, 2.0, 3.0, 2.0, 2.0, 2.0, 5.0, 2.0, 6.0, 4.0, 4.0, 2.0, 2.0, 2.0, 2.0, 3.0, 2.0, 2.0, 6.0]]

