first layer check: Conv2d(9, 64, kernel_size=(7, 7), stride=(2, 2), padding=(3, 3), bias=False)

target ys
[1.0, 5.0, 2.0, 3.0, 3.0, 2.0, 5.0, 3.0, 2.0, 3.0, 0.0, 2.0, 2.0, 6.0, 2.0, 0.0, 2.0, 2.0, 4.0, 3.0, 2.0, 3.0, 3.0, 4.0, 4.0, 1.0, 1.0, 2.0, 2.0, 2.0, 2.0, 5.0, 2.0, 3.0, 2.0, 3.0, 3.0, 6.0, 6.0, 3.0, 6.0, 4.0]

for model 0: mode acc: 0.4523809552192688, run mean acc: 0.4925000071525574, top-2 acc:0.8162500262260437, mode f1: 0.4523809552192688

model 0 mode preds
[2.0, 6.0, 2.0, 2.0, 2.0, 2.0, 6.0, 3.0, 2.0, 2.0, 1.0, 2.0, 2.0, 6.0, 2.0, 2.0, 2.0, 3.0, 3.0, 2.0, 3.0, 6.0, 3.0, 3.0, 6.0, 2.0, 2.0, 2.0, 2.0, 2.0, 2.0, 6.0, 2.0, 5.0, 2.0, 2.0, 2.0, 6.0, 6.0, 4.0, 6.0, 3.0]

model 0 all preds
[[2.0, 6.0, 2.0, 2.0, 3.0, 2.0, 6.0, 2.0, 2.0, 2.0, 1.0, 2.0, 2.0, 6.0, 2.0, 2.0, 2.0, 3.0, 4.0, 2.0, 3.0, 6.0, 5.0, 3.0, 5.0, 2.0, 2.0, 2.0, 2.0, 4.0, 2.0, 4.0, 2.0, 5.0, 2.0, 2.0, 2.0, 6.0, 6.0, 4.0, 6.0, 3.0], [2.0, 6.0, 2.0, 2.0, 3.0, 2.0, 6.0, 3.0, 2.0, 2.0, 2.0, 2.0, 2.0, 6.0, 2.0, 2.0, 2.0, 3.0, 4.0, 2.0, 3.0, 6.0, 3.0, 2.0, 6.0, 2.0, 2.0, 2.0, 2.0, 2.0, 2.0, 5.0, 2.0, 3.0, 2.0, 2.0, 2.0, 6.0, 6.0, 3.0, 6.0, 3.0], [2.0, 6.0, 2.0, 2.0, 2.0, 2.0, 6.0, 2.0, 2.0, 2.0, 1.0, 2.0, 2.0, 6.0, 2.0, 2.0, 2.0, 3.0, 3.0, 2.0, 3.0, 5.0, 3.0, 3.0, 4.0, 2.0, 2.0, 2.0, 2.0, 2.0, 2.0, 6.0, 2.0, 6.0, 2.0, 2.0, 3.0, 6.0, 6.0, 3.0, 6.0, 4.0], [2.0, 4.0, 2.0, 2.0, 3.0, 2.0, 6.0, 3.0, 2.0, 2.0, 2.0, 2.0, 2.0, 6.0, 2.0, 2.0, 2.0, 3.0, 3.0, 2.0, 3.0, 6.0, 2.0, 3.0, 4.0, 2.0, 2.0, 2.0, 2.0, 2.0, 2.0, 5.0, 2.0, 3.0, 2.0, 2.0, 2.0, 6.0, 6.0, 4.0, 6.0, 4.0], [2.0, 6.0, 2.0, 2.0, 2.0, 2.0, 5.0, 2.0, 2.0, 2.0, 2.0, 2.0, 1.0, 6.0, 2.0, 2.0, 2.0, 2.0, 3.0, 2.0, 2.0, 5.0, 3.0, 3.0, 6.0, 2.0, 2.0, 2.0, 2.0, 2.0, 2.0, 6.0, 2.0, 2.0, 2.0, 2.0, 2.0, 6.0, 6.0, 4.0, 6.0, 3.0], [2.0, 6.0, 2.0, 2.0, 2.0, 2.0, 6.0, 3.0, 2.0, 2.0, 1.0, 2.0, 2.0, 6.0, 2.0, 2.0, 2.0, 2.0, 3.0, 2.0, 3.0, 2.0, 2.0, 3.0, 6.0, 2.0, 2.0, 2.0, 2.0, 2.0, 2.0, 6.0, 2.0, 3.0, 2.0, 2.0, 2.0, 6.0, 6.0, 2.0, 6.0, 3.0], [2.0, 6.0, 2.0, 2.0, 3.0, 2.0, 4.0, 2.0, 2.0, 2.0, 1.0, 2.0, 1.0, 6.0, 2.0, 2.0, 2.0, 3.0, 3.0, 2.0, 3.0, 3.0, 2.0, 3.0, 6.0, 2.0, 2.0, 2.0, 2.0, 2.0, 2.0, 5.0, 4.0, 5.0, 2.0, 2.0, 2.0, 6.0, 6.0, 2.0, 4.0, 3.0], [2.0, 6.0, 2.0, 2.0, 2.0, 2.0, 6.0, 2.0, 2.0, 2.0, 2.0, 2.0, 2.0, 6.0, 2.0, 2.0, 2.0, 2.0, 3.0, 2.0, 3.0, 5.0, 3.0, 3.0, 5.0, 2.0, 2.0, 2.0, 2.0, 2.0, 2.0, 4.0, 4.0, 5.0, 2.0, 2.0, 2.0, 6.0, 6.0, 2.0, 6.0, 4.0], [2.0, 5.0, 2.0, 2.0, 3.0, 2.0, 6.0, 2.0, 2.0, 2.0, 1.0, 2.0, 1.0, 6.0, 2.0, 2.0, 2.0, 2.0, 4.0, 2.0, 3.0, 6.0, 2.0, 4.0, 6.0, 2.0, 2.0, 2.0, 2.0, 2.0, 2.0, 5.0, 3.0, 5.0, 2.0, 2.0, 2.0, 6.0, 6.0, 4.0, 6.0, 3.0], [2.0, 6.0, 2.0, 2.0, 2.0, 2.0, 5.0, 3.0, 2.0, 2.0, 2.0, 2.0, 2.0, 6.0, 2.0, 2.0, 2.0, 3.0, 3.0, 2.0, 3.0, 4.0, 6.0, 2.0, 6.0, 2.0, 2.0, 2.0, 2.0, 2.0, 2.0, 6.0, 4.0, 3.0, 2.0, 2.0, 2.0, 6.0, 6.0, 3.0, 5.0, 4.0], [2.0, 6.0, 2.0, 2.0, 2.0, 2.0, 6.0, 3.0, 2.0, 2.0, 1.0, 2.0, 2.0, 6.0, 2.0, 2.0, 2.0, 3.0, 4.0, 2.0, 3.0, 2.0, 3.0, 3.0, 5.0, 2.0, 2.0, 2.0, 2.0, 2.0, 2.0, 6.0, 2.0, 6.0, 2.0, 2.0, 2.0, 6.0, 6.0, 2.0, 4.0, 4.0], [2.0, 5.0, 2.0, 2.0, 3.0, 2.0, 6.0, 3.0, 2.0, 2.0, 2.0, 2.0, 2.0, 6.0, 2.0, 2.0, 2.0, 3.0, 3.0, 2.0, 3.0, 5.0, 3.0, 3.0, 6.0, 2.0, 2.0, 2.0, 2.0, 2.0, 2.0, 6.0, 3.0, 3.0, 2.0, 2.0, 2.0, 6.0, 6.0, 4.0, 4.0, 3.0], [2.0, 6.0, 2.0, 2.0, 2.0, 2.0, 6.0, 3.0, 2.0, 2.0, 1.0, 2.0, 1.0, 6.0, 2.0, 2.0, 2.0, 3.0, 3.0, 2.0, 3.0, 5.0, 4.0, 3.0, 6.0, 2.0, 2.0, 2.0, 2.0, 2.0, 2.0, 6.0, 2.0, 5.0, 2.0, 2.0, 2.0, 6.0, 6.0, 4.0, 6.0, 3.0], [2.0, 6.0, 2.0, 2.0, 2.0, 2.0, 5.0, 2.0, 2.0, 2.0, 1.0, 2.0, 2.0, 6.0, 2.0, 2.0, 2.0, 3.0, 3.0, 2.0, 3.0, 5.0, 2.0, 2.0, 5.0, 2.0, 2.0, 2.0, 2.0, 4.0, 2.0, 6.0, 2.0, 5.0, 2.0, 2.0, 2.0, 6.0, 6.0, 2.0, 6.0, 3.0], [2.0, 6.0, 2.0, 2.0, 2.0, 2.0, 6.0, 2.0, 2.0, 2.0, 1.0, 2.0, 2.0, 6.0, 2.0, 2.0, 2.0, 3.0, 3.0, 2.0, 3.0, 5.0, 2.0, 3.0, 6.0, 2.0, 2.0, 2.0, 2.0, 2.0, 2.0, 5.0, 2.0, 3.0, 2.0, 2.0, 2.0, 6.0, 6.0, 3.0, 6.0, 4.0], [2.0, 4.0, 2.0, 2.0, 2.0, 2.0, 6.0, 2.0, 2.0, 2.0, 2.0, 2.0, 2.0, 6.0, 2.0, 2.0, 2.0, 2.0, 3.0, 2.0, 3.0, 4.0, 5.0, 3.0, 6.0, 2.0, 2.0, 2.0, 2.0, 4.0, 2.0, 6.0, 4.0, 5.0, 2.0, 2.0, 2.0, 6.0, 6.0, 4.0, 6.0, 3.0], [2.0, 6.0, 2.0, 2.0, 2.0, 2.0, 6.0, 2.0, 2.0, 2.0, 1.0, 2.0, 2.0, 6.0, 2.0, 2.0, 2.0, 2.0, 3.0, 2.0, 3.0, 3.0, 3.0, 4.0, 6.0, 2.0, 2.0, 2.0, 2.0, 2.0, 2.0, 6.0, 2.0, 5.0, 2.0, 2.0, 2.0, 6.0, 6.0, 3.0, 6.0, 4.0], [2.0, 6.0, 3.0, 2.0, 2.0, 2.0, 6.0, 2.0, 2.0, 2.0, 1.0, 2.0, 2.0, 6.0, 2.0, 2.0, 2.0, 3.0, 4.0, 2.0, 3.0, 6.0, 3.0, 3.0, 4.0, 2.0, 2.0, 2.0, 2.0, 2.0, 2.0, 6.0, 2.0, 6.0, 2.0, 2.0, 2.0, 6.0, 6.0, 2.0, 6.0, 4.0], [2.0, 6.0, 2.0, 2.0, 3.0, 2.0, 6.0, 3.0, 2.0, 2.0, 2.0, 2.0, 2.0, 6.0, 2.0, 2.0, 2.0, 3.0, 2.0, 2.0, 3.0, 6.0, 2.0, 3.0, 6.0, 2.0, 2.0, 2.0, 2.0, 2.0, 2.0, 6.0, 2.0, 3.0, 2.0, 2.0, 2.0, 6.0, 6.0, 2.0, 6.0, 3.0], [2.0, 6.0, 2.0, 2.0, 3.0, 2.0, 6.0, 3.0, 2.0, 2.0, 2.0, 2.0, 2.0, 6.0, 2.0, 2.0, 2.0, 3.0, 3.0, 3.0, 3.0, 3.0, 6.0, 3.0, 6.0, 2.0, 2.0, 2.0, 2.0, 4.0, 2.0, 6.0, 4.0, 5.0, 2.0, 2.0, 2.0, 6.0, 6.0, 3.0, 6.0, 3.0], [2.0, 5.0, 2.0, 2.0, 2.0, 2.0, 6.0, 2.0, 2.0, 2.0, 2.0, 2.0, 2.0, 6.0, 2.0, 2.0, 2.0, 2.0, 4.0, 2.0, 3.0, 5.0, 3.0, 3.0, 6.0, 2.0, 2.0, 2.0, 2.0, 2.0, 2.0, 4.0, 2.0, 5.0, 2.0, 2.0, 2.0, 6.0, 6.0, 3.0, 6.0, 3.0], [2.0, 6.0, 2.0, 2.0, 3.0, 2.0, 6.0, 2.0, 2.0, 2.0, 2.0, 3.0, 2.0, 6.0, 2.0, 2.0, 2.0, 3.0, 3.0, 2.0, 3.0, 6.0, 2.0, 3.0, 6.0, 2.0, 2.0, 2.0, 2.0, 2.0, 2.0, 6.0, 2.0, 3.0, 2.0, 2.0, 2.0, 6.0, 6.0, 4.0, 6.0, 4.0], [2.0, 5.0, 2.0, 2.0, 3.0, 2.0, 4.0, 3.0, 2.0, 2.0, 1.0, 2.0, 2.0, 6.0, 2.0, 2.0, 2.0, 2.0, 3.0, 2.0, 3.0, 2.0, 2.0, 3.0, 3.0, 2.0, 2.0, 2.0, 2.0, 2.0, 2.0, 5.0, 4.0, 3.0, 2.0, 2.0, 2.0, 6.0, 6.0, 3.0, 6.0, 4.0], [2.0, 6.0, 2.0, 2.0, 2.0, 2.0, 6.0, 3.0, 2.0, 2.0, 2.0, 2.0, 2.0, 6.0, 2.0, 2.0, 2.0, 3.0, 3.0, 2.0, 3.0, 6.0, 2.0, 4.0, 6.0, 2.0, 2.0, 2.0, 2.0, 4.0, 2.0, 6.0, 4.0, 6.0, 2.0, 2.0, 2.0, 6.0, 6.0, 4.0, 4.0, 3.0], [2.0, 6.0, 2.0, 2.0, 2.0, 2.0, 6.0, 3.0, 2.0, 2.0, 2.0, 2.0, 2.0, 6.0, 2.0, 2.0, 2.0, 3.0, 3.0, 2.0, 3.0, 6.0, 5.0, 4.0, 6.0, 2.0, 2.0, 2.0, 2.0, 2.0, 2.0, 4.0, 2.0, 3.0, 2.0, 2.0, 2.0, 6.0, 6.0, 4.0, 6.0, 4.0], [2.0, 6.0, 2.0, 2.0, 2.0, 2.0, 6.0, 2.0, 2.0, 2.0, 1.0, 2.0, 2.0, 6.0, 2.0, 2.0, 2.0, 3.0, 4.0, 2.0, 3.0, 5.0, 3.0, 3.0, 5.0, 2.0, 2.0, 2.0, 2.0, 4.0, 2.0, 6.0, 2.0, 4.0, 2.0, 2.0, 2.0, 6.0, 6.0, 4.0, 4.0, 4.0], [2.0, 6.0, 2.0, 2.0, 2.0, 2.0, 6.0, 3.0, 2.0, 2.0, 1.0, 2.0, 2.0, 6.0, 2.0, 2.0, 2.0, 2.0, 3.0, 2.0, 3.0, 5.0, 2.0, 2.0, 5.0, 2.0, 2.0, 2.0, 2.0, 2.0, 2.0, 6.0, 4.0, 3.0, 2.0, 2.0, 2.0, 6.0, 6.0, 4.0, 6.0, 4.0], [2.0, 6.0, 2.0, 2.0, 3.0, 2.0, 6.0, 3.0, 2.0, 2.0, 2.0, 2.0, 2.0, 6.0, 2.0, 2.0, 2.0, 3.0, 4.0, 2.0, 3.0, 3.0, 2.0, 3.0, 6.0, 2.0, 2.0, 2.0, 2.0, 2.0, 2.0, 6.0, 4.0, 6.0, 2.0, 2.0, 2.0, 6.0, 6.0, 3.0, 6.0, 4.0], [2.0, 6.0, 2.0, 2.0, 3.0, 2.0, 6.0, 3.0, 2.0, 2.0, 1.0, 2.0, 2.0, 6.0, 2.0, 2.0, 2.0, 3.0, 4.0, 2.0, 2.0, 5.0, 5.0, 3.0, 6.0, 2.0, 2.0, 2.0, 2.0, 2.0, 2.0, 4.0, 2.0, 5.0, 2.0, 2.0, 2.0, 6.0, 6.0, 4.0, 6.0, 4.0], [2.0, 6.0, 2.0, 2.0, 2.0, 2.0, 6.0, 3.0, 2.0, 2.0, 2.0, 2.0, 2.0, 6.0, 2.0, 2.0, 2.0, 3.0, 3.0, 2.0, 3.0, 6.0, 2.0, 4.0, 6.0, 2.0, 2.0, 2.0, 2.0, 4.0, 2.0, 4.0, 4.0, 4.0, 2.0, 2.0, 2.0, 6.0, 6.0, 2.0, 4.0, 3.0], [2.0, 6.0, 2.0, 2.0, 2.0, 2.0, 6.0, 3.0, 2.0, 2.0, 2.0, 2.0, 2.0, 6.0, 2.0, 2.0, 2.0, 2.0, 3.0, 2.0, 3.0, 6.0, 4.0, 3.0, 6.0, 2.0, 2.0, 2.0, 2.0, 2.0, 2.0, 5.0, 2.0, 5.0, 2.0, 2.0, 2.0, 6.0, 6.0, 4.0, 6.0, 3.0], [2.0, 5.0, 2.0, 2.0, 2.0, 2.0, 6.0, 3.0, 2.0, 2.0, 1.0, 2.0, 2.0, 6.0, 2.0, 2.0, 2.0, 3.0, 4.0, 2.0, 2.0, 6.0, 3.0, 3.0, 5.0, 2.0, 2.0, 2.0, 2.0, 4.0, 2.0, 5.0, 2.0, 5.0, 2.0, 2.0, 2.0, 6.0, 6.0, 4.0, 6.0, 4.0], [2.0, 6.0, 2.0, 2.0, 2.0, 2.0, 6.0, 3.0, 2.0, 2.0, 2.0, 2.0, 2.0, 6.0, 2.0, 2.0, 2.0, 3.0, 3.0, 2.0, 3.0, 3.0, 5.0, 3.0, 5.0, 2.0, 2.0, 2.0, 2.0, 4.0, 2.0, 4.0, 2.0, 5.0, 2.0, 2.0, 2.0, 6.0, 6.0, 2.0, 6.0, 3.0], [2.0, 6.0, 2.0, 2.0, 3.0, 2.0, 6.0, 2.0, 2.0, 2.0, 1.0, 2.0, 1.0, 6.0, 2.0, 2.0, 2.0, 2.0, 3.0, 2.0, 3.0, 6.0, 4.0, 2.0, 5.0, 2.0, 2.0, 2.0, 2.0, 2.0, 2.0, 6.0, 2.0, 3.0, 2.0, 2.0, 2.0, 6.0, 6.0, 3.0, 6.0, 4.0], [2.0, 6.0, 2.0, 2.0, 3.0, 2.0, 6.0, 3.0, 2.0, 2.0, 2.0, 3.0, 2.0, 6.0, 2.0, 2.0, 2.0, 3.0, 3.0, 2.0, 3.0, 3.0, 3.0, 5.0, 4.0, 2.0, 2.0, 2.0, 2.0, 3.0, 2.0, 6.0, 2.0, 5.0, 2.0, 2.0, 2.0, 6.0, 6.0, 2.0, 6.0, 4.0], [2.0, 6.0, 2.0, 2.0, 3.0, 2.0, 6.0, 2.0, 2.0, 2.0, 1.0, 2.0, 1.0, 6.0, 2.0, 2.0, 2.0, 3.0, 4.0, 2.0, 3.0, 5.0, 5.0, 2.0, 6.0, 2.0, 2.0, 2.0, 2.0, 3.0, 2.0, 5.0, 2.0, 3.0, 2.0, 2.0, 2.0, 6.0, 6.0, 2.0, 6.0, 3.0], [2.0, 6.0, 2.0, 2.0, 2.0, 2.0, 5.0, 2.0, 2.0, 2.0, 2.0, 2.0, 2.0, 6.0, 2.0, 2.0, 2.0, 3.0, 3.0, 2.0, 3.0, 4.0, 3.0, 4.0, 6.0, 2.0, 2.0, 2.0, 2.0, 2.0, 2.0, 4.0, 4.0, 5.0, 2.0, 2.0, 2.0, 6.0, 6.0, 3.0, 6.0, 4.0], [2.0, 6.0, 2.0, 2.0, 2.0, 2.0, 6.0, 3.0, 2.0, 2.0, 1.0, 2.0, 2.0, 6.0, 2.0, 2.0, 2.0, 2.0, 2.0, 2.0, 3.0, 5.0, 3.0, 3.0, 5.0, 2.0, 2.0, 2.0, 2.0, 4.0, 2.0, 6.0, 4.0, 6.0, 2.0, 2.0, 2.0, 6.0, 6.0, 2.0, 6.0, 3.0], [2.0, 6.0, 2.0, 2.0, 2.0, 2.0, 6.0, 2.0, 2.0, 2.0, 1.0, 3.0, 2.0, 6.0, 2.0, 2.0, 2.0, 3.0, 4.0, 2.0, 3.0, 5.0, 4.0, 3.0, 6.0, 2.0, 2.0, 2.0, 2.0, 2.0, 2.0, 6.0, 2.0, 4.0, 2.0, 3.0, 2.0, 6.0, 6.0, 2.0, 6.0, 4.0], [2.0, 6.0, 2.0, 2.0, 2.0, 2.0, 6.0, 2.0, 2.0, 2.0, 2.0, 2.0, 2.0, 6.0, 2.0, 2.0, 2.0, 3.0, 4.0, 2.0, 3.0, 3.0, 2.0, 2.0, 5.0, 2.0, 2.0, 2.0, 2.0, 2.0, 2.0, 6.0, 2.0, 6.0, 2.0, 2.0, 2.0, 6.0, 6.0, 4.0, 6.0, 3.0], [2.0, 6.0, 2.0, 2.0, 3.0, 2.0, 6.0, 3.0, 2.0, 2.0, 1.0, 2.0, 2.0, 6.0, 2.0, 2.0, 2.0, 3.0, 3.0, 2.0, 3.0, 6.0, 2.0, 3.0, 5.0, 2.0, 2.0, 2.0, 2.0, 2.0, 2.0, 5.0, 2.0, 6.0, 2.0, 2.0, 2.0, 6.0, 6.0, 3.0, 6.0, 3.0], [2.0, 6.0, 2.0, 2.0, 2.0, 2.0, 6.0, 2.0, 2.0, 2.0, 1.0, 2.0, 2.0, 6.0, 2.0, 2.0, 2.0, 3.0, 4.0, 2.0, 3.0, 6.0, 5.0, 3.0, 6.0, 2.0, 2.0, 2.0, 2.0, 2.0, 2.0, 6.0, 2.0, 5.0, 2.0, 2.0, 2.0, 6.0, 6.0, 4.0, 6.0, 4.0], [2.0, 6.0, 2.0, 2.0, 2.0, 2.0, 6.0, 3.0, 2.0, 2.0, 1.0, 2.0, 1.0, 6.0, 2.0, 2.0, 2.0, 2.0, 3.0, 2.0, 3.0, 5.0, 2.0, 3.0, 3.0, 2.0, 2.0, 2.0, 2.0, 2.0, 2.0, 6.0, 4.0, 5.0, 2.0, 2.0, 2.0, 6.0, 6.0, 2.0, 6.0, 4.0], [2.0, 6.0, 2.0, 2.0, 2.0, 2.0, 6.0, 3.0, 2.0, 2.0, 1.0, 2.0, 2.0, 6.0, 2.0, 2.0, 2.0, 2.0, 3.0, 2.0, 3.0, 4.0, 3.0, 4.0, 5.0, 2.0, 2.0, 2.0, 2.0, 2.0, 2.0, 6.0, 4.0, 5.0, 2.0, 2.0, 2.0, 6.0, 6.0, 3.0, 6.0, 3.0], [2.0, 6.0, 2.0, 2.0, 2.0, 2.0, 6.0, 3.0, 2.0, 2.0, 2.0, 2.0, 2.0, 6.0, 2.0, 2.0, 2.0, 2.0, 3.0, 3.0, 3.0, 5.0, 3.0, 3.0, 4.0, 2.0, 2.0, 2.0, 2.0, 4.0, 2.0, 5.0, 4.0, 5.0, 2.0, 2.0, 2.0, 6.0, 6.0, 4.0, 6.0, 4.0], [2.0, 6.0, 2.0, 2.0, 2.0, 2.0, 6.0, 2.0, 2.0, 2.0, 2.0, 3.0, 2.0, 6.0, 2.0, 2.0, 2.0, 2.0, 4.0, 2.0, 3.0, 6.0, 4.0, 2.0, 4.0, 2.0, 2.0, 2.0, 2.0, 2.0, 2.0, 6.0, 2.0, 6.0, 2.0, 2.0, 2.0, 6.0, 6.0, 2.0, 6.0, 3.0], [2.0, 6.0, 2.0, 2.0, 2.0, 2.0, 6.0, 2.0, 2.0, 2.0, 1.0, 3.0, 1.0, 6.0, 2.0, 2.0, 2.0, 3.0, 3.0, 2.0, 3.0, 3.0, 3.0, 5.0, 6.0, 2.0, 2.0, 2.0, 2.0, 2.0, 2.0, 6.0, 4.0, 5.0, 2.0, 2.0, 2.0, 6.0, 6.0, 3.0, 6.0, 3.0], [2.0, 6.0, 2.0, 2.0, 2.0, 2.0, 6.0, 3.0, 2.0, 2.0, 1.0, 2.0, 2.0, 6.0, 2.0, 2.0, 2.0, 2.0, 4.0, 2.0, 3.0, 4.0, 3.0, 3.0, 5.0, 2.0, 2.0, 2.0, 2.0, 3.0, 2.0, 6.0, 2.0, 3.0, 2.0, 2.0, 2.0, 6.0, 6.0, 3.0, 6.0, 3.0], [2.0, 5.0, 2.0, 2.0, 2.0, 2.0, 6.0, 3.0, 2.0, 2.0, 1.0, 2.0, 1.0, 6.0, 2.0, 2.0, 2.0, 3.0, 3.0, 2.0, 3.0, 3.0, 3.0, 3.0, 4.0, 2.0, 2.0, 2.0, 2.0, 4.0, 2.0, 6.0, 2.0, 3.0, 2.0, 2.0, 2.0, 6.0, 6.0, 3.0, 6.0, 4.0], [2.0, 4.0, 2.0, 2.0, 3.0, 2.0, 6.0, 2.0, 2.0, 2.0, 2.0, 2.0, 2.0, 6.0, 2.0, 2.0, 2.0, 3.0, 3.0, 2.0, 3.0, 6.0, 2.0, 3.0, 3.0, 2.0, 2.0, 2.0, 2.0, 2.0, 2.0, 5.0, 2.0, 5.0, 2.0, 2.0, 2.0, 6.0, 6.0, 4.0, 6.0, 3.0]]

first layer check: Conv2d(9, 64, kernel_size=(7, 7), stride=(2, 2), padding=(3, 3), bias=False)

for model 1: mode acc: 0.5714285969734192, run mean acc: 0.5208333134651184, top-2 acc:0.7674999833106995, mode f1: 0.5714285969734192

model 1 mode preds
[2.0, 6.0, 2.0, 2.0, 3.0, 2.0, 6.0, 3.0, 2.0, 2.0, 1.0, 2.0, 2.0, 6.0, 2.0, 1.0, 2.0, 2.0, 4.0, 2.0, 4.0, 6.0, 3.0, 4.0, 6.0, 2.0, 2.0, 2.0, 2.0, 2.0, 2.0, 4.0, 4.0, 3.0, 2.0, 2.0, 2.0, 6.0, 6.0, 4.0, 6.0, 4.0]

model 1 all preds
[[2.0, 6.0, 2.0, 2.0, 3.0, 2.0, 6.0, 3.0, 2.0, 3.0, 1.0, 3.0, 2.0, 6.0, 2.0, 2.0, 2.0, 2.0, 4.0, 2.0, 2.0, 5.0, 2.0, 3.0, 6.0, 2.0, 2.0, 2.0, 2.0, 2.0, 2.0, 4.0, 2.0, 4.0, 2.0, 2.0, 2.0, 6.0, 6.0, 4.0, 6.0, 4.0], [2.0, 6.0, 2.0, 2.0, 3.0, 2.0, 6.0, 2.0, 2.0, 2.0, 1.0, 2.0, 1.0, 6.0, 2.0, 2.0, 2.0, 2.0, 5.0, 2.0, 4.0, 6.0, 3.0, 4.0, 6.0, 2.0, 2.0, 2.0, 2.0, 2.0, 2.0, 4.0, 4.0, 5.0, 2.0, 2.0, 2.0, 6.0, 6.0, 4.0, 6.0, 4.0], [2.0, 6.0, 2.0, 2.0, 3.0, 2.0, 6.0, 3.0, 2.0, 2.0, 1.0, 2.0, 1.0, 6.0, 4.0, 2.0, 2.0, 2.0, 4.0, 2.0, 4.0, 6.0, 3.0, 4.0, 6.0, 2.0, 2.0, 2.0, 2.0, 2.0, 2.0, 4.0, 4.0, 5.0, 2.0, 2.0, 2.0, 6.0, 6.0, 4.0, 6.0, 3.0], [2.0, 2.0, 2.0, 2.0, 3.0, 2.0, 6.0, 2.0, 2.0, 3.0, 1.0, 2.0, 2.0, 6.0, 2.0, 1.0, 2.0, 2.0, 4.0, 4.0, 4.0, 6.0, 4.0, 3.0, 6.0, 2.0, 2.0, 2.0, 2.0, 2.0, 2.0, 6.0, 2.0, 3.0, 2.0, 2.0, 2.0, 6.0, 6.0, 4.0, 6.0, 3.0], [2.0, 6.0, 2.0, 2.0, 3.0, 2.0, 6.0, 3.0, 2.0, 2.0, 1.0, 3.0, 2.0, 6.0, 2.0, 1.0, 2.0, 4.0, 3.0, 3.0, 4.0, 6.0, 5.0, 4.0, 6.0, 2.0, 2.0, 2.0, 2.0, 2.0, 2.0, 4.0, 4.0, 4.0, 2.0, 2.0, 2.0, 6.0, 6.0, 4.0, 4.0, 4.0], [2.0, 6.0, 2.0, 2.0, 3.0, 2.0, 6.0, 3.0, 2.0, 3.0, 1.0, 2.0, 1.0, 6.0, 2.0, 2.0, 2.0, 4.0, 4.0, 2.0, 4.0, 6.0, 2.0, 4.0, 4.0, 2.0, 2.0, 2.0, 2.0, 2.0, 2.0, 4.0, 4.0, 4.0, 2.0, 2.0, 2.0, 6.0, 6.0, 3.0, 6.0, 4.0], [2.0, 4.0, 2.0, 3.0, 3.0, 2.0, 6.0, 3.0, 2.0, 3.0, 1.0, 3.0, 2.0, 6.0, 2.0, 2.0, 2.0, 2.0, 3.0, 2.0, 2.0, 5.0, 3.0, 4.0, 6.0, 2.0, 2.0, 2.0, 2.0, 2.0, 2.0, 4.0, 4.0, 3.0, 2.0, 2.0, 2.0, 6.0, 6.0, 3.0, 6.0, 4.0], [2.0, 3.0, 2.0, 2.0, 3.0, 2.0, 6.0, 2.0, 2.0, 3.0, 2.0, 2.0, 2.0, 6.0, 2.0, 1.0, 2.0, 2.0, 3.0, 2.0, 2.0, 6.0, 5.0, 5.0, 6.0, 2.0, 2.0, 2.0, 2.0, 2.0, 2.0, 4.0, 2.0, 4.0, 2.0, 2.0, 2.0, 6.0, 6.0, 4.0, 4.0, 4.0], [2.0, 6.0, 2.0, 2.0, 3.0, 2.0, 6.0, 2.0, 2.0, 3.0, 2.0, 3.0, 2.0, 6.0, 2.0, 2.0, 2.0, 4.0, 4.0, 2.0, 4.0, 3.0, 5.0, 4.0, 3.0, 2.0, 2.0, 2.0, 2.0, 2.0, 2.0, 4.0, 2.0, 3.0, 2.0, 2.0, 2.0, 6.0, 6.0, 2.0, 4.0, 4.0], [2.0, 6.0, 2.0, 2.0, 3.0, 2.0, 6.0, 3.0, 2.0, 2.0, 1.0, 3.0, 1.0, 6.0, 2.0, 1.0, 2.0, 2.0, 3.0, 2.0, 4.0, 3.0, 2.0, 5.0, 6.0, 2.0, 2.0, 2.0, 2.0, 2.0, 2.0, 4.0, 4.0, 4.0, 2.0, 2.0, 2.0, 6.0, 6.0, 4.0, 6.0, 3.0], [2.0, 6.0, 2.0, 2.0, 3.0, 2.0, 6.0, 3.0, 2.0, 2.0, 1.0, 3.0, 2.0, 6.0, 2.0, 2.0, 2.0, 2.0, 4.0, 2.0, 4.0, 5.0, 3.0, 2.0, 6.0, 2.0, 2.0, 2.0, 2.0, 2.0, 2.0, 4.0, 4.0, 3.0, 2.0, 2.0, 2.0, 6.0, 6.0, 4.0, 6.0, 3.0], [2.0, 6.0, 2.0, 2.0, 3.0, 2.0, 6.0, 3.0, 2.0, 2.0, 1.0, 2.0, 2.0, 6.0, 2.0, 1.0, 2.0, 2.0, 5.0, 2.0, 4.0, 5.0, 5.0, 2.0, 6.0, 2.0, 2.0, 2.0, 2.0, 2.0, 2.0, 4.0, 4.0, 6.0, 2.0, 2.0, 2.0, 6.0, 6.0, 3.0, 6.0, 2.0], [2.0, 6.0, 2.0, 2.0, 3.0, 2.0, 6.0, 2.0, 2.0, 3.0, 1.0, 2.0, 2.0, 6.0, 4.0, 1.0, 2.0, 4.0, 4.0, 3.0, 4.0, 4.0, 5.0, 3.0, 6.0, 2.0, 2.0, 2.0, 2.0, 3.0, 2.0, 4.0, 2.0, 4.0, 2.0, 2.0, 2.0, 6.0, 6.0, 4.0, 6.0, 4.0], [2.0, 6.0, 2.0, 3.0, 3.0, 2.0, 6.0, 3.0, 2.0, 2.0, 1.0, 2.0, 1.0, 6.0, 2.0, 2.0, 2.0, 2.0, 4.0, 2.0, 4.0, 6.0, 4.0, 3.0, 6.0, 2.0, 2.0, 2.0, 2.0, 2.0, 2.0, 6.0, 4.0, 3.0, 2.0, 3.0, 2.0, 6.0, 6.0, 3.0, 6.0, 3.0], [2.0, 6.0, 2.0, 3.0, 3.0, 2.0, 4.0, 2.0, 2.0, 2.0, 1.0, 3.0, 2.0, 6.0, 4.0, 2.0, 2.0, 2.0, 4.0, 3.0, 4.0, 5.0, 3.0, 3.0, 4.0, 2.0, 2.0, 2.0, 2.0, 2.0, 2.0, 4.0, 4.0, 5.0, 2.0, 2.0, 2.0, 6.0, 6.0, 4.0, 6.0, 3.0], [2.0, 6.0, 2.0, 3.0, 3.0, 2.0, 3.0, 3.0, 2.0, 2.0, 1.0, 2.0, 1.0, 6.0, 2.0, 1.0, 2.0, 4.0, 4.0, 2.0, 4.0, 4.0, 3.0, 4.0, 6.0, 2.0, 2.0, 2.0, 2.0, 2.0, 2.0, 4.0, 4.0, 4.0, 2.0, 2.0, 2.0, 6.0, 6.0, 4.0, 6.0, 3.0], [2.0, 6.0, 2.0, 2.0, 3.0, 2.0, 6.0, 3.0, 2.0, 2.0, 1.0, 2.0, 1.0, 6.0, 2.0, 1.0, 2.0, 2.0, 4.0, 2.0, 4.0, 5.0, 4.0, 3.0, 6.0, 2.0, 2.0, 2.0, 2.0, 3.0, 2.0, 4.0, 4.0, 3.0, 2.0, 2.0, 2.0, 6.0, 6.0, 4.0, 6.0, 3.0], [2.0, 6.0, 2.0, 2.0, 3.0, 2.0, 6.0, 3.0, 2.0, 3.0, 1.0, 2.0, 1.0, 6.0, 2.0, 2.0, 2.0, 2.0, 4.0, 2.0, 2.0, 6.0, 3.0, 3.0, 6.0, 2.0, 2.0, 2.0, 2.0, 3.0, 2.0, 4.0, 2.0, 3.0, 2.0, 2.0, 2.0, 6.0, 6.0, 4.0, 6.0, 4.0], [2.0, 6.0, 3.0, 3.0, 3.0, 2.0, 6.0, 4.0, 2.0, 2.0, 1.0, 2.0, 1.0, 6.0, 2.0, 1.0, 2.0, 2.0, 4.0, 2.0, 4.0, 5.0, 6.0, 4.0, 5.0, 2.0, 2.0, 2.0, 2.0, 3.0, 2.0, 4.0, 4.0, 3.0, 2.0, 3.0, 2.0, 6.0, 6.0, 4.0, 4.0, 4.0], [2.0, 6.0, 2.0, 2.0, 2.0, 2.0, 6.0, 2.0, 2.0, 2.0, 1.0, 2.0, 2.0, 6.0, 4.0, 1.0, 2.0, 4.0, 4.0, 2.0, 2.0, 3.0, 3.0, 3.0, 6.0, 2.0, 2.0, 2.0, 2.0, 3.0, 2.0, 4.0, 2.0, 4.0, 2.0, 2.0, 2.0, 6.0, 6.0, 3.0, 6.0, 4.0], [2.0, 6.0, 2.0, 2.0, 3.0, 2.0, 5.0, 3.0, 2.0, 2.0, 1.0, 3.0, 1.0, 6.0, 2.0, 1.0, 2.0, 2.0, 4.0, 3.0, 4.0, 5.0, 3.0, 5.0, 6.0, 2.0, 2.0, 2.0, 2.0, 2.0, 2.0, 4.0, 4.0, 5.0, 2.0, 2.0, 2.0, 6.0, 6.0, 4.0, 4.0, 4.0], [2.0, 6.0, 2.0, 2.0, 3.0, 2.0, 6.0, 3.0, 2.0, 2.0, 1.0, 2.0, 1.0, 6.0, 2.0, 2.0, 2.0, 2.0, 4.0, 3.0, 2.0, 6.0, 3.0, 4.0, 6.0, 2.0, 2.0, 2.0, 2.0, 3.0, 2.0, 4.0, 4.0, 4.0, 2.0, 2.0, 2.0, 6.0, 6.0, 4.0, 6.0, 3.0], [2.0, 6.0, 2.0, 3.0, 3.0, 2.0, 6.0, 3.0, 2.0, 2.0, 1.0, 2.0, 2.0, 6.0, 2.0, 2.0, 2.0, 2.0, 5.0, 4.0, 4.0, 6.0, 3.0, 4.0, 6.0, 2.0, 2.0, 2.0, 2.0, 3.0, 2.0, 4.0, 2.0, 3.0, 2.0, 3.0, 2.0, 6.0, 6.0, 3.0, 6.0, 4.0], [2.0, 6.0, 2.0, 2.0, 2.0, 2.0, 6.0, 3.0, 2.0, 3.0, 1.0, 2.0, 2.0, 6.0, 4.0, 1.0, 2.0, 4.0, 4.0, 2.0, 4.0, 5.0, 2.0, 3.0, 6.0, 2.0, 2.0, 2.0, 2.0, 2.0, 2.0, 4.0, 4.0, 4.0, 2.0, 2.0, 2.0, 6.0, 6.0, 3.0, 6.0, 3.0], [2.0, 6.0, 2.0, 3.0, 3.0, 2.0, 6.0, 4.0, 2.0, 3.0, 1.0, 3.0, 2.0, 6.0, 4.0, 1.0, 2.0, 4.0, 4.0, 2.0, 4.0, 6.0, 5.0, 5.0, 6.0, 2.0, 2.0, 2.0, 2.0, 4.0, 4.0, 4.0, 4.0, 5.0, 2.0, 3.0, 2.0, 6.0, 6.0, 2.0, 6.0, 4.0], [2.0, 6.0, 2.0, 2.0, 3.0, 2.0, 6.0, 2.0, 2.0, 2.0, 1.0, 2.0, 1.0, 6.0, 4.0, 2.0, 2.0, 2.0, 4.0, 2.0, 2.0, 3.0, 2.0, 4.0, 6.0, 2.0, 2.0, 2.0, 2.0, 4.0, 2.0, 4.0, 2.0, 3.0, 2.0, 2.0, 2.0, 6.0, 6.0, 4.0, 6.0, 4.0], [2.0, 6.0, 2.0, 3.0, 3.0, 2.0, 6.0, 5.0, 2.0, 3.0, 2.0, 3.0, 2.0, 6.0, 2.0, 2.0, 2.0, 2.0, 3.0, 2.0, 2.0, 6.0, 3.0, 3.0, 6.0, 2.0, 2.0, 2.0, 2.0, 2.0, 2.0, 4.0, 4.0, 4.0, 2.0, 2.0, 2.0, 6.0, 6.0, 4.0, 6.0, 3.0], [2.0, 6.0, 2.0, 2.0, 3.0, 2.0, 5.0, 3.0, 2.0, 2.0, 1.0, 2.0, 2.0, 6.0, 2.0, 1.0, 2.0, 4.0, 4.0, 2.0, 2.0, 5.0, 4.0, 3.0, 6.0, 2.0, 2.0, 2.0, 2.0, 2.0, 2.0, 4.0, 4.0, 4.0, 2.0, 2.0, 2.0, 6.0, 6.0, 2.0, 6.0, 3.0], [2.0, 6.0, 2.0, 3.0, 3.0, 2.0, 6.0, 3.0, 2.0, 3.0, 1.0, 2.0, 2.0, 6.0, 2.0, 1.0, 2.0, 2.0, 4.0, 2.0, 4.0, 3.0, 2.0, 3.0, 4.0, 2.0, 2.0, 2.0, 2.0, 3.0, 2.0, 4.0, 2.0, 3.0, 2.0, 2.0, 2.0, 6.0, 6.0, 2.0, 6.0, 4.0], [2.0, 6.0, 2.0, 3.0, 3.0, 2.0, 6.0, 3.0, 2.0, 2.0, 1.0, 2.0, 2.0, 6.0, 2.0, 1.0, 2.0, 2.0, 3.0, 2.0, 4.0, 4.0, 2.0, 4.0, 6.0, 2.0, 2.0, 2.0, 2.0, 2.0, 2.0, 4.0, 4.0, 5.0, 2.0, 2.0, 2.0, 6.0, 6.0, 4.0, 6.0, 3.0], [2.0, 4.0, 2.0, 2.0, 3.0, 2.0, 6.0, 3.0, 2.0, 3.0, 2.0, 3.0, 2.0, 6.0, 2.0, 1.0, 2.0, 2.0, 4.0, 2.0, 4.0, 3.0, 6.0, 4.0, 6.0, 2.0, 2.0, 2.0, 2.0, 2.0, 2.0, 4.0, 4.0, 5.0, 2.0, 2.0, 2.0, 6.0, 6.0, 4.0, 4.0, 4.0], [2.0, 6.0, 2.0, 2.0, 3.0, 2.0, 6.0, 3.0, 2.0, 3.0, 1.0, 3.0, 2.0, 6.0, 2.0, 1.0, 2.0, 2.0, 4.0, 2.0, 4.0, 6.0, 5.0, 3.0, 4.0, 2.0, 2.0, 2.0, 2.0, 2.0, 2.0, 4.0, 2.0, 4.0, 2.0, 2.0, 2.0, 6.0, 6.0, 4.0, 4.0, 4.0], [2.0, 6.0, 2.0, 3.0, 3.0, 2.0, 6.0, 3.0, 2.0, 2.0, 1.0, 2.0, 1.0, 6.0, 2.0, 2.0, 2.0, 2.0, 3.0, 2.0, 4.0, 5.0, 2.0, 4.0, 6.0, 2.0, 2.0, 2.0, 2.0, 4.0, 2.0, 4.0, 4.0, 3.0, 2.0, 2.0, 2.0, 6.0, 6.0, 4.0, 4.0, 4.0], [2.0, 6.0, 2.0, 2.0, 3.0, 2.0, 6.0, 3.0, 2.0, 2.0, 1.0, 3.0, 2.0, 6.0, 2.0, 1.0, 2.0, 2.0, 4.0, 3.0, 4.0, 5.0, 5.0, 3.0, 6.0, 2.0, 2.0, 2.0, 2.0, 2.0, 2.0, 6.0, 4.0, 4.0, 2.0, 2.0, 2.0, 6.0, 6.0, 4.0, 6.0, 3.0], [2.0, 6.0, 2.0, 3.0, 3.0, 2.0, 4.0, 3.0, 2.0, 2.0, 2.0, 3.0, 2.0, 6.0, 2.0, 1.0, 2.0, 2.0, 3.0, 3.0, 2.0, 6.0, 3.0, 4.0, 6.0, 2.0, 2.0, 2.0, 2.0, 2.0, 2.0, 4.0, 4.0, 5.0, 2.0, 2.0, 2.0, 6.0, 6.0, 3.0, 6.0, 4.0], [2.0, 6.0, 3.0, 3.0, 3.0, 2.0, 6.0, 3.0, 2.0, 3.0, 1.0, 2.0, 2.0, 6.0, 2.0, 1.0, 2.0, 2.0, 4.0, 3.0, 4.0, 5.0, 2.0, 5.0, 6.0, 2.0, 2.0, 2.0, 2.0, 2.0, 2.0, 6.0, 4.0, 4.0, 2.0, 2.0, 2.0, 6.0, 6.0, 3.0, 6.0, 4.0], [2.0, 6.0, 2.0, 2.0, 3.0, 2.0, 6.0, 3.0, 2.0, 2.0, 1.0, 3.0, 2.0, 6.0, 2.0, 1.0, 2.0, 2.0, 4.0, 2.0, 4.0, 6.0, 3.0, 4.0, 6.0, 2.0, 2.0, 2.0, 2.0, 2.0, 2.0, 4.0, 2.0, 3.0, 2.0, 2.0, 2.0, 6.0, 6.0, 4.0, 6.0, 3.0], [2.0, 6.0, 2.0, 2.0, 3.0, 2.0, 2.0, 3.0, 2.0, 2.0, 1.0, 2.0, 1.0, 6.0, 2.0, 2.0, 2.0, 2.0, 3.0, 3.0, 4.0, 6.0, 2.0, 3.0, 6.0, 2.0, 2.0, 2.0, 2.0, 2.0, 2.0, 4.0, 4.0, 3.0, 2.0, 2.0, 2.0, 6.0, 6.0, 4.0, 6.0, 4.0], [2.0, 6.0, 2.0, 2.0, 3.0, 2.0, 6.0, 2.0, 2.0, 3.0, 1.0, 2.0, 2.0, 6.0, 2.0, 1.0, 2.0, 2.0, 4.0, 2.0, 4.0, 6.0, 5.0, 4.0, 6.0, 2.0, 2.0, 2.0, 2.0, 2.0, 2.0, 4.0, 4.0, 3.0, 2.0, 2.0, 2.0, 6.0, 6.0, 2.0, 6.0, 3.0], [2.0, 6.0, 2.0, 2.0, 3.0, 2.0, 6.0, 2.0, 2.0, 2.0, 2.0, 2.0, 2.0, 6.0, 2.0, 1.0, 2.0, 2.0, 3.0, 2.0, 4.0, 6.0, 4.0, 4.0, 6.0, 2.0, 2.0, 2.0, 2.0, 2.0, 2.0, 4.0, 4.0, 4.0, 2.0, 2.0, 2.0, 6.0, 6.0, 3.0, 4.0, 4.0], [2.0, 6.0, 2.0, 3.0, 3.0, 2.0, 3.0, 2.0, 2.0, 2.0, 1.0, 3.0, 2.0, 6.0, 2.0, 1.0, 2.0, 4.0, 4.0, 2.0, 4.0, 6.0, 5.0, 2.0, 6.0, 2.0, 2.0, 2.0, 2.0, 2.0, 2.0, 4.0, 2.0, 5.0, 2.0, 2.0, 2.0, 6.0, 6.0, 4.0, 4.0, 4.0], [2.0, 6.0, 2.0, 3.0, 3.0, 2.0, 6.0, 3.0, 2.0, 2.0, 1.0, 2.0, 1.0, 6.0, 2.0, 1.0, 2.0, 2.0, 3.0, 3.0, 4.0, 5.0, 3.0, 3.0, 6.0, 2.0, 2.0, 2.0, 2.0, 2.0, 2.0, 4.0, 2.0, 3.0, 2.0, 2.0, 2.0, 6.0, 6.0, 4.0, 6.0, 4.0], [2.0, 6.0, 2.0, 2.0, 3.0, 2.0, 3.0, 3.0, 2.0, 3.0, 1.0, 2.0, 2.0, 6.0, 2.0, 1.0, 2.0, 2.0, 4.0, 2.0, 4.0, 6.0, 5.0, 3.0, 6.0, 2.0, 2.0, 2.0, 2.0, 2.0, 2.0, 6.0, 2.0, 4.0, 2.0, 2.0, 2.0, 6.0, 6.0, 2.0, 6.0, 3.0], [2.0, 6.0, 2.0, 2.0, 3.0, 2.0, 6.0, 3.0, 2.0, 2.0, 1.0, 2.0, 1.0, 6.0, 2.0, 1.0, 2.0, 4.0, 3.0, 2.0, 4.0, 6.0, 5.0, 5.0, 6.0, 2.0, 2.0, 2.0, 2.0, 2.0, 2.0, 4.0, 4.0, 3.0, 2.0, 2.0, 2.0, 6.0, 6.0, 4.0, 6.0, 4.0], [2.0, 6.0, 2.0, 3.0, 3.0, 2.0, 6.0, 3.0, 2.0, 3.0, 1.0, 2.0, 2.0, 6.0, 2.0, 1.0, 2.0, 2.0, 5.0, 2.0, 4.0, 6.0, 3.0, 4.0, 6.0, 2.0, 2.0, 2.0, 2.0, 4.0, 2.0, 4.0, 4.0, 3.0, 2.0, 4.0, 2.0, 6.0, 6.0, 4.0, 6.0, 4.0], [2.0, 4.0, 2.0, 3.0, 3.0, 2.0, 6.0, 3.0, 2.0, 3.0, 1.0, 2.0, 2.0, 6.0, 2.0, 2.0, 2.0, 2.0, 3.0, 3.0, 4.0, 3.0, 2.0, 5.0, 6.0, 2.0, 2.0, 2.0, 2.0, 2.0, 2.0, 4.0, 4.0, 3.0, 2.0, 2.0, 2.0, 6.0, 6.0, 2.0, 6.0, 4.0], [2.0, 4.0, 2.0, 2.0, 3.0, 2.0, 6.0, 2.0, 2.0, 3.0, 1.0, 3.0, 2.0, 6.0, 2.0, 1.0, 2.0, 2.0, 3.0, 2.0, 4.0, 6.0, 5.0, 5.0, 6.0, 2.0, 2.0, 2.0, 2.0, 2.0, 2.0, 6.0, 4.0, 3.0, 2.0, 2.0, 2.0, 6.0, 6.0, 2.0, 4.0, 4.0], [2.0, 6.0, 2.0, 3.0, 3.0, 2.0, 6.0, 3.0, 2.0, 2.0, 1.0, 2.0, 1.0, 6.0, 2.0, 1.0, 2.0, 2.0, 5.0, 3.0, 4.0, 5.0, 5.0, 3.0, 4.0, 2.0, 2.0, 1.0, 2.0, 2.0, 2.0, 6.0, 4.0, 4.0, 2.0, 2.0, 2.0, 6.0, 6.0, 4.0, 6.0, 3.0], [2.0, 6.0, 2.0, 2.0, 3.0, 2.0, 6.0, 3.0, 2.0, 2.0, 1.0, 2.0, 2.0, 6.0, 4.0, 1.0, 2.0, 2.0, 3.0, 2.0, 4.0, 3.0, 3.0, 3.0, 6.0, 2.0, 2.0, 2.0, 2.0, 2.0, 2.0, 4.0, 4.0, 4.0, 2.0, 2.0, 2.0, 6.0, 6.0, 4.0, 4.0, 3.0], [2.0, 6.0, 2.0, 3.0, 3.0, 2.0, 6.0, 2.0, 2.0, 3.0, 1.0, 2.0, 1.0, 6.0, 2.0, 1.0, 2.0, 4.0, 3.0, 4.0, 3.0, 5.0, 3.0, 4.0, 6.0, 2.0, 2.0, 2.0, 2.0, 2.0, 2.0, 4.0, 4.0, 4.0, 2.0, 2.0, 2.0, 6.0, 6.0, 4.0, 6.0, 4.0]]

first layer check: Conv2d(9, 64, kernel_size=(7, 7), stride=(2, 2), padding=(3, 3), bias=False)

for model 2: mode acc: 0.5, run mean acc: 0.5012499690055847, top-2 acc:0.7529165744781494, mode f1: 0.5

model 2 mode preds
[2.0, 6.0, 2.0, 2.0, 3.0, 2.0, 6.0, 2.0, 2.0, 2.0, 2.0, 2.0, 2.0, 6.0, 2.0, 2.0, 2.0, 2.0, 3.0, 2.0, 2.0, 5.0, 5.0, 5.0, 6.0, 2.0, 2.0, 2.0, 2.0, 2.0, 2.0, 5.0, 2.0, 6.0, 2.0, 2.0, 2.0, 6.0, 6.0, 2.0, 6.0, 3.0]

model 2 all preds
[[2.0, 6.0, 2.0, 2.0, 3.0, 2.0, 3.0, 2.0, 2.0, 2.0, 2.0, 2.0, 2.0, 6.0, 2.0, 2.0, 2.0, 2.0, 3.0, 2.0, 3.0, 6.0, 6.0, 4.0, 6.0, 2.0, 2.0, 2.0, 2.0, 2.0, 2.0, 5.0, 4.0, 6.0, 2.0, 2.0, 2.0, 6.0, 6.0, 2.0, 6.0, 3.0], [2.0, 6.0, 2.0, 2.0, 3.0, 2.0, 6.0, 2.0, 2.0, 2.0, 2.0, 2.0, 2.0, 6.0, 2.0, 2.0, 2.0, 2.0, 3.0, 2.0, 2.0, 4.0, 5.0, 5.0, 6.0, 2.0, 2.0, 2.0, 2.0, 2.0, 2.0, 4.0, 4.0, 5.0, 2.0, 4.0, 2.0, 6.0, 6.0, 2.0, 6.0, 2.0], [2.0, 6.0, 2.0, 2.0, 3.0, 2.0, 6.0, 4.0, 2.0, 2.0, 2.0, 2.0, 2.0, 6.0, 2.0, 2.0, 2.0, 2.0, 3.0, 2.0, 2.0, 5.0, 5.0, 3.0, 6.0, 2.0, 2.0, 2.0, 2.0, 2.0, 2.0, 4.0, 3.0, 6.0, 2.0, 2.0, 2.0, 6.0, 6.0, 3.0, 6.0, 3.0], [2.0, 6.0, 2.0, 2.0, 3.0, 2.0, 6.0, 2.0, 2.0, 2.0, 2.0, 2.0, 2.0, 6.0, 2.0, 2.0, 2.0, 2.0, 3.0, 2.0, 2.0, 6.0, 3.0, 4.0, 6.0, 2.0, 2.0, 2.0, 2.0, 2.0, 2.0, 5.0, 2.0, 5.0, 2.0, 2.0, 2.0, 6.0, 6.0, 2.0, 4.0, 3.0], [2.0, 6.0, 2.0, 3.0, 3.0, 2.0, 6.0, 4.0, 2.0, 2.0, 2.0, 2.0, 2.0, 6.0, 2.0, 2.0, 2.0, 2.0, 3.0, 2.0, 2.0, 4.0, 5.0, 3.0, 6.0, 2.0, 2.0, 2.0, 2.0, 2.0, 2.0, 5.0, 2.0, 6.0, 2.0, 2.0, 2.0, 6.0, 6.0, 2.0, 6.0, 4.0], [2.0, 6.0, 2.0, 2.0, 3.0, 2.0, 6.0, 4.0, 2.0, 2.0, 2.0, 2.0, 2.0, 6.0, 2.0, 2.0, 2.0, 2.0, 3.0, 2.0, 2.0, 5.0, 2.0, 6.0, 6.0, 2.0, 2.0, 2.0, 2.0, 2.0, 2.0, 5.0, 2.0, 5.0, 2.0, 2.0, 2.0, 6.0, 6.0, 4.0, 6.0, 3.0], [2.0, 6.0, 2.0, 2.0, 3.0, 2.0, 6.0, 4.0, 2.0, 2.0, 2.0, 2.0, 2.0, 6.0, 2.0, 2.0, 2.0, 2.0, 3.0, 2.0, 2.0, 2.0, 5.0, 4.0, 6.0, 2.0, 2.0, 2.0, 2.0, 2.0, 2.0, 5.0, 2.0, 6.0, 2.0, 4.0, 2.0, 6.0, 6.0, 4.0, 4.0, 3.0], [2.0, 6.0, 2.0, 2.0, 3.0, 2.0, 6.0, 4.0, 2.0, 2.0, 2.0, 2.0, 2.0, 6.0, 2.0, 2.0, 2.0, 2.0, 3.0, 2.0, 2.0, 4.0, 3.0, 4.0, 6.0, 2.0, 2.0, 2.0, 2.0, 2.0, 2.0, 5.0, 4.0, 6.0, 2.0, 2.0, 2.0, 6.0, 6.0, 2.0, 6.0, 3.0], [2.0, 6.0, 3.0, 2.0, 3.0, 2.0, 6.0, 2.0, 2.0, 2.0, 2.0, 2.0, 2.0, 6.0, 2.0, 2.0, 2.0, 2.0, 3.0, 2.0, 2.0, 3.0, 2.0, 5.0, 6.0, 2.0, 2.0, 2.0, 2.0, 2.0, 2.0, 5.0, 2.0, 6.0, 2.0, 2.0, 2.0, 6.0, 6.0, 2.0, 4.0, 3.0], [2.0, 6.0, 2.0, 2.0, 3.0, 2.0, 6.0, 3.0, 2.0, 2.0, 2.0, 2.0, 2.0, 6.0, 2.0, 2.0, 2.0, 2.0, 3.0, 2.0, 2.0, 6.0, 5.0, 3.0, 6.0, 2.0, 2.0, 2.0, 2.0, 2.0, 2.0, 4.0, 3.0, 6.0, 2.0, 2.0, 2.0, 6.0, 6.0, 2.0, 6.0, 3.0], [2.0, 6.0, 2.0, 2.0, 3.0, 2.0, 6.0, 2.0, 2.0, 2.0, 2.0, 2.0, 2.0, 6.0, 2.0, 2.0, 2.0, 2.0, 3.0, 2.0, 2.0, 5.0, 5.0, 4.0, 4.0, 2.0, 2.0, 2.0, 2.0, 4.0, 2.0, 4.0, 2.0, 6.0, 2.0, 2.0, 2.0, 6.0, 6.0, 2.0, 6.0, 3.0], [2.0, 6.0, 2.0, 2.0, 3.0, 2.0, 6.0, 2.0, 2.0, 2.0, 2.0, 2.0, 2.0, 6.0, 2.0, 2.0, 2.0, 2.0, 3.0, 3.0, 2.0, 6.0, 5.0, 5.0, 6.0, 2.0, 2.0, 2.0, 2.0, 3.0, 2.0, 5.0, 3.0, 4.0, 2.0, 2.0, 2.0, 6.0, 6.0, 2.0, 6.0, 3.0], [2.0, 6.0, 2.0, 2.0, 2.0, 2.0, 6.0, 5.0, 2.0, 2.0, 2.0, 2.0, 2.0, 6.0, 2.0, 2.0, 2.0, 2.0, 3.0, 2.0, 2.0, 5.0, 2.0, 5.0, 6.0, 2.0, 2.0, 2.0, 2.0, 2.0, 2.0, 5.0, 3.0, 4.0, 2.0, 2.0, 2.0, 6.0, 6.0, 2.0, 6.0, 3.0], [2.0, 6.0, 2.0, 2.0, 2.0, 2.0, 6.0, 4.0, 2.0, 2.0, 2.0, 2.0, 2.0, 6.0, 2.0, 2.0, 2.0, 2.0, 3.0, 2.0, 2.0, 5.0, 5.0, 2.0, 6.0, 2.0, 2.0, 2.0, 2.0, 2.0, 2.0, 5.0, 2.0, 3.0, 2.0, 2.0, 2.0, 6.0, 6.0, 2.0, 6.0, 4.0], [2.0, 6.0, 2.0, 2.0, 3.0, 2.0, 6.0, 5.0, 2.0, 2.0, 2.0, 2.0, 2.0, 6.0, 2.0, 2.0, 2.0, 3.0, 3.0, 2.0, 2.0, 5.0, 5.0, 4.0, 6.0, 2.0, 2.0, 2.0, 2.0, 2.0, 2.0, 5.0, 2.0, 6.0, 2.0, 2.0, 2.0, 6.0, 6.0, 4.0, 6.0, 4.0], [2.0, 6.0, 2.0, 2.0, 3.0, 2.0, 6.0, 2.0, 2.0, 2.0, 2.0, 2.0, 2.0, 6.0, 2.0, 2.0, 2.0, 2.0, 3.0, 2.0, 2.0, 5.0, 5.0, 5.0, 6.0, 2.0, 2.0, 2.0, 2.0, 2.0, 2.0, 5.0, 3.0, 6.0, 2.0, 2.0, 2.0, 6.0, 6.0, 2.0, 6.0, 3.0], [2.0, 6.0, 2.0, 2.0, 3.0, 2.0, 6.0, 2.0, 2.0, 2.0, 2.0, 2.0, 2.0, 6.0, 2.0, 2.0, 2.0, 2.0, 3.0, 2.0, 2.0, 5.0, 3.0, 5.0, 6.0, 2.0, 2.0, 2.0, 2.0, 2.0, 2.0, 5.0, 2.0, 6.0, 2.0, 2.0, 2.0, 6.0, 6.0, 2.0, 6.0, 3.0], [2.0, 6.0, 2.0, 2.0, 3.0, 2.0, 6.0, 2.0, 2.0, 2.0, 2.0, 2.0, 2.0, 6.0, 2.0, 2.0, 2.0, 2.0, 3.0, 2.0, 2.0, 5.0, 5.0, 4.0, 6.0, 2.0, 2.0, 2.0, 2.0, 2.0, 2.0, 5.0, 2.0, 4.0, 2.0, 2.0, 2.0, 6.0, 6.0, 2.0, 6.0, 3.0], [2.0, 6.0, 2.0, 2.0, 3.0, 2.0, 6.0, 2.0, 2.0, 2.0, 2.0, 2.0, 2.0, 6.0, 2.0, 2.0, 2.0, 2.0, 3.0, 2.0, 2.0, 5.0, 3.0, 6.0, 6.0, 2.0, 2.0, 2.0, 2.0, 3.0, 2.0, 5.0, 2.0, 5.0, 2.0, 2.0, 2.0, 6.0, 6.0, 3.0, 6.0, 3.0], [2.0, 6.0, 2.0, 2.0, 3.0, 2.0, 6.0, 4.0, 2.0, 2.0, 2.0, 2.0, 2.0, 6.0, 2.0, 2.0, 2.0, 2.0, 3.0, 2.0, 2.0, 6.0, 5.0, 5.0, 6.0, 2.0, 2.0, 2.0, 2.0, 2.0, 2.0, 5.0, 4.0, 6.0, 2.0, 2.0, 2.0, 6.0, 6.0, 2.0, 6.0, 3.0], [2.0, 6.0, 2.0, 2.0, 3.0, 2.0, 6.0, 2.0, 2.0, 2.0, 2.0, 2.0, 2.0, 6.0, 2.0, 2.0, 2.0, 2.0, 3.0, 2.0, 2.0, 6.0, 4.0, 5.0, 6.0, 2.0, 2.0, 2.0, 2.0, 2.0, 2.0, 5.0, 4.0, 5.0, 2.0, 2.0, 2.0, 6.0, 6.0, 2.0, 6.0, 3.0], [2.0, 6.0, 2.0, 2.0, 3.0, 2.0, 6.0, 5.0, 2.0, 2.0, 2.0, 2.0, 2.0, 6.0, 2.0, 2.0, 2.0, 3.0, 3.0, 2.0, 2.0, 6.0, 5.0, 2.0, 3.0, 2.0, 2.0, 2.0, 2.0, 2.0, 2.0, 5.0, 2.0, 5.0, 2.0, 2.0, 2.0, 6.0, 6.0, 3.0, 6.0, 3.0], [2.0, 6.0, 2.0, 2.0, 3.0, 2.0, 6.0, 4.0, 2.0, 2.0, 2.0, 2.0, 2.0, 6.0, 2.0, 2.0, 2.0, 2.0, 3.0, 2.0, 2.0, 4.0, 5.0, 2.0, 6.0, 2.0, 2.0, 2.0, 2.0, 2.0, 2.0, 5.0, 2.0, 5.0, 2.0, 4.0, 2.0, 6.0, 6.0, 2.0, 4.0, 3.0], [2.0, 6.0, 2.0, 2.0, 3.0, 2.0, 6.0, 2.0, 2.0, 2.0, 1.0, 2.0, 2.0, 6.0, 2.0, 2.0, 2.0, 2.0, 3.0, 2.0, 2.0, 5.0, 5.0, 4.0, 6.0, 2.0, 2.0, 2.0, 2.0, 2.0, 2.0, 5.0, 2.0, 6.0, 2.0, 4.0, 2.0, 6.0, 6.0, 4.0, 4.0, 3.0], [2.0, 6.0, 2.0, 2.0, 3.0, 2.0, 6.0, 2.0, 2.0, 2.0, 1.0, 2.0, 2.0, 6.0, 2.0, 2.0, 2.0, 2.0, 3.0, 2.0, 2.0, 6.0, 5.0, 5.0, 6.0, 2.0, 2.0, 1.0, 2.0, 4.0, 2.0, 5.0, 4.0, 6.0, 2.0, 2.0, 2.0, 6.0, 6.0, 2.0, 6.0, 3.0], [2.0, 6.0, 2.0, 2.0, 3.0, 2.0, 5.0, 4.0, 2.0, 2.0, 2.0, 2.0, 2.0, 6.0, 2.0, 2.0, 2.0, 2.0, 3.0, 2.0, 2.0, 5.0, 3.0, 5.0, 6.0, 2.0, 2.0, 2.0, 2.0, 2.0, 2.0, 4.0, 4.0, 5.0, 2.0, 2.0, 2.0, 6.0, 6.0, 2.0, 6.0, 2.0], [2.0, 6.0, 2.0, 2.0, 3.0, 2.0, 6.0, 2.0, 2.0, 2.0, 1.0, 2.0, 2.0, 6.0, 2.0, 2.0, 2.0, 2.0, 3.0, 2.0, 3.0, 5.0, 5.0, 4.0, 6.0, 2.0, 2.0, 2.0, 2.0, 2.0, 2.0, 5.0, 4.0, 5.0, 2.0, 2.0, 2.0, 6.0, 6.0, 3.0, 6.0, 4.0], [2.0, 6.0, 2.0, 2.0, 3.0, 2.0, 6.0, 4.0, 2.0, 2.0, 2.0, 2.0, 1.0, 6.0, 2.0, 2.0, 2.0, 2.0, 3.0, 2.0, 2.0, 6.0, 5.0, 5.0, 6.0, 2.0, 2.0, 2.0, 2.0, 2.0, 2.0, 4.0, 2.0, 5.0, 2.0, 2.0, 2.0, 6.0, 6.0, 2.0, 6.0, 3.0], [2.0, 6.0, 2.0, 2.0, 3.0, 2.0, 6.0, 3.0, 2.0, 2.0, 1.0, 2.0, 1.0, 6.0, 2.0, 2.0, 2.0, 2.0, 3.0, 3.0, 2.0, 6.0, 4.0, 4.0, 6.0, 2.0, 2.0, 2.0, 2.0, 2.0, 2.0, 4.0, 2.0, 5.0, 2.0, 2.0, 2.0, 6.0, 6.0, 2.0, 4.0, 3.0], [2.0, 6.0, 2.0, 2.0, 3.0, 2.0, 5.0, 2.0, 2.0, 2.0, 2.0, 2.0, 2.0, 6.0, 2.0, 2.0, 2.0, 2.0, 3.0, 2.0, 3.0, 5.0, 2.0, 3.0, 6.0, 2.0, 2.0, 2.0, 2.0, 2.0, 2.0, 5.0, 4.0, 6.0, 2.0, 2.0, 2.0, 6.0, 6.0, 2.0, 6.0, 4.0], [2.0, 6.0, 2.0, 2.0, 3.0, 2.0, 6.0, 4.0, 2.0, 2.0, 2.0, 2.0, 2.0, 6.0, 2.0, 2.0, 2.0, 2.0, 3.0, 4.0, 2.0, 5.0, 5.0, 2.0, 6.0, 2.0, 2.0, 2.0, 2.0, 2.0, 2.0, 5.0, 2.0, 6.0, 2.0, 2.0, 2.0, 6.0, 6.0, 3.0, 6.0, 3.0], [2.0, 6.0, 2.0, 2.0, 3.0, 2.0, 6.0, 4.0, 2.0, 2.0, 2.0, 2.0, 2.0, 6.0, 2.0, 2.0, 2.0, 2.0, 3.0, 2.0, 2.0, 6.0, 2.0, 2.0, 6.0, 2.0, 2.0, 2.0, 2.0, 2.0, 2.0, 5.0, 2.0, 4.0, 2.0, 2.0, 2.0, 6.0, 6.0, 2.0, 6.0, 2.0], [2.0, 6.0, 2.0, 2.0, 3.0, 2.0, 6.0, 5.0, 2.0, 2.0, 2.0, 2.0, 2.0, 6.0, 2.0, 2.0, 2.0, 2.0, 3.0, 2.0, 2.0, 5.0, 5.0, 6.0, 4.0, 2.0, 2.0, 2.0, 2.0, 2.0, 2.0, 5.0, 2.0, 5.0, 2.0, 2.0, 2.0, 6.0, 6.0, 4.0, 6.0, 3.0], [2.0, 6.0, 2.0, 2.0, 3.0, 2.0, 6.0, 4.0, 2.0, 2.0, 2.0, 2.0, 2.0, 6.0, 2.0, 2.0, 2.0, 2.0, 3.0, 2.0, 2.0, 5.0, 2.0, 2.0, 6.0, 2.0, 2.0, 2.0, 2.0, 3.0, 2.0, 5.0, 2.0, 5.0, 2.0, 2.0, 2.0, 6.0, 6.0, 2.0, 6.0, 3.0], [2.0, 6.0, 2.0, 2.0, 3.0, 2.0, 6.0, 5.0, 2.0, 2.0, 2.0, 2.0, 2.0, 6.0, 2.0, 2.0, 2.0, 2.0, 3.0, 2.0, 2.0, 5.0, 2.0, 2.0, 6.0, 2.0, 2.0, 2.0, 2.0, 2.0, 2.0, 5.0, 3.0, 3.0, 2.0, 2.0, 2.0, 6.0, 6.0, 2.0, 6.0, 3.0], [2.0, 6.0, 2.0, 3.0, 3.0, 2.0, 5.0, 4.0, 2.0, 2.0, 2.0, 2.0, 2.0, 6.0, 2.0, 2.0, 2.0, 2.0, 3.0, 2.0, 2.0, 6.0, 2.0, 4.0, 6.0, 2.0, 2.0, 2.0, 2.0, 2.0, 2.0, 6.0, 4.0, 6.0, 2.0, 4.0, 2.0, 6.0, 6.0, 2.0, 6.0, 3.0], [2.0, 6.0, 2.0, 2.0, 3.0, 2.0, 6.0, 2.0, 2.0, 2.0, 2.0, 2.0, 2.0, 6.0, 2.0, 2.0, 2.0, 2.0, 3.0, 2.0, 2.0, 5.0, 5.0, 4.0, 6.0, 2.0, 2.0, 2.0, 2.0, 2.0, 2.0, 5.0, 2.0, 3.0, 2.0, 3.0, 2.0, 6.0, 6.0, 3.0, 6.0, 3.0], [2.0, 6.0, 2.0, 2.0, 3.0, 2.0, 6.0, 5.0, 2.0, 2.0, 2.0, 2.0, 2.0, 6.0, 2.0, 2.0, 2.0, 2.0, 3.0, 2.0, 2.0, 6.0, 4.0, 5.0, 6.0, 2.0, 2.0, 2.0, 2.0, 2.0, 2.0, 4.0, 4.0, 5.0, 2.0, 2.0, 2.0, 6.0, 6.0, 2.0, 6.0, 3.0], [2.0, 6.0, 2.0, 2.0, 3.0, 2.0, 6.0, 4.0, 2.0, 2.0, 1.0, 2.0, 2.0, 6.0, 2.0, 2.0, 2.0, 2.0, 3.0, 4.0, 2.0, 5.0, 4.0, 5.0, 6.0, 2.0, 2.0, 2.0, 2.0, 2.0, 2.0, 4.0, 2.0, 6.0, 2.0, 2.0, 2.0, 6.0, 6.0, 4.0, 6.0, 3.0], [2.0, 6.0, 3.0, 2.0, 3.0, 2.0, 5.0, 4.0, 2.0, 2.0, 2.0, 2.0, 2.0, 6.0, 2.0, 2.0, 2.0, 2.0, 3.0, 2.0, 2.0, 5.0, 3.0, 2.0, 6.0, 2.0, 2.0, 2.0, 2.0, 3.0, 2.0, 5.0, 2.0, 6.0, 2.0, 2.0, 2.0, 6.0, 6.0, 3.0, 6.0, 3.0], [2.0, 6.0, 2.0, 2.0, 3.0, 2.0, 6.0, 4.0, 2.0, 2.0, 2.0, 2.0, 2.0, 6.0, 2.0, 2.0, 2.0, 2.0, 3.0, 2.0, 2.0, 4.0, 5.0, 5.0, 6.0, 2.0, 2.0, 2.0, 2.0, 2.0, 2.0, 5.0, 4.0, 6.0, 2.0, 4.0, 2.0, 6.0, 6.0, 2.0, 4.0, 3.0], [2.0, 6.0, 2.0, 2.0, 3.0, 2.0, 6.0, 2.0, 2.0, 2.0, 2.0, 2.0, 2.0, 6.0, 2.0, 2.0, 2.0, 2.0, 4.0, 2.0, 2.0, 5.0, 2.0, 5.0, 3.0, 2.0, 2.0, 2.0, 2.0, 2.0, 2.0, 5.0, 3.0, 5.0, 2.0, 2.0, 2.0, 6.0, 6.0, 2.0, 4.0, 3.0], [2.0, 6.0, 2.0, 2.0, 3.0, 2.0, 6.0, 2.0, 2.0, 2.0, 2.0, 2.0, 2.0, 6.0, 2.0, 2.0, 2.0, 2.0, 3.0, 2.0, 2.0, 3.0, 5.0, 5.0, 6.0, 2.0, 2.0, 2.0, 2.0, 4.0, 2.0, 5.0, 2.0, 6.0, 2.0, 2.0, 2.0, 6.0, 6.0, 2.0, 6.0, 3.0], [2.0, 6.0, 2.0, 2.0, 3.0, 2.0, 6.0, 4.0, 2.0, 2.0, 2.0, 2.0, 2.0, 6.0, 2.0, 2.0, 2.0, 2.0, 3.0, 2.0, 2.0, 5.0, 3.0, 4.0, 6.0, 2.0, 2.0, 2.0, 2.0, 2.0, 2.0, 5.0, 2.0, 5.0, 2.0, 2.0, 2.0, 6.0, 6.0, 2.0, 6.0, 3.0], [2.0, 6.0, 2.0, 2.0, 3.0, 2.0, 6.0, 2.0, 2.0, 2.0, 2.0, 2.0, 2.0, 6.0, 2.0, 2.0, 2.0, 2.0, 3.0, 2.0, 5.0, 6.0, 4.0, 4.0, 6.0, 2.0, 2.0, 2.0, 2.0, 2.0, 2.0, 5.0, 2.0, 3.0, 2.0, 2.0, 2.0, 6.0, 6.0, 2.0, 6.0, 3.0], [2.0, 6.0, 2.0, 2.0, 3.0, 2.0, 6.0, 5.0, 2.0, 2.0, 2.0, 2.0, 2.0, 6.0, 2.0, 2.0, 2.0, 2.0, 3.0, 2.0, 2.0, 6.0, 5.0, 5.0, 6.0, 2.0, 2.0, 2.0, 2.0, 2.0, 2.0, 5.0, 2.0, 6.0, 2.0, 2.0, 2.0, 6.0, 6.0, 4.0, 6.0, 3.0], [2.0, 6.0, 2.0, 2.0, 3.0, 2.0, 6.0, 2.0, 2.0, 2.0, 2.0, 2.0, 2.0, 6.0, 2.0, 2.0, 2.0, 2.0, 3.0, 2.0, 2.0, 6.0, 2.0, 4.0, 6.0, 2.0, 2.0, 2.0, 2.0, 2.0, 2.0, 5.0, 3.0, 6.0, 2.0, 2.0, 2.0, 6.0, 6.0, 2.0, 6.0, 3.0], [2.0, 6.0, 2.0, 2.0, 3.0, 2.0, 6.0, 2.0, 2.0, 2.0, 2.0, 2.0, 2.0, 6.0, 2.0, 2.0, 2.0, 2.0, 3.0, 3.0, 2.0, 5.0, 2.0, 5.0, 6.0, 2.0, 2.0, 2.0, 2.0, 2.0, 2.0, 5.0, 4.0, 6.0, 2.0, 2.0, 2.0, 6.0, 6.0, 4.0, 6.0, 3.0], [2.0, 6.0, 2.0, 2.0, 3.0, 2.0, 2.0, 3.0, 2.0, 2.0, 2.0, 2.0, 2.0, 6.0, 2.0, 2.0, 2.0, 2.0, 3.0, 2.0, 2.0, 5.0, 4.0, 2.0, 6.0, 2.0, 2.0, 2.0, 2.0, 2.0, 2.0, 5.0, 2.0, 5.0, 2.0, 2.0, 2.0, 6.0, 6.0, 4.0, 6.0, 4.0], [2.0, 6.0, 2.0, 2.0, 3.0, 2.0, 6.0, 4.0, 2.0, 2.0, 2.0, 2.0, 2.0, 6.0, 2.0, 2.0, 2.0, 2.0, 3.0, 2.0, 2.0, 6.0, 5.0, 3.0, 6.0, 2.0, 2.0, 2.0, 2.0, 2.0, 2.0, 5.0, 2.0, 5.0, 2.0, 2.0, 2.0, 6.0, 6.0, 4.0, 6.0, 3.0]]

first layer check: Conv2d(9, 64, kernel_size=(7, 7), stride=(2, 2), padding=(3, 3), bias=False)

for model 3: mode acc: 0.5, run mean acc: 0.48666664958000183, top-2 acc:0.7933332920074463, mode f1: 0.5

model 3 mode preds
[2.0, 6.0, 2.0, 2.0, 3.0, 2.0, 6.0, 3.0, 2.0, 2.0, 1.0, 2.0, 2.0, 6.0, 2.0, 1.0, 2.0, 3.0, 3.0, 2.0, 3.0, 3.0, 3.0, 2.0, 3.0, 2.0, 2.0, 2.0, 2.0, 2.0, 2.0, 4.0, 2.0, 3.0, 1.0, 2.0, 2.0, 6.0, 6.0, 3.0, 4.0, 3.0]

model 3 all preds
[[2.0, 6.0, 2.0, 2.0, 3.0, 2.0, 6.0, 3.0, 2.0, 2.0, 1.0, 2.0, 2.0, 6.0, 2.0, 1.0, 2.0, 2.0, 3.0, 2.0, 2.0, 3.0, 3.0, 3.0, 3.0, 2.0, 2.0, 1.0, 2.0, 3.0, 2.0, 4.0, 2.0, 3.0, 1.0, 2.0, 2.0, 6.0, 6.0, 3.0, 4.0, 3.0], [2.0, 5.0, 2.0, 2.0, 3.0, 2.0, 5.0, 2.0, 2.0, 2.0, 2.0, 2.0, 1.0, 6.0, 2.0, 1.0, 2.0, 3.0, 3.0, 2.0, 3.0, 3.0, 3.0, 2.0, 3.0, 2.0, 2.0, 1.0, 2.0, 2.0, 2.0, 4.0, 3.0, 3.0, 1.0, 2.0, 2.0, 6.0, 6.0, 3.0, 4.0, 2.0], [2.0, 3.0, 2.0, 2.0, 3.0, 2.0, 3.0, 2.0, 2.0, 2.0, 2.0, 2.0, 2.0, 6.0, 2.0, 1.0, 2.0, 3.0, 3.0, 2.0, 3.0, 4.0, 3.0, 3.0, 3.0, 2.0, 2.0, 1.0, 2.0, 2.0, 2.0, 4.0, 2.0, 3.0, 1.0, 2.0, 2.0, 6.0, 6.0, 3.0, 4.0, 3.0], [2.0, 6.0, 3.0, 2.0, 3.0, 2.0, 6.0, 2.0, 2.0, 2.0, 1.0, 2.0, 2.0, 6.0, 2.0, 1.0, 2.0, 3.0, 3.0, 2.0, 2.0, 3.0, 3.0, 2.0, 4.0, 2.0, 2.0, 1.0, 2.0, 2.0, 2.0, 4.0, 2.0, 3.0, 1.0, 2.0, 2.0, 6.0, 6.0, 3.0, 4.0, 3.0], [2.0, 6.0, 2.0, 2.0, 3.0, 2.0, 6.0, 3.0, 2.0, 2.0, 1.0, 2.0, 1.0, 6.0, 2.0, 1.0, 2.0, 3.0, 3.0, 2.0, 3.0, 5.0, 3.0, 3.0, 6.0, 2.0, 2.0, 2.0, 2.0, 2.0, 2.0, 4.0, 2.0, 3.0, 1.0, 2.0, 2.0, 6.0, 6.0, 3.0, 4.0, 3.0], [2.0, 6.0, 2.0, 3.0, 3.0, 2.0, 6.0, 2.0, 2.0, 2.0, 1.0, 3.0, 1.0, 6.0, 2.0, 1.0, 2.0, 3.0, 3.0, 2.0, 3.0, 3.0, 3.0, 2.0, 3.0, 2.0, 2.0, 1.0, 2.0, 2.0, 2.0, 4.0, 3.0, 4.0, 1.0, 2.0, 2.0, 6.0, 6.0, 3.0, 3.0, 3.0], [2.0, 6.0, 2.0, 2.0, 3.0, 2.0, 6.0, 3.0, 2.0, 2.0, 2.0, 2.0, 2.0, 6.0, 2.0, 1.0, 2.0, 2.0, 3.0, 2.0, 3.0, 5.0, 3.0, 2.0, 3.0, 2.0, 2.0, 2.0, 2.0, 2.0, 2.0, 4.0, 2.0, 3.0, 1.0, 2.0, 2.0, 6.0, 6.0, 3.0, 4.0, 3.0], [2.0, 3.0, 2.0, 2.0, 3.0, 2.0, 6.0, 3.0, 2.0, 3.0, 1.0, 3.0, 2.0, 6.0, 2.0, 1.0, 2.0, 3.0, 3.0, 2.0, 3.0, 3.0, 3.0, 4.0, 4.0, 2.0, 2.0, 2.0, 2.0, 2.0, 2.0, 4.0, 2.0, 3.0, 1.0, 2.0, 2.0, 6.0, 6.0, 3.0, 4.0, 3.0], [1.0, 6.0, 2.0, 2.0, 3.0, 2.0, 5.0, 3.0, 2.0, 2.0, 2.0, 2.0, 2.0, 6.0, 2.0, 1.0, 2.0, 3.0, 4.0, 2.0, 3.0, 5.0, 2.0, 2.0, 4.0, 2.0, 2.0, 1.0, 2.0, 2.0, 2.0, 4.0, 2.0, 4.0, 1.0, 2.0, 2.0, 6.0, 6.0, 4.0, 4.0, 3.0], [2.0, 6.0, 2.0, 3.0, 3.0, 2.0, 5.0, 2.0, 2.0, 3.0, 1.0, 2.0, 2.0, 6.0, 2.0, 1.0, 2.0, 3.0, 3.0, 2.0, 2.0, 3.0, 2.0, 2.0, 5.0, 2.0, 2.0, 2.0, 2.0, 2.0, 2.0, 4.0, 2.0, 5.0, 1.0, 2.0, 2.0, 6.0, 6.0, 3.0, 4.0, 3.0], [2.0, 3.0, 2.0, 2.0, 3.0, 2.0, 3.0, 2.0, 2.0, 2.0, 1.0, 2.0, 2.0, 6.0, 2.0, 1.0, 2.0, 3.0, 3.0, 2.0, 2.0, 3.0, 3.0, 2.0, 5.0, 2.0, 2.0, 2.0, 2.0, 2.0, 2.0, 4.0, 3.0, 3.0, 1.0, 2.0, 2.0, 6.0, 6.0, 3.0, 4.0, 3.0], [2.0, 5.0, 2.0, 3.0, 3.0, 2.0, 5.0, 3.0, 2.0, 2.0, 2.0, 2.0, 2.0, 6.0, 2.0, 1.0, 2.0, 3.0, 3.0, 2.0, 3.0, 3.0, 2.0, 2.0, 6.0, 2.0, 2.0, 1.0, 2.0, 2.0, 2.0, 4.0, 2.0, 3.0, 1.0, 2.0, 2.0, 6.0, 6.0, 3.0, 6.0, 2.0], [2.0, 3.0, 2.0, 2.0, 3.0, 2.0, 6.0, 3.0, 2.0, 2.0, 1.0, 3.0, 2.0, 6.0, 2.0, 1.0, 1.0, 3.0, 3.0, 2.0, 3.0, 3.0, 3.0, 2.0, 6.0, 2.0, 2.0, 2.0, 2.0, 2.0, 2.0, 4.0, 2.0, 5.0, 1.0, 2.0, 2.0, 6.0, 6.0, 3.0, 4.0, 3.0], [2.0, 6.0, 2.0, 2.0, 3.0, 2.0, 3.0, 2.0, 2.0, 3.0, 2.0, 3.0, 2.0, 6.0, 2.0, 1.0, 1.0, 3.0, 3.0, 2.0, 3.0, 5.0, 5.0, 2.0, 3.0, 2.0, 2.0, 2.0, 2.0, 4.0, 2.0, 4.0, 2.0, 3.0, 1.0, 2.0, 2.0, 6.0, 6.0, 3.0, 4.0, 3.0], [2.0, 3.0, 2.0, 2.0, 3.0, 2.0, 5.0, 3.0, 2.0, 2.0, 1.0, 2.0, 1.0, 6.0, 2.0, 1.0, 2.0, 3.0, 3.0, 2.0, 2.0, 3.0, 3.0, 2.0, 3.0, 2.0, 2.0, 2.0, 2.0, 2.0, 2.0, 4.0, 2.0, 3.0, 1.0, 2.0, 2.0, 6.0, 6.0, 3.0, 4.0, 2.0], [2.0, 3.0, 2.0, 3.0, 3.0, 2.0, 6.0, 3.0, 2.0, 2.0, 1.0, 2.0, 2.0, 6.0, 2.0, 1.0, 2.0, 2.0, 3.0, 2.0, 3.0, 5.0, 2.0, 2.0, 5.0, 2.0, 2.0, 2.0, 2.0, 2.0, 2.0, 4.0, 2.0, 3.0, 1.0, 2.0, 2.0, 6.0, 6.0, 3.0, 4.0, 3.0], [2.0, 6.0, 2.0, 2.0, 3.0, 2.0, 3.0, 2.0, 2.0, 2.0, 2.0, 2.0, 1.0, 6.0, 2.0, 1.0, 2.0, 3.0, 2.0, 2.0, 3.0, 3.0, 2.0, 2.0, 3.0, 2.0, 2.0, 2.0, 2.0, 2.0, 2.0, 4.0, 2.0, 3.0, 1.0, 2.0, 2.0, 6.0, 6.0, 3.0, 4.0, 3.0], [2.0, 5.0, 2.0, 2.0, 3.0, 2.0, 6.0, 3.0, 2.0, 2.0, 1.0, 2.0, 2.0, 6.0, 2.0, 1.0, 2.0, 2.0, 3.0, 2.0, 3.0, 3.0, 3.0, 2.0, 3.0, 2.0, 1.0, 2.0, 2.0, 2.0, 2.0, 4.0, 2.0, 3.0, 1.0, 2.0, 2.0, 6.0, 6.0, 3.0, 4.0, 3.0], [2.0, 3.0, 2.0, 2.0, 3.0, 2.0, 6.0, 2.0, 2.0, 2.0, 2.0, 2.0, 2.0, 6.0, 2.0, 1.0, 2.0, 3.0, 3.0, 2.0, 3.0, 3.0, 2.0, 2.0, 3.0, 2.0, 2.0, 2.0, 2.0, 2.0, 2.0, 4.0, 2.0, 4.0, 1.0, 2.0, 2.0, 6.0, 6.0, 3.0, 4.0, 3.0], [2.0, 3.0, 3.0, 2.0, 3.0, 2.0, 5.0, 3.0, 2.0, 2.0, 1.0, 2.0, 2.0, 6.0, 2.0, 1.0, 1.0, 3.0, 3.0, 2.0, 2.0, 2.0, 3.0, 4.0, 3.0, 2.0, 2.0, 2.0, 2.0, 2.0, 2.0, 4.0, 2.0, 5.0, 1.0, 2.0, 2.0, 6.0, 6.0, 3.0, 4.0, 3.0], [2.0, 5.0, 2.0, 2.0, 3.0, 2.0, 6.0, 2.0, 2.0, 2.0, 1.0, 3.0, 2.0, 6.0, 2.0, 1.0, 1.0, 2.0, 3.0, 2.0, 2.0, 5.0, 3.0, 2.0, 3.0, 2.0, 2.0, 2.0, 2.0, 2.0, 2.0, 4.0, 2.0, 3.0, 1.0, 2.0, 2.0, 6.0, 6.0, 3.0, 4.0, 3.0], [2.0, 5.0, 2.0, 2.0, 3.0, 2.0, 3.0, 3.0, 2.0, 2.0, 1.0, 3.0, 2.0, 6.0, 2.0, 1.0, 2.0, 3.0, 3.0, 2.0, 3.0, 5.0, 3.0, 3.0, 3.0, 2.0, 2.0, 2.0, 2.0, 2.0, 2.0, 4.0, 2.0, 3.0, 1.0, 2.0, 2.0, 6.0, 6.0, 3.0, 4.0, 3.0], [2.0, 3.0, 2.0, 2.0, 3.0, 2.0, 5.0, 3.0, 2.0, 2.0, 1.0, 3.0, 2.0, 6.0, 2.0, 1.0, 2.0, 3.0, 3.0, 2.0, 3.0, 3.0, 3.0, 2.0, 3.0, 2.0, 2.0, 1.0, 2.0, 2.0, 2.0, 4.0, 2.0, 3.0, 1.0, 2.0, 2.0, 6.0, 6.0, 3.0, 4.0, 3.0], [2.0, 5.0, 2.0, 3.0, 3.0, 2.0, 5.0, 2.0, 2.0, 2.0, 1.0, 2.0, 2.0, 6.0, 2.0, 1.0, 2.0, 3.0, 3.0, 2.0, 3.0, 5.0, 3.0, 3.0, 3.0, 2.0, 2.0, 1.0, 2.0, 2.0, 2.0, 4.0, 2.0, 3.0, 1.0, 2.0, 2.0, 6.0, 6.0, 3.0, 4.0, 3.0], [2.0, 6.0, 2.0, 2.0, 3.0, 2.0, 5.0, 3.0, 2.0, 2.0, 1.0, 2.0, 2.0, 6.0, 2.0, 1.0, 2.0, 3.0, 3.0, 2.0, 3.0, 5.0, 2.0, 2.0, 4.0, 2.0, 2.0, 2.0, 2.0, 2.0, 2.0, 4.0, 2.0, 5.0, 1.0, 2.0, 2.0, 6.0, 6.0, 3.0, 4.0, 3.0], [2.0, 5.0, 2.0, 2.0, 3.0, 2.0, 5.0, 2.0, 2.0, 2.0, 1.0, 2.0, 2.0, 6.0, 2.0, 1.0, 2.0, 3.0, 3.0, 2.0, 3.0, 3.0, 2.0, 2.0, 5.0, 2.0, 2.0, 1.0, 2.0, 2.0, 2.0, 4.0, 2.0, 3.0, 1.0, 2.0, 2.0, 6.0, 6.0, 3.0, 4.0, 3.0], [1.0, 5.0, 2.0, 2.0, 3.0, 2.0, 5.0, 2.0, 2.0, 2.0, 1.0, 2.0, 2.0, 6.0, 2.0, 1.0, 2.0, 3.0, 3.0, 2.0, 2.0, 5.0, 3.0, 2.0, 4.0, 2.0, 2.0, 2.0, 2.0, 2.0, 2.0, 4.0, 2.0, 3.0, 1.0, 2.0, 2.0, 6.0, 6.0, 3.0, 4.0, 3.0], [2.0, 3.0, 3.0, 2.0, 3.0, 2.0, 3.0, 3.0, 2.0, 2.0, 2.0, 3.0, 2.0, 6.0, 2.0, 1.0, 2.0, 3.0, 3.0, 2.0, 3.0, 5.0, 2.0, 3.0, 4.0, 2.0, 2.0, 1.0, 2.0, 2.0, 2.0, 4.0, 2.0, 3.0, 1.0, 2.0, 2.0, 6.0, 6.0, 3.0, 4.0, 2.0], [2.0, 6.0, 2.0, 3.0, 3.0, 2.0, 6.0, 3.0, 2.0, 2.0, 1.0, 2.0, 2.0, 6.0, 2.0, 1.0, 2.0, 3.0, 3.0, 2.0, 2.0, 5.0, 3.0, 2.0, 6.0, 2.0, 2.0, 2.0, 2.0, 2.0, 2.0, 4.0, 2.0, 5.0, 1.0, 2.0, 2.0, 6.0, 6.0, 3.0, 4.0, 3.0], [1.0, 6.0, 2.0, 2.0, 3.0, 2.0, 6.0, 3.0, 2.0, 2.0, 1.0, 2.0, 1.0, 6.0, 2.0, 1.0, 2.0, 3.0, 3.0, 2.0, 3.0, 5.0, 3.0, 4.0, 3.0, 2.0, 2.0, 2.0, 2.0, 2.0, 2.0, 4.0, 2.0, 3.0, 1.0, 2.0, 2.0, 6.0, 6.0, 2.0, 4.0, 2.0], [2.0, 6.0, 2.0, 2.0, 3.0, 2.0, 6.0, 3.0, 2.0, 2.0, 1.0, 2.0, 2.0, 6.0, 2.0, 1.0, 1.0, 3.0, 3.0, 2.0, 3.0, 5.0, 3.0, 2.0, 3.0, 2.0, 2.0, 2.0, 2.0, 2.0, 2.0, 4.0, 2.0, 3.0, 1.0, 2.0, 2.0, 6.0, 6.0, 3.0, 4.0, 3.0], [1.0, 6.0, 2.0, 2.0, 3.0, 2.0, 6.0, 3.0, 2.0, 2.0, 2.0, 2.0, 2.0, 6.0, 2.0, 1.0, 2.0, 3.0, 3.0, 2.0, 3.0, 5.0, 3.0, 2.0, 4.0, 2.0, 2.0, 2.0, 2.0, 2.0, 2.0, 4.0, 2.0, 3.0, 1.0, 2.0, 2.0, 6.0, 6.0, 3.0, 3.0, 3.0], [2.0, 3.0, 2.0, 2.0, 3.0, 2.0, 6.0, 3.0, 2.0, 2.0, 1.0, 2.0, 2.0, 6.0, 2.0, 1.0, 2.0, 3.0, 3.0, 2.0, 2.0, 3.0, 2.0, 2.0, 4.0, 2.0, 2.0, 2.0, 2.0, 2.0, 2.0, 4.0, 2.0, 3.0, 1.0, 2.0, 2.0, 6.0, 6.0, 3.0, 4.0, 3.0], [2.0, 6.0, 2.0, 2.0, 3.0, 2.0, 3.0, 3.0, 2.0, 3.0, 1.0, 2.0, 2.0, 6.0, 2.0, 1.0, 2.0, 3.0, 3.0, 2.0, 2.0, 3.0, 3.0, 2.0, 3.0, 2.0, 2.0, 1.0, 2.0, 2.0, 2.0, 4.0, 2.0, 3.0, 1.0, 2.0, 2.0, 6.0, 6.0, 3.0, 4.0, 3.0], [2.0, 3.0, 2.0, 2.0, 3.0, 2.0, 6.0, 2.0, 2.0, 2.0, 2.0, 2.0, 2.0, 6.0, 2.0, 1.0, 2.0, 2.0, 2.0, 2.0, 3.0, 3.0, 2.0, 2.0, 6.0, 2.0, 2.0, 1.0, 2.0, 2.0, 2.0, 4.0, 2.0, 2.0, 1.0, 2.0, 2.0, 6.0, 6.0, 3.0, 4.0, 3.0], [2.0, 5.0, 2.0, 2.0, 3.0, 2.0, 5.0, 3.0, 2.0, 2.0, 1.0, 2.0, 2.0, 6.0, 2.0, 1.0, 1.0, 3.0, 3.0, 2.0, 3.0, 3.0, 3.0, 2.0, 6.0, 2.0, 2.0, 2.0, 2.0, 3.0, 2.0, 4.0, 2.0, 3.0, 1.0, 2.0, 2.0, 6.0, 6.0, 3.0, 4.0, 3.0], [2.0, 3.0, 2.0, 2.0, 3.0, 2.0, 5.0, 3.0, 2.0, 2.0, 2.0, 2.0, 1.0, 6.0, 2.0, 1.0, 2.0, 2.0, 3.0, 2.0, 2.0, 5.0, 3.0, 3.0, 4.0, 2.0, 2.0, 2.0, 2.0, 2.0, 2.0, 4.0, 2.0, 3.0, 1.0, 2.0, 2.0, 6.0, 6.0, 3.0, 4.0, 3.0], [2.0, 6.0, 2.0, 2.0, 3.0, 2.0, 5.0, 3.0, 2.0, 2.0, 2.0, 3.0, 2.0, 6.0, 2.0, 1.0, 2.0, 2.0, 3.0, 2.0, 3.0, 3.0, 3.0, 2.0, 4.0, 2.0, 2.0, 2.0, 2.0, 2.0, 2.0, 4.0, 2.0, 3.0, 1.0, 2.0, 2.0, 6.0, 6.0, 3.0, 4.0, 2.0], [2.0, 6.0, 2.0, 2.0, 3.0, 2.0, 5.0, 2.0, 2.0, 2.0, 1.0, 2.0, 2.0, 6.0, 2.0, 1.0, 2.0, 3.0, 3.0, 2.0, 2.0, 5.0, 3.0, 2.0, 4.0, 2.0, 2.0, 2.0, 2.0, 2.0, 2.0, 4.0, 2.0, 3.0, 1.0, 2.0, 2.0, 6.0, 6.0, 3.0, 4.0, 3.0], [2.0, 6.0, 2.0, 2.0, 3.0, 2.0, 6.0, 3.0, 2.0, 2.0, 1.0, 2.0, 2.0, 6.0, 2.0, 1.0, 2.0, 3.0, 3.0, 2.0, 2.0, 3.0, 3.0, 3.0, 6.0, 2.0, 2.0, 2.0, 2.0, 2.0, 2.0, 4.0, 2.0, 3.0, 1.0, 2.0, 2.0, 6.0, 6.0, 3.0, 4.0, 3.0], [2.0, 6.0, 3.0, 2.0, 3.0, 2.0, 6.0, 3.0, 2.0, 2.0, 1.0, 2.0, 2.0, 6.0, 2.0, 1.0, 2.0, 2.0, 3.0, 2.0, 3.0, 3.0, 3.0, 2.0, 5.0, 2.0, 2.0, 1.0, 2.0, 2.0, 2.0, 4.0, 3.0, 3.0, 1.0, 2.0, 2.0, 6.0, 6.0, 3.0, 4.0, 3.0], [2.0, 6.0, 2.0, 2.0, 3.0, 2.0, 5.0, 3.0, 2.0, 2.0, 1.0, 2.0, 2.0, 6.0, 2.0, 1.0, 2.0, 3.0, 3.0, 2.0, 3.0, 5.0, 3.0, 3.0, 4.0, 2.0, 2.0, 2.0, 2.0, 2.0, 2.0, 4.0, 2.0, 3.0, 1.0, 2.0, 2.0, 6.0, 6.0, 3.0, 4.0, 3.0], [2.0, 6.0, 2.0, 2.0, 3.0, 2.0, 6.0, 3.0, 2.0, 2.0, 1.0, 3.0, 2.0, 6.0, 2.0, 1.0, 2.0, 3.0, 3.0, 2.0, 3.0, 5.0, 3.0, 2.0, 4.0, 2.0, 2.0, 2.0, 2.0, 2.0, 2.0, 4.0, 2.0, 3.0, 1.0, 2.0, 2.0, 6.0, 6.0, 3.0, 4.0, 3.0], [2.0, 5.0, 2.0, 2.0, 3.0, 2.0, 5.0, 2.0, 2.0, 2.0, 1.0, 2.0, 2.0, 6.0, 2.0, 1.0, 2.0, 3.0, 3.0, 2.0, 2.0, 5.0, 3.0, 2.0, 4.0, 2.0, 2.0, 2.0, 2.0, 2.0, 2.0, 4.0, 3.0, 3.0, 1.0, 2.0, 2.0, 6.0, 6.0, 3.0, 4.0, 2.0], [2.0, 6.0, 2.0, 2.0, 3.0, 2.0, 6.0, 3.0, 2.0, 2.0, 1.0, 2.0, 2.0, 6.0, 2.0, 1.0, 2.0, 3.0, 3.0, 2.0, 2.0, 3.0, 3.0, 2.0, 3.0, 2.0, 2.0, 2.0, 2.0, 2.0, 2.0, 4.0, 2.0, 3.0, 1.0, 2.0, 2.0, 6.0, 6.0, 2.0, 4.0, 3.0], [2.0, 6.0, 2.0, 2.0, 3.0, 2.0, 5.0, 2.0, 2.0, 2.0, 1.0, 2.0, 2.0, 6.0, 2.0, 1.0, 2.0, 3.0, 3.0, 2.0, 3.0, 3.0, 3.0, 3.0, 5.0, 2.0, 2.0, 2.0, 2.0, 2.0, 2.0, 4.0, 2.0, 3.0, 1.0, 2.0, 2.0, 6.0, 6.0, 3.0, 4.0, 2.0], [2.0, 6.0, 2.0, 2.0, 3.0, 2.0, 5.0, 2.0, 2.0, 2.0, 1.0, 2.0, 2.0, 6.0, 2.0, 1.0, 2.0, 3.0, 3.0, 2.0, 3.0, 3.0, 2.0, 2.0, 6.0, 2.0, 2.0, 2.0, 2.0, 2.0, 2.0, 4.0, 3.0, 5.0, 1.0, 2.0, 2.0, 6.0, 6.0, 3.0, 4.0, 3.0], [1.0, 6.0, 2.0, 2.0, 3.0, 2.0, 6.0, 2.0, 2.0, 2.0, 1.0, 2.0, 2.0, 6.0, 2.0, 1.0, 2.0, 2.0, 3.0, 2.0, 2.0, 3.0, 2.0, 2.0, 3.0, 2.0, 2.0, 1.0, 2.0, 2.0, 2.0, 4.0, 2.0, 5.0, 1.0, 2.0, 2.0, 6.0, 6.0, 3.0, 4.0, 3.0], [2.0, 6.0, 2.0, 2.0, 3.0, 2.0, 3.0, 3.0, 2.0, 2.0, 1.0, 2.0, 2.0, 6.0, 2.0, 1.0, 1.0, 3.0, 3.0, 2.0, 3.0, 3.0, 3.0, 3.0, 4.0, 2.0, 2.0, 2.0, 2.0, 2.0, 2.0, 4.0, 2.0, 3.0, 1.0, 2.0, 2.0, 6.0, 6.0, 3.0, 4.0, 3.0], [2.0, 6.0, 2.0, 2.0, 3.0, 2.0, 6.0, 3.0, 2.0, 2.0, 1.0, 3.0, 2.0, 6.0, 2.0, 1.0, 2.0, 3.0, 2.0, 2.0, 2.0, 5.0, 3.0, 2.0, 4.0, 2.0, 2.0, 2.0, 2.0, 2.0, 2.0, 4.0, 2.0, 4.0, 1.0, 2.0, 2.0, 6.0, 6.0, 3.0, 3.0, 3.0]]

first layer check: Conv2d(9, 64, kernel_size=(7, 7), stride=(2, 2), padding=(3, 3), bias=False)

for model 4: mode acc: 0.5476190447807312, run mean acc: 0.5100000500679016, top-2 acc:0.7699999809265137, mode f1: 0.5476190447807312

model 4 mode preds
[2.0, 6.0, 3.0, 2.0, 3.0, 2.0, 6.0, 3.0, 2.0, 1.0, 1.0, 2.0, 1.0, 6.0, 2.0, 1.0, 2.0, 2.0, 3.0, 2.0, 2.0, 5.0, 3.0, 3.0, 5.0, 2.0, 1.0, 2.0, 2.0, 2.0, 2.0, 5.0, 2.0, 3.0, 2.0, 2.0, 2.0, 6.0, 6.0, 2.0, 6.0, 3.0]

model 4 all preds
[[2.0, 6.0, 2.0, 2.0, 3.0, 2.0, 6.0, 3.0, 2.0, 1.0, 1.0, 2.0, 1.0, 6.0, 2.0, 1.0, 2.0, 2.0, 3.0, 3.0, 2.0, 5.0, 3.0, 2.0, 6.0, 2.0, 2.0, 1.0, 2.0, 2.0, 2.0, 5.0, 2.0, 3.0, 2.0, 2.0, 2.0, 6.0, 6.0, 2.0, 6.0, 3.0], [2.0, 6.0, 3.0, 2.0, 3.0, 2.0, 3.0, 3.0, 2.0, 1.0, 1.0, 2.0, 1.0, 6.0, 2.0, 1.0, 2.0, 2.0, 3.0, 2.0, 2.0, 6.0, 3.0, 3.0, 6.0, 2.0, 2.0, 2.0, 2.0, 2.0, 2.0, 5.0, 2.0, 3.0, 2.0, 2.0, 2.0, 6.0, 6.0, 3.0, 6.0, 3.0], [2.0, 5.0, 2.0, 2.0, 2.0, 2.0, 3.0, 2.0, 2.0, 1.0, 1.0, 2.0, 1.0, 6.0, 2.0, 1.0, 2.0, 2.0, 3.0, 2.0, 2.0, 5.0, 3.0, 2.0, 3.0, 2.0, 1.0, 2.0, 2.0, 3.0, 2.0, 5.0, 3.0, 3.0, 2.0, 2.0, 2.0, 6.0, 6.0, 2.0, 6.0, 3.0], [2.0, 3.0, 3.0, 2.0, 3.0, 2.0, 3.0, 3.0, 2.0, 2.0, 1.0, 2.0, 1.0, 6.0, 2.0, 1.0, 2.0, 2.0, 3.0, 2.0, 2.0, 5.0, 3.0, 2.0, 5.0, 2.0, 2.0, 2.0, 2.0, 2.0, 2.0, 5.0, 2.0, 3.0, 2.0, 2.0, 2.0, 6.0, 6.0, 2.0, 6.0, 3.0], [2.0, 6.0, 2.0, 2.0, 3.0, 2.0, 6.0, 3.0, 2.0, 2.0, 1.0, 2.0, 1.0, 6.0, 2.0, 1.0, 2.0, 2.0, 3.0, 2.0, 2.0, 5.0, 2.0, 3.0, 6.0, 2.0, 2.0, 2.0, 2.0, 2.0, 2.0, 3.0, 2.0, 3.0, 1.0, 2.0, 2.0, 6.0, 6.0, 2.0, 6.0, 3.0], [2.0, 5.0, 2.0, 2.0, 2.0, 1.0, 6.0, 2.0, 2.0, 1.0, 1.0, 2.0, 1.0, 6.0, 2.0, 1.0, 2.0, 2.0, 3.0, 2.0, 3.0, 3.0, 3.0, 2.0, 5.0, 2.0, 2.0, 2.0, 2.0, 2.0, 2.0, 5.0, 2.0, 3.0, 2.0, 2.0, 2.0, 6.0, 3.0, 2.0, 6.0, 3.0], [2.0, 5.0, 3.0, 1.0, 3.0, 2.0, 6.0, 3.0, 2.0, 1.0, 1.0, 2.0, 1.0, 6.0, 2.0, 1.0, 2.0, 2.0, 3.0, 2.0, 2.0, 3.0, 3.0, 3.0, 6.0, 2.0, 2.0, 1.0, 2.0, 2.0, 2.0, 5.0, 2.0, 3.0, 2.0, 2.0, 2.0, 6.0, 6.0, 2.0, 6.0, 3.0], [2.0, 6.0, 2.0, 2.0, 3.0, 2.0, 5.0, 2.0, 2.0, 1.0, 1.0, 2.0, 1.0, 6.0, 2.0, 1.0, 2.0, 2.0, 3.0, 2.0, 2.0, 5.0, 2.0, 3.0, 5.0, 2.0, 2.0, 2.0, 2.0, 2.0, 2.0, 5.0, 3.0, 3.0, 2.0, 2.0, 2.0, 6.0, 6.0, 2.0, 6.0, 3.0], [2.0, 6.0, 3.0, 2.0, 3.0, 2.0, 6.0, 2.0, 2.0, 1.0, 1.0, 2.0, 1.0, 6.0, 2.0, 1.0, 2.0, 2.0, 3.0, 2.0, 2.0, 5.0, 3.0, 3.0, 6.0, 2.0, 1.0, 2.0, 2.0, 2.0, 2.0, 5.0, 2.0, 3.0, 2.0, 2.0, 2.0, 6.0, 6.0, 2.0, 6.0, 3.0], [1.0, 6.0, 3.0, 2.0, 3.0, 2.0, 3.0, 2.0, 2.0, 1.0, 1.0, 2.0, 1.0, 6.0, 2.0, 1.0, 2.0, 2.0, 3.0, 2.0, 2.0, 5.0, 3.0, 2.0, 5.0, 2.0, 2.0, 2.0, 2.0, 2.0, 2.0, 3.0, 3.0, 5.0, 1.0, 2.0, 2.0, 6.0, 6.0, 3.0, 6.0, 3.0], [2.0, 6.0, 3.0, 2.0, 2.0, 2.0, 6.0, 5.0, 2.0, 1.0, 1.0, 2.0, 1.0, 6.0, 2.0, 1.0, 2.0, 2.0, 3.0, 2.0, 2.0, 6.0, 3.0, 3.0, 5.0, 2.0, 1.0, 2.0, 2.0, 2.0, 2.0, 5.0, 2.0, 3.0, 2.0, 2.0, 2.0, 6.0, 6.0, 2.0, 6.0, 3.0], [2.0, 5.0, 2.0, 2.0, 3.0, 2.0, 5.0, 3.0, 2.0, 1.0, 1.0, 2.0, 1.0, 6.0, 2.0, 1.0, 2.0, 2.0, 3.0, 2.0, 2.0, 5.0, 3.0, 2.0, 5.0, 2.0, 1.0, 1.0, 2.0, 2.0, 2.0, 5.0, 2.0, 3.0, 2.0, 2.0, 2.0, 6.0, 6.0, 2.0, 6.0, 3.0], [1.0, 6.0, 2.0, 2.0, 3.0, 2.0, 6.0, 3.0, 2.0, 1.0, 1.0, 2.0, 1.0, 6.0, 2.0, 1.0, 2.0, 2.0, 3.0, 2.0, 2.0, 5.0, 5.0, 2.0, 6.0, 2.0, 1.0, 1.0, 2.0, 2.0, 2.0, 4.0, 3.0, 3.0, 2.0, 2.0, 2.0, 6.0, 5.0, 2.0, 5.0, 2.0], [2.0, 6.0, 2.0, 2.0, 3.0, 2.0, 6.0, 3.0, 2.0, 1.0, 1.0, 3.0, 1.0, 6.0, 2.0, 1.0, 2.0, 2.0, 3.0, 2.0, 2.0, 5.0, 3.0, 2.0, 5.0, 2.0, 2.0, 1.0, 2.0, 2.0, 2.0, 5.0, 3.0, 3.0, 2.0, 2.0, 2.0, 6.0, 6.0, 2.0, 6.0, 2.0], [2.0, 6.0, 3.0, 2.0, 3.0, 2.0, 6.0, 3.0, 2.0, 1.0, 1.0, 3.0, 1.0, 6.0, 2.0, 1.0, 2.0, 2.0, 3.0, 3.0, 3.0, 5.0, 3.0, 2.0, 5.0, 2.0, 1.0, 2.0, 2.0, 3.0, 2.0, 4.0, 2.0, 3.0, 2.0, 2.0, 2.0, 6.0, 6.0, 2.0, 6.0, 3.0], [2.0, 5.0, 2.0, 2.0, 3.0, 2.0, 6.0, 3.0, 2.0, 2.0, 1.0, 3.0, 1.0, 6.0, 2.0, 1.0, 2.0, 2.0, 3.0, 3.0, 2.0, 3.0, 3.0, 2.0, 5.0, 2.0, 2.0, 1.0, 2.0, 2.0, 2.0, 5.0, 3.0, 3.0, 2.0, 2.0, 2.0, 6.0, 6.0, 3.0, 6.0, 3.0], [2.0, 5.0, 2.0, 2.0, 3.0, 2.0, 6.0, 2.0, 2.0, 1.0, 1.0, 2.0, 1.0, 6.0, 2.0, 1.0, 2.0, 2.0, 3.0, 2.0, 2.0, 5.0, 2.0, 2.0, 6.0, 2.0, 2.0, 1.0, 2.0, 3.0, 2.0, 5.0, 3.0, 3.0, 2.0, 2.0, 2.0, 6.0, 6.0, 2.0, 6.0, 3.0], [2.0, 5.0, 2.0, 2.0, 2.0, 2.0, 6.0, 3.0, 2.0, 1.0, 1.0, 2.0, 1.0, 6.0, 1.0, 1.0, 2.0, 2.0, 3.0, 2.0, 2.0, 5.0, 3.0, 3.0, 3.0, 2.0, 1.0, 2.0, 2.0, 2.0, 2.0, 5.0, 2.0, 3.0, 2.0, 2.0, 2.0, 6.0, 6.0, 2.0, 6.0, 3.0], [2.0, 6.0, 3.0, 1.0, 3.0, 2.0, 6.0, 2.0, 2.0, 2.0, 1.0, 2.0, 1.0, 6.0, 2.0, 1.0, 2.0, 2.0, 3.0, 2.0, 2.0, 5.0, 3.0, 2.0, 5.0, 2.0, 1.0, 2.0, 2.0, 2.0, 2.0, 4.0, 2.0, 5.0, 2.0, 2.0, 2.0, 6.0, 6.0, 3.0, 6.0, 3.0], [2.0, 6.0, 3.0, 2.0, 3.0, 2.0, 6.0, 3.0, 2.0, 1.0, 1.0, 2.0, 1.0, 6.0, 2.0, 1.0, 2.0, 2.0, 3.0, 2.0, 2.0, 6.0, 2.0, 2.0, 6.0, 2.0, 2.0, 2.0, 2.0, 3.0, 2.0, 6.0, 2.0, 3.0, 2.0, 2.0, 2.0, 6.0, 6.0, 3.0, 6.0, 3.0], [2.0, 6.0, 2.0, 2.0, 3.0, 2.0, 6.0, 3.0, 2.0, 2.0, 1.0, 3.0, 1.0, 6.0, 2.0, 1.0, 2.0, 2.0, 3.0, 2.0, 2.0, 5.0, 3.0, 3.0, 5.0, 2.0, 1.0, 1.0, 2.0, 2.0, 2.0, 5.0, 3.0, 2.0, 2.0, 2.0, 2.0, 6.0, 6.0, 2.0, 6.0, 3.0], [2.0, 5.0, 2.0, 1.0, 3.0, 2.0, 6.0, 2.0, 2.0, 1.0, 1.0, 2.0, 1.0, 6.0, 2.0, 1.0, 2.0, 2.0, 3.0, 2.0, 3.0, 5.0, 3.0, 2.0, 3.0, 2.0, 2.0, 2.0, 2.0, 3.0, 2.0, 5.0, 2.0, 3.0, 2.0, 2.0, 2.0, 6.0, 6.0, 2.0, 5.0, 3.0], [1.0, 6.0, 2.0, 2.0, 3.0, 2.0, 6.0, 3.0, 2.0, 2.0, 1.0, 2.0, 1.0, 6.0, 2.0, 1.0, 2.0, 2.0, 3.0, 3.0, 3.0, 6.0, 3.0, 3.0, 6.0, 2.0, 2.0, 1.0, 2.0, 2.0, 2.0, 5.0, 2.0, 3.0, 2.0, 2.0, 2.0, 6.0, 6.0, 2.0, 6.0, 3.0], [2.0, 6.0, 3.0, 2.0, 3.0, 2.0, 6.0, 2.0, 2.0, 2.0, 1.0, 2.0, 1.0, 6.0, 2.0, 1.0, 2.0, 2.0, 3.0, 2.0, 2.0, 5.0, 2.0, 3.0, 5.0, 2.0, 2.0, 2.0, 2.0, 3.0, 2.0, 4.0, 2.0, 3.0, 2.0, 2.0, 2.0, 6.0, 6.0, 2.0, 6.0, 3.0], [1.0, 6.0, 2.0, 2.0, 3.0, 2.0, 6.0, 2.0, 2.0, 2.0, 1.0, 2.0, 1.0, 6.0, 2.0, 1.0, 2.0, 2.0, 3.0, 2.0, 2.0, 5.0, 3.0, 3.0, 5.0, 2.0, 1.0, 1.0, 2.0, 2.0, 2.0, 5.0, 3.0, 3.0, 1.0, 2.0, 2.0, 6.0, 6.0, 2.0, 6.0, 3.0], [2.0, 5.0, 3.0, 2.0, 3.0, 2.0, 5.0, 3.0, 2.0, 2.0, 1.0, 2.0, 1.0, 6.0, 2.0, 1.0, 2.0, 2.0, 3.0, 2.0, 3.0, 3.0, 3.0, 3.0, 6.0, 2.0, 1.0, 1.0, 2.0, 2.0, 2.0, 4.0, 2.0, 3.0, 2.0, 2.0, 2.0, 6.0, 6.0, 2.0, 6.0, 3.0], [2.0, 5.0, 3.0, 2.0, 2.0, 2.0, 6.0, 2.0, 2.0, 1.0, 1.0, 2.0, 1.0, 6.0, 2.0, 1.0, 2.0, 2.0, 3.0, 2.0, 2.0, 6.0, 3.0, 2.0, 6.0, 2.0, 1.0, 2.0, 2.0, 2.0, 2.0, 5.0, 2.0, 3.0, 2.0, 2.0, 2.0, 6.0, 6.0, 2.0, 6.0, 3.0], [1.0, 6.0, 3.0, 2.0, 3.0, 2.0, 6.0, 3.0, 2.0, 2.0, 1.0, 3.0, 1.0, 6.0, 2.0, 1.0, 2.0, 2.0, 3.0, 3.0, 3.0, 5.0, 2.0, 3.0, 6.0, 2.0, 2.0, 2.0, 2.0, 2.0, 2.0, 5.0, 2.0, 3.0, 2.0, 2.0, 2.0, 6.0, 6.0, 2.0, 5.0, 3.0], [2.0, 6.0, 3.0, 1.0, 3.0, 1.0, 6.0, 3.0, 2.0, 2.0, 1.0, 2.0, 1.0, 6.0, 2.0, 1.0, 2.0, 2.0, 3.0, 3.0, 3.0, 3.0, 3.0, 3.0, 5.0, 2.0, 1.0, 2.0, 2.0, 2.0, 2.0, 5.0, 2.0, 3.0, 2.0, 2.0, 2.0, 6.0, 6.0, 3.0, 5.0, 3.0], [2.0, 6.0, 3.0, 2.0, 3.0, 2.0, 3.0, 3.0, 2.0, 2.0, 1.0, 2.0, 1.0, 6.0, 2.0, 1.0, 2.0, 2.0, 3.0, 2.0, 2.0, 6.0, 3.0, 2.0, 5.0, 2.0, 1.0, 2.0, 2.0, 2.0, 2.0, 6.0, 2.0, 3.0, 2.0, 2.0, 2.0, 6.0, 6.0, 2.0, 6.0, 3.0], [1.0, 6.0, 3.0, 2.0, 2.0, 2.0, 6.0, 3.0, 2.0, 1.0, 1.0, 2.0, 1.0, 6.0, 2.0, 1.0, 2.0, 2.0, 3.0, 2.0, 2.0, 6.0, 3.0, 2.0, 5.0, 2.0, 1.0, 1.0, 2.0, 2.0, 2.0, 5.0, 3.0, 5.0, 2.0, 2.0, 2.0, 6.0, 6.0, 2.0, 6.0, 3.0], [2.0, 6.0, 3.0, 2.0, 3.0, 2.0, 6.0, 3.0, 2.0, 1.0, 1.0, 2.0, 1.0, 6.0, 2.0, 1.0, 2.0, 2.0, 3.0, 2.0, 2.0, 5.0, 3.0, 3.0, 5.0, 2.0, 1.0, 1.0, 2.0, 3.0, 2.0, 5.0, 2.0, 3.0, 1.0, 2.0, 2.0, 6.0, 6.0, 2.0, 6.0, 3.0], [2.0, 6.0, 3.0, 2.0, 3.0, 2.0, 3.0, 2.0, 2.0, 2.0, 1.0, 2.0, 1.0, 6.0, 2.0, 1.0, 2.0, 2.0, 3.0, 2.0, 2.0, 5.0, 3.0, 2.0, 5.0, 2.0, 1.0, 1.0, 2.0, 3.0, 2.0, 5.0, 2.0, 3.0, 2.0, 2.0, 2.0, 6.0, 6.0, 2.0, 6.0, 3.0], [2.0, 5.0, 3.0, 2.0, 3.0, 2.0, 3.0, 3.0, 2.0, 1.0, 1.0, 2.0, 1.0, 6.0, 2.0, 1.0, 2.0, 2.0, 3.0, 2.0, 2.0, 5.0, 3.0, 2.0, 5.0, 2.0, 1.0, 2.0, 2.0, 2.0, 2.0, 2.0, 2.0, 3.0, 1.0, 2.0, 2.0, 6.0, 6.0, 2.0, 6.0, 3.0], [1.0, 6.0, 2.0, 2.0, 3.0, 2.0, 6.0, 3.0, 2.0, 2.0, 1.0, 2.0, 1.0, 6.0, 2.0, 1.0, 2.0, 2.0, 3.0, 2.0, 2.0, 5.0, 2.0, 3.0, 6.0, 2.0, 2.0, 1.0, 2.0, 3.0, 2.0, 5.0, 2.0, 3.0, 2.0, 2.0, 2.0, 6.0, 6.0, 2.0, 6.0, 3.0], [2.0, 6.0, 2.0, 1.0, 3.0, 2.0, 6.0, 5.0, 2.0, 1.0, 1.0, 2.0, 1.0, 6.0, 2.0, 1.0, 2.0, 2.0, 3.0, 2.0, 3.0, 6.0, 3.0, 3.0, 5.0, 2.0, 1.0, 2.0, 2.0, 2.0, 2.0, 4.0, 2.0, 3.0, 2.0, 2.0, 2.0, 6.0, 6.0, 3.0, 6.0, 3.0], [1.0, 5.0, 3.0, 2.0, 3.0, 2.0, 6.0, 2.0, 2.0, 1.0, 1.0, 2.0, 1.0, 6.0, 2.0, 1.0, 2.0, 2.0, 3.0, 2.0, 2.0, 5.0, 3.0, 2.0, 5.0, 2.0, 1.0, 2.0, 2.0, 2.0, 2.0, 5.0, 2.0, 3.0, 2.0, 2.0, 2.0, 6.0, 6.0, 2.0, 6.0, 3.0], [2.0, 6.0, 2.0, 1.0, 3.0, 2.0, 6.0, 3.0, 2.0, 1.0, 1.0, 2.0, 1.0, 6.0, 2.0, 1.0, 2.0, 2.0, 3.0, 2.0, 2.0, 5.0, 3.0, 3.0, 3.0, 2.0, 2.0, 2.0, 2.0, 2.0, 2.0, 5.0, 2.0, 3.0, 2.0, 2.0, 2.0, 6.0, 6.0, 2.0, 5.0, 3.0], [1.0, 6.0, 3.0, 1.0, 3.0, 2.0, 6.0, 2.0, 2.0, 1.0, 1.0, 2.0, 1.0, 6.0, 2.0, 1.0, 2.0, 2.0, 3.0, 2.0, 2.0, 5.0, 2.0, 3.0, 5.0, 2.0, 2.0, 2.0, 2.0, 2.0, 2.0, 5.0, 2.0, 3.0, 2.0, 2.0, 2.0, 6.0, 6.0, 2.0, 6.0, 3.0], [2.0, 6.0, 3.0, 2.0, 3.0, 2.0, 6.0, 3.0, 2.0, 1.0, 1.0, 3.0, 1.0, 6.0, 2.0, 1.0, 2.0, 2.0, 3.0, 2.0, 2.0, 3.0, 3.0, 3.0, 3.0, 2.0, 1.0, 1.0, 2.0, 2.0, 2.0, 5.0, 3.0, 3.0, 2.0, 2.0, 2.0, 6.0, 6.0, 3.0, 6.0, 3.0], [1.0, 5.0, 3.0, 2.0, 3.0, 2.0, 6.0, 2.0, 2.0, 2.0, 1.0, 2.0, 1.0, 6.0, 2.0, 1.0, 2.0, 2.0, 3.0, 3.0, 2.0, 5.0, 3.0, 3.0, 5.0, 2.0, 2.0, 2.0, 2.0, 2.0, 2.0, 5.0, 3.0, 3.0, 2.0, 2.0, 2.0, 6.0, 6.0, 2.0, 5.0, 3.0], [2.0, 6.0, 3.0, 2.0, 3.0, 2.0, 3.0, 2.0, 2.0, 2.0, 1.0, 2.0, 1.0, 6.0, 2.0, 1.0, 2.0, 2.0, 3.0, 3.0, 2.0, 5.0, 3.0, 2.0, 5.0, 2.0, 1.0, 2.0, 2.0, 2.0, 2.0, 5.0, 2.0, 3.0, 2.0, 2.0, 2.0, 6.0, 6.0, 2.0, 5.0, 3.0], [2.0, 5.0, 2.0, 1.0, 3.0, 2.0, 6.0, 3.0, 2.0, 1.0, 1.0, 2.0, 1.0, 6.0, 2.0, 1.0, 2.0, 2.0, 3.0, 2.0, 2.0, 5.0, 3.0, 3.0, 6.0, 2.0, 2.0, 2.0, 2.0, 2.0, 2.0, 5.0, 2.0, 3.0, 2.0, 2.0, 2.0, 6.0, 6.0, 2.0, 5.0, 3.0], [2.0, 6.0, 3.0, 2.0, 3.0, 2.0, 6.0, 5.0, 2.0, 2.0, 1.0, 2.0, 1.0, 6.0, 2.0, 1.0, 2.0, 2.0, 3.0, 2.0, 2.0, 5.0, 2.0, 3.0, 5.0, 2.0, 1.0, 1.0, 2.0, 3.0, 2.0, 5.0, 2.0, 3.0, 2.0, 2.0, 2.0, 6.0, 6.0, 3.0, 6.0, 3.0], [2.0, 5.0, 2.0, 2.0, 3.0, 2.0, 6.0, 2.0, 2.0, 1.0, 1.0, 3.0, 1.0, 6.0, 2.0, 1.0, 2.0, 2.0, 3.0, 2.0, 2.0, 5.0, 5.0, 3.0, 6.0, 2.0, 2.0, 1.0, 2.0, 2.0, 2.0, 5.0, 3.0, 3.0, 1.0, 2.0, 2.0, 6.0, 5.0, 3.0, 6.0, 3.0], [2.0, 6.0, 2.0, 2.0, 3.0, 2.0, 6.0, 2.0, 2.0, 1.0, 1.0, 2.0, 1.0, 6.0, 2.0, 1.0, 2.0, 2.0, 3.0, 2.0, 2.0, 3.0, 3.0, 2.0, 5.0, 2.0, 2.0, 2.0, 2.0, 2.0, 2.0, 5.0, 2.0, 3.0, 2.0, 2.0, 2.0, 6.0, 6.0, 2.0, 6.0, 3.0], [1.0, 6.0, 2.0, 2.0, 3.0, 2.0, 6.0, 2.0, 2.0, 2.0, 1.0, 2.0, 1.0, 6.0, 2.0, 1.0, 2.0, 2.0, 3.0, 2.0, 2.0, 3.0, 3.0, 3.0, 3.0, 2.0, 1.0, 2.0, 2.0, 2.0, 2.0, 5.0, 2.0, 3.0, 2.0, 2.0, 2.0, 6.0, 6.0, 2.0, 6.0, 3.0], [1.0, 6.0, 2.0, 2.0, 3.0, 2.0, 6.0, 2.0, 2.0, 1.0, 1.0, 2.0, 1.0, 6.0, 2.0, 1.0, 2.0, 2.0, 3.0, 3.0, 2.0, 3.0, 3.0, 3.0, 3.0, 2.0, 2.0, 2.0, 2.0, 2.0, 2.0, 5.0, 3.0, 3.0, 2.0, 2.0, 2.0, 6.0, 6.0, 2.0, 6.0, 2.0], [2.0, 5.0, 2.0, 2.0, 3.0, 2.0, 5.0, 3.0, 2.0, 2.0, 1.0, 2.0, 1.0, 6.0, 2.0, 1.0, 2.0, 2.0, 3.0, 2.0, 2.0, 5.0, 2.0, 2.0, 5.0, 2.0, 1.0, 2.0, 2.0, 2.0, 2.0, 5.0, 3.0, 3.0, 2.0, 2.0, 2.0, 6.0, 6.0, 2.0, 6.0, 3.0], [1.0, 6.0, 3.0, 2.0, 3.0, 2.0, 6.0, 2.0, 2.0, 2.0, 1.0, 2.0, 1.0, 6.0, 2.0, 1.0, 2.0, 2.0, 3.0, 2.0, 2.0, 3.0, 3.0, 3.0, 5.0, 2.0, 2.0, 2.0, 2.0, 3.0, 2.0, 5.0, 3.0, 5.0, 2.0, 2.0, 2.0, 6.0, 6.0, 3.0, 6.0, 3.0]]

