first layer check: Conv2d(9, 64, kernel_size=(7, 7), stride=(2, 2), padding=(3, 3), bias=False)

target ys
[3.0, 5.0, 5.0, 2.0, 6.0, 4.0, 2.0, 2.0, 3.0, 5.0, 3.0, 6.0, 0.0, 5.0, 2.0, 2.0, 1.0, 2.0, 3.0, 2.0, 2.0, 3.0, 6.0, 2.0, 2.0, 2.0, 2.0, 2.0, 2.0, 3.0, 5.0, 0.0, 6.0, 6.0, 1.0, 2.0, 2.0, 6.0, 2.0, 6.0, 3.0, 2.0]

for model 0: mode acc: 0.6428571343421936, run mean acc: 0.5820833444595337, top-2 acc:0.7966666221618652, mode f1: 0.6428571343421936

model 0 mode preds
[3.0, 3.0, 6.0, 2.0, 6.0, 4.0, 2.0, 2.0, 2.0, 6.0, 3.0, 6.0, 1.0, 6.0, 2.0, 2.0, 2.0, 3.0, 2.0, 2.0, 2.0, 6.0, 6.0, 2.0, 2.0, 6.0, 2.0, 2.0, 2.0, 4.0, 6.0, 2.0, 6.0, 6.0, 1.0, 2.0, 2.0, 6.0, 2.0, 6.0, 2.0, 2.0]

model 0 all preds
[[3.0, 3.0, 6.0, 2.0, 6.0, 4.0, 2.0, 2.0, 2.0, 6.0, 2.0, 6.0, 1.0, 6.0, 2.0, 2.0, 2.0, 3.0, 2.0, 2.0, 2.0, 6.0, 6.0, 2.0, 2.0, 6.0, 2.0, 4.0, 1.0, 4.0, 6.0, 2.0, 6.0, 6.0, 1.0, 2.0, 2.0, 6.0, 2.0, 6.0, 2.0, 2.0], [3.0, 3.0, 6.0, 2.0, 4.0, 6.0, 2.0, 2.0, 2.0, 6.0, 2.0, 6.0, 1.0, 4.0, 2.0, 2.0, 2.0, 3.0, 2.0, 1.0, 2.0, 6.0, 6.0, 2.0, 2.0, 6.0, 4.0, 4.0, 1.0, 4.0, 6.0, 2.0, 6.0, 6.0, 1.0, 2.0, 2.0, 6.0, 2.0, 6.0, 2.0, 2.0], [4.0, 3.0, 6.0, 2.0, 6.0, 6.0, 2.0, 2.0, 2.0, 4.0, 2.0, 6.0, 1.0, 6.0, 2.0, 2.0, 2.0, 4.0, 2.0, 2.0, 3.0, 6.0, 6.0, 2.0, 2.0, 6.0, 3.0, 3.0, 2.0, 4.0, 6.0, 1.0, 6.0, 6.0, 1.0, 2.0, 2.0, 6.0, 2.0, 4.0, 2.0, 2.0], [4.0, 4.0, 6.0, 2.0, 6.0, 3.0, 2.0, 2.0, 2.0, 6.0, 4.0, 6.0, 1.0, 4.0, 2.0, 2.0, 2.0, 4.0, 2.0, 2.0, 2.0, 6.0, 6.0, 4.0, 2.0, 6.0, 4.0, 3.0, 1.0, 4.0, 6.0, 1.0, 6.0, 6.0, 1.0, 2.0, 2.0, 6.0, 2.0, 6.0, 2.0, 2.0], [3.0, 4.0, 6.0, 2.0, 6.0, 6.0, 2.0, 2.0, 2.0, 6.0, 2.0, 6.0, 2.0, 6.0, 2.0, 2.0, 2.0, 4.0, 2.0, 2.0, 2.0, 3.0, 6.0, 2.0, 2.0, 6.0, 2.0, 2.0, 2.0, 4.0, 6.0, 2.0, 6.0, 6.0, 1.0, 2.0, 2.0, 6.0, 2.0, 6.0, 2.0, 2.0], [3.0, 4.0, 6.0, 2.0, 6.0, 4.0, 2.0, 2.0, 2.0, 6.0, 4.0, 6.0, 1.0, 6.0, 2.0, 1.0, 2.0, 3.0, 2.0, 2.0, 2.0, 6.0, 6.0, 2.0, 2.0, 6.0, 2.0, 2.0, 2.0, 4.0, 6.0, 2.0, 6.0, 6.0, 1.0, 2.0, 2.0, 6.0, 2.0, 6.0, 2.0, 2.0], [3.0, 4.0, 6.0, 2.0, 6.0, 3.0, 2.0, 2.0, 2.0, 6.0, 3.0, 6.0, 1.0, 4.0, 2.0, 2.0, 2.0, 3.0, 2.0, 2.0, 2.0, 6.0, 6.0, 2.0, 2.0, 6.0, 2.0, 4.0, 1.0, 4.0, 6.0, 2.0, 6.0, 6.0, 1.0, 2.0, 2.0, 6.0, 2.0, 6.0, 2.0, 2.0], [4.0, 6.0, 6.0, 2.0, 6.0, 3.0, 2.0, 2.0, 2.0, 6.0, 2.0, 6.0, 1.0, 4.0, 2.0, 2.0, 2.0, 4.0, 2.0, 2.0, 2.0, 6.0, 6.0, 2.0, 2.0, 6.0, 2.0, 3.0, 2.0, 4.0, 6.0, 1.0, 6.0, 6.0, 1.0, 2.0, 2.0, 6.0, 2.0, 6.0, 2.0, 2.0], [2.0, 3.0, 6.0, 2.0, 6.0, 4.0, 2.0, 2.0, 2.0, 6.0, 2.0, 6.0, 1.0, 6.0, 2.0, 2.0, 2.0, 3.0, 2.0, 2.0, 2.0, 6.0, 6.0, 2.0, 2.0, 6.0, 2.0, 2.0, 1.0, 4.0, 6.0, 2.0, 6.0, 6.0, 1.0, 2.0, 2.0, 6.0, 2.0, 6.0, 2.0, 2.0], [4.0, 3.0, 6.0, 2.0, 3.0, 6.0, 2.0, 2.0, 2.0, 6.0, 3.0, 6.0, 2.0, 6.0, 2.0, 2.0, 2.0, 2.0, 2.0, 2.0, 2.0, 6.0, 6.0, 2.0, 2.0, 6.0, 3.0, 3.0, 1.0, 4.0, 6.0, 2.0, 6.0, 6.0, 1.0, 2.0, 2.0, 4.0, 2.0, 6.0, 2.0, 2.0], [4.0, 3.0, 6.0, 2.0, 6.0, 4.0, 2.0, 2.0, 2.0, 3.0, 3.0, 6.0, 1.0, 6.0, 2.0, 2.0, 2.0, 4.0, 2.0, 2.0, 2.0, 6.0, 6.0, 2.0, 2.0, 6.0, 2.0, 4.0, 2.0, 4.0, 6.0, 2.0, 6.0, 6.0, 1.0, 2.0, 2.0, 4.0, 2.0, 6.0, 2.0, 2.0], [6.0, 6.0, 6.0, 2.0, 6.0, 4.0, 2.0, 2.0, 2.0, 6.0, 2.0, 6.0, 2.0, 6.0, 2.0, 2.0, 2.0, 3.0, 3.0, 2.0, 2.0, 6.0, 6.0, 2.0, 2.0, 6.0, 3.0, 4.0, 2.0, 4.0, 6.0, 2.0, 6.0, 6.0, 1.0, 2.0, 2.0, 6.0, 2.0, 6.0, 2.0, 2.0], [3.0, 4.0, 6.0, 2.0, 6.0, 6.0, 2.0, 2.0, 2.0, 6.0, 4.0, 6.0, 1.0, 6.0, 2.0, 2.0, 2.0, 4.0, 2.0, 2.0, 2.0, 6.0, 6.0, 2.0, 2.0, 6.0, 3.0, 3.0, 2.0, 4.0, 6.0, 2.0, 6.0, 6.0, 1.0, 2.0, 2.0, 6.0, 2.0, 6.0, 2.0, 2.0], [3.0, 4.0, 6.0, 2.0, 4.0, 4.0, 2.0, 2.0, 2.0, 6.0, 3.0, 6.0, 2.0, 4.0, 2.0, 2.0, 2.0, 3.0, 2.0, 2.0, 2.0, 6.0, 6.0, 2.0, 2.0, 6.0, 3.0, 2.0, 2.0, 6.0, 6.0, 2.0, 6.0, 6.0, 1.0, 2.0, 2.0, 6.0, 2.0, 6.0, 3.0, 2.0], [3.0, 3.0, 6.0, 2.0, 4.0, 4.0, 2.0, 2.0, 2.0, 6.0, 3.0, 6.0, 1.0, 6.0, 2.0, 1.0, 2.0, 3.0, 2.0, 2.0, 2.0, 6.0, 6.0, 2.0, 2.0, 6.0, 3.0, 3.0, 2.0, 6.0, 4.0, 1.0, 6.0, 6.0, 1.0, 2.0, 2.0, 6.0, 2.0, 6.0, 2.0, 2.0], [3.0, 4.0, 6.0, 2.0, 4.0, 6.0, 2.0, 2.0, 2.0, 6.0, 3.0, 6.0, 2.0, 6.0, 2.0, 2.0, 2.0, 3.0, 2.0, 2.0, 2.0, 6.0, 6.0, 2.0, 2.0, 6.0, 2.0, 3.0, 2.0, 4.0, 6.0, 2.0, 6.0, 6.0, 1.0, 2.0, 2.0, 6.0, 2.0, 6.0, 2.0, 2.0], [4.0, 3.0, 6.0, 2.0, 6.0, 4.0, 2.0, 2.0, 2.0, 4.0, 3.0, 6.0, 1.0, 6.0, 2.0, 2.0, 2.0, 4.0, 2.0, 2.0, 2.0, 6.0, 6.0, 2.0, 2.0, 6.0, 2.0, 4.0, 2.0, 4.0, 4.0, 2.0, 6.0, 6.0, 1.0, 2.0, 2.0, 4.0, 2.0, 6.0, 2.0, 2.0], [4.0, 3.0, 6.0, 2.0, 4.0, 4.0, 2.0, 2.0, 2.0, 6.0, 3.0, 6.0, 1.0, 4.0, 2.0, 2.0, 2.0, 3.0, 2.0, 2.0, 2.0, 6.0, 6.0, 2.0, 2.0, 6.0, 2.0, 3.0, 1.0, 6.0, 6.0, 2.0, 6.0, 6.0, 1.0, 2.0, 2.0, 6.0, 2.0, 6.0, 3.0, 2.0], [3.0, 3.0, 6.0, 2.0, 4.0, 3.0, 2.0, 2.0, 2.0, 4.0, 3.0, 6.0, 1.0, 6.0, 2.0, 2.0, 2.0, 4.0, 2.0, 2.0, 2.0, 6.0, 6.0, 3.0, 2.0, 6.0, 3.0, 2.0, 1.0, 6.0, 6.0, 2.0, 6.0, 6.0, 1.0, 2.0, 2.0, 4.0, 2.0, 6.0, 2.0, 2.0], [4.0, 4.0, 6.0, 2.0, 4.0, 4.0, 2.0, 2.0, 2.0, 4.0, 3.0, 6.0, 1.0, 6.0, 2.0, 2.0, 2.0, 4.0, 2.0, 2.0, 2.0, 6.0, 6.0, 2.0, 2.0, 6.0, 2.0, 2.0, 2.0, 4.0, 6.0, 2.0, 6.0, 6.0, 1.0, 2.0, 3.0, 6.0, 2.0, 6.0, 2.0, 2.0], [3.0, 4.0, 6.0, 2.0, 6.0, 2.0, 2.0, 2.0, 2.0, 6.0, 3.0, 6.0, 1.0, 4.0, 2.0, 1.0, 2.0, 3.0, 2.0, 2.0, 2.0, 6.0, 6.0, 2.0, 2.0, 6.0, 2.0, 4.0, 2.0, 4.0, 6.0, 2.0, 6.0, 6.0, 1.0, 2.0, 2.0, 6.0, 2.0, 4.0, 4.0, 2.0], [4.0, 4.0, 6.0, 2.0, 6.0, 3.0, 2.0, 2.0, 2.0, 6.0, 3.0, 6.0, 1.0, 4.0, 2.0, 2.0, 2.0, 3.0, 2.0, 2.0, 2.0, 6.0, 6.0, 4.0, 2.0, 6.0, 3.0, 4.0, 1.0, 6.0, 6.0, 2.0, 6.0, 6.0, 1.0, 2.0, 2.0, 6.0, 2.0, 6.0, 2.0, 2.0], [4.0, 3.0, 6.0, 2.0, 6.0, 4.0, 2.0, 2.0, 2.0, 6.0, 3.0, 6.0, 2.0, 6.0, 2.0, 2.0, 2.0, 3.0, 2.0, 2.0, 2.0, 6.0, 6.0, 2.0, 2.0, 6.0, 4.0, 2.0, 2.0, 4.0, 6.0, 2.0, 6.0, 6.0, 1.0, 2.0, 2.0, 4.0, 2.0, 6.0, 2.0, 2.0], [3.0, 4.0, 6.0, 2.0, 6.0, 6.0, 2.0, 2.0, 2.0, 6.0, 3.0, 6.0, 1.0, 6.0, 2.0, 2.0, 2.0, 3.0, 2.0, 1.0, 2.0, 6.0, 6.0, 2.0, 2.0, 6.0, 4.0, 2.0, 2.0, 4.0, 6.0, 1.0, 6.0, 6.0, 1.0, 2.0, 2.0, 6.0, 2.0, 4.0, 2.0, 2.0], [4.0, 3.0, 6.0, 2.0, 4.0, 6.0, 2.0, 2.0, 2.0, 6.0, 3.0, 6.0, 2.0, 6.0, 2.0, 2.0, 2.0, 3.0, 2.0, 2.0, 2.0, 6.0, 6.0, 3.0, 2.0, 6.0, 2.0, 2.0, 2.0, 4.0, 4.0, 2.0, 6.0, 6.0, 1.0, 2.0, 2.0, 6.0, 2.0, 6.0, 3.0, 2.0], [4.0, 4.0, 6.0, 2.0, 4.0, 3.0, 1.0, 2.0, 2.0, 6.0, 2.0, 6.0, 1.0, 4.0, 2.0, 2.0, 2.0, 3.0, 2.0, 2.0, 2.0, 3.0, 6.0, 2.0, 2.0, 6.0, 2.0, 4.0, 2.0, 4.0, 6.0, 2.0, 6.0, 6.0, 1.0, 2.0, 2.0, 6.0, 2.0, 6.0, 2.0, 2.0], [3.0, 3.0, 6.0, 2.0, 4.0, 4.0, 2.0, 2.0, 2.0, 6.0, 2.0, 6.0, 1.0, 4.0, 2.0, 2.0, 2.0, 3.0, 2.0, 2.0, 2.0, 6.0, 6.0, 2.0, 2.0, 6.0, 3.0, 4.0, 2.0, 4.0, 6.0, 1.0, 6.0, 6.0, 1.0, 2.0, 3.0, 3.0, 2.0, 6.0, 2.0, 2.0], [4.0, 4.0, 6.0, 2.0, 6.0, 3.0, 2.0, 2.0, 2.0, 6.0, 3.0, 6.0, 1.0, 6.0, 2.0, 2.0, 2.0, 4.0, 2.0, 2.0, 2.0, 6.0, 6.0, 2.0, 2.0, 6.0, 2.0, 2.0, 1.0, 4.0, 6.0, 2.0, 6.0, 6.0, 1.0, 2.0, 2.0, 6.0, 2.0, 6.0, 2.0, 2.0], [4.0, 4.0, 6.0, 2.0, 4.0, 4.0, 2.0, 2.0, 2.0, 6.0, 3.0, 6.0, 1.0, 6.0, 2.0, 1.0, 2.0, 4.0, 2.0, 2.0, 2.0, 6.0, 6.0, 3.0, 2.0, 6.0, 2.0, 3.0, 1.0, 4.0, 6.0, 2.0, 6.0, 6.0, 1.0, 2.0, 2.0, 6.0, 2.0, 6.0, 2.0, 2.0], [3.0, 4.0, 6.0, 2.0, 6.0, 6.0, 2.0, 2.0, 2.0, 4.0, 3.0, 4.0, 1.0, 6.0, 2.0, 2.0, 2.0, 4.0, 2.0, 2.0, 2.0, 6.0, 6.0, 2.0, 2.0, 6.0, 4.0, 3.0, 1.0, 4.0, 6.0, 2.0, 6.0, 6.0, 1.0, 2.0, 2.0, 6.0, 2.0, 6.0, 2.0, 2.0], [3.0, 3.0, 6.0, 2.0, 4.0, 4.0, 2.0, 2.0, 2.0, 6.0, 3.0, 6.0, 1.0, 6.0, 2.0, 2.0, 2.0, 4.0, 2.0, 2.0, 2.0, 6.0, 6.0, 2.0, 2.0, 6.0, 3.0, 2.0, 2.0, 4.0, 6.0, 2.0, 6.0, 6.0, 1.0, 2.0, 3.0, 6.0, 2.0, 6.0, 2.0, 2.0], [4.0, 3.0, 6.0, 2.0, 6.0, 3.0, 2.0, 2.0, 2.0, 6.0, 2.0, 6.0, 1.0, 6.0, 2.0, 2.0, 2.0, 3.0, 2.0, 2.0, 2.0, 6.0, 6.0, 2.0, 2.0, 6.0, 2.0, 4.0, 1.0, 4.0, 6.0, 2.0, 6.0, 6.0, 1.0, 2.0, 2.0, 6.0, 2.0, 6.0, 2.0, 2.0], [3.0, 3.0, 6.0, 2.0, 6.0, 4.0, 2.0, 2.0, 2.0, 6.0, 2.0, 6.0, 1.0, 6.0, 2.0, 2.0, 2.0, 2.0, 2.0, 2.0, 3.0, 6.0, 6.0, 2.0, 2.0, 6.0, 2.0, 3.0, 1.0, 4.0, 6.0, 2.0, 6.0, 6.0, 1.0, 2.0, 3.0, 6.0, 2.0, 6.0, 2.0, 2.0], [4.0, 4.0, 6.0, 2.0, 6.0, 4.0, 2.0, 2.0, 2.0, 6.0, 2.0, 6.0, 1.0, 6.0, 2.0, 2.0, 2.0, 3.0, 2.0, 2.0, 2.0, 6.0, 6.0, 2.0, 2.0, 6.0, 2.0, 2.0, 2.0, 4.0, 6.0, 1.0, 6.0, 6.0, 1.0, 2.0, 2.0, 4.0, 2.0, 6.0, 2.0, 2.0], [4.0, 4.0, 6.0, 2.0, 6.0, 3.0, 2.0, 2.0, 2.0, 6.0, 2.0, 6.0, 1.0, 4.0, 2.0, 2.0, 2.0, 3.0, 2.0, 1.0, 2.0, 3.0, 6.0, 2.0, 2.0, 6.0, 4.0, 2.0, 2.0, 4.0, 6.0, 2.0, 6.0, 6.0, 1.0, 2.0, 2.0, 6.0, 2.0, 6.0, 2.0, 2.0], [2.0, 4.0, 6.0, 2.0, 6.0, 6.0, 2.0, 2.0, 2.0, 6.0, 3.0, 6.0, 1.0, 4.0, 2.0, 1.0, 2.0, 3.0, 2.0, 2.0, 2.0, 6.0, 6.0, 2.0, 2.0, 6.0, 2.0, 2.0, 2.0, 4.0, 6.0, 2.0, 6.0, 6.0, 1.0, 2.0, 2.0, 6.0, 2.0, 6.0, 2.0, 2.0], [3.0, 4.0, 6.0, 2.0, 6.0, 4.0, 2.0, 2.0, 2.0, 6.0, 3.0, 6.0, 1.0, 6.0, 2.0, 2.0, 2.0, 3.0, 2.0, 2.0, 2.0, 6.0, 6.0, 2.0, 2.0, 6.0, 2.0, 4.0, 2.0, 6.0, 6.0, 2.0, 6.0, 6.0, 1.0, 2.0, 2.0, 6.0, 2.0, 6.0, 2.0, 2.0], [6.0, 3.0, 6.0, 2.0, 6.0, 3.0, 2.0, 2.0, 2.0, 6.0, 2.0, 6.0, 1.0, 4.0, 2.0, 2.0, 2.0, 4.0, 2.0, 2.0, 2.0, 6.0, 6.0, 2.0, 2.0, 6.0, 2.0, 2.0, 1.0, 4.0, 6.0, 2.0, 6.0, 6.0, 1.0, 2.0, 2.0, 6.0, 2.0, 6.0, 2.0, 2.0], [4.0, 4.0, 6.0, 2.0, 6.0, 4.0, 2.0, 2.0, 2.0, 4.0, 3.0, 6.0, 1.0, 4.0, 2.0, 2.0, 2.0, 3.0, 2.0, 2.0, 2.0, 6.0, 6.0, 2.0, 2.0, 6.0, 2.0, 2.0, 2.0, 4.0, 6.0, 2.0, 6.0, 6.0, 1.0, 2.0, 2.0, 6.0, 2.0, 6.0, 2.0, 2.0], [3.0, 6.0, 6.0, 2.0, 4.0, 6.0, 1.0, 2.0, 2.0, 6.0, 3.0, 6.0, 1.0, 4.0, 2.0, 2.0, 2.0, 3.0, 1.0, 2.0, 2.0, 6.0, 6.0, 2.0, 2.0, 6.0, 3.0, 4.0, 1.0, 4.0, 6.0, 1.0, 6.0, 6.0, 1.0, 2.0, 2.0, 3.0, 2.0, 6.0, 2.0, 2.0], [3.0, 3.0, 6.0, 2.0, 4.0, 6.0, 2.0, 2.0, 2.0, 6.0, 2.0, 6.0, 1.0, 4.0, 2.0, 2.0, 2.0, 2.0, 2.0, 2.0, 2.0, 6.0, 6.0, 3.0, 2.0, 6.0, 2.0, 2.0, 2.0, 6.0, 6.0, 1.0, 6.0, 6.0, 1.0, 2.0, 2.0, 6.0, 2.0, 6.0, 2.0, 2.0], [4.0, 4.0, 6.0, 2.0, 6.0, 4.0, 2.0, 2.0, 2.0, 4.0, 3.0, 6.0, 1.0, 6.0, 2.0, 2.0, 2.0, 3.0, 2.0, 2.0, 2.0, 3.0, 6.0, 4.0, 2.0, 6.0, 2.0, 4.0, 2.0, 6.0, 6.0, 1.0, 6.0, 6.0, 1.0, 2.0, 2.0, 6.0, 2.0, 6.0, 2.0, 2.0], [4.0, 6.0, 6.0, 2.0, 3.0, 4.0, 2.0, 2.0, 2.0, 6.0, 3.0, 6.0, 1.0, 6.0, 2.0, 2.0, 2.0, 3.0, 3.0, 2.0, 2.0, 6.0, 6.0, 2.0, 2.0, 6.0, 2.0, 2.0, 2.0, 4.0, 6.0, 1.0, 6.0, 6.0, 1.0, 2.0, 2.0, 4.0, 2.0, 6.0, 2.0, 2.0], [3.0, 3.0, 6.0, 2.0, 3.0, 4.0, 2.0, 2.0, 2.0, 4.0, 3.0, 6.0, 1.0, 6.0, 2.0, 2.0, 2.0, 3.0, 2.0, 2.0, 2.0, 6.0, 6.0, 3.0, 2.0, 6.0, 2.0, 3.0, 2.0, 6.0, 6.0, 1.0, 6.0, 6.0, 1.0, 2.0, 2.0, 6.0, 2.0, 6.0, 2.0, 2.0], [3.0, 3.0, 6.0, 2.0, 4.0, 3.0, 2.0, 2.0, 2.0, 6.0, 3.0, 6.0, 1.0, 6.0, 2.0, 1.0, 2.0, 3.0, 2.0, 2.0, 2.0, 6.0, 6.0, 2.0, 2.0, 6.0, 2.0, 3.0, 2.0, 6.0, 6.0, 2.0, 6.0, 6.0, 1.0, 2.0, 2.0, 6.0, 2.0, 6.0, 2.0, 2.0], [4.0, 4.0, 6.0, 2.0, 6.0, 6.0, 2.0, 2.0, 2.0, 6.0, 3.0, 6.0, 2.0, 6.0, 2.0, 2.0, 2.0, 2.0, 2.0, 2.0, 2.0, 6.0, 6.0, 2.0, 2.0, 6.0, 2.0, 2.0, 1.0, 6.0, 6.0, 1.0, 6.0, 6.0, 1.0, 2.0, 3.0, 6.0, 2.0, 6.0, 2.0, 2.0], [3.0, 3.0, 6.0, 2.0, 4.0, 4.0, 2.0, 2.0, 2.0, 4.0, 3.0, 6.0, 2.0, 6.0, 2.0, 2.0, 2.0, 3.0, 2.0, 2.0, 2.0, 6.0, 6.0, 2.0, 2.0, 6.0, 4.0, 3.0, 2.0, 4.0, 6.0, 2.0, 6.0, 6.0, 1.0, 2.0, 2.0, 4.0, 2.0, 6.0, 2.0, 2.0], [3.0, 6.0, 6.0, 2.0, 4.0, 3.0, 2.0, 2.0, 2.0, 4.0, 3.0, 6.0, 1.0, 6.0, 2.0, 2.0, 2.0, 3.0, 2.0, 2.0, 2.0, 6.0, 6.0, 2.0, 2.0, 6.0, 3.0, 3.0, 2.0, 4.0, 6.0, 2.0, 6.0, 6.0, 1.0, 2.0, 2.0, 6.0, 2.0, 4.0, 2.0, 2.0], [6.0, 3.0, 6.0, 2.0, 6.0, 4.0, 2.0, 2.0, 2.0, 6.0, 3.0, 6.0, 1.0, 6.0, 2.0, 1.0, 2.0, 3.0, 2.0, 2.0, 2.0, 6.0, 6.0, 2.0, 2.0, 6.0, 3.0, 2.0, 2.0, 4.0, 6.0, 2.0, 6.0, 6.0, 1.0, 2.0, 2.0, 4.0, 2.0, 6.0, 2.0, 2.0], [3.0, 3.0, 6.0, 2.0, 6.0, 4.0, 2.0, 2.0, 2.0, 6.0, 3.0, 6.0, 2.0, 6.0, 2.0, 2.0, 2.0, 3.0, 2.0, 2.0, 2.0, 6.0, 6.0, 2.0, 2.0, 6.0, 2.0, 2.0, 2.0, 6.0, 6.0, 2.0, 6.0, 6.0, 1.0, 2.0, 2.0, 6.0, 2.0, 6.0, 2.0, 2.0]]

first layer check: Conv2d(9, 64, kernel_size=(7, 7), stride=(2, 2), padding=(3, 3), bias=False)

for model 1: mode acc: 0.523809552192688, run mean acc: 0.5566666722297668, top-2 acc:0.7295833826065063, mode f1: 0.523809552192688

model 1 mode preds
[4.0, 4.0, 6.0, 2.0, 4.0, 4.0, 2.0, 2.0, 3.0, 6.0, 2.0, 6.0, 2.0, 4.0, 2.0, 2.0, 2.0, 3.0, 2.0, 2.0, 2.0, 4.0, 6.0, 3.0, 2.0, 4.0, 2.0, 2.0, 2.0, 4.0, 6.0, 2.0, 6.0, 6.0, 2.0, 2.0, 2.0, 4.0, 2.0, 6.0, 2.0, 2.0]

model 1 all preds
[[4.0, 4.0, 6.0, 2.0, 4.0, 6.0, 2.0, 2.0, 3.0, 4.0, 2.0, 6.0, 2.0, 4.0, 2.0, 2.0, 2.0, 3.0, 2.0, 2.0, 2.0, 3.0, 6.0, 3.0, 2.0, 4.0, 2.0, 2.0, 2.0, 4.0, 6.0, 2.0, 6.0, 6.0, 2.0, 2.0, 2.0, 4.0, 2.0, 6.0, 2.0, 2.0], [3.0, 2.0, 6.0, 2.0, 4.0, 4.0, 2.0, 2.0, 2.0, 4.0, 2.0, 6.0, 2.0, 4.0, 2.0, 2.0, 2.0, 3.0, 2.0, 2.0, 2.0, 3.0, 6.0, 3.0, 2.0, 5.0, 2.0, 2.0, 2.0, 4.0, 6.0, 2.0, 6.0, 6.0, 2.0, 2.0, 2.0, 6.0, 2.0, 6.0, 2.0, 2.0], [4.0, 4.0, 6.0, 2.0, 2.0, 4.0, 2.0, 2.0, 3.0, 6.0, 2.0, 6.0, 2.0, 4.0, 2.0, 2.0, 2.0, 3.0, 3.0, 2.0, 2.0, 4.0, 6.0, 2.0, 2.0, 5.0, 2.0, 2.0, 2.0, 4.0, 6.0, 2.0, 6.0, 6.0, 2.0, 2.0, 2.0, 4.0, 2.0, 4.0, 2.0, 2.0], [4.0, 4.0, 6.0, 2.0, 6.0, 4.0, 2.0, 2.0, 3.0, 6.0, 4.0, 6.0, 2.0, 4.0, 2.0, 2.0, 2.0, 3.0, 2.0, 2.0, 2.0, 4.0, 6.0, 4.0, 2.0, 4.0, 2.0, 4.0, 2.0, 4.0, 6.0, 2.0, 6.0, 6.0, 2.0, 2.0, 2.0, 4.0, 2.0, 6.0, 2.0, 2.0], [4.0, 2.0, 6.0, 2.0, 6.0, 4.0, 2.0, 2.0, 3.0, 6.0, 2.0, 6.0, 2.0, 4.0, 2.0, 2.0, 2.0, 3.0, 2.0, 2.0, 2.0, 5.0, 6.0, 3.0, 2.0, 4.0, 2.0, 4.0, 2.0, 4.0, 4.0, 2.0, 6.0, 6.0, 2.0, 2.0, 2.0, 4.0, 2.0, 6.0, 4.0, 2.0], [2.0, 4.0, 6.0, 2.0, 4.0, 2.0, 2.0, 2.0, 3.0, 4.0, 2.0, 6.0, 2.0, 4.0, 2.0, 2.0, 2.0, 4.0, 2.0, 2.0, 2.0, 4.0, 6.0, 3.0, 2.0, 4.0, 2.0, 2.0, 2.0, 4.0, 6.0, 2.0, 6.0, 6.0, 2.0, 2.0, 2.0, 5.0, 2.0, 6.0, 2.0, 2.0], [4.0, 2.0, 6.0, 2.0, 4.0, 6.0, 2.0, 2.0, 2.0, 4.0, 2.0, 6.0, 2.0, 4.0, 2.0, 2.0, 2.0, 4.0, 2.0, 2.0, 2.0, 4.0, 6.0, 3.0, 2.0, 4.0, 2.0, 2.0, 2.0, 4.0, 6.0, 2.0, 6.0, 6.0, 2.0, 2.0, 2.0, 4.0, 2.0, 6.0, 2.0, 2.0], [2.0, 4.0, 6.0, 2.0, 6.0, 6.0, 2.0, 2.0, 3.0, 4.0, 2.0, 6.0, 2.0, 6.0, 2.0, 2.0, 2.0, 4.0, 2.0, 2.0, 2.0, 3.0, 6.0, 4.0, 2.0, 4.0, 2.0, 2.0, 2.0, 6.0, 6.0, 2.0, 6.0, 6.0, 2.0, 2.0, 2.0, 4.0, 2.0, 6.0, 2.0, 2.0], [2.0, 4.0, 6.0, 2.0, 2.0, 4.0, 2.0, 2.0, 3.0, 6.0, 2.0, 6.0, 2.0, 4.0, 2.0, 2.0, 2.0, 3.0, 2.0, 2.0, 2.0, 4.0, 6.0, 2.0, 2.0, 4.0, 2.0, 2.0, 2.0, 4.0, 6.0, 2.0, 6.0, 6.0, 2.0, 2.0, 2.0, 4.0, 2.0, 6.0, 2.0, 2.0], [4.0, 4.0, 6.0, 2.0, 4.0, 4.0, 2.0, 2.0, 3.0, 6.0, 2.0, 6.0, 2.0, 4.0, 2.0, 2.0, 2.0, 3.0, 2.0, 2.0, 2.0, 4.0, 6.0, 3.0, 2.0, 4.0, 2.0, 4.0, 2.0, 4.0, 6.0, 2.0, 6.0, 6.0, 2.0, 2.0, 2.0, 4.0, 2.0, 6.0, 2.0, 2.0], [4.0, 4.0, 6.0, 2.0, 4.0, 4.0, 2.0, 2.0, 3.0, 6.0, 2.0, 6.0, 2.0, 5.0, 2.0, 2.0, 2.0, 4.0, 2.0, 2.0, 2.0, 4.0, 6.0, 3.0, 2.0, 4.0, 2.0, 2.0, 2.0, 4.0, 6.0, 2.0, 6.0, 6.0, 2.0, 2.0, 2.0, 4.0, 2.0, 6.0, 2.0, 2.0], [4.0, 4.0, 6.0, 2.0, 2.0, 4.0, 2.0, 2.0, 3.0, 4.0, 2.0, 6.0, 2.0, 4.0, 2.0, 2.0, 2.0, 3.0, 2.0, 2.0, 2.0, 4.0, 6.0, 3.0, 2.0, 4.0, 2.0, 2.0, 2.0, 4.0, 5.0, 2.0, 6.0, 6.0, 2.0, 2.0, 2.0, 4.0, 2.0, 6.0, 2.0, 2.0], [3.0, 4.0, 6.0, 2.0, 6.0, 6.0, 2.0, 2.0, 3.0, 4.0, 2.0, 6.0, 2.0, 4.0, 2.0, 2.0, 2.0, 4.0, 2.0, 2.0, 2.0, 4.0, 6.0, 3.0, 2.0, 4.0, 2.0, 4.0, 2.0, 4.0, 6.0, 2.0, 6.0, 6.0, 2.0, 2.0, 2.0, 4.0, 2.0, 6.0, 2.0, 2.0], [4.0, 4.0, 6.0, 2.0, 4.0, 3.0, 2.0, 2.0, 3.0, 6.0, 4.0, 6.0, 2.0, 4.0, 2.0, 2.0, 2.0, 4.0, 3.0, 2.0, 2.0, 3.0, 4.0, 3.0, 2.0, 4.0, 2.0, 4.0, 2.0, 4.0, 6.0, 2.0, 6.0, 6.0, 2.0, 2.0, 2.0, 5.0, 2.0, 6.0, 2.0, 2.0], [4.0, 4.0, 6.0, 2.0, 6.0, 4.0, 2.0, 2.0, 2.0, 4.0, 2.0, 6.0, 2.0, 4.0, 2.0, 2.0, 2.0, 3.0, 2.0, 2.0, 2.0, 4.0, 6.0, 3.0, 2.0, 4.0, 2.0, 2.0, 2.0, 4.0, 4.0, 2.0, 6.0, 6.0, 2.0, 2.0, 2.0, 6.0, 2.0, 6.0, 2.0, 2.0], [2.0, 4.0, 6.0, 2.0, 6.0, 4.0, 2.0, 2.0, 2.0, 4.0, 2.0, 6.0, 2.0, 4.0, 2.0, 2.0, 2.0, 4.0, 2.0, 2.0, 2.0, 3.0, 6.0, 3.0, 2.0, 5.0, 2.0, 4.0, 2.0, 4.0, 4.0, 2.0, 6.0, 6.0, 2.0, 2.0, 2.0, 4.0, 2.0, 6.0, 4.0, 2.0], [3.0, 4.0, 6.0, 2.0, 4.0, 4.0, 2.0, 2.0, 2.0, 6.0, 2.0, 6.0, 2.0, 4.0, 2.0, 2.0, 2.0, 3.0, 2.0, 2.0, 2.0, 3.0, 6.0, 2.0, 2.0, 5.0, 2.0, 2.0, 2.0, 4.0, 6.0, 2.0, 6.0, 6.0, 2.0, 2.0, 2.0, 5.0, 2.0, 6.0, 2.0, 2.0], [3.0, 4.0, 6.0, 2.0, 6.0, 2.0, 2.0, 2.0, 3.0, 6.0, 2.0, 6.0, 2.0, 4.0, 2.0, 2.0, 2.0, 4.0, 2.0, 2.0, 2.0, 4.0, 6.0, 2.0, 2.0, 4.0, 2.0, 2.0, 2.0, 4.0, 6.0, 2.0, 6.0, 6.0, 2.0, 2.0, 2.0, 6.0, 2.0, 6.0, 2.0, 2.0], [4.0, 4.0, 6.0, 2.0, 4.0, 4.0, 2.0, 2.0, 3.0, 4.0, 2.0, 6.0, 2.0, 4.0, 2.0, 2.0, 2.0, 3.0, 2.0, 2.0, 2.0, 4.0, 6.0, 2.0, 2.0, 4.0, 2.0, 2.0, 2.0, 4.0, 6.0, 2.0, 6.0, 6.0, 2.0, 2.0, 2.0, 4.0, 2.0, 6.0, 2.0, 2.0], [4.0, 4.0, 4.0, 2.0, 4.0, 4.0, 2.0, 2.0, 3.0, 4.0, 2.0, 6.0, 2.0, 4.0, 2.0, 2.0, 2.0, 3.0, 2.0, 2.0, 2.0, 4.0, 6.0, 2.0, 2.0, 4.0, 2.0, 2.0, 2.0, 4.0, 6.0, 2.0, 6.0, 6.0, 2.0, 2.0, 2.0, 4.0, 2.0, 3.0, 2.0, 2.0], [4.0, 4.0, 6.0, 2.0, 4.0, 6.0, 2.0, 2.0, 3.0, 6.0, 3.0, 6.0, 2.0, 4.0, 2.0, 2.0, 2.0, 3.0, 2.0, 2.0, 2.0, 5.0, 6.0, 3.0, 2.0, 4.0, 2.0, 2.0, 2.0, 4.0, 5.0, 2.0, 4.0, 6.0, 2.0, 2.0, 2.0, 4.0, 2.0, 6.0, 2.0, 2.0], [4.0, 4.0, 6.0, 2.0, 4.0, 2.0, 2.0, 2.0, 3.0, 4.0, 2.0, 6.0, 2.0, 4.0, 2.0, 2.0, 2.0, 4.0, 2.0, 2.0, 2.0, 3.0, 6.0, 3.0, 2.0, 4.0, 2.0, 4.0, 2.0, 4.0, 4.0, 2.0, 6.0, 6.0, 2.0, 2.0, 2.0, 4.0, 2.0, 3.0, 2.0, 2.0], [4.0, 4.0, 6.0, 2.0, 4.0, 4.0, 2.0, 2.0, 3.0, 6.0, 4.0, 6.0, 2.0, 4.0, 2.0, 2.0, 2.0, 3.0, 2.0, 2.0, 2.0, 3.0, 6.0, 3.0, 2.0, 4.0, 2.0, 2.0, 2.0, 4.0, 6.0, 2.0, 6.0, 6.0, 2.0, 2.0, 2.0, 4.0, 2.0, 6.0, 2.0, 2.0], [4.0, 4.0, 6.0, 2.0, 4.0, 6.0, 2.0, 2.0, 3.0, 4.0, 2.0, 6.0, 2.0, 4.0, 2.0, 2.0, 2.0, 2.0, 2.0, 2.0, 2.0, 4.0, 6.0, 2.0, 2.0, 5.0, 2.0, 2.0, 2.0, 4.0, 6.0, 2.0, 6.0, 6.0, 2.0, 2.0, 2.0, 4.0, 2.0, 6.0, 2.0, 2.0], [4.0, 4.0, 6.0, 2.0, 4.0, 4.0, 2.0, 2.0, 3.0, 6.0, 2.0, 6.0, 2.0, 4.0, 2.0, 2.0, 2.0, 3.0, 2.0, 2.0, 2.0, 3.0, 6.0, 2.0, 2.0, 4.0, 2.0, 2.0, 2.0, 4.0, 4.0, 2.0, 6.0, 6.0, 2.0, 2.0, 2.0, 4.0, 2.0, 6.0, 2.0, 2.0], [4.0, 4.0, 6.0, 2.0, 4.0, 4.0, 2.0, 2.0, 3.0, 6.0, 2.0, 6.0, 2.0, 4.0, 2.0, 2.0, 2.0, 3.0, 2.0, 2.0, 2.0, 4.0, 6.0, 2.0, 2.0, 5.0, 2.0, 2.0, 2.0, 4.0, 5.0, 2.0, 6.0, 6.0, 2.0, 2.0, 2.0, 4.0, 2.0, 6.0, 2.0, 2.0], [4.0, 4.0, 6.0, 2.0, 6.0, 6.0, 2.0, 2.0, 3.0, 6.0, 2.0, 6.0, 2.0, 4.0, 2.0, 2.0, 2.0, 3.0, 2.0, 2.0, 2.0, 3.0, 6.0, 3.0, 2.0, 4.0, 2.0, 2.0, 2.0, 4.0, 5.0, 2.0, 6.0, 6.0, 2.0, 2.0, 2.0, 4.0, 2.0, 6.0, 2.0, 2.0], [4.0, 2.0, 6.0, 2.0, 6.0, 4.0, 2.0, 2.0, 2.0, 6.0, 2.0, 6.0, 2.0, 4.0, 2.0, 2.0, 2.0, 4.0, 2.0, 2.0, 2.0, 4.0, 6.0, 2.0, 2.0, 4.0, 2.0, 2.0, 2.0, 4.0, 6.0, 2.0, 6.0, 6.0, 2.0, 2.0, 2.0, 6.0, 2.0, 6.0, 2.0, 2.0], [4.0, 4.0, 6.0, 2.0, 6.0, 4.0, 2.0, 2.0, 3.0, 4.0, 2.0, 6.0, 2.0, 3.0, 2.0, 2.0, 2.0, 3.0, 2.0, 2.0, 2.0, 3.0, 6.0, 3.0, 2.0, 4.0, 2.0, 2.0, 2.0, 4.0, 6.0, 2.0, 6.0, 6.0, 2.0, 2.0, 2.0, 4.0, 2.0, 6.0, 2.0, 2.0], [4.0, 2.0, 6.0, 2.0, 4.0, 4.0, 2.0, 2.0, 2.0, 6.0, 2.0, 6.0, 2.0, 6.0, 2.0, 2.0, 2.0, 4.0, 2.0, 2.0, 2.0, 3.0, 6.0, 3.0, 2.0, 4.0, 2.0, 4.0, 2.0, 4.0, 6.0, 2.0, 6.0, 6.0, 2.0, 2.0, 2.0, 4.0, 2.0, 6.0, 2.0, 2.0], [4.0, 4.0, 6.0, 2.0, 4.0, 4.0, 2.0, 2.0, 3.0, 6.0, 2.0, 6.0, 2.0, 4.0, 2.0, 2.0, 2.0, 3.0, 2.0, 2.0, 2.0, 5.0, 6.0, 2.0, 2.0, 5.0, 2.0, 2.0, 2.0, 4.0, 4.0, 2.0, 6.0, 6.0, 2.0, 2.0, 2.0, 4.0, 2.0, 6.0, 2.0, 2.0], [2.0, 4.0, 6.0, 2.0, 6.0, 6.0, 2.0, 2.0, 3.0, 6.0, 2.0, 6.0, 2.0, 4.0, 2.0, 2.0, 2.0, 3.0, 2.0, 2.0, 2.0, 4.0, 6.0, 3.0, 2.0, 4.0, 2.0, 2.0, 2.0, 4.0, 6.0, 2.0, 6.0, 6.0, 2.0, 2.0, 2.0, 4.0, 2.0, 3.0, 2.0, 2.0], [3.0, 4.0, 6.0, 2.0, 4.0, 4.0, 2.0, 2.0, 3.0, 6.0, 2.0, 6.0, 2.0, 4.0, 2.0, 2.0, 2.0, 3.0, 2.0, 2.0, 2.0, 3.0, 6.0, 3.0, 2.0, 4.0, 2.0, 2.0, 2.0, 4.0, 4.0, 2.0, 6.0, 6.0, 2.0, 2.0, 2.0, 4.0, 2.0, 6.0, 4.0, 2.0], [4.0, 4.0, 6.0, 2.0, 4.0, 6.0, 2.0, 2.0, 2.0, 6.0, 2.0, 6.0, 2.0, 4.0, 2.0, 2.0, 2.0, 4.0, 2.0, 2.0, 2.0, 4.0, 6.0, 3.0, 2.0, 4.0, 2.0, 2.0, 2.0, 4.0, 5.0, 2.0, 6.0, 6.0, 2.0, 2.0, 2.0, 4.0, 2.0, 6.0, 2.0, 2.0], [3.0, 4.0, 6.0, 2.0, 6.0, 6.0, 2.0, 2.0, 2.0, 6.0, 2.0, 6.0, 2.0, 4.0, 2.0, 2.0, 2.0, 3.0, 2.0, 2.0, 2.0, 3.0, 6.0, 2.0, 2.0, 4.0, 2.0, 2.0, 2.0, 4.0, 5.0, 2.0, 6.0, 6.0, 2.0, 2.0, 2.0, 4.0, 2.0, 6.0, 2.0, 2.0], [4.0, 4.0, 6.0, 2.0, 4.0, 2.0, 2.0, 2.0, 3.0, 6.0, 4.0, 6.0, 2.0, 4.0, 2.0, 2.0, 2.0, 3.0, 2.0, 2.0, 2.0, 3.0, 6.0, 2.0, 2.0, 5.0, 2.0, 2.0, 2.0, 4.0, 6.0, 2.0, 6.0, 6.0, 2.0, 2.0, 2.0, 4.0, 2.0, 3.0, 3.0, 2.0], [4.0, 4.0, 6.0, 2.0, 4.0, 4.0, 2.0, 2.0, 3.0, 3.0, 2.0, 6.0, 2.0, 6.0, 2.0, 2.0, 2.0, 3.0, 2.0, 2.0, 2.0, 4.0, 6.0, 3.0, 2.0, 4.0, 2.0, 2.0, 2.0, 4.0, 6.0, 2.0, 6.0, 6.0, 2.0, 2.0, 2.0, 6.0, 2.0, 6.0, 2.0, 2.0], [4.0, 4.0, 6.0, 2.0, 4.0, 6.0, 2.0, 2.0, 3.0, 6.0, 2.0, 6.0, 2.0, 6.0, 2.0, 2.0, 2.0, 3.0, 2.0, 2.0, 2.0, 4.0, 6.0, 3.0, 2.0, 4.0, 2.0, 2.0, 2.0, 4.0, 6.0, 2.0, 6.0, 6.0, 2.0, 2.0, 2.0, 4.0, 2.0, 6.0, 2.0, 2.0], [2.0, 4.0, 6.0, 2.0, 6.0, 4.0, 2.0, 2.0, 3.0, 6.0, 2.0, 6.0, 2.0, 4.0, 2.0, 2.0, 2.0, 3.0, 2.0, 2.0, 2.0, 3.0, 6.0, 3.0, 2.0, 4.0, 2.0, 2.0, 2.0, 4.0, 6.0, 2.0, 6.0, 6.0, 2.0, 2.0, 2.0, 4.0, 2.0, 6.0, 3.0, 2.0], [4.0, 4.0, 6.0, 2.0, 6.0, 4.0, 2.0, 2.0, 2.0, 4.0, 2.0, 6.0, 2.0, 4.0, 2.0, 2.0, 2.0, 2.0, 2.0, 2.0, 2.0, 4.0, 6.0, 3.0, 2.0, 4.0, 2.0, 2.0, 2.0, 4.0, 6.0, 2.0, 6.0, 6.0, 2.0, 2.0, 2.0, 4.0, 2.0, 6.0, 2.0, 2.0], [4.0, 4.0, 6.0, 2.0, 4.0, 6.0, 2.0, 2.0, 3.0, 6.0, 2.0, 6.0, 2.0, 4.0, 2.0, 2.0, 2.0, 4.0, 2.0, 2.0, 2.0, 3.0, 6.0, 4.0, 2.0, 4.0, 2.0, 2.0, 2.0, 4.0, 6.0, 2.0, 6.0, 6.0, 2.0, 2.0, 2.0, 4.0, 2.0, 6.0, 2.0, 2.0], [4.0, 4.0, 6.0, 2.0, 4.0, 4.0, 2.0, 2.0, 3.0, 4.0, 2.0, 6.0, 2.0, 4.0, 2.0, 2.0, 2.0, 3.0, 2.0, 2.0, 2.0, 4.0, 6.0, 3.0, 2.0, 4.0, 2.0, 4.0, 2.0, 4.0, 6.0, 2.0, 6.0, 6.0, 2.0, 2.0, 2.0, 5.0, 2.0, 6.0, 2.0, 2.0], [4.0, 4.0, 6.0, 2.0, 6.0, 6.0, 2.0, 2.0, 3.0, 6.0, 4.0, 6.0, 2.0, 4.0, 2.0, 2.0, 2.0, 3.0, 2.0, 2.0, 2.0, 4.0, 6.0, 4.0, 2.0, 4.0, 2.0, 4.0, 2.0, 4.0, 6.0, 2.0, 6.0, 6.0, 2.0, 2.0, 2.0, 4.0, 2.0, 6.0, 2.0, 2.0], [3.0, 4.0, 6.0, 2.0, 4.0, 4.0, 2.0, 2.0, 3.0, 6.0, 4.0, 6.0, 2.0, 4.0, 2.0, 2.0, 2.0, 3.0, 2.0, 2.0, 2.0, 4.0, 6.0, 2.0, 2.0, 5.0, 2.0, 2.0, 2.0, 4.0, 4.0, 2.0, 6.0, 6.0, 2.0, 2.0, 2.0, 4.0, 2.0, 6.0, 2.0, 2.0], [3.0, 4.0, 6.0, 2.0, 6.0, 4.0, 2.0, 2.0, 3.0, 4.0, 2.0, 6.0, 2.0, 4.0, 2.0, 2.0, 2.0, 3.0, 2.0, 2.0, 2.0, 3.0, 6.0, 2.0, 2.0, 4.0, 2.0, 2.0, 2.0, 4.0, 6.0, 2.0, 4.0, 6.0, 2.0, 2.0, 2.0, 4.0, 2.0, 6.0, 4.0, 2.0], [3.0, 4.0, 6.0, 2.0, 6.0, 3.0, 2.0, 2.0, 3.0, 4.0, 2.0, 6.0, 2.0, 4.0, 2.0, 2.0, 2.0, 3.0, 2.0, 2.0, 2.0, 3.0, 6.0, 3.0, 2.0, 4.0, 2.0, 4.0, 2.0, 4.0, 6.0, 2.0, 6.0, 6.0, 2.0, 2.0, 2.0, 4.0, 2.0, 6.0, 2.0, 2.0], [4.0, 4.0, 6.0, 2.0, 4.0, 4.0, 2.0, 2.0, 3.0, 6.0, 2.0, 6.0, 2.0, 4.0, 2.0, 2.0, 2.0, 3.0, 2.0, 2.0, 2.0, 4.0, 6.0, 3.0, 2.0, 4.0, 2.0, 2.0, 2.0, 4.0, 6.0, 2.0, 6.0, 6.0, 2.0, 2.0, 2.0, 4.0, 2.0, 6.0, 2.0, 2.0], [4.0, 4.0, 6.0, 2.0, 6.0, 6.0, 2.0, 2.0, 3.0, 4.0, 4.0, 6.0, 2.0, 4.0, 2.0, 2.0, 2.0, 3.0, 2.0, 2.0, 2.0, 3.0, 6.0, 3.0, 2.0, 4.0, 2.0, 2.0, 2.0, 4.0, 4.0, 2.0, 6.0, 6.0, 2.0, 2.0, 2.0, 6.0, 2.0, 6.0, 2.0, 2.0], [3.0, 4.0, 6.0, 2.0, 4.0, 3.0, 2.0, 2.0, 3.0, 6.0, 2.0, 6.0, 2.0, 4.0, 2.0, 2.0, 2.0, 3.0, 2.0, 2.0, 2.0, 4.0, 6.0, 3.0, 2.0, 4.0, 2.0, 2.0, 2.0, 4.0, 6.0, 2.0, 6.0, 6.0, 2.0, 2.0, 2.0, 4.0, 2.0, 6.0, 2.0, 2.0], [3.0, 4.0, 6.0, 2.0, 4.0, 2.0, 2.0, 2.0, 3.0, 4.0, 2.0, 6.0, 2.0, 4.0, 2.0, 2.0, 2.0, 3.0, 2.0, 2.0, 2.0, 3.0, 6.0, 3.0, 2.0, 4.0, 2.0, 4.0, 2.0, 4.0, 4.0, 2.0, 6.0, 6.0, 2.0, 2.0, 2.0, 5.0, 2.0, 6.0, 2.0, 2.0]]

first layer check: Conv2d(9, 64, kernel_size=(7, 7), stride=(2, 2), padding=(3, 3), bias=False)

for model 2: mode acc: 0.6428571343421936, run mean acc: 0.5766665935516357, top-2 acc:0.7641667127609253, mode f1: 0.6428571343421936

model 2 mode preds
[3.0, 3.0, 6.0, 2.0, 4.0, 3.0, 2.0, 2.0, 3.0, 5.0, 3.0, 6.0, 2.0, 4.0, 2.0, 2.0, 2.0, 3.0, 3.0, 2.0, 3.0, 3.0, 6.0, 2.0, 2.0, 5.0, 2.0, 2.0, 2.0, 4.0, 6.0, 2.0, 6.0, 6.0, 1.0, 2.0, 2.0, 4.0, 2.0, 6.0, 2.0, 2.0]

model 2 all preds
[[4.0, 4.0, 4.0, 2.0, 4.0, 6.0, 2.0, 2.0, 3.0, 6.0, 2.0, 6.0, 2.0, 4.0, 2.0, 2.0, 2.0, 3.0, 3.0, 2.0, 3.0, 3.0, 6.0, 2.0, 2.0, 5.0, 2.0, 2.0, 2.0, 4.0, 3.0, 2.0, 5.0, 6.0, 1.0, 2.0, 2.0, 4.0, 2.0, 4.0, 2.0, 2.0], [3.0, 3.0, 4.0, 2.0, 4.0, 3.0, 3.0, 2.0, 3.0, 5.0, 2.0, 4.0, 2.0, 4.0, 2.0, 2.0, 2.0, 3.0, 3.0, 2.0, 3.0, 3.0, 6.0, 3.0, 2.0, 5.0, 2.0, 2.0, 2.0, 3.0, 4.0, 2.0, 4.0, 6.0, 1.0, 2.0, 2.0, 4.0, 2.0, 4.0, 2.0, 2.0], [2.0, 4.0, 6.0, 2.0, 4.0, 3.0, 2.0, 2.0, 3.0, 3.0, 2.0, 6.0, 2.0, 4.0, 2.0, 2.0, 2.0, 3.0, 3.0, 2.0, 3.0, 3.0, 5.0, 2.0, 2.0, 5.0, 2.0, 3.0, 2.0, 4.0, 3.0, 2.0, 6.0, 6.0, 1.0, 2.0, 2.0, 4.0, 3.0, 6.0, 2.0, 2.0], [3.0, 4.0, 4.0, 2.0, 4.0, 4.0, 2.0, 2.0, 3.0, 5.0, 3.0, 6.0, 2.0, 4.0, 2.0, 2.0, 2.0, 3.0, 3.0, 2.0, 3.0, 6.0, 6.0, 2.0, 2.0, 5.0, 2.0, 3.0, 2.0, 3.0, 4.0, 2.0, 4.0, 6.0, 1.0, 2.0, 2.0, 4.0, 3.0, 6.0, 2.0, 2.0], [4.0, 3.0, 6.0, 2.0, 4.0, 3.0, 2.0, 2.0, 3.0, 5.0, 2.0, 6.0, 2.0, 4.0, 2.0, 2.0, 2.0, 3.0, 3.0, 2.0, 2.0, 3.0, 6.0, 2.0, 2.0, 5.0, 2.0, 2.0, 2.0, 4.0, 3.0, 2.0, 5.0, 6.0, 1.0, 2.0, 2.0, 4.0, 2.0, 6.0, 3.0, 2.0], [3.0, 2.0, 4.0, 2.0, 4.0, 4.0, 1.0, 2.0, 3.0, 4.0, 3.0, 4.0, 2.0, 4.0, 2.0, 2.0, 2.0, 3.0, 3.0, 2.0, 2.0, 3.0, 6.0, 2.0, 2.0, 5.0, 2.0, 2.0, 2.0, 3.0, 3.0, 2.0, 5.0, 6.0, 1.0, 2.0, 2.0, 4.0, 2.0, 6.0, 2.0, 2.0], [3.0, 4.0, 6.0, 2.0, 4.0, 3.0, 3.0, 2.0, 3.0, 4.0, 3.0, 4.0, 2.0, 4.0, 2.0, 2.0, 2.0, 3.0, 3.0, 2.0, 3.0, 3.0, 6.0, 2.0, 2.0, 5.0, 2.0, 2.0, 2.0, 3.0, 6.0, 2.0, 4.0, 6.0, 1.0, 2.0, 2.0, 4.0, 2.0, 4.0, 2.0, 2.0], [3.0, 3.0, 4.0, 2.0, 4.0, 3.0, 1.0, 2.0, 3.0, 5.0, 2.0, 4.0, 2.0, 4.0, 2.0, 2.0, 2.0, 3.0, 3.0, 2.0, 3.0, 3.0, 6.0, 2.0, 2.0, 5.0, 2.0, 2.0, 2.0, 3.0, 6.0, 2.0, 5.0, 6.0, 1.0, 2.0, 2.0, 4.0, 2.0, 6.0, 2.0, 2.0], [3.0, 2.0, 6.0, 2.0, 4.0, 4.0, 3.0, 2.0, 2.0, 3.0, 3.0, 6.0, 2.0, 4.0, 2.0, 2.0, 2.0, 3.0, 2.0, 2.0, 3.0, 3.0, 6.0, 2.0, 2.0, 5.0, 2.0, 3.0, 2.0, 6.0, 6.0, 2.0, 4.0, 5.0, 1.0, 2.0, 2.0, 4.0, 2.0, 6.0, 3.0, 2.0], [3.0, 3.0, 4.0, 2.0, 4.0, 6.0, 2.0, 2.0, 2.0, 4.0, 2.0, 6.0, 2.0, 4.0, 2.0, 2.0, 2.0, 4.0, 2.0, 2.0, 2.0, 3.0, 6.0, 2.0, 2.0, 5.0, 2.0, 2.0, 2.0, 4.0, 5.0, 2.0, 6.0, 6.0, 1.0, 2.0, 2.0, 4.0, 2.0, 6.0, 2.0, 2.0], [3.0, 4.0, 6.0, 2.0, 4.0, 3.0, 1.0, 2.0, 3.0, 5.0, 3.0, 6.0, 2.0, 4.0, 2.0, 2.0, 2.0, 3.0, 3.0, 2.0, 2.0, 3.0, 6.0, 2.0, 2.0, 5.0, 2.0, 2.0, 2.0, 5.0, 5.0, 2.0, 6.0, 6.0, 1.0, 2.0, 2.0, 4.0, 2.0, 4.0, 2.0, 2.0], [3.0, 3.0, 6.0, 2.0, 6.0, 3.0, 3.0, 2.0, 3.0, 6.0, 2.0, 6.0, 2.0, 4.0, 2.0, 2.0, 2.0, 4.0, 3.0, 2.0, 3.0, 3.0, 6.0, 2.0, 2.0, 5.0, 2.0, 3.0, 2.0, 3.0, 4.0, 2.0, 6.0, 6.0, 1.0, 2.0, 2.0, 4.0, 2.0, 4.0, 2.0, 2.0], [3.0, 4.0, 6.0, 2.0, 3.0, 3.0, 2.0, 2.0, 2.0, 4.0, 2.0, 6.0, 2.0, 4.0, 2.0, 2.0, 2.0, 3.0, 3.0, 2.0, 2.0, 5.0, 6.0, 2.0, 2.0, 5.0, 2.0, 2.0, 2.0, 4.0, 3.0, 2.0, 4.0, 6.0, 1.0, 2.0, 2.0, 4.0, 2.0, 6.0, 2.0, 2.0], [3.0, 3.0, 6.0, 2.0, 4.0, 3.0, 2.0, 2.0, 3.0, 5.0, 3.0, 6.0, 2.0, 4.0, 2.0, 2.0, 2.0, 3.0, 3.0, 2.0, 3.0, 3.0, 6.0, 2.0, 2.0, 5.0, 2.0, 2.0, 2.0, 6.0, 6.0, 1.0, 5.0, 6.0, 1.0, 2.0, 2.0, 4.0, 2.0, 6.0, 2.0, 2.0], [3.0, 4.0, 6.0, 2.0, 4.0, 3.0, 2.0, 2.0, 3.0, 4.0, 3.0, 6.0, 2.0, 3.0, 2.0, 2.0, 2.0, 3.0, 3.0, 2.0, 3.0, 3.0, 6.0, 2.0, 2.0, 5.0, 2.0, 4.0, 2.0, 4.0, 5.0, 2.0, 6.0, 6.0, 1.0, 2.0, 2.0, 4.0, 3.0, 4.0, 2.0, 2.0], [3.0, 6.0, 6.0, 2.0, 4.0, 4.0, 2.0, 2.0, 3.0, 4.0, 3.0, 6.0, 2.0, 4.0, 2.0, 2.0, 2.0, 3.0, 3.0, 2.0, 3.0, 3.0, 6.0, 2.0, 2.0, 5.0, 2.0, 2.0, 2.0, 3.0, 4.0, 2.0, 4.0, 6.0, 1.0, 2.0, 2.0, 5.0, 3.0, 6.0, 2.0, 2.0], [3.0, 3.0, 6.0, 2.0, 4.0, 3.0, 2.0, 2.0, 3.0, 5.0, 3.0, 6.0, 2.0, 4.0, 2.0, 2.0, 2.0, 3.0, 3.0, 2.0, 3.0, 3.0, 6.0, 2.0, 2.0, 5.0, 2.0, 2.0, 2.0, 4.0, 4.0, 2.0, 5.0, 6.0, 1.0, 2.0, 2.0, 4.0, 2.0, 4.0, 2.0, 2.0], [3.0, 3.0, 6.0, 2.0, 4.0, 4.0, 2.0, 2.0, 3.0, 6.0, 3.0, 6.0, 2.0, 4.0, 2.0, 2.0, 2.0, 3.0, 3.0, 2.0, 3.0, 3.0, 6.0, 2.0, 2.0, 5.0, 2.0, 2.0, 2.0, 4.0, 3.0, 2.0, 6.0, 6.0, 1.0, 2.0, 2.0, 4.0, 2.0, 6.0, 2.0, 2.0], [3.0, 4.0, 4.0, 2.0, 4.0, 3.0, 3.0, 2.0, 3.0, 4.0, 3.0, 6.0, 2.0, 4.0, 2.0, 2.0, 2.0, 3.0, 3.0, 2.0, 3.0, 3.0, 6.0, 2.0, 2.0, 5.0, 2.0, 2.0, 2.0, 4.0, 6.0, 2.0, 6.0, 6.0, 1.0, 2.0, 2.0, 4.0, 2.0, 6.0, 2.0, 2.0], [3.0, 3.0, 6.0, 3.0, 4.0, 3.0, 3.0, 2.0, 3.0, 4.0, 3.0, 4.0, 2.0, 4.0, 2.0, 2.0, 2.0, 3.0, 3.0, 2.0, 3.0, 3.0, 6.0, 3.0, 2.0, 5.0, 2.0, 2.0, 2.0, 3.0, 3.0, 2.0, 5.0, 6.0, 1.0, 2.0, 2.0, 4.0, 3.0, 4.0, 3.0, 2.0], [3.0, 5.0, 4.0, 2.0, 4.0, 5.0, 3.0, 2.0, 3.0, 5.0, 2.0, 6.0, 2.0, 4.0, 2.0, 2.0, 2.0, 3.0, 3.0, 2.0, 3.0, 3.0, 5.0, 2.0, 2.0, 5.0, 2.0, 4.0, 2.0, 4.0, 4.0, 2.0, 4.0, 6.0, 1.0, 2.0, 2.0, 4.0, 2.0, 6.0, 2.0, 2.0], [3.0, 3.0, 6.0, 2.0, 4.0, 4.0, 3.0, 2.0, 2.0, 5.0, 2.0, 6.0, 2.0, 4.0, 2.0, 2.0, 2.0, 3.0, 2.0, 2.0, 3.0, 3.0, 6.0, 2.0, 2.0, 5.0, 2.0, 2.0, 2.0, 4.0, 4.0, 2.0, 6.0, 5.0, 1.0, 2.0, 2.0, 4.0, 2.0, 6.0, 2.0, 2.0], [3.0, 3.0, 4.0, 2.0, 4.0, 6.0, 2.0, 2.0, 3.0, 4.0, 3.0, 4.0, 2.0, 4.0, 2.0, 2.0, 2.0, 3.0, 2.0, 2.0, 3.0, 3.0, 6.0, 2.0, 2.0, 5.0, 2.0, 2.0, 2.0, 4.0, 3.0, 2.0, 4.0, 5.0, 1.0, 2.0, 2.0, 4.0, 2.0, 6.0, 2.0, 2.0], [3.0, 3.0, 6.0, 2.0, 4.0, 3.0, 3.0, 2.0, 3.0, 5.0, 2.0, 6.0, 2.0, 4.0, 2.0, 2.0, 2.0, 3.0, 3.0, 2.0, 2.0, 3.0, 6.0, 2.0, 2.0, 5.0, 2.0, 3.0, 2.0, 4.0, 6.0, 2.0, 4.0, 6.0, 1.0, 2.0, 2.0, 4.0, 2.0, 6.0, 2.0, 2.0], [3.0, 4.0, 4.0, 2.0, 5.0, 4.0, 2.0, 2.0, 3.0, 5.0, 3.0, 6.0, 2.0, 4.0, 2.0, 2.0, 2.0, 3.0, 2.0, 2.0, 3.0, 3.0, 6.0, 2.0, 2.0, 5.0, 2.0, 3.0, 2.0, 4.0, 5.0, 2.0, 6.0, 6.0, 1.0, 2.0, 2.0, 4.0, 2.0, 6.0, 2.0, 2.0], [4.0, 3.0, 4.0, 2.0, 4.0, 4.0, 2.0, 2.0, 3.0, 5.0, 3.0, 6.0, 2.0, 4.0, 2.0, 2.0, 2.0, 3.0, 3.0, 2.0, 3.0, 5.0, 6.0, 2.0, 2.0, 5.0, 2.0, 2.0, 2.0, 4.0, 6.0, 2.0, 4.0, 6.0, 1.0, 2.0, 2.0, 4.0, 2.0, 4.0, 2.0, 2.0], [2.0, 4.0, 4.0, 2.0, 5.0, 3.0, 2.0, 2.0, 3.0, 6.0, 3.0, 6.0, 2.0, 4.0, 2.0, 2.0, 2.0, 3.0, 3.0, 2.0, 3.0, 3.0, 4.0, 2.0, 2.0, 5.0, 2.0, 2.0, 2.0, 4.0, 6.0, 2.0, 5.0, 6.0, 1.0, 2.0, 2.0, 4.0, 2.0, 6.0, 2.0, 2.0], [3.0, 4.0, 4.0, 2.0, 4.0, 3.0, 2.0, 2.0, 3.0, 6.0, 2.0, 6.0, 2.0, 4.0, 2.0, 2.0, 2.0, 3.0, 3.0, 2.0, 3.0, 3.0, 6.0, 2.0, 2.0, 5.0, 2.0, 2.0, 2.0, 4.0, 4.0, 2.0, 6.0, 6.0, 1.0, 2.0, 2.0, 4.0, 2.0, 4.0, 2.0, 2.0], [3.0, 2.0, 6.0, 2.0, 4.0, 4.0, 2.0, 2.0, 3.0, 4.0, 3.0, 4.0, 2.0, 4.0, 2.0, 2.0, 2.0, 3.0, 3.0, 2.0, 3.0, 3.0, 6.0, 2.0, 2.0, 5.0, 2.0, 2.0, 2.0, 5.0, 6.0, 2.0, 6.0, 6.0, 1.0, 2.0, 2.0, 4.0, 2.0, 6.0, 2.0, 2.0], [3.0, 4.0, 6.0, 2.0, 4.0, 3.0, 3.0, 2.0, 3.0, 4.0, 2.0, 6.0, 2.0, 4.0, 2.0, 2.0, 2.0, 3.0, 3.0, 2.0, 3.0, 6.0, 6.0, 2.0, 2.0, 5.0, 2.0, 2.0, 2.0, 3.0, 3.0, 2.0, 5.0, 6.0, 1.0, 2.0, 2.0, 4.0, 3.0, 4.0, 3.0, 2.0], [3.0, 4.0, 6.0, 2.0, 4.0, 3.0, 3.0, 2.0, 3.0, 4.0, 3.0, 6.0, 2.0, 4.0, 2.0, 2.0, 2.0, 3.0, 2.0, 2.0, 3.0, 6.0, 6.0, 2.0, 2.0, 5.0, 2.0, 3.0, 2.0, 4.0, 5.0, 2.0, 6.0, 6.0, 1.0, 2.0, 2.0, 4.0, 2.0, 4.0, 2.0, 2.0], [3.0, 3.0, 4.0, 2.0, 3.0, 3.0, 3.0, 2.0, 3.0, 5.0, 3.0, 6.0, 2.0, 4.0, 2.0, 2.0, 2.0, 3.0, 3.0, 2.0, 3.0, 3.0, 6.0, 3.0, 2.0, 5.0, 2.0, 3.0, 2.0, 4.0, 3.0, 2.0, 4.0, 6.0, 1.0, 2.0, 2.0, 4.0, 2.0, 5.0, 2.0, 2.0], [3.0, 4.0, 6.0, 2.0, 6.0, 6.0, 3.0, 2.0, 3.0, 5.0, 2.0, 6.0, 2.0, 4.0, 2.0, 2.0, 2.0, 3.0, 3.0, 2.0, 3.0, 3.0, 6.0, 2.0, 2.0, 5.0, 2.0, 4.0, 2.0, 4.0, 4.0, 2.0, 6.0, 6.0, 1.0, 2.0, 2.0, 4.0, 2.0, 6.0, 2.0, 2.0], [4.0, 4.0, 4.0, 2.0, 4.0, 3.0, 2.0, 2.0, 3.0, 6.0, 3.0, 6.0, 2.0, 4.0, 2.0, 2.0, 2.0, 3.0, 3.0, 2.0, 3.0, 3.0, 5.0, 2.0, 2.0, 5.0, 2.0, 2.0, 2.0, 4.0, 5.0, 2.0, 6.0, 6.0, 1.0, 2.0, 2.0, 4.0, 3.0, 4.0, 2.0, 2.0], [3.0, 3.0, 4.0, 2.0, 4.0, 3.0, 2.0, 2.0, 3.0, 4.0, 3.0, 6.0, 2.0, 4.0, 2.0, 2.0, 2.0, 3.0, 2.0, 2.0, 2.0, 3.0, 6.0, 2.0, 2.0, 5.0, 2.0, 2.0, 2.0, 4.0, 4.0, 2.0, 5.0, 6.0, 1.0, 2.0, 2.0, 4.0, 2.0, 6.0, 2.0, 2.0], [3.0, 5.0, 6.0, 2.0, 4.0, 4.0, 3.0, 2.0, 3.0, 4.0, 2.0, 4.0, 2.0, 4.0, 2.0, 2.0, 2.0, 3.0, 3.0, 2.0, 3.0, 3.0, 6.0, 2.0, 2.0, 5.0, 2.0, 2.0, 2.0, 4.0, 6.0, 2.0, 4.0, 6.0, 1.0, 2.0, 2.0, 4.0, 2.0, 4.0, 3.0, 2.0], [3.0, 5.0, 4.0, 2.0, 4.0, 3.0, 2.0, 2.0, 3.0, 5.0, 3.0, 4.0, 2.0, 4.0, 2.0, 2.0, 2.0, 3.0, 3.0, 2.0, 3.0, 3.0, 6.0, 2.0, 2.0, 5.0, 2.0, 2.0, 2.0, 4.0, 5.0, 2.0, 6.0, 6.0, 1.0, 2.0, 2.0, 4.0, 2.0, 4.0, 2.0, 2.0], [4.0, 3.0, 4.0, 2.0, 4.0, 3.0, 2.0, 2.0, 3.0, 4.0, 3.0, 6.0, 2.0, 4.0, 2.0, 2.0, 2.0, 3.0, 3.0, 2.0, 3.0, 3.0, 6.0, 2.0, 2.0, 5.0, 2.0, 4.0, 2.0, 4.0, 6.0, 2.0, 6.0, 6.0, 1.0, 2.0, 2.0, 4.0, 3.0, 6.0, 2.0, 2.0], [3.0, 3.0, 4.0, 2.0, 3.0, 3.0, 3.0, 2.0, 3.0, 5.0, 3.0, 6.0, 2.0, 4.0, 2.0, 2.0, 2.0, 3.0, 3.0, 2.0, 2.0, 3.0, 6.0, 2.0, 2.0, 5.0, 2.0, 2.0, 2.0, 5.0, 6.0, 2.0, 6.0, 6.0, 1.0, 2.0, 2.0, 5.0, 3.0, 4.0, 2.0, 2.0], [3.0, 3.0, 4.0, 2.0, 4.0, 4.0, 2.0, 2.0, 2.0, 4.0, 3.0, 4.0, 1.0, 4.0, 2.0, 2.0, 2.0, 4.0, 3.0, 2.0, 3.0, 3.0, 6.0, 2.0, 2.0, 5.0, 2.0, 2.0, 2.0, 4.0, 6.0, 2.0, 4.0, 6.0, 1.0, 2.0, 2.0, 4.0, 2.0, 6.0, 3.0, 2.0], [4.0, 2.0, 6.0, 2.0, 3.0, 5.0, 3.0, 2.0, 3.0, 6.0, 3.0, 4.0, 1.0, 4.0, 2.0, 2.0, 2.0, 3.0, 3.0, 2.0, 3.0, 3.0, 6.0, 2.0, 2.0, 5.0, 2.0, 2.0, 2.0, 4.0, 6.0, 2.0, 6.0, 6.0, 1.0, 2.0, 2.0, 4.0, 2.0, 4.0, 2.0, 2.0], [3.0, 4.0, 4.0, 2.0, 4.0, 6.0, 3.0, 2.0, 3.0, 5.0, 3.0, 6.0, 2.0, 4.0, 2.0, 2.0, 2.0, 3.0, 3.0, 2.0, 2.0, 3.0, 6.0, 2.0, 2.0, 5.0, 2.0, 2.0, 2.0, 6.0, 4.0, 2.0, 6.0, 6.0, 1.0, 2.0, 2.0, 4.0, 2.0, 6.0, 2.0, 2.0], [3.0, 3.0, 6.0, 2.0, 6.0, 5.0, 3.0, 2.0, 3.0, 6.0, 2.0, 6.0, 2.0, 4.0, 2.0, 2.0, 2.0, 3.0, 3.0, 2.0, 3.0, 3.0, 4.0, 2.0, 2.0, 5.0, 2.0, 2.0, 2.0, 4.0, 6.0, 2.0, 4.0, 6.0, 1.0, 2.0, 2.0, 4.0, 2.0, 6.0, 2.0, 2.0], [3.0, 4.0, 4.0, 2.0, 5.0, 3.0, 3.0, 2.0, 3.0, 4.0, 2.0, 6.0, 2.0, 4.0, 2.0, 2.0, 2.0, 3.0, 3.0, 2.0, 3.0, 3.0, 6.0, 2.0, 2.0, 5.0, 2.0, 2.0, 2.0, 4.0, 5.0, 2.0, 4.0, 6.0, 1.0, 2.0, 2.0, 4.0, 2.0, 4.0, 2.0, 2.0], [3.0, 4.0, 6.0, 2.0, 4.0, 5.0, 3.0, 2.0, 3.0, 4.0, 2.0, 6.0, 2.0, 4.0, 2.0, 2.0, 2.0, 3.0, 3.0, 2.0, 3.0, 5.0, 6.0, 2.0, 2.0, 5.0, 2.0, 2.0, 2.0, 4.0, 3.0, 2.0, 4.0, 6.0, 1.0, 2.0, 2.0, 4.0, 2.0, 4.0, 2.0, 2.0], [4.0, 2.0, 6.0, 2.0, 5.0, 4.0, 2.0, 2.0, 3.0, 5.0, 3.0, 6.0, 2.0, 4.0, 2.0, 2.0, 2.0, 4.0, 3.0, 2.0, 3.0, 3.0, 6.0, 2.0, 2.0, 5.0, 2.0, 2.0, 2.0, 6.0, 4.0, 2.0, 6.0, 6.0, 1.0, 2.0, 2.0, 4.0, 2.0, 6.0, 3.0, 2.0], [3.0, 2.0, 6.0, 2.0, 6.0, 3.0, 2.0, 2.0, 3.0, 5.0, 2.0, 4.0, 2.0, 4.0, 2.0, 2.0, 2.0, 3.0, 3.0, 2.0, 3.0, 3.0, 6.0, 2.0, 2.0, 5.0, 2.0, 2.0, 2.0, 3.0, 3.0, 2.0, 6.0, 6.0, 1.0, 2.0, 2.0, 4.0, 2.0, 4.0, 2.0, 2.0], [3.0, 4.0, 6.0, 2.0, 6.0, 3.0, 3.0, 2.0, 3.0, 3.0, 3.0, 6.0, 2.0, 4.0, 2.0, 2.0, 2.0, 3.0, 3.0, 2.0, 3.0, 3.0, 6.0, 2.0, 2.0, 5.0, 2.0, 2.0, 2.0, 4.0, 4.0, 2.0, 6.0, 6.0, 1.0, 2.0, 2.0, 4.0, 2.0, 4.0, 2.0, 2.0], [3.0, 3.0, 4.0, 2.0, 4.0, 4.0, 2.0, 2.0, 2.0, 5.0, 3.0, 6.0, 2.0, 4.0, 2.0, 2.0, 2.0, 3.0, 3.0, 2.0, 3.0, 3.0, 6.0, 2.0, 2.0, 5.0, 2.0, 3.0, 2.0, 4.0, 3.0, 2.0, 4.0, 6.0, 1.0, 2.0, 2.0, 4.0, 2.0, 6.0, 2.0, 2.0], [3.0, 3.0, 4.0, 2.0, 4.0, 3.0, 2.0, 2.0, 3.0, 6.0, 3.0, 4.0, 1.0, 4.0, 2.0, 2.0, 2.0, 4.0, 3.0, 2.0, 3.0, 3.0, 6.0, 2.0, 2.0, 5.0, 2.0, 2.0, 2.0, 4.0, 3.0, 2.0, 6.0, 6.0, 1.0, 2.0, 2.0, 4.0, 2.0, 6.0, 2.0, 2.0]]

first layer check: Conv2d(9, 64, kernel_size=(7, 7), stride=(2, 2), padding=(3, 3), bias=False)

for model 3: mode acc: 0.4761904776096344, run mean acc: 0.4595833718776703, top-2 acc:0.7979166507720947, mode f1: 0.4761904776096344

model 3 mode preds
[3.0, 3.0, 6.0, 2.0, 6.0, 6.0, 1.0, 1.0, 3.0, 6.0, 3.0, 6.0, 1.0, 5.0, 2.0, 1.0, 2.0, 3.0, 3.0, 1.0, 2.0, 5.0, 6.0, 1.0, 2.0, 5.0, 2.0, 3.0, 2.0, 4.0, 6.0, 1.0, 6.0, 6.0, 1.0, 1.0, 2.0, 5.0, 2.0, 6.0, 2.0, 1.0]

model 3 all preds
[[3.0, 3.0, 6.0, 2.0, 6.0, 6.0, 1.0, 1.0, 3.0, 6.0, 2.0, 6.0, 1.0, 5.0, 2.0, 1.0, 2.0, 3.0, 3.0, 1.0, 2.0, 5.0, 6.0, 1.0, 2.0, 5.0, 2.0, 4.0, 2.0, 3.0, 6.0, 1.0, 6.0, 6.0, 1.0, 1.0, 2.0, 5.0, 1.0, 3.0, 2.0, 1.0], [3.0, 3.0, 6.0, 2.0, 3.0, 6.0, 1.0, 2.0, 3.0, 5.0, 3.0, 6.0, 1.0, 3.0, 1.0, 1.0, 2.0, 3.0, 2.0, 1.0, 1.0, 3.0, 6.0, 1.0, 2.0, 5.0, 2.0, 3.0, 2.0, 6.0, 3.0, 1.0, 6.0, 6.0, 1.0, 1.0, 2.0, 5.0, 2.0, 6.0, 3.0, 1.0], [3.0, 5.0, 6.0, 2.0, 6.0, 6.0, 3.0, 1.0, 3.0, 6.0, 3.0, 6.0, 2.0, 5.0, 2.0, 1.0, 2.0, 3.0, 3.0, 1.0, 2.0, 3.0, 6.0, 1.0, 2.0, 5.0, 2.0, 4.0, 1.0, 6.0, 6.0, 1.0, 6.0, 6.0, 1.0, 1.0, 2.0, 5.0, 2.0, 6.0, 3.0, 1.0], [3.0, 3.0, 6.0, 2.0, 6.0, 3.0, 1.0, 2.0, 3.0, 5.0, 3.0, 3.0, 1.0, 3.0, 2.0, 1.0, 2.0, 3.0, 2.0, 1.0, 1.0, 3.0, 6.0, 1.0, 2.0, 5.0, 2.0, 3.0, 2.0, 3.0, 6.0, 1.0, 6.0, 5.0, 1.0, 1.0, 2.0, 6.0, 1.0, 6.0, 2.0, 1.0], [5.0, 3.0, 6.0, 1.0, 6.0, 3.0, 1.0, 2.0, 3.0, 6.0, 3.0, 6.0, 1.0, 5.0, 1.0, 1.0, 2.0, 3.0, 2.0, 1.0, 2.0, 3.0, 6.0, 1.0, 2.0, 5.0, 2.0, 3.0, 2.0, 4.0, 6.0, 1.0, 6.0, 6.0, 1.0, 1.0, 2.0, 5.0, 2.0, 6.0, 2.0, 1.0], [3.0, 3.0, 6.0, 1.0, 5.0, 6.0, 1.0, 2.0, 3.0, 5.0, 3.0, 6.0, 1.0, 3.0, 2.0, 1.0, 2.0, 3.0, 3.0, 1.0, 1.0, 5.0, 6.0, 1.0, 2.0, 5.0, 2.0, 3.0, 2.0, 6.0, 6.0, 1.0, 6.0, 6.0, 1.0, 1.0, 2.0, 5.0, 2.0, 6.0, 2.0, 1.0], [3.0, 3.0, 6.0, 1.0, 6.0, 3.0, 1.0, 1.0, 3.0, 6.0, 3.0, 6.0, 2.0, 5.0, 2.0, 1.0, 2.0, 3.0, 3.0, 2.0, 2.0, 5.0, 6.0, 1.0, 2.0, 5.0, 2.0, 4.0, 2.0, 4.0, 6.0, 2.0, 6.0, 6.0, 1.0, 1.0, 2.0, 5.0, 1.0, 6.0, 2.0, 1.0], [3.0, 5.0, 6.0, 1.0, 3.0, 6.0, 1.0, 2.0, 3.0, 5.0, 3.0, 6.0, 1.0, 5.0, 2.0, 1.0, 2.0, 3.0, 3.0, 1.0, 2.0, 5.0, 6.0, 1.0, 2.0, 5.0, 2.0, 3.0, 2.0, 5.0, 3.0, 2.0, 6.0, 6.0, 1.0, 1.0, 2.0, 5.0, 1.0, 6.0, 2.0, 1.0], [3.0, 3.0, 6.0, 2.0, 6.0, 3.0, 1.0, 1.0, 3.0, 3.0, 3.0, 6.0, 1.0, 5.0, 1.0, 1.0, 2.0, 3.0, 3.0, 1.0, 2.0, 5.0, 6.0, 1.0, 2.0, 5.0, 2.0, 3.0, 2.0, 4.0, 3.0, 1.0, 6.0, 6.0, 1.0, 1.0, 2.0, 5.0, 2.0, 6.0, 2.0, 2.0], [3.0, 3.0, 6.0, 1.0, 6.0, 2.0, 3.0, 1.0, 3.0, 6.0, 3.0, 6.0, 1.0, 5.0, 2.0, 1.0, 2.0, 3.0, 3.0, 1.0, 2.0, 5.0, 6.0, 2.0, 2.0, 5.0, 2.0, 3.0, 2.0, 6.0, 6.0, 1.0, 6.0, 6.0, 1.0, 1.0, 2.0, 5.0, 1.0, 6.0, 2.0, 1.0], [3.0, 3.0, 6.0, 2.0, 6.0, 6.0, 1.0, 1.0, 3.0, 6.0, 3.0, 6.0, 1.0, 5.0, 2.0, 1.0, 2.0, 3.0, 3.0, 1.0, 2.0, 5.0, 6.0, 2.0, 2.0, 5.0, 2.0, 3.0, 2.0, 3.0, 6.0, 1.0, 6.0, 6.0, 1.0, 1.0, 2.0, 5.0, 2.0, 6.0, 2.0, 1.0], [3.0, 3.0, 6.0, 2.0, 6.0, 6.0, 1.0, 1.0, 3.0, 6.0, 3.0, 6.0, 2.0, 5.0, 2.0, 1.0, 2.0, 3.0, 3.0, 1.0, 2.0, 5.0, 6.0, 2.0, 2.0, 5.0, 2.0, 3.0, 2.0, 3.0, 6.0, 1.0, 6.0, 5.0, 1.0, 1.0, 2.0, 3.0, 2.0, 6.0, 2.0, 1.0], [3.0, 3.0, 6.0, 2.0, 6.0, 3.0, 3.0, 2.0, 3.0, 5.0, 2.0, 6.0, 2.0, 5.0, 1.0, 1.0, 2.0, 3.0, 3.0, 1.0, 2.0, 5.0, 6.0, 1.0, 2.0, 5.0, 2.0, 2.0, 2.0, 4.0, 6.0, 1.0, 6.0, 6.0, 1.0, 1.0, 2.0, 5.0, 2.0, 6.0, 2.0, 1.0], [3.0, 3.0, 3.0, 1.0, 6.0, 3.0, 1.0, 1.0, 3.0, 3.0, 3.0, 6.0, 1.0, 5.0, 1.0, 1.0, 2.0, 3.0, 3.0, 1.0, 2.0, 5.0, 6.0, 1.0, 2.0, 5.0, 2.0, 2.0, 2.0, 6.0, 6.0, 1.0, 6.0, 6.0, 1.0, 1.0, 2.0, 3.0, 2.0, 6.0, 2.0, 1.0], [3.0, 3.0, 6.0, 1.0, 3.0, 3.0, 1.0, 2.0, 3.0, 5.0, 2.0, 6.0, 1.0, 3.0, 1.0, 1.0, 2.0, 3.0, 3.0, 1.0, 2.0, 3.0, 6.0, 1.0, 2.0, 5.0, 2.0, 3.0, 2.0, 4.0, 6.0, 1.0, 6.0, 6.0, 1.0, 1.0, 2.0, 5.0, 2.0, 6.0, 2.0, 1.0], [3.0, 6.0, 6.0, 2.0, 6.0, 3.0, 2.0, 1.0, 3.0, 6.0, 1.0, 6.0, 1.0, 3.0, 2.0, 1.0, 2.0, 3.0, 2.0, 1.0, 2.0, 5.0, 6.0, 2.0, 2.0, 5.0, 2.0, 3.0, 2.0, 4.0, 6.0, 1.0, 6.0, 6.0, 1.0, 1.0, 2.0, 5.0, 2.0, 6.0, 2.0, 1.0], [2.0, 3.0, 6.0, 2.0, 6.0, 5.0, 2.0, 2.0, 3.0, 5.0, 3.0, 6.0, 1.0, 5.0, 1.0, 1.0, 2.0, 3.0, 3.0, 1.0, 1.0, 5.0, 6.0, 1.0, 2.0, 5.0, 2.0, 2.0, 2.0, 4.0, 6.0, 1.0, 5.0, 6.0, 1.0, 2.0, 2.0, 5.0, 2.0, 6.0, 2.0, 1.0], [3.0, 3.0, 6.0, 2.0, 6.0, 6.0, 1.0, 1.0, 3.0, 6.0, 3.0, 6.0, 1.0, 3.0, 2.0, 1.0, 2.0, 3.0, 3.0, 1.0, 1.0, 5.0, 6.0, 1.0, 2.0, 5.0, 2.0, 3.0, 2.0, 3.0, 3.0, 1.0, 6.0, 6.0, 1.0, 1.0, 2.0, 5.0, 1.0, 3.0, 4.0, 1.0], [3.0, 3.0, 6.0, 2.0, 6.0, 3.0, 3.0, 2.0, 3.0, 3.0, 3.0, 6.0, 2.0, 5.0, 1.0, 1.0, 2.0, 3.0, 2.0, 2.0, 2.0, 3.0, 6.0, 1.0, 2.0, 5.0, 2.0, 2.0, 2.0, 3.0, 3.0, 1.0, 6.0, 6.0, 1.0, 1.0, 2.0, 3.0, 2.0, 6.0, 2.0, 1.0], [3.0, 2.0, 6.0, 1.0, 6.0, 6.0, 1.0, 2.0, 3.0, 3.0, 3.0, 6.0, 1.0, 6.0, 2.0, 1.0, 2.0, 3.0, 2.0, 1.0, 2.0, 5.0, 6.0, 1.0, 2.0, 5.0, 2.0, 2.0, 2.0, 6.0, 6.0, 1.0, 6.0, 6.0, 1.0, 1.0, 2.0, 3.0, 2.0, 6.0, 2.0, 1.0], [3.0, 3.0, 6.0, 2.0, 5.0, 6.0, 1.0, 1.0, 3.0, 5.0, 2.0, 6.0, 1.0, 5.0, 1.0, 1.0, 2.0, 3.0, 2.0, 2.0, 2.0, 5.0, 6.0, 1.0, 2.0, 5.0, 2.0, 3.0, 2.0, 5.0, 5.0, 2.0, 6.0, 5.0, 1.0, 1.0, 2.0, 5.0, 2.0, 6.0, 2.0, 1.0], [5.0, 3.0, 6.0, 2.0, 6.0, 6.0, 1.0, 1.0, 3.0, 6.0, 3.0, 6.0, 1.0, 3.0, 2.0, 1.0, 2.0, 3.0, 3.0, 1.0, 2.0, 5.0, 6.0, 1.0, 2.0, 5.0, 2.0, 2.0, 2.0, 5.0, 6.0, 2.0, 6.0, 6.0, 1.0, 1.0, 2.0, 5.0, 2.0, 5.0, 2.0, 1.0], [3.0, 3.0, 6.0, 2.0, 6.0, 5.0, 1.0, 2.0, 3.0, 6.0, 1.0, 6.0, 1.0, 3.0, 1.0, 1.0, 2.0, 3.0, 3.0, 2.0, 2.0, 5.0, 6.0, 1.0, 2.0, 5.0, 2.0, 3.0, 2.0, 4.0, 3.0, 1.0, 6.0, 6.0, 1.0, 1.0, 2.0, 5.0, 2.0, 6.0, 2.0, 1.0], [3.0, 3.0, 6.0, 2.0, 6.0, 6.0, 2.0, 2.0, 3.0, 5.0, 3.0, 6.0, 1.0, 3.0, 1.0, 1.0, 2.0, 3.0, 2.0, 1.0, 2.0, 5.0, 6.0, 2.0, 2.0, 5.0, 2.0, 2.0, 2.0, 4.0, 6.0, 1.0, 6.0, 6.0, 1.0, 1.0, 2.0, 3.0, 1.0, 6.0, 2.0, 1.0], [3.0, 6.0, 6.0, 1.0, 6.0, 3.0, 1.0, 1.0, 3.0, 5.0, 2.0, 6.0, 1.0, 3.0, 2.0, 1.0, 2.0, 3.0, 2.0, 1.0, 2.0, 3.0, 6.0, 1.0, 2.0, 5.0, 2.0, 4.0, 2.0, 5.0, 6.0, 1.0, 6.0, 6.0, 1.0, 1.0, 2.0, 3.0, 1.0, 6.0, 2.0, 1.0], [3.0, 3.0, 6.0, 2.0, 5.0, 3.0, 1.0, 1.0, 3.0, 6.0, 3.0, 6.0, 1.0, 3.0, 2.0, 1.0, 2.0, 3.0, 3.0, 1.0, 2.0, 3.0, 6.0, 1.0, 2.0, 5.0, 2.0, 2.0, 2.0, 4.0, 6.0, 1.0, 6.0, 6.0, 1.0, 1.0, 2.0, 6.0, 2.0, 6.0, 2.0, 1.0], [3.0, 3.0, 6.0, 1.0, 6.0, 3.0, 2.0, 1.0, 3.0, 6.0, 3.0, 6.0, 1.0, 3.0, 2.0, 1.0, 2.0, 3.0, 3.0, 1.0, 2.0, 5.0, 6.0, 2.0, 2.0, 5.0, 2.0, 2.0, 2.0, 6.0, 6.0, 1.0, 6.0, 6.0, 1.0, 1.0, 2.0, 5.0, 2.0, 6.0, 2.0, 1.0], [3.0, 3.0, 6.0, 1.0, 6.0, 6.0, 1.0, 1.0, 3.0, 5.0, 2.0, 6.0, 1.0, 5.0, 2.0, 1.0, 2.0, 1.0, 3.0, 2.0, 2.0, 5.0, 6.0, 1.0, 2.0, 5.0, 2.0, 3.0, 2.0, 3.0, 6.0, 1.0, 6.0, 6.0, 1.0, 1.0, 2.0, 5.0, 2.0, 6.0, 2.0, 1.0], [3.0, 5.0, 6.0, 1.0, 6.0, 5.0, 1.0, 1.0, 3.0, 3.0, 3.0, 6.0, 1.0, 3.0, 1.0, 1.0, 2.0, 3.0, 3.0, 1.0, 2.0, 3.0, 6.0, 1.0, 2.0, 5.0, 2.0, 3.0, 2.0, 4.0, 6.0, 1.0, 6.0, 6.0, 1.0, 1.0, 2.0, 5.0, 2.0, 6.0, 2.0, 2.0], [3.0, 5.0, 6.0, 1.0, 6.0, 6.0, 1.0, 2.0, 3.0, 6.0, 3.0, 6.0, 1.0, 3.0, 2.0, 1.0, 2.0, 3.0, 2.0, 1.0, 2.0, 5.0, 6.0, 2.0, 2.0, 5.0, 2.0, 4.0, 2.0, 4.0, 6.0, 1.0, 6.0, 6.0, 1.0, 1.0, 2.0, 5.0, 2.0, 6.0, 2.0, 1.0], [3.0, 3.0, 6.0, 1.0, 6.0, 5.0, 2.0, 2.0, 3.0, 6.0, 3.0, 6.0, 1.0, 3.0, 2.0, 1.0, 2.0, 3.0, 2.0, 1.0, 2.0, 5.0, 6.0, 3.0, 2.0, 5.0, 2.0, 2.0, 2.0, 5.0, 6.0, 1.0, 6.0, 6.0, 1.0, 1.0, 2.0, 3.0, 1.0, 6.0, 2.0, 1.0], [3.0, 3.0, 6.0, 1.0, 5.0, 6.0, 1.0, 1.0, 3.0, 6.0, 2.0, 3.0, 1.0, 3.0, 2.0, 1.0, 2.0, 3.0, 2.0, 1.0, 2.0, 5.0, 6.0, 1.0, 2.0, 5.0, 2.0, 4.0, 1.0, 6.0, 6.0, 1.0, 6.0, 6.0, 1.0, 1.0, 2.0, 3.0, 2.0, 6.0, 3.0, 1.0], [3.0, 3.0, 6.0, 2.0, 6.0, 6.0, 1.0, 1.0, 3.0, 6.0, 3.0, 6.0, 1.0, 6.0, 1.0, 1.0, 2.0, 3.0, 3.0, 1.0, 2.0, 3.0, 6.0, 1.0, 2.0, 5.0, 2.0, 2.0, 2.0, 6.0, 6.0, 1.0, 5.0, 6.0, 1.0, 1.0, 2.0, 5.0, 2.0, 6.0, 4.0, 1.0], [2.0, 3.0, 6.0, 2.0, 6.0, 5.0, 2.0, 1.0, 3.0, 6.0, 1.0, 6.0, 1.0, 3.0, 1.0, 1.0, 2.0, 3.0, 3.0, 1.0, 2.0, 5.0, 6.0, 1.0, 2.0, 5.0, 2.0, 3.0, 1.0, 4.0, 6.0, 1.0, 6.0, 6.0, 1.0, 1.0, 2.0, 5.0, 2.0, 6.0, 3.0, 1.0], [3.0, 3.0, 6.0, 1.0, 5.0, 6.0, 2.0, 1.0, 3.0, 6.0, 3.0, 6.0, 1.0, 5.0, 1.0, 1.0, 2.0, 3.0, 3.0, 1.0, 2.0, 3.0, 6.0, 2.0, 2.0, 5.0, 2.0, 3.0, 1.0, 3.0, 6.0, 1.0, 6.0, 5.0, 1.0, 1.0, 2.0, 5.0, 1.0, 6.0, 3.0, 1.0], [3.0, 5.0, 6.0, 2.0, 5.0, 3.0, 2.0, 1.0, 3.0, 6.0, 3.0, 6.0, 1.0, 3.0, 2.0, 1.0, 2.0, 3.0, 3.0, 1.0, 2.0, 3.0, 6.0, 1.0, 2.0, 5.0, 2.0, 3.0, 2.0, 4.0, 6.0, 1.0, 6.0, 6.0, 1.0, 1.0, 2.0, 5.0, 1.0, 6.0, 2.0, 1.0], [3.0, 5.0, 6.0, 1.0, 5.0, 5.0, 1.0, 2.0, 3.0, 6.0, 3.0, 6.0, 1.0, 6.0, 2.0, 1.0, 2.0, 3.0, 2.0, 1.0, 2.0, 5.0, 6.0, 1.0, 2.0, 5.0, 2.0, 4.0, 2.0, 5.0, 6.0, 1.0, 6.0, 6.0, 1.0, 1.0, 2.0, 5.0, 1.0, 6.0, 2.0, 1.0], [4.0, 5.0, 6.0, 2.0, 5.0, 6.0, 2.0, 2.0, 3.0, 6.0, 3.0, 6.0, 1.0, 5.0, 1.0, 1.0, 2.0, 3.0, 3.0, 1.0, 2.0, 5.0, 6.0, 1.0, 2.0, 5.0, 2.0, 3.0, 2.0, 3.0, 6.0, 1.0, 6.0, 6.0, 1.0, 1.0, 2.0, 5.0, 2.0, 6.0, 2.0, 1.0], [3.0, 3.0, 6.0, 2.0, 3.0, 6.0, 1.0, 2.0, 3.0, 5.0, 3.0, 6.0, 1.0, 5.0, 2.0, 1.0, 2.0, 3.0, 3.0, 1.0, 2.0, 5.0, 6.0, 1.0, 2.0, 5.0, 2.0, 2.0, 2.0, 3.0, 6.0, 1.0, 6.0, 6.0, 1.0, 1.0, 2.0, 5.0, 2.0, 6.0, 2.0, 1.0], [3.0, 3.0, 6.0, 2.0, 6.0, 5.0, 1.0, 2.0, 3.0, 6.0, 2.0, 6.0, 1.0, 3.0, 2.0, 1.0, 2.0, 3.0, 2.0, 1.0, 2.0, 3.0, 5.0, 1.0, 2.0, 5.0, 2.0, 2.0, 2.0, 3.0, 6.0, 1.0, 6.0, 6.0, 1.0, 1.0, 2.0, 5.0, 2.0, 6.0, 2.0, 2.0], [3.0, 3.0, 6.0, 2.0, 6.0, 3.0, 1.0, 2.0, 3.0, 6.0, 3.0, 6.0, 1.0, 3.0, 1.0, 1.0, 2.0, 3.0, 3.0, 2.0, 2.0, 5.0, 6.0, 2.0, 2.0, 5.0, 2.0, 2.0, 2.0, 4.0, 3.0, 1.0, 5.0, 6.0, 1.0, 1.0, 2.0, 3.0, 1.0, 6.0, 2.0, 1.0], [3.0, 3.0, 6.0, 1.0, 6.0, 3.0, 1.0, 2.0, 3.0, 6.0, 3.0, 6.0, 1.0, 5.0, 1.0, 1.0, 2.0, 3.0, 3.0, 1.0, 2.0, 3.0, 6.0, 1.0, 2.0, 5.0, 2.0, 4.0, 1.0, 6.0, 6.0, 1.0, 6.0, 6.0, 1.0, 1.0, 2.0, 5.0, 2.0, 6.0, 2.0, 1.0], [3.0, 3.0, 6.0, 2.0, 6.0, 3.0, 2.0, 1.0, 3.0, 5.0, 2.0, 6.0, 1.0, 5.0, 1.0, 1.0, 2.0, 3.0, 2.0, 1.0, 2.0, 3.0, 6.0, 1.0, 2.0, 5.0, 2.0, 2.0, 2.0, 4.0, 6.0, 1.0, 6.0, 6.0, 1.0, 2.0, 2.0, 5.0, 2.0, 6.0, 2.0, 1.0], [3.0, 3.0, 6.0, 2.0, 5.0, 6.0, 1.0, 1.0, 3.0, 6.0, 3.0, 6.0, 2.0, 5.0, 1.0, 1.0, 2.0, 3.0, 2.0, 1.0, 2.0, 3.0, 6.0, 1.0, 2.0, 5.0, 2.0, 4.0, 2.0, 6.0, 3.0, 1.0, 6.0, 6.0, 1.0, 1.0, 2.0, 5.0, 1.0, 6.0, 2.0, 1.0], [3.0, 3.0, 6.0, 1.0, 6.0, 6.0, 1.0, 1.0, 3.0, 6.0, 2.0, 6.0, 1.0, 3.0, 1.0, 1.0, 2.0, 3.0, 2.0, 1.0, 2.0, 5.0, 6.0, 1.0, 2.0, 5.0, 2.0, 3.0, 1.0, 4.0, 6.0, 1.0, 6.0, 6.0, 1.0, 1.0, 2.0, 5.0, 2.0, 6.0, 2.0, 1.0], [3.0, 3.0, 6.0, 2.0, 6.0, 6.0, 1.0, 1.0, 3.0, 5.0, 3.0, 6.0, 1.0, 3.0, 1.0, 1.0, 2.0, 1.0, 2.0, 1.0, 2.0, 5.0, 6.0, 1.0, 2.0, 5.0, 2.0, 4.0, 2.0, 3.0, 6.0, 1.0, 6.0, 6.0, 1.0, 1.0, 2.0, 5.0, 2.0, 6.0, 2.0, 1.0], [3.0, 3.0, 6.0, 1.0, 5.0, 3.0, 1.0, 1.0, 3.0, 6.0, 3.0, 6.0, 1.0, 5.0, 2.0, 1.0, 2.0, 3.0, 2.0, 2.0, 2.0, 5.0, 6.0, 1.0, 2.0, 5.0, 2.0, 2.0, 1.0, 4.0, 6.0, 1.0, 5.0, 6.0, 1.0, 1.0, 2.0, 5.0, 2.0, 6.0, 2.0, 1.0], [5.0, 3.0, 6.0, 2.0, 6.0, 3.0, 1.0, 1.0, 3.0, 5.0, 3.0, 6.0, 1.0, 3.0, 1.0, 1.0, 2.0, 3.0, 3.0, 2.0, 2.0, 3.0, 6.0, 1.0, 2.0, 5.0, 2.0, 2.0, 2.0, 4.0, 6.0, 1.0, 6.0, 6.0, 1.0, 1.0, 2.0, 3.0, 1.0, 6.0, 2.0, 1.0], [3.0, 3.0, 6.0, 2.0, 6.0, 5.0, 2.0, 1.0, 3.0, 6.0, 3.0, 6.0, 1.0, 5.0, 2.0, 1.0, 2.0, 3.0, 2.0, 2.0, 2.0, 5.0, 6.0, 1.0, 2.0, 5.0, 2.0, 3.0, 1.0, 4.0, 6.0, 1.0, 5.0, 6.0, 1.0, 1.0, 2.0, 5.0, 2.0, 6.0, 2.0, 1.0], [3.0, 3.0, 6.0, 2.0, 3.0, 6.0, 2.0, 2.0, 3.0, 6.0, 3.0, 6.0, 1.0, 5.0, 1.0, 1.0, 2.0, 3.0, 2.0, 1.0, 1.0, 5.0, 6.0, 1.0, 2.0, 5.0, 2.0, 3.0, 2.0, 3.0, 6.0, 1.0, 3.0, 6.0, 1.0, 1.0, 2.0, 5.0, 1.0, 6.0, 2.0, 1.0]]

first layer check: Conv2d(9, 64, kernel_size=(7, 7), stride=(2, 2), padding=(3, 3), bias=False)

for model 4: mode acc: 0.380952388048172, run mean acc: 0.34166663885116577, top-2 acc:0.690833330154419, mode f1: 0.380952388048172

model 4 mode preds
[5.0, 5.0, 6.0, 2.0, 6.0, 5.0, 1.0, 2.0, 2.0, 5.0, 2.0, 6.0, 1.0, 4.0, 2.0, 1.0, 2.0, 3.0, 3.0, 1.0, 2.0, 6.0, 6.0, 1.0, 3.0, 5.0, 4.0, 2.0, 1.0, 6.0, 6.0, 1.0, 6.0, 6.0, 1.0, 1.0, 4.0, 3.0, 2.0, 6.0, 2.0, 1.0]

model 4 all preds
[[4.0, 5.0, 6.0, 2.0, 5.0, 6.0, 1.0, 1.0, 2.0, 5.0, 2.0, 6.0, 1.0, 5.0, 4.0, 1.0, 2.0, 3.0, 3.0, 2.0, 2.0, 5.0, 6.0, 2.0, 2.0, 5.0, 4.0, 2.0, 1.0, 6.0, 6.0, 1.0, 6.0, 6.0, 1.0, 1.0, 4.0, 5.0, 3.0, 6.0, 2.0, 2.0], [3.0, 5.0, 6.0, 2.0, 6.0, 3.0, 2.0, 2.0, 1.0, 5.0, 3.0, 6.0, 1.0, 4.0, 2.0, 1.0, 2.0, 3.0, 3.0, 1.0, 2.0, 5.0, 6.0, 3.0, 3.0, 5.0, 4.0, 2.0, 1.0, 4.0, 6.0, 1.0, 6.0, 6.0, 1.0, 1.0, 3.0, 3.0, 2.0, 3.0, 2.0, 2.0], [5.0, 5.0, 6.0, 2.0, 3.0, 3.0, 1.0, 2.0, 2.0, 4.0, 4.0, 6.0, 1.0, 5.0, 3.0, 1.0, 2.0, 3.0, 2.0, 1.0, 2.0, 5.0, 6.0, 3.0, 3.0, 5.0, 4.0, 4.0, 1.0, 6.0, 6.0, 1.0, 6.0, 6.0, 1.0, 1.0, 3.0, 6.0, 3.0, 6.0, 2.0, 2.0], [5.0, 3.0, 6.0, 2.0, 6.0, 3.0, 2.0, 2.0, 3.0, 6.0, 2.0, 6.0, 1.0, 4.0, 3.0, 1.0, 2.0, 3.0, 3.0, 1.0, 4.0, 6.0, 6.0, 3.0, 3.0, 5.0, 4.0, 2.0, 1.0, 4.0, 6.0, 2.0, 6.0, 6.0, 1.0, 1.0, 3.0, 3.0, 2.0, 5.0, 2.0, 1.0], [5.0, 5.0, 6.0, 3.0, 5.0, 6.0, 2.0, 1.0, 1.0, 6.0, 2.0, 6.0, 1.0, 4.0, 1.0, 1.0, 2.0, 3.0, 3.0, 2.0, 2.0, 6.0, 6.0, 3.0, 3.0, 5.0, 4.0, 2.0, 1.0, 6.0, 6.0, 1.0, 5.0, 6.0, 1.0, 1.0, 3.0, 3.0, 1.0, 6.0, 2.0, 2.0], [5.0, 4.0, 6.0, 3.0, 5.0, 5.0, 2.0, 2.0, 2.0, 5.0, 4.0, 6.0, 1.0, 5.0, 3.0, 1.0, 2.0, 3.0, 3.0, 2.0, 2.0, 6.0, 6.0, 3.0, 2.0, 5.0, 4.0, 4.0, 1.0, 6.0, 6.0, 2.0, 6.0, 6.0, 1.0, 1.0, 4.0, 3.0, 2.0, 6.0, 4.0, 2.0], [3.0, 3.0, 6.0, 3.0, 3.0, 3.0, 1.0, 2.0, 2.0, 5.0, 2.0, 6.0, 1.0, 5.0, 2.0, 2.0, 2.0, 3.0, 2.0, 1.0, 5.0, 5.0, 6.0, 1.0, 2.0, 5.0, 4.0, 2.0, 1.0, 6.0, 6.0, 1.0, 6.0, 6.0, 1.0, 1.0, 4.0, 3.0, 2.0, 6.0, 2.0, 1.0], [6.0, 4.0, 6.0, 2.0, 6.0, 5.0, 1.0, 2.0, 2.0, 6.0, 3.0, 6.0, 1.0, 3.0, 2.0, 1.0, 2.0, 3.0, 2.0, 1.0, 4.0, 5.0, 6.0, 1.0, 3.0, 5.0, 4.0, 2.0, 1.0, 6.0, 6.0, 1.0, 6.0, 6.0, 1.0, 1.0, 4.0, 4.0, 2.0, 5.0, 2.0, 1.0], [5.0, 4.0, 6.0, 2.0, 3.0, 5.0, 1.0, 2.0, 2.0, 5.0, 3.0, 6.0, 1.0, 5.0, 3.0, 1.0, 2.0, 3.0, 3.0, 2.0, 2.0, 6.0, 6.0, 1.0, 2.0, 5.0, 4.0, 4.0, 1.0, 4.0, 6.0, 1.0, 5.0, 6.0, 1.0, 1.0, 4.0, 5.0, 2.0, 6.0, 2.0, 2.0], [5.0, 6.0, 6.0, 2.0, 6.0, 5.0, 1.0, 2.0, 1.0, 6.0, 2.0, 6.0, 1.0, 4.0, 4.0, 1.0, 2.0, 3.0, 3.0, 1.0, 2.0, 6.0, 6.0, 1.0, 2.0, 5.0, 4.0, 2.0, 1.0, 4.0, 6.0, 1.0, 6.0, 6.0, 1.0, 1.0, 3.0, 3.0, 2.0, 3.0, 2.0, 1.0], [3.0, 5.0, 6.0, 2.0, 3.0, 5.0, 1.0, 2.0, 2.0, 5.0, 2.0, 6.0, 1.0, 4.0, 1.0, 2.0, 2.0, 3.0, 3.0, 1.0, 2.0, 6.0, 6.0, 2.0, 3.0, 5.0, 4.0, 2.0, 1.0, 6.0, 6.0, 1.0, 6.0, 6.0, 1.0, 1.0, 4.0, 3.0, 2.0, 6.0, 2.0, 1.0], [4.0, 3.0, 6.0, 2.0, 5.0, 5.0, 1.0, 2.0, 2.0, 6.0, 2.0, 6.0, 1.0, 4.0, 2.0, 1.0, 2.0, 3.0, 3.0, 1.0, 2.0, 5.0, 6.0, 1.0, 2.0, 5.0, 4.0, 2.0, 1.0, 4.0, 6.0, 1.0, 6.0, 5.0, 1.0, 1.0, 4.0, 5.0, 1.0, 6.0, 4.0, 1.0], [3.0, 5.0, 6.0, 2.0, 6.0, 6.0, 2.0, 2.0, 1.0, 5.0, 2.0, 6.0, 1.0, 4.0, 2.0, 1.0, 2.0, 3.0, 3.0, 1.0, 2.0, 5.0, 6.0, 3.0, 2.0, 5.0, 4.0, 4.0, 1.0, 6.0, 6.0, 1.0, 5.0, 6.0, 1.0, 1.0, 4.0, 3.0, 2.0, 5.0, 5.0, 1.0], [3.0, 3.0, 6.0, 2.0, 6.0, 6.0, 2.0, 2.0, 2.0, 6.0, 2.0, 6.0, 1.0, 5.0, 4.0, 1.0, 2.0, 3.0, 2.0, 2.0, 2.0, 6.0, 6.0, 1.0, 2.0, 5.0, 4.0, 2.0, 1.0, 6.0, 6.0, 1.0, 6.0, 6.0, 1.0, 1.0, 4.0, 5.0, 2.0, 5.0, 2.0, 1.0], [5.0, 4.0, 6.0, 3.0, 5.0, 3.0, 1.0, 1.0, 1.0, 6.0, 2.0, 6.0, 1.0, 4.0, 3.0, 1.0, 2.0, 3.0, 2.0, 1.0, 2.0, 6.0, 6.0, 1.0, 3.0, 5.0, 4.0, 2.0, 1.0, 4.0, 6.0, 1.0, 5.0, 6.0, 1.0, 1.0, 4.0, 3.0, 2.0, 6.0, 5.0, 1.0], [3.0, 5.0, 6.0, 3.0, 6.0, 3.0, 1.0, 2.0, 2.0, 6.0, 2.0, 6.0, 1.0, 5.0, 2.0, 1.0, 2.0, 3.0, 3.0, 1.0, 2.0, 5.0, 6.0, 1.0, 2.0, 5.0, 4.0, 2.0, 1.0, 6.0, 6.0, 1.0, 6.0, 6.0, 1.0, 1.0, 4.0, 3.0, 2.0, 6.0, 4.0, 1.0], [5.0, 5.0, 6.0, 2.0, 3.0, 5.0, 2.0, 2.0, 2.0, 4.0, 5.0, 6.0, 2.0, 3.0, 1.0, 1.0, 3.0, 4.0, 3.0, 1.0, 2.0, 6.0, 6.0, 1.0, 3.0, 5.0, 4.0, 2.0, 1.0, 6.0, 6.0, 1.0, 5.0, 6.0, 1.0, 1.0, 4.0, 5.0, 3.0, 6.0, 2.0, 1.0], [3.0, 6.0, 6.0, 3.0, 5.0, 5.0, 1.0, 2.0, 2.0, 4.0, 2.0, 6.0, 1.0, 6.0, 2.0, 1.0, 2.0, 3.0, 3.0, 2.0, 2.0, 6.0, 6.0, 3.0, 3.0, 5.0, 4.0, 4.0, 1.0, 6.0, 6.0, 1.0, 6.0, 6.0, 1.0, 1.0, 4.0, 5.0, 2.0, 3.0, 2.0, 1.0], [3.0, 4.0, 6.0, 3.0, 3.0, 3.0, 1.0, 2.0, 1.0, 5.0, 2.0, 6.0, 1.0, 4.0, 1.0, 1.0, 2.0, 3.0, 3.0, 1.0, 2.0, 6.0, 6.0, 1.0, 2.0, 5.0, 4.0, 2.0, 1.0, 6.0, 6.0, 1.0, 5.0, 6.0, 1.0, 1.0, 3.0, 3.0, 2.0, 5.0, 2.0, 1.0], [5.0, 5.0, 6.0, 3.0, 5.0, 3.0, 1.0, 2.0, 2.0, 5.0, 5.0, 6.0, 1.0, 5.0, 1.0, 1.0, 1.0, 3.0, 2.0, 2.0, 2.0, 6.0, 6.0, 1.0, 2.0, 5.0, 4.0, 2.0, 1.0, 6.0, 6.0, 1.0, 6.0, 6.0, 1.0, 1.0, 4.0, 3.0, 1.0, 6.0, 2.0, 1.0], [5.0, 4.0, 6.0, 3.0, 3.0, 3.0, 4.0, 2.0, 2.0, 5.0, 2.0, 6.0, 1.0, 4.0, 3.0, 1.0, 2.0, 3.0, 3.0, 2.0, 4.0, 5.0, 6.0, 3.0, 3.0, 5.0, 4.0, 4.0, 1.0, 6.0, 6.0, 1.0, 6.0, 6.0, 1.0, 1.0, 3.0, 5.0, 2.0, 6.0, 2.0, 1.0], [3.0, 5.0, 6.0, 2.0, 6.0, 5.0, 2.0, 1.0, 2.0, 5.0, 3.0, 6.0, 1.0, 6.0, 2.0, 1.0, 2.0, 3.0, 3.0, 1.0, 2.0, 6.0, 6.0, 2.0, 2.0, 5.0, 4.0, 2.0, 1.0, 6.0, 6.0, 1.0, 6.0, 6.0, 1.0, 1.0, 4.0, 3.0, 2.0, 6.0, 2.0, 2.0], [4.0, 5.0, 6.0, 2.0, 6.0, 5.0, 1.0, 2.0, 2.0, 4.0, 2.0, 6.0, 1.0, 4.0, 2.0, 1.0, 2.0, 3.0, 3.0, 2.0, 2.0, 6.0, 6.0, 4.0, 3.0, 5.0, 4.0, 1.0, 1.0, 6.0, 6.0, 1.0, 6.0, 6.0, 1.0, 1.0, 3.0, 5.0, 2.0, 6.0, 4.0, 2.0], [3.0, 3.0, 6.0, 2.0, 6.0, 5.0, 2.0, 2.0, 2.0, 5.0, 3.0, 6.0, 1.0, 5.0, 3.0, 1.0, 2.0, 3.0, 3.0, 1.0, 2.0, 5.0, 6.0, 2.0, 3.0, 5.0, 4.0, 2.0, 1.0, 6.0, 6.0, 1.0, 6.0, 6.0, 1.0, 1.0, 4.0, 3.0, 2.0, 6.0, 2.0, 1.0], [4.0, 5.0, 6.0, 1.0, 4.0, 5.0, 2.0, 1.0, 2.0, 6.0, 2.0, 6.0, 1.0, 5.0, 3.0, 1.0, 2.0, 3.0, 4.0, 1.0, 4.0, 6.0, 6.0, 1.0, 3.0, 5.0, 4.0, 4.0, 1.0, 4.0, 6.0, 1.0, 5.0, 6.0, 1.0, 1.0, 4.0, 3.0, 2.0, 6.0, 2.0, 1.0], [3.0, 4.0, 6.0, 2.0, 4.0, 3.0, 1.0, 2.0, 2.0, 5.0, 3.0, 6.0, 1.0, 5.0, 2.0, 1.0, 2.0, 3.0, 3.0, 1.0, 2.0, 5.0, 6.0, 1.0, 3.0, 5.0, 4.0, 4.0, 1.0, 6.0, 6.0, 1.0, 5.0, 6.0, 1.0, 1.0, 4.0, 3.0, 2.0, 3.0, 2.0, 2.0], [5.0, 5.0, 6.0, 1.0, 6.0, 5.0, 2.0, 3.0, 1.0, 5.0, 2.0, 6.0, 1.0, 4.0, 2.0, 2.0, 2.0, 3.0, 3.0, 2.0, 2.0, 6.0, 6.0, 3.0, 2.0, 5.0, 4.0, 4.0, 1.0, 6.0, 6.0, 1.0, 6.0, 6.0, 1.0, 1.0, 4.0, 5.0, 2.0, 5.0, 2.0, 1.0], [4.0, 5.0, 6.0, 3.0, 6.0, 5.0, 4.0, 1.0, 1.0, 6.0, 2.0, 6.0, 1.0, 4.0, 2.0, 1.0, 2.0, 3.0, 2.0, 1.0, 2.0, 5.0, 6.0, 1.0, 2.0, 5.0, 4.0, 3.0, 1.0, 6.0, 6.0, 1.0, 6.0, 6.0, 1.0, 1.0, 3.0, 3.0, 2.0, 5.0, 2.0, 1.0], [4.0, 4.0, 6.0, 2.0, 6.0, 5.0, 2.0, 1.0, 2.0, 5.0, 2.0, 6.0, 1.0, 5.0, 3.0, 1.0, 2.0, 3.0, 3.0, 1.0, 4.0, 5.0, 6.0, 2.0, 3.0, 5.0, 4.0, 2.0, 1.0, 4.0, 6.0, 1.0, 6.0, 6.0, 1.0, 1.0, 4.0, 5.0, 2.0, 6.0, 2.0, 2.0], [5.0, 5.0, 6.0, 2.0, 6.0, 3.0, 2.0, 1.0, 2.0, 6.0, 2.0, 6.0, 1.0, 3.0, 1.0, 1.0, 2.0, 4.0, 3.0, 2.0, 2.0, 6.0, 6.0, 1.0, 3.0, 5.0, 4.0, 2.0, 1.0, 4.0, 6.0, 1.0, 6.0, 6.0, 1.0, 1.0, 2.0, 5.0, 2.0, 3.0, 2.0, 1.0], [4.0, 4.0, 6.0, 3.0, 3.0, 5.0, 1.0, 3.0, 2.0, 5.0, 2.0, 6.0, 1.0, 5.0, 1.0, 1.0, 2.0, 3.0, 3.0, 2.0, 6.0, 6.0, 6.0, 3.0, 3.0, 5.0, 4.0, 4.0, 1.0, 6.0, 6.0, 1.0, 6.0, 6.0, 1.0, 1.0, 4.0, 3.0, 1.0, 6.0, 3.0, 2.0], [5.0, 4.0, 6.0, 2.0, 5.0, 5.0, 1.0, 2.0, 2.0, 5.0, 2.0, 6.0, 1.0, 4.0, 1.0, 1.0, 2.0, 3.0, 2.0, 1.0, 2.0, 6.0, 6.0, 3.0, 3.0, 5.0, 4.0, 2.0, 1.0, 6.0, 6.0, 1.0, 6.0, 6.0, 1.0, 1.0, 4.0, 5.0, 2.0, 6.0, 2.0, 2.0], [6.0, 4.0, 6.0, 3.0, 5.0, 3.0, 1.0, 3.0, 1.0, 5.0, 2.0, 6.0, 1.0, 4.0, 2.0, 1.0, 2.0, 3.0, 2.0, 2.0, 4.0, 5.0, 6.0, 2.0, 3.0, 5.0, 4.0, 3.0, 1.0, 4.0, 6.0, 1.0, 5.0, 6.0, 1.0, 1.0, 3.0, 5.0, 2.0, 6.0, 2.0, 1.0], [3.0, 5.0, 6.0, 2.0, 3.0, 5.0, 2.0, 2.0, 2.0, 4.0, 5.0, 6.0, 1.0, 4.0, 3.0, 1.0, 2.0, 3.0, 3.0, 1.0, 2.0, 5.0, 6.0, 3.0, 2.0, 5.0, 4.0, 2.0, 1.0, 6.0, 6.0, 1.0, 6.0, 6.0, 1.0, 1.0, 3.0, 3.0, 2.0, 6.0, 2.0, 2.0], [5.0, 5.0, 6.0, 2.0, 6.0, 2.0, 2.0, 2.0, 2.0, 5.0, 2.0, 6.0, 1.0, 4.0, 1.0, 1.0, 2.0, 3.0, 2.0, 1.0, 4.0, 6.0, 6.0, 1.0, 3.0, 5.0, 4.0, 4.0, 1.0, 6.0, 6.0, 1.0, 5.0, 6.0, 1.0, 1.0, 4.0, 3.0, 2.0, 5.0, 2.0, 2.0], [4.0, 5.0, 6.0, 2.0, 6.0, 3.0, 1.0, 2.0, 2.0, 6.0, 2.0, 6.0, 1.0, 5.0, 1.0, 1.0, 2.0, 3.0, 3.0, 2.0, 2.0, 6.0, 6.0, 3.0, 2.0, 5.0, 4.0, 4.0, 1.0, 6.0, 6.0, 1.0, 6.0, 6.0, 1.0, 1.0, 4.0, 3.0, 2.0, 6.0, 2.0, 1.0], [5.0, 4.0, 6.0, 2.0, 6.0, 3.0, 1.0, 2.0, 1.0, 5.0, 3.0, 6.0, 1.0, 4.0, 1.0, 1.0, 2.0, 3.0, 3.0, 2.0, 2.0, 5.0, 6.0, 1.0, 2.0, 5.0, 4.0, 2.0, 1.0, 6.0, 6.0, 1.0, 6.0, 6.0, 1.0, 1.0, 3.0, 3.0, 3.0, 6.0, 2.0, 2.0], [4.0, 5.0, 6.0, 2.0, 6.0, 5.0, 2.0, 1.0, 1.0, 6.0, 3.0, 6.0, 1.0, 3.0, 2.0, 1.0, 2.0, 3.0, 3.0, 1.0, 2.0, 6.0, 6.0, 1.0, 3.0, 5.0, 4.0, 2.0, 1.0, 4.0, 6.0, 1.0, 6.0, 6.0, 1.0, 1.0, 3.0, 5.0, 2.0, 5.0, 3.0, 2.0], [5.0, 3.0, 6.0, 3.0, 3.0, 3.0, 1.0, 2.0, 1.0, 6.0, 2.0, 6.0, 1.0, 5.0, 2.0, 1.0, 2.0, 3.0, 3.0, 1.0, 4.0, 5.0, 6.0, 2.0, 3.0, 5.0, 4.0, 3.0, 1.0, 4.0, 6.0, 1.0, 6.0, 6.0, 1.0, 1.0, 4.0, 3.0, 2.0, 6.0, 2.0, 1.0], [3.0, 5.0, 6.0, 2.0, 6.0, 5.0, 1.0, 2.0, 1.0, 4.0, 3.0, 6.0, 1.0, 6.0, 3.0, 1.0, 2.0, 3.0, 2.0, 1.0, 2.0, 5.0, 6.0, 1.0, 3.0, 5.0, 4.0, 4.0, 1.0, 4.0, 6.0, 1.0, 6.0, 6.0, 1.0, 1.0, 4.0, 3.0, 2.0, 6.0, 2.0, 1.0], [5.0, 3.0, 6.0, 2.0, 6.0, 3.0, 1.0, 2.0, 2.0, 5.0, 5.0, 6.0, 1.0, 5.0, 2.0, 2.0, 2.0, 3.0, 3.0, 2.0, 4.0, 6.0, 6.0, 2.0, 3.0, 5.0, 4.0, 2.0, 1.0, 6.0, 6.0, 1.0, 6.0, 6.0, 1.0, 1.0, 4.0, 3.0, 2.0, 6.0, 2.0, 1.0], [2.0, 4.0, 4.0, 3.0, 6.0, 3.0, 1.0, 2.0, 2.0, 5.0, 2.0, 6.0, 1.0, 6.0, 1.0, 1.0, 2.0, 3.0, 3.0, 1.0, 2.0, 5.0, 6.0, 1.0, 2.0, 5.0, 4.0, 4.0, 1.0, 6.0, 6.0, 1.0, 6.0, 6.0, 1.0, 1.0, 4.0, 3.0, 2.0, 6.0, 2.0, 2.0], [2.0, 4.0, 6.0, 3.0, 5.0, 5.0, 1.0, 1.0, 1.0, 5.0, 2.0, 6.0, 1.0, 5.0, 2.0, 1.0, 2.0, 3.0, 3.0, 1.0, 5.0, 6.0, 6.0, 1.0, 2.0, 5.0, 4.0, 2.0, 1.0, 6.0, 6.0, 1.0, 6.0, 6.0, 1.0, 1.0, 4.0, 5.0, 2.0, 5.0, 2.0, 1.0], [5.0, 5.0, 6.0, 2.0, 3.0, 5.0, 1.0, 2.0, 2.0, 4.0, 2.0, 6.0, 1.0, 3.0, 2.0, 1.0, 2.0, 3.0, 3.0, 1.0, 4.0, 5.0, 6.0, 1.0, 3.0, 5.0, 4.0, 4.0, 1.0, 6.0, 6.0, 1.0, 6.0, 6.0, 1.0, 1.0, 3.0, 3.0, 2.0, 6.0, 2.0, 2.0], [4.0, 4.0, 6.0, 2.0, 3.0, 5.0, 2.0, 2.0, 2.0, 4.0, 5.0, 6.0, 1.0, 4.0, 2.0, 2.0, 2.0, 3.0, 3.0, 1.0, 2.0, 6.0, 6.0, 1.0, 2.0, 5.0, 4.0, 2.0, 1.0, 6.0, 6.0, 1.0, 6.0, 6.0, 1.0, 1.0, 4.0, 3.0, 1.0, 3.0, 4.0, 1.0], [3.0, 5.0, 6.0, 2.0, 5.0, 3.0, 1.0, 2.0, 1.0, 5.0, 2.0, 6.0, 1.0, 4.0, 1.0, 1.0, 2.0, 3.0, 3.0, 1.0, 2.0, 6.0, 6.0, 2.0, 3.0, 5.0, 4.0, 2.0, 1.0, 4.0, 6.0, 1.0, 6.0, 6.0, 1.0, 1.0, 4.0, 3.0, 2.0, 6.0, 2.0, 1.0], [4.0, 3.0, 6.0, 2.0, 6.0, 3.0, 2.0, 1.0, 2.0, 4.0, 4.0, 6.0, 1.0, 3.0, 1.0, 1.0, 2.0, 3.0, 3.0, 1.0, 6.0, 5.0, 6.0, 3.0, 2.0, 5.0, 4.0, 2.0, 1.0, 4.0, 6.0, 1.0, 6.0, 6.0, 1.0, 1.0, 3.0, 3.0, 2.0, 6.0, 4.0, 2.0], [3.0, 2.0, 6.0, 2.0, 6.0, 3.0, 1.0, 2.0, 2.0, 5.0, 2.0, 6.0, 1.0, 4.0, 1.0, 1.0, 4.0, 4.0, 3.0, 2.0, 4.0, 6.0, 6.0, 1.0, 3.0, 5.0, 4.0, 2.0, 1.0, 4.0, 6.0, 1.0, 6.0, 6.0, 1.0, 1.0, 3.0, 5.0, 3.0, 6.0, 2.0, 1.0], [5.0, 5.0, 6.0, 2.0, 6.0, 3.0, 1.0, 2.0, 1.0, 5.0, 2.0, 6.0, 1.0, 4.0, 4.0, 1.0, 2.0, 3.0, 3.0, 2.0, 2.0, 6.0, 6.0, 2.0, 2.0, 5.0, 4.0, 4.0, 1.0, 6.0, 6.0, 1.0, 6.0, 6.0, 1.0, 1.0, 2.0, 3.0, 2.0, 5.0, 5.0, 2.0], [3.0, 4.0, 6.0, 2.0, 6.0, 3.0, 1.0, 2.0, 1.0, 6.0, 2.0, 6.0, 1.0, 3.0, 1.0, 2.0, 2.0, 2.0, 3.0, 2.0, 2.0, 5.0, 6.0, 1.0, 3.0, 5.0, 4.0, 2.0, 1.0, 4.0, 6.0, 1.0, 6.0, 6.0, 1.0, 1.0, 3.0, 3.0, 2.0, 6.0, 2.0, 1.0]]

