first layer check: Conv2d(9, 64, kernel_size=(7, 7), stride=(2, 2), padding=(3, 3), bias=False)

target ys
[1.0, 6.0, 4.0, 2.0, 2.0, 4.0, 2.0, 3.0, 2.0, 3.0, 6.0, 2.0, 6.0, 1.0, 2.0, 2.0, 2.0, 2.0, 5.0, 2.0, 6.0, 2.0, 5.0, 6.0, 5.0, 3.0, 5.0, 6.0, 3.0, 2.0, 1.0, 4.0, 6.0, 6.0, 2.0, 6.0, 2.0, 3.0, 5.0, 4.0, 6.0, 4.0]

for model 0: mode acc: 0.5, run mean acc: 0.43583327531814575, top-2 acc:0.7129166126251221, mode f1: 0.5

model 0 mode preds
[1.0, 6.0, 6.0, 2.0, 1.0, 6.0, 2.0, 3.0, 1.0, 1.0, 3.0, 1.0, 5.0, 1.0, 2.0, 2.0, 1.0, 1.0, 3.0, 2.0, 6.0, 2.0, 3.0, 6.0, 5.0, 2.0, 6.0, 6.0, 2.0, 2.0, 2.0, 5.0, 6.0, 6.0, 2.0, 6.0, 2.0, 2.0, 3.0, 2.0, 6.0, 5.0]

model 0 all preds
[[1.0, 6.0, 3.0, 2.0, 1.0, 6.0, 2.0, 2.0, 2.0, 2.0, 3.0, 1.0, 5.0, 1.0, 2.0, 2.0, 1.0, 1.0, 3.0, 2.0, 6.0, 2.0, 3.0, 6.0, 5.0, 2.0, 6.0, 6.0, 2.0, 2.0, 2.0, 5.0, 6.0, 6.0, 1.0, 6.0, 2.0, 2.0, 5.0, 4.0, 6.0, 5.0], [1.0, 6.0, 6.0, 2.0, 1.0, 3.0, 2.0, 3.0, 1.0, 1.0, 3.0, 1.0, 3.0, 1.0, 2.0, 2.0, 1.0, 1.0, 6.0, 2.0, 6.0, 2.0, 3.0, 6.0, 3.0, 2.0, 6.0, 6.0, 2.0, 2.0, 2.0, 5.0, 6.0, 6.0, 2.0, 3.0, 2.0, 2.0, 5.0, 3.0, 6.0, 3.0], [1.0, 6.0, 6.0, 2.0, 1.0, 3.0, 2.0, 3.0, 1.0, 1.0, 3.0, 1.0, 5.0, 1.0, 2.0, 2.0, 1.0, 1.0, 3.0, 2.0, 6.0, 2.0, 3.0, 6.0, 5.0, 2.0, 6.0, 6.0, 2.0, 2.0, 2.0, 5.0, 6.0, 3.0, 2.0, 3.0, 2.0, 4.0, 5.0, 3.0, 6.0, 5.0], [1.0, 3.0, 6.0, 2.0, 1.0, 6.0, 2.0, 2.0, 1.0, 2.0, 3.0, 2.0, 3.0, 1.0, 2.0, 2.0, 1.0, 1.0, 6.0, 2.0, 6.0, 1.0, 3.0, 6.0, 6.0, 2.0, 6.0, 3.0, 2.0, 2.0, 2.0, 5.0, 6.0, 6.0, 2.0, 6.0, 3.0, 3.0, 5.0, 2.0, 5.0, 5.0], [1.0, 6.0, 6.0, 2.0, 1.0, 6.0, 2.0, 3.0, 1.0, 1.0, 3.0, 1.0, 3.0, 1.0, 2.0, 2.0, 1.0, 1.0, 6.0, 2.0, 6.0, 2.0, 3.0, 6.0, 6.0, 2.0, 6.0, 6.0, 2.0, 2.0, 2.0, 5.0, 6.0, 6.0, 2.0, 5.0, 3.0, 2.0, 4.0, 2.0, 6.0, 5.0], [1.0, 6.0, 3.0, 2.0, 1.0, 6.0, 2.0, 3.0, 1.0, 1.0, 3.0, 2.0, 5.0, 1.0, 2.0, 2.0, 1.0, 1.0, 6.0, 2.0, 6.0, 2.0, 3.0, 6.0, 5.0, 2.0, 6.0, 6.0, 2.0, 2.0, 2.0, 5.0, 6.0, 5.0, 2.0, 6.0, 2.0, 2.0, 3.0, 2.0, 6.0, 3.0], [1.0, 6.0, 6.0, 2.0, 1.0, 3.0, 2.0, 5.0, 1.0, 1.0, 3.0, 1.0, 5.0, 1.0, 2.0, 2.0, 1.0, 1.0, 6.0, 2.0, 6.0, 2.0, 3.0, 6.0, 6.0, 2.0, 6.0, 6.0, 2.0, 2.0, 2.0, 5.0, 6.0, 3.0, 2.0, 3.0, 3.0, 2.0, 3.0, 3.0, 6.0, 5.0], [1.0, 3.0, 3.0, 2.0, 1.0, 6.0, 2.0, 3.0, 1.0, 1.0, 3.0, 1.0, 5.0, 1.0, 2.0, 2.0, 1.0, 1.0, 3.0, 2.0, 6.0, 2.0, 3.0, 6.0, 6.0, 2.0, 6.0, 3.0, 2.0, 2.0, 2.0, 5.0, 6.0, 6.0, 2.0, 6.0, 2.0, 2.0, 5.0, 2.0, 6.0, 3.0], [1.0, 6.0, 6.0, 2.0, 1.0, 3.0, 2.0, 3.0, 1.0, 1.0, 3.0, 1.0, 5.0, 1.0, 2.0, 2.0, 1.0, 2.0, 3.0, 2.0, 6.0, 2.0, 3.0, 6.0, 6.0, 2.0, 6.0, 6.0, 2.0, 2.0, 2.0, 5.0, 6.0, 6.0, 2.0, 6.0, 3.0, 2.0, 5.0, 3.0, 5.0, 3.0], [1.0, 6.0, 6.0, 2.0, 1.0, 6.0, 2.0, 5.0, 1.0, 1.0, 3.0, 1.0, 5.0, 1.0, 2.0, 2.0, 1.0, 1.0, 6.0, 2.0, 6.0, 2.0, 3.0, 6.0, 5.0, 2.0, 3.0, 6.0, 2.0, 2.0, 2.0, 5.0, 6.0, 6.0, 2.0, 6.0, 2.0, 2.0, 5.0, 2.0, 5.0, 3.0], [1.0, 6.0, 6.0, 2.0, 1.0, 6.0, 2.0, 3.0, 1.0, 2.0, 3.0, 1.0, 3.0, 1.0, 2.0, 2.0, 1.0, 2.0, 3.0, 2.0, 6.0, 2.0, 3.0, 6.0, 3.0, 2.0, 6.0, 6.0, 2.0, 2.0, 2.0, 5.0, 6.0, 6.0, 1.0, 6.0, 2.0, 3.0, 5.0, 2.0, 6.0, 5.0], [1.0, 6.0, 6.0, 2.0, 1.0, 3.0, 2.0, 3.0, 1.0, 1.0, 4.0, 2.0, 5.0, 2.0, 2.0, 2.0, 1.0, 1.0, 6.0, 2.0, 6.0, 2.0, 3.0, 6.0, 3.0, 2.0, 6.0, 6.0, 2.0, 2.0, 2.0, 5.0, 6.0, 6.0, 2.0, 6.0, 2.0, 2.0, 3.0, 2.0, 5.0, 5.0], [1.0, 3.0, 6.0, 2.0, 1.0, 6.0, 2.0, 3.0, 1.0, 1.0, 2.0, 2.0, 5.0, 1.0, 2.0, 2.0, 1.0, 2.0, 3.0, 2.0, 6.0, 1.0, 3.0, 6.0, 3.0, 2.0, 6.0, 6.0, 2.0, 2.0, 2.0, 5.0, 6.0, 6.0, 1.0, 6.0, 2.0, 2.0, 3.0, 2.0, 6.0, 4.0], [1.0, 6.0, 6.0, 2.0, 1.0, 3.0, 2.0, 3.0, 1.0, 2.0, 2.0, 2.0, 5.0, 1.0, 2.0, 2.0, 1.0, 1.0, 3.0, 2.0, 6.0, 2.0, 3.0, 6.0, 6.0, 2.0, 6.0, 6.0, 2.0, 2.0, 2.0, 5.0, 6.0, 6.0, 2.0, 6.0, 3.0, 2.0, 3.0, 2.0, 6.0, 5.0], [1.0, 3.0, 6.0, 2.0, 1.0, 3.0, 2.0, 3.0, 1.0, 1.0, 2.0, 1.0, 5.0, 1.0, 2.0, 2.0, 1.0, 2.0, 3.0, 2.0, 6.0, 2.0, 3.0, 5.0, 5.0, 2.0, 6.0, 6.0, 2.0, 2.0, 2.0, 5.0, 6.0, 5.0, 1.0, 6.0, 3.0, 2.0, 5.0, 2.0, 5.0, 5.0], [1.0, 6.0, 6.0, 2.0, 1.0, 3.0, 2.0, 3.0, 1.0, 2.0, 2.0, 1.0, 3.0, 1.0, 2.0, 2.0, 1.0, 1.0, 3.0, 2.0, 6.0, 2.0, 3.0, 6.0, 5.0, 2.0, 6.0, 6.0, 2.0, 2.0, 2.0, 5.0, 6.0, 6.0, 1.0, 6.0, 2.0, 3.0, 3.0, 3.0, 6.0, 3.0], [1.0, 6.0, 6.0, 2.0, 1.0, 6.0, 2.0, 3.0, 1.0, 1.0, 4.0, 1.0, 5.0, 1.0, 2.0, 2.0, 1.0, 2.0, 3.0, 2.0, 6.0, 2.0, 3.0, 6.0, 5.0, 2.0, 6.0, 6.0, 2.0, 2.0, 2.0, 5.0, 6.0, 3.0, 2.0, 5.0, 3.0, 3.0, 3.0, 2.0, 5.0, 5.0], [2.0, 6.0, 3.0, 2.0, 1.0, 6.0, 1.0, 3.0, 2.0, 1.0, 2.0, 2.0, 5.0, 1.0, 2.0, 2.0, 1.0, 1.0, 6.0, 2.0, 6.0, 2.0, 3.0, 6.0, 6.0, 2.0, 6.0, 6.0, 2.0, 2.0, 2.0, 5.0, 6.0, 6.0, 2.0, 6.0, 2.0, 2.0, 3.0, 2.0, 6.0, 2.0], [1.0, 6.0, 3.0, 2.0, 1.0, 6.0, 2.0, 3.0, 1.0, 1.0, 2.0, 1.0, 5.0, 1.0, 2.0, 2.0, 1.0, 1.0, 3.0, 2.0, 6.0, 2.0, 3.0, 3.0, 5.0, 2.0, 6.0, 6.0, 2.0, 2.0, 2.0, 5.0, 6.0, 6.0, 2.0, 6.0, 2.0, 3.0, 4.0, 3.0, 5.0, 3.0], [1.0, 6.0, 6.0, 2.0, 1.0, 6.0, 2.0, 3.0, 1.0, 1.0, 3.0, 1.0, 5.0, 1.0, 2.0, 2.0, 1.0, 1.0, 3.0, 2.0, 6.0, 2.0, 3.0, 6.0, 3.0, 2.0, 6.0, 6.0, 2.0, 2.0, 2.0, 5.0, 6.0, 3.0, 2.0, 6.0, 3.0, 2.0, 3.0, 2.0, 6.0, 5.0], [2.0, 6.0, 6.0, 2.0, 1.0, 6.0, 2.0, 3.0, 1.0, 1.0, 2.0, 1.0, 3.0, 1.0, 2.0, 2.0, 2.0, 1.0, 6.0, 2.0, 6.0, 2.0, 3.0, 5.0, 6.0, 2.0, 6.0, 6.0, 2.0, 2.0, 2.0, 5.0, 6.0, 6.0, 1.0, 6.0, 2.0, 4.0, 3.0, 3.0, 6.0, 5.0], [1.0, 6.0, 6.0, 2.0, 1.0, 3.0, 2.0, 3.0, 1.0, 1.0, 3.0, 1.0, 5.0, 1.0, 2.0, 2.0, 1.0, 1.0, 3.0, 2.0, 6.0, 2.0, 3.0, 6.0, 6.0, 2.0, 3.0, 6.0, 2.0, 2.0, 2.0, 5.0, 6.0, 6.0, 2.0, 3.0, 2.0, 2.0, 3.0, 2.0, 5.0, 4.0], [1.0, 6.0, 3.0, 2.0, 1.0, 6.0, 2.0, 3.0, 1.0, 1.0, 2.0, 1.0, 6.0, 1.0, 2.0, 2.0, 1.0, 1.0, 3.0, 2.0, 6.0, 2.0, 3.0, 6.0, 5.0, 2.0, 3.0, 6.0, 2.0, 2.0, 2.0, 5.0, 6.0, 6.0, 2.0, 5.0, 3.0, 2.0, 3.0, 3.0, 5.0, 3.0], [1.0, 6.0, 6.0, 2.0, 1.0, 6.0, 2.0, 3.0, 1.0, 1.0, 3.0, 1.0, 5.0, 1.0, 2.0, 2.0, 1.0, 1.0, 6.0, 2.0, 6.0, 2.0, 3.0, 6.0, 6.0, 2.0, 6.0, 3.0, 2.0, 2.0, 2.0, 5.0, 6.0, 3.0, 2.0, 6.0, 2.0, 2.0, 3.0, 2.0, 6.0, 5.0], [1.0, 6.0, 3.0, 2.0, 1.0, 6.0, 2.0, 3.0, 1.0, 1.0, 2.0, 1.0, 5.0, 1.0, 2.0, 2.0, 1.0, 1.0, 3.0, 2.0, 6.0, 2.0, 3.0, 6.0, 6.0, 2.0, 6.0, 6.0, 2.0, 2.0, 2.0, 5.0, 6.0, 6.0, 2.0, 6.0, 2.0, 4.0, 3.0, 2.0, 5.0, 3.0], [1.0, 3.0, 6.0, 2.0, 1.0, 6.0, 2.0, 3.0, 1.0, 1.0, 4.0, 1.0, 5.0, 1.0, 2.0, 2.0, 1.0, 2.0, 3.0, 2.0, 6.0, 2.0, 3.0, 6.0, 3.0, 2.0, 5.0, 6.0, 2.0, 2.0, 2.0, 5.0, 6.0, 6.0, 2.0, 6.0, 2.0, 3.0, 5.0, 2.0, 3.0, 2.0], [1.0, 3.0, 3.0, 2.0, 1.0, 6.0, 2.0, 3.0, 1.0, 1.0, 3.0, 1.0, 3.0, 1.0, 2.0, 2.0, 1.0, 1.0, 6.0, 2.0, 6.0, 2.0, 3.0, 6.0, 5.0, 2.0, 6.0, 3.0, 2.0, 2.0, 2.0, 6.0, 6.0, 6.0, 2.0, 6.0, 3.0, 4.0, 4.0, 2.0, 6.0, 5.0], [1.0, 3.0, 6.0, 2.0, 1.0, 6.0, 2.0, 3.0, 1.0, 1.0, 3.0, 1.0, 3.0, 1.0, 2.0, 2.0, 1.0, 1.0, 6.0, 2.0, 6.0, 2.0, 3.0, 6.0, 3.0, 2.0, 6.0, 6.0, 2.0, 2.0, 2.0, 5.0, 6.0, 6.0, 2.0, 3.0, 3.0, 2.0, 5.0, 3.0, 5.0, 3.0], [1.0, 6.0, 3.0, 2.0, 1.0, 6.0, 2.0, 3.0, 1.0, 1.0, 3.0, 1.0, 3.0, 1.0, 2.0, 2.0, 1.0, 1.0, 6.0, 2.0, 6.0, 1.0, 3.0, 6.0, 3.0, 2.0, 6.0, 6.0, 2.0, 2.0, 2.0, 5.0, 6.0, 6.0, 2.0, 6.0, 2.0, 2.0, 3.0, 3.0, 5.0, 2.0], [1.0, 5.0, 6.0, 2.0, 1.0, 3.0, 2.0, 3.0, 1.0, 1.0, 2.0, 1.0, 5.0, 1.0, 2.0, 2.0, 1.0, 1.0, 3.0, 2.0, 6.0, 2.0, 3.0, 5.0, 5.0, 2.0, 3.0, 6.0, 2.0, 2.0, 2.0, 5.0, 6.0, 6.0, 1.0, 6.0, 2.0, 2.0, 3.0, 2.0, 5.0, 3.0], [1.0, 6.0, 6.0, 2.0, 1.0, 6.0, 2.0, 3.0, 1.0, 2.0, 2.0, 2.0, 3.0, 1.0, 2.0, 2.0, 1.0, 1.0, 6.0, 2.0, 6.0, 2.0, 3.0, 6.0, 5.0, 2.0, 6.0, 6.0, 2.0, 2.0, 2.0, 5.0, 6.0, 3.0, 2.0, 6.0, 3.0, 2.0, 3.0, 3.0, 6.0, 5.0], [1.0, 3.0, 6.0, 2.0, 1.0, 3.0, 1.0, 3.0, 1.0, 1.0, 3.0, 2.0, 5.0, 1.0, 2.0, 2.0, 2.0, 1.0, 3.0, 2.0, 6.0, 2.0, 3.0, 6.0, 6.0, 2.0, 6.0, 3.0, 2.0, 2.0, 2.0, 5.0, 6.0, 3.0, 2.0, 3.0, 2.0, 3.0, 3.0, 2.0, 6.0, 5.0], [1.0, 6.0, 6.0, 2.0, 1.0, 6.0, 2.0, 3.0, 1.0, 1.0, 3.0, 1.0, 3.0, 1.0, 2.0, 2.0, 1.0, 2.0, 3.0, 2.0, 3.0, 2.0, 3.0, 6.0, 5.0, 2.0, 6.0, 6.0, 2.0, 2.0, 2.0, 5.0, 6.0, 6.0, 1.0, 6.0, 2.0, 4.0, 3.0, 2.0, 5.0, 5.0], [1.0, 6.0, 6.0, 2.0, 1.0, 6.0, 2.0, 2.0, 1.0, 1.0, 3.0, 1.0, 5.0, 1.0, 2.0, 2.0, 2.0, 1.0, 6.0, 2.0, 6.0, 2.0, 3.0, 6.0, 5.0, 2.0, 6.0, 6.0, 2.0, 2.0, 2.0, 5.0, 6.0, 6.0, 2.0, 3.0, 2.0, 2.0, 3.0, 2.0, 5.0, 2.0], [1.0, 6.0, 6.0, 2.0, 1.0, 6.0, 2.0, 3.0, 1.0, 2.0, 3.0, 1.0, 6.0, 1.0, 2.0, 2.0, 1.0, 1.0, 3.0, 2.0, 6.0, 2.0, 3.0, 6.0, 3.0, 2.0, 6.0, 6.0, 2.0, 2.0, 2.0, 5.0, 6.0, 6.0, 2.0, 6.0, 3.0, 4.0, 3.0, 2.0, 5.0, 5.0], [1.0, 6.0, 6.0, 2.0, 1.0, 6.0, 2.0, 3.0, 1.0, 1.0, 3.0, 1.0, 6.0, 1.0, 2.0, 2.0, 1.0, 1.0, 3.0, 2.0, 6.0, 2.0, 3.0, 6.0, 5.0, 2.0, 6.0, 3.0, 2.0, 2.0, 2.0, 5.0, 6.0, 6.0, 2.0, 5.0, 2.0, 2.0, 3.0, 2.0, 6.0, 4.0], [1.0, 6.0, 6.0, 2.0, 1.0, 6.0, 2.0, 3.0, 1.0, 1.0, 2.0, 1.0, 5.0, 1.0, 2.0, 2.0, 2.0, 1.0, 6.0, 2.0, 6.0, 2.0, 3.0, 6.0, 5.0, 2.0, 3.0, 6.0, 2.0, 2.0, 2.0, 5.0, 6.0, 6.0, 2.0, 6.0, 2.0, 4.0, 5.0, 2.0, 6.0, 3.0], [1.0, 6.0, 3.0, 3.0, 1.0, 6.0, 2.0, 3.0, 1.0, 2.0, 3.0, 1.0, 5.0, 2.0, 2.0, 2.0, 1.0, 1.0, 3.0, 2.0, 6.0, 2.0, 3.0, 6.0, 6.0, 2.0, 6.0, 6.0, 2.0, 2.0, 2.0, 5.0, 6.0, 3.0, 2.0, 5.0, 2.0, 4.0, 3.0, 2.0, 6.0, 5.0], [1.0, 6.0, 6.0, 2.0, 1.0, 6.0, 2.0, 3.0, 1.0, 2.0, 3.0, 1.0, 5.0, 1.0, 2.0, 2.0, 1.0, 1.0, 6.0, 2.0, 6.0, 2.0, 3.0, 6.0, 5.0, 2.0, 6.0, 6.0, 2.0, 2.0, 2.0, 5.0, 6.0, 6.0, 2.0, 3.0, 2.0, 2.0, 5.0, 2.0, 5.0, 5.0], [1.0, 6.0, 6.0, 2.0, 1.0, 6.0, 2.0, 5.0, 1.0, 2.0, 3.0, 2.0, 3.0, 1.0, 2.0, 2.0, 1.0, 1.0, 3.0, 2.0, 3.0, 2.0, 3.0, 6.0, 3.0, 2.0, 6.0, 6.0, 2.0, 2.0, 2.0, 5.0, 6.0, 6.0, 2.0, 3.0, 2.0, 2.0, 5.0, 2.0, 6.0, 5.0], [1.0, 6.0, 3.0, 2.0, 1.0, 6.0, 2.0, 3.0, 1.0, 1.0, 3.0, 1.0, 5.0, 1.0, 2.0, 2.0, 2.0, 1.0, 6.0, 2.0, 6.0, 2.0, 3.0, 6.0, 6.0, 2.0, 6.0, 6.0, 2.0, 2.0, 2.0, 5.0, 6.0, 3.0, 2.0, 3.0, 3.0, 2.0, 5.0, 2.0, 6.0, 5.0], [1.0, 3.0, 3.0, 2.0, 1.0, 6.0, 2.0, 3.0, 1.0, 2.0, 3.0, 1.0, 3.0, 1.0, 2.0, 2.0, 1.0, 1.0, 3.0, 2.0, 6.0, 2.0, 3.0, 6.0, 6.0, 2.0, 6.0, 6.0, 2.0, 2.0, 2.0, 6.0, 6.0, 5.0, 2.0, 6.0, 2.0, 4.0, 5.0, 2.0, 6.0, 5.0], [1.0, 6.0, 6.0, 2.0, 1.0, 6.0, 2.0, 3.0, 2.0, 2.0, 3.0, 1.0, 5.0, 1.0, 2.0, 2.0, 1.0, 1.0, 5.0, 2.0, 6.0, 1.0, 3.0, 6.0, 5.0, 2.0, 3.0, 6.0, 2.0, 2.0, 2.0, 6.0, 6.0, 6.0, 2.0, 6.0, 3.0, 2.0, 3.0, 2.0, 3.0, 5.0], [2.0, 6.0, 5.0, 2.0, 1.0, 3.0, 2.0, 3.0, 1.0, 1.0, 3.0, 1.0, 5.0, 1.0, 2.0, 2.0, 1.0, 1.0, 6.0, 2.0, 6.0, 2.0, 3.0, 6.0, 6.0, 2.0, 6.0, 6.0, 2.0, 2.0, 2.0, 5.0, 6.0, 6.0, 2.0, 6.0, 2.0, 2.0, 5.0, 3.0, 6.0, 5.0], [1.0, 6.0, 3.0, 2.0, 1.0, 6.0, 2.0, 3.0, 1.0, 2.0, 2.0, 1.0, 5.0, 1.0, 2.0, 2.0, 1.0, 1.0, 6.0, 2.0, 6.0, 2.0, 3.0, 6.0, 3.0, 2.0, 6.0, 6.0, 2.0, 2.0, 2.0, 5.0, 6.0, 6.0, 1.0, 6.0, 3.0, 4.0, 3.0, 2.0, 5.0, 5.0], [1.0, 3.0, 6.0, 2.0, 1.0, 6.0, 2.0, 3.0, 1.0, 1.0, 3.0, 1.0, 5.0, 1.0, 2.0, 2.0, 1.0, 1.0, 6.0, 2.0, 6.0, 2.0, 3.0, 6.0, 6.0, 2.0, 6.0, 6.0, 2.0, 2.0, 2.0, 5.0, 5.0, 6.0, 1.0, 6.0, 2.0, 2.0, 5.0, 2.0, 6.0, 5.0], [1.0, 6.0, 6.0, 2.0, 1.0, 6.0, 2.0, 3.0, 2.0, 1.0, 4.0, 1.0, 5.0, 1.0, 2.0, 2.0, 1.0, 1.0, 6.0, 2.0, 6.0, 2.0, 3.0, 6.0, 3.0, 2.0, 3.0, 3.0, 2.0, 2.0, 2.0, 5.0, 6.0, 6.0, 2.0, 6.0, 2.0, 2.0, 4.0, 2.0, 6.0, 3.0], [1.0, 6.0, 6.0, 2.0, 1.0, 3.0, 2.0, 3.0, 1.0, 1.0, 2.0, 1.0, 5.0, 1.0, 2.0, 2.0, 1.0, 1.0, 3.0, 2.0, 6.0, 2.0, 3.0, 6.0, 5.0, 2.0, 3.0, 6.0, 2.0, 2.0, 2.0, 6.0, 6.0, 6.0, 2.0, 6.0, 2.0, 4.0, 3.0, 2.0, 3.0, 4.0], [1.0, 6.0, 3.0, 2.0, 1.0, 6.0, 2.0, 3.0, 1.0, 1.0, 2.0, 1.0, 3.0, 1.0, 2.0, 2.0, 1.0, 2.0, 6.0, 2.0, 6.0, 2.0, 3.0, 6.0, 6.0, 2.0, 6.0, 3.0, 2.0, 2.0, 2.0, 5.0, 6.0, 6.0, 1.0, 6.0, 3.0, 2.0, 4.0, 2.0, 6.0, 5.0], [1.0, 6.0, 6.0, 2.0, 1.0, 6.0, 2.0, 5.0, 1.0, 1.0, 3.0, 1.0, 5.0, 1.0, 2.0, 2.0, 1.0, 1.0, 6.0, 2.0, 6.0, 2.0, 3.0, 6.0, 3.0, 2.0, 6.0, 6.0, 2.0, 2.0, 2.0, 5.0, 6.0, 6.0, 2.0, 3.0, 3.0, 2.0, 3.0, 2.0, 5.0, 3.0]]

first layer check: Conv2d(9, 64, kernel_size=(7, 7), stride=(2, 2), padding=(3, 3), bias=False)

for model 1: mode acc: 0.5476190447807312, run mean acc: 0.46583330631256104, top-2 acc:0.7570833563804626, mode f1: 0.5476190447807312

model 1 mode preds
[2.0, 6.0, 6.0, 2.0, 2.0, 3.0, 2.0, 3.0, 3.0, 2.0, 3.0, 2.0, 6.0, 2.0, 3.0, 3.0, 2.0, 2.0, 3.0, 2.0, 6.0, 2.0, 3.0, 6.0, 5.0, 3.0, 6.0, 6.0, 2.0, 2.0, 2.0, 6.0, 6.0, 6.0, 2.0, 6.0, 3.0, 3.0, 3.0, 3.0, 6.0, 3.0]

model 1 all preds
[[2.0, 6.0, 6.0, 2.0, 2.0, 5.0, 2.0, 3.0, 3.0, 3.0, 3.0, 2.0, 6.0, 2.0, 2.0, 3.0, 2.0, 2.0, 3.0, 2.0, 6.0, 2.0, 3.0, 6.0, 3.0, 3.0, 6.0, 6.0, 2.0, 2.0, 2.0, 5.0, 6.0, 3.0, 2.0, 6.0, 3.0, 3.0, 3.0, 3.0, 3.0, 3.0], [2.0, 3.0, 6.0, 2.0, 2.0, 3.0, 2.0, 3.0, 3.0, 2.0, 3.0, 2.0, 6.0, 2.0, 3.0, 3.0, 2.0, 2.0, 3.0, 2.0, 6.0, 2.0, 3.0, 6.0, 6.0, 3.0, 6.0, 6.0, 2.0, 2.0, 2.0, 5.0, 6.0, 6.0, 2.0, 3.0, 2.0, 3.0, 3.0, 3.0, 5.0, 5.0], [2.0, 6.0, 5.0, 3.0, 2.0, 5.0, 2.0, 3.0, 3.0, 2.0, 3.0, 2.0, 5.0, 2.0, 3.0, 3.0, 1.0, 2.0, 5.0, 2.0, 3.0, 2.0, 5.0, 6.0, 5.0, 3.0, 3.0, 6.0, 2.0, 2.0, 2.0, 5.0, 6.0, 3.0, 2.0, 3.0, 3.0, 3.0, 3.0, 2.0, 3.0, 3.0], [2.0, 6.0, 6.0, 2.0, 2.0, 3.0, 2.0, 3.0, 3.0, 3.0, 3.0, 2.0, 6.0, 2.0, 3.0, 2.0, 2.0, 2.0, 3.0, 2.0, 6.0, 2.0, 3.0, 6.0, 3.0, 3.0, 6.0, 5.0, 2.0, 2.0, 2.0, 6.0, 6.0, 6.0, 2.0, 6.0, 3.0, 3.0, 3.0, 2.0, 5.0, 3.0], [2.0, 5.0, 5.0, 3.0, 2.0, 5.0, 2.0, 3.0, 3.0, 2.0, 3.0, 2.0, 6.0, 2.0, 3.0, 3.0, 2.0, 2.0, 5.0, 2.0, 5.0, 2.0, 5.0, 6.0, 6.0, 2.0, 3.0, 6.0, 2.0, 2.0, 2.0, 5.0, 6.0, 3.0, 2.0, 3.0, 3.0, 3.0, 3.0, 3.0, 6.0, 3.0], [2.0, 6.0, 6.0, 2.0, 2.0, 5.0, 2.0, 3.0, 3.0, 2.0, 3.0, 1.0, 6.0, 2.0, 3.0, 3.0, 2.0, 2.0, 3.0, 2.0, 6.0, 2.0, 3.0, 5.0, 5.0, 3.0, 5.0, 3.0, 2.0, 2.0, 2.0, 6.0, 6.0, 3.0, 2.0, 6.0, 3.0, 3.0, 3.0, 3.0, 3.0, 3.0], [2.0, 5.0, 6.0, 2.0, 2.0, 6.0, 2.0, 3.0, 3.0, 2.0, 3.0, 2.0, 6.0, 2.0, 2.0, 2.0, 2.0, 2.0, 3.0, 2.0, 6.0, 2.0, 3.0, 6.0, 5.0, 2.0, 5.0, 3.0, 2.0, 2.0, 2.0, 6.0, 6.0, 6.0, 2.0, 6.0, 3.0, 3.0, 3.0, 3.0, 6.0, 3.0], [2.0, 5.0, 6.0, 2.0, 2.0, 5.0, 2.0, 3.0, 3.0, 2.0, 3.0, 2.0, 3.0, 2.0, 3.0, 3.0, 2.0, 2.0, 3.0, 2.0, 6.0, 2.0, 3.0, 6.0, 3.0, 3.0, 3.0, 6.0, 2.0, 2.0, 2.0, 3.0, 6.0, 6.0, 2.0, 6.0, 3.0, 3.0, 3.0, 3.0, 6.0, 5.0], [2.0, 5.0, 5.0, 2.0, 2.0, 3.0, 2.0, 3.0, 3.0, 3.0, 3.0, 2.0, 6.0, 2.0, 3.0, 2.0, 2.0, 2.0, 5.0, 2.0, 6.0, 2.0, 3.0, 6.0, 5.0, 2.0, 6.0, 3.0, 2.0, 2.0, 2.0, 6.0, 3.0, 6.0, 2.0, 6.0, 3.0, 3.0, 3.0, 3.0, 5.0, 3.0], [2.0, 3.0, 6.0, 3.0, 2.0, 5.0, 2.0, 3.0, 3.0, 2.0, 3.0, 2.0, 5.0, 2.0, 2.0, 3.0, 2.0, 2.0, 5.0, 2.0, 6.0, 2.0, 3.0, 6.0, 3.0, 2.0, 5.0, 6.0, 2.0, 2.0, 2.0, 6.0, 6.0, 6.0, 2.0, 3.0, 3.0, 3.0, 3.0, 3.0, 6.0, 3.0], [2.0, 6.0, 6.0, 2.0, 2.0, 3.0, 2.0, 3.0, 3.0, 2.0, 3.0, 2.0, 6.0, 2.0, 2.0, 3.0, 2.0, 2.0, 3.0, 2.0, 6.0, 2.0, 5.0, 6.0, 3.0, 3.0, 6.0, 6.0, 2.0, 2.0, 2.0, 6.0, 3.0, 3.0, 2.0, 6.0, 3.0, 3.0, 3.0, 3.0, 5.0, 5.0], [2.0, 3.0, 6.0, 3.0, 2.0, 3.0, 2.0, 3.0, 3.0, 3.0, 3.0, 2.0, 6.0, 2.0, 3.0, 3.0, 2.0, 2.0, 3.0, 2.0, 5.0, 2.0, 3.0, 6.0, 5.0, 3.0, 6.0, 3.0, 2.0, 2.0, 2.0, 5.0, 6.0, 6.0, 2.0, 6.0, 3.0, 3.0, 3.0, 3.0, 6.0, 5.0], [2.0, 3.0, 6.0, 3.0, 2.0, 5.0, 2.0, 3.0, 3.0, 3.0, 3.0, 2.0, 6.0, 2.0, 3.0, 3.0, 2.0, 2.0, 3.0, 2.0, 6.0, 2.0, 3.0, 6.0, 3.0, 2.0, 5.0, 3.0, 2.0, 2.0, 2.0, 6.0, 6.0, 6.0, 2.0, 6.0, 3.0, 3.0, 3.0, 3.0, 6.0, 5.0], [2.0, 5.0, 6.0, 2.0, 2.0, 6.0, 2.0, 3.0, 2.0, 2.0, 3.0, 2.0, 5.0, 2.0, 3.0, 2.0, 2.0, 2.0, 3.0, 2.0, 6.0, 2.0, 5.0, 6.0, 3.0, 2.0, 3.0, 3.0, 2.0, 2.0, 2.0, 6.0, 6.0, 3.0, 2.0, 6.0, 3.0, 3.0, 3.0, 3.0, 6.0, 3.0], [2.0, 5.0, 5.0, 3.0, 2.0, 6.0, 2.0, 3.0, 2.0, 2.0, 3.0, 2.0, 6.0, 2.0, 3.0, 3.0, 1.0, 2.0, 3.0, 2.0, 6.0, 2.0, 3.0, 6.0, 6.0, 3.0, 6.0, 6.0, 2.0, 2.0, 2.0, 6.0, 6.0, 6.0, 2.0, 5.0, 3.0, 3.0, 3.0, 3.0, 5.0, 3.0], [2.0, 6.0, 6.0, 3.0, 2.0, 3.0, 2.0, 3.0, 3.0, 2.0, 3.0, 2.0, 5.0, 2.0, 2.0, 2.0, 2.0, 2.0, 5.0, 2.0, 6.0, 2.0, 3.0, 6.0, 5.0, 2.0, 5.0, 6.0, 2.0, 2.0, 2.0, 3.0, 3.0, 3.0, 2.0, 3.0, 3.0, 3.0, 3.0, 3.0, 5.0, 5.0], [2.0, 5.0, 6.0, 2.0, 2.0, 6.0, 2.0, 3.0, 3.0, 2.0, 3.0, 2.0, 3.0, 2.0, 2.0, 3.0, 2.0, 2.0, 5.0, 2.0, 6.0, 2.0, 3.0, 6.0, 5.0, 2.0, 6.0, 3.0, 2.0, 2.0, 2.0, 6.0, 6.0, 3.0, 2.0, 5.0, 3.0, 3.0, 3.0, 3.0, 5.0, 5.0], [2.0, 6.0, 3.0, 2.0, 2.0, 3.0, 2.0, 3.0, 2.0, 2.0, 3.0, 2.0, 5.0, 2.0, 3.0, 3.0, 2.0, 2.0, 3.0, 2.0, 6.0, 2.0, 5.0, 6.0, 5.0, 3.0, 6.0, 6.0, 2.0, 2.0, 2.0, 3.0, 6.0, 6.0, 2.0, 6.0, 3.0, 3.0, 5.0, 3.0, 6.0, 3.0], [2.0, 3.0, 6.0, 2.0, 2.0, 3.0, 2.0, 3.0, 3.0, 2.0, 3.0, 2.0, 6.0, 2.0, 3.0, 3.0, 2.0, 2.0, 5.0, 2.0, 6.0, 2.0, 3.0, 6.0, 6.0, 2.0, 5.0, 3.0, 2.0, 2.0, 2.0, 3.0, 6.0, 5.0, 2.0, 6.0, 3.0, 3.0, 3.0, 3.0, 6.0, 3.0], [2.0, 5.0, 6.0, 2.0, 2.0, 5.0, 2.0, 3.0, 3.0, 2.0, 3.0, 2.0, 5.0, 2.0, 3.0, 3.0, 1.0, 2.0, 3.0, 2.0, 6.0, 2.0, 3.0, 6.0, 3.0, 3.0, 3.0, 6.0, 2.0, 2.0, 2.0, 5.0, 6.0, 6.0, 2.0, 3.0, 3.0, 3.0, 3.0, 3.0, 6.0, 3.0], [2.0, 6.0, 5.0, 3.0, 2.0, 3.0, 2.0, 3.0, 3.0, 2.0, 3.0, 2.0, 5.0, 2.0, 2.0, 2.0, 1.0, 2.0, 3.0, 2.0, 6.0, 2.0, 3.0, 6.0, 5.0, 3.0, 6.0, 3.0, 2.0, 2.0, 2.0, 6.0, 6.0, 3.0, 2.0, 5.0, 2.0, 3.0, 3.0, 3.0, 5.0, 3.0], [2.0, 6.0, 6.0, 2.0, 2.0, 3.0, 2.0, 3.0, 3.0, 2.0, 3.0, 2.0, 6.0, 2.0, 3.0, 2.0, 2.0, 2.0, 3.0, 2.0, 6.0, 2.0, 3.0, 6.0, 5.0, 2.0, 5.0, 6.0, 2.0, 2.0, 2.0, 6.0, 6.0, 6.0, 2.0, 6.0, 3.0, 3.0, 3.0, 3.0, 6.0, 3.0], [2.0, 3.0, 6.0, 2.0, 2.0, 3.0, 2.0, 3.0, 2.0, 2.0, 3.0, 2.0, 3.0, 2.0, 2.0, 3.0, 1.0, 2.0, 3.0, 2.0, 6.0, 2.0, 3.0, 6.0, 6.0, 3.0, 3.0, 6.0, 2.0, 2.0, 2.0, 3.0, 6.0, 6.0, 2.0, 5.0, 3.0, 3.0, 3.0, 2.0, 6.0, 3.0], [2.0, 6.0, 5.0, 3.0, 2.0, 3.0, 2.0, 5.0, 2.0, 2.0, 3.0, 2.0, 5.0, 3.0, 2.0, 2.0, 2.0, 2.0, 3.0, 2.0, 3.0, 2.0, 3.0, 6.0, 6.0, 2.0, 5.0, 5.0, 2.0, 2.0, 2.0, 6.0, 6.0, 6.0, 2.0, 6.0, 3.0, 3.0, 3.0, 3.0, 6.0, 3.0], [2.0, 5.0, 6.0, 3.0, 2.0, 6.0, 2.0, 3.0, 2.0, 2.0, 3.0, 2.0, 5.0, 2.0, 3.0, 3.0, 2.0, 2.0, 3.0, 2.0, 6.0, 2.0, 5.0, 6.0, 3.0, 3.0, 6.0, 3.0, 2.0, 2.0, 2.0, 6.0, 6.0, 3.0, 2.0, 3.0, 3.0, 3.0, 5.0, 3.0, 5.0, 5.0], [2.0, 5.0, 5.0, 2.0, 2.0, 3.0, 2.0, 3.0, 2.0, 2.0, 3.0, 2.0, 3.0, 2.0, 3.0, 2.0, 2.0, 2.0, 5.0, 2.0, 6.0, 2.0, 5.0, 5.0, 5.0, 3.0, 3.0, 6.0, 2.0, 2.0, 2.0, 5.0, 5.0, 3.0, 2.0, 6.0, 3.0, 3.0, 3.0, 3.0, 6.0, 3.0], [2.0, 6.0, 5.0, 3.0, 2.0, 3.0, 2.0, 3.0, 3.0, 3.0, 3.0, 2.0, 5.0, 2.0, 3.0, 3.0, 2.0, 2.0, 3.0, 2.0, 3.0, 2.0, 3.0, 6.0, 3.0, 3.0, 3.0, 5.0, 2.0, 2.0, 2.0, 6.0, 6.0, 6.0, 2.0, 6.0, 3.0, 3.0, 3.0, 2.0, 6.0, 3.0], [2.0, 3.0, 6.0, 2.0, 2.0, 2.0, 2.0, 3.0, 3.0, 2.0, 3.0, 2.0, 6.0, 2.0, 3.0, 2.0, 2.0, 2.0, 3.0, 2.0, 6.0, 2.0, 5.0, 6.0, 3.0, 3.0, 3.0, 6.0, 2.0, 2.0, 2.0, 6.0, 6.0, 6.0, 2.0, 6.0, 2.0, 3.0, 3.0, 3.0, 6.0, 5.0], [2.0, 5.0, 6.0, 3.0, 2.0, 5.0, 2.0, 3.0, 2.0, 2.0, 3.0, 2.0, 5.0, 2.0, 2.0, 3.0, 2.0, 2.0, 3.0, 2.0, 6.0, 2.0, 3.0, 6.0, 6.0, 3.0, 6.0, 6.0, 2.0, 2.0, 2.0, 6.0, 6.0, 3.0, 2.0, 6.0, 3.0, 3.0, 3.0, 2.0, 3.0, 5.0], [2.0, 6.0, 6.0, 2.0, 2.0, 5.0, 2.0, 3.0, 2.0, 3.0, 3.0, 2.0, 3.0, 2.0, 2.0, 2.0, 1.0, 2.0, 3.0, 2.0, 6.0, 2.0, 3.0, 5.0, 3.0, 3.0, 6.0, 6.0, 2.0, 2.0, 2.0, 6.0, 6.0, 3.0, 2.0, 3.0, 2.0, 3.0, 3.0, 3.0, 5.0, 5.0], [2.0, 6.0, 5.0, 2.0, 2.0, 3.0, 2.0, 3.0, 3.0, 2.0, 3.0, 2.0, 5.0, 2.0, 3.0, 3.0, 2.0, 2.0, 3.0, 2.0, 6.0, 2.0, 3.0, 6.0, 5.0, 3.0, 5.0, 6.0, 2.0, 2.0, 2.0, 6.0, 6.0, 3.0, 2.0, 6.0, 3.0, 3.0, 3.0, 3.0, 6.0, 3.0], [2.0, 6.0, 5.0, 2.0, 2.0, 5.0, 2.0, 3.0, 3.0, 2.0, 3.0, 2.0, 3.0, 2.0, 3.0, 3.0, 1.0, 2.0, 3.0, 2.0, 6.0, 2.0, 3.0, 6.0, 6.0, 2.0, 5.0, 6.0, 2.0, 2.0, 2.0, 6.0, 6.0, 3.0, 2.0, 3.0, 3.0, 3.0, 3.0, 3.0, 6.0, 3.0], [2.0, 3.0, 6.0, 2.0, 2.0, 3.0, 2.0, 3.0, 3.0, 3.0, 2.0, 2.0, 5.0, 2.0, 3.0, 3.0, 2.0, 2.0, 5.0, 2.0, 6.0, 2.0, 3.0, 6.0, 3.0, 2.0, 6.0, 6.0, 2.0, 2.0, 2.0, 6.0, 6.0, 6.0, 2.0, 6.0, 3.0, 3.0, 3.0, 3.0, 6.0, 3.0], [2.0, 6.0, 6.0, 3.0, 2.0, 5.0, 2.0, 3.0, 2.0, 2.0, 3.0, 2.0, 6.0, 2.0, 3.0, 3.0, 2.0, 2.0, 5.0, 2.0, 6.0, 2.0, 5.0, 6.0, 5.0, 3.0, 6.0, 3.0, 2.0, 2.0, 2.0, 6.0, 6.0, 3.0, 2.0, 3.0, 3.0, 3.0, 3.0, 3.0, 6.0, 3.0], [2.0, 5.0, 6.0, 2.0, 2.0, 5.0, 2.0, 3.0, 3.0, 3.0, 3.0, 2.0, 6.0, 2.0, 2.0, 2.0, 1.0, 2.0, 5.0, 2.0, 6.0, 2.0, 5.0, 6.0, 5.0, 2.0, 6.0, 6.0, 2.0, 2.0, 2.0, 6.0, 6.0, 6.0, 2.0, 6.0, 3.0, 3.0, 3.0, 3.0, 6.0, 3.0], [2.0, 6.0, 5.0, 3.0, 2.0, 5.0, 2.0, 3.0, 3.0, 2.0, 3.0, 2.0, 5.0, 2.0, 3.0, 3.0, 2.0, 2.0, 6.0, 2.0, 6.0, 2.0, 3.0, 6.0, 6.0, 3.0, 6.0, 5.0, 2.0, 2.0, 2.0, 6.0, 6.0, 6.0, 2.0, 3.0, 3.0, 3.0, 3.0, 3.0, 6.0, 3.0], [2.0, 6.0, 6.0, 2.0, 2.0, 6.0, 2.0, 3.0, 2.0, 3.0, 3.0, 2.0, 3.0, 2.0, 3.0, 3.0, 2.0, 2.0, 3.0, 2.0, 6.0, 2.0, 3.0, 6.0, 6.0, 2.0, 3.0, 3.0, 2.0, 2.0, 2.0, 5.0, 6.0, 6.0, 2.0, 6.0, 3.0, 3.0, 3.0, 3.0, 6.0, 3.0], [2.0, 6.0, 5.0, 2.0, 2.0, 5.0, 2.0, 3.0, 3.0, 2.0, 2.0, 2.0, 5.0, 2.0, 2.0, 3.0, 2.0, 2.0, 6.0, 2.0, 6.0, 2.0, 3.0, 6.0, 5.0, 3.0, 6.0, 3.0, 2.0, 2.0, 2.0, 6.0, 6.0, 3.0, 2.0, 6.0, 3.0, 3.0, 3.0, 3.0, 3.0, 3.0], [2.0, 5.0, 6.0, 2.0, 2.0, 3.0, 2.0, 3.0, 2.0, 3.0, 3.0, 2.0, 3.0, 3.0, 3.0, 3.0, 2.0, 2.0, 3.0, 2.0, 6.0, 2.0, 3.0, 6.0, 5.0, 2.0, 5.0, 6.0, 2.0, 2.0, 2.0, 6.0, 5.0, 6.0, 2.0, 5.0, 3.0, 3.0, 3.0, 3.0, 6.0, 5.0], [2.0, 6.0, 6.0, 2.0, 2.0, 6.0, 2.0, 3.0, 2.0, 2.0, 2.0, 2.0, 6.0, 3.0, 2.0, 3.0, 1.0, 2.0, 5.0, 2.0, 6.0, 2.0, 5.0, 6.0, 5.0, 3.0, 3.0, 6.0, 2.0, 2.0, 2.0, 6.0, 6.0, 5.0, 2.0, 5.0, 3.0, 3.0, 3.0, 3.0, 6.0, 5.0], [2.0, 5.0, 5.0, 2.0, 2.0, 3.0, 2.0, 3.0, 2.0, 2.0, 3.0, 2.0, 5.0, 2.0, 2.0, 3.0, 2.0, 2.0, 3.0, 2.0, 6.0, 2.0, 3.0, 5.0, 6.0, 3.0, 5.0, 6.0, 2.0, 2.0, 2.0, 5.0, 6.0, 6.0, 2.0, 5.0, 3.0, 3.0, 3.0, 3.0, 6.0, 3.0], [2.0, 5.0, 6.0, 2.0, 2.0, 6.0, 2.0, 3.0, 3.0, 2.0, 3.0, 2.0, 6.0, 2.0, 2.0, 3.0, 2.0, 2.0, 5.0, 2.0, 6.0, 2.0, 3.0, 6.0, 3.0, 3.0, 6.0, 6.0, 2.0, 2.0, 2.0, 5.0, 6.0, 3.0, 2.0, 3.0, 3.0, 3.0, 3.0, 3.0, 6.0, 3.0], [2.0, 5.0, 6.0, 3.0, 2.0, 3.0, 2.0, 3.0, 2.0, 2.0, 3.0, 2.0, 6.0, 2.0, 2.0, 3.0, 1.0, 2.0, 3.0, 2.0, 6.0, 2.0, 3.0, 6.0, 6.0, 2.0, 5.0, 6.0, 2.0, 2.0, 2.0, 6.0, 6.0, 6.0, 2.0, 6.0, 3.0, 3.0, 5.0, 2.0, 6.0, 5.0], [2.0, 6.0, 6.0, 3.0, 2.0, 6.0, 2.0, 3.0, 2.0, 3.0, 3.0, 2.0, 6.0, 2.0, 3.0, 3.0, 1.0, 2.0, 3.0, 2.0, 6.0, 2.0, 3.0, 6.0, 3.0, 2.0, 3.0, 6.0, 2.0, 2.0, 2.0, 6.0, 3.0, 6.0, 2.0, 6.0, 3.0, 3.0, 5.0, 3.0, 3.0, 3.0], [2.0, 6.0, 3.0, 2.0, 2.0, 5.0, 2.0, 3.0, 3.0, 2.0, 3.0, 2.0, 5.0, 2.0, 2.0, 3.0, 2.0, 2.0, 3.0, 2.0, 6.0, 2.0, 3.0, 6.0, 5.0, 3.0, 6.0, 6.0, 2.0, 2.0, 2.0, 6.0, 6.0, 3.0, 2.0, 5.0, 3.0, 3.0, 3.0, 3.0, 6.0, 5.0], [2.0, 5.0, 5.0, 2.0, 2.0, 6.0, 2.0, 3.0, 2.0, 2.0, 2.0, 2.0, 5.0, 2.0, 3.0, 3.0, 2.0, 2.0, 3.0, 2.0, 6.0, 2.0, 3.0, 5.0, 3.0, 3.0, 3.0, 3.0, 2.0, 2.0, 2.0, 6.0, 6.0, 6.0, 2.0, 5.0, 3.0, 3.0, 3.0, 3.0, 6.0, 5.0], [2.0, 6.0, 6.0, 2.0, 2.0, 6.0, 2.0, 3.0, 3.0, 2.0, 3.0, 2.0, 6.0, 2.0, 2.0, 3.0, 2.0, 2.0, 3.0, 2.0, 6.0, 2.0, 3.0, 6.0, 5.0, 3.0, 3.0, 6.0, 2.0, 2.0, 2.0, 5.0, 6.0, 3.0, 2.0, 6.0, 3.0, 3.0, 3.0, 3.0, 3.0, 3.0], [2.0, 6.0, 6.0, 2.0, 2.0, 5.0, 2.0, 3.0, 3.0, 2.0, 3.0, 2.0, 6.0, 2.0, 3.0, 3.0, 2.0, 3.0, 5.0, 2.0, 6.0, 2.0, 3.0, 6.0, 5.0, 2.0, 6.0, 6.0, 2.0, 2.0, 2.0, 6.0, 6.0, 3.0, 2.0, 6.0, 3.0, 3.0, 3.0, 3.0, 6.0, 3.0], [2.0, 6.0, 6.0, 2.0, 2.0, 5.0, 2.0, 3.0, 3.0, 2.0, 3.0, 2.0, 3.0, 3.0, 3.0, 3.0, 2.0, 2.0, 6.0, 2.0, 6.0, 2.0, 5.0, 6.0, 5.0, 2.0, 3.0, 6.0, 2.0, 2.0, 2.0, 6.0, 3.0, 3.0, 2.0, 6.0, 3.0, 3.0, 3.0, 2.0, 6.0, 5.0], [2.0, 6.0, 5.0, 2.0, 2.0, 5.0, 2.0, 5.0, 3.0, 2.0, 3.0, 2.0, 5.0, 2.0, 2.0, 3.0, 2.0, 2.0, 3.0, 2.0, 6.0, 2.0, 5.0, 6.0, 5.0, 2.0, 5.0, 6.0, 2.0, 2.0, 2.0, 6.0, 6.0, 3.0, 2.0, 6.0, 3.0, 3.0, 3.0, 3.0, 3.0, 5.0]]

first layer check: Conv2d(9, 64, kernel_size=(7, 7), stride=(2, 2), padding=(3, 3), bias=False)

for model 2: mode acc: 0.523809552192688, run mean acc: 0.4570832848548889, top-2 acc:0.7758333086967468, mode f1: 0.523809552192688

model 2 mode preds
[2.0, 6.0, 5.0, 2.0, 1.0, 6.0, 2.0, 5.0, 3.0, 2.0, 3.0, 2.0, 5.0, 2.0, 2.0, 2.0, 2.0, 2.0, 6.0, 2.0, 6.0, 2.0, 3.0, 6.0, 5.0, 2.0, 6.0, 6.0, 2.0, 2.0, 2.0, 5.0, 6.0, 6.0, 2.0, 6.0, 2.0, 2.0, 5.0, 2.0, 5.0, 4.0]

model 2 all preds
[[1.0, 5.0, 6.0, 2.0, 1.0, 5.0, 2.0, 5.0, 2.0, 2.0, 3.0, 2.0, 5.0, 2.0, 2.0, 2.0, 2.0, 1.0, 6.0, 2.0, 6.0, 2.0, 3.0, 6.0, 5.0, 2.0, 6.0, 6.0, 2.0, 2.0, 2.0, 6.0, 6.0, 6.0, 2.0, 5.0, 3.0, 2.0, 5.0, 2.0, 6.0, 4.0], [1.0, 5.0, 5.0, 2.0, 1.0, 5.0, 2.0, 5.0, 3.0, 2.0, 4.0, 2.0, 5.0, 2.0, 2.0, 2.0, 2.0, 2.0, 6.0, 2.0, 6.0, 2.0, 3.0, 6.0, 5.0, 2.0, 6.0, 6.0, 2.0, 2.0, 2.0, 5.0, 6.0, 6.0, 2.0, 3.0, 2.0, 2.0, 4.0, 2.0, 5.0, 3.0], [2.0, 6.0, 5.0, 2.0, 1.0, 6.0, 2.0, 5.0, 3.0, 2.0, 3.0, 2.0, 5.0, 1.0, 2.0, 2.0, 1.0, 2.0, 3.0, 2.0, 6.0, 2.0, 3.0, 6.0, 5.0, 2.0, 6.0, 6.0, 2.0, 2.0, 2.0, 6.0, 6.0, 6.0, 2.0, 6.0, 2.0, 2.0, 5.0, 5.0, 5.0, 5.0], [2.0, 6.0, 6.0, 2.0, 1.0, 5.0, 2.0, 3.0, 3.0, 3.0, 3.0, 2.0, 5.0, 2.0, 3.0, 2.0, 2.0, 1.0, 3.0, 2.0, 6.0, 2.0, 3.0, 6.0, 5.0, 2.0, 6.0, 6.0, 2.0, 2.0, 2.0, 6.0, 6.0, 6.0, 2.0, 5.0, 2.0, 2.0, 5.0, 2.0, 5.0, 4.0], [2.0, 6.0, 5.0, 2.0, 1.0, 6.0, 2.0, 5.0, 3.0, 2.0, 3.0, 2.0, 5.0, 2.0, 2.0, 2.0, 2.0, 2.0, 6.0, 2.0, 6.0, 2.0, 3.0, 6.0, 5.0, 2.0, 6.0, 6.0, 2.0, 2.0, 2.0, 5.0, 6.0, 6.0, 2.0, 6.0, 2.0, 2.0, 5.0, 2.0, 5.0, 5.0], [2.0, 5.0, 5.0, 2.0, 1.0, 5.0, 2.0, 5.0, 2.0, 2.0, 4.0, 2.0, 5.0, 2.0, 2.0, 2.0, 2.0, 2.0, 6.0, 2.0, 6.0, 2.0, 4.0, 5.0, 5.0, 2.0, 3.0, 6.0, 2.0, 2.0, 2.0, 5.0, 6.0, 5.0, 2.0, 6.0, 2.0, 2.0, 5.0, 2.0, 5.0, 4.0], [1.0, 5.0, 6.0, 2.0, 1.0, 6.0, 2.0, 2.0, 3.0, 2.0, 3.0, 2.0, 5.0, 2.0, 2.0, 2.0, 2.0, 2.0, 6.0, 2.0, 6.0, 2.0, 3.0, 6.0, 5.0, 2.0, 6.0, 6.0, 2.0, 2.0, 2.0, 5.0, 6.0, 6.0, 2.0, 5.0, 2.0, 2.0, 5.0, 2.0, 6.0, 3.0], [2.0, 5.0, 5.0, 3.0, 1.0, 3.0, 2.0, 5.0, 3.0, 3.0, 3.0, 2.0, 5.0, 2.0, 2.0, 2.0, 2.0, 2.0, 6.0, 2.0, 6.0, 2.0, 2.0, 5.0, 3.0, 2.0, 6.0, 6.0, 2.0, 2.0, 2.0, 6.0, 6.0, 5.0, 2.0, 6.0, 2.0, 2.0, 5.0, 2.0, 5.0, 4.0], [2.0, 6.0, 5.0, 2.0, 1.0, 6.0, 2.0, 5.0, 3.0, 2.0, 4.0, 2.0, 5.0, 2.0, 2.0, 2.0, 2.0, 1.0, 3.0, 2.0, 6.0, 2.0, 3.0, 5.0, 5.0, 2.0, 6.0, 6.0, 2.0, 2.0, 2.0, 6.0, 6.0, 6.0, 2.0, 5.0, 2.0, 2.0, 5.0, 2.0, 6.0, 4.0], [2.0, 5.0, 5.0, 2.0, 1.0, 5.0, 2.0, 5.0, 3.0, 2.0, 4.0, 2.0, 5.0, 2.0, 2.0, 2.0, 1.0, 2.0, 3.0, 2.0, 6.0, 2.0, 3.0, 6.0, 5.0, 2.0, 6.0, 6.0, 2.0, 2.0, 2.0, 5.0, 6.0, 5.0, 2.0, 6.0, 2.0, 2.0, 3.0, 2.0, 5.0, 4.0], [2.0, 6.0, 6.0, 3.0, 1.0, 3.0, 2.0, 5.0, 2.0, 2.0, 4.0, 2.0, 5.0, 2.0, 2.0, 2.0, 2.0, 2.0, 3.0, 2.0, 6.0, 2.0, 3.0, 6.0, 5.0, 2.0, 6.0, 6.0, 2.0, 2.0, 2.0, 5.0, 6.0, 5.0, 2.0, 6.0, 2.0, 2.0, 5.0, 2.0, 5.0, 4.0], [2.0, 6.0, 5.0, 2.0, 1.0, 3.0, 2.0, 3.0, 3.0, 2.0, 3.0, 2.0, 5.0, 2.0, 2.0, 2.0, 2.0, 1.0, 6.0, 2.0, 6.0, 2.0, 3.0, 6.0, 5.0, 2.0, 6.0, 6.0, 2.0, 2.0, 2.0, 5.0, 6.0, 6.0, 2.0, 6.0, 2.0, 2.0, 5.0, 2.0, 5.0, 3.0], [2.0, 5.0, 5.0, 3.0, 1.0, 6.0, 2.0, 3.0, 3.0, 2.0, 2.0, 2.0, 5.0, 1.0, 2.0, 2.0, 2.0, 2.0, 6.0, 2.0, 6.0, 2.0, 3.0, 5.0, 5.0, 2.0, 6.0, 6.0, 2.0, 2.0, 2.0, 6.0, 6.0, 5.0, 2.0, 6.0, 2.0, 2.0, 3.0, 5.0, 6.0, 4.0], [2.0, 6.0, 5.0, 2.0, 1.0, 6.0, 2.0, 5.0, 3.0, 2.0, 3.0, 2.0, 5.0, 2.0, 2.0, 2.0, 2.0, 2.0, 6.0, 2.0, 6.0, 2.0, 3.0, 5.0, 5.0, 2.0, 6.0, 3.0, 2.0, 2.0, 2.0, 5.0, 3.0, 6.0, 2.0, 5.0, 2.0, 2.0, 5.0, 2.0, 5.0, 3.0], [2.0, 5.0, 5.0, 2.0, 1.0, 6.0, 2.0, 3.0, 2.0, 2.0, 4.0, 2.0, 5.0, 2.0, 2.0, 2.0, 2.0, 2.0, 6.0, 2.0, 6.0, 2.0, 3.0, 6.0, 6.0, 2.0, 6.0, 6.0, 2.0, 2.0, 2.0, 5.0, 6.0, 6.0, 2.0, 5.0, 2.0, 2.0, 5.0, 2.0, 6.0, 5.0], [2.0, 6.0, 5.0, 2.0, 1.0, 3.0, 2.0, 5.0, 3.0, 2.0, 4.0, 2.0, 5.0, 2.0, 2.0, 2.0, 1.0, 2.0, 6.0, 2.0, 6.0, 2.0, 3.0, 6.0, 5.0, 2.0, 6.0, 6.0, 2.0, 2.0, 2.0, 5.0, 6.0, 5.0, 2.0, 6.0, 2.0, 2.0, 2.0, 5.0, 5.0, 3.0], [2.0, 6.0, 5.0, 2.0, 1.0, 6.0, 2.0, 5.0, 3.0, 2.0, 2.0, 2.0, 5.0, 1.0, 2.0, 2.0, 2.0, 2.0, 3.0, 2.0, 6.0, 2.0, 3.0, 6.0, 5.0, 2.0, 6.0, 6.0, 2.0, 2.0, 2.0, 5.0, 6.0, 5.0, 2.0, 6.0, 3.0, 2.0, 5.0, 5.0, 5.0, 3.0], [2.0, 6.0, 6.0, 2.0, 1.0, 6.0, 2.0, 5.0, 3.0, 2.0, 3.0, 2.0, 5.0, 2.0, 2.0, 2.0, 2.0, 2.0, 3.0, 2.0, 6.0, 2.0, 3.0, 6.0, 5.0, 2.0, 3.0, 6.0, 2.0, 2.0, 2.0, 5.0, 6.0, 6.0, 2.0, 5.0, 2.0, 2.0, 3.0, 2.0, 5.0, 4.0], [2.0, 5.0, 5.0, 2.0, 1.0, 5.0, 2.0, 5.0, 3.0, 2.0, 3.0, 2.0, 5.0, 2.0, 2.0, 2.0, 2.0, 2.0, 6.0, 2.0, 6.0, 2.0, 3.0, 6.0, 5.0, 2.0, 6.0, 6.0, 2.0, 2.0, 2.0, 5.0, 6.0, 5.0, 2.0, 6.0, 2.0, 2.0, 2.0, 2.0, 6.0, 4.0], [2.0, 6.0, 5.0, 2.0, 1.0, 3.0, 2.0, 3.0, 3.0, 3.0, 3.0, 2.0, 5.0, 2.0, 2.0, 2.0, 2.0, 2.0, 6.0, 2.0, 6.0, 2.0, 3.0, 6.0, 5.0, 2.0, 6.0, 6.0, 2.0, 2.0, 2.0, 5.0, 6.0, 4.0, 2.0, 6.0, 3.0, 2.0, 5.0, 2.0, 6.0, 3.0], [2.0, 5.0, 5.0, 3.0, 1.0, 3.0, 2.0, 4.0, 2.0, 2.0, 3.0, 2.0, 5.0, 2.0, 2.0, 2.0, 2.0, 2.0, 5.0, 2.0, 6.0, 2.0, 4.0, 6.0, 5.0, 2.0, 6.0, 6.0, 2.0, 2.0, 2.0, 5.0, 6.0, 5.0, 2.0, 6.0, 2.0, 2.0, 3.0, 5.0, 5.0, 4.0], [2.0, 6.0, 6.0, 2.0, 1.0, 6.0, 2.0, 3.0, 3.0, 2.0, 3.0, 2.0, 5.0, 2.0, 2.0, 2.0, 2.0, 1.0, 5.0, 2.0, 6.0, 2.0, 4.0, 6.0, 5.0, 2.0, 5.0, 6.0, 2.0, 2.0, 2.0, 2.0, 6.0, 5.0, 2.0, 5.0, 3.0, 2.0, 5.0, 2.0, 5.0, 3.0], [2.0, 6.0, 5.0, 2.0, 1.0, 6.0, 2.0, 5.0, 3.0, 2.0, 2.0, 2.0, 5.0, 1.0, 2.0, 2.0, 2.0, 2.0, 5.0, 2.0, 6.0, 2.0, 4.0, 5.0, 5.0, 2.0, 6.0, 6.0, 2.0, 2.0, 2.0, 5.0, 6.0, 6.0, 2.0, 6.0, 2.0, 2.0, 5.0, 2.0, 5.0, 3.0], [2.0, 6.0, 6.0, 2.0, 1.0, 6.0, 2.0, 3.0, 3.0, 3.0, 2.0, 2.0, 5.0, 2.0, 2.0, 2.0, 2.0, 2.0, 6.0, 2.0, 6.0, 2.0, 4.0, 5.0, 5.0, 2.0, 6.0, 6.0, 2.0, 2.0, 2.0, 6.0, 6.0, 6.0, 2.0, 6.0, 3.0, 2.0, 5.0, 2.0, 5.0, 5.0], [2.0, 5.0, 5.0, 2.0, 1.0, 6.0, 2.0, 5.0, 3.0, 2.0, 2.0, 2.0, 5.0, 2.0, 2.0, 2.0, 1.0, 2.0, 5.0, 2.0, 6.0, 2.0, 3.0, 5.0, 5.0, 2.0, 6.0, 3.0, 2.0, 2.0, 2.0, 6.0, 6.0, 6.0, 2.0, 5.0, 2.0, 2.0, 4.0, 2.0, 6.0, 4.0], [2.0, 2.0, 5.0, 2.0, 1.0, 6.0, 2.0, 5.0, 3.0, 2.0, 2.0, 2.0, 5.0, 1.0, 2.0, 2.0, 1.0, 2.0, 6.0, 2.0, 6.0, 2.0, 3.0, 5.0, 5.0, 2.0, 6.0, 6.0, 2.0, 2.0, 2.0, 5.0, 6.0, 5.0, 2.0, 5.0, 2.0, 2.0, 2.0, 5.0, 5.0, 5.0], [2.0, 5.0, 6.0, 2.0, 1.0, 6.0, 2.0, 3.0, 2.0, 2.0, 2.0, 2.0, 5.0, 2.0, 3.0, 2.0, 2.0, 2.0, 6.0, 2.0, 6.0, 2.0, 3.0, 5.0, 5.0, 2.0, 6.0, 5.0, 2.0, 2.0, 2.0, 6.0, 6.0, 6.0, 2.0, 5.0, 2.0, 2.0, 2.0, 2.0, 5.0, 5.0], [2.0, 6.0, 6.0, 3.0, 1.0, 3.0, 2.0, 5.0, 2.0, 2.0, 3.0, 2.0, 5.0, 2.0, 2.0, 2.0, 2.0, 2.0, 6.0, 2.0, 6.0, 2.0, 3.0, 6.0, 6.0, 2.0, 6.0, 6.0, 2.0, 2.0, 2.0, 5.0, 6.0, 6.0, 2.0, 6.0, 2.0, 2.0, 5.0, 2.0, 6.0, 3.0], [2.0, 5.0, 6.0, 2.0, 1.0, 5.0, 2.0, 3.0, 2.0, 3.0, 3.0, 2.0, 5.0, 2.0, 2.0, 2.0, 1.0, 2.0, 6.0, 2.0, 6.0, 2.0, 3.0, 6.0, 5.0, 2.0, 6.0, 6.0, 2.0, 2.0, 2.0, 5.0, 6.0, 4.0, 2.0, 6.0, 2.0, 2.0, 4.0, 2.0, 5.0, 4.0], [2.0, 5.0, 5.0, 2.0, 1.0, 5.0, 2.0, 3.0, 1.0, 2.0, 2.0, 2.0, 5.0, 2.0, 2.0, 2.0, 2.0, 2.0, 5.0, 2.0, 6.0, 2.0, 3.0, 6.0, 5.0, 2.0, 6.0, 6.0, 2.0, 2.0, 2.0, 6.0, 6.0, 5.0, 2.0, 3.0, 3.0, 2.0, 3.0, 2.0, 6.0, 4.0], [2.0, 6.0, 5.0, 2.0, 1.0, 5.0, 2.0, 5.0, 3.0, 2.0, 3.0, 2.0, 5.0, 2.0, 2.0, 2.0, 2.0, 1.0, 3.0, 2.0, 6.0, 2.0, 3.0, 6.0, 5.0, 2.0, 6.0, 6.0, 2.0, 2.0, 2.0, 6.0, 6.0, 5.0, 2.0, 5.0, 2.0, 2.0, 5.0, 2.0, 5.0, 5.0], [2.0, 5.0, 5.0, 2.0, 1.0, 6.0, 2.0, 3.0, 3.0, 3.0, 3.0, 2.0, 5.0, 2.0, 2.0, 2.0, 2.0, 2.0, 6.0, 2.0, 6.0, 2.0, 3.0, 6.0, 5.0, 2.0, 6.0, 6.0, 2.0, 2.0, 2.0, 5.0, 6.0, 5.0, 2.0, 5.0, 3.0, 2.0, 5.0, 2.0, 5.0, 4.0], [2.0, 5.0, 5.0, 3.0, 1.0, 5.0, 2.0, 5.0, 2.0, 2.0, 3.0, 2.0, 5.0, 2.0, 2.0, 2.0, 2.0, 2.0, 6.0, 2.0, 6.0, 2.0, 3.0, 6.0, 5.0, 2.0, 6.0, 6.0, 2.0, 2.0, 2.0, 2.0, 6.0, 6.0, 2.0, 5.0, 2.0, 2.0, 5.0, 5.0, 5.0, 3.0], [2.0, 5.0, 5.0, 2.0, 1.0, 6.0, 2.0, 5.0, 3.0, 2.0, 4.0, 2.0, 5.0, 2.0, 2.0, 2.0, 1.0, 2.0, 6.0, 2.0, 6.0, 2.0, 3.0, 5.0, 5.0, 2.0, 6.0, 6.0, 2.0, 2.0, 2.0, 5.0, 6.0, 5.0, 2.0, 6.0, 2.0, 2.0, 5.0, 2.0, 5.0, 4.0], [2.0, 6.0, 6.0, 2.0, 1.0, 6.0, 2.0, 3.0, 1.0, 2.0, 4.0, 2.0, 5.0, 1.0, 2.0, 2.0, 1.0, 2.0, 6.0, 2.0, 6.0, 2.0, 2.0, 5.0, 5.0, 2.0, 4.0, 3.0, 2.0, 2.0, 2.0, 5.0, 6.0, 5.0, 2.0, 5.0, 3.0, 2.0, 5.0, 2.0, 6.0, 4.0], [2.0, 6.0, 6.0, 2.0, 1.0, 5.0, 2.0, 2.0, 2.0, 2.0, 4.0, 2.0, 5.0, 2.0, 2.0, 2.0, 1.0, 2.0, 3.0, 2.0, 6.0, 2.0, 4.0, 6.0, 5.0, 2.0, 6.0, 6.0, 2.0, 2.0, 2.0, 6.0, 6.0, 6.0, 2.0, 5.0, 3.0, 2.0, 5.0, 2.0, 5.0, 4.0], [2.0, 6.0, 6.0, 2.0, 1.0, 5.0, 2.0, 3.0, 3.0, 2.0, 4.0, 2.0, 5.0, 2.0, 2.0, 2.0, 2.0, 2.0, 6.0, 2.0, 6.0, 2.0, 3.0, 6.0, 5.0, 2.0, 6.0, 6.0, 2.0, 2.0, 2.0, 5.0, 6.0, 6.0, 2.0, 6.0, 2.0, 2.0, 5.0, 2.0, 6.0, 3.0], [2.0, 5.0, 5.0, 2.0, 1.0, 5.0, 2.0, 5.0, 3.0, 2.0, 3.0, 2.0, 5.0, 2.0, 2.0, 2.0, 2.0, 2.0, 6.0, 2.0, 6.0, 2.0, 3.0, 6.0, 5.0, 2.0, 6.0, 6.0, 2.0, 2.0, 2.0, 5.0, 6.0, 5.0, 2.0, 5.0, 2.0, 2.0, 5.0, 2.0, 5.0, 3.0], [2.0, 6.0, 5.0, 2.0, 1.0, 6.0, 2.0, 5.0, 3.0, 2.0, 3.0, 2.0, 5.0, 2.0, 2.0, 2.0, 1.0, 2.0, 3.0, 2.0, 6.0, 2.0, 3.0, 5.0, 5.0, 2.0, 6.0, 3.0, 2.0, 2.0, 2.0, 5.0, 6.0, 5.0, 2.0, 5.0, 2.0, 2.0, 5.0, 2.0, 5.0, 3.0], [1.0, 6.0, 5.0, 2.0, 1.0, 6.0, 2.0, 5.0, 3.0, 2.0, 4.0, 2.0, 5.0, 2.0, 2.0, 2.0, 2.0, 1.0, 3.0, 2.0, 6.0, 2.0, 6.0, 6.0, 5.0, 2.0, 6.0, 5.0, 2.0, 2.0, 2.0, 6.0, 6.0, 6.0, 2.0, 6.0, 2.0, 2.0, 5.0, 2.0, 6.0, 3.0], [2.0, 6.0, 5.0, 2.0, 1.0, 6.0, 2.0, 5.0, 2.0, 2.0, 2.0, 2.0, 5.0, 2.0, 2.0, 2.0, 2.0, 2.0, 6.0, 2.0, 6.0, 2.0, 3.0, 5.0, 5.0, 2.0, 6.0, 6.0, 2.0, 2.0, 2.0, 5.0, 6.0, 6.0, 2.0, 6.0, 2.0, 2.0, 3.0, 2.0, 6.0, 4.0], [2.0, 2.0, 5.0, 2.0, 1.0, 6.0, 2.0, 5.0, 3.0, 2.0, 4.0, 2.0, 5.0, 2.0, 3.0, 2.0, 1.0, 2.0, 3.0, 2.0, 3.0, 2.0, 3.0, 6.0, 5.0, 2.0, 6.0, 3.0, 2.0, 2.0, 2.0, 5.0, 6.0, 6.0, 2.0, 6.0, 2.0, 2.0, 5.0, 2.0, 6.0, 5.0], [2.0, 3.0, 6.0, 2.0, 1.0, 6.0, 2.0, 5.0, 2.0, 2.0, 4.0, 2.0, 5.0, 2.0, 2.0, 2.0, 2.0, 2.0, 6.0, 2.0, 6.0, 2.0, 3.0, 6.0, 5.0, 2.0, 6.0, 3.0, 2.0, 2.0, 2.0, 5.0, 6.0, 5.0, 2.0, 6.0, 2.0, 2.0, 5.0, 5.0, 5.0, 3.0], [2.0, 5.0, 5.0, 2.0, 1.0, 6.0, 2.0, 5.0, 2.0, 2.0, 3.0, 2.0, 5.0, 2.0, 2.0, 2.0, 2.0, 2.0, 6.0, 2.0, 6.0, 2.0, 3.0, 5.0, 5.0, 2.0, 6.0, 6.0, 2.0, 2.0, 2.0, 5.0, 6.0, 5.0, 2.0, 6.0, 2.0, 2.0, 5.0, 2.0, 5.0, 4.0], [2.0, 5.0, 6.0, 2.0, 1.0, 6.0, 2.0, 5.0, 3.0, 2.0, 2.0, 2.0, 5.0, 1.0, 2.0, 2.0, 1.0, 2.0, 6.0, 2.0, 6.0, 2.0, 3.0, 6.0, 5.0, 2.0, 6.0, 6.0, 2.0, 2.0, 2.0, 5.0, 5.0, 6.0, 2.0, 6.0, 2.0, 2.0, 5.0, 2.0, 5.0, 3.0], [1.0, 6.0, 6.0, 2.0, 1.0, 5.0, 2.0, 2.0, 2.0, 2.0, 2.0, 2.0, 5.0, 2.0, 2.0, 2.0, 2.0, 1.0, 6.0, 2.0, 6.0, 2.0, 3.0, 6.0, 5.0, 2.0, 6.0, 6.0, 2.0, 2.0, 2.0, 5.0, 6.0, 6.0, 2.0, 6.0, 2.0, 2.0, 2.0, 5.0, 5.0, 4.0], [2.0, 6.0, 5.0, 2.0, 1.0, 6.0, 2.0, 2.0, 3.0, 2.0, 4.0, 2.0, 5.0, 2.0, 2.0, 2.0, 2.0, 1.0, 6.0, 2.0, 6.0, 2.0, 3.0, 6.0, 5.0, 2.0, 6.0, 6.0, 2.0, 2.0, 2.0, 5.0, 6.0, 6.0, 2.0, 6.0, 3.0, 2.0, 3.0, 2.0, 5.0, 4.0], [2.0, 5.0, 6.0, 2.0, 1.0, 6.0, 2.0, 5.0, 3.0, 2.0, 3.0, 2.0, 5.0, 2.0, 2.0, 2.0, 2.0, 2.0, 6.0, 2.0, 6.0, 2.0, 3.0, 5.0, 5.0, 2.0, 6.0, 6.0, 2.0, 2.0, 2.0, 5.0, 6.0, 6.0, 2.0, 6.0, 2.0, 2.0, 3.0, 5.0, 5.0, 3.0], [2.0, 6.0, 5.0, 2.0, 1.0, 6.0, 2.0, 3.0, 2.0, 2.0, 4.0, 2.0, 5.0, 2.0, 2.0, 2.0, 2.0, 2.0, 6.0, 2.0, 6.0, 2.0, 3.0, 5.0, 5.0, 2.0, 5.0, 6.0, 2.0, 2.0, 2.0, 5.0, 6.0, 6.0, 2.0, 6.0, 2.0, 2.0, 5.0, 2.0, 5.0, 5.0], [2.0, 6.0, 5.0, 3.0, 1.0, 6.0, 2.0, 3.0, 3.0, 3.0, 3.0, 2.0, 5.0, 2.0, 2.0, 2.0, 1.0, 1.0, 5.0, 2.0, 6.0, 2.0, 4.0, 6.0, 6.0, 2.0, 6.0, 3.0, 2.0, 2.0, 2.0, 5.0, 6.0, 6.0, 2.0, 6.0, 2.0, 2.0, 4.0, 2.0, 5.0, 4.0]]

first layer check: Conv2d(9, 64, kernel_size=(7, 7), stride=(2, 2), padding=(3, 3), bias=False)

for model 3: mode acc: 0.5714285969734192, run mean acc: 0.5262499451637268, top-2 acc:0.7008333802223206, mode f1: 0.5714285969734192

model 3 mode preds
[2.0, 6.0, 6.0, 2.0, 2.0, 6.0, 2.0, 4.0, 2.0, 2.0, 3.0, 2.0, 6.0, 2.0, 2.0, 2.0, 2.0, 2.0, 6.0, 2.0, 6.0, 2.0, 3.0, 6.0, 6.0, 2.0, 6.0, 6.0, 2.0, 2.0, 2.0, 6.0, 6.0, 6.0, 2.0, 6.0, 2.0, 2.0, 4.0, 2.0, 6.0, 4.0]

model 3 all preds
[[2.0, 5.0, 6.0, 2.0, 2.0, 6.0, 2.0, 5.0, 2.0, 2.0, 2.0, 2.0, 3.0, 2.0, 2.0, 2.0, 2.0, 2.0, 6.0, 2.0, 6.0, 2.0, 3.0, 5.0, 6.0, 2.0, 6.0, 6.0, 2.0, 2.0, 2.0, 6.0, 6.0, 6.0, 2.0, 6.0, 2.0, 2.0, 4.0, 5.0, 5.0, 4.0], [2.0, 5.0, 6.0, 2.0, 2.0, 6.0, 2.0, 6.0, 2.0, 2.0, 3.0, 2.0, 3.0, 2.0, 2.0, 2.0, 2.0, 2.0, 3.0, 2.0, 6.0, 2.0, 3.0, 6.0, 3.0, 2.0, 6.0, 3.0, 2.0, 2.0, 2.0, 6.0, 6.0, 4.0, 2.0, 6.0, 2.0, 2.0, 4.0, 5.0, 4.0, 4.0], [2.0, 6.0, 6.0, 2.0, 2.0, 6.0, 2.0, 5.0, 2.0, 2.0, 2.0, 2.0, 6.0, 2.0, 2.0, 2.0, 2.0, 2.0, 6.0, 2.0, 6.0, 2.0, 3.0, 6.0, 5.0, 2.0, 6.0, 6.0, 2.0, 2.0, 2.0, 5.0, 6.0, 6.0, 2.0, 6.0, 2.0, 2.0, 4.0, 2.0, 6.0, 4.0], [2.0, 6.0, 3.0, 2.0, 2.0, 6.0, 2.0, 5.0, 2.0, 2.0, 3.0, 2.0, 3.0, 2.0, 2.0, 2.0, 2.0, 2.0, 3.0, 2.0, 6.0, 2.0, 3.0, 6.0, 5.0, 2.0, 4.0, 6.0, 2.0, 2.0, 2.0, 6.0, 6.0, 4.0, 2.0, 6.0, 2.0, 4.0, 4.0, 2.0, 3.0, 4.0], [2.0, 6.0, 5.0, 2.0, 1.0, 6.0, 2.0, 4.0, 2.0, 2.0, 3.0, 2.0, 3.0, 2.0, 2.0, 2.0, 2.0, 2.0, 3.0, 2.0, 6.0, 2.0, 3.0, 6.0, 6.0, 2.0, 6.0, 6.0, 2.0, 2.0, 2.0, 6.0, 6.0, 6.0, 2.0, 6.0, 2.0, 2.0, 4.0, 2.0, 6.0, 4.0], [2.0, 5.0, 6.0, 2.0, 2.0, 5.0, 2.0, 2.0, 2.0, 2.0, 2.0, 2.0, 6.0, 2.0, 2.0, 2.0, 2.0, 2.0, 3.0, 2.0, 6.0, 2.0, 4.0, 6.0, 4.0, 2.0, 6.0, 6.0, 2.0, 2.0, 2.0, 6.0, 6.0, 6.0, 2.0, 6.0, 2.0, 2.0, 3.0, 5.0, 6.0, 4.0], [2.0, 6.0, 6.0, 2.0, 2.0, 5.0, 2.0, 4.0, 2.0, 2.0, 2.0, 2.0, 3.0, 2.0, 2.0, 2.0, 2.0, 2.0, 6.0, 2.0, 6.0, 2.0, 3.0, 6.0, 5.0, 2.0, 6.0, 6.0, 2.0, 2.0, 2.0, 5.0, 6.0, 5.0, 2.0, 6.0, 2.0, 2.0, 4.0, 2.0, 6.0, 4.0], [2.0, 6.0, 6.0, 2.0, 2.0, 4.0, 2.0, 5.0, 2.0, 2.0, 3.0, 2.0, 5.0, 2.0, 2.0, 2.0, 2.0, 2.0, 4.0, 2.0, 6.0, 2.0, 3.0, 5.0, 6.0, 2.0, 6.0, 6.0, 2.0, 2.0, 2.0, 6.0, 6.0, 6.0, 2.0, 6.0, 2.0, 2.0, 4.0, 2.0, 6.0, 4.0], [2.0, 6.0, 6.0, 2.0, 2.0, 3.0, 2.0, 3.0, 2.0, 2.0, 2.0, 2.0, 6.0, 2.0, 2.0, 2.0, 2.0, 2.0, 6.0, 2.0, 6.0, 2.0, 3.0, 6.0, 6.0, 2.0, 6.0, 6.0, 2.0, 2.0, 2.0, 6.0, 6.0, 6.0, 2.0, 6.0, 2.0, 2.0, 4.0, 2.0, 4.0, 4.0], [2.0, 6.0, 5.0, 2.0, 2.0, 6.0, 2.0, 2.0, 2.0, 2.0, 2.0, 2.0, 5.0, 2.0, 2.0, 2.0, 2.0, 2.0, 6.0, 2.0, 6.0, 2.0, 3.0, 6.0, 4.0, 2.0, 6.0, 6.0, 2.0, 2.0, 2.0, 6.0, 6.0, 6.0, 2.0, 5.0, 2.0, 4.0, 3.0, 2.0, 5.0, 4.0], [2.0, 5.0, 5.0, 2.0, 2.0, 5.0, 2.0, 4.0, 2.0, 2.0, 3.0, 2.0, 6.0, 2.0, 2.0, 2.0, 2.0, 2.0, 6.0, 2.0, 6.0, 2.0, 3.0, 6.0, 6.0, 2.0, 5.0, 6.0, 2.0, 2.0, 2.0, 6.0, 6.0, 6.0, 2.0, 6.0, 2.0, 2.0, 4.0, 5.0, 6.0, 4.0], [2.0, 6.0, 5.0, 2.0, 2.0, 6.0, 2.0, 4.0, 2.0, 2.0, 2.0, 2.0, 5.0, 2.0, 2.0, 2.0, 2.0, 2.0, 6.0, 2.0, 6.0, 2.0, 4.0, 5.0, 6.0, 2.0, 4.0, 6.0, 2.0, 2.0, 2.0, 6.0, 6.0, 4.0, 2.0, 6.0, 2.0, 2.0, 4.0, 5.0, 6.0, 4.0], [2.0, 6.0, 6.0, 2.0, 2.0, 6.0, 2.0, 5.0, 2.0, 2.0, 3.0, 2.0, 6.0, 2.0, 2.0, 2.0, 2.0, 2.0, 6.0, 2.0, 6.0, 2.0, 3.0, 6.0, 6.0, 2.0, 6.0, 6.0, 2.0, 2.0, 2.0, 6.0, 6.0, 6.0, 2.0, 6.0, 2.0, 2.0, 3.0, 2.0, 6.0, 4.0], [2.0, 6.0, 5.0, 2.0, 2.0, 6.0, 2.0, 3.0, 2.0, 2.0, 2.0, 2.0, 6.0, 2.0, 2.0, 2.0, 2.0, 2.0, 6.0, 2.0, 6.0, 2.0, 3.0, 6.0, 6.0, 2.0, 6.0, 6.0, 2.0, 2.0, 2.0, 6.0, 6.0, 6.0, 2.0, 6.0, 2.0, 2.0, 4.0, 2.0, 6.0, 4.0], [2.0, 6.0, 6.0, 2.0, 1.0, 6.0, 2.0, 5.0, 2.0, 2.0, 3.0, 2.0, 6.0, 2.0, 2.0, 2.0, 2.0, 2.0, 6.0, 2.0, 6.0, 2.0, 3.0, 6.0, 6.0, 2.0, 6.0, 6.0, 2.0, 2.0, 2.0, 6.0, 6.0, 6.0, 2.0, 6.0, 2.0, 2.0, 4.0, 5.0, 6.0, 4.0], [2.0, 5.0, 5.0, 2.0, 2.0, 6.0, 2.0, 4.0, 2.0, 2.0, 3.0, 2.0, 6.0, 2.0, 3.0, 2.0, 2.0, 2.0, 3.0, 2.0, 6.0, 2.0, 3.0, 6.0, 4.0, 2.0, 4.0, 5.0, 2.0, 2.0, 2.0, 5.0, 6.0, 6.0, 2.0, 4.0, 2.0, 2.0, 4.0, 5.0, 6.0, 4.0], [2.0, 5.0, 6.0, 2.0, 2.0, 4.0, 2.0, 4.0, 2.0, 2.0, 3.0, 2.0, 3.0, 2.0, 2.0, 2.0, 2.0, 2.0, 6.0, 2.0, 6.0, 2.0, 3.0, 5.0, 6.0, 2.0, 6.0, 6.0, 2.0, 2.0, 2.0, 6.0, 6.0, 6.0, 2.0, 5.0, 2.0, 4.0, 4.0, 5.0, 6.0, 4.0], [2.0, 6.0, 6.0, 2.0, 2.0, 6.0, 2.0, 5.0, 2.0, 2.0, 3.0, 2.0, 3.0, 2.0, 2.0, 2.0, 2.0, 2.0, 6.0, 2.0, 6.0, 2.0, 3.0, 6.0, 4.0, 2.0, 6.0, 6.0, 2.0, 2.0, 2.0, 6.0, 6.0, 6.0, 2.0, 4.0, 2.0, 2.0, 5.0, 2.0, 6.0, 4.0], [2.0, 6.0, 6.0, 2.0, 2.0, 5.0, 2.0, 4.0, 2.0, 2.0, 4.0, 2.0, 3.0, 2.0, 2.0, 2.0, 2.0, 2.0, 6.0, 2.0, 6.0, 2.0, 3.0, 6.0, 4.0, 2.0, 6.0, 6.0, 2.0, 2.0, 2.0, 5.0, 6.0, 6.0, 2.0, 6.0, 2.0, 2.0, 4.0, 2.0, 4.0, 4.0], [2.0, 6.0, 5.0, 2.0, 2.0, 6.0, 2.0, 4.0, 2.0, 2.0, 3.0, 2.0, 5.0, 2.0, 2.0, 2.0, 2.0, 2.0, 6.0, 2.0, 6.0, 2.0, 3.0, 6.0, 6.0, 2.0, 4.0, 3.0, 2.0, 2.0, 2.0, 6.0, 4.0, 6.0, 2.0, 5.0, 2.0, 2.0, 3.0, 2.0, 6.0, 4.0], [2.0, 6.0, 5.0, 2.0, 2.0, 6.0, 2.0, 5.0, 2.0, 2.0, 3.0, 2.0, 6.0, 2.0, 2.0, 2.0, 2.0, 2.0, 6.0, 2.0, 6.0, 2.0, 3.0, 6.0, 5.0, 2.0, 6.0, 6.0, 2.0, 2.0, 2.0, 6.0, 6.0, 4.0, 2.0, 6.0, 2.0, 4.0, 4.0, 2.0, 6.0, 4.0], [2.0, 6.0, 6.0, 2.0, 2.0, 6.0, 2.0, 5.0, 2.0, 2.0, 2.0, 2.0, 4.0, 2.0, 2.0, 2.0, 2.0, 2.0, 3.0, 2.0, 6.0, 2.0, 3.0, 6.0, 6.0, 2.0, 4.0, 6.0, 2.0, 2.0, 2.0, 5.0, 6.0, 6.0, 2.0, 6.0, 2.0, 2.0, 4.0, 2.0, 4.0, 4.0], [2.0, 6.0, 5.0, 2.0, 2.0, 6.0, 2.0, 5.0, 2.0, 2.0, 3.0, 2.0, 6.0, 2.0, 2.0, 2.0, 2.0, 2.0, 6.0, 2.0, 6.0, 2.0, 4.0, 6.0, 6.0, 2.0, 6.0, 6.0, 2.0, 2.0, 2.0, 6.0, 4.0, 4.0, 2.0, 6.0, 2.0, 4.0, 4.0, 2.0, 6.0, 4.0], [2.0, 6.0, 6.0, 2.0, 2.0, 6.0, 2.0, 4.0, 2.0, 2.0, 2.0, 2.0, 6.0, 2.0, 2.0, 2.0, 2.0, 2.0, 6.0, 2.0, 6.0, 2.0, 4.0, 5.0, 6.0, 2.0, 5.0, 3.0, 2.0, 2.0, 2.0, 4.0, 6.0, 6.0, 2.0, 6.0, 2.0, 4.0, 4.0, 5.0, 6.0, 4.0], [2.0, 3.0, 6.0, 2.0, 2.0, 4.0, 2.0, 5.0, 2.0, 2.0, 4.0, 2.0, 6.0, 2.0, 2.0, 2.0, 2.0, 2.0, 3.0, 2.0, 6.0, 2.0, 3.0, 6.0, 5.0, 2.0, 6.0, 6.0, 2.0, 2.0, 2.0, 5.0, 6.0, 6.0, 2.0, 6.0, 2.0, 2.0, 4.0, 2.0, 6.0, 4.0], [2.0, 6.0, 6.0, 2.0, 1.0, 6.0, 2.0, 3.0, 2.0, 2.0, 4.0, 2.0, 6.0, 2.0, 2.0, 2.0, 2.0, 2.0, 6.0, 2.0, 6.0, 2.0, 4.0, 6.0, 5.0, 2.0, 6.0, 6.0, 2.0, 2.0, 2.0, 6.0, 6.0, 5.0, 2.0, 6.0, 2.0, 2.0, 3.0, 3.0, 6.0, 4.0], [2.0, 5.0, 5.0, 2.0, 1.0, 6.0, 2.0, 5.0, 2.0, 2.0, 3.0, 2.0, 4.0, 2.0, 2.0, 2.0, 2.0, 2.0, 4.0, 2.0, 6.0, 2.0, 3.0, 6.0, 6.0, 2.0, 4.0, 5.0, 2.0, 2.0, 2.0, 6.0, 4.0, 5.0, 2.0, 6.0, 2.0, 4.0, 4.0, 2.0, 6.0, 4.0], [2.0, 5.0, 6.0, 2.0, 2.0, 4.0, 2.0, 4.0, 2.0, 2.0, 4.0, 2.0, 6.0, 2.0, 2.0, 2.0, 2.0, 2.0, 6.0, 2.0, 6.0, 2.0, 3.0, 6.0, 3.0, 2.0, 6.0, 3.0, 2.0, 2.0, 2.0, 6.0, 6.0, 4.0, 2.0, 6.0, 2.0, 2.0, 4.0, 2.0, 6.0, 4.0], [2.0, 6.0, 5.0, 2.0, 2.0, 6.0, 2.0, 4.0, 2.0, 2.0, 3.0, 2.0, 3.0, 2.0, 2.0, 2.0, 2.0, 2.0, 6.0, 2.0, 6.0, 2.0, 4.0, 6.0, 6.0, 2.0, 6.0, 3.0, 2.0, 2.0, 2.0, 6.0, 4.0, 5.0, 2.0, 6.0, 2.0, 2.0, 4.0, 2.0, 5.0, 4.0], [2.0, 6.0, 3.0, 2.0, 2.0, 6.0, 2.0, 2.0, 2.0, 2.0, 4.0, 2.0, 6.0, 2.0, 2.0, 2.0, 2.0, 2.0, 3.0, 2.0, 6.0, 2.0, 3.0, 6.0, 5.0, 2.0, 6.0, 6.0, 2.0, 2.0, 2.0, 6.0, 6.0, 4.0, 2.0, 6.0, 2.0, 2.0, 3.0, 2.0, 3.0, 4.0], [2.0, 6.0, 6.0, 2.0, 2.0, 6.0, 2.0, 5.0, 2.0, 2.0, 3.0, 2.0, 3.0, 2.0, 2.0, 2.0, 2.0, 2.0, 6.0, 2.0, 6.0, 2.0, 3.0, 6.0, 3.0, 2.0, 4.0, 6.0, 2.0, 2.0, 2.0, 5.0, 6.0, 6.0, 2.0, 6.0, 2.0, 4.0, 4.0, 5.0, 4.0, 4.0], [2.0, 6.0, 6.0, 2.0, 2.0, 6.0, 2.0, 3.0, 2.0, 2.0, 2.0, 2.0, 6.0, 2.0, 2.0, 2.0, 2.0, 2.0, 3.0, 2.0, 6.0, 2.0, 3.0, 6.0, 3.0, 2.0, 4.0, 6.0, 2.0, 2.0, 2.0, 6.0, 6.0, 4.0, 2.0, 4.0, 2.0, 4.0, 4.0, 3.0, 6.0, 4.0], [2.0, 6.0, 5.0, 2.0, 2.0, 6.0, 2.0, 6.0, 2.0, 2.0, 4.0, 2.0, 3.0, 2.0, 2.0, 2.0, 2.0, 2.0, 6.0, 2.0, 6.0, 2.0, 3.0, 6.0, 6.0, 2.0, 6.0, 6.0, 2.0, 2.0, 2.0, 6.0, 6.0, 6.0, 2.0, 6.0, 2.0, 2.0, 3.0, 2.0, 6.0, 4.0], [2.0, 6.0, 5.0, 2.0, 2.0, 6.0, 2.0, 5.0, 2.0, 2.0, 3.0, 2.0, 5.0, 2.0, 2.0, 2.0, 2.0, 2.0, 6.0, 2.0, 6.0, 2.0, 3.0, 6.0, 6.0, 2.0, 6.0, 6.0, 2.0, 2.0, 2.0, 4.0, 6.0, 5.0, 2.0, 6.0, 2.0, 4.0, 4.0, 2.0, 6.0, 4.0], [2.0, 6.0, 6.0, 2.0, 2.0, 6.0, 2.0, 2.0, 2.0, 2.0, 3.0, 2.0, 6.0, 2.0, 2.0, 2.0, 2.0, 2.0, 6.0, 2.0, 6.0, 2.0, 3.0, 6.0, 6.0, 2.0, 4.0, 6.0, 2.0, 2.0, 2.0, 4.0, 6.0, 5.0, 2.0, 6.0, 2.0, 2.0, 5.0, 2.0, 6.0, 4.0], [2.0, 5.0, 6.0, 2.0, 2.0, 6.0, 2.0, 4.0, 2.0, 2.0, 4.0, 2.0, 6.0, 2.0, 2.0, 2.0, 2.0, 2.0, 3.0, 2.0, 6.0, 2.0, 4.0, 6.0, 6.0, 2.0, 4.0, 6.0, 2.0, 2.0, 2.0, 4.0, 6.0, 4.0, 2.0, 6.0, 2.0, 4.0, 4.0, 5.0, 6.0, 4.0], [2.0, 6.0, 6.0, 2.0, 2.0, 6.0, 2.0, 6.0, 2.0, 2.0, 3.0, 2.0, 5.0, 2.0, 2.0, 2.0, 2.0, 2.0, 3.0, 2.0, 6.0, 2.0, 3.0, 6.0, 6.0, 2.0, 6.0, 6.0, 2.0, 2.0, 2.0, 6.0, 6.0, 6.0, 2.0, 6.0, 3.0, 2.0, 4.0, 5.0, 6.0, 4.0], [2.0, 6.0, 6.0, 2.0, 2.0, 6.0, 2.0, 2.0, 2.0, 2.0, 4.0, 2.0, 4.0, 2.0, 2.0, 2.0, 2.0, 2.0, 6.0, 2.0, 6.0, 2.0, 3.0, 6.0, 5.0, 2.0, 6.0, 3.0, 2.0, 2.0, 2.0, 6.0, 6.0, 4.0, 2.0, 6.0, 2.0, 4.0, 4.0, 2.0, 6.0, 4.0], [2.0, 6.0, 6.0, 2.0, 2.0, 5.0, 2.0, 4.0, 2.0, 2.0, 4.0, 2.0, 3.0, 2.0, 2.0, 2.0, 2.0, 2.0, 6.0, 2.0, 6.0, 2.0, 3.0, 6.0, 6.0, 2.0, 4.0, 5.0, 2.0, 2.0, 2.0, 4.0, 6.0, 6.0, 2.0, 6.0, 2.0, 2.0, 4.0, 5.0, 3.0, 4.0], [2.0, 6.0, 5.0, 2.0, 2.0, 6.0, 2.0, 5.0, 2.0, 2.0, 2.0, 2.0, 6.0, 2.0, 2.0, 2.0, 2.0, 2.0, 6.0, 2.0, 6.0, 2.0, 3.0, 6.0, 6.0, 2.0, 6.0, 6.0, 2.0, 2.0, 2.0, 4.0, 6.0, 6.0, 2.0, 6.0, 2.0, 2.0, 4.0, 5.0, 5.0, 4.0], [2.0, 6.0, 6.0, 2.0, 2.0, 6.0, 2.0, 4.0, 2.0, 2.0, 2.0, 2.0, 6.0, 2.0, 2.0, 2.0, 2.0, 2.0, 3.0, 2.0, 6.0, 2.0, 4.0, 6.0, 6.0, 2.0, 6.0, 6.0, 2.0, 2.0, 2.0, 6.0, 6.0, 6.0, 2.0, 6.0, 2.0, 4.0, 4.0, 5.0, 6.0, 4.0], [2.0, 6.0, 6.0, 2.0, 2.0, 5.0, 2.0, 5.0, 2.0, 2.0, 4.0, 2.0, 6.0, 2.0, 2.0, 2.0, 2.0, 2.0, 5.0, 2.0, 6.0, 2.0, 3.0, 6.0, 5.0, 2.0, 6.0, 6.0, 2.0, 2.0, 2.0, 6.0, 6.0, 6.0, 2.0, 6.0, 3.0, 2.0, 4.0, 2.0, 4.0, 4.0], [2.0, 6.0, 6.0, 2.0, 2.0, 6.0, 2.0, 3.0, 2.0, 2.0, 4.0, 2.0, 6.0, 2.0, 2.0, 2.0, 2.0, 2.0, 6.0, 2.0, 6.0, 2.0, 3.0, 6.0, 6.0, 2.0, 6.0, 6.0, 2.0, 2.0, 2.0, 6.0, 6.0, 4.0, 2.0, 6.0, 2.0, 3.0, 3.0, 5.0, 3.0, 4.0], [2.0, 6.0, 6.0, 2.0, 1.0, 6.0, 2.0, 3.0, 2.0, 2.0, 2.0, 2.0, 3.0, 2.0, 2.0, 2.0, 2.0, 2.0, 6.0, 2.0, 6.0, 2.0, 4.0, 6.0, 6.0, 2.0, 6.0, 6.0, 2.0, 2.0, 2.0, 6.0, 6.0, 6.0, 2.0, 6.0, 2.0, 2.0, 4.0, 5.0, 3.0, 4.0], [2.0, 6.0, 6.0, 2.0, 2.0, 6.0, 2.0, 4.0, 2.0, 2.0, 3.0, 2.0, 5.0, 2.0, 2.0, 2.0, 2.0, 2.0, 3.0, 2.0, 6.0, 2.0, 3.0, 6.0, 6.0, 2.0, 6.0, 6.0, 2.0, 2.0, 2.0, 6.0, 6.0, 6.0, 2.0, 6.0, 2.0, 4.0, 4.0, 2.0, 6.0, 4.0], [2.0, 6.0, 6.0, 2.0, 2.0, 6.0, 2.0, 4.0, 2.0, 2.0, 3.0, 2.0, 6.0, 2.0, 2.0, 2.0, 2.0, 2.0, 3.0, 2.0, 6.0, 2.0, 3.0, 6.0, 5.0, 2.0, 6.0, 6.0, 2.0, 2.0, 2.0, 4.0, 6.0, 3.0, 2.0, 6.0, 2.0, 2.0, 4.0, 2.0, 5.0, 4.0], [2.0, 6.0, 6.0, 2.0, 1.0, 6.0, 2.0, 3.0, 2.0, 2.0, 4.0, 2.0, 6.0, 2.0, 2.0, 2.0, 2.0, 2.0, 3.0, 2.0, 6.0, 2.0, 3.0, 6.0, 5.0, 2.0, 6.0, 6.0, 2.0, 2.0, 2.0, 6.0, 6.0, 6.0, 2.0, 6.0, 2.0, 2.0, 4.0, 2.0, 6.0, 4.0], [2.0, 6.0, 6.0, 2.0, 2.0, 6.0, 2.0, 4.0, 2.0, 2.0, 4.0, 2.0, 3.0, 2.0, 2.0, 2.0, 2.0, 2.0, 6.0, 2.0, 6.0, 2.0, 4.0, 6.0, 5.0, 2.0, 6.0, 6.0, 2.0, 2.0, 2.0, 6.0, 6.0, 6.0, 2.0, 6.0, 2.0, 2.0, 4.0, 2.0, 6.0, 4.0], [2.0, 6.0, 6.0, 2.0, 2.0, 3.0, 2.0, 4.0, 2.0, 2.0, 3.0, 2.0, 6.0, 2.0, 2.0, 2.0, 2.0, 2.0, 6.0, 2.0, 6.0, 2.0, 3.0, 6.0, 6.0, 2.0, 6.0, 3.0, 2.0, 2.0, 2.0, 6.0, 6.0, 5.0, 2.0, 6.0, 3.0, 2.0, 6.0, 3.0, 6.0, 4.0], [2.0, 5.0, 6.0, 2.0, 1.0, 5.0, 2.0, 4.0, 2.0, 2.0, 2.0, 2.0, 4.0, 2.0, 2.0, 2.0, 2.0, 2.0, 6.0, 2.0, 6.0, 2.0, 3.0, 6.0, 6.0, 2.0, 4.0, 6.0, 2.0, 2.0, 2.0, 6.0, 6.0, 6.0, 2.0, 6.0, 2.0, 2.0, 4.0, 2.0, 6.0, 4.0]]

first layer check: Conv2d(9, 64, kernel_size=(7, 7), stride=(2, 2), padding=(3, 3), bias=False)

for model 4: mode acc: 0.5, run mean acc: 0.5041666626930237, top-2 acc:0.7912499904632568, mode f1: 0.5

model 4 mode preds
[2.0, 6.0, 6.0, 2.0, 2.0, 6.0, 2.0, 5.0, 3.0, 2.0, 3.0, 1.0, 5.0, 2.0, 2.0, 2.0, 1.0, 1.0, 6.0, 2.0, 6.0, 2.0, 3.0, 6.0, 5.0, 2.0, 6.0, 6.0, 2.0, 2.0, 2.0, 5.0, 6.0, 6.0, 2.0, 6.0, 2.0, 3.0, 5.0, 5.0, 6.0, 5.0]

model 4 all preds
[[1.0, 6.0, 5.0, 2.0, 2.0, 6.0, 2.0, 5.0, 3.0, 2.0, 3.0, 1.0, 5.0, 1.0, 3.0, 2.0, 1.0, 3.0, 6.0, 2.0, 6.0, 2.0, 3.0, 6.0, 5.0, 2.0, 6.0, 6.0, 2.0, 2.0, 2.0, 3.0, 6.0, 5.0, 2.0, 6.0, 3.0, 3.0, 5.0, 3.0, 6.0, 5.0], [2.0, 6.0, 6.0, 2.0, 2.0, 6.0, 2.0, 6.0, 3.0, 2.0, 3.0, 1.0, 5.0, 1.0, 3.0, 2.0, 2.0, 1.0, 5.0, 2.0, 6.0, 2.0, 3.0, 6.0, 5.0, 2.0, 6.0, 6.0, 2.0, 2.0, 2.0, 5.0, 6.0, 6.0, 2.0, 6.0, 3.0, 3.0, 5.0, 5.0, 6.0, 3.0], [2.0, 6.0, 6.0, 2.0, 2.0, 6.0, 2.0, 2.0, 3.0, 3.0, 3.0, 2.0, 5.0, 2.0, 2.0, 2.0, 2.0, 3.0, 6.0, 2.0, 6.0, 2.0, 3.0, 6.0, 5.0, 2.0, 6.0, 5.0, 2.0, 2.0, 2.0, 6.0, 6.0, 6.0, 2.0, 6.0, 3.0, 2.0, 5.0, 2.0, 6.0, 4.0], [2.0, 5.0, 6.0, 2.0, 2.0, 6.0, 2.0, 3.0, 3.0, 2.0, 2.0, 1.0, 6.0, 2.0, 3.0, 2.0, 1.0, 1.0, 6.0, 2.0, 6.0, 2.0, 3.0, 6.0, 5.0, 2.0, 6.0, 6.0, 2.0, 2.0, 2.0, 5.0, 6.0, 6.0, 2.0, 6.0, 2.0, 3.0, 5.0, 3.0, 5.0, 5.0], [1.0, 6.0, 5.0, 2.0, 2.0, 6.0, 2.0, 3.0, 3.0, 1.0, 3.0, 1.0, 5.0, 1.0, 2.0, 2.0, 1.0, 2.0, 6.0, 2.0, 6.0, 1.0, 3.0, 6.0, 6.0, 2.0, 6.0, 6.0, 2.0, 2.0, 2.0, 5.0, 6.0, 6.0, 2.0, 5.0, 3.0, 2.0, 5.0, 2.0, 5.0, 4.0], [1.0, 6.0, 6.0, 2.0, 2.0, 6.0, 2.0, 5.0, 3.0, 2.0, 2.0, 2.0, 6.0, 2.0, 2.0, 2.0, 2.0, 1.0, 5.0, 2.0, 6.0, 1.0, 3.0, 6.0, 3.0, 2.0, 6.0, 5.0, 2.0, 2.0, 1.0, 5.0, 6.0, 5.0, 3.0, 6.0, 2.0, 3.0, 5.0, 3.0, 6.0, 3.0], [1.0, 6.0, 6.0, 2.0, 2.0, 3.0, 2.0, 5.0, 3.0, 2.0, 2.0, 1.0, 5.0, 2.0, 2.0, 2.0, 1.0, 1.0, 6.0, 2.0, 6.0, 2.0, 3.0, 6.0, 5.0, 3.0, 6.0, 6.0, 2.0, 2.0, 2.0, 6.0, 6.0, 6.0, 2.0, 6.0, 3.0, 3.0, 5.0, 5.0, 6.0, 5.0], [2.0, 6.0, 6.0, 2.0, 2.0, 5.0, 2.0, 5.0, 2.0, 2.0, 3.0, 1.0, 5.0, 2.0, 3.0, 2.0, 1.0, 1.0, 5.0, 2.0, 6.0, 2.0, 3.0, 6.0, 3.0, 2.0, 6.0, 6.0, 2.0, 2.0, 2.0, 6.0, 6.0, 6.0, 2.0, 6.0, 2.0, 3.0, 3.0, 2.0, 6.0, 5.0], [1.0, 5.0, 6.0, 2.0, 2.0, 6.0, 2.0, 3.0, 3.0, 3.0, 3.0, 1.0, 5.0, 2.0, 2.0, 2.0, 1.0, 3.0, 5.0, 2.0, 6.0, 2.0, 3.0, 6.0, 5.0, 2.0, 6.0, 6.0, 2.0, 2.0, 2.0, 5.0, 6.0, 5.0, 2.0, 6.0, 2.0, 3.0, 5.0, 5.0, 5.0, 3.0], [2.0, 5.0, 6.0, 2.0, 2.0, 6.0, 2.0, 2.0, 3.0, 2.0, 2.0, 1.0, 5.0, 2.0, 2.0, 2.0, 1.0, 2.0, 5.0, 2.0, 6.0, 2.0, 3.0, 6.0, 6.0, 3.0, 6.0, 6.0, 2.0, 2.0, 2.0, 6.0, 6.0, 6.0, 2.0, 6.0, 2.0, 2.0, 3.0, 5.0, 6.0, 5.0], [2.0, 5.0, 6.0, 2.0, 2.0, 6.0, 2.0, 5.0, 3.0, 3.0, 2.0, 1.0, 5.0, 1.0, 3.0, 2.0, 2.0, 1.0, 5.0, 2.0, 6.0, 2.0, 3.0, 6.0, 5.0, 3.0, 6.0, 6.0, 2.0, 2.0, 2.0, 5.0, 6.0, 6.0, 2.0, 5.0, 3.0, 3.0, 5.0, 3.0, 6.0, 5.0], [1.0, 5.0, 6.0, 2.0, 2.0, 6.0, 2.0, 5.0, 3.0, 2.0, 3.0, 2.0, 6.0, 1.0, 3.0, 2.0, 1.0, 2.0, 6.0, 2.0, 6.0, 1.0, 3.0, 6.0, 5.0, 2.0, 6.0, 6.0, 2.0, 2.0, 2.0, 5.0, 6.0, 6.0, 2.0, 6.0, 2.0, 3.0, 5.0, 3.0, 5.0, 5.0], [1.0, 6.0, 5.0, 2.0, 2.0, 6.0, 2.0, 3.0, 2.0, 2.0, 2.0, 2.0, 5.0, 1.0, 2.0, 2.0, 2.0, 1.0, 6.0, 2.0, 6.0, 2.0, 3.0, 5.0, 5.0, 2.0, 6.0, 6.0, 2.0, 2.0, 2.0, 6.0, 6.0, 5.0, 2.0, 6.0, 3.0, 3.0, 5.0, 5.0, 6.0, 3.0], [3.0, 5.0, 6.0, 2.0, 2.0, 6.0, 2.0, 5.0, 3.0, 1.0, 3.0, 2.0, 5.0, 2.0, 2.0, 2.0, 1.0, 3.0, 6.0, 2.0, 6.0, 2.0, 3.0, 6.0, 5.0, 2.0, 5.0, 6.0, 2.0, 2.0, 2.0, 5.0, 5.0, 5.0, 2.0, 5.0, 2.0, 3.0, 5.0, 2.0, 5.0, 5.0], [1.0, 6.0, 6.0, 2.0, 2.0, 3.0, 2.0, 6.0, 3.0, 2.0, 3.0, 1.0, 6.0, 2.0, 3.0, 2.0, 1.0, 1.0, 6.0, 2.0, 6.0, 2.0, 3.0, 6.0, 5.0, 3.0, 6.0, 6.0, 2.0, 2.0, 1.0, 5.0, 6.0, 6.0, 2.0, 5.0, 2.0, 3.0, 3.0, 5.0, 6.0, 3.0], [1.0, 6.0, 5.0, 2.0, 2.0, 6.0, 2.0, 3.0, 2.0, 2.0, 3.0, 1.0, 5.0, 2.0, 2.0, 2.0, 2.0, 1.0, 3.0, 2.0, 6.0, 2.0, 3.0, 5.0, 3.0, 2.0, 6.0, 6.0, 2.0, 2.0, 1.0, 5.0, 6.0, 3.0, 2.0, 5.0, 3.0, 2.0, 5.0, 3.0, 3.0, 5.0], [2.0, 6.0, 6.0, 2.0, 2.0, 6.0, 2.0, 5.0, 3.0, 2.0, 2.0, 1.0, 5.0, 1.0, 3.0, 2.0, 1.0, 1.0, 6.0, 2.0, 6.0, 2.0, 4.0, 6.0, 3.0, 2.0, 5.0, 6.0, 2.0, 2.0, 1.0, 6.0, 6.0, 6.0, 2.0, 6.0, 3.0, 3.0, 5.0, 2.0, 3.0, 5.0], [2.0, 6.0, 6.0, 2.0, 2.0, 6.0, 2.0, 5.0, 3.0, 2.0, 3.0, 1.0, 5.0, 1.0, 3.0, 2.0, 1.0, 1.0, 6.0, 2.0, 6.0, 2.0, 3.0, 6.0, 3.0, 3.0, 6.0, 6.0, 2.0, 2.0, 2.0, 5.0, 6.0, 3.0, 2.0, 5.0, 2.0, 3.0, 5.0, 3.0, 3.0, 5.0], [1.0, 6.0, 6.0, 2.0, 2.0, 6.0, 2.0, 3.0, 3.0, 2.0, 2.0, 2.0, 5.0, 2.0, 3.0, 2.0, 1.0, 1.0, 6.0, 2.0, 6.0, 2.0, 4.0, 6.0, 5.0, 2.0, 6.0, 6.0, 2.0, 2.0, 2.0, 5.0, 6.0, 6.0, 2.0, 6.0, 2.0, 3.0, 5.0, 3.0, 5.0, 5.0], [2.0, 2.0, 6.0, 2.0, 2.0, 6.0, 2.0, 3.0, 3.0, 2.0, 2.0, 1.0, 5.0, 1.0, 3.0, 2.0, 1.0, 3.0, 6.0, 2.0, 6.0, 2.0, 3.0, 6.0, 3.0, 3.0, 6.0, 6.0, 2.0, 2.0, 2.0, 5.0, 6.0, 6.0, 2.0, 6.0, 2.0, 3.0, 3.0, 2.0, 6.0, 5.0], [1.0, 5.0, 6.0, 2.0, 2.0, 2.0, 2.0, 5.0, 3.0, 3.0, 2.0, 1.0, 5.0, 2.0, 2.0, 2.0, 1.0, 1.0, 2.0, 2.0, 6.0, 2.0, 3.0, 6.0, 3.0, 2.0, 6.0, 6.0, 2.0, 2.0, 2.0, 6.0, 6.0, 6.0, 2.0, 5.0, 2.0, 2.0, 5.0, 5.0, 5.0, 5.0], [1.0, 6.0, 5.0, 2.0, 2.0, 6.0, 2.0, 5.0, 2.0, 3.0, 3.0, 2.0, 5.0, 2.0, 2.0, 2.0, 1.0, 1.0, 5.0, 2.0, 6.0, 2.0, 3.0, 6.0, 3.0, 3.0, 6.0, 6.0, 2.0, 2.0, 1.0, 6.0, 6.0, 6.0, 2.0, 6.0, 3.0, 2.0, 5.0, 3.0, 5.0, 4.0], [2.0, 5.0, 5.0, 2.0, 2.0, 6.0, 2.0, 5.0, 3.0, 3.0, 2.0, 1.0, 5.0, 1.0, 2.0, 2.0, 1.0, 1.0, 6.0, 2.0, 6.0, 2.0, 3.0, 6.0, 6.0, 2.0, 6.0, 6.0, 2.0, 2.0, 2.0, 5.0, 6.0, 6.0, 2.0, 6.0, 2.0, 3.0, 5.0, 2.0, 6.0, 4.0], [2.0, 6.0, 5.0, 2.0, 2.0, 6.0, 2.0, 5.0, 3.0, 3.0, 2.0, 1.0, 5.0, 2.0, 3.0, 3.0, 1.0, 1.0, 3.0, 2.0, 6.0, 2.0, 4.0, 6.0, 6.0, 2.0, 6.0, 6.0, 2.0, 2.0, 1.0, 6.0, 6.0, 5.0, 2.0, 6.0, 2.0, 3.0, 5.0, 2.0, 6.0, 3.0], [2.0, 6.0, 5.0, 2.0, 2.0, 6.0, 2.0, 2.0, 3.0, 3.0, 3.0, 1.0, 5.0, 2.0, 2.0, 2.0, 1.0, 1.0, 5.0, 2.0, 6.0, 2.0, 3.0, 6.0, 5.0, 3.0, 6.0, 6.0, 2.0, 2.0, 1.0, 5.0, 6.0, 6.0, 2.0, 5.0, 2.0, 3.0, 5.0, 3.0, 5.0, 5.0], [2.0, 6.0, 5.0, 2.0, 2.0, 6.0, 2.0, 5.0, 3.0, 3.0, 3.0, 1.0, 5.0, 2.0, 2.0, 2.0, 1.0, 1.0, 6.0, 2.0, 6.0, 2.0, 3.0, 6.0, 3.0, 2.0, 6.0, 6.0, 2.0, 2.0, 1.0, 6.0, 6.0, 6.0, 2.0, 6.0, 3.0, 3.0, 3.0, 5.0, 6.0, 3.0], [2.0, 6.0, 6.0, 2.0, 2.0, 6.0, 2.0, 3.0, 3.0, 2.0, 2.0, 1.0, 6.0, 2.0, 2.0, 3.0, 1.0, 1.0, 5.0, 2.0, 6.0, 2.0, 3.0, 6.0, 3.0, 2.0, 6.0, 6.0, 2.0, 2.0, 1.0, 5.0, 6.0, 6.0, 2.0, 5.0, 3.0, 3.0, 5.0, 2.0, 3.0, 3.0], [2.0, 6.0, 6.0, 2.0, 2.0, 6.0, 2.0, 3.0, 3.0, 3.0, 3.0, 1.0, 5.0, 2.0, 2.0, 2.0, 1.0, 1.0, 6.0, 2.0, 6.0, 2.0, 3.0, 6.0, 3.0, 3.0, 5.0, 6.0, 2.0, 2.0, 2.0, 6.0, 6.0, 6.0, 2.0, 6.0, 2.0, 3.0, 5.0, 5.0, 6.0, 3.0], [1.0, 6.0, 5.0, 2.0, 2.0, 5.0, 2.0, 3.0, 3.0, 3.0, 3.0, 1.0, 5.0, 1.0, 2.0, 2.0, 1.0, 3.0, 3.0, 2.0, 6.0, 2.0, 3.0, 6.0, 5.0, 3.0, 6.0, 6.0, 2.0, 2.0, 2.0, 5.0, 6.0, 6.0, 2.0, 5.0, 3.0, 2.0, 5.0, 5.0, 6.0, 4.0], [3.0, 5.0, 5.0, 2.0, 2.0, 6.0, 2.0, 2.0, 3.0, 2.0, 2.0, 1.0, 6.0, 1.0, 2.0, 2.0, 1.0, 2.0, 5.0, 2.0, 6.0, 2.0, 3.0, 6.0, 5.0, 2.0, 6.0, 6.0, 2.0, 2.0, 2.0, 5.0, 6.0, 5.0, 2.0, 5.0, 3.0, 3.0, 5.0, 2.0, 5.0, 5.0], [2.0, 6.0, 6.0, 2.0, 2.0, 6.0, 2.0, 5.0, 3.0, 2.0, 2.0, 1.0, 5.0, 1.0, 3.0, 2.0, 1.0, 3.0, 6.0, 2.0, 6.0, 2.0, 3.0, 6.0, 5.0, 3.0, 6.0, 6.0, 2.0, 2.0, 2.0, 5.0, 6.0, 6.0, 2.0, 6.0, 2.0, 3.0, 5.0, 3.0, 6.0, 5.0], [2.0, 6.0, 5.0, 2.0, 2.0, 6.0, 2.0, 5.0, 3.0, 2.0, 3.0, 1.0, 5.0, 2.0, 2.0, 2.0, 1.0, 3.0, 6.0, 2.0, 6.0, 1.0, 3.0, 6.0, 3.0, 2.0, 5.0, 6.0, 2.0, 2.0, 2.0, 6.0, 6.0, 6.0, 2.0, 6.0, 2.0, 2.0, 5.0, 3.0, 6.0, 5.0], [2.0, 6.0, 5.0, 2.0, 2.0, 5.0, 2.0, 5.0, 3.0, 2.0, 3.0, 1.0, 6.0, 1.0, 2.0, 3.0, 1.0, 3.0, 5.0, 2.0, 6.0, 1.0, 3.0, 6.0, 5.0, 2.0, 6.0, 5.0, 2.0, 2.0, 2.0, 6.0, 6.0, 5.0, 3.0, 6.0, 3.0, 3.0, 5.0, 3.0, 6.0, 4.0], [1.0, 5.0, 6.0, 2.0, 2.0, 6.0, 2.0, 5.0, 3.0, 2.0, 4.0, 1.0, 5.0, 1.0, 2.0, 2.0, 1.0, 3.0, 5.0, 2.0, 6.0, 2.0, 3.0, 6.0, 5.0, 3.0, 6.0, 6.0, 2.0, 2.0, 1.0, 5.0, 6.0, 4.0, 2.0, 6.0, 3.0, 3.0, 5.0, 5.0, 6.0, 3.0], [3.0, 6.0, 5.0, 2.0, 2.0, 5.0, 2.0, 5.0, 3.0, 3.0, 3.0, 1.0, 5.0, 2.0, 2.0, 2.0, 1.0, 1.0, 6.0, 2.0, 6.0, 2.0, 3.0, 5.0, 5.0, 2.0, 5.0, 6.0, 2.0, 2.0, 2.0, 5.0, 6.0, 6.0, 2.0, 6.0, 3.0, 3.0, 5.0, 3.0, 3.0, 5.0], [3.0, 6.0, 5.0, 2.0, 2.0, 6.0, 2.0, 2.0, 3.0, 2.0, 3.0, 1.0, 5.0, 2.0, 2.0, 2.0, 1.0, 1.0, 5.0, 2.0, 6.0, 2.0, 3.0, 6.0, 5.0, 2.0, 6.0, 6.0, 2.0, 2.0, 2.0, 6.0, 6.0, 6.0, 2.0, 6.0, 2.0, 3.0, 5.0, 5.0, 6.0, 4.0], [2.0, 6.0, 5.0, 2.0, 2.0, 6.0, 2.0, 5.0, 3.0, 3.0, 3.0, 2.0, 5.0, 2.0, 2.0, 3.0, 2.0, 3.0, 6.0, 2.0, 6.0, 2.0, 3.0, 6.0, 3.0, 3.0, 6.0, 6.0, 2.0, 2.0, 2.0, 5.0, 6.0, 6.0, 2.0, 6.0, 3.0, 3.0, 5.0, 5.0, 3.0, 5.0], [2.0, 6.0, 6.0, 2.0, 2.0, 6.0, 2.0, 3.0, 3.0, 2.0, 3.0, 1.0, 3.0, 2.0, 3.0, 2.0, 1.0, 1.0, 3.0, 2.0, 6.0, 1.0, 3.0, 6.0, 5.0, 3.0, 6.0, 6.0, 2.0, 2.0, 1.0, 6.0, 6.0, 6.0, 2.0, 6.0, 2.0, 2.0, 5.0, 3.0, 5.0, 4.0], [2.0, 6.0, 5.0, 2.0, 2.0, 6.0, 2.0, 3.0, 3.0, 3.0, 3.0, 2.0, 5.0, 1.0, 2.0, 3.0, 1.0, 1.0, 6.0, 2.0, 6.0, 2.0, 4.0, 6.0, 5.0, 3.0, 6.0, 6.0, 2.0, 2.0, 1.0, 5.0, 6.0, 6.0, 2.0, 5.0, 3.0, 3.0, 5.0, 2.0, 6.0, 4.0], [2.0, 6.0, 5.0, 2.0, 2.0, 5.0, 2.0, 6.0, 3.0, 3.0, 2.0, 1.0, 5.0, 2.0, 3.0, 2.0, 1.0, 1.0, 3.0, 2.0, 6.0, 2.0, 3.0, 6.0, 3.0, 2.0, 6.0, 6.0, 2.0, 2.0, 2.0, 5.0, 6.0, 6.0, 2.0, 6.0, 3.0, 3.0, 5.0, 5.0, 6.0, 3.0], [1.0, 6.0, 5.0, 2.0, 2.0, 6.0, 2.0, 3.0, 3.0, 2.0, 2.0, 1.0, 6.0, 2.0, 2.0, 2.0, 1.0, 2.0, 6.0, 2.0, 6.0, 2.0, 3.0, 6.0, 3.0, 2.0, 6.0, 6.0, 2.0, 2.0, 2.0, 6.0, 6.0, 6.0, 2.0, 6.0, 3.0, 3.0, 5.0, 2.0, 6.0, 3.0], [1.0, 5.0, 5.0, 2.0, 2.0, 6.0, 2.0, 2.0, 3.0, 2.0, 2.0, 2.0, 5.0, 2.0, 2.0, 2.0, 1.0, 2.0, 6.0, 2.0, 6.0, 2.0, 3.0, 6.0, 5.0, 2.0, 6.0, 6.0, 2.0, 2.0, 2.0, 5.0, 6.0, 6.0, 2.0, 6.0, 2.0, 3.0, 5.0, 5.0, 6.0, 3.0], [2.0, 6.0, 6.0, 2.0, 2.0, 6.0, 2.0, 5.0, 3.0, 3.0, 3.0, 2.0, 6.0, 1.0, 3.0, 2.0, 1.0, 1.0, 6.0, 2.0, 6.0, 2.0, 3.0, 6.0, 5.0, 2.0, 5.0, 6.0, 2.0, 2.0, 2.0, 5.0, 6.0, 5.0, 2.0, 6.0, 2.0, 3.0, 5.0, 5.0, 6.0, 5.0], [1.0, 5.0, 6.0, 2.0, 2.0, 5.0, 2.0, 3.0, 3.0, 3.0, 2.0, 2.0, 5.0, 2.0, 3.0, 2.0, 1.0, 3.0, 5.0, 2.0, 6.0, 2.0, 3.0, 5.0, 3.0, 1.0, 3.0, 6.0, 2.0, 2.0, 2.0, 6.0, 6.0, 6.0, 3.0, 6.0, 3.0, 2.0, 5.0, 5.0, 5.0, 4.0], [2.0, 6.0, 6.0, 2.0, 2.0, 6.0, 2.0, 2.0, 3.0, 2.0, 3.0, 2.0, 6.0, 1.0, 3.0, 3.0, 1.0, 1.0, 3.0, 2.0, 6.0, 2.0, 3.0, 6.0, 5.0, 3.0, 6.0, 6.0, 2.0, 2.0, 2.0, 6.0, 6.0, 5.0, 2.0, 5.0, 2.0, 3.0, 5.0, 3.0, 6.0, 3.0], [1.0, 6.0, 5.0, 2.0, 2.0, 2.0, 2.0, 3.0, 3.0, 2.0, 2.0, 1.0, 5.0, 2.0, 2.0, 2.0, 1.0, 1.0, 6.0, 2.0, 6.0, 2.0, 4.0, 6.0, 5.0, 2.0, 6.0, 6.0, 2.0, 2.0, 1.0, 5.0, 6.0, 6.0, 2.0, 6.0, 3.0, 3.0, 3.0, 3.0, 5.0, 5.0], [2.0, 6.0, 5.0, 2.0, 2.0, 6.0, 2.0, 2.0, 3.0, 2.0, 2.0, 2.0, 5.0, 2.0, 3.0, 2.0, 1.0, 1.0, 5.0, 2.0, 6.0, 2.0, 3.0, 6.0, 5.0, 3.0, 6.0, 6.0, 2.0, 2.0, 1.0, 5.0, 6.0, 6.0, 2.0, 6.0, 2.0, 2.0, 5.0, 2.0, 6.0, 5.0], [2.0, 6.0, 6.0, 2.0, 2.0, 6.0, 2.0, 3.0, 3.0, 3.0, 3.0, 1.0, 5.0, 2.0, 3.0, 3.0, 1.0, 3.0, 6.0, 2.0, 6.0, 2.0, 3.0, 6.0, 5.0, 3.0, 6.0, 6.0, 2.0, 2.0, 2.0, 5.0, 6.0, 5.0, 2.0, 5.0, 3.0, 3.0, 5.0, 2.0, 5.0, 5.0], [2.0, 6.0, 6.0, 2.0, 2.0, 6.0, 2.0, 5.0, 3.0, 2.0, 2.0, 2.0, 3.0, 1.0, 3.0, 2.0, 2.0, 1.0, 6.0, 2.0, 6.0, 2.0, 3.0, 6.0, 5.0, 3.0, 6.0, 6.0, 2.0, 2.0, 2.0, 5.0, 6.0, 6.0, 2.0, 3.0, 2.0, 3.0, 5.0, 5.0, 5.0, 4.0], [2.0, 6.0, 6.0, 2.0, 2.0, 5.0, 2.0, 5.0, 3.0, 3.0, 2.0, 2.0, 5.0, 1.0, 3.0, 3.0, 1.0, 1.0, 6.0, 2.0, 6.0, 2.0, 3.0, 6.0, 3.0, 3.0, 6.0, 6.0, 2.0, 2.0, 1.0, 5.0, 6.0, 5.0, 2.0, 6.0, 2.0, 3.0, 5.0, 2.0, 6.0, 5.0]]

