first layer check: Conv2d(6, 64, kernel_size=(7, 7), stride=(2, 2), padding=(3, 3), bias=False)

target ys
[3.0, 5.0, 5.0, 2.0, 6.0, 4.0, 2.0, 2.0, 3.0, 5.0, 3.0, 6.0, 0.0, 5.0, 2.0, 2.0, 1.0, 2.0, 3.0, 2.0, 2.0, 3.0, 6.0, 2.0, 2.0, 2.0, 2.0, 2.0, 2.0, 3.0, 5.0, 0.0, 6.0, 6.0, 1.0, 2.0, 2.0, 6.0, 2.0, 6.0, 3.0, 2.0]

for model 0: mode acc: 0.4761904776096344, run mean acc: 0.5079166293144226, top-2 acc:0.8199999928474426, mode f1: 0.4761904776096344

model 0 mode preds
[3.0, 3.0, 6.0, 2.0, 6.0, 6.0, 2.0, 1.0, 2.0, 6.0, 3.0, 6.0, 1.0, 6.0, 2.0, 1.0, 2.0, 3.0, 3.0, 1.0, 2.0, 6.0, 6.0, 2.0, 2.0, 6.0, 2.0, 3.0, 1.0, 6.0, 6.0, 1.0, 6.0, 6.0, 1.0, 1.0, 2.0, 6.0, 2.0, 6.0, 2.0, 1.0]

model 0 all preds
[[3.0, 3.0, 6.0, 2.0, 6.0, 6.0, 2.0, 2.0, 3.0, 6.0, 3.0, 6.0, 1.0, 6.0, 2.0, 1.0, 2.0, 3.0, 3.0, 1.0, 2.0, 6.0, 6.0, 2.0, 2.0, 6.0, 2.0, 3.0, 1.0, 6.0, 6.0, 1.0, 6.0, 6.0, 1.0, 1.0, 2.0, 6.0, 2.0, 6.0, 2.0, 1.0], [3.0, 3.0, 6.0, 2.0, 6.0, 6.0, 2.0, 1.0, 2.0, 6.0, 3.0, 6.0, 2.0, 3.0, 2.0, 1.0, 2.0, 3.0, 3.0, 1.0, 3.0, 6.0, 6.0, 2.0, 2.0, 6.0, 2.0, 3.0, 1.0, 6.0, 6.0, 2.0, 6.0, 6.0, 1.0, 2.0, 2.0, 6.0, 2.0, 6.0, 2.0, 1.0], [3.0, 3.0, 6.0, 2.0, 6.0, 6.0, 1.0, 1.0, 2.0, 3.0, 3.0, 6.0, 1.0, 6.0, 2.0, 1.0, 2.0, 3.0, 3.0, 1.0, 3.0, 6.0, 6.0, 3.0, 2.0, 6.0, 2.0, 3.0, 1.0, 6.0, 6.0, 2.0, 6.0, 6.0, 1.0, 1.0, 2.0, 6.0, 2.0, 6.0, 2.0, 1.0], [3.0, 3.0, 6.0, 2.0, 6.0, 3.0, 2.0, 2.0, 2.0, 6.0, 3.0, 6.0, 1.0, 3.0, 2.0, 1.0, 2.0, 3.0, 2.0, 2.0, 3.0, 6.0, 6.0, 2.0, 2.0, 6.0, 2.0, 3.0, 1.0, 6.0, 6.0, 1.0, 6.0, 6.0, 1.0, 1.0, 2.0, 6.0, 2.0, 6.0, 3.0, 1.0], [3.0, 3.0, 6.0, 2.0, 6.0, 6.0, 2.0, 1.0, 1.0, 6.0, 3.0, 6.0, 1.0, 3.0, 2.0, 1.0, 2.0, 3.0, 2.0, 1.0, 3.0, 6.0, 6.0, 3.0, 2.0, 6.0, 2.0, 2.0, 1.0, 6.0, 6.0, 1.0, 6.0, 6.0, 1.0, 1.0, 2.0, 6.0, 2.0, 6.0, 2.0, 1.0], [3.0, 3.0, 6.0, 2.0, 6.0, 2.0, 2.0, 2.0, 2.0, 6.0, 3.0, 6.0, 1.0, 6.0, 3.0, 1.0, 2.0, 3.0, 3.0, 1.0, 2.0, 6.0, 6.0, 2.0, 2.0, 6.0, 2.0, 3.0, 1.0, 6.0, 6.0, 1.0, 6.0, 6.0, 1.0, 1.0, 2.0, 6.0, 2.0, 6.0, 3.0, 1.0], [6.0, 3.0, 6.0, 2.0, 3.0, 6.0, 1.0, 1.0, 1.0, 3.0, 3.0, 6.0, 1.0, 6.0, 2.0, 1.0, 2.0, 2.0, 3.0, 1.0, 3.0, 6.0, 6.0, 3.0, 2.0, 6.0, 2.0, 3.0, 1.0, 6.0, 6.0, 1.0, 6.0, 6.0, 1.0, 1.0, 2.0, 6.0, 2.0, 6.0, 3.0, 1.0], [3.0, 3.0, 6.0, 2.0, 6.0, 3.0, 2.0, 1.0, 2.0, 6.0, 2.0, 6.0, 1.0, 6.0, 2.0, 1.0, 2.0, 3.0, 2.0, 1.0, 3.0, 6.0, 6.0, 3.0, 2.0, 6.0, 2.0, 3.0, 1.0, 3.0, 6.0, 2.0, 6.0, 6.0, 1.0, 2.0, 2.0, 6.0, 2.0, 6.0, 3.0, 1.0], [3.0, 6.0, 6.0, 2.0, 6.0, 6.0, 2.0, 2.0, 3.0, 6.0, 3.0, 6.0, 1.0, 3.0, 2.0, 1.0, 2.0, 3.0, 3.0, 1.0, 3.0, 6.0, 6.0, 3.0, 2.0, 6.0, 2.0, 3.0, 1.0, 6.0, 3.0, 2.0, 6.0, 6.0, 1.0, 1.0, 2.0, 6.0, 2.0, 6.0, 2.0, 1.0], [3.0, 3.0, 6.0, 1.0, 3.0, 6.0, 1.0, 2.0, 3.0, 6.0, 3.0, 6.0, 1.0, 3.0, 2.0, 1.0, 2.0, 3.0, 2.0, 1.0, 2.0, 6.0, 6.0, 3.0, 2.0, 6.0, 2.0, 3.0, 1.0, 6.0, 6.0, 2.0, 6.0, 6.0, 1.0, 1.0, 2.0, 3.0, 2.0, 6.0, 2.0, 1.0], [3.0, 6.0, 6.0, 2.0, 6.0, 3.0, 2.0, 1.0, 2.0, 6.0, 2.0, 6.0, 1.0, 6.0, 2.0, 1.0, 2.0, 3.0, 2.0, 1.0, 2.0, 6.0, 6.0, 3.0, 2.0, 6.0, 2.0, 3.0, 1.0, 3.0, 3.0, 1.0, 6.0, 6.0, 1.0, 1.0, 2.0, 6.0, 2.0, 6.0, 2.0, 2.0], [3.0, 3.0, 6.0, 2.0, 6.0, 6.0, 2.0, 1.0, 2.0, 6.0, 3.0, 6.0, 1.0, 3.0, 2.0, 1.0, 2.0, 3.0, 3.0, 1.0, 3.0, 6.0, 6.0, 3.0, 2.0, 6.0, 2.0, 3.0, 1.0, 6.0, 6.0, 1.0, 6.0, 6.0, 1.0, 1.0, 2.0, 6.0, 2.0, 6.0, 2.0, 1.0], [2.0, 3.0, 6.0, 2.0, 6.0, 3.0, 2.0, 1.0, 2.0, 6.0, 3.0, 6.0, 1.0, 3.0, 2.0, 1.0, 2.0, 3.0, 2.0, 1.0, 3.0, 6.0, 6.0, 2.0, 2.0, 6.0, 2.0, 3.0, 1.0, 6.0, 6.0, 2.0, 6.0, 6.0, 1.0, 1.0, 2.0, 6.0, 2.0, 6.0, 3.0, 1.0], [3.0, 6.0, 6.0, 2.0, 6.0, 6.0, 1.0, 2.0, 1.0, 6.0, 3.0, 6.0, 1.0, 6.0, 2.0, 1.0, 2.0, 3.0, 3.0, 1.0, 2.0, 6.0, 6.0, 3.0, 2.0, 6.0, 2.0, 3.0, 1.0, 3.0, 6.0, 2.0, 6.0, 6.0, 1.0, 1.0, 2.0, 6.0, 2.0, 6.0, 2.0, 1.0], [3.0, 3.0, 6.0, 1.0, 6.0, 6.0, 2.0, 1.0, 3.0, 6.0, 2.0, 6.0, 1.0, 6.0, 2.0, 1.0, 2.0, 3.0, 3.0, 1.0, 3.0, 6.0, 6.0, 3.0, 1.0, 6.0, 2.0, 2.0, 1.0, 6.0, 6.0, 2.0, 6.0, 6.0, 1.0, 1.0, 2.0, 6.0, 2.0, 6.0, 3.0, 2.0], [3.0, 3.0, 6.0, 2.0, 6.0, 6.0, 2.0, 1.0, 1.0, 6.0, 3.0, 6.0, 1.0, 3.0, 2.0, 1.0, 2.0, 3.0, 3.0, 1.0, 2.0, 6.0, 6.0, 3.0, 2.0, 6.0, 2.0, 3.0, 1.0, 3.0, 6.0, 1.0, 6.0, 6.0, 1.0, 2.0, 2.0, 6.0, 2.0, 6.0, 2.0, 1.0], [3.0, 3.0, 6.0, 2.0, 6.0, 6.0, 2.0, 1.0, 3.0, 6.0, 3.0, 6.0, 1.0, 3.0, 2.0, 1.0, 2.0, 3.0, 3.0, 2.0, 2.0, 6.0, 6.0, 2.0, 2.0, 6.0, 2.0, 2.0, 1.0, 6.0, 6.0, 2.0, 6.0, 6.0, 1.0, 1.0, 2.0, 6.0, 2.0, 6.0, 3.0, 2.0], [3.0, 3.0, 6.0, 1.0, 6.0, 3.0, 2.0, 1.0, 2.0, 6.0, 3.0, 6.0, 1.0, 3.0, 2.0, 1.0, 2.0, 3.0, 3.0, 2.0, 2.0, 6.0, 6.0, 2.0, 2.0, 6.0, 2.0, 2.0, 1.0, 6.0, 6.0, 1.0, 6.0, 6.0, 1.0, 1.0, 2.0, 6.0, 2.0, 3.0, 3.0, 1.0], [3.0, 3.0, 6.0, 2.0, 3.0, 6.0, 2.0, 1.0, 2.0, 6.0, 2.0, 6.0, 1.0, 3.0, 2.0, 1.0, 2.0, 3.0, 2.0, 2.0, 3.0, 6.0, 6.0, 2.0, 2.0, 6.0, 2.0, 3.0, 1.0, 3.0, 6.0, 2.0, 6.0, 6.0, 1.0, 1.0, 2.0, 6.0, 2.0, 6.0, 2.0, 2.0], [6.0, 3.0, 6.0, 2.0, 3.0, 3.0, 2.0, 2.0, 1.0, 6.0, 3.0, 6.0, 1.0, 6.0, 2.0, 1.0, 2.0, 3.0, 2.0, 1.0, 3.0, 6.0, 6.0, 3.0, 2.0, 6.0, 2.0, 3.0, 1.0, 3.0, 6.0, 1.0, 6.0, 6.0, 1.0, 1.0, 2.0, 3.0, 2.0, 6.0, 2.0, 1.0], [3.0, 3.0, 6.0, 2.0, 6.0, 6.0, 2.0, 1.0, 1.0, 6.0, 2.0, 6.0, 1.0, 6.0, 2.0, 1.0, 2.0, 3.0, 3.0, 1.0, 2.0, 6.0, 6.0, 2.0, 2.0, 6.0, 2.0, 3.0, 1.0, 6.0, 3.0, 2.0, 6.0, 6.0, 1.0, 2.0, 2.0, 6.0, 2.0, 6.0, 2.0, 2.0], [6.0, 6.0, 6.0, 2.0, 6.0, 6.0, 2.0, 2.0, 3.0, 6.0, 3.0, 6.0, 1.0, 6.0, 2.0, 1.0, 2.0, 3.0, 3.0, 1.0, 2.0, 6.0, 6.0, 2.0, 2.0, 6.0, 2.0, 3.0, 1.0, 3.0, 6.0, 1.0, 6.0, 6.0, 1.0, 1.0, 2.0, 6.0, 2.0, 6.0, 3.0, 1.0], [3.0, 6.0, 6.0, 2.0, 6.0, 6.0, 1.0, 1.0, 3.0, 6.0, 3.0, 6.0, 2.0, 6.0, 2.0, 1.0, 2.0, 3.0, 2.0, 2.0, 3.0, 6.0, 6.0, 2.0, 2.0, 6.0, 2.0, 3.0, 1.0, 3.0, 6.0, 1.0, 6.0, 6.0, 1.0, 1.0, 2.0, 6.0, 2.0, 6.0, 2.0, 2.0], [3.0, 3.0, 6.0, 2.0, 6.0, 6.0, 2.0, 2.0, 2.0, 6.0, 3.0, 6.0, 1.0, 6.0, 2.0, 1.0, 2.0, 3.0, 3.0, 1.0, 2.0, 6.0, 6.0, 2.0, 2.0, 6.0, 2.0, 3.0, 1.0, 6.0, 6.0, 1.0, 6.0, 6.0, 1.0, 2.0, 2.0, 6.0, 2.0, 6.0, 3.0, 1.0], [3.0, 3.0, 6.0, 2.0, 6.0, 6.0, 2.0, 2.0, 2.0, 6.0, 2.0, 6.0, 1.0, 6.0, 2.0, 1.0, 2.0, 3.0, 3.0, 1.0, 2.0, 6.0, 6.0, 2.0, 2.0, 6.0, 2.0, 3.0, 1.0, 6.0, 6.0, 2.0, 6.0, 6.0, 1.0, 2.0, 2.0, 6.0, 2.0, 6.0, 3.0, 1.0], [3.0, 3.0, 6.0, 2.0, 6.0, 3.0, 2.0, 2.0, 3.0, 6.0, 3.0, 6.0, 1.0, 6.0, 2.0, 1.0, 2.0, 3.0, 2.0, 1.0, 2.0, 6.0, 6.0, 2.0, 1.0, 6.0, 2.0, 3.0, 1.0, 6.0, 6.0, 2.0, 6.0, 6.0, 1.0, 1.0, 2.0, 6.0, 2.0, 6.0, 2.0, 1.0], [3.0, 3.0, 6.0, 2.0, 6.0, 6.0, 2.0, 1.0, 2.0, 6.0, 3.0, 6.0, 1.0, 6.0, 2.0, 1.0, 2.0, 3.0, 2.0, 1.0, 2.0, 6.0, 6.0, 2.0, 2.0, 6.0, 2.0, 3.0, 1.0, 4.0, 6.0, 2.0, 6.0, 6.0, 1.0, 1.0, 2.0, 6.0, 2.0, 6.0, 2.0, 1.0], [3.0, 3.0, 6.0, 1.0, 6.0, 6.0, 2.0, 2.0, 3.0, 6.0, 2.0, 6.0, 1.0, 6.0, 2.0, 1.0, 2.0, 3.0, 3.0, 1.0, 2.0, 6.0, 6.0, 2.0, 2.0, 6.0, 2.0, 3.0, 1.0, 6.0, 6.0, 2.0, 6.0, 6.0, 1.0, 1.0, 2.0, 3.0, 2.0, 6.0, 2.0, 1.0], [3.0, 3.0, 6.0, 2.0, 6.0, 3.0, 1.0, 1.0, 3.0, 6.0, 2.0, 6.0, 1.0, 3.0, 2.0, 1.0, 2.0, 3.0, 3.0, 1.0, 2.0, 6.0, 6.0, 3.0, 2.0, 6.0, 2.0, 3.0, 1.0, 6.0, 6.0, 1.0, 6.0, 6.0, 1.0, 1.0, 2.0, 6.0, 2.0, 6.0, 3.0, 1.0], [3.0, 6.0, 6.0, 2.0, 6.0, 6.0, 2.0, 2.0, 2.0, 6.0, 3.0, 6.0, 1.0, 3.0, 2.0, 1.0, 2.0, 3.0, 2.0, 1.0, 2.0, 6.0, 6.0, 2.0, 2.0, 6.0, 2.0, 3.0, 1.0, 6.0, 6.0, 1.0, 6.0, 6.0, 1.0, 1.0, 2.0, 6.0, 2.0, 6.0, 2.0, 2.0], [3.0, 3.0, 6.0, 1.0, 6.0, 6.0, 1.0, 2.0, 2.0, 6.0, 3.0, 6.0, 1.0, 3.0, 2.0, 1.0, 2.0, 3.0, 2.0, 1.0, 3.0, 6.0, 6.0, 3.0, 2.0, 6.0, 2.0, 3.0, 1.0, 4.0, 6.0, 1.0, 6.0, 6.0, 1.0, 1.0, 2.0, 6.0, 2.0, 6.0, 2.0, 1.0], [3.0, 2.0, 6.0, 2.0, 6.0, 3.0, 1.0, 2.0, 2.0, 6.0, 3.0, 6.0, 1.0, 6.0, 2.0, 1.0, 2.0, 3.0, 2.0, 2.0, 2.0, 6.0, 6.0, 2.0, 2.0, 6.0, 2.0, 3.0, 1.0, 3.0, 6.0, 2.0, 6.0, 6.0, 1.0, 1.0, 2.0, 6.0, 2.0, 6.0, 2.0, 1.0], [3.0, 3.0, 6.0, 2.0, 6.0, 3.0, 2.0, 1.0, 2.0, 6.0, 3.0, 6.0, 1.0, 3.0, 2.0, 1.0, 2.0, 3.0, 3.0, 2.0, 2.0, 6.0, 6.0, 2.0, 2.0, 6.0, 2.0, 3.0, 1.0, 6.0, 3.0, 1.0, 6.0, 6.0, 1.0, 2.0, 2.0, 6.0, 2.0, 6.0, 2.0, 1.0], [3.0, 3.0, 6.0, 2.0, 6.0, 6.0, 1.0, 2.0, 1.0, 6.0, 3.0, 6.0, 1.0, 6.0, 2.0, 1.0, 2.0, 3.0, 2.0, 1.0, 2.0, 6.0, 6.0, 2.0, 2.0, 6.0, 2.0, 3.0, 1.0, 3.0, 6.0, 1.0, 6.0, 6.0, 1.0, 1.0, 2.0, 6.0, 2.0, 6.0, 2.0, 2.0], [3.0, 3.0, 6.0, 2.0, 6.0, 4.0, 2.0, 2.0, 1.0, 6.0, 3.0, 6.0, 1.0, 3.0, 2.0, 1.0, 2.0, 3.0, 3.0, 1.0, 2.0, 6.0, 6.0, 3.0, 2.0, 6.0, 2.0, 3.0, 1.0, 3.0, 3.0, 1.0, 6.0, 6.0, 1.0, 1.0, 2.0, 6.0, 2.0, 6.0, 3.0, 1.0], [3.0, 3.0, 6.0, 2.0, 6.0, 3.0, 2.0, 1.0, 2.0, 6.0, 2.0, 6.0, 1.0, 6.0, 2.0, 1.0, 2.0, 3.0, 2.0, 1.0, 3.0, 6.0, 6.0, 2.0, 2.0, 6.0, 2.0, 2.0, 1.0, 3.0, 6.0, 2.0, 6.0, 6.0, 1.0, 1.0, 2.0, 6.0, 2.0, 6.0, 3.0, 2.0], [3.0, 3.0, 6.0, 2.0, 6.0, 6.0, 2.0, 2.0, 2.0, 6.0, 3.0, 6.0, 1.0, 3.0, 2.0, 1.0, 2.0, 3.0, 3.0, 1.0, 3.0, 6.0, 6.0, 3.0, 2.0, 6.0, 2.0, 3.0, 1.0, 6.0, 6.0, 1.0, 6.0, 6.0, 1.0, 1.0, 2.0, 6.0, 2.0, 3.0, 2.0, 1.0], [3.0, 3.0, 6.0, 2.0, 6.0, 6.0, 2.0, 2.0, 3.0, 6.0, 3.0, 6.0, 1.0, 6.0, 2.0, 1.0, 2.0, 3.0, 2.0, 1.0, 2.0, 6.0, 6.0, 2.0, 2.0, 6.0, 2.0, 3.0, 1.0, 3.0, 6.0, 1.0, 6.0, 6.0, 1.0, 2.0, 2.0, 3.0, 2.0, 6.0, 3.0, 1.0], [3.0, 3.0, 6.0, 2.0, 6.0, 6.0, 1.0, 2.0, 3.0, 6.0, 3.0, 6.0, 1.0, 3.0, 2.0, 1.0, 2.0, 3.0, 3.0, 2.0, 3.0, 6.0, 6.0, 2.0, 2.0, 6.0, 2.0, 3.0, 1.0, 6.0, 6.0, 2.0, 6.0, 6.0, 1.0, 2.0, 2.0, 6.0, 2.0, 6.0, 2.0, 1.0], [3.0, 3.0, 6.0, 2.0, 6.0, 6.0, 2.0, 1.0, 1.0, 6.0, 2.0, 6.0, 1.0, 3.0, 2.0, 1.0, 2.0, 3.0, 2.0, 1.0, 2.0, 6.0, 6.0, 2.0, 2.0, 6.0, 2.0, 3.0, 1.0, 4.0, 6.0, 1.0, 6.0, 6.0, 1.0, 1.0, 2.0, 6.0, 2.0, 6.0, 2.0, 2.0], [3.0, 3.0, 6.0, 2.0, 6.0, 6.0, 1.0, 1.0, 1.0, 6.0, 3.0, 6.0, 1.0, 6.0, 2.0, 1.0, 2.0, 3.0, 3.0, 1.0, 3.0, 6.0, 6.0, 2.0, 2.0, 6.0, 2.0, 3.0, 1.0, 6.0, 3.0, 2.0, 6.0, 6.0, 1.0, 1.0, 2.0, 6.0, 2.0, 6.0, 3.0, 1.0], [3.0, 3.0, 6.0, 2.0, 6.0, 6.0, 2.0, 2.0, 1.0, 6.0, 3.0, 6.0, 1.0, 6.0, 2.0, 1.0, 2.0, 3.0, 3.0, 1.0, 2.0, 6.0, 6.0, 2.0, 2.0, 6.0, 2.0, 3.0, 1.0, 3.0, 6.0, 2.0, 6.0, 6.0, 1.0, 1.0, 2.0, 6.0, 2.0, 6.0, 2.0, 1.0], [3.0, 3.0, 6.0, 2.0, 6.0, 3.0, 2.0, 2.0, 1.0, 6.0, 3.0, 6.0, 1.0, 3.0, 2.0, 1.0, 2.0, 3.0, 2.0, 1.0, 2.0, 6.0, 6.0, 2.0, 2.0, 6.0, 2.0, 3.0, 1.0, 6.0, 6.0, 1.0, 6.0, 6.0, 1.0, 1.0, 2.0, 6.0, 2.0, 6.0, 3.0, 1.0], [3.0, 6.0, 6.0, 2.0, 6.0, 6.0, 2.0, 2.0, 2.0, 6.0, 3.0, 6.0, 1.0, 6.0, 2.0, 1.0, 2.0, 3.0, 2.0, 1.0, 2.0, 6.0, 6.0, 3.0, 2.0, 6.0, 2.0, 3.0, 1.0, 3.0, 6.0, 2.0, 6.0, 6.0, 1.0, 1.0, 2.0, 6.0, 2.0, 3.0, 2.0, 1.0], [3.0, 3.0, 6.0, 2.0, 6.0, 3.0, 3.0, 2.0, 2.0, 6.0, 3.0, 6.0, 1.0, 3.0, 2.0, 1.0, 2.0, 3.0, 2.0, 2.0, 3.0, 6.0, 6.0, 2.0, 2.0, 6.0, 2.0, 3.0, 1.0, 6.0, 6.0, 2.0, 6.0, 6.0, 1.0, 1.0, 2.0, 6.0, 2.0, 6.0, 3.0, 1.0], [3.0, 2.0, 6.0, 2.0, 6.0, 6.0, 1.0, 2.0, 1.0, 6.0, 2.0, 6.0, 1.0, 3.0, 2.0, 1.0, 2.0, 3.0, 3.0, 1.0, 2.0, 6.0, 6.0, 2.0, 2.0, 6.0, 2.0, 3.0, 1.0, 6.0, 6.0, 2.0, 6.0, 6.0, 1.0, 2.0, 2.0, 6.0, 2.0, 6.0, 2.0, 1.0], [3.0, 3.0, 6.0, 2.0, 6.0, 2.0, 2.0, 1.0, 1.0, 6.0, 3.0, 6.0, 1.0, 6.0, 2.0, 1.0, 2.0, 3.0, 3.0, 1.0, 3.0, 6.0, 6.0, 2.0, 2.0, 6.0, 2.0, 3.0, 1.0, 6.0, 6.0, 1.0, 6.0, 6.0, 1.0, 1.0, 2.0, 6.0, 2.0, 6.0, 2.0, 2.0], [3.0, 3.0, 6.0, 2.0, 6.0, 3.0, 2.0, 1.0, 1.0, 6.0, 3.0, 6.0, 1.0, 3.0, 2.0, 1.0, 2.0, 3.0, 3.0, 1.0, 3.0, 6.0, 6.0, 2.0, 2.0, 6.0, 2.0, 3.0, 1.0, 6.0, 6.0, 2.0, 6.0, 6.0, 1.0, 1.0, 2.0, 6.0, 2.0, 6.0, 2.0, 1.0], [3.0, 6.0, 6.0, 2.0, 6.0, 6.0, 1.0, 1.0, 3.0, 6.0, 3.0, 6.0, 1.0, 6.0, 2.0, 1.0, 2.0, 3.0, 3.0, 1.0, 2.0, 6.0, 6.0, 3.0, 2.0, 6.0, 2.0, 3.0, 1.0, 6.0, 3.0, 2.0, 6.0, 6.0, 1.0, 1.0, 2.0, 6.0, 2.0, 6.0, 2.0, 1.0], [3.0, 3.0, 6.0, 2.0, 6.0, 6.0, 2.0, 1.0, 2.0, 3.0, 2.0, 6.0, 1.0, 3.0, 2.0, 1.0, 2.0, 3.0, 2.0, 1.0, 3.0, 6.0, 6.0, 2.0, 2.0, 6.0, 2.0, 3.0, 1.0, 4.0, 6.0, 1.0, 6.0, 6.0, 1.0, 1.0, 2.0, 6.0, 2.0, 6.0, 2.0, 1.0]]

first layer check: Conv2d(6, 64, kernel_size=(7, 7), stride=(2, 2), padding=(3, 3), bias=False)

for model 1: mode acc: 0.5476190447807312, run mean acc: 0.5487499833106995, top-2 acc:0.7549999952316284, mode f1: 0.5476190447807312

model 1 mode preds
[3.0, 3.0, 6.0, 2.0, 4.0, 3.0, 2.0, 2.0, 3.0, 3.0, 2.0, 6.0, 2.0, 3.0, 2.0, 2.0, 2.0, 3.0, 2.0, 2.0, 2.0, 6.0, 6.0, 2.0, 2.0, 6.0, 2.0, 2.0, 2.0, 4.0, 6.0, 2.0, 6.0, 6.0, 2.0, 2.0, 2.0, 3.0, 2.0, 6.0, 2.0, 2.0]

model 1 all preds
[[3.0, 3.0, 4.0, 2.0, 3.0, 3.0, 2.0, 2.0, 3.0, 5.0, 2.0, 3.0, 2.0, 3.0, 2.0, 2.0, 2.0, 3.0, 2.0, 2.0, 2.0, 6.0, 6.0, 2.0, 2.0, 6.0, 2.0, 3.0, 2.0, 3.0, 6.0, 2.0, 6.0, 6.0, 2.0, 2.0, 2.0, 3.0, 2.0, 5.0, 2.0, 2.0], [3.0, 3.0, 3.0, 2.0, 2.0, 3.0, 2.0, 2.0, 3.0, 6.0, 2.0, 6.0, 2.0, 2.0, 2.0, 2.0, 2.0, 3.0, 2.0, 2.0, 2.0, 6.0, 6.0, 2.0, 2.0, 6.0, 2.0, 2.0, 2.0, 4.0, 3.0, 2.0, 6.0, 6.0, 2.0, 2.0, 2.0, 6.0, 2.0, 6.0, 2.0, 2.0], [3.0, 3.0, 6.0, 2.0, 4.0, 4.0, 2.0, 2.0, 3.0, 3.0, 2.0, 3.0, 2.0, 3.0, 2.0, 2.0, 2.0, 2.0, 2.0, 2.0, 3.0, 6.0, 6.0, 2.0, 2.0, 4.0, 2.0, 3.0, 2.0, 4.0, 3.0, 2.0, 6.0, 6.0, 2.0, 2.0, 2.0, 3.0, 2.0, 6.0, 2.0, 2.0], [2.0, 3.0, 4.0, 2.0, 3.0, 2.0, 2.0, 2.0, 3.0, 3.0, 2.0, 6.0, 2.0, 3.0, 2.0, 2.0, 2.0, 3.0, 2.0, 2.0, 2.0, 6.0, 6.0, 3.0, 2.0, 6.0, 2.0, 2.0, 2.0, 4.0, 3.0, 2.0, 6.0, 6.0, 2.0, 2.0, 2.0, 3.0, 2.0, 6.0, 2.0, 2.0], [3.0, 3.0, 6.0, 2.0, 6.0, 3.0, 2.0, 2.0, 3.0, 6.0, 2.0, 4.0, 2.0, 3.0, 2.0, 2.0, 2.0, 3.0, 2.0, 2.0, 2.0, 6.0, 6.0, 2.0, 2.0, 6.0, 2.0, 2.0, 2.0, 4.0, 6.0, 2.0, 6.0, 4.0, 2.0, 2.0, 2.0, 2.0, 2.0, 3.0, 2.0, 2.0], [3.0, 3.0, 6.0, 2.0, 6.0, 3.0, 2.0, 2.0, 3.0, 3.0, 2.0, 6.0, 2.0, 3.0, 2.0, 2.0, 2.0, 3.0, 2.0, 2.0, 2.0, 6.0, 3.0, 2.0, 2.0, 6.0, 2.0, 3.0, 2.0, 3.0, 3.0, 2.0, 6.0, 6.0, 2.0, 2.0, 2.0, 3.0, 2.0, 6.0, 2.0, 2.0], [3.0, 3.0, 6.0, 2.0, 4.0, 6.0, 2.0, 2.0, 3.0, 6.0, 2.0, 4.0, 2.0, 2.0, 2.0, 2.0, 2.0, 3.0, 2.0, 2.0, 2.0, 6.0, 6.0, 3.0, 2.0, 6.0, 2.0, 2.0, 2.0, 3.0, 6.0, 2.0, 6.0, 5.0, 2.0, 2.0, 2.0, 3.0, 2.0, 3.0, 2.0, 2.0], [3.0, 3.0, 6.0, 2.0, 5.0, 3.0, 2.0, 2.0, 3.0, 6.0, 2.0, 6.0, 2.0, 3.0, 2.0, 2.0, 2.0, 3.0, 2.0, 2.0, 2.0, 4.0, 6.0, 2.0, 2.0, 6.0, 2.0, 2.0, 2.0, 6.0, 6.0, 2.0, 6.0, 6.0, 2.0, 2.0, 2.0, 3.0, 2.0, 6.0, 2.0, 2.0], [3.0, 3.0, 6.0, 2.0, 6.0, 2.0, 2.0, 2.0, 3.0, 5.0, 2.0, 6.0, 2.0, 3.0, 2.0, 2.0, 2.0, 3.0, 2.0, 2.0, 2.0, 6.0, 6.0, 2.0, 2.0, 6.0, 2.0, 3.0, 2.0, 4.0, 6.0, 2.0, 6.0, 6.0, 2.0, 2.0, 2.0, 4.0, 2.0, 6.0, 2.0, 2.0], [3.0, 3.0, 3.0, 2.0, 6.0, 3.0, 2.0, 2.0, 3.0, 6.0, 2.0, 6.0, 2.0, 2.0, 2.0, 2.0, 2.0, 3.0, 2.0, 2.0, 2.0, 6.0, 6.0, 2.0, 2.0, 6.0, 2.0, 2.0, 2.0, 4.0, 6.0, 2.0, 6.0, 6.0, 2.0, 2.0, 2.0, 4.0, 2.0, 6.0, 2.0, 2.0], [3.0, 3.0, 4.0, 2.0, 3.0, 3.0, 2.0, 2.0, 3.0, 3.0, 2.0, 3.0, 2.0, 2.0, 2.0, 2.0, 2.0, 3.0, 2.0, 2.0, 2.0, 6.0, 6.0, 2.0, 2.0, 4.0, 2.0, 2.0, 2.0, 4.0, 3.0, 2.0, 6.0, 6.0, 2.0, 2.0, 2.0, 3.0, 2.0, 6.0, 2.0, 2.0], [3.0, 3.0, 6.0, 2.0, 4.0, 3.0, 2.0, 2.0, 3.0, 6.0, 2.0, 3.0, 2.0, 2.0, 2.0, 2.0, 2.0, 2.0, 2.0, 2.0, 2.0, 4.0, 6.0, 2.0, 2.0, 6.0, 2.0, 3.0, 2.0, 3.0, 3.0, 2.0, 6.0, 6.0, 2.0, 2.0, 2.0, 3.0, 2.0, 6.0, 2.0, 2.0], [2.0, 3.0, 6.0, 2.0, 2.0, 6.0, 2.0, 2.0, 3.0, 6.0, 2.0, 3.0, 2.0, 2.0, 2.0, 2.0, 2.0, 3.0, 2.0, 2.0, 2.0, 6.0, 6.0, 2.0, 2.0, 4.0, 2.0, 2.0, 2.0, 4.0, 3.0, 2.0, 6.0, 6.0, 2.0, 2.0, 2.0, 3.0, 2.0, 6.0, 2.0, 2.0], [3.0, 3.0, 6.0, 2.0, 6.0, 4.0, 2.0, 2.0, 3.0, 3.0, 2.0, 6.0, 2.0, 3.0, 2.0, 2.0, 2.0, 3.0, 2.0, 2.0, 2.0, 6.0, 6.0, 2.0, 2.0, 6.0, 2.0, 2.0, 2.0, 4.0, 6.0, 2.0, 6.0, 6.0, 2.0, 2.0, 2.0, 4.0, 2.0, 5.0, 2.0, 2.0], [3.0, 2.0, 6.0, 2.0, 5.0, 2.0, 2.0, 2.0, 3.0, 3.0, 2.0, 3.0, 2.0, 2.0, 2.0, 2.0, 2.0, 2.0, 2.0, 2.0, 2.0, 6.0, 6.0, 3.0, 2.0, 6.0, 2.0, 2.0, 2.0, 3.0, 6.0, 2.0, 6.0, 6.0, 2.0, 2.0, 2.0, 4.0, 2.0, 6.0, 2.0, 2.0], [2.0, 2.0, 6.0, 2.0, 2.0, 3.0, 2.0, 2.0, 3.0, 6.0, 2.0, 3.0, 2.0, 3.0, 2.0, 2.0, 2.0, 3.0, 2.0, 2.0, 3.0, 6.0, 6.0, 2.0, 2.0, 6.0, 2.0, 2.0, 2.0, 3.0, 3.0, 2.0, 6.0, 6.0, 2.0, 2.0, 2.0, 5.0, 2.0, 6.0, 2.0, 2.0], [3.0, 3.0, 4.0, 2.0, 4.0, 2.0, 2.0, 2.0, 3.0, 6.0, 2.0, 6.0, 2.0, 3.0, 2.0, 2.0, 2.0, 2.0, 2.0, 2.0, 2.0, 4.0, 6.0, 3.0, 2.0, 6.0, 2.0, 3.0, 2.0, 3.0, 6.0, 2.0, 6.0, 6.0, 2.0, 2.0, 2.0, 3.0, 2.0, 6.0, 2.0, 2.0], [3.0, 3.0, 6.0, 2.0, 4.0, 4.0, 2.0, 2.0, 3.0, 3.0, 2.0, 3.0, 2.0, 3.0, 2.0, 2.0, 2.0, 3.0, 2.0, 2.0, 3.0, 6.0, 6.0, 2.0, 2.0, 6.0, 2.0, 3.0, 2.0, 6.0, 6.0, 2.0, 6.0, 6.0, 2.0, 2.0, 2.0, 4.0, 2.0, 5.0, 2.0, 2.0], [2.0, 3.0, 6.0, 2.0, 5.0, 2.0, 2.0, 2.0, 3.0, 3.0, 2.0, 6.0, 2.0, 3.0, 2.0, 2.0, 2.0, 3.0, 2.0, 2.0, 2.0, 6.0, 6.0, 2.0, 2.0, 4.0, 2.0, 3.0, 2.0, 4.0, 6.0, 2.0, 6.0, 6.0, 2.0, 2.0, 2.0, 3.0, 2.0, 5.0, 2.0, 2.0], [3.0, 3.0, 6.0, 2.0, 2.0, 3.0, 2.0, 2.0, 3.0, 3.0, 2.0, 4.0, 2.0, 3.0, 2.0, 2.0, 2.0, 2.0, 2.0, 2.0, 3.0, 4.0, 6.0, 2.0, 2.0, 4.0, 2.0, 2.0, 2.0, 2.0, 3.0, 2.0, 6.0, 6.0, 2.0, 2.0, 2.0, 5.0, 2.0, 5.0, 2.0, 2.0], [3.0, 3.0, 4.0, 2.0, 5.0, 6.0, 2.0, 2.0, 3.0, 3.0, 2.0, 6.0, 2.0, 3.0, 2.0, 2.0, 2.0, 2.0, 2.0, 2.0, 2.0, 6.0, 6.0, 2.0, 2.0, 4.0, 2.0, 2.0, 2.0, 4.0, 3.0, 2.0, 6.0, 6.0, 2.0, 2.0, 2.0, 3.0, 2.0, 3.0, 2.0, 2.0], [3.0, 3.0, 4.0, 2.0, 4.0, 4.0, 2.0, 2.0, 3.0, 6.0, 2.0, 4.0, 2.0, 2.0, 2.0, 2.0, 2.0, 3.0, 2.0, 2.0, 2.0, 6.0, 6.0, 2.0, 2.0, 4.0, 2.0, 3.0, 2.0, 3.0, 3.0, 2.0, 6.0, 6.0, 2.0, 2.0, 2.0, 3.0, 2.0, 6.0, 2.0, 2.0], [3.0, 3.0, 4.0, 2.0, 4.0, 3.0, 2.0, 2.0, 3.0, 3.0, 2.0, 6.0, 2.0, 3.0, 2.0, 2.0, 2.0, 3.0, 2.0, 2.0, 2.0, 6.0, 6.0, 2.0, 2.0, 6.0, 2.0, 3.0, 2.0, 3.0, 6.0, 2.0, 4.0, 6.0, 2.0, 2.0, 2.0, 3.0, 2.0, 6.0, 2.0, 2.0], [3.0, 3.0, 6.0, 2.0, 6.0, 3.0, 2.0, 2.0, 3.0, 3.0, 2.0, 6.0, 2.0, 3.0, 2.0, 2.0, 2.0, 2.0, 2.0, 2.0, 2.0, 6.0, 6.0, 2.0, 2.0, 6.0, 2.0, 3.0, 2.0, 6.0, 6.0, 2.0, 4.0, 6.0, 2.0, 2.0, 2.0, 3.0, 2.0, 6.0, 2.0, 2.0], [3.0, 3.0, 6.0, 2.0, 4.0, 3.0, 2.0, 2.0, 3.0, 3.0, 2.0, 6.0, 2.0, 4.0, 2.0, 2.0, 2.0, 2.0, 2.0, 2.0, 2.0, 6.0, 4.0, 2.0, 2.0, 4.0, 2.0, 2.0, 2.0, 4.0, 6.0, 2.0, 6.0, 6.0, 2.0, 2.0, 2.0, 3.0, 2.0, 5.0, 2.0, 2.0], [3.0, 3.0, 6.0, 2.0, 3.0, 3.0, 2.0, 2.0, 3.0, 3.0, 2.0, 6.0, 2.0, 3.0, 2.0, 2.0, 2.0, 3.0, 2.0, 2.0, 2.0, 6.0, 6.0, 3.0, 2.0, 6.0, 2.0, 2.0, 2.0, 4.0, 3.0, 2.0, 6.0, 6.0, 2.0, 2.0, 2.0, 5.0, 2.0, 6.0, 2.0, 2.0], [2.0, 3.0, 6.0, 2.0, 6.0, 2.0, 2.0, 2.0, 3.0, 6.0, 2.0, 6.0, 2.0, 3.0, 2.0, 2.0, 2.0, 2.0, 2.0, 2.0, 2.0, 6.0, 6.0, 3.0, 2.0, 6.0, 2.0, 2.0, 2.0, 3.0, 6.0, 2.0, 6.0, 6.0, 2.0, 2.0, 2.0, 3.0, 2.0, 3.0, 2.0, 2.0], [3.0, 3.0, 4.0, 2.0, 4.0, 6.0, 2.0, 2.0, 3.0, 6.0, 2.0, 6.0, 2.0, 3.0, 2.0, 2.0, 2.0, 3.0, 2.0, 2.0, 2.0, 6.0, 6.0, 2.0, 2.0, 6.0, 2.0, 2.0, 2.0, 3.0, 3.0, 2.0, 4.0, 6.0, 2.0, 2.0, 2.0, 5.0, 2.0, 5.0, 2.0, 2.0], [3.0, 3.0, 6.0, 2.0, 3.0, 6.0, 2.0, 2.0, 3.0, 6.0, 2.0, 6.0, 1.0, 4.0, 2.0, 2.0, 2.0, 3.0, 2.0, 2.0, 2.0, 6.0, 6.0, 2.0, 2.0, 6.0, 2.0, 2.0, 2.0, 4.0, 6.0, 2.0, 6.0, 6.0, 2.0, 2.0, 2.0, 6.0, 2.0, 5.0, 2.0, 2.0], [3.0, 3.0, 4.0, 2.0, 6.0, 3.0, 2.0, 2.0, 3.0, 6.0, 2.0, 6.0, 2.0, 3.0, 2.0, 2.0, 2.0, 2.0, 3.0, 2.0, 2.0, 6.0, 6.0, 3.0, 2.0, 6.0, 2.0, 2.0, 2.0, 4.0, 6.0, 2.0, 4.0, 6.0, 2.0, 2.0, 2.0, 4.0, 2.0, 6.0, 2.0, 2.0], [3.0, 3.0, 6.0, 2.0, 3.0, 2.0, 2.0, 2.0, 3.0, 3.0, 2.0, 6.0, 2.0, 3.0, 2.0, 2.0, 2.0, 2.0, 2.0, 2.0, 2.0, 6.0, 6.0, 2.0, 2.0, 4.0, 2.0, 2.0, 2.0, 4.0, 3.0, 2.0, 6.0, 6.0, 2.0, 2.0, 2.0, 3.0, 2.0, 6.0, 2.0, 2.0], [3.0, 3.0, 6.0, 2.0, 4.0, 4.0, 2.0, 2.0, 3.0, 6.0, 2.0, 3.0, 2.0, 2.0, 2.0, 2.0, 2.0, 3.0, 2.0, 2.0, 2.0, 6.0, 6.0, 2.0, 2.0, 6.0, 2.0, 2.0, 2.0, 4.0, 6.0, 2.0, 6.0, 6.0, 2.0, 2.0, 2.0, 3.0, 2.0, 6.0, 2.0, 2.0], [3.0, 3.0, 6.0, 2.0, 4.0, 2.0, 2.0, 2.0, 3.0, 5.0, 2.0, 6.0, 2.0, 3.0, 2.0, 2.0, 2.0, 2.0, 2.0, 2.0, 2.0, 6.0, 6.0, 3.0, 2.0, 6.0, 2.0, 2.0, 2.0, 4.0, 3.0, 2.0, 6.0, 6.0, 2.0, 2.0, 2.0, 3.0, 2.0, 5.0, 2.0, 2.0], [3.0, 3.0, 4.0, 2.0, 4.0, 3.0, 2.0, 2.0, 3.0, 5.0, 2.0, 6.0, 2.0, 3.0, 2.0, 2.0, 2.0, 3.0, 2.0, 2.0, 3.0, 6.0, 6.0, 2.0, 2.0, 6.0, 2.0, 2.0, 2.0, 4.0, 6.0, 2.0, 6.0, 6.0, 2.0, 2.0, 2.0, 4.0, 2.0, 6.0, 2.0, 2.0], [3.0, 3.0, 6.0, 2.0, 6.0, 2.0, 2.0, 2.0, 3.0, 3.0, 2.0, 6.0, 2.0, 2.0, 2.0, 2.0, 2.0, 3.0, 2.0, 2.0, 3.0, 4.0, 6.0, 2.0, 2.0, 6.0, 2.0, 3.0, 2.0, 4.0, 3.0, 2.0, 6.0, 6.0, 2.0, 2.0, 2.0, 5.0, 2.0, 6.0, 2.0, 2.0], [3.0, 3.0, 6.0, 2.0, 6.0, 3.0, 2.0, 2.0, 3.0, 3.0, 2.0, 6.0, 2.0, 3.0, 2.0, 2.0, 2.0, 3.0, 2.0, 2.0, 2.0, 6.0, 6.0, 2.0, 2.0, 6.0, 2.0, 2.0, 2.0, 4.0, 3.0, 2.0, 4.0, 6.0, 2.0, 2.0, 2.0, 4.0, 2.0, 5.0, 2.0, 2.0], [3.0, 3.0, 6.0, 2.0, 4.0, 4.0, 2.0, 2.0, 3.0, 5.0, 2.0, 6.0, 1.0, 3.0, 2.0, 2.0, 2.0, 2.0, 2.0, 2.0, 2.0, 6.0, 6.0, 2.0, 2.0, 4.0, 2.0, 2.0, 2.0, 4.0, 6.0, 2.0, 6.0, 6.0, 2.0, 2.0, 2.0, 3.0, 2.0, 6.0, 2.0, 2.0], [3.0, 3.0, 6.0, 2.0, 4.0, 2.0, 2.0, 2.0, 3.0, 6.0, 2.0, 6.0, 2.0, 3.0, 2.0, 2.0, 2.0, 3.0, 2.0, 2.0, 2.0, 6.0, 6.0, 2.0, 2.0, 6.0, 2.0, 2.0, 2.0, 3.0, 6.0, 2.0, 6.0, 6.0, 2.0, 2.0, 2.0, 3.0, 2.0, 6.0, 2.0, 2.0], [3.0, 3.0, 4.0, 2.0, 6.0, 6.0, 2.0, 2.0, 3.0, 3.0, 2.0, 6.0, 2.0, 3.0, 2.0, 2.0, 2.0, 3.0, 2.0, 2.0, 2.0, 6.0, 6.0, 2.0, 2.0, 6.0, 2.0, 2.0, 2.0, 4.0, 3.0, 2.0, 6.0, 6.0, 2.0, 2.0, 2.0, 4.0, 2.0, 4.0, 2.0, 2.0], [4.0, 3.0, 6.0, 2.0, 3.0, 2.0, 2.0, 2.0, 3.0, 3.0, 2.0, 6.0, 2.0, 3.0, 2.0, 2.0, 2.0, 2.0, 2.0, 2.0, 2.0, 6.0, 6.0, 3.0, 2.0, 6.0, 2.0, 2.0, 2.0, 4.0, 6.0, 2.0, 6.0, 6.0, 2.0, 2.0, 2.0, 3.0, 2.0, 6.0, 2.0, 2.0], [3.0, 3.0, 6.0, 2.0, 4.0, 2.0, 2.0, 2.0, 3.0, 6.0, 3.0, 3.0, 2.0, 3.0, 2.0, 2.0, 2.0, 3.0, 2.0, 2.0, 2.0, 4.0, 6.0, 2.0, 2.0, 6.0, 2.0, 2.0, 2.0, 4.0, 3.0, 2.0, 6.0, 6.0, 2.0, 2.0, 2.0, 3.0, 2.0, 6.0, 2.0, 2.0], [3.0, 3.0, 6.0, 2.0, 4.0, 3.0, 2.0, 2.0, 3.0, 3.0, 2.0, 6.0, 2.0, 2.0, 2.0, 2.0, 2.0, 3.0, 2.0, 2.0, 2.0, 6.0, 6.0, 3.0, 2.0, 6.0, 2.0, 2.0, 2.0, 4.0, 6.0, 2.0, 6.0, 6.0, 2.0, 2.0, 2.0, 4.0, 2.0, 3.0, 2.0, 2.0], [3.0, 3.0, 4.0, 2.0, 4.0, 3.0, 2.0, 2.0, 3.0, 3.0, 2.0, 6.0, 2.0, 3.0, 2.0, 2.0, 2.0, 3.0, 2.0, 2.0, 2.0, 6.0, 6.0, 2.0, 2.0, 4.0, 2.0, 2.0, 2.0, 4.0, 6.0, 2.0, 6.0, 6.0, 2.0, 2.0, 2.0, 3.0, 2.0, 5.0, 2.0, 2.0], [3.0, 3.0, 4.0, 2.0, 6.0, 3.0, 2.0, 2.0, 3.0, 3.0, 2.0, 6.0, 2.0, 3.0, 2.0, 2.0, 2.0, 2.0, 2.0, 2.0, 2.0, 6.0, 6.0, 2.0, 2.0, 4.0, 2.0, 3.0, 2.0, 4.0, 6.0, 2.0, 6.0, 6.0, 2.0, 2.0, 2.0, 4.0, 2.0, 6.0, 2.0, 2.0], [3.0, 3.0, 6.0, 2.0, 6.0, 3.0, 2.0, 2.0, 3.0, 3.0, 2.0, 6.0, 2.0, 3.0, 2.0, 2.0, 2.0, 2.0, 2.0, 2.0, 2.0, 6.0, 6.0, 2.0, 2.0, 6.0, 2.0, 2.0, 2.0, 3.0, 6.0, 2.0, 6.0, 6.0, 2.0, 2.0, 2.0, 3.0, 2.0, 6.0, 2.0, 2.0], [3.0, 3.0, 6.0, 2.0, 2.0, 3.0, 2.0, 2.0, 3.0, 3.0, 2.0, 6.0, 2.0, 2.0, 2.0, 2.0, 2.0, 2.0, 2.0, 2.0, 2.0, 6.0, 6.0, 2.0, 2.0, 6.0, 2.0, 2.0, 2.0, 3.0, 6.0, 2.0, 6.0, 6.0, 2.0, 2.0, 2.0, 3.0, 2.0, 6.0, 2.0, 2.0], [3.0, 3.0, 4.0, 2.0, 4.0, 4.0, 2.0, 2.0, 3.0, 6.0, 2.0, 6.0, 2.0, 3.0, 2.0, 2.0, 2.0, 2.0, 2.0, 2.0, 2.0, 6.0, 6.0, 2.0, 2.0, 4.0, 2.0, 2.0, 2.0, 4.0, 3.0, 2.0, 6.0, 6.0, 2.0, 2.0, 2.0, 3.0, 2.0, 5.0, 2.0, 2.0], [3.0, 3.0, 6.0, 2.0, 2.0, 3.0, 2.0, 2.0, 3.0, 6.0, 2.0, 3.0, 2.0, 2.0, 2.0, 2.0, 2.0, 2.0, 2.0, 2.0, 2.0, 6.0, 6.0, 2.0, 2.0, 6.0, 2.0, 2.0, 2.0, 3.0, 3.0, 2.0, 6.0, 6.0, 2.0, 2.0, 2.0, 5.0, 2.0, 3.0, 2.0, 2.0], [3.0, 3.0, 4.0, 2.0, 3.0, 3.0, 2.0, 2.0, 3.0, 3.0, 2.0, 4.0, 2.0, 3.0, 2.0, 2.0, 2.0, 3.0, 2.0, 2.0, 2.0, 6.0, 6.0, 2.0, 2.0, 6.0, 2.0, 2.0, 2.0, 3.0, 3.0, 2.0, 6.0, 6.0, 2.0, 2.0, 2.0, 4.0, 2.0, 6.0, 2.0, 2.0], [3.0, 3.0, 6.0, 2.0, 4.0, 4.0, 2.0, 2.0, 3.0, 3.0, 2.0, 3.0, 2.0, 3.0, 2.0, 2.0, 2.0, 3.0, 2.0, 2.0, 2.0, 6.0, 6.0, 3.0, 2.0, 6.0, 2.0, 2.0, 2.0, 4.0, 3.0, 2.0, 6.0, 6.0, 2.0, 2.0, 2.0, 3.0, 2.0, 6.0, 2.0, 2.0]]

first layer check: Conv2d(6, 64, kernel_size=(7, 7), stride=(2, 2), padding=(3, 3), bias=False)

for model 2: mode acc: 0.5714285969734192, run mean acc: 0.6112499833106995, top-2 acc:0.7766666412353516, mode f1: 0.5714285969734192

model 2 mode preds
[4.0, 3.0, 6.0, 2.0, 6.0, 6.0, 2.0, 2.0, 3.0, 6.0, 2.0, 6.0, 2.0, 4.0, 2.0, 2.0, 2.0, 3.0, 2.0, 2.0, 2.0, 6.0, 6.0, 2.0, 2.0, 6.0, 2.0, 4.0, 2.0, 4.0, 6.0, 2.0, 6.0, 6.0, 1.0, 2.0, 2.0, 6.0, 2.0, 6.0, 2.0, 2.0]

model 2 all preds
[[4.0, 3.0, 6.0, 2.0, 6.0, 4.0, 2.0, 2.0, 3.0, 6.0, 3.0, 6.0, 2.0, 4.0, 2.0, 2.0, 2.0, 3.0, 3.0, 2.0, 2.0, 3.0, 6.0, 2.0, 2.0, 6.0, 2.0, 4.0, 2.0, 4.0, 6.0, 2.0, 6.0, 6.0, 1.0, 2.0, 2.0, 6.0, 2.0, 6.0, 4.0, 2.0], [3.0, 4.0, 6.0, 2.0, 6.0, 4.0, 2.0, 2.0, 3.0, 6.0, 2.0, 6.0, 2.0, 6.0, 2.0, 2.0, 2.0, 3.0, 3.0, 2.0, 2.0, 3.0, 6.0, 4.0, 2.0, 6.0, 2.0, 4.0, 2.0, 4.0, 6.0, 2.0, 6.0, 6.0, 1.0, 2.0, 2.0, 6.0, 2.0, 6.0, 2.0, 2.0], [3.0, 4.0, 6.0, 2.0, 6.0, 6.0, 2.0, 2.0, 3.0, 6.0, 2.0, 6.0, 1.0, 4.0, 2.0, 2.0, 2.0, 3.0, 4.0, 2.0, 2.0, 6.0, 6.0, 2.0, 2.0, 6.0, 2.0, 2.0, 2.0, 4.0, 6.0, 2.0, 6.0, 6.0, 1.0, 2.0, 2.0, 6.0, 2.0, 6.0, 4.0, 2.0], [4.0, 3.0, 6.0, 2.0, 6.0, 4.0, 2.0, 2.0, 3.0, 6.0, 2.0, 6.0, 2.0, 4.0, 2.0, 2.0, 2.0, 3.0, 4.0, 2.0, 2.0, 6.0, 6.0, 3.0, 2.0, 6.0, 2.0, 2.0, 2.0, 4.0, 6.0, 2.0, 6.0, 6.0, 1.0, 2.0, 2.0, 6.0, 2.0, 6.0, 2.0, 2.0], [4.0, 4.0, 6.0, 2.0, 6.0, 6.0, 2.0, 2.0, 3.0, 6.0, 2.0, 6.0, 1.0, 6.0, 2.0, 2.0, 2.0, 3.0, 2.0, 2.0, 2.0, 3.0, 6.0, 3.0, 2.0, 6.0, 2.0, 4.0, 2.0, 4.0, 6.0, 2.0, 6.0, 6.0, 1.0, 2.0, 2.0, 6.0, 2.0, 6.0, 2.0, 2.0], [4.0, 3.0, 6.0, 2.0, 6.0, 4.0, 2.0, 2.0, 3.0, 6.0, 4.0, 6.0, 2.0, 6.0, 2.0, 2.0, 2.0, 4.0, 2.0, 2.0, 2.0, 3.0, 6.0, 3.0, 2.0, 6.0, 2.0, 4.0, 2.0, 4.0, 6.0, 2.0, 6.0, 6.0, 1.0, 2.0, 2.0, 4.0, 2.0, 6.0, 2.0, 2.0], [3.0, 2.0, 6.0, 2.0, 6.0, 6.0, 2.0, 2.0, 3.0, 6.0, 3.0, 6.0, 2.0, 6.0, 4.0, 2.0, 2.0, 3.0, 3.0, 2.0, 2.0, 3.0, 6.0, 4.0, 2.0, 6.0, 2.0, 4.0, 2.0, 4.0, 5.0, 2.0, 6.0, 6.0, 1.0, 2.0, 2.0, 6.0, 2.0, 6.0, 2.0, 2.0], [3.0, 3.0, 6.0, 2.0, 6.0, 6.0, 2.0, 2.0, 3.0, 6.0, 4.0, 6.0, 2.0, 4.0, 4.0, 2.0, 2.0, 3.0, 3.0, 2.0, 2.0, 6.0, 6.0, 2.0, 2.0, 6.0, 2.0, 4.0, 2.0, 4.0, 6.0, 2.0, 6.0, 6.0, 1.0, 2.0, 2.0, 6.0, 2.0, 6.0, 2.0, 2.0], [4.0, 6.0, 6.0, 2.0, 4.0, 4.0, 2.0, 2.0, 3.0, 6.0, 2.0, 6.0, 2.0, 6.0, 2.0, 2.0, 2.0, 3.0, 4.0, 2.0, 2.0, 3.0, 6.0, 3.0, 2.0, 6.0, 2.0, 4.0, 2.0, 4.0, 6.0, 2.0, 6.0, 6.0, 1.0, 2.0, 2.0, 6.0, 2.0, 6.0, 2.0, 2.0], [4.0, 3.0, 6.0, 2.0, 6.0, 4.0, 2.0, 2.0, 3.0, 6.0, 4.0, 6.0, 1.0, 4.0, 2.0, 2.0, 2.0, 3.0, 2.0, 2.0, 2.0, 6.0, 6.0, 3.0, 2.0, 6.0, 2.0, 4.0, 2.0, 4.0, 3.0, 2.0, 4.0, 6.0, 1.0, 2.0, 2.0, 6.0, 2.0, 6.0, 2.0, 2.0], [4.0, 3.0, 6.0, 2.0, 6.0, 2.0, 2.0, 2.0, 3.0, 6.0, 3.0, 4.0, 2.0, 6.0, 2.0, 2.0, 2.0, 3.0, 2.0, 2.0, 2.0, 6.0, 6.0, 3.0, 2.0, 6.0, 2.0, 4.0, 2.0, 4.0, 4.0, 2.0, 6.0, 6.0, 1.0, 2.0, 2.0, 6.0, 2.0, 6.0, 4.0, 2.0], [4.0, 4.0, 6.0, 2.0, 6.0, 6.0, 2.0, 2.0, 3.0, 6.0, 2.0, 6.0, 2.0, 4.0, 2.0, 2.0, 2.0, 3.0, 2.0, 2.0, 2.0, 6.0, 6.0, 3.0, 2.0, 6.0, 2.0, 2.0, 2.0, 4.0, 6.0, 2.0, 6.0, 6.0, 1.0, 2.0, 2.0, 4.0, 2.0, 6.0, 2.0, 2.0], [3.0, 3.0, 6.0, 2.0, 6.0, 6.0, 2.0, 2.0, 3.0, 6.0, 3.0, 6.0, 2.0, 6.0, 2.0, 2.0, 2.0, 3.0, 4.0, 2.0, 3.0, 3.0, 6.0, 3.0, 2.0, 6.0, 2.0, 2.0, 2.0, 4.0, 6.0, 2.0, 6.0, 6.0, 1.0, 2.0, 2.0, 6.0, 2.0, 6.0, 2.0, 2.0], [4.0, 3.0, 6.0, 2.0, 6.0, 6.0, 2.0, 2.0, 3.0, 6.0, 3.0, 6.0, 2.0, 4.0, 2.0, 2.0, 2.0, 3.0, 2.0, 2.0, 2.0, 3.0, 6.0, 4.0, 2.0, 6.0, 2.0, 4.0, 2.0, 4.0, 5.0, 2.0, 6.0, 6.0, 1.0, 2.0, 2.0, 6.0, 2.0, 6.0, 4.0, 2.0], [3.0, 3.0, 6.0, 2.0, 6.0, 4.0, 2.0, 2.0, 3.0, 6.0, 2.0, 6.0, 1.0, 4.0, 2.0, 2.0, 2.0, 3.0, 4.0, 2.0, 2.0, 6.0, 6.0, 2.0, 2.0, 6.0, 2.0, 4.0, 2.0, 4.0, 6.0, 2.0, 6.0, 6.0, 1.0, 2.0, 2.0, 6.0, 2.0, 6.0, 4.0, 2.0], [3.0, 3.0, 6.0, 2.0, 6.0, 6.0, 2.0, 2.0, 3.0, 6.0, 4.0, 6.0, 2.0, 6.0, 2.0, 2.0, 2.0, 3.0, 4.0, 2.0, 2.0, 6.0, 6.0, 2.0, 2.0, 6.0, 2.0, 4.0, 2.0, 4.0, 5.0, 2.0, 6.0, 6.0, 1.0, 2.0, 2.0, 4.0, 2.0, 6.0, 2.0, 2.0], [4.0, 4.0, 6.0, 2.0, 6.0, 6.0, 2.0, 2.0, 3.0, 6.0, 3.0, 6.0, 2.0, 6.0, 2.0, 2.0, 2.0, 3.0, 4.0, 2.0, 2.0, 6.0, 6.0, 3.0, 2.0, 6.0, 2.0, 4.0, 2.0, 4.0, 4.0, 2.0, 6.0, 6.0, 1.0, 2.0, 2.0, 4.0, 2.0, 6.0, 2.0, 2.0], [3.0, 4.0, 6.0, 2.0, 4.0, 6.0, 2.0, 2.0, 3.0, 4.0, 2.0, 6.0, 2.0, 4.0, 2.0, 2.0, 2.0, 4.0, 2.0, 2.0, 2.0, 6.0, 6.0, 4.0, 2.0, 6.0, 2.0, 4.0, 2.0, 4.0, 6.0, 2.0, 6.0, 6.0, 1.0, 2.0, 2.0, 6.0, 2.0, 6.0, 2.0, 2.0], [3.0, 5.0, 6.0, 2.0, 6.0, 6.0, 2.0, 2.0, 3.0, 6.0, 4.0, 6.0, 2.0, 4.0, 2.0, 2.0, 2.0, 2.0, 2.0, 2.0, 2.0, 3.0, 6.0, 2.0, 2.0, 6.0, 2.0, 4.0, 2.0, 4.0, 6.0, 2.0, 6.0, 6.0, 1.0, 2.0, 2.0, 6.0, 2.0, 6.0, 2.0, 2.0], [2.0, 4.0, 4.0, 2.0, 6.0, 4.0, 2.0, 2.0, 3.0, 6.0, 3.0, 6.0, 2.0, 4.0, 2.0, 2.0, 2.0, 3.0, 3.0, 2.0, 2.0, 6.0, 6.0, 2.0, 2.0, 6.0, 2.0, 4.0, 2.0, 4.0, 6.0, 2.0, 6.0, 6.0, 1.0, 2.0, 2.0, 6.0, 2.0, 6.0, 2.0, 2.0], [4.0, 5.0, 6.0, 2.0, 6.0, 6.0, 2.0, 2.0, 3.0, 6.0, 3.0, 6.0, 2.0, 4.0, 2.0, 2.0, 2.0, 3.0, 3.0, 2.0, 2.0, 6.0, 6.0, 2.0, 2.0, 6.0, 2.0, 4.0, 2.0, 4.0, 3.0, 2.0, 6.0, 6.0, 1.0, 2.0, 2.0, 4.0, 2.0, 6.0, 2.0, 2.0], [4.0, 3.0, 6.0, 2.0, 6.0, 3.0, 2.0, 2.0, 3.0, 6.0, 2.0, 6.0, 2.0, 4.0, 2.0, 2.0, 2.0, 3.0, 2.0, 2.0, 2.0, 6.0, 6.0, 2.0, 2.0, 6.0, 2.0, 3.0, 2.0, 4.0, 5.0, 2.0, 6.0, 6.0, 1.0, 2.0, 2.0, 4.0, 2.0, 6.0, 4.0, 2.0], [4.0, 4.0, 6.0, 2.0, 6.0, 6.0, 2.0, 2.0, 3.0, 6.0, 2.0, 6.0, 2.0, 5.0, 2.0, 2.0, 2.0, 3.0, 4.0, 2.0, 2.0, 3.0, 6.0, 2.0, 2.0, 6.0, 2.0, 4.0, 2.0, 4.0, 6.0, 2.0, 6.0, 6.0, 1.0, 2.0, 2.0, 4.0, 2.0, 6.0, 4.0, 2.0], [3.0, 3.0, 6.0, 2.0, 6.0, 6.0, 2.0, 2.0, 3.0, 6.0, 2.0, 6.0, 2.0, 5.0, 2.0, 2.0, 2.0, 3.0, 2.0, 2.0, 2.0, 6.0, 6.0, 2.0, 2.0, 6.0, 2.0, 3.0, 2.0, 4.0, 6.0, 2.0, 6.0, 6.0, 1.0, 2.0, 2.0, 6.0, 2.0, 6.0, 2.0, 2.0], [3.0, 4.0, 6.0, 2.0, 6.0, 4.0, 2.0, 2.0, 3.0, 6.0, 2.0, 6.0, 2.0, 6.0, 2.0, 2.0, 2.0, 3.0, 2.0, 2.0, 2.0, 6.0, 6.0, 3.0, 2.0, 6.0, 2.0, 4.0, 2.0, 4.0, 3.0, 2.0, 6.0, 6.0, 1.0, 2.0, 2.0, 6.0, 2.0, 6.0, 2.0, 2.0], [2.0, 3.0, 6.0, 2.0, 6.0, 6.0, 2.0, 2.0, 3.0, 4.0, 2.0, 6.0, 2.0, 6.0, 2.0, 2.0, 2.0, 3.0, 4.0, 2.0, 2.0, 3.0, 6.0, 2.0, 2.0, 6.0, 2.0, 4.0, 2.0, 4.0, 6.0, 2.0, 6.0, 6.0, 1.0, 2.0, 2.0, 4.0, 2.0, 6.0, 2.0, 2.0], [4.0, 4.0, 6.0, 2.0, 6.0, 4.0, 2.0, 2.0, 3.0, 6.0, 2.0, 6.0, 2.0, 6.0, 2.0, 2.0, 2.0, 3.0, 2.0, 2.0, 2.0, 6.0, 6.0, 2.0, 2.0, 6.0, 2.0, 2.0, 2.0, 4.0, 6.0, 2.0, 6.0, 6.0, 1.0, 2.0, 2.0, 4.0, 2.0, 6.0, 2.0, 2.0], [3.0, 3.0, 6.0, 2.0, 6.0, 4.0, 2.0, 2.0, 3.0, 6.0, 3.0, 6.0, 2.0, 4.0, 2.0, 2.0, 2.0, 3.0, 4.0, 2.0, 2.0, 6.0, 6.0, 4.0, 2.0, 6.0, 2.0, 4.0, 2.0, 4.0, 6.0, 2.0, 6.0, 6.0, 1.0, 2.0, 2.0, 4.0, 2.0, 6.0, 2.0, 2.0], [4.0, 4.0, 6.0, 2.0, 6.0, 6.0, 2.0, 2.0, 3.0, 6.0, 4.0, 6.0, 1.0, 4.0, 2.0, 2.0, 2.0, 3.0, 4.0, 2.0, 2.0, 6.0, 6.0, 3.0, 2.0, 6.0, 2.0, 4.0, 2.0, 4.0, 6.0, 2.0, 6.0, 6.0, 1.0, 2.0, 2.0, 6.0, 2.0, 6.0, 2.0, 2.0], [3.0, 4.0, 6.0, 2.0, 6.0, 6.0, 2.0, 2.0, 3.0, 6.0, 2.0, 6.0, 2.0, 6.0, 2.0, 2.0, 2.0, 2.0, 2.0, 2.0, 2.0, 3.0, 6.0, 4.0, 2.0, 6.0, 2.0, 4.0, 2.0, 4.0, 4.0, 2.0, 6.0, 6.0, 1.0, 2.0, 2.0, 6.0, 2.0, 6.0, 2.0, 2.0], [4.0, 3.0, 6.0, 2.0, 5.0, 6.0, 2.0, 2.0, 3.0, 6.0, 2.0, 6.0, 2.0, 4.0, 2.0, 2.0, 2.0, 3.0, 2.0, 2.0, 2.0, 6.0, 6.0, 3.0, 2.0, 6.0, 2.0, 4.0, 2.0, 4.0, 6.0, 2.0, 6.0, 6.0, 1.0, 2.0, 2.0, 4.0, 2.0, 4.0, 4.0, 2.0], [4.0, 3.0, 6.0, 2.0, 6.0, 2.0, 2.0, 2.0, 3.0, 6.0, 2.0, 6.0, 2.0, 6.0, 4.0, 2.0, 2.0, 3.0, 2.0, 2.0, 2.0, 3.0, 6.0, 4.0, 2.0, 6.0, 2.0, 4.0, 2.0, 4.0, 6.0, 2.0, 6.0, 6.0, 1.0, 2.0, 2.0, 6.0, 2.0, 6.0, 2.0, 2.0], [3.0, 3.0, 6.0, 2.0, 6.0, 6.0, 2.0, 2.0, 3.0, 6.0, 4.0, 6.0, 2.0, 4.0, 2.0, 2.0, 2.0, 2.0, 4.0, 2.0, 2.0, 3.0, 6.0, 4.0, 2.0, 6.0, 2.0, 4.0, 2.0, 5.0, 6.0, 2.0, 6.0, 6.0, 1.0, 2.0, 2.0, 6.0, 2.0, 6.0, 4.0, 2.0], [4.0, 4.0, 6.0, 2.0, 6.0, 6.0, 2.0, 2.0, 3.0, 6.0, 2.0, 6.0, 2.0, 4.0, 4.0, 2.0, 2.0, 4.0, 2.0, 2.0, 2.0, 3.0, 6.0, 3.0, 2.0, 6.0, 2.0, 4.0, 2.0, 4.0, 6.0, 2.0, 6.0, 6.0, 1.0, 2.0, 2.0, 6.0, 2.0, 6.0, 2.0, 2.0], [4.0, 3.0, 6.0, 2.0, 6.0, 4.0, 2.0, 2.0, 3.0, 6.0, 3.0, 6.0, 1.0, 4.0, 2.0, 2.0, 2.0, 3.0, 3.0, 2.0, 2.0, 3.0, 6.0, 3.0, 2.0, 6.0, 2.0, 4.0, 2.0, 4.0, 6.0, 2.0, 6.0, 6.0, 1.0, 2.0, 2.0, 6.0, 2.0, 6.0, 4.0, 2.0], [4.0, 5.0, 6.0, 2.0, 6.0, 6.0, 2.0, 2.0, 3.0, 6.0, 3.0, 6.0, 2.0, 4.0, 2.0, 2.0, 2.0, 3.0, 4.0, 2.0, 2.0, 6.0, 6.0, 3.0, 2.0, 6.0, 2.0, 4.0, 2.0, 4.0, 6.0, 2.0, 6.0, 6.0, 1.0, 2.0, 2.0, 4.0, 2.0, 6.0, 4.0, 2.0], [2.0, 3.0, 6.0, 2.0, 4.0, 6.0, 2.0, 2.0, 3.0, 6.0, 2.0, 6.0, 2.0, 4.0, 2.0, 2.0, 2.0, 3.0, 2.0, 2.0, 2.0, 3.0, 6.0, 3.0, 2.0, 6.0, 2.0, 3.0, 2.0, 4.0, 6.0, 2.0, 6.0, 6.0, 1.0, 2.0, 2.0, 6.0, 2.0, 6.0, 2.0, 2.0], [4.0, 4.0, 6.0, 2.0, 6.0, 6.0, 2.0, 2.0, 3.0, 6.0, 4.0, 6.0, 1.0, 4.0, 2.0, 2.0, 2.0, 3.0, 2.0, 2.0, 2.0, 6.0, 6.0, 4.0, 2.0, 6.0, 2.0, 4.0, 2.0, 4.0, 6.0, 2.0, 6.0, 6.0, 1.0, 2.0, 2.0, 4.0, 2.0, 6.0, 2.0, 2.0], [4.0, 3.0, 6.0, 2.0, 6.0, 4.0, 2.0, 2.0, 3.0, 6.0, 3.0, 6.0, 2.0, 6.0, 2.0, 2.0, 2.0, 3.0, 3.0, 2.0, 2.0, 3.0, 6.0, 4.0, 2.0, 6.0, 2.0, 4.0, 2.0, 4.0, 6.0, 2.0, 6.0, 6.0, 1.0, 2.0, 2.0, 4.0, 2.0, 6.0, 2.0, 2.0], [3.0, 4.0, 6.0, 2.0, 6.0, 6.0, 2.0, 2.0, 3.0, 6.0, 2.0, 6.0, 2.0, 4.0, 2.0, 2.0, 2.0, 3.0, 2.0, 2.0, 2.0, 6.0, 6.0, 2.0, 2.0, 6.0, 2.0, 4.0, 2.0, 4.0, 6.0, 2.0, 6.0, 6.0, 1.0, 2.0, 2.0, 4.0, 2.0, 6.0, 2.0, 2.0], [4.0, 3.0, 6.0, 2.0, 4.0, 6.0, 2.0, 2.0, 3.0, 4.0, 3.0, 6.0, 2.0, 4.0, 2.0, 2.0, 2.0, 3.0, 3.0, 2.0, 2.0, 3.0, 6.0, 4.0, 2.0, 6.0, 2.0, 2.0, 2.0, 4.0, 6.0, 2.0, 6.0, 6.0, 1.0, 2.0, 2.0, 6.0, 2.0, 6.0, 2.0, 2.0], [3.0, 3.0, 4.0, 2.0, 6.0, 6.0, 2.0, 2.0, 3.0, 6.0, 2.0, 6.0, 2.0, 4.0, 2.0, 2.0, 2.0, 3.0, 3.0, 2.0, 2.0, 6.0, 6.0, 2.0, 2.0, 6.0, 2.0, 4.0, 2.0, 4.0, 6.0, 2.0, 6.0, 6.0, 1.0, 2.0, 2.0, 6.0, 2.0, 6.0, 2.0, 2.0], [4.0, 3.0, 6.0, 2.0, 6.0, 6.0, 2.0, 2.0, 3.0, 6.0, 2.0, 4.0, 2.0, 4.0, 2.0, 2.0, 2.0, 2.0, 2.0, 2.0, 2.0, 6.0, 6.0, 4.0, 2.0, 6.0, 2.0, 4.0, 2.0, 4.0, 5.0, 2.0, 6.0, 6.0, 1.0, 2.0, 2.0, 6.0, 2.0, 6.0, 2.0, 2.0], [4.0, 4.0, 6.0, 2.0, 6.0, 3.0, 2.0, 2.0, 3.0, 6.0, 4.0, 6.0, 2.0, 4.0, 2.0, 2.0, 2.0, 4.0, 3.0, 2.0, 2.0, 6.0, 6.0, 2.0, 2.0, 6.0, 2.0, 4.0, 2.0, 4.0, 6.0, 2.0, 6.0, 6.0, 1.0, 2.0, 2.0, 6.0, 2.0, 6.0, 2.0, 2.0], [3.0, 4.0, 6.0, 2.0, 4.0, 6.0, 2.0, 2.0, 3.0, 6.0, 3.0, 6.0, 1.0, 4.0, 2.0, 2.0, 2.0, 3.0, 3.0, 2.0, 2.0, 3.0, 6.0, 4.0, 2.0, 6.0, 2.0, 4.0, 2.0, 4.0, 6.0, 2.0, 6.0, 6.0, 1.0, 2.0, 2.0, 4.0, 2.0, 6.0, 2.0, 2.0], [4.0, 3.0, 6.0, 2.0, 6.0, 4.0, 2.0, 2.0, 3.0, 6.0, 2.0, 6.0, 2.0, 4.0, 2.0, 2.0, 2.0, 3.0, 2.0, 2.0, 2.0, 6.0, 6.0, 2.0, 2.0, 6.0, 2.0, 4.0, 2.0, 4.0, 6.0, 2.0, 6.0, 6.0, 1.0, 2.0, 2.0, 4.0, 2.0, 4.0, 4.0, 2.0], [3.0, 3.0, 6.0, 2.0, 6.0, 4.0, 2.0, 2.0, 3.0, 6.0, 2.0, 6.0, 2.0, 6.0, 2.0, 2.0, 2.0, 3.0, 2.0, 2.0, 2.0, 3.0, 6.0, 4.0, 2.0, 6.0, 2.0, 4.0, 2.0, 4.0, 6.0, 2.0, 6.0, 6.0, 1.0, 2.0, 2.0, 6.0, 2.0, 6.0, 2.0, 2.0], [4.0, 3.0, 6.0, 2.0, 6.0, 4.0, 2.0, 2.0, 3.0, 6.0, 4.0, 6.0, 2.0, 4.0, 2.0, 2.0, 2.0, 3.0, 4.0, 2.0, 4.0, 3.0, 6.0, 4.0, 2.0, 6.0, 2.0, 4.0, 2.0, 4.0, 6.0, 2.0, 6.0, 6.0, 1.0, 2.0, 2.0, 4.0, 2.0, 6.0, 2.0, 2.0], [4.0, 3.0, 6.0, 2.0, 6.0, 6.0, 2.0, 2.0, 3.0, 6.0, 4.0, 6.0, 2.0, 4.0, 2.0, 2.0, 2.0, 3.0, 2.0, 2.0, 2.0, 3.0, 6.0, 4.0, 2.0, 6.0, 2.0, 4.0, 2.0, 4.0, 6.0, 2.0, 6.0, 6.0, 1.0, 2.0, 2.0, 6.0, 2.0, 6.0, 2.0, 2.0], [4.0, 3.0, 6.0, 2.0, 4.0, 6.0, 2.0, 2.0, 3.0, 6.0, 4.0, 6.0, 2.0, 6.0, 2.0, 2.0, 2.0, 3.0, 3.0, 2.0, 2.0, 3.0, 6.0, 2.0, 2.0, 6.0, 2.0, 4.0, 2.0, 4.0, 6.0, 2.0, 6.0, 6.0, 1.0, 2.0, 2.0, 6.0, 2.0, 6.0, 2.0, 2.0]]

first layer check: Conv2d(6, 64, kernel_size=(7, 7), stride=(2, 2), padding=(3, 3), bias=False)

for model 3: mode acc: 0.6190476417541504, run mean acc: 0.6162499785423279, top-2 acc:0.7983332872390747, mode f1: 0.6190476417541504

model 3 mode preds
[3.0, 3.0, 6.0, 2.0, 5.0, 3.0, 2.0, 2.0, 2.0, 5.0, 2.0, 6.0, 2.0, 5.0, 2.0, 2.0, 2.0, 3.0, 2.0, 2.0, 2.0, 6.0, 6.0, 2.0, 2.0, 6.0, 2.0, 3.0, 2.0, 6.0, 5.0, 2.0, 6.0, 6.0, 1.0, 2.0, 2.0, 6.0, 2.0, 6.0, 2.0, 2.0]

model 3 all preds
[[3.0, 3.0, 6.0, 2.0, 5.0, 5.0, 2.0, 2.0, 2.0, 5.0, 2.0, 6.0, 2.0, 5.0, 2.0, 2.0, 2.0, 3.0, 2.0, 2.0, 3.0, 6.0, 6.0, 2.0, 2.0, 6.0, 2.0, 3.0, 2.0, 3.0, 5.0, 2.0, 6.0, 6.0, 1.0, 2.0, 2.0, 5.0, 2.0, 6.0, 2.0, 2.0], [3.0, 3.0, 6.0, 2.0, 6.0, 5.0, 2.0, 2.0, 3.0, 3.0, 3.0, 6.0, 2.0, 5.0, 2.0, 2.0, 2.0, 3.0, 2.0, 2.0, 2.0, 6.0, 6.0, 2.0, 2.0, 6.0, 2.0, 3.0, 2.0, 5.0, 6.0, 2.0, 6.0, 6.0, 1.0, 2.0, 2.0, 6.0, 2.0, 5.0, 2.0, 2.0], [2.0, 3.0, 6.0, 2.0, 6.0, 6.0, 2.0, 2.0, 2.0, 3.0, 2.0, 6.0, 2.0, 5.0, 2.0, 2.0, 2.0, 2.0, 2.0, 2.0, 2.0, 6.0, 6.0, 3.0, 2.0, 6.0, 2.0, 2.0, 2.0, 3.0, 6.0, 2.0, 6.0, 6.0, 1.0, 2.0, 2.0, 6.0, 2.0, 5.0, 2.0, 2.0], [3.0, 3.0, 6.0, 2.0, 5.0, 5.0, 2.0, 2.0, 2.0, 5.0, 3.0, 6.0, 1.0, 5.0, 2.0, 2.0, 2.0, 3.0, 3.0, 2.0, 2.0, 6.0, 6.0, 3.0, 2.0, 6.0, 3.0, 3.0, 2.0, 6.0, 5.0, 2.0, 6.0, 6.0, 1.0, 2.0, 2.0, 6.0, 2.0, 6.0, 2.0, 2.0], [3.0, 3.0, 6.0, 2.0, 3.0, 6.0, 2.0, 2.0, 2.0, 5.0, 2.0, 6.0, 2.0, 5.0, 2.0, 2.0, 2.0, 3.0, 3.0, 2.0, 2.0, 6.0, 6.0, 2.0, 2.0, 6.0, 2.0, 3.0, 1.0, 5.0, 3.0, 2.0, 6.0, 6.0, 1.0, 2.0, 2.0, 6.0, 2.0, 6.0, 2.0, 2.0], [3.0, 3.0, 6.0, 2.0, 5.0, 3.0, 2.0, 2.0, 2.0, 5.0, 3.0, 6.0, 1.0, 5.0, 2.0, 2.0, 2.0, 3.0, 3.0, 2.0, 2.0, 6.0, 6.0, 4.0, 2.0, 6.0, 2.0, 2.0, 2.0, 3.0, 6.0, 2.0, 6.0, 6.0, 1.0, 2.0, 2.0, 6.0, 2.0, 6.0, 2.0, 2.0], [3.0, 3.0, 5.0, 2.0, 6.0, 2.0, 2.0, 2.0, 3.0, 6.0, 3.0, 6.0, 2.0, 5.0, 2.0, 2.0, 2.0, 3.0, 2.0, 2.0, 2.0, 6.0, 6.0, 2.0, 2.0, 6.0, 2.0, 3.0, 2.0, 4.0, 6.0, 2.0, 6.0, 6.0, 1.0, 2.0, 2.0, 4.0, 2.0, 6.0, 2.0, 2.0], [3.0, 3.0, 6.0, 2.0, 5.0, 3.0, 2.0, 2.0, 2.0, 5.0, 2.0, 6.0, 1.0, 3.0, 2.0, 2.0, 2.0, 3.0, 2.0, 2.0, 3.0, 6.0, 6.0, 3.0, 2.0, 6.0, 2.0, 3.0, 2.0, 4.0, 5.0, 2.0, 6.0, 6.0, 1.0, 2.0, 2.0, 5.0, 2.0, 6.0, 2.0, 2.0], [3.0, 2.0, 5.0, 2.0, 3.0, 2.0, 2.0, 2.0, 3.0, 3.0, 2.0, 6.0, 2.0, 5.0, 2.0, 2.0, 3.0, 3.0, 2.0, 2.0, 2.0, 6.0, 6.0, 3.0, 2.0, 6.0, 2.0, 2.0, 2.0, 6.0, 6.0, 2.0, 6.0, 6.0, 1.0, 2.0, 2.0, 5.0, 2.0, 5.0, 2.0, 2.0], [3.0, 3.0, 6.0, 2.0, 6.0, 5.0, 2.0, 2.0, 2.0, 3.0, 3.0, 6.0, 2.0, 5.0, 2.0, 2.0, 2.0, 3.0, 2.0, 2.0, 2.0, 6.0, 6.0, 3.0, 2.0, 6.0, 3.0, 3.0, 2.0, 3.0, 6.0, 2.0, 6.0, 6.0, 1.0, 2.0, 2.0, 6.0, 2.0, 3.0, 2.0, 2.0], [3.0, 3.0, 5.0, 2.0, 2.0, 3.0, 2.0, 2.0, 2.0, 6.0, 2.0, 6.0, 1.0, 5.0, 2.0, 2.0, 2.0, 3.0, 2.0, 2.0, 2.0, 6.0, 6.0, 2.0, 2.0, 6.0, 2.0, 3.0, 2.0, 3.0, 6.0, 2.0, 6.0, 6.0, 1.0, 2.0, 2.0, 5.0, 2.0, 6.0, 2.0, 2.0], [3.0, 3.0, 5.0, 2.0, 5.0, 3.0, 2.0, 2.0, 3.0, 5.0, 2.0, 6.0, 2.0, 5.0, 2.0, 2.0, 3.0, 3.0, 2.0, 2.0, 2.0, 5.0, 6.0, 2.0, 2.0, 6.0, 2.0, 2.0, 2.0, 4.0, 3.0, 2.0, 4.0, 6.0, 1.0, 2.0, 2.0, 6.0, 2.0, 6.0, 2.0, 2.0], [3.0, 3.0, 6.0, 2.0, 3.0, 5.0, 2.0, 2.0, 2.0, 5.0, 2.0, 6.0, 2.0, 5.0, 2.0, 2.0, 2.0, 3.0, 3.0, 2.0, 2.0, 6.0, 6.0, 2.0, 2.0, 6.0, 2.0, 3.0, 2.0, 4.0, 6.0, 2.0, 6.0, 6.0, 1.0, 2.0, 2.0, 3.0, 2.0, 6.0, 2.0, 2.0], [3.0, 3.0, 6.0, 2.0, 5.0, 6.0, 2.0, 2.0, 3.0, 3.0, 2.0, 6.0, 2.0, 5.0, 2.0, 2.0, 2.0, 3.0, 3.0, 2.0, 2.0, 6.0, 6.0, 3.0, 2.0, 6.0, 2.0, 3.0, 2.0, 4.0, 5.0, 2.0, 6.0, 6.0, 1.0, 2.0, 2.0, 4.0, 2.0, 6.0, 2.0, 2.0], [3.0, 3.0, 6.0, 2.0, 6.0, 6.0, 2.0, 2.0, 2.0, 5.0, 2.0, 6.0, 2.0, 3.0, 2.0, 2.0, 2.0, 3.0, 3.0, 2.0, 2.0, 6.0, 6.0, 3.0, 2.0, 6.0, 2.0, 3.0, 2.0, 3.0, 5.0, 2.0, 6.0, 6.0, 1.0, 2.0, 2.0, 6.0, 2.0, 5.0, 2.0, 2.0], [3.0, 3.0, 5.0, 2.0, 5.0, 5.0, 2.0, 2.0, 3.0, 6.0, 2.0, 6.0, 2.0, 3.0, 2.0, 2.0, 2.0, 3.0, 2.0, 2.0, 2.0, 5.0, 6.0, 2.0, 2.0, 6.0, 2.0, 2.0, 2.0, 6.0, 6.0, 2.0, 6.0, 6.0, 1.0, 2.0, 2.0, 6.0, 2.0, 5.0, 2.0, 2.0], [3.0, 3.0, 6.0, 2.0, 5.0, 2.0, 2.0, 2.0, 3.0, 6.0, 3.0, 6.0, 2.0, 5.0, 2.0, 2.0, 2.0, 3.0, 2.0, 2.0, 2.0, 6.0, 6.0, 2.0, 2.0, 6.0, 2.0, 3.0, 2.0, 5.0, 5.0, 2.0, 6.0, 6.0, 1.0, 2.0, 3.0, 3.0, 2.0, 6.0, 2.0, 2.0], [3.0, 2.0, 6.0, 2.0, 2.0, 4.0, 2.0, 2.0, 3.0, 5.0, 2.0, 6.0, 1.0, 3.0, 2.0, 2.0, 2.0, 3.0, 2.0, 2.0, 3.0, 6.0, 6.0, 2.0, 2.0, 6.0, 2.0, 3.0, 2.0, 3.0, 5.0, 2.0, 6.0, 6.0, 1.0, 2.0, 2.0, 5.0, 2.0, 5.0, 2.0, 2.0], [3.0, 3.0, 6.0, 2.0, 3.0, 3.0, 2.0, 2.0, 3.0, 6.0, 3.0, 6.0, 2.0, 5.0, 2.0, 2.0, 2.0, 3.0, 2.0, 2.0, 2.0, 6.0, 6.0, 3.0, 2.0, 6.0, 2.0, 3.0, 2.0, 6.0, 6.0, 2.0, 6.0, 6.0, 1.0, 2.0, 2.0, 5.0, 2.0, 5.0, 2.0, 2.0], [3.0, 3.0, 6.0, 2.0, 5.0, 2.0, 2.0, 2.0, 3.0, 3.0, 2.0, 6.0, 2.0, 5.0, 2.0, 2.0, 2.0, 3.0, 2.0, 2.0, 2.0, 6.0, 6.0, 2.0, 2.0, 6.0, 2.0, 3.0, 2.0, 4.0, 3.0, 2.0, 6.0, 6.0, 1.0, 2.0, 2.0, 5.0, 2.0, 6.0, 2.0, 2.0], [3.0, 3.0, 6.0, 2.0, 3.0, 4.0, 2.0, 2.0, 3.0, 5.0, 3.0, 6.0, 2.0, 5.0, 2.0, 2.0, 2.0, 3.0, 2.0, 2.0, 2.0, 6.0, 6.0, 2.0, 2.0, 6.0, 2.0, 2.0, 2.0, 6.0, 6.0, 2.0, 6.0, 6.0, 1.0, 2.0, 2.0, 5.0, 2.0, 6.0, 2.0, 2.0], [3.0, 3.0, 6.0, 2.0, 5.0, 5.0, 2.0, 2.0, 2.0, 3.0, 2.0, 6.0, 1.0, 5.0, 2.0, 2.0, 2.0, 3.0, 3.0, 2.0, 2.0, 6.0, 6.0, 2.0, 2.0, 6.0, 2.0, 2.0, 2.0, 6.0, 5.0, 2.0, 6.0, 6.0, 1.0, 2.0, 2.0, 5.0, 2.0, 3.0, 2.0, 2.0], [3.0, 2.0, 6.0, 2.0, 5.0, 5.0, 2.0, 2.0, 3.0, 5.0, 2.0, 6.0, 2.0, 5.0, 2.0, 2.0, 2.0, 3.0, 3.0, 2.0, 2.0, 6.0, 3.0, 3.0, 2.0, 6.0, 3.0, 3.0, 2.0, 4.0, 6.0, 2.0, 6.0, 6.0, 1.0, 2.0, 2.0, 6.0, 2.0, 6.0, 2.0, 2.0], [3.0, 3.0, 6.0, 2.0, 2.0, 3.0, 2.0, 2.0, 2.0, 6.0, 2.0, 6.0, 2.0, 3.0, 2.0, 2.0, 3.0, 2.0, 3.0, 2.0, 2.0, 6.0, 5.0, 4.0, 2.0, 6.0, 2.0, 3.0, 2.0, 6.0, 5.0, 2.0, 6.0, 6.0, 1.0, 2.0, 2.0, 6.0, 2.0, 6.0, 2.0, 2.0], [3.0, 3.0, 6.0, 2.0, 5.0, 5.0, 2.0, 2.0, 2.0, 3.0, 2.0, 5.0, 2.0, 5.0, 2.0, 2.0, 2.0, 3.0, 2.0, 2.0, 2.0, 6.0, 6.0, 3.0, 2.0, 6.0, 2.0, 3.0, 2.0, 6.0, 5.0, 2.0, 6.0, 6.0, 1.0, 2.0, 2.0, 5.0, 2.0, 6.0, 3.0, 2.0], [3.0, 3.0, 6.0, 2.0, 5.0, 4.0, 2.0, 2.0, 2.0, 6.0, 3.0, 6.0, 2.0, 5.0, 2.0, 2.0, 2.0, 3.0, 2.0, 2.0, 2.0, 6.0, 6.0, 3.0, 2.0, 6.0, 3.0, 3.0, 2.0, 3.0, 5.0, 2.0, 6.0, 6.0, 1.0, 2.0, 2.0, 5.0, 2.0, 6.0, 2.0, 2.0], [3.0, 3.0, 6.0, 2.0, 5.0, 2.0, 2.0, 2.0, 3.0, 3.0, 3.0, 6.0, 2.0, 5.0, 2.0, 2.0, 2.0, 3.0, 3.0, 2.0, 2.0, 6.0, 6.0, 2.0, 2.0, 6.0, 3.0, 2.0, 2.0, 6.0, 3.0, 2.0, 6.0, 6.0, 1.0, 2.0, 2.0, 3.0, 2.0, 5.0, 2.0, 2.0], [3.0, 3.0, 5.0, 2.0, 5.0, 6.0, 2.0, 2.0, 2.0, 5.0, 2.0, 6.0, 1.0, 5.0, 2.0, 2.0, 2.0, 2.0, 3.0, 2.0, 2.0, 6.0, 6.0, 3.0, 2.0, 6.0, 2.0, 2.0, 2.0, 6.0, 6.0, 2.0, 6.0, 6.0, 1.0, 2.0, 2.0, 6.0, 2.0, 6.0, 3.0, 2.0], [3.0, 3.0, 5.0, 2.0, 6.0, 3.0, 2.0, 2.0, 3.0, 5.0, 2.0, 6.0, 2.0, 3.0, 2.0, 2.0, 2.0, 2.0, 3.0, 2.0, 2.0, 6.0, 6.0, 2.0, 2.0, 6.0, 3.0, 2.0, 2.0, 4.0, 5.0, 2.0, 6.0, 6.0, 1.0, 2.0, 2.0, 6.0, 2.0, 6.0, 2.0, 2.0], [2.0, 3.0, 6.0, 2.0, 5.0, 3.0, 2.0, 2.0, 3.0, 3.0, 3.0, 6.0, 2.0, 5.0, 2.0, 2.0, 2.0, 3.0, 2.0, 2.0, 2.0, 6.0, 6.0, 3.0, 2.0, 6.0, 2.0, 2.0, 2.0, 6.0, 5.0, 2.0, 6.0, 6.0, 1.0, 2.0, 2.0, 3.0, 2.0, 6.0, 2.0, 2.0], [3.0, 3.0, 5.0, 2.0, 5.0, 3.0, 2.0, 2.0, 3.0, 6.0, 2.0, 6.0, 2.0, 5.0, 2.0, 2.0, 3.0, 3.0, 2.0, 2.0, 2.0, 6.0, 6.0, 2.0, 2.0, 6.0, 3.0, 2.0, 2.0, 4.0, 5.0, 2.0, 6.0, 6.0, 1.0, 2.0, 2.0, 6.0, 2.0, 6.0, 2.0, 2.0], [3.0, 2.0, 6.0, 2.0, 6.0, 2.0, 2.0, 2.0, 3.0, 3.0, 3.0, 6.0, 2.0, 5.0, 2.0, 2.0, 2.0, 3.0, 2.0, 2.0, 2.0, 6.0, 6.0, 3.0, 2.0, 6.0, 3.0, 3.0, 2.0, 6.0, 5.0, 2.0, 6.0, 6.0, 1.0, 2.0, 2.0, 5.0, 2.0, 6.0, 2.0, 2.0], [4.0, 2.0, 6.0, 2.0, 5.0, 6.0, 2.0, 2.0, 2.0, 5.0, 3.0, 6.0, 2.0, 5.0, 2.0, 2.0, 2.0, 3.0, 3.0, 2.0, 2.0, 6.0, 6.0, 3.0, 2.0, 6.0, 2.0, 3.0, 2.0, 4.0, 6.0, 2.0, 6.0, 6.0, 1.0, 2.0, 2.0, 6.0, 2.0, 6.0, 2.0, 2.0], [3.0, 3.0, 6.0, 2.0, 5.0, 3.0, 2.0, 2.0, 2.0, 5.0, 2.0, 6.0, 1.0, 5.0, 2.0, 2.0, 2.0, 3.0, 2.0, 2.0, 2.0, 5.0, 6.0, 3.0, 2.0, 6.0, 2.0, 2.0, 2.0, 6.0, 3.0, 2.0, 6.0, 6.0, 1.0, 2.0, 2.0, 6.0, 2.0, 6.0, 3.0, 2.0], [3.0, 3.0, 6.0, 2.0, 3.0, 3.0, 2.0, 2.0, 2.0, 5.0, 2.0, 6.0, 2.0, 3.0, 2.0, 2.0, 2.0, 3.0, 2.0, 2.0, 2.0, 6.0, 6.0, 2.0, 2.0, 6.0, 2.0, 2.0, 2.0, 3.0, 3.0, 2.0, 6.0, 6.0, 1.0, 2.0, 2.0, 5.0, 2.0, 6.0, 2.0, 2.0], [2.0, 3.0, 6.0, 2.0, 5.0, 5.0, 2.0, 2.0, 3.0, 6.0, 2.0, 6.0, 1.0, 5.0, 2.0, 2.0, 3.0, 3.0, 3.0, 2.0, 2.0, 6.0, 6.0, 3.0, 2.0, 6.0, 2.0, 3.0, 2.0, 4.0, 5.0, 2.0, 6.0, 6.0, 1.0, 2.0, 2.0, 6.0, 2.0, 6.0, 2.0, 2.0], [3.0, 3.0, 5.0, 2.0, 6.0, 5.0, 2.0, 2.0, 3.0, 5.0, 2.0, 6.0, 2.0, 5.0, 2.0, 2.0, 2.0, 3.0, 3.0, 2.0, 2.0, 6.0, 6.0, 3.0, 2.0, 6.0, 2.0, 3.0, 2.0, 5.0, 6.0, 2.0, 6.0, 6.0, 1.0, 2.0, 2.0, 5.0, 2.0, 5.0, 2.0, 2.0], [3.0, 3.0, 5.0, 2.0, 5.0, 3.0, 2.0, 2.0, 3.0, 6.0, 2.0, 6.0, 2.0, 5.0, 2.0, 2.0, 2.0, 3.0, 2.0, 2.0, 3.0, 5.0, 6.0, 3.0, 2.0, 6.0, 2.0, 2.0, 2.0, 5.0, 6.0, 2.0, 6.0, 6.0, 1.0, 2.0, 2.0, 6.0, 2.0, 6.0, 2.0, 2.0], [3.0, 2.0, 6.0, 2.0, 5.0, 2.0, 2.0, 2.0, 3.0, 6.0, 3.0, 6.0, 2.0, 5.0, 2.0, 2.0, 2.0, 3.0, 3.0, 2.0, 2.0, 6.0, 6.0, 2.0, 2.0, 6.0, 2.0, 2.0, 2.0, 6.0, 5.0, 2.0, 6.0, 6.0, 1.0, 2.0, 2.0, 6.0, 2.0, 6.0, 2.0, 2.0], [3.0, 3.0, 6.0, 2.0, 6.0, 6.0, 2.0, 2.0, 2.0, 5.0, 3.0, 6.0, 2.0, 5.0, 2.0, 2.0, 3.0, 3.0, 3.0, 2.0, 2.0, 5.0, 6.0, 3.0, 2.0, 6.0, 2.0, 2.0, 2.0, 4.0, 5.0, 2.0, 6.0, 6.0, 1.0, 2.0, 3.0, 4.0, 2.0, 6.0, 2.0, 2.0], [2.0, 3.0, 6.0, 2.0, 5.0, 2.0, 2.0, 2.0, 2.0, 6.0, 2.0, 6.0, 2.0, 3.0, 2.0, 2.0, 2.0, 3.0, 2.0, 2.0, 3.0, 6.0, 6.0, 2.0, 2.0, 6.0, 2.0, 3.0, 2.0, 3.0, 5.0, 2.0, 6.0, 6.0, 1.0, 2.0, 2.0, 4.0, 2.0, 6.0, 2.0, 2.0], [3.0, 3.0, 6.0, 2.0, 5.0, 3.0, 2.0, 2.0, 2.0, 5.0, 3.0, 4.0, 1.0, 5.0, 2.0, 2.0, 2.0, 3.0, 3.0, 2.0, 2.0, 6.0, 6.0, 3.0, 2.0, 6.0, 2.0, 3.0, 1.0, 4.0, 3.0, 2.0, 6.0, 6.0, 1.0, 2.0, 2.0, 5.0, 2.0, 6.0, 2.0, 2.0], [2.0, 3.0, 6.0, 2.0, 6.0, 2.0, 2.0, 2.0, 2.0, 3.0, 2.0, 6.0, 1.0, 5.0, 2.0, 2.0, 2.0, 3.0, 2.0, 2.0, 2.0, 5.0, 6.0, 2.0, 2.0, 6.0, 2.0, 3.0, 2.0, 4.0, 6.0, 2.0, 6.0, 6.0, 1.0, 2.0, 2.0, 6.0, 2.0, 5.0, 2.0, 2.0], [3.0, 3.0, 5.0, 2.0, 5.0, 2.0, 2.0, 2.0, 3.0, 6.0, 3.0, 6.0, 1.0, 5.0, 2.0, 2.0, 2.0, 3.0, 3.0, 2.0, 2.0, 6.0, 6.0, 2.0, 2.0, 6.0, 2.0, 3.0, 2.0, 6.0, 6.0, 2.0, 6.0, 6.0, 1.0, 2.0, 2.0, 5.0, 2.0, 6.0, 2.0, 2.0], [3.0, 3.0, 5.0, 2.0, 5.0, 2.0, 2.0, 2.0, 2.0, 6.0, 2.0, 6.0, 2.0, 3.0, 2.0, 2.0, 3.0, 3.0, 3.0, 2.0, 2.0, 6.0, 6.0, 3.0, 2.0, 6.0, 2.0, 3.0, 2.0, 6.0, 6.0, 2.0, 6.0, 6.0, 1.0, 2.0, 2.0, 6.0, 2.0, 6.0, 2.0, 2.0], [3.0, 5.0, 6.0, 2.0, 5.0, 5.0, 2.0, 2.0, 2.0, 6.0, 2.0, 6.0, 2.0, 5.0, 2.0, 2.0, 2.0, 3.0, 2.0, 2.0, 2.0, 6.0, 6.0, 2.0, 2.0, 6.0, 2.0, 3.0, 2.0, 6.0, 5.0, 2.0, 6.0, 6.0, 1.0, 2.0, 2.0, 6.0, 2.0, 6.0, 2.0, 2.0], [3.0, 3.0, 6.0, 2.0, 6.0, 3.0, 2.0, 2.0, 2.0, 5.0, 2.0, 6.0, 2.0, 5.0, 2.0, 2.0, 2.0, 3.0, 2.0, 2.0, 2.0, 6.0, 6.0, 2.0, 2.0, 6.0, 2.0, 3.0, 2.0, 5.0, 5.0, 2.0, 6.0, 6.0, 1.0, 2.0, 2.0, 6.0, 2.0, 3.0, 2.0, 2.0], [3.0, 3.0, 6.0, 2.0, 5.0, 2.0, 2.0, 2.0, 3.0, 6.0, 3.0, 6.0, 2.0, 5.0, 2.0, 2.0, 2.0, 3.0, 2.0, 2.0, 3.0, 6.0, 5.0, 3.0, 2.0, 6.0, 2.0, 3.0, 2.0, 6.0, 5.0, 2.0, 6.0, 6.0, 1.0, 2.0, 2.0, 5.0, 2.0, 6.0, 2.0, 2.0], [3.0, 3.0, 5.0, 2.0, 5.0, 3.0, 2.0, 2.0, 3.0, 5.0, 3.0, 6.0, 1.0, 5.0, 2.0, 2.0, 2.0, 3.0, 3.0, 2.0, 2.0, 6.0, 6.0, 4.0, 2.0, 6.0, 2.0, 3.0, 2.0, 6.0, 5.0, 2.0, 6.0, 6.0, 1.0, 2.0, 2.0, 6.0, 2.0, 5.0, 2.0, 2.0], [3.0, 3.0, 5.0, 2.0, 5.0, 3.0, 2.0, 2.0, 2.0, 6.0, 2.0, 6.0, 2.0, 6.0, 2.0, 2.0, 3.0, 3.0, 3.0, 2.0, 2.0, 6.0, 6.0, 2.0, 2.0, 6.0, 2.0, 3.0, 2.0, 5.0, 3.0, 2.0, 6.0, 6.0, 1.0, 2.0, 2.0, 6.0, 2.0, 6.0, 2.0, 2.0]]

first layer check: Conv2d(6, 64, kernel_size=(7, 7), stride=(2, 2), padding=(3, 3), bias=False)

for model 4: mode acc: 0.6190476417541504, run mean acc: 0.5754166841506958, top-2 acc:0.7491666674613953, mode f1: 0.6190476417541504

model 4 mode preds
[3.0, 3.0, 6.0, 2.0, 5.0, 3.0, 2.0, 2.0, 3.0, 5.0, 2.0, 6.0, 2.0, 4.0, 2.0, 2.0, 2.0, 2.0, 2.0, 2.0, 2.0, 6.0, 6.0, 2.0, 2.0, 6.0, 2.0, 2.0, 2.0, 4.0, 5.0, 2.0, 6.0, 6.0, 1.0, 2.0, 2.0, 4.0, 2.0, 5.0, 2.0, 2.0]

model 4 all preds
[[3.0, 5.0, 4.0, 2.0, 5.0, 4.0, 2.0, 2.0, 3.0, 3.0, 2.0, 6.0, 2.0, 5.0, 2.0, 2.0, 2.0, 2.0, 2.0, 2.0, 2.0, 6.0, 6.0, 3.0, 2.0, 6.0, 2.0, 2.0, 2.0, 4.0, 5.0, 1.0, 6.0, 5.0, 2.0, 2.0, 2.0, 5.0, 2.0, 6.0, 2.0, 2.0], [3.0, 4.0, 6.0, 2.0, 6.0, 3.0, 2.0, 2.0, 3.0, 5.0, 4.0, 4.0, 2.0, 4.0, 2.0, 2.0, 2.0, 2.0, 2.0, 2.0, 2.0, 6.0, 6.0, 2.0, 2.0, 6.0, 2.0, 2.0, 1.0, 4.0, 5.0, 2.0, 6.0, 5.0, 1.0, 2.0, 2.0, 5.0, 2.0, 5.0, 2.0, 2.0], [3.0, 4.0, 6.0, 2.0, 6.0, 5.0, 2.0, 1.0, 3.0, 5.0, 2.0, 6.0, 2.0, 5.0, 2.0, 2.0, 2.0, 2.0, 2.0, 2.0, 2.0, 6.0, 6.0, 3.0, 2.0, 6.0, 2.0, 2.0, 2.0, 3.0, 6.0, 1.0, 6.0, 5.0, 1.0, 2.0, 2.0, 5.0, 2.0, 5.0, 2.0, 2.0], [3.0, 5.0, 6.0, 2.0, 4.0, 3.0, 2.0, 2.0, 2.0, 6.0, 2.0, 6.0, 2.0, 5.0, 2.0, 2.0, 2.0, 2.0, 3.0, 2.0, 2.0, 6.0, 6.0, 2.0, 2.0, 6.0, 2.0, 4.0, 2.0, 4.0, 6.0, 2.0, 6.0, 6.0, 1.0, 2.0, 2.0, 4.0, 2.0, 6.0, 2.0, 2.0], [3.0, 4.0, 6.0, 2.0, 4.0, 3.0, 2.0, 2.0, 3.0, 5.0, 2.0, 6.0, 2.0, 5.0, 2.0, 2.0, 2.0, 3.0, 2.0, 2.0, 2.0, 6.0, 6.0, 3.0, 2.0, 6.0, 2.0, 4.0, 2.0, 4.0, 5.0, 2.0, 6.0, 6.0, 1.0, 2.0, 2.0, 5.0, 2.0, 6.0, 2.0, 2.0], [4.0, 4.0, 4.0, 2.0, 6.0, 3.0, 2.0, 2.0, 3.0, 5.0, 2.0, 4.0, 2.0, 4.0, 2.0, 2.0, 2.0, 3.0, 3.0, 2.0, 2.0, 6.0, 6.0, 2.0, 2.0, 6.0, 2.0, 2.0, 1.0, 4.0, 5.0, 2.0, 6.0, 6.0, 1.0, 2.0, 2.0, 4.0, 2.0, 5.0, 2.0, 2.0], [3.0, 3.0, 6.0, 2.0, 5.0, 4.0, 2.0, 1.0, 3.0, 5.0, 3.0, 6.0, 2.0, 4.0, 2.0, 2.0, 2.0, 2.0, 2.0, 2.0, 2.0, 6.0, 6.0, 2.0, 2.0, 6.0, 2.0, 3.0, 2.0, 4.0, 6.0, 1.0, 6.0, 6.0, 1.0, 2.0, 2.0, 4.0, 2.0, 6.0, 2.0, 2.0], [3.0, 5.0, 6.0, 2.0, 5.0, 5.0, 2.0, 2.0, 3.0, 6.0, 3.0, 6.0, 2.0, 4.0, 2.0, 2.0, 2.0, 4.0, 2.0, 2.0, 2.0, 6.0, 6.0, 2.0, 2.0, 6.0, 2.0, 2.0, 2.0, 4.0, 5.0, 2.0, 4.0, 6.0, 1.0, 2.0, 2.0, 5.0, 2.0, 6.0, 2.0, 2.0], [3.0, 3.0, 5.0, 2.0, 5.0, 5.0, 2.0, 2.0, 3.0, 5.0, 2.0, 5.0, 2.0, 5.0, 2.0, 2.0, 2.0, 2.0, 3.0, 2.0, 2.0, 6.0, 6.0, 2.0, 2.0, 6.0, 2.0, 2.0, 2.0, 4.0, 6.0, 2.0, 5.0, 5.0, 1.0, 2.0, 2.0, 5.0, 2.0, 6.0, 2.0, 2.0], [2.0, 5.0, 4.0, 2.0, 2.0, 3.0, 2.0, 2.0, 3.0, 5.0, 3.0, 6.0, 2.0, 4.0, 2.0, 2.0, 2.0, 3.0, 2.0, 2.0, 2.0, 6.0, 6.0, 2.0, 2.0, 6.0, 2.0, 2.0, 2.0, 4.0, 4.0, 2.0, 6.0, 6.0, 1.0, 2.0, 2.0, 5.0, 2.0, 5.0, 2.0, 2.0], [3.0, 5.0, 6.0, 2.0, 4.0, 3.0, 2.0, 2.0, 3.0, 4.0, 2.0, 6.0, 2.0, 5.0, 2.0, 2.0, 2.0, 3.0, 3.0, 2.0, 2.0, 6.0, 6.0, 2.0, 2.0, 6.0, 2.0, 2.0, 2.0, 4.0, 5.0, 2.0, 4.0, 6.0, 2.0, 2.0, 2.0, 5.0, 2.0, 6.0, 2.0, 2.0], [4.0, 4.0, 5.0, 2.0, 5.0, 6.0, 2.0, 2.0, 3.0, 5.0, 3.0, 5.0, 1.0, 4.0, 2.0, 2.0, 2.0, 2.0, 2.0, 2.0, 2.0, 6.0, 6.0, 2.0, 2.0, 6.0, 2.0, 2.0, 1.0, 4.0, 4.0, 2.0, 6.0, 6.0, 1.0, 2.0, 2.0, 4.0, 2.0, 5.0, 2.0, 2.0], [3.0, 4.0, 4.0, 2.0, 6.0, 5.0, 2.0, 2.0, 3.0, 5.0, 2.0, 6.0, 2.0, 5.0, 2.0, 2.0, 2.0, 4.0, 2.0, 2.0, 2.0, 6.0, 6.0, 2.0, 2.0, 6.0, 2.0, 2.0, 2.0, 4.0, 6.0, 2.0, 5.0, 6.0, 1.0, 2.0, 2.0, 5.0, 2.0, 5.0, 2.0, 2.0], [3.0, 3.0, 5.0, 2.0, 4.0, 2.0, 2.0, 2.0, 3.0, 5.0, 3.0, 5.0, 2.0, 5.0, 2.0, 2.0, 2.0, 2.0, 2.0, 2.0, 2.0, 6.0, 5.0, 2.0, 2.0, 6.0, 2.0, 4.0, 1.0, 4.0, 6.0, 1.0, 6.0, 6.0, 1.0, 2.0, 2.0, 5.0, 2.0, 4.0, 2.0, 2.0], [3.0, 3.0, 6.0, 2.0, 4.0, 5.0, 2.0, 2.0, 3.0, 3.0, 2.0, 6.0, 2.0, 3.0, 2.0, 2.0, 2.0, 2.0, 2.0, 2.0, 2.0, 6.0, 6.0, 2.0, 2.0, 6.0, 2.0, 2.0, 2.0, 4.0, 5.0, 2.0, 6.0, 6.0, 2.0, 2.0, 2.0, 4.0, 2.0, 5.0, 2.0, 2.0], [3.0, 3.0, 4.0, 2.0, 4.0, 6.0, 2.0, 2.0, 3.0, 5.0, 2.0, 6.0, 2.0, 3.0, 2.0, 2.0, 2.0, 2.0, 2.0, 2.0, 2.0, 6.0, 6.0, 2.0, 2.0, 6.0, 2.0, 2.0, 2.0, 4.0, 5.0, 1.0, 6.0, 6.0, 2.0, 2.0, 2.0, 5.0, 2.0, 6.0, 2.0, 2.0], [3.0, 3.0, 6.0, 2.0, 5.0, 3.0, 2.0, 2.0, 3.0, 3.0, 4.0, 6.0, 2.0, 5.0, 2.0, 2.0, 2.0, 2.0, 3.0, 2.0, 2.0, 6.0, 4.0, 2.0, 2.0, 6.0, 2.0, 2.0, 1.0, 4.0, 4.0, 2.0, 6.0, 6.0, 1.0, 2.0, 2.0, 4.0, 2.0, 5.0, 2.0, 2.0], [2.0, 3.0, 4.0, 2.0, 6.0, 5.0, 2.0, 2.0, 3.0, 5.0, 2.0, 6.0, 2.0, 4.0, 2.0, 2.0, 2.0, 2.0, 2.0, 2.0, 2.0, 6.0, 5.0, 3.0, 2.0, 6.0, 2.0, 4.0, 2.0, 4.0, 4.0, 2.0, 6.0, 6.0, 1.0, 2.0, 2.0, 5.0, 2.0, 5.0, 2.0, 2.0], [4.0, 3.0, 5.0, 2.0, 4.0, 5.0, 2.0, 2.0, 3.0, 5.0, 2.0, 5.0, 2.0, 4.0, 2.0, 2.0, 2.0, 2.0, 2.0, 2.0, 2.0, 6.0, 6.0, 3.0, 2.0, 6.0, 2.0, 2.0, 2.0, 4.0, 6.0, 2.0, 4.0, 6.0, 1.0, 2.0, 2.0, 4.0, 2.0, 5.0, 2.0, 2.0], [3.0, 3.0, 4.0, 2.0, 4.0, 5.0, 2.0, 2.0, 3.0, 5.0, 3.0, 6.0, 2.0, 5.0, 2.0, 2.0, 2.0, 3.0, 2.0, 2.0, 2.0, 6.0, 6.0, 3.0, 2.0, 6.0, 2.0, 2.0, 2.0, 4.0, 4.0, 2.0, 6.0, 6.0, 2.0, 2.0, 2.0, 5.0, 2.0, 6.0, 2.0, 2.0], [4.0, 3.0, 5.0, 2.0, 2.0, 3.0, 2.0, 2.0, 3.0, 5.0, 3.0, 6.0, 1.0, 4.0, 2.0, 2.0, 2.0, 2.0, 2.0, 2.0, 2.0, 6.0, 6.0, 2.0, 2.0, 6.0, 2.0, 3.0, 2.0, 4.0, 6.0, 2.0, 6.0, 5.0, 1.0, 2.0, 2.0, 4.0, 2.0, 6.0, 2.0, 2.0], [4.0, 4.0, 5.0, 2.0, 5.0, 5.0, 2.0, 1.0, 3.0, 5.0, 2.0, 6.0, 2.0, 5.0, 2.0, 2.0, 2.0, 3.0, 3.0, 2.0, 2.0, 6.0, 5.0, 2.0, 2.0, 6.0, 2.0, 2.0, 2.0, 4.0, 2.0, 2.0, 5.0, 6.0, 2.0, 2.0, 2.0, 4.0, 2.0, 5.0, 2.0, 2.0], [4.0, 4.0, 5.0, 2.0, 5.0, 5.0, 2.0, 2.0, 3.0, 5.0, 2.0, 6.0, 1.0, 4.0, 2.0, 2.0, 2.0, 2.0, 2.0, 2.0, 2.0, 6.0, 6.0, 2.0, 2.0, 6.0, 2.0, 2.0, 1.0, 4.0, 4.0, 2.0, 6.0, 6.0, 1.0, 2.0, 2.0, 4.0, 2.0, 5.0, 2.0, 2.0], [4.0, 4.0, 6.0, 2.0, 4.0, 4.0, 2.0, 2.0, 3.0, 6.0, 3.0, 5.0, 1.0, 4.0, 2.0, 2.0, 2.0, 2.0, 2.0, 2.0, 2.0, 6.0, 5.0, 3.0, 2.0, 6.0, 2.0, 2.0, 2.0, 4.0, 4.0, 2.0, 6.0, 6.0, 1.0, 2.0, 2.0, 4.0, 2.0, 5.0, 2.0, 2.0], [2.0, 3.0, 6.0, 2.0, 6.0, 3.0, 2.0, 2.0, 3.0, 5.0, 2.0, 5.0, 2.0, 4.0, 2.0, 2.0, 2.0, 2.0, 2.0, 2.0, 2.0, 6.0, 6.0, 2.0, 2.0, 6.0, 2.0, 3.0, 2.0, 4.0, 4.0, 2.0, 4.0, 6.0, 2.0, 2.0, 2.0, 4.0, 2.0, 6.0, 2.0, 2.0], [2.0, 2.0, 5.0, 2.0, 4.0, 4.0, 2.0, 2.0, 3.0, 6.0, 2.0, 5.0, 2.0, 3.0, 2.0, 2.0, 2.0, 3.0, 2.0, 2.0, 2.0, 6.0, 6.0, 3.0, 2.0, 6.0, 2.0, 2.0, 2.0, 4.0, 4.0, 2.0, 4.0, 6.0, 2.0, 2.0, 2.0, 6.0, 2.0, 5.0, 2.0, 2.0], [2.0, 4.0, 6.0, 2.0, 5.0, 4.0, 2.0, 2.0, 3.0, 4.0, 3.0, 5.0, 2.0, 5.0, 2.0, 2.0, 2.0, 2.0, 2.0, 2.0, 2.0, 6.0, 6.0, 3.0, 2.0, 6.0, 2.0, 3.0, 2.0, 4.0, 6.0, 2.0, 4.0, 6.0, 2.0, 2.0, 2.0, 5.0, 2.0, 6.0, 2.0, 2.0], [4.0, 3.0, 6.0, 2.0, 5.0, 4.0, 2.0, 2.0, 3.0, 6.0, 3.0, 5.0, 2.0, 5.0, 2.0, 2.0, 2.0, 2.0, 2.0, 2.0, 2.0, 6.0, 6.0, 2.0, 2.0, 6.0, 2.0, 4.0, 2.0, 4.0, 6.0, 2.0, 6.0, 5.0, 1.0, 2.0, 2.0, 4.0, 2.0, 6.0, 2.0, 2.0], [3.0, 4.0, 5.0, 2.0, 4.0, 5.0, 2.0, 2.0, 3.0, 5.0, 4.0, 4.0, 2.0, 4.0, 2.0, 2.0, 2.0, 2.0, 2.0, 2.0, 2.0, 6.0, 6.0, 3.0, 2.0, 6.0, 2.0, 2.0, 2.0, 4.0, 4.0, 2.0, 6.0, 5.0, 1.0, 2.0, 2.0, 6.0, 2.0, 5.0, 2.0, 2.0], [2.0, 4.0, 6.0, 2.0, 5.0, 3.0, 2.0, 2.0, 3.0, 5.0, 2.0, 6.0, 2.0, 4.0, 2.0, 2.0, 2.0, 2.0, 2.0, 2.0, 2.0, 6.0, 6.0, 2.0, 2.0, 6.0, 2.0, 3.0, 2.0, 4.0, 5.0, 2.0, 6.0, 6.0, 1.0, 2.0, 2.0, 4.0, 2.0, 5.0, 2.0, 2.0], [3.0, 3.0, 4.0, 2.0, 2.0, 3.0, 2.0, 2.0, 3.0, 5.0, 2.0, 6.0, 2.0, 5.0, 2.0, 2.0, 2.0, 2.0, 2.0, 2.0, 2.0, 6.0, 6.0, 2.0, 2.0, 6.0, 2.0, 2.0, 2.0, 4.0, 6.0, 1.0, 5.0, 5.0, 1.0, 2.0, 2.0, 4.0, 2.0, 6.0, 2.0, 2.0], [3.0, 5.0, 6.0, 2.0, 5.0, 3.0, 2.0, 2.0, 3.0, 4.0, 2.0, 6.0, 2.0, 5.0, 2.0, 2.0, 2.0, 2.0, 2.0, 2.0, 2.0, 6.0, 6.0, 2.0, 2.0, 6.0, 2.0, 3.0, 2.0, 4.0, 4.0, 2.0, 6.0, 5.0, 1.0, 2.0, 2.0, 5.0, 2.0, 6.0, 2.0, 2.0], [3.0, 4.0, 6.0, 2.0, 2.0, 4.0, 2.0, 2.0, 3.0, 5.0, 4.0, 6.0, 2.0, 4.0, 2.0, 2.0, 2.0, 4.0, 2.0, 2.0, 2.0, 6.0, 6.0, 2.0, 2.0, 6.0, 2.0, 2.0, 2.0, 4.0, 6.0, 2.0, 5.0, 6.0, 2.0, 2.0, 2.0, 5.0, 2.0, 5.0, 2.0, 2.0], [2.0, 4.0, 6.0, 2.0, 4.0, 4.0, 2.0, 2.0, 3.0, 5.0, 2.0, 6.0, 2.0, 4.0, 2.0, 2.0, 2.0, 3.0, 2.0, 2.0, 2.0, 6.0, 6.0, 2.0, 2.0, 6.0, 2.0, 2.0, 2.0, 4.0, 4.0, 2.0, 6.0, 6.0, 2.0, 2.0, 2.0, 5.0, 2.0, 5.0, 2.0, 2.0], [2.0, 3.0, 5.0, 2.0, 4.0, 4.0, 2.0, 2.0, 3.0, 5.0, 2.0, 6.0, 2.0, 4.0, 2.0, 2.0, 2.0, 2.0, 2.0, 2.0, 2.0, 6.0, 6.0, 2.0, 2.0, 6.0, 2.0, 2.0, 2.0, 4.0, 4.0, 1.0, 5.0, 5.0, 1.0, 2.0, 2.0, 5.0, 2.0, 6.0, 2.0, 2.0], [3.0, 3.0, 5.0, 2.0, 5.0, 3.0, 2.0, 2.0, 3.0, 5.0, 3.0, 6.0, 2.0, 5.0, 2.0, 2.0, 2.0, 2.0, 3.0, 2.0, 2.0, 6.0, 5.0, 3.0, 2.0, 6.0, 2.0, 3.0, 2.0, 4.0, 5.0, 2.0, 4.0, 6.0, 2.0, 2.0, 2.0, 4.0, 2.0, 6.0, 2.0, 2.0], [3.0, 3.0, 6.0, 2.0, 5.0, 5.0, 2.0, 2.0, 3.0, 4.0, 2.0, 6.0, 2.0, 4.0, 2.0, 2.0, 2.0, 3.0, 2.0, 2.0, 2.0, 6.0, 6.0, 2.0, 2.0, 6.0, 2.0, 2.0, 2.0, 4.0, 5.0, 2.0, 6.0, 6.0, 1.0, 2.0, 2.0, 4.0, 2.0, 5.0, 2.0, 2.0], [4.0, 3.0, 6.0, 2.0, 5.0, 4.0, 2.0, 2.0, 3.0, 5.0, 4.0, 6.0, 2.0, 4.0, 2.0, 2.0, 2.0, 2.0, 3.0, 2.0, 2.0, 6.0, 6.0, 2.0, 2.0, 6.0, 2.0, 2.0, 2.0, 4.0, 5.0, 2.0, 6.0, 5.0, 1.0, 2.0, 2.0, 4.0, 2.0, 4.0, 2.0, 2.0], [4.0, 4.0, 5.0, 2.0, 5.0, 3.0, 2.0, 2.0, 3.0, 6.0, 2.0, 5.0, 2.0, 4.0, 2.0, 2.0, 2.0, 2.0, 2.0, 2.0, 2.0, 6.0, 6.0, 2.0, 2.0, 6.0, 2.0, 2.0, 2.0, 4.0, 6.0, 2.0, 6.0, 5.0, 2.0, 2.0, 2.0, 4.0, 2.0, 5.0, 2.0, 2.0], [4.0, 3.0, 6.0, 2.0, 5.0, 3.0, 2.0, 2.0, 3.0, 3.0, 2.0, 6.0, 2.0, 4.0, 2.0, 2.0, 2.0, 3.0, 2.0, 2.0, 2.0, 6.0, 4.0, 2.0, 2.0, 6.0, 2.0, 4.0, 2.0, 4.0, 5.0, 2.0, 6.0, 6.0, 1.0, 2.0, 2.0, 5.0, 2.0, 5.0, 2.0, 2.0], [3.0, 5.0, 6.0, 2.0, 4.0, 2.0, 2.0, 2.0, 3.0, 4.0, 2.0, 6.0, 2.0, 4.0, 2.0, 2.0, 2.0, 3.0, 3.0, 2.0, 2.0, 6.0, 5.0, 2.0, 2.0, 6.0, 2.0, 2.0, 2.0, 4.0, 4.0, 2.0, 6.0, 6.0, 2.0, 2.0, 2.0, 5.0, 2.0, 5.0, 2.0, 2.0], [4.0, 2.0, 5.0, 2.0, 6.0, 5.0, 2.0, 2.0, 3.0, 5.0, 2.0, 6.0, 2.0, 4.0, 2.0, 2.0, 2.0, 2.0, 3.0, 2.0, 2.0, 6.0, 6.0, 3.0, 2.0, 6.0, 2.0, 2.0, 2.0, 4.0, 6.0, 2.0, 6.0, 6.0, 1.0, 2.0, 2.0, 5.0, 2.0, 5.0, 2.0, 2.0], [3.0, 3.0, 5.0, 2.0, 3.0, 4.0, 2.0, 2.0, 3.0, 5.0, 2.0, 6.0, 2.0, 4.0, 2.0, 2.0, 2.0, 2.0, 2.0, 2.0, 2.0, 6.0, 6.0, 2.0, 2.0, 6.0, 2.0, 3.0, 2.0, 4.0, 5.0, 2.0, 6.0, 6.0, 1.0, 2.0, 2.0, 4.0, 2.0, 4.0, 2.0, 2.0], [3.0, 4.0, 6.0, 2.0, 4.0, 3.0, 2.0, 2.0, 3.0, 3.0, 2.0, 5.0, 2.0, 4.0, 2.0, 2.0, 2.0, 2.0, 2.0, 2.0, 2.0, 6.0, 6.0, 2.0, 2.0, 6.0, 2.0, 2.0, 2.0, 4.0, 6.0, 2.0, 5.0, 6.0, 1.0, 2.0, 2.0, 4.0, 2.0, 5.0, 2.0, 2.0], [3.0, 3.0, 6.0, 2.0, 6.0, 4.0, 2.0, 2.0, 3.0, 5.0, 3.0, 6.0, 1.0, 4.0, 2.0, 2.0, 2.0, 2.0, 2.0, 2.0, 2.0, 6.0, 6.0, 4.0, 2.0, 6.0, 2.0, 2.0, 2.0, 4.0, 4.0, 2.0, 6.0, 6.0, 1.0, 2.0, 2.0, 4.0, 2.0, 5.0, 2.0, 2.0], [4.0, 5.0, 6.0, 2.0, 6.0, 2.0, 2.0, 2.0, 3.0, 5.0, 2.0, 6.0, 2.0, 4.0, 2.0, 2.0, 2.0, 2.0, 2.0, 2.0, 2.0, 6.0, 6.0, 2.0, 2.0, 6.0, 2.0, 4.0, 2.0, 3.0, 5.0, 2.0, 5.0, 6.0, 1.0, 2.0, 2.0, 4.0, 2.0, 5.0, 2.0, 2.0], [3.0, 3.0, 6.0, 2.0, 2.0, 3.0, 2.0, 2.0, 3.0, 6.0, 2.0, 6.0, 2.0, 5.0, 2.0, 2.0, 2.0, 2.0, 2.0, 2.0, 2.0, 6.0, 6.0, 2.0, 2.0, 6.0, 2.0, 2.0, 2.0, 4.0, 5.0, 2.0, 4.0, 6.0, 1.0, 2.0, 2.0, 4.0, 2.0, 6.0, 2.0, 2.0], [3.0, 4.0, 6.0, 2.0, 5.0, 4.0, 2.0, 2.0, 3.0, 5.0, 2.0, 6.0, 2.0, 3.0, 2.0, 2.0, 2.0, 2.0, 2.0, 2.0, 2.0, 6.0, 6.0, 2.0, 2.0, 6.0, 2.0, 4.0, 2.0, 4.0, 6.0, 2.0, 5.0, 6.0, 1.0, 2.0, 2.0, 4.0, 2.0, 5.0, 2.0, 2.0], [2.0, 3.0, 6.0, 2.0, 5.0, 2.0, 2.0, 1.0, 3.0, 3.0, 2.0, 5.0, 2.0, 5.0, 2.0, 2.0, 2.0, 2.0, 2.0, 2.0, 2.0, 6.0, 6.0, 2.0, 2.0, 6.0, 2.0, 2.0, 1.0, 4.0, 6.0, 2.0, 6.0, 6.0, 1.0, 2.0, 2.0, 4.0, 2.0, 5.0, 2.0, 2.0], [4.0, 3.0, 4.0, 2.0, 5.0, 5.0, 2.0, 2.0, 3.0, 5.0, 2.0, 4.0, 2.0, 5.0, 2.0, 2.0, 2.0, 2.0, 2.0, 2.0, 2.0, 6.0, 6.0, 2.0, 2.0, 6.0, 2.0, 4.0, 2.0, 4.0, 5.0, 2.0, 5.0, 6.0, 1.0, 2.0, 2.0, 4.0, 2.0, 6.0, 2.0, 2.0]]

