first layer check: Conv2d(6, 64, kernel_size=(7, 7), stride=(2, 2), padding=(3, 3), bias=False)

target ys
[6.0, 3.0, 2.0, 2.0, 6.0, 3.0, 6.0, 1.0, 5.0, 3.0, 5.0, 4.0, 3.0, 1.0, 6.0, 2.0, 1.0, 4.0, 2.0, 2.0, 4.0, 4.0, 2.0, 3.0, 6.0, 1.0, 2.0, 2.0, 2.0, 5.0, 5.0, 4.0, 2.0, 2.0, 4.0, 4.0, 6.0, 2.0, 2.0]

for model 0: mode acc: 0.5384615659713745, run mean acc: 0.6016666889190674, top-2 acc:0.7912499904632568, mode f1: 0.5384615659713745

model 0 mode preds
[6.0, 2.0, 2.0, 2.0, 6.0, 2.0, 5.0, 2.0, 2.0, 2.0, 4.0, 5.0, 2.0, 2.0, 6.0, 2.0, 2.0, 5.0, 2.0, 2.0, 5.0, 4.0, 2.0, 2.0, 5.0, 2.0, 2.0, 2.0, 2.0, 5.0, 5.0, 2.0, 2.0, 2.0, 6.0, 4.0, 6.0, 2.0, 2.0]

model 0 all preds
[[6.0, 2.0, 2.0, 2.0, 6.0, 3.0, 5.0, 2.0, 2.0, 2.0, 3.0, 5.0, 2.0, 2.0, 6.0, 2.0, 2.0, 3.0, 2.0, 2.0, 5.0, 2.0, 2.0, 4.0, 5.0, 2.0, 2.0, 2.0, 2.0, 2.0, 5.0, 2.0, 2.0, 2.0, 6.0, 4.0, 6.0, 2.0, 2.0], [6.0, 2.0, 2.0, 2.0, 6.0, 2.0, 5.0, 2.0, 2.0, 3.0, 2.0, 5.0, 2.0, 2.0, 6.0, 2.0, 2.0, 5.0, 2.0, 2.0, 5.0, 2.0, 2.0, 2.0, 5.0, 2.0, 2.0, 2.0, 2.0, 5.0, 5.0, 2.0, 2.0, 2.0, 6.0, 4.0, 6.0, 2.0, 2.0], [5.0, 2.0, 2.0, 2.0, 6.0, 2.0, 3.0, 2.0, 2.0, 3.0, 2.0, 5.0, 2.0, 2.0, 6.0, 2.0, 2.0, 3.0, 2.0, 2.0, 5.0, 4.0, 2.0, 4.0, 5.0, 2.0, 2.0, 2.0, 2.0, 2.0, 5.0, 3.0, 2.0, 2.0, 6.0, 4.0, 6.0, 2.0, 2.0], [6.0, 2.0, 2.0, 2.0, 6.0, 2.0, 5.0, 2.0, 2.0, 2.0, 4.0, 2.0, 2.0, 2.0, 6.0, 2.0, 2.0, 5.0, 2.0, 2.0, 5.0, 2.0, 2.0, 4.0, 5.0, 2.0, 2.0, 2.0, 2.0, 5.0, 4.0, 2.0, 2.0, 2.0, 6.0, 4.0, 6.0, 2.0, 2.0], [5.0, 2.0, 2.0, 2.0, 6.0, 2.0, 5.0, 2.0, 2.0, 2.0, 4.0, 5.0, 2.0, 2.0, 6.0, 2.0, 2.0, 3.0, 2.0, 2.0, 5.0, 4.0, 2.0, 2.0, 5.0, 2.0, 2.0, 2.0, 2.0, 3.0, 5.0, 3.0, 2.0, 2.0, 6.0, 4.0, 6.0, 2.0, 2.0], [6.0, 2.0, 2.0, 2.0, 6.0, 2.0, 5.0, 2.0, 2.0, 2.0, 2.0, 3.0, 4.0, 2.0, 6.0, 2.0, 2.0, 5.0, 2.0, 2.0, 5.0, 4.0, 2.0, 2.0, 5.0, 2.0, 2.0, 2.0, 2.0, 5.0, 5.0, 2.0, 2.0, 2.0, 6.0, 4.0, 6.0, 2.0, 2.0], [6.0, 2.0, 2.0, 2.0, 5.0, 2.0, 5.0, 2.0, 2.0, 2.0, 2.0, 5.0, 2.0, 2.0, 6.0, 2.0, 2.0, 3.0, 2.0, 2.0, 5.0, 4.0, 2.0, 2.0, 5.0, 2.0, 2.0, 2.0, 2.0, 5.0, 5.0, 2.0, 2.0, 2.0, 6.0, 4.0, 6.0, 2.0, 2.0], [6.0, 2.0, 2.0, 2.0, 5.0, 2.0, 5.0, 2.0, 2.0, 3.0, 4.0, 5.0, 2.0, 2.0, 6.0, 2.0, 2.0, 6.0, 2.0, 2.0, 5.0, 2.0, 2.0, 4.0, 5.0, 2.0, 2.0, 2.0, 2.0, 5.0, 5.0, 2.0, 2.0, 2.0, 6.0, 3.0, 6.0, 2.0, 2.0], [5.0, 2.0, 2.0, 2.0, 3.0, 2.0, 6.0, 2.0, 2.0, 2.0, 2.0, 5.0, 2.0, 2.0, 6.0, 2.0, 2.0, 3.0, 2.0, 2.0, 5.0, 2.0, 2.0, 4.0, 5.0, 2.0, 2.0, 2.0, 2.0, 5.0, 5.0, 2.0, 2.0, 2.0, 6.0, 2.0, 6.0, 2.0, 2.0], [6.0, 2.0, 2.0, 2.0, 5.0, 2.0, 3.0, 2.0, 3.0, 3.0, 4.0, 5.0, 2.0, 2.0, 6.0, 2.0, 2.0, 5.0, 2.0, 2.0, 5.0, 2.0, 2.0, 4.0, 5.0, 2.0, 2.0, 2.0, 2.0, 3.0, 5.0, 2.0, 2.0, 2.0, 6.0, 4.0, 6.0, 2.0, 2.0], [5.0, 2.0, 2.0, 2.0, 6.0, 2.0, 5.0, 2.0, 3.0, 3.0, 3.0, 3.0, 4.0, 2.0, 6.0, 2.0, 2.0, 5.0, 2.0, 2.0, 5.0, 4.0, 2.0, 4.0, 5.0, 2.0, 2.0, 2.0, 2.0, 5.0, 5.0, 2.0, 2.0, 2.0, 6.0, 4.0, 6.0, 2.0, 2.0], [6.0, 2.0, 2.0, 2.0, 5.0, 2.0, 5.0, 2.0, 2.0, 2.0, 4.0, 5.0, 2.0, 2.0, 6.0, 2.0, 2.0, 5.0, 2.0, 2.0, 5.0, 2.0, 2.0, 2.0, 5.0, 2.0, 2.0, 2.0, 2.0, 5.0, 5.0, 2.0, 2.0, 2.0, 6.0, 2.0, 6.0, 2.0, 2.0], [6.0, 2.0, 2.0, 2.0, 6.0, 3.0, 5.0, 2.0, 2.0, 3.0, 3.0, 5.0, 2.0, 2.0, 6.0, 2.0, 2.0, 5.0, 2.0, 2.0, 5.0, 2.0, 2.0, 4.0, 5.0, 2.0, 2.0, 2.0, 2.0, 5.0, 5.0, 2.0, 2.0, 2.0, 6.0, 4.0, 6.0, 2.0, 2.0], [6.0, 2.0, 2.0, 2.0, 6.0, 2.0, 6.0, 2.0, 2.0, 3.0, 2.0, 5.0, 3.0, 2.0, 6.0, 2.0, 2.0, 5.0, 2.0, 2.0, 5.0, 4.0, 2.0, 2.0, 5.0, 2.0, 2.0, 2.0, 2.0, 2.0, 5.0, 2.0, 2.0, 2.0, 6.0, 4.0, 6.0, 2.0, 2.0], [5.0, 2.0, 2.0, 2.0, 6.0, 2.0, 5.0, 2.0, 2.0, 3.0, 2.0, 6.0, 2.0, 2.0, 6.0, 2.0, 2.0, 5.0, 2.0, 2.0, 5.0, 2.0, 2.0, 4.0, 5.0, 2.0, 2.0, 2.0, 2.0, 3.0, 5.0, 2.0, 2.0, 2.0, 6.0, 4.0, 6.0, 2.0, 2.0], [6.0, 4.0, 2.0, 2.0, 5.0, 3.0, 3.0, 2.0, 2.0, 2.0, 3.0, 5.0, 2.0, 2.0, 6.0, 2.0, 2.0, 3.0, 2.0, 2.0, 5.0, 2.0, 2.0, 4.0, 5.0, 2.0, 2.0, 2.0, 2.0, 2.0, 5.0, 2.0, 2.0, 2.0, 6.0, 4.0, 6.0, 2.0, 2.0], [6.0, 2.0, 2.0, 2.0, 5.0, 2.0, 5.0, 2.0, 2.0, 3.0, 2.0, 5.0, 2.0, 2.0, 6.0, 2.0, 2.0, 5.0, 2.0, 2.0, 5.0, 4.0, 2.0, 2.0, 5.0, 2.0, 2.0, 2.0, 2.0, 3.0, 5.0, 2.0, 2.0, 2.0, 6.0, 4.0, 6.0, 2.0, 2.0], [6.0, 2.0, 2.0, 2.0, 6.0, 3.0, 5.0, 2.0, 2.0, 3.0, 4.0, 5.0, 3.0, 2.0, 6.0, 2.0, 2.0, 5.0, 2.0, 2.0, 3.0, 4.0, 2.0, 2.0, 5.0, 2.0, 2.0, 2.0, 2.0, 5.0, 5.0, 2.0, 2.0, 2.0, 6.0, 4.0, 6.0, 2.0, 2.0], [5.0, 2.0, 2.0, 2.0, 6.0, 3.0, 5.0, 2.0, 3.0, 3.0, 2.0, 3.0, 2.0, 2.0, 6.0, 2.0, 2.0, 5.0, 2.0, 2.0, 5.0, 4.0, 2.0, 2.0, 5.0, 2.0, 2.0, 2.0, 2.0, 3.0, 5.0, 2.0, 2.0, 2.0, 6.0, 4.0, 6.0, 2.0, 2.0], [6.0, 2.0, 2.0, 2.0, 5.0, 2.0, 5.0, 2.0, 2.0, 3.0, 4.0, 5.0, 2.0, 2.0, 5.0, 2.0, 2.0, 3.0, 2.0, 2.0, 5.0, 2.0, 2.0, 2.0, 5.0, 2.0, 2.0, 2.0, 2.0, 5.0, 5.0, 2.0, 2.0, 2.0, 6.0, 2.0, 6.0, 2.0, 2.0], [6.0, 2.0, 2.0, 2.0, 6.0, 2.0, 3.0, 2.0, 2.0, 2.0, 4.0, 6.0, 2.0, 2.0, 6.0, 2.0, 2.0, 5.0, 2.0, 2.0, 5.0, 4.0, 2.0, 4.0, 5.0, 2.0, 2.0, 2.0, 2.0, 3.0, 5.0, 2.0, 2.0, 2.0, 6.0, 2.0, 6.0, 2.0, 2.0], [5.0, 2.0, 3.0, 2.0, 5.0, 2.0, 5.0, 2.0, 2.0, 2.0, 4.0, 5.0, 2.0, 2.0, 6.0, 2.0, 2.0, 5.0, 2.0, 2.0, 5.0, 4.0, 2.0, 2.0, 5.0, 2.0, 2.0, 2.0, 2.0, 3.0, 5.0, 2.0, 2.0, 2.0, 6.0, 3.0, 6.0, 2.0, 2.0], [5.0, 2.0, 2.0, 2.0, 5.0, 2.0, 6.0, 2.0, 2.0, 3.0, 2.0, 6.0, 2.0, 2.0, 6.0, 2.0, 2.0, 3.0, 2.0, 2.0, 5.0, 2.0, 2.0, 2.0, 5.0, 2.0, 2.0, 2.0, 2.0, 5.0, 5.0, 2.0, 2.0, 2.0, 6.0, 2.0, 6.0, 2.0, 2.0], [5.0, 2.0, 2.0, 2.0, 5.0, 2.0, 5.0, 2.0, 2.0, 2.0, 3.0, 3.0, 2.0, 2.0, 6.0, 2.0, 2.0, 5.0, 2.0, 2.0, 5.0, 4.0, 2.0, 2.0, 5.0, 2.0, 2.0, 2.0, 2.0, 4.0, 5.0, 2.0, 2.0, 2.0, 6.0, 4.0, 6.0, 2.0, 2.0], [6.0, 2.0, 2.0, 2.0, 3.0, 2.0, 3.0, 2.0, 2.0, 2.0, 4.0, 3.0, 2.0, 2.0, 6.0, 2.0, 2.0, 3.0, 2.0, 2.0, 5.0, 2.0, 2.0, 2.0, 5.0, 2.0, 2.0, 2.0, 2.0, 5.0, 5.0, 2.0, 2.0, 2.0, 6.0, 4.0, 6.0, 2.0, 2.0], [6.0, 2.0, 2.0, 2.0, 6.0, 2.0, 5.0, 2.0, 2.0, 3.0, 4.0, 5.0, 2.0, 2.0, 6.0, 2.0, 2.0, 5.0, 2.0, 2.0, 5.0, 2.0, 2.0, 2.0, 5.0, 2.0, 2.0, 2.0, 2.0, 2.0, 5.0, 2.0, 2.0, 2.0, 6.0, 4.0, 6.0, 2.0, 2.0], [6.0, 2.0, 2.0, 2.0, 6.0, 2.0, 5.0, 2.0, 2.0, 2.0, 2.0, 3.0, 5.0, 2.0, 6.0, 2.0, 2.0, 3.0, 2.0, 2.0, 5.0, 4.0, 2.0, 4.0, 5.0, 2.0, 2.0, 2.0, 2.0, 5.0, 5.0, 2.0, 2.0, 2.0, 6.0, 4.0, 6.0, 2.0, 2.0], [5.0, 2.0, 2.0, 2.0, 6.0, 2.0, 5.0, 2.0, 2.0, 3.0, 4.0, 6.0, 4.0, 2.0, 6.0, 2.0, 2.0, 5.0, 2.0, 2.0, 5.0, 4.0, 2.0, 2.0, 5.0, 2.0, 2.0, 2.0, 2.0, 2.0, 5.0, 2.0, 2.0, 2.0, 6.0, 3.0, 6.0, 2.0, 2.0], [5.0, 2.0, 2.0, 2.0, 6.0, 2.0, 5.0, 2.0, 2.0, 2.0, 3.0, 3.0, 2.0, 2.0, 6.0, 2.0, 2.0, 5.0, 2.0, 2.0, 5.0, 4.0, 2.0, 4.0, 5.0, 2.0, 2.0, 2.0, 2.0, 5.0, 5.0, 2.0, 2.0, 2.0, 6.0, 4.0, 6.0, 2.0, 2.0], [5.0, 2.0, 2.0, 2.0, 6.0, 3.0, 5.0, 2.0, 2.0, 2.0, 4.0, 5.0, 2.0, 2.0, 6.0, 2.0, 2.0, 3.0, 2.0, 2.0, 5.0, 4.0, 2.0, 4.0, 5.0, 2.0, 2.0, 2.0, 2.0, 5.0, 6.0, 2.0, 2.0, 2.0, 6.0, 2.0, 6.0, 2.0, 2.0], [6.0, 2.0, 2.0, 2.0, 6.0, 3.0, 3.0, 2.0, 2.0, 2.0, 4.0, 6.0, 2.0, 2.0, 6.0, 2.0, 2.0, 5.0, 2.0, 2.0, 5.0, 4.0, 2.0, 2.0, 5.0, 2.0, 2.0, 2.0, 2.0, 3.0, 5.0, 2.0, 2.0, 2.0, 6.0, 4.0, 6.0, 2.0, 2.0], [5.0, 2.0, 2.0, 2.0, 6.0, 2.0, 3.0, 2.0, 2.0, 3.0, 3.0, 6.0, 2.0, 2.0, 6.0, 2.0, 2.0, 6.0, 2.0, 2.0, 5.0, 4.0, 2.0, 4.0, 5.0, 2.0, 2.0, 2.0, 2.0, 3.0, 5.0, 2.0, 2.0, 2.0, 6.0, 4.0, 6.0, 2.0, 2.0], [6.0, 2.0, 2.0, 2.0, 5.0, 3.0, 5.0, 2.0, 2.0, 3.0, 4.0, 6.0, 3.0, 2.0, 6.0, 2.0, 2.0, 3.0, 2.0, 2.0, 5.0, 2.0, 2.0, 2.0, 5.0, 2.0, 2.0, 3.0, 2.0, 5.0, 5.0, 2.0, 2.0, 2.0, 6.0, 4.0, 6.0, 2.0, 2.0], [5.0, 2.0, 2.0, 2.0, 6.0, 2.0, 5.0, 2.0, 2.0, 2.0, 4.0, 5.0, 2.0, 2.0, 6.0, 2.0, 2.0, 5.0, 2.0, 2.0, 5.0, 2.0, 2.0, 2.0, 5.0, 2.0, 2.0, 2.0, 2.0, 3.0, 4.0, 2.0, 2.0, 2.0, 6.0, 4.0, 6.0, 2.0, 2.0], [5.0, 2.0, 2.0, 2.0, 5.0, 2.0, 5.0, 2.0, 2.0, 2.0, 2.0, 5.0, 2.0, 2.0, 6.0, 2.0, 2.0, 5.0, 2.0, 2.0, 5.0, 4.0, 2.0, 2.0, 5.0, 2.0, 2.0, 2.0, 2.0, 3.0, 5.0, 2.0, 2.0, 2.0, 6.0, 2.0, 6.0, 2.0, 2.0], [6.0, 2.0, 2.0, 2.0, 6.0, 2.0, 5.0, 2.0, 2.0, 2.0, 4.0, 5.0, 2.0, 2.0, 6.0, 2.0, 2.0, 6.0, 2.0, 2.0, 5.0, 4.0, 2.0, 4.0, 5.0, 2.0, 2.0, 2.0, 2.0, 5.0, 5.0, 2.0, 2.0, 2.0, 6.0, 4.0, 6.0, 2.0, 2.0], [6.0, 2.0, 2.0, 2.0, 6.0, 2.0, 5.0, 2.0, 2.0, 2.0, 4.0, 6.0, 2.0, 2.0, 6.0, 2.0, 2.0, 5.0, 2.0, 2.0, 5.0, 2.0, 2.0, 2.0, 5.0, 2.0, 2.0, 2.0, 2.0, 5.0, 5.0, 2.0, 2.0, 2.0, 6.0, 3.0, 6.0, 2.0, 2.0], [6.0, 2.0, 2.0, 2.0, 3.0, 2.0, 5.0, 2.0, 2.0, 3.0, 3.0, 5.0, 2.0, 2.0, 6.0, 2.0, 2.0, 5.0, 2.0, 2.0, 5.0, 4.0, 2.0, 2.0, 5.0, 2.0, 2.0, 2.0, 2.0, 2.0, 5.0, 2.0, 2.0, 2.0, 6.0, 2.0, 6.0, 2.0, 2.0], [6.0, 2.0, 2.0, 2.0, 6.0, 3.0, 3.0, 2.0, 2.0, 2.0, 4.0, 6.0, 3.0, 2.0, 6.0, 2.0, 2.0, 5.0, 2.0, 2.0, 5.0, 4.0, 2.0, 2.0, 5.0, 2.0, 2.0, 2.0, 2.0, 3.0, 5.0, 2.0, 2.0, 2.0, 6.0, 2.0, 6.0, 2.0, 2.0], [6.0, 2.0, 2.0, 2.0, 6.0, 2.0, 5.0, 2.0, 3.0, 3.0, 4.0, 5.0, 2.0, 2.0, 6.0, 2.0, 2.0, 6.0, 2.0, 2.0, 5.0, 4.0, 2.0, 4.0, 5.0, 2.0, 2.0, 2.0, 2.0, 5.0, 5.0, 2.0, 2.0, 2.0, 6.0, 4.0, 6.0, 2.0, 2.0], [6.0, 2.0, 2.0, 2.0, 6.0, 3.0, 5.0, 2.0, 2.0, 2.0, 3.0, 5.0, 2.0, 2.0, 6.0, 2.0, 2.0, 5.0, 2.0, 2.0, 5.0, 4.0, 2.0, 2.0, 5.0, 2.0, 2.0, 2.0, 2.0, 5.0, 5.0, 2.0, 2.0, 2.0, 6.0, 4.0, 6.0, 2.0, 2.0], [6.0, 2.0, 2.0, 2.0, 6.0, 2.0, 5.0, 2.0, 2.0, 3.0, 4.0, 5.0, 2.0, 2.0, 6.0, 2.0, 2.0, 5.0, 2.0, 2.0, 5.0, 2.0, 2.0, 4.0, 5.0, 2.0, 2.0, 2.0, 2.0, 5.0, 5.0, 2.0, 2.0, 2.0, 6.0, 3.0, 6.0, 2.0, 2.0], [3.0, 2.0, 2.0, 2.0, 6.0, 2.0, 5.0, 2.0, 2.0, 3.0, 4.0, 6.0, 2.0, 2.0, 6.0, 2.0, 2.0, 5.0, 2.0, 2.0, 5.0, 2.0, 2.0, 4.0, 5.0, 2.0, 2.0, 2.0, 2.0, 3.0, 5.0, 2.0, 2.0, 2.0, 6.0, 2.0, 6.0, 2.0, 2.0], [5.0, 2.0, 2.0, 2.0, 6.0, 3.0, 5.0, 2.0, 3.0, 3.0, 2.0, 5.0, 2.0, 2.0, 6.0, 2.0, 2.0, 3.0, 2.0, 2.0, 5.0, 4.0, 2.0, 2.0, 5.0, 2.0, 2.0, 2.0, 2.0, 5.0, 5.0, 2.0, 2.0, 2.0, 6.0, 4.0, 6.0, 2.0, 2.0], [6.0, 2.0, 2.0, 2.0, 6.0, 2.0, 5.0, 2.0, 2.0, 2.0, 3.0, 6.0, 2.0, 2.0, 6.0, 2.0, 2.0, 3.0, 2.0, 2.0, 5.0, 2.0, 2.0, 2.0, 5.0, 2.0, 2.0, 2.0, 2.0, 5.0, 5.0, 2.0, 2.0, 2.0, 6.0, 4.0, 6.0, 2.0, 2.0], [5.0, 2.0, 2.0, 2.0, 6.0, 2.0, 5.0, 2.0, 2.0, 2.0, 4.0, 3.0, 2.0, 2.0, 6.0, 2.0, 2.0, 5.0, 2.0, 2.0, 4.0, 2.0, 2.0, 2.0, 5.0, 2.0, 2.0, 2.0, 2.0, 5.0, 5.0, 2.0, 2.0, 2.0, 6.0, 3.0, 6.0, 2.0, 2.0], [5.0, 2.0, 2.0, 2.0, 5.0, 3.0, 5.0, 2.0, 2.0, 3.0, 4.0, 3.0, 2.0, 2.0, 6.0, 2.0, 2.0, 3.0, 2.0, 2.0, 5.0, 4.0, 2.0, 4.0, 5.0, 2.0, 2.0, 2.0, 2.0, 5.0, 5.0, 2.0, 2.0, 2.0, 6.0, 4.0, 6.0, 2.0, 2.0], [6.0, 2.0, 2.0, 2.0, 6.0, 2.0, 3.0, 2.0, 3.0, 3.0, 2.0, 3.0, 2.0, 2.0, 5.0, 2.0, 2.0, 5.0, 2.0, 2.0, 5.0, 4.0, 2.0, 2.0, 5.0, 2.0, 2.0, 2.0, 2.0, 5.0, 5.0, 2.0, 2.0, 2.0, 6.0, 4.0, 6.0, 2.0, 2.0], [5.0, 2.0, 2.0, 2.0, 6.0, 2.0, 3.0, 2.0, 3.0, 2.0, 4.0, 6.0, 2.0, 2.0, 6.0, 2.0, 2.0, 5.0, 2.0, 2.0, 5.0, 4.0, 2.0, 2.0, 5.0, 2.0, 2.0, 2.0, 2.0, 5.0, 6.0, 2.0, 2.0, 2.0, 6.0, 4.0, 6.0, 2.0, 2.0], [6.0, 2.0, 2.0, 2.0, 6.0, 3.0, 5.0, 2.0, 2.0, 3.0, 3.0, 5.0, 2.0, 2.0, 6.0, 2.0, 2.0, 5.0, 2.0, 2.0, 5.0, 4.0, 2.0, 2.0, 5.0, 2.0, 2.0, 2.0, 2.0, 5.0, 5.0, 2.0, 2.0, 2.0, 6.0, 4.0, 6.0, 2.0, 2.0]]

first layer check: Conv2d(6, 64, kernel_size=(7, 7), stride=(2, 2), padding=(3, 3), bias=False)

for model 1: mode acc: 0.4871794879436493, run mean acc: 0.5945833325386047, top-2 acc:0.78083336353302, mode f1: 0.4871794879436493

model 1 mode preds
[6.0, 2.0, 2.0, 2.0, 6.0, 2.0, 6.0, 2.0, 2.0, 2.0, 2.0, 6.0, 2.0, 2.0, 6.0, 2.0, 2.0, 6.0, 2.0, 2.0, 2.0, 2.0, 2.0, 2.0, 6.0, 2.0, 2.0, 2.0, 2.0, 2.0, 6.0, 2.0, 2.0, 2.0, 6.0, 2.0, 6.0, 2.0, 2.0]

model 1 all preds
[[6.0, 2.0, 2.0, 2.0, 6.0, 2.0, 6.0, 2.0, 2.0, 2.0, 2.0, 6.0, 2.0, 2.0, 6.0, 2.0, 2.0, 2.0, 2.0, 2.0, 2.0, 2.0, 2.0, 3.0, 6.0, 2.0, 2.0, 2.0, 2.0, 2.0, 6.0, 2.0, 2.0, 2.0, 6.0, 2.0, 6.0, 2.0, 2.0], [6.0, 2.0, 2.0, 2.0, 2.0, 2.0, 4.0, 2.0, 2.0, 2.0, 2.0, 3.0, 2.0, 2.0, 6.0, 2.0, 2.0, 6.0, 2.0, 2.0, 2.0, 2.0, 2.0, 2.0, 6.0, 2.0, 2.0, 2.0, 2.0, 2.0, 6.0, 2.0, 2.0, 2.0, 6.0, 6.0, 6.0, 2.0, 2.0], [4.0, 2.0, 2.0, 2.0, 6.0, 2.0, 3.0, 2.0, 2.0, 2.0, 2.0, 6.0, 2.0, 2.0, 6.0, 2.0, 2.0, 4.0, 2.0, 2.0, 4.0, 2.0, 2.0, 2.0, 6.0, 2.0, 2.0, 2.0, 2.0, 2.0, 6.0, 2.0, 2.0, 2.0, 6.0, 4.0, 6.0, 2.0, 2.0], [6.0, 2.0, 2.0, 2.0, 6.0, 2.0, 6.0, 2.0, 2.0, 2.0, 2.0, 6.0, 2.0, 2.0, 6.0, 2.0, 2.0, 6.0, 2.0, 2.0, 4.0, 2.0, 2.0, 3.0, 6.0, 2.0, 2.0, 2.0, 2.0, 4.0, 6.0, 2.0, 2.0, 2.0, 6.0, 4.0, 6.0, 2.0, 2.0], [6.0, 2.0, 2.0, 2.0, 4.0, 2.0, 6.0, 2.0, 2.0, 2.0, 2.0, 6.0, 2.0, 2.0, 6.0, 2.0, 2.0, 6.0, 2.0, 2.0, 2.0, 2.0, 2.0, 3.0, 6.0, 2.0, 2.0, 2.0, 2.0, 2.0, 6.0, 2.0, 2.0, 2.0, 6.0, 2.0, 6.0, 2.0, 2.0], [6.0, 2.0, 2.0, 2.0, 6.0, 2.0, 2.0, 2.0, 2.0, 2.0, 2.0, 6.0, 2.0, 2.0, 6.0, 2.0, 2.0, 4.0, 2.0, 2.0, 3.0, 2.0, 2.0, 2.0, 6.0, 2.0, 2.0, 2.0, 2.0, 2.0, 6.0, 2.0, 2.0, 2.0, 6.0, 2.0, 6.0, 2.0, 2.0], [2.0, 2.0, 2.0, 2.0, 6.0, 2.0, 2.0, 2.0, 2.0, 2.0, 2.0, 3.0, 2.0, 2.0, 6.0, 2.0, 2.0, 6.0, 2.0, 2.0, 4.0, 2.0, 2.0, 2.0, 6.0, 2.0, 2.0, 2.0, 2.0, 4.0, 6.0, 2.0, 2.0, 2.0, 6.0, 6.0, 6.0, 2.0, 2.0], [6.0, 2.0, 2.0, 2.0, 6.0, 2.0, 6.0, 2.0, 2.0, 2.0, 2.0, 5.0, 2.0, 2.0, 6.0, 2.0, 2.0, 4.0, 2.0, 2.0, 3.0, 2.0, 2.0, 3.0, 6.0, 2.0, 2.0, 2.0, 2.0, 2.0, 4.0, 2.0, 2.0, 2.0, 6.0, 2.0, 6.0, 2.0, 2.0], [6.0, 2.0, 2.0, 2.0, 6.0, 2.0, 6.0, 2.0, 2.0, 2.0, 2.0, 6.0, 2.0, 2.0, 6.0, 2.0, 2.0, 6.0, 2.0, 2.0, 3.0, 2.0, 2.0, 3.0, 6.0, 2.0, 2.0, 2.0, 2.0, 2.0, 6.0, 2.0, 2.0, 2.0, 6.0, 3.0, 6.0, 2.0, 2.0], [6.0, 2.0, 2.0, 2.0, 5.0, 2.0, 5.0, 2.0, 2.0, 2.0, 2.0, 6.0, 2.0, 2.0, 6.0, 2.0, 2.0, 2.0, 2.0, 2.0, 4.0, 2.0, 2.0, 3.0, 6.0, 2.0, 2.0, 2.0, 2.0, 2.0, 6.0, 2.0, 2.0, 2.0, 6.0, 3.0, 6.0, 2.0, 2.0], [6.0, 2.0, 2.0, 2.0, 6.0, 2.0, 6.0, 2.0, 2.0, 2.0, 2.0, 3.0, 2.0, 2.0, 6.0, 2.0, 2.0, 2.0, 2.0, 2.0, 3.0, 2.0, 2.0, 3.0, 6.0, 2.0, 2.0, 2.0, 2.0, 2.0, 6.0, 2.0, 2.0, 2.0, 6.0, 2.0, 6.0, 2.0, 2.0], [3.0, 2.0, 2.0, 2.0, 6.0, 2.0, 3.0, 2.0, 2.0, 2.0, 3.0, 2.0, 2.0, 2.0, 6.0, 2.0, 2.0, 6.0, 2.0, 2.0, 4.0, 2.0, 2.0, 3.0, 6.0, 2.0, 2.0, 2.0, 2.0, 2.0, 6.0, 2.0, 2.0, 2.0, 6.0, 2.0, 6.0, 2.0, 2.0], [6.0, 2.0, 2.0, 2.0, 6.0, 2.0, 6.0, 2.0, 2.0, 2.0, 2.0, 6.0, 2.0, 2.0, 6.0, 2.0, 2.0, 6.0, 2.0, 2.0, 2.0, 2.0, 2.0, 2.0, 6.0, 2.0, 2.0, 2.0, 2.0, 4.0, 2.0, 2.0, 2.0, 2.0, 6.0, 4.0, 6.0, 2.0, 2.0], [6.0, 2.0, 2.0, 2.0, 6.0, 2.0, 4.0, 2.0, 2.0, 2.0, 2.0, 4.0, 2.0, 2.0, 6.0, 2.0, 2.0, 6.0, 2.0, 2.0, 4.0, 2.0, 2.0, 3.0, 6.0, 2.0, 2.0, 2.0, 2.0, 2.0, 6.0, 2.0, 2.0, 2.0, 6.0, 2.0, 6.0, 2.0, 2.0], [6.0, 2.0, 2.0, 2.0, 6.0, 2.0, 6.0, 2.0, 2.0, 2.0, 2.0, 6.0, 2.0, 2.0, 6.0, 2.0, 2.0, 6.0, 2.0, 2.0, 2.0, 2.0, 2.0, 2.0, 6.0, 2.0, 2.0, 2.0, 2.0, 6.0, 6.0, 2.0, 2.0, 2.0, 6.0, 2.0, 6.0, 2.0, 2.0], [6.0, 2.0, 2.0, 2.0, 6.0, 2.0, 6.0, 2.0, 2.0, 2.0, 2.0, 5.0, 2.0, 2.0, 6.0, 2.0, 2.0, 2.0, 2.0, 2.0, 3.0, 2.0, 2.0, 2.0, 6.0, 2.0, 2.0, 2.0, 2.0, 2.0, 6.0, 2.0, 2.0, 2.0, 6.0, 3.0, 6.0, 2.0, 2.0], [6.0, 2.0, 2.0, 2.0, 5.0, 2.0, 3.0, 2.0, 2.0, 2.0, 2.0, 2.0, 2.0, 2.0, 6.0, 2.0, 2.0, 4.0, 2.0, 2.0, 2.0, 2.0, 2.0, 2.0, 6.0, 2.0, 2.0, 2.0, 2.0, 2.0, 2.0, 2.0, 2.0, 2.0, 6.0, 4.0, 6.0, 2.0, 2.0], [6.0, 2.0, 2.0, 2.0, 6.0, 2.0, 4.0, 2.0, 2.0, 2.0, 2.0, 6.0, 2.0, 2.0, 6.0, 2.0, 2.0, 2.0, 2.0, 2.0, 3.0, 2.0, 2.0, 2.0, 6.0, 2.0, 2.0, 2.0, 2.0, 2.0, 6.0, 2.0, 2.0, 2.0, 6.0, 3.0, 6.0, 2.0, 2.0], [6.0, 2.0, 2.0, 2.0, 6.0, 2.0, 6.0, 2.0, 2.0, 2.0, 2.0, 5.0, 2.0, 2.0, 6.0, 2.0, 2.0, 6.0, 2.0, 2.0, 2.0, 2.0, 2.0, 2.0, 6.0, 2.0, 2.0, 2.0, 2.0, 2.0, 6.0, 2.0, 2.0, 2.0, 6.0, 4.0, 6.0, 2.0, 2.0], [6.0, 2.0, 2.0, 2.0, 6.0, 2.0, 6.0, 2.0, 2.0, 2.0, 2.0, 2.0, 2.0, 2.0, 6.0, 2.0, 2.0, 4.0, 2.0, 2.0, 2.0, 2.0, 2.0, 2.0, 6.0, 2.0, 2.0, 2.0, 2.0, 2.0, 2.0, 2.0, 2.0, 2.0, 6.0, 6.0, 6.0, 2.0, 2.0], [6.0, 2.0, 2.0, 2.0, 6.0, 2.0, 6.0, 2.0, 2.0, 2.0, 2.0, 5.0, 2.0, 2.0, 6.0, 2.0, 2.0, 6.0, 2.0, 2.0, 2.0, 2.0, 2.0, 2.0, 6.0, 2.0, 2.0, 2.0, 2.0, 2.0, 6.0, 2.0, 2.0, 2.0, 6.0, 4.0, 6.0, 2.0, 2.0], [6.0, 2.0, 2.0, 2.0, 2.0, 2.0, 6.0, 2.0, 2.0, 2.0, 2.0, 2.0, 2.0, 2.0, 6.0, 2.0, 2.0, 6.0, 2.0, 2.0, 3.0, 2.0, 2.0, 2.0, 6.0, 2.0, 2.0, 2.0, 2.0, 2.0, 6.0, 2.0, 2.0, 2.0, 6.0, 4.0, 6.0, 2.0, 2.0], [4.0, 2.0, 2.0, 2.0, 6.0, 2.0, 5.0, 2.0, 2.0, 2.0, 2.0, 4.0, 2.0, 2.0, 6.0, 2.0, 2.0, 2.0, 2.0, 2.0, 4.0, 2.0, 2.0, 2.0, 6.0, 2.0, 2.0, 2.0, 2.0, 4.0, 6.0, 2.0, 2.0, 2.0, 6.0, 6.0, 6.0, 2.0, 2.0], [6.0, 2.0, 2.0, 2.0, 6.0, 2.0, 6.0, 2.0, 2.0, 2.0, 2.0, 6.0, 2.0, 2.0, 6.0, 2.0, 2.0, 2.0, 2.0, 2.0, 2.0, 2.0, 2.0, 2.0, 6.0, 2.0, 2.0, 2.0, 2.0, 2.0, 6.0, 2.0, 2.0, 2.0, 6.0, 3.0, 6.0, 2.0, 2.0], [6.0, 2.0, 2.0, 2.0, 6.0, 2.0, 6.0, 2.0, 2.0, 2.0, 2.0, 6.0, 2.0, 2.0, 6.0, 2.0, 2.0, 6.0, 2.0, 2.0, 4.0, 2.0, 2.0, 2.0, 6.0, 2.0, 2.0, 2.0, 2.0, 4.0, 6.0, 2.0, 2.0, 2.0, 6.0, 4.0, 6.0, 2.0, 2.0], [6.0, 2.0, 2.0, 2.0, 6.0, 2.0, 6.0, 2.0, 2.0, 2.0, 2.0, 6.0, 2.0, 2.0, 3.0, 2.0, 2.0, 2.0, 2.0, 2.0, 2.0, 2.0, 2.0, 2.0, 6.0, 2.0, 2.0, 2.0, 2.0, 2.0, 6.0, 2.0, 2.0, 2.0, 6.0, 6.0, 6.0, 2.0, 2.0], [6.0, 2.0, 2.0, 2.0, 6.0, 2.0, 6.0, 2.0, 2.0, 2.0, 2.0, 6.0, 2.0, 2.0, 6.0, 2.0, 2.0, 2.0, 2.0, 2.0, 2.0, 2.0, 2.0, 2.0, 6.0, 2.0, 2.0, 2.0, 2.0, 2.0, 6.0, 2.0, 2.0, 2.0, 6.0, 6.0, 6.0, 2.0, 2.0], [6.0, 2.0, 2.0, 2.0, 6.0, 2.0, 3.0, 2.0, 2.0, 2.0, 2.0, 5.0, 2.0, 2.0, 6.0, 2.0, 2.0, 6.0, 2.0, 2.0, 2.0, 2.0, 2.0, 2.0, 6.0, 2.0, 2.0, 2.0, 2.0, 2.0, 6.0, 2.0, 2.0, 2.0, 6.0, 4.0, 6.0, 2.0, 2.0], [6.0, 2.0, 2.0, 2.0, 5.0, 2.0, 6.0, 2.0, 2.0, 2.0, 2.0, 6.0, 2.0, 2.0, 6.0, 2.0, 2.0, 2.0, 2.0, 2.0, 2.0, 2.0, 2.0, 2.0, 6.0, 2.0, 2.0, 2.0, 2.0, 2.0, 4.0, 2.0, 2.0, 2.0, 6.0, 3.0, 6.0, 2.0, 2.0], [6.0, 2.0, 2.0, 2.0, 6.0, 2.0, 6.0, 2.0, 2.0, 2.0, 2.0, 2.0, 2.0, 2.0, 6.0, 2.0, 2.0, 6.0, 2.0, 2.0, 4.0, 2.0, 2.0, 2.0, 6.0, 2.0, 2.0, 2.0, 2.0, 2.0, 6.0, 2.0, 2.0, 2.0, 6.0, 4.0, 6.0, 2.0, 2.0], [6.0, 2.0, 2.0, 2.0, 6.0, 2.0, 6.0, 2.0, 2.0, 2.0, 2.0, 2.0, 2.0, 2.0, 6.0, 2.0, 2.0, 6.0, 2.0, 2.0, 2.0, 2.0, 2.0, 3.0, 6.0, 2.0, 2.0, 2.0, 2.0, 2.0, 6.0, 2.0, 2.0, 2.0, 6.0, 4.0, 6.0, 2.0, 2.0], [6.0, 2.0, 2.0, 2.0, 6.0, 2.0, 6.0, 2.0, 2.0, 2.0, 2.0, 3.0, 2.0, 2.0, 6.0, 2.0, 2.0, 6.0, 2.0, 2.0, 2.0, 2.0, 2.0, 3.0, 6.0, 2.0, 2.0, 2.0, 2.0, 2.0, 6.0, 2.0, 2.0, 2.0, 6.0, 2.0, 6.0, 2.0, 2.0], [4.0, 2.0, 2.0, 2.0, 6.0, 2.0, 6.0, 2.0, 2.0, 2.0, 2.0, 5.0, 2.0, 2.0, 6.0, 2.0, 2.0, 6.0, 2.0, 2.0, 4.0, 2.0, 2.0, 2.0, 6.0, 2.0, 2.0, 2.0, 2.0, 2.0, 6.0, 2.0, 2.0, 2.0, 6.0, 2.0, 6.0, 2.0, 2.0], [6.0, 2.0, 2.0, 2.0, 6.0, 2.0, 6.0, 2.0, 2.0, 2.0, 2.0, 5.0, 2.0, 2.0, 6.0, 2.0, 2.0, 4.0, 2.0, 2.0, 2.0, 2.0, 2.0, 2.0, 6.0, 2.0, 2.0, 2.0, 2.0, 2.0, 2.0, 2.0, 2.0, 2.0, 6.0, 3.0, 6.0, 2.0, 2.0], [6.0, 2.0, 2.0, 2.0, 6.0, 2.0, 6.0, 2.0, 2.0, 2.0, 2.0, 6.0, 2.0, 2.0, 6.0, 2.0, 2.0, 6.0, 2.0, 2.0, 3.0, 2.0, 2.0, 2.0, 6.0, 2.0, 2.0, 2.0, 2.0, 2.0, 4.0, 2.0, 2.0, 2.0, 6.0, 2.0, 6.0, 2.0, 2.0], [6.0, 2.0, 2.0, 2.0, 6.0, 2.0, 6.0, 2.0, 2.0, 2.0, 2.0, 6.0, 2.0, 2.0, 6.0, 2.0, 2.0, 4.0, 2.0, 2.0, 3.0, 2.0, 2.0, 2.0, 6.0, 2.0, 2.0, 2.0, 2.0, 2.0, 4.0, 2.0, 2.0, 2.0, 6.0, 2.0, 6.0, 2.0, 2.0], [6.0, 2.0, 2.0, 2.0, 6.0, 2.0, 6.0, 2.0, 2.0, 2.0, 2.0, 6.0, 2.0, 2.0, 6.0, 2.0, 2.0, 6.0, 2.0, 2.0, 4.0, 2.0, 2.0, 3.0, 6.0, 2.0, 2.0, 2.0, 2.0, 2.0, 6.0, 2.0, 2.0, 2.0, 6.0, 2.0, 6.0, 2.0, 2.0], [2.0, 2.0, 2.0, 2.0, 5.0, 2.0, 6.0, 2.0, 2.0, 2.0, 2.0, 3.0, 2.0, 2.0, 6.0, 2.0, 2.0, 6.0, 2.0, 2.0, 4.0, 2.0, 2.0, 2.0, 6.0, 2.0, 2.0, 2.0, 2.0, 2.0, 6.0, 2.0, 2.0, 2.0, 6.0, 6.0, 6.0, 2.0, 2.0], [6.0, 2.0, 2.0, 2.0, 6.0, 2.0, 3.0, 2.0, 2.0, 2.0, 2.0, 6.0, 2.0, 2.0, 6.0, 2.0, 2.0, 6.0, 2.0, 2.0, 2.0, 2.0, 2.0, 2.0, 6.0, 2.0, 2.0, 2.0, 2.0, 2.0, 4.0, 2.0, 2.0, 2.0, 6.0, 4.0, 6.0, 2.0, 2.0], [6.0, 2.0, 2.0, 2.0, 6.0, 2.0, 6.0, 2.0, 2.0, 2.0, 2.0, 2.0, 2.0, 2.0, 6.0, 2.0, 2.0, 2.0, 2.0, 2.0, 4.0, 2.0, 2.0, 2.0, 6.0, 2.0, 2.0, 2.0, 2.0, 2.0, 6.0, 2.0, 2.0, 2.0, 6.0, 2.0, 6.0, 2.0, 2.0], [6.0, 2.0, 2.0, 2.0, 6.0, 2.0, 6.0, 2.0, 2.0, 2.0, 2.0, 2.0, 2.0, 2.0, 6.0, 2.0, 2.0, 6.0, 2.0, 2.0, 4.0, 2.0, 2.0, 2.0, 6.0, 2.0, 2.0, 2.0, 2.0, 2.0, 6.0, 2.0, 2.0, 2.0, 6.0, 4.0, 6.0, 2.0, 2.0], [2.0, 2.0, 2.0, 2.0, 6.0, 2.0, 6.0, 2.0, 2.0, 2.0, 2.0, 2.0, 2.0, 2.0, 6.0, 2.0, 2.0, 2.0, 2.0, 2.0, 3.0, 2.0, 2.0, 2.0, 6.0, 2.0, 2.0, 2.0, 2.0, 2.0, 6.0, 2.0, 2.0, 2.0, 6.0, 3.0, 6.0, 2.0, 2.0], [6.0, 2.0, 2.0, 2.0, 6.0, 2.0, 6.0, 2.0, 2.0, 2.0, 3.0, 6.0, 2.0, 2.0, 6.0, 2.0, 2.0, 6.0, 2.0, 2.0, 2.0, 2.0, 2.0, 2.0, 6.0, 2.0, 2.0, 2.0, 2.0, 6.0, 6.0, 2.0, 2.0, 2.0, 6.0, 6.0, 6.0, 2.0, 2.0], [6.0, 2.0, 2.0, 2.0, 6.0, 2.0, 6.0, 2.0, 2.0, 2.0, 2.0, 6.0, 2.0, 2.0, 6.0, 2.0, 2.0, 2.0, 2.0, 2.0, 2.0, 2.0, 2.0, 2.0, 6.0, 2.0, 2.0, 2.0, 2.0, 2.0, 6.0, 2.0, 2.0, 2.0, 6.0, 2.0, 6.0, 2.0, 2.0], [6.0, 2.0, 2.0, 2.0, 6.0, 2.0, 6.0, 2.0, 2.0, 2.0, 2.0, 6.0, 2.0, 2.0, 5.0, 2.0, 2.0, 2.0, 2.0, 2.0, 4.0, 2.0, 2.0, 3.0, 6.0, 2.0, 2.0, 2.0, 2.0, 2.0, 6.0, 2.0, 2.0, 2.0, 6.0, 2.0, 6.0, 2.0, 2.0], [6.0, 2.0, 2.0, 2.0, 6.0, 2.0, 6.0, 2.0, 2.0, 2.0, 2.0, 2.0, 2.0, 2.0, 6.0, 2.0, 2.0, 4.0, 2.0, 2.0, 2.0, 2.0, 2.0, 2.0, 6.0, 2.0, 2.0, 2.0, 2.0, 2.0, 6.0, 2.0, 2.0, 2.0, 6.0, 6.0, 6.0, 2.0, 2.0], [6.0, 2.0, 2.0, 2.0, 6.0, 2.0, 6.0, 2.0, 2.0, 2.0, 2.0, 3.0, 2.0, 2.0, 6.0, 2.0, 2.0, 6.0, 2.0, 2.0, 3.0, 2.0, 2.0, 2.0, 6.0, 2.0, 2.0, 2.0, 2.0, 4.0, 4.0, 2.0, 2.0, 2.0, 6.0, 3.0, 6.0, 2.0, 2.0], [2.0, 2.0, 2.0, 2.0, 6.0, 2.0, 6.0, 2.0, 2.0, 2.0, 2.0, 2.0, 2.0, 2.0, 6.0, 2.0, 2.0, 6.0, 2.0, 2.0, 3.0, 2.0, 2.0, 3.0, 6.0, 2.0, 2.0, 2.0, 2.0, 2.0, 6.0, 2.0, 2.0, 2.0, 6.0, 6.0, 6.0, 2.0, 2.0], [6.0, 2.0, 2.0, 2.0, 6.0, 2.0, 6.0, 2.0, 2.0, 2.0, 4.0, 4.0, 2.0, 2.0, 6.0, 2.0, 2.0, 2.0, 2.0, 2.0, 3.0, 2.0, 2.0, 2.0, 6.0, 2.0, 2.0, 2.0, 2.0, 2.0, 6.0, 2.0, 2.0, 2.0, 4.0, 3.0, 6.0, 2.0, 2.0], [6.0, 2.0, 2.0, 2.0, 6.0, 2.0, 6.0, 2.0, 2.0, 2.0, 2.0, 5.0, 2.0, 2.0, 6.0, 2.0, 2.0, 4.0, 2.0, 2.0, 3.0, 2.0, 2.0, 3.0, 6.0, 2.0, 2.0, 2.0, 2.0, 2.0, 3.0, 2.0, 2.0, 2.0, 6.0, 3.0, 6.0, 2.0, 2.0]]

first layer check: Conv2d(6, 64, kernel_size=(7, 7), stride=(2, 2), padding=(3, 3), bias=False)

for model 2: mode acc: 0.4871794879436493, run mean acc: 0.5095832943916321, top-2 acc:0.7779167294502258, mode f1: 0.4871794879436493

model 2 mode preds
[6.0, 2.0, 1.0, 1.0, 6.0, 2.0, 3.0, 1.0, 2.0, 2.0, 3.0, 3.0, 2.0, 1.0, 6.0, 1.0, 1.0, 3.0, 2.0, 2.0, 3.0, 2.0, 2.0, 3.0, 6.0, 1.0, 2.0, 2.0, 2.0, 3.0, 3.0, 2.0, 2.0, 2.0, 6.0, 3.0, 6.0, 1.0, 2.0]

model 2 all preds
[[6.0, 2.0, 2.0, 1.0, 6.0, 2.0, 3.0, 1.0, 2.0, 2.0, 3.0, 3.0, 2.0, 1.0, 6.0, 1.0, 1.0, 3.0, 1.0, 2.0, 3.0, 2.0, 2.0, 3.0, 6.0, 1.0, 2.0, 2.0, 2.0, 2.0, 5.0, 3.0, 2.0, 2.0, 6.0, 3.0, 6.0, 1.0, 2.0], [6.0, 2.0, 1.0, 1.0, 6.0, 2.0, 3.0, 1.0, 2.0, 3.0, 3.0, 3.0, 2.0, 2.0, 6.0, 1.0, 2.0, 3.0, 1.0, 2.0, 3.0, 2.0, 2.0, 2.0, 6.0, 2.0, 2.0, 2.0, 2.0, 2.0, 3.0, 3.0, 2.0, 2.0, 6.0, 2.0, 6.0, 1.0, 2.0], [6.0, 2.0, 2.0, 1.0, 3.0, 2.0, 3.0, 1.0, 2.0, 3.0, 3.0, 3.0, 2.0, 1.0, 6.0, 1.0, 1.0, 2.0, 2.0, 1.0, 3.0, 2.0, 2.0, 2.0, 5.0, 1.0, 2.0, 2.0, 2.0, 3.0, 3.0, 3.0, 2.0, 1.0, 6.0, 3.0, 6.0, 1.0, 2.0], [6.0, 2.0, 1.0, 2.0, 6.0, 2.0, 3.0, 1.0, 2.0, 3.0, 3.0, 3.0, 2.0, 1.0, 6.0, 1.0, 1.0, 3.0, 1.0, 2.0, 3.0, 2.0, 2.0, 3.0, 6.0, 1.0, 2.0, 2.0, 2.0, 3.0, 3.0, 2.0, 2.0, 2.0, 6.0, 3.0, 6.0, 1.0, 2.0], [6.0, 2.0, 2.0, 2.0, 6.0, 2.0, 3.0, 1.0, 2.0, 2.0, 2.0, 3.0, 3.0, 1.0, 6.0, 1.0, 2.0, 3.0, 1.0, 2.0, 3.0, 5.0, 2.0, 2.0, 6.0, 1.0, 2.0, 2.0, 2.0, 3.0, 4.0, 2.0, 2.0, 1.0, 6.0, 2.0, 6.0, 1.0, 2.0], [6.0, 2.0, 2.0, 1.0, 6.0, 2.0, 3.0, 1.0, 2.0, 3.0, 3.0, 3.0, 2.0, 2.0, 6.0, 1.0, 1.0, 2.0, 2.0, 2.0, 5.0, 2.0, 2.0, 3.0, 6.0, 1.0, 2.0, 2.0, 2.0, 3.0, 3.0, 3.0, 2.0, 1.0, 6.0, 3.0, 6.0, 1.0, 2.0], [6.0, 2.0, 2.0, 2.0, 6.0, 2.0, 3.0, 1.0, 2.0, 2.0, 3.0, 3.0, 3.0, 1.0, 6.0, 2.0, 1.0, 2.0, 2.0, 2.0, 4.0, 2.0, 2.0, 2.0, 6.0, 1.0, 1.0, 2.0, 2.0, 3.0, 5.0, 2.0, 2.0, 1.0, 6.0, 3.0, 6.0, 1.0, 1.0], [6.0, 2.0, 2.0, 2.0, 6.0, 2.0, 3.0, 1.0, 2.0, 2.0, 3.0, 6.0, 2.0, 2.0, 6.0, 1.0, 1.0, 3.0, 1.0, 2.0, 3.0, 2.0, 2.0, 2.0, 6.0, 1.0, 2.0, 2.0, 2.0, 2.0, 3.0, 3.0, 2.0, 2.0, 6.0, 3.0, 6.0, 1.0, 2.0], [6.0, 2.0, 2.0, 2.0, 3.0, 2.0, 3.0, 1.0, 2.0, 2.0, 2.0, 6.0, 2.0, 1.0, 6.0, 2.0, 1.0, 3.0, 2.0, 2.0, 3.0, 2.0, 2.0, 2.0, 6.0, 1.0, 2.0, 2.0, 2.0, 5.0, 3.0, 3.0, 2.0, 2.0, 6.0, 3.0, 6.0, 1.0, 2.0], [3.0, 2.0, 1.0, 1.0, 6.0, 2.0, 3.0, 1.0, 2.0, 3.0, 3.0, 3.0, 2.0, 2.0, 6.0, 1.0, 2.0, 3.0, 1.0, 2.0, 3.0, 2.0, 2.0, 2.0, 6.0, 1.0, 1.0, 2.0, 2.0, 3.0, 2.0, 3.0, 2.0, 2.0, 6.0, 3.0, 6.0, 2.0, 2.0], [6.0, 2.0, 2.0, 1.0, 6.0, 2.0, 6.0, 1.0, 2.0, 2.0, 2.0, 2.0, 3.0, 1.0, 6.0, 1.0, 1.0, 6.0, 1.0, 2.0, 3.0, 2.0, 2.0, 3.0, 6.0, 1.0, 2.0, 2.0, 2.0, 3.0, 5.0, 3.0, 2.0, 2.0, 6.0, 3.0, 6.0, 2.0, 1.0], [6.0, 2.0, 2.0, 2.0, 6.0, 2.0, 3.0, 1.0, 2.0, 2.0, 3.0, 2.0, 2.0, 1.0, 6.0, 1.0, 2.0, 6.0, 1.0, 2.0, 3.0, 2.0, 2.0, 2.0, 6.0, 1.0, 2.0, 2.0, 2.0, 2.0, 3.0, 2.0, 2.0, 2.0, 6.0, 2.0, 6.0, 2.0, 2.0], [6.0, 2.0, 1.0, 2.0, 6.0, 2.0, 3.0, 1.0, 2.0, 2.0, 3.0, 3.0, 2.0, 1.0, 6.0, 1.0, 1.0, 3.0, 1.0, 2.0, 3.0, 2.0, 2.0, 2.0, 6.0, 1.0, 2.0, 2.0, 2.0, 2.0, 6.0, 2.0, 1.0, 2.0, 6.0, 3.0, 6.0, 1.0, 2.0], [6.0, 3.0, 1.0, 2.0, 6.0, 2.0, 3.0, 1.0, 2.0, 2.0, 3.0, 3.0, 2.0, 1.0, 6.0, 1.0, 1.0, 6.0, 2.0, 2.0, 3.0, 2.0, 2.0, 3.0, 6.0, 1.0, 2.0, 2.0, 2.0, 2.0, 4.0, 3.0, 2.0, 2.0, 6.0, 3.0, 6.0, 1.0, 2.0], [6.0, 2.0, 2.0, 2.0, 6.0, 2.0, 3.0, 1.0, 2.0, 2.0, 3.0, 2.0, 2.0, 1.0, 6.0, 2.0, 2.0, 3.0, 2.0, 1.0, 3.0, 2.0, 2.0, 2.0, 6.0, 1.0, 2.0, 2.0, 2.0, 3.0, 3.0, 2.0, 2.0, 2.0, 6.0, 3.0, 6.0, 1.0, 2.0], [6.0, 2.0, 1.0, 1.0, 6.0, 3.0, 3.0, 1.0, 2.0, 2.0, 3.0, 5.0, 2.0, 1.0, 6.0, 1.0, 1.0, 3.0, 2.0, 2.0, 4.0, 2.0, 2.0, 2.0, 6.0, 1.0, 1.0, 2.0, 2.0, 3.0, 4.0, 2.0, 2.0, 2.0, 6.0, 3.0, 6.0, 1.0, 2.0], [6.0, 2.0, 1.0, 2.0, 6.0, 2.0, 3.0, 1.0, 2.0, 2.0, 3.0, 2.0, 2.0, 1.0, 6.0, 1.0, 2.0, 3.0, 1.0, 2.0, 3.0, 2.0, 2.0, 3.0, 6.0, 1.0, 2.0, 2.0, 2.0, 3.0, 3.0, 3.0, 2.0, 2.0, 6.0, 3.0, 6.0, 1.0, 2.0], [6.0, 2.0, 2.0, 1.0, 6.0, 3.0, 3.0, 1.0, 2.0, 3.0, 3.0, 2.0, 2.0, 2.0, 5.0, 1.0, 1.0, 3.0, 1.0, 2.0, 3.0, 2.0, 2.0, 2.0, 6.0, 1.0, 2.0, 2.0, 2.0, 3.0, 5.0, 2.0, 2.0, 2.0, 6.0, 3.0, 6.0, 1.0, 2.0], [6.0, 2.0, 1.0, 2.0, 6.0, 2.0, 3.0, 1.0, 2.0, 3.0, 3.0, 6.0, 2.0, 2.0, 6.0, 1.0, 2.0, 3.0, 1.0, 2.0, 3.0, 2.0, 2.0, 3.0, 5.0, 1.0, 2.0, 2.0, 2.0, 2.0, 4.0, 3.0, 2.0, 2.0, 6.0, 3.0, 6.0, 1.0, 2.0], [6.0, 2.0, 1.0, 2.0, 3.0, 2.0, 3.0, 1.0, 2.0, 2.0, 3.0, 3.0, 2.0, 1.0, 6.0, 2.0, 2.0, 3.0, 2.0, 2.0, 3.0, 2.0, 2.0, 3.0, 6.0, 1.0, 2.0, 2.0, 2.0, 3.0, 2.0, 3.0, 2.0, 2.0, 6.0, 3.0, 6.0, 1.0, 2.0], [6.0, 2.0, 2.0, 2.0, 3.0, 2.0, 3.0, 1.0, 2.0, 2.0, 3.0, 3.0, 3.0, 1.0, 6.0, 2.0, 1.0, 3.0, 2.0, 2.0, 3.0, 2.0, 2.0, 3.0, 6.0, 1.0, 2.0, 2.0, 2.0, 3.0, 4.0, 2.0, 2.0, 2.0, 6.0, 3.0, 6.0, 1.0, 1.0], [3.0, 2.0, 2.0, 1.0, 6.0, 2.0, 6.0, 1.0, 2.0, 2.0, 3.0, 6.0, 2.0, 1.0, 6.0, 1.0, 1.0, 6.0, 2.0, 2.0, 3.0, 2.0, 2.0, 2.0, 6.0, 1.0, 2.0, 2.0, 2.0, 2.0, 3.0, 2.0, 2.0, 2.0, 6.0, 3.0, 6.0, 1.0, 2.0], [6.0, 2.0, 1.0, 1.0, 3.0, 3.0, 5.0, 1.0, 2.0, 2.0, 3.0, 3.0, 2.0, 1.0, 6.0, 2.0, 1.0, 2.0, 2.0, 2.0, 6.0, 2.0, 2.0, 3.0, 6.0, 1.0, 2.0, 2.0, 2.0, 3.0, 3.0, 2.0, 2.0, 2.0, 3.0, 3.0, 6.0, 1.0, 2.0], [6.0, 2.0, 2.0, 1.0, 6.0, 2.0, 3.0, 1.0, 2.0, 2.0, 3.0, 3.0, 2.0, 1.0, 6.0, 1.0, 1.0, 3.0, 1.0, 2.0, 3.0, 2.0, 2.0, 2.0, 6.0, 1.0, 1.0, 2.0, 2.0, 3.0, 3.0, 3.0, 2.0, 2.0, 3.0, 3.0, 6.0, 1.0, 2.0], [6.0, 2.0, 1.0, 1.0, 6.0, 2.0, 3.0, 1.0, 2.0, 2.0, 3.0, 3.0, 2.0, 2.0, 6.0, 1.0, 2.0, 2.0, 2.0, 2.0, 4.0, 2.0, 2.0, 2.0, 6.0, 1.0, 1.0, 2.0, 2.0, 3.0, 5.0, 2.0, 2.0, 2.0, 6.0, 3.0, 6.0, 1.0, 2.0], [6.0, 2.0, 2.0, 1.0, 2.0, 2.0, 3.0, 1.0, 2.0, 2.0, 2.0, 2.0, 3.0, 2.0, 6.0, 1.0, 1.0, 6.0, 2.0, 2.0, 3.0, 2.0, 2.0, 3.0, 6.0, 1.0, 2.0, 2.0, 2.0, 3.0, 4.0, 3.0, 2.0, 2.0, 6.0, 3.0, 6.0, 1.0, 2.0], [6.0, 2.0, 1.0, 2.0, 6.0, 2.0, 3.0, 1.0, 2.0, 2.0, 3.0, 3.0, 2.0, 2.0, 6.0, 1.0, 1.0, 3.0, 1.0, 2.0, 3.0, 2.0, 2.0, 2.0, 6.0, 1.0, 2.0, 3.0, 2.0, 3.0, 3.0, 2.0, 2.0, 2.0, 6.0, 3.0, 6.0, 2.0, 2.0], [6.0, 2.0, 2.0, 2.0, 6.0, 2.0, 3.0, 1.0, 2.0, 2.0, 3.0, 6.0, 2.0, 1.0, 5.0, 2.0, 1.0, 3.0, 2.0, 2.0, 3.0, 2.0, 2.0, 3.0, 4.0, 1.0, 1.0, 2.0, 2.0, 2.0, 3.0, 3.0, 2.0, 2.0, 6.0, 2.0, 6.0, 2.0, 1.0], [6.0, 3.0, 1.0, 2.0, 6.0, 3.0, 3.0, 1.0, 2.0, 2.0, 3.0, 5.0, 2.0, 1.0, 5.0, 1.0, 1.0, 3.0, 2.0, 2.0, 5.0, 2.0, 2.0, 3.0, 6.0, 1.0, 2.0, 2.0, 2.0, 3.0, 3.0, 2.0, 2.0, 2.0, 6.0, 3.0, 6.0, 1.0, 2.0], [6.0, 2.0, 1.0, 1.0, 3.0, 2.0, 5.0, 1.0, 2.0, 2.0, 3.0, 3.0, 3.0, 1.0, 6.0, 2.0, 1.0, 3.0, 1.0, 1.0, 3.0, 2.0, 2.0, 3.0, 6.0, 2.0, 2.0, 2.0, 2.0, 3.0, 3.0, 2.0, 2.0, 1.0, 6.0, 2.0, 6.0, 1.0, 2.0], [6.0, 3.0, 1.0, 1.0, 6.0, 2.0, 3.0, 1.0, 2.0, 3.0, 3.0, 6.0, 2.0, 1.0, 6.0, 1.0, 1.0, 3.0, 2.0, 2.0, 3.0, 2.0, 2.0, 2.0, 6.0, 1.0, 2.0, 2.0, 2.0, 3.0, 3.0, 3.0, 2.0, 2.0, 6.0, 3.0, 6.0, 1.0, 1.0], [6.0, 2.0, 1.0, 2.0, 6.0, 2.0, 3.0, 1.0, 2.0, 2.0, 3.0, 3.0, 2.0, 1.0, 6.0, 1.0, 1.0, 2.0, 2.0, 2.0, 3.0, 2.0, 2.0, 3.0, 6.0, 1.0, 2.0, 2.0, 2.0, 2.0, 4.0, 2.0, 2.0, 1.0, 6.0, 3.0, 6.0, 2.0, 2.0], [6.0, 2.0, 1.0, 2.0, 6.0, 2.0, 3.0, 1.0, 2.0, 2.0, 3.0, 3.0, 2.0, 1.0, 6.0, 1.0, 1.0, 3.0, 2.0, 2.0, 3.0, 2.0, 2.0, 2.0, 6.0, 1.0, 2.0, 2.0, 2.0, 3.0, 5.0, 2.0, 2.0, 1.0, 6.0, 3.0, 6.0, 1.0, 2.0], [6.0, 2.0, 2.0, 1.0, 6.0, 3.0, 3.0, 1.0, 2.0, 2.0, 3.0, 3.0, 3.0, 1.0, 6.0, 1.0, 1.0, 6.0, 2.0, 2.0, 3.0, 2.0, 2.0, 2.0, 6.0, 2.0, 2.0, 2.0, 2.0, 2.0, 3.0, 3.0, 2.0, 2.0, 6.0, 3.0, 6.0, 1.0, 2.0], [6.0, 2.0, 1.0, 1.0, 6.0, 2.0, 3.0, 1.0, 2.0, 3.0, 3.0, 3.0, 2.0, 1.0, 6.0, 1.0, 1.0, 2.0, 1.0, 1.0, 3.0, 5.0, 2.0, 3.0, 6.0, 1.0, 2.0, 2.0, 2.0, 2.0, 3.0, 3.0, 2.0, 2.0, 6.0, 3.0, 6.0, 1.0, 1.0], [6.0, 2.0, 1.0, 1.0, 6.0, 2.0, 3.0, 1.0, 2.0, 2.0, 3.0, 6.0, 3.0, 1.0, 6.0, 2.0, 2.0, 3.0, 1.0, 2.0, 5.0, 2.0, 2.0, 3.0, 6.0, 1.0, 1.0, 2.0, 2.0, 3.0, 3.0, 2.0, 2.0, 2.0, 6.0, 3.0, 6.0, 1.0, 2.0], [6.0, 2.0, 1.0, 1.0, 3.0, 2.0, 3.0, 1.0, 2.0, 2.0, 3.0, 2.0, 2.0, 1.0, 5.0, 1.0, 2.0, 3.0, 1.0, 2.0, 3.0, 2.0, 2.0, 3.0, 6.0, 1.0, 1.0, 2.0, 2.0, 3.0, 3.0, 3.0, 2.0, 2.0, 6.0, 3.0, 6.0, 1.0, 2.0], [6.0, 2.0, 2.0, 2.0, 3.0, 2.0, 3.0, 1.0, 2.0, 2.0, 3.0, 3.0, 3.0, 1.0, 6.0, 2.0, 1.0, 3.0, 1.0, 2.0, 5.0, 2.0, 2.0, 2.0, 6.0, 1.0, 1.0, 2.0, 2.0, 3.0, 3.0, 2.0, 2.0, 2.0, 6.0, 3.0, 6.0, 1.0, 2.0], [3.0, 2.0, 2.0, 1.0, 6.0, 2.0, 6.0, 1.0, 2.0, 3.0, 3.0, 3.0, 3.0, 1.0, 6.0, 1.0, 2.0, 3.0, 2.0, 1.0, 3.0, 2.0, 2.0, 3.0, 6.0, 2.0, 2.0, 2.0, 2.0, 2.0, 4.0, 3.0, 2.0, 1.0, 6.0, 3.0, 6.0, 1.0, 2.0], [6.0, 2.0, 1.0, 2.0, 6.0, 2.0, 3.0, 1.0, 2.0, 2.0, 2.0, 3.0, 2.0, 1.0, 6.0, 1.0, 1.0, 3.0, 2.0, 1.0, 3.0, 2.0, 2.0, 3.0, 6.0, 1.0, 2.0, 2.0, 2.0, 2.0, 3.0, 2.0, 2.0, 2.0, 6.0, 3.0, 6.0, 1.0, 2.0], [3.0, 2.0, 2.0, 2.0, 3.0, 2.0, 3.0, 1.0, 2.0, 2.0, 2.0, 3.0, 2.0, 2.0, 5.0, 1.0, 1.0, 3.0, 1.0, 2.0, 3.0, 2.0, 2.0, 2.0, 6.0, 1.0, 2.0, 2.0, 2.0, 3.0, 3.0, 3.0, 2.0, 1.0, 6.0, 3.0, 6.0, 1.0, 2.0], [3.0, 2.0, 1.0, 1.0, 6.0, 2.0, 3.0, 1.0, 2.0, 3.0, 3.0, 3.0, 2.0, 1.0, 6.0, 2.0, 1.0, 3.0, 2.0, 2.0, 3.0, 2.0, 2.0, 3.0, 6.0, 1.0, 1.0, 2.0, 2.0, 3.0, 3.0, 2.0, 2.0, 1.0, 6.0, 3.0, 6.0, 1.0, 2.0], [6.0, 2.0, 1.0, 1.0, 6.0, 2.0, 3.0, 1.0, 2.0, 3.0, 3.0, 3.0, 3.0, 2.0, 6.0, 2.0, 1.0, 3.0, 2.0, 1.0, 3.0, 2.0, 2.0, 3.0, 6.0, 1.0, 2.0, 2.0, 2.0, 3.0, 5.0, 3.0, 2.0, 1.0, 6.0, 2.0, 6.0, 1.0, 2.0], [6.0, 2.0, 2.0, 2.0, 6.0, 2.0, 3.0, 1.0, 2.0, 2.0, 3.0, 3.0, 2.0, 1.0, 5.0, 1.0, 1.0, 6.0, 2.0, 2.0, 2.0, 2.0, 2.0, 3.0, 6.0, 1.0, 2.0, 2.0, 2.0, 3.0, 3.0, 2.0, 2.0, 2.0, 6.0, 3.0, 6.0, 1.0, 2.0], [6.0, 2.0, 1.0, 2.0, 6.0, 2.0, 3.0, 1.0, 2.0, 2.0, 3.0, 3.0, 3.0, 2.0, 6.0, 1.0, 1.0, 6.0, 2.0, 2.0, 3.0, 2.0, 2.0, 3.0, 6.0, 1.0, 2.0, 2.0, 2.0, 3.0, 2.0, 3.0, 2.0, 2.0, 6.0, 3.0, 6.0, 1.0, 2.0], [3.0, 2.0, 1.0, 1.0, 6.0, 2.0, 6.0, 1.0, 2.0, 2.0, 3.0, 6.0, 2.0, 1.0, 6.0, 2.0, 1.0, 3.0, 1.0, 2.0, 3.0, 2.0, 2.0, 3.0, 6.0, 1.0, 2.0, 2.0, 2.0, 3.0, 5.0, 2.0, 2.0, 2.0, 3.0, 2.0, 6.0, 1.0, 2.0], [6.0, 2.0, 2.0, 2.0, 3.0, 2.0, 6.0, 1.0, 2.0, 2.0, 3.0, 3.0, 5.0, 1.0, 6.0, 2.0, 1.0, 3.0, 2.0, 2.0, 3.0, 2.0, 2.0, 2.0, 6.0, 1.0, 2.0, 2.0, 2.0, 3.0, 3.0, 3.0, 2.0, 1.0, 6.0, 2.0, 6.0, 1.0, 2.0], [3.0, 2.0, 1.0, 1.0, 6.0, 3.0, 3.0, 1.0, 2.0, 2.0, 3.0, 3.0, 2.0, 1.0, 6.0, 1.0, 1.0, 6.0, 2.0, 2.0, 3.0, 2.0, 2.0, 3.0, 6.0, 1.0, 1.0, 2.0, 2.0, 2.0, 4.0, 3.0, 1.0, 2.0, 6.0, 3.0, 6.0, 1.0, 2.0], [6.0, 2.0, 1.0, 1.0, 6.0, 2.0, 3.0, 1.0, 2.0, 2.0, 3.0, 3.0, 2.0, 2.0, 6.0, 1.0, 1.0, 3.0, 2.0, 1.0, 3.0, 2.0, 2.0, 2.0, 6.0, 1.0, 2.0, 2.0, 2.0, 2.0, 3.0, 2.0, 2.0, 2.0, 6.0, 3.0, 6.0, 1.0, 2.0], [6.0, 2.0, 1.0, 2.0, 3.0, 2.0, 3.0, 1.0, 2.0, 2.0, 3.0, 3.0, 2.0, 1.0, 6.0, 1.0, 2.0, 3.0, 2.0, 2.0, 3.0, 2.0, 2.0, 2.0, 6.0, 1.0, 1.0, 2.0, 2.0, 3.0, 3.0, 2.0, 2.0, 2.0, 6.0, 3.0, 6.0, 1.0, 2.0]]

first layer check: Conv2d(6, 64, kernel_size=(7, 7), stride=(2, 2), padding=(3, 3), bias=False)

for model 3: mode acc: 0.4615384638309479, run mean acc: 0.4804166555404663, top-2 acc:0.6962500214576721, mode f1: 0.4615384638309479

model 3 mode preds
[6.0, 2.0, 2.0, 2.0, 5.0, 2.0, 5.0, 2.0, 2.0, 2.0, 3.0, 3.0, 2.0, 2.0, 6.0, 1.0, 1.0, 3.0, 2.0, 2.0, 5.0, 2.0, 2.0, 3.0, 5.0, 1.0, 1.0, 2.0, 2.0, 2.0, 5.0, 2.0, 2.0, 2.0, 6.0, 3.0, 6.0, 2.0, 2.0]

model 3 all preds
[[6.0, 2.0, 3.0, 2.0, 5.0, 2.0, 3.0, 2.0, 2.0, 2.0, 3.0, 6.0, 2.0, 0.0, 6.0, 1.0, 1.0, 3.0, 2.0, 2.0, 4.0, 2.0, 2.0, 3.0, 6.0, 1.0, 1.0, 2.0, 2.0, 2.0, 5.0, 2.0, 0.0, 1.0, 6.0, 3.0, 6.0, 2.0, 0.0], [6.0, 2.0, 2.0, 1.0, 5.0, 2.0, 5.0, 0.0, 2.0, 2.0, 3.0, 3.0, 2.0, 0.0, 5.0, 1.0, 1.0, 3.0, 2.0, 1.0, 5.0, 2.0, 2.0, 3.0, 5.0, 1.0, 1.0, 2.0, 2.0, 3.0, 5.0, 2.0, 0.0, 2.0, 6.0, 4.0, 6.0, 2.0, 2.0], [5.0, 2.0, 2.0, 2.0, 5.0, 2.0, 5.0, 2.0, 2.0, 2.0, 4.0, 2.0, 3.0, 2.0, 6.0, 1.0, 1.0, 3.0, 2.0, 1.0, 4.0, 2.0, 2.0, 3.0, 5.0, 1.0, 1.0, 2.0, 2.0, 2.0, 5.0, 2.0, 2.0, 1.0, 6.0, 3.0, 6.0, 2.0, 1.0], [3.0, 2.0, 2.0, 2.0, 5.0, 2.0, 3.0, 2.0, 2.0, 2.0, 4.0, 3.0, 2.0, 2.0, 5.0, 1.0, 1.0, 3.0, 2.0, 2.0, 5.0, 2.0, 2.0, 3.0, 5.0, 0.0, 1.0, 2.0, 2.0, 3.0, 5.0, 2.0, 2.0, 2.0, 6.0, 3.0, 6.0, 2.0, 2.0], [6.0, 2.0, 2.0, 2.0, 3.0, 2.0, 5.0, 2.0, 2.0, 2.0, 4.0, 3.0, 2.0, 2.0, 6.0, 1.0, 1.0, 3.0, 2.0, 1.0, 5.0, 1.0, 2.0, 2.0, 5.0, 1.0, 1.0, 2.0, 2.0, 3.0, 5.0, 2.0, 2.0, 2.0, 6.0, 4.0, 6.0, 2.0, 3.0], [6.0, 2.0, 2.0, 2.0, 5.0, 2.0, 5.0, 0.0, 2.0, 2.0, 4.0, 3.0, 2.0, 0.0, 6.0, 2.0, 1.0, 3.0, 2.0, 3.0, 4.0, 1.0, 2.0, 3.0, 5.0, 1.0, 1.0, 2.0, 2.0, 3.0, 5.0, 2.0, 1.0, 3.0, 6.0, 3.0, 6.0, 2.0, 2.0], [6.0, 2.0, 2.0, 1.0, 5.0, 2.0, 4.0, 2.0, 2.0, 2.0, 4.0, 3.0, 2.0, 2.0, 6.0, 1.0, 1.0, 6.0, 2.0, 3.0, 2.0, 2.0, 2.0, 3.0, 6.0, 0.0, 1.0, 2.0, 2.0, 2.0, 4.0, 2.0, 2.0, 1.0, 6.0, 3.0, 6.0, 2.0, 2.0], [6.0, 2.0, 2.0, 1.0, 5.0, 2.0, 5.0, 2.0, 2.0, 2.0, 3.0, 6.0, 2.0, 2.0, 5.0, 1.0, 1.0, 3.0, 2.0, 1.0, 5.0, 2.0, 2.0, 3.0, 5.0, 1.0, 1.0, 2.0, 2.0, 2.0, 5.0, 2.0, 2.0, 1.0, 6.0, 3.0, 6.0, 2.0, 1.0], [6.0, 3.0, 2.0, 2.0, 3.0, 2.0, 5.0, 0.0, 2.0, 2.0, 4.0, 6.0, 3.0, 2.0, 6.0, 1.0, 1.0, 3.0, 2.0, 2.0, 5.0, 2.0, 2.0, 3.0, 5.0, 1.0, 1.0, 2.0, 1.0, 3.0, 5.0, 2.0, 1.0, 2.0, 6.0, 2.0, 6.0, 2.0, 1.0], [6.0, 2.0, 2.0, 1.0, 5.0, 2.0, 3.0, 2.0, 2.0, 2.0, 4.0, 3.0, 2.0, 2.0, 6.0, 1.0, 1.0, 6.0, 2.0, 1.0, 4.0, 2.0, 2.0, 3.0, 5.0, 0.0, 1.0, 2.0, 2.0, 2.0, 5.0, 2.0, 0.0, 1.0, 6.0, 4.0, 6.0, 2.0, 1.0], [6.0, 2.0, 2.0, 2.0, 5.0, 2.0, 3.0, 0.0, 2.0, 2.0, 3.0, 6.0, 2.0, 2.0, 5.0, 1.0, 1.0, 6.0, 2.0, 2.0, 5.0, 2.0, 2.0, 3.0, 5.0, 1.0, 1.0, 2.0, 2.0, 3.0, 5.0, 2.0, 2.0, 1.0, 6.0, 3.0, 6.0, 2.0, 1.0], [6.0, 2.0, 2.0, 0.0, 5.0, 2.0, 5.0, 2.0, 2.0, 2.0, 3.0, 3.0, 2.0, 2.0, 6.0, 1.0, 1.0, 3.0, 2.0, 2.0, 5.0, 2.0, 2.0, 3.0, 5.0, 1.0, 1.0, 2.0, 2.0, 2.0, 5.0, 2.0, 1.0, 1.0, 6.0, 4.0, 6.0, 2.0, 2.0], [6.0, 2.0, 2.0, 2.0, 5.0, 2.0, 5.0, 2.0, 2.0, 2.0, 4.0, 6.0, 2.0, 2.0, 6.0, 1.0, 1.0, 3.0, 2.0, 1.0, 3.0, 2.0, 2.0, 3.0, 5.0, 1.0, 1.0, 2.0, 2.0, 2.0, 5.0, 2.0, 1.0, 2.0, 6.0, 3.0, 6.0, 2.0, 0.0], [6.0, 2.0, 2.0, 2.0, 5.0, 2.0, 5.0, 2.0, 2.0, 1.0, 3.0, 3.0, 3.0, 2.0, 6.0, 1.0, 1.0, 3.0, 2.0, 2.0, 5.0, 2.0, 2.0, 3.0, 5.0, 1.0, 1.0, 2.0, 1.0, 2.0, 5.0, 2.0, 0.0, 1.0, 6.0, 3.0, 6.0, 2.0, 2.0], [6.0, 2.0, 3.0, 1.0, 5.0, 2.0, 6.0, 2.0, 2.0, 2.0, 4.0, 2.0, 2.0, 0.0, 5.0, 1.0, 1.0, 3.0, 2.0, 2.0, 6.0, 2.0, 2.0, 3.0, 5.0, 1.0, 1.0, 2.0, 2.0, 3.0, 5.0, 2.0, 2.0, 1.0, 6.0, 3.0, 6.0, 2.0, 1.0], [6.0, 2.0, 2.0, 2.0, 5.0, 2.0, 5.0, 2.0, 2.0, 2.0, 4.0, 5.0, 2.0, 2.0, 5.0, 1.0, 1.0, 3.0, 1.0, 2.0, 5.0, 2.0, 2.0, 3.0, 5.0, 1.0, 1.0, 2.0, 2.0, 2.0, 5.0, 2.0, 1.0, 1.0, 6.0, 3.0, 6.0, 2.0, 2.0], [6.0, 2.0, 2.0, 2.0, 6.0, 2.0, 5.0, 2.0, 2.0, 2.0, 4.0, 3.0, 2.0, 2.0, 6.0, 1.0, 1.0, 3.0, 1.0, 2.0, 2.0, 2.0, 2.0, 3.0, 5.0, 1.0, 1.0, 2.0, 2.0, 2.0, 5.0, 2.0, 2.0, 1.0, 6.0, 3.0, 6.0, 2.0, 1.0], [5.0, 2.0, 2.0, 1.0, 3.0, 2.0, 5.0, 0.0, 2.0, 2.0, 3.0, 3.0, 2.0, 2.0, 6.0, 1.0, 1.0, 3.0, 2.0, 2.0, 5.0, 2.0, 2.0, 3.0, 5.0, 1.0, 1.0, 2.0, 2.0, 2.0, 4.0, 2.0, 1.0, 1.0, 6.0, 3.0, 6.0, 2.0, 2.0], [6.0, 2.0, 2.0, 2.0, 5.0, 2.0, 5.0, 2.0, 2.0, 2.0, 3.0, 6.0, 2.0, 1.0, 6.0, 1.0, 1.0, 3.0, 2.0, 2.0, 5.0, 2.0, 2.0, 3.0, 5.0, 0.0, 1.0, 2.0, 2.0, 3.0, 5.0, 2.0, 1.0, 2.0, 6.0, 3.0, 6.0, 2.0, 2.0], [5.0, 2.0, 2.0, 2.0, 5.0, 2.0, 5.0, 2.0, 2.0, 2.0, 2.0, 3.0, 2.0, 2.0, 6.0, 2.0, 1.0, 6.0, 2.0, 2.0, 2.0, 2.0, 2.0, 3.0, 5.0, 1.0, 1.0, 2.0, 2.0, 2.0, 5.0, 2.0, 2.0, 2.0, 6.0, 3.0, 6.0, 2.0, 3.0], [6.0, 2.0, 2.0, 0.0, 5.0, 2.0, 5.0, 2.0, 2.0, 2.0, 3.0, 6.0, 2.0, 0.0, 6.0, 2.0, 1.0, 6.0, 2.0, 2.0, 5.0, 1.0, 2.0, 3.0, 5.0, 0.0, 1.0, 2.0, 2.0, 2.0, 4.0, 2.0, 2.0, 1.0, 6.0, 3.0, 6.0, 2.0, 2.0], [3.0, 2.0, 2.0, 2.0, 5.0, 2.0, 5.0, 0.0, 2.0, 1.0, 3.0, 3.0, 2.0, 2.0, 6.0, 1.0, 1.0, 3.0, 2.0, 2.0, 6.0, 1.0, 2.0, 2.0, 5.0, 0.0, 1.0, 2.0, 2.0, 2.0, 5.0, 2.0, 1.0, 3.0, 6.0, 4.0, 6.0, 2.0, 2.0], [6.0, 3.0, 2.0, 2.0, 5.0, 2.0, 5.0, 2.0, 2.0, 2.0, 4.0, 3.0, 2.0, 0.0, 6.0, 1.0, 1.0, 3.0, 2.0, 1.0, 4.0, 2.0, 2.0, 3.0, 5.0, 1.0, 1.0, 2.0, 2.0, 2.0, 5.0, 2.0, 2.0, 3.0, 6.0, 2.0, 6.0, 2.0, 1.0], [3.0, 2.0, 2.0, 2.0, 3.0, 2.0, 5.0, 2.0, 2.0, 2.0, 3.0, 3.0, 2.0, 2.0, 6.0, 1.0, 1.0, 3.0, 2.0, 2.0, 4.0, 2.0, 2.0, 3.0, 5.0, 1.0, 1.0, 2.0, 2.0, 3.0, 5.0, 2.0, 2.0, 1.0, 6.0, 3.0, 6.0, 2.0, 3.0], [6.0, 2.0, 2.0, 2.0, 3.0, 2.0, 5.0, 0.0, 2.0, 2.0, 2.0, 6.0, 2.0, 2.0, 6.0, 1.0, 1.0, 3.0, 2.0, 1.0, 4.0, 2.0, 2.0, 3.0, 5.0, 1.0, 1.0, 2.0, 2.0, 2.0, 5.0, 2.0, 2.0, 0.0, 6.0, 3.0, 6.0, 2.0, 1.0], [3.0, 4.0, 2.0, 2.0, 5.0, 2.0, 5.0, 2.0, 2.0, 2.0, 3.0, 3.0, 2.0, 2.0, 6.0, 1.0, 1.0, 3.0, 2.0, 1.0, 5.0, 1.0, 2.0, 3.0, 6.0, 1.0, 1.0, 2.0, 2.0, 2.0, 2.0, 2.0, 2.0, 1.0, 6.0, 2.0, 6.0, 2.0, 2.0], [6.0, 2.0, 2.0, 0.0, 3.0, 2.0, 3.0, 2.0, 2.0, 2.0, 4.0, 3.0, 2.0, 2.0, 6.0, 1.0, 1.0, 3.0, 1.0, 1.0, 4.0, 2.0, 2.0, 3.0, 5.0, 1.0, 1.0, 2.0, 1.0, 2.0, 3.0, 2.0, 2.0, 2.0, 6.0, 2.0, 6.0, 2.0, 2.0], [6.0, 2.0, 2.0, 1.0, 5.0, 2.0, 5.0, 0.0, 2.0, 2.0, 2.0, 6.0, 2.0, 2.0, 6.0, 2.0, 1.0, 3.0, 2.0, 2.0, 5.0, 2.0, 2.0, 3.0, 5.0, 1.0, 1.0, 2.0, 2.0, 2.0, 5.0, 2.0, 1.0, 2.0, 6.0, 3.0, 6.0, 2.0, 1.0], [5.0, 2.0, 2.0, 2.0, 5.0, 2.0, 3.0, 2.0, 2.0, 2.0, 3.0, 2.0, 2.0, 0.0, 6.0, 1.0, 1.0, 3.0, 2.0, 1.0, 5.0, 2.0, 2.0, 3.0, 5.0, 1.0, 1.0, 2.0, 2.0, 3.0, 5.0, 2.0, 2.0, 2.0, 6.0, 4.0, 6.0, 2.0, 1.0], [6.0, 2.0, 2.0, 1.0, 5.0, 2.0, 3.0, 1.0, 2.0, 3.0, 3.0, 3.0, 3.0, 2.0, 6.0, 1.0, 1.0, 3.0, 2.0, 2.0, 5.0, 2.0, 2.0, 2.0, 5.0, 1.0, 1.0, 2.0, 2.0, 3.0, 6.0, 2.0, 2.0, 2.0, 6.0, 3.0, 6.0, 2.0, 2.0], [3.0, 2.0, 3.0, 2.0, 3.0, 2.0, 5.0, 2.0, 2.0, 2.0, 3.0, 6.0, 2.0, 2.0, 5.0, 1.0, 1.0, 6.0, 2.0, 1.0, 5.0, 1.0, 2.0, 3.0, 5.0, 1.0, 1.0, 2.0, 2.0, 2.0, 5.0, 2.0, 1.0, 1.0, 6.0, 4.0, 6.0, 2.0, 1.0], [6.0, 2.0, 2.0, 2.0, 6.0, 2.0, 5.0, 0.0, 2.0, 2.0, 3.0, 3.0, 2.0, 2.0, 6.0, 1.0, 1.0, 3.0, 2.0, 1.0, 5.0, 2.0, 2.0, 3.0, 5.0, 0.0, 1.0, 2.0, 1.0, 2.0, 5.0, 2.0, 0.0, 2.0, 6.0, 3.0, 6.0, 2.0, 2.0], [6.0, 2.0, 2.0, 1.0, 5.0, 2.0, 5.0, 2.0, 2.0, 1.0, 4.0, 3.0, 2.0, 0.0, 5.0, 1.0, 1.0, 6.0, 2.0, 1.0, 5.0, 2.0, 2.0, 3.0, 5.0, 1.0, 1.0, 2.0, 2.0, 2.0, 5.0, 2.0, 2.0, 2.0, 6.0, 2.0, 6.0, 2.0, 3.0], [6.0, 4.0, 2.0, 2.0, 3.0, 2.0, 3.0, 2.0, 2.0, 2.0, 3.0, 2.0, 2.0, 0.0, 6.0, 1.0, 1.0, 3.0, 2.0, 2.0, 5.0, 2.0, 2.0, 3.0, 6.0, 0.0, 1.0, 2.0, 2.0, 2.0, 5.0, 2.0, 2.0, 1.0, 6.0, 3.0, 6.0, 2.0, 1.0], [6.0, 2.0, 2.0, 1.0, 5.0, 2.0, 6.0, 2.0, 2.0, 2.0, 2.0, 2.0, 2.0, 1.0, 6.0, 1.0, 1.0, 3.0, 1.0, 2.0, 5.0, 2.0, 2.0, 3.0, 5.0, 1.0, 1.0, 2.0, 2.0, 3.0, 5.0, 2.0, 1.0, 2.0, 6.0, 3.0, 6.0, 2.0, 0.0], [6.0, 2.0, 2.0, 2.0, 5.0, 2.0, 3.0, 0.0, 2.0, 2.0, 3.0, 3.0, 2.0, 2.0, 5.0, 1.0, 1.0, 6.0, 2.0, 2.0, 4.0, 2.0, 2.0, 3.0, 5.0, 1.0, 1.0, 2.0, 2.0, 3.0, 5.0, 2.0, 1.0, 2.0, 6.0, 3.0, 6.0, 2.0, 2.0], [6.0, 2.0, 2.0, 2.0, 5.0, 2.0, 5.0, 2.0, 2.0, 1.0, 3.0, 3.0, 3.0, 2.0, 6.0, 1.0, 1.0, 6.0, 2.0, 1.0, 6.0, 2.0, 2.0, 3.0, 6.0, 0.0, 1.0, 2.0, 1.0, 2.0, 5.0, 2.0, 1.0, 2.0, 6.0, 3.0, 6.0, 2.0, 2.0], [6.0, 2.0, 2.0, 2.0, 5.0, 2.0, 5.0, 2.0, 2.0, 2.0, 3.0, 3.0, 2.0, 2.0, 6.0, 1.0, 1.0, 3.0, 2.0, 2.0, 5.0, 2.0, 2.0, 3.0, 5.0, 1.0, 1.0, 2.0, 2.0, 2.0, 5.0, 2.0, 1.0, 2.0, 6.0, 3.0, 6.0, 2.0, 1.0], [6.0, 2.0, 2.0, 1.0, 6.0, 2.0, 5.0, 2.0, 2.0, 2.0, 3.0, 6.0, 2.0, 2.0, 6.0, 1.0, 1.0, 6.0, 2.0, 1.0, 5.0, 2.0, 2.0, 2.0, 6.0, 1.0, 1.0, 2.0, 2.0, 2.0, 5.0, 2.0, 2.0, 1.0, 6.0, 3.0, 6.0, 2.0, 1.0], [6.0, 2.0, 2.0, 2.0, 5.0, 2.0, 5.0, 0.0, 2.0, 1.0, 3.0, 2.0, 2.0, 2.0, 6.0, 1.0, 1.0, 3.0, 2.0, 2.0, 4.0, 2.0, 2.0, 3.0, 5.0, 1.0, 1.0, 2.0, 2.0, 2.0, 5.0, 2.0, 2.0, 2.0, 6.0, 2.0, 6.0, 2.0, 1.0], [6.0, 2.0, 2.0, 2.0, 3.0, 2.0, 5.0, 2.0, 2.0, 2.0, 3.0, 6.0, 2.0, 2.0, 6.0, 1.0, 1.0, 3.0, 2.0, 1.0, 4.0, 2.0, 2.0, 3.0, 5.0, 1.0, 1.0, 2.0, 2.0, 3.0, 5.0, 2.0, 2.0, 2.0, 3.0, 3.0, 6.0, 2.0, 2.0], [3.0, 4.0, 2.0, 2.0, 5.0, 2.0, 5.0, 2.0, 2.0, 2.0, 4.0, 3.0, 2.0, 2.0, 6.0, 1.0, 1.0, 6.0, 2.0, 1.0, 5.0, 2.0, 2.0, 3.0, 6.0, 1.0, 1.0, 2.0, 2.0, 2.0, 5.0, 2.0, 1.0, 2.0, 6.0, 3.0, 6.0, 2.0, 3.0], [6.0, 2.0, 2.0, 1.0, 5.0, 2.0, 3.0, 0.0, 2.0, 2.0, 3.0, 3.0, 2.0, 2.0, 6.0, 1.0, 1.0, 3.0, 2.0, 2.0, 4.0, 1.0, 2.0, 2.0, 5.0, 1.0, 1.0, 2.0, 2.0, 3.0, 5.0, 2.0, 0.0, 2.0, 6.0, 3.0, 6.0, 2.0, 0.0], [6.0, 4.0, 2.0, 2.0, 5.0, 2.0, 5.0, 2.0, 2.0, 2.0, 4.0, 3.0, 2.0, 2.0, 6.0, 1.0, 1.0, 3.0, 2.0, 2.0, 6.0, 2.0, 2.0, 3.0, 5.0, 1.0, 1.0, 2.0, 2.0, 4.0, 5.0, 2.0, 2.0, 2.0, 6.0, 4.0, 6.0, 2.0, 2.0], [6.0, 2.0, 2.0, 2.0, 5.0, 2.0, 3.0, 1.0, 2.0, 2.0, 3.0, 3.0, 2.0, 1.0, 5.0, 2.0, 1.0, 3.0, 1.0, 1.0, 4.0, 2.0, 2.0, 3.0, 5.0, 1.0, 1.0, 2.0, 2.0, 3.0, 5.0, 2.0, 1.0, 1.0, 6.0, 3.0, 6.0, 2.0, 2.0], [6.0, 2.0, 2.0, 1.0, 3.0, 2.0, 5.0, 1.0, 2.0, 2.0, 4.0, 6.0, 2.0, 0.0, 6.0, 1.0, 1.0, 3.0, 2.0, 2.0, 2.0, 1.0, 2.0, 3.0, 5.0, 1.0, 1.0, 2.0, 2.0, 2.0, 5.0, 2.0, 1.0, 2.0, 6.0, 3.0, 6.0, 2.0, 2.0], [6.0, 2.0, 2.0, 2.0, 5.0, 2.0, 5.0, 1.0, 2.0, 2.0, 3.0, 6.0, 2.0, 1.0, 6.0, 1.0, 1.0, 6.0, 2.0, 1.0, 5.0, 2.0, 2.0, 3.0, 5.0, 1.0, 1.0, 2.0, 2.0, 3.0, 5.0, 2.0, 2.0, 2.0, 6.0, 4.0, 6.0, 2.0, 2.0], [6.0, 2.0, 2.0, 2.0, 5.0, 2.0, 5.0, 0.0, 2.0, 2.0, 3.0, 3.0, 2.0, 2.0, 6.0, 1.0, 1.0, 6.0, 2.0, 1.0, 5.0, 2.0, 2.0, 3.0, 5.0, 1.0, 1.0, 2.0, 1.0, 2.0, 2.0, 2.0, 1.0, 1.0, 6.0, 3.0, 6.0, 2.0, 1.0], [6.0, 2.0, 2.0, 2.0, 3.0, 2.0, 5.0, 2.0, 2.0, 2.0, 4.0, 6.0, 2.0, 2.0, 6.0, 1.0, 1.0, 4.0, 2.0, 3.0, 2.0, 1.0, 2.0, 3.0, 5.0, 1.0, 1.0, 2.0, 2.0, 2.0, 5.0, 2.0, 2.0, 2.0, 6.0, 3.0, 6.0, 2.0, 1.0], [3.0, 2.0, 2.0, 1.0, 5.0, 2.0, 5.0, 2.0, 2.0, 3.0, 4.0, 3.0, 2.0, 2.0, 6.0, 1.0, 1.0, 6.0, 2.0, 2.0, 6.0, 2.0, 2.0, 3.0, 5.0, 1.0, 1.0, 2.0, 2.0, 3.0, 5.0, 2.0, 0.0, 2.0, 6.0, 3.0, 6.0, 2.0, 2.0]]

first layer check: Conv2d(6, 64, kernel_size=(7, 7), stride=(2, 2), padding=(3, 3), bias=False)

for model 4: mode acc: 0.4615384638309479, run mean acc: 0.5254167318344116, top-2 acc:0.7691666483879089, mode f1: 0.4615384638309479

model 4 mode preds
[6.0, 2.0, 2.0, 2.0, 6.0, 2.0, 5.0, 2.0, 3.0, 3.0, 3.0, 5.0, 2.0, 1.0, 6.0, 2.0, 2.0, 3.0, 1.0, 2.0, 5.0, 4.0, 2.0, 2.0, 6.0, 1.0, 1.0, 3.0, 2.0, 3.0, 6.0, 2.0, 2.0, 1.0, 6.0, 3.0, 6.0, 2.0, 2.0]

model 4 all preds
[[6.0, 2.0, 2.0, 2.0, 5.0, 2.0, 6.0, 2.0, 3.0, 3.0, 5.0, 5.0, 2.0, 2.0, 5.0, 2.0, 1.0, 3.0, 1.0, 2.0, 5.0, 2.0, 2.0, 3.0, 6.0, 1.0, 1.0, 3.0, 2.0, 3.0, 6.0, 2.0, 1.0, 1.0, 6.0, 6.0, 6.0, 2.0, 3.0], [5.0, 2.0, 2.0, 2.0, 5.0, 2.0, 5.0, 2.0, 3.0, 3.0, 3.0, 5.0, 2.0, 2.0, 6.0, 2.0, 2.0, 6.0, 2.0, 2.0, 5.0, 4.0, 2.0, 3.0, 6.0, 1.0, 1.0, 3.0, 2.0, 3.0, 5.0, 2.0, 2.0, 2.0, 6.0, 5.0, 6.0, 2.0, 1.0], [6.0, 3.0, 2.0, 2.0, 5.0, 2.0, 5.0, 2.0, 3.0, 3.0, 3.0, 5.0, 5.0, 1.0, 6.0, 2.0, 1.0, 5.0, 1.0, 2.0, 5.0, 4.0, 2.0, 3.0, 6.0, 1.0, 1.0, 3.0, 2.0, 3.0, 6.0, 2.0, 1.0, 2.0, 6.0, 3.0, 6.0, 2.0, 2.0], [6.0, 5.0, 2.0, 2.0, 5.0, 2.0, 5.0, 2.0, 3.0, 3.0, 3.0, 5.0, 2.0, 1.0, 6.0, 2.0, 2.0, 6.0, 2.0, 2.0, 5.0, 4.0, 2.0, 2.0, 6.0, 1.0, 1.0, 3.0, 2.0, 4.0, 5.0, 2.0, 2.0, 1.0, 6.0, 3.0, 6.0, 2.0, 3.0], [2.0, 2.0, 2.0, 2.0, 6.0, 2.0, 6.0, 2.0, 3.0, 2.0, 5.0, 5.0, 2.0, 1.0, 6.0, 2.0, 1.0, 5.0, 2.0, 2.0, 5.0, 4.0, 2.0, 3.0, 6.0, 1.0, 1.0, 3.0, 2.0, 3.0, 6.0, 2.0, 1.0, 1.0, 6.0, 4.0, 6.0, 2.0, 3.0], [5.0, 4.0, 2.0, 2.0, 5.0, 2.0, 6.0, 2.0, 3.0, 3.0, 5.0, 3.0, 2.0, 2.0, 6.0, 2.0, 2.0, 6.0, 2.0, 2.0, 5.0, 2.0, 2.0, 5.0, 6.0, 1.0, 1.0, 3.0, 2.0, 4.0, 6.0, 2.0, 1.0, 1.0, 6.0, 5.0, 6.0, 2.0, 2.0], [6.0, 2.0, 2.0, 2.0, 6.0, 2.0, 6.0, 2.0, 3.0, 3.0, 3.0, 5.0, 2.0, 1.0, 6.0, 2.0, 2.0, 6.0, 1.0, 2.0, 6.0, 2.0, 2.0, 3.0, 6.0, 1.0, 1.0, 3.0, 2.0, 3.0, 6.0, 2.0, 1.0, 1.0, 6.0, 5.0, 6.0, 2.0, 2.0], [6.0, 4.0, 2.0, 2.0, 5.0, 3.0, 5.0, 2.0, 3.0, 2.0, 5.0, 5.0, 2.0, 2.0, 6.0, 2.0, 2.0, 5.0, 2.0, 2.0, 5.0, 2.0, 2.0, 2.0, 6.0, 1.0, 1.0, 3.0, 2.0, 2.0, 5.0, 2.0, 2.0, 1.0, 6.0, 3.0, 6.0, 2.0, 1.0], [6.0, 4.0, 2.0, 2.0, 5.0, 2.0, 5.0, 2.0, 3.0, 3.0, 3.0, 5.0, 2.0, 1.0, 5.0, 2.0, 2.0, 6.0, 1.0, 2.0, 5.0, 2.0, 2.0, 5.0, 6.0, 1.0, 1.0, 3.0, 2.0, 3.0, 6.0, 2.0, 2.0, 2.0, 6.0, 3.0, 6.0, 2.0, 1.0], [6.0, 2.0, 2.0, 2.0, 5.0, 2.0, 6.0, 2.0, 3.0, 3.0, 3.0, 5.0, 2.0, 1.0, 5.0, 2.0, 1.0, 6.0, 2.0, 2.0, 5.0, 2.0, 2.0, 5.0, 6.0, 1.0, 1.0, 3.0, 2.0, 4.0, 4.0, 2.0, 1.0, 1.0, 6.0, 3.0, 6.0, 2.0, 3.0], [5.0, 4.0, 2.0, 1.0, 5.0, 2.0, 5.0, 2.0, 3.0, 3.0, 3.0, 5.0, 2.0, 1.0, 5.0, 2.0, 1.0, 6.0, 1.0, 2.0, 3.0, 4.0, 2.0, 2.0, 6.0, 1.0, 1.0, 3.0, 2.0, 3.0, 6.0, 2.0, 2.0, 1.0, 6.0, 3.0, 6.0, 2.0, 2.0], [6.0, 2.0, 2.0, 2.0, 5.0, 2.0, 5.0, 2.0, 3.0, 2.0, 3.0, 5.0, 2.0, 1.0, 6.0, 2.0, 1.0, 3.0, 1.0, 2.0, 5.0, 4.0, 2.0, 2.0, 6.0, 1.0, 1.0, 3.0, 2.0, 4.0, 6.0, 2.0, 2.0, 2.0, 6.0, 2.0, 6.0, 2.0, 3.0], [6.0, 3.0, 1.0, 2.0, 5.0, 2.0, 5.0, 2.0, 3.0, 3.0, 3.0, 5.0, 2.0, 2.0, 6.0, 2.0, 2.0, 6.0, 2.0, 2.0, 5.0, 4.0, 2.0, 2.0, 6.0, 1.0, 1.0, 3.0, 2.0, 4.0, 6.0, 2.0, 1.0, 2.0, 6.0, 3.0, 6.0, 2.0, 3.0], [6.0, 2.0, 2.0, 2.0, 5.0, 2.0, 5.0, 2.0, 3.0, 3.0, 3.0, 5.0, 2.0, 2.0, 6.0, 2.0, 2.0, 3.0, 2.0, 2.0, 5.0, 2.0, 2.0, 2.0, 6.0, 1.0, 1.0, 3.0, 2.0, 4.0, 5.0, 2.0, 2.0, 1.0, 6.0, 3.0, 6.0, 2.0, 3.0], [6.0, 4.0, 2.0, 2.0, 5.0, 2.0, 5.0, 2.0, 3.0, 3.0, 3.0, 3.0, 2.0, 2.0, 6.0, 2.0, 2.0, 5.0, 2.0, 2.0, 5.0, 4.0, 2.0, 2.0, 6.0, 1.0, 1.0, 3.0, 2.0, 3.0, 5.0, 2.0, 2.0, 1.0, 6.0, 5.0, 6.0, 2.0, 2.0], [5.0, 4.0, 2.0, 2.0, 6.0, 2.0, 5.0, 2.0, 3.0, 2.0, 5.0, 5.0, 2.0, 1.0, 6.0, 2.0, 1.0, 3.0, 1.0, 2.0, 5.0, 4.0, 2.0, 2.0, 6.0, 1.0, 1.0, 3.0, 2.0, 4.0, 6.0, 2.0, 1.0, 1.0, 6.0, 2.0, 6.0, 2.0, 1.0], [6.0, 4.0, 2.0, 2.0, 6.0, 2.0, 6.0, 2.0, 3.0, 2.0, 3.0, 5.0, 2.0, 2.0, 5.0, 2.0, 2.0, 3.0, 2.0, 2.0, 5.0, 4.0, 2.0, 2.0, 6.0, 1.0, 1.0, 3.0, 2.0, 3.0, 5.0, 2.0, 2.0, 1.0, 6.0, 5.0, 6.0, 2.0, 1.0], [6.0, 2.0, 3.0, 2.0, 6.0, 2.0, 6.0, 2.0, 3.0, 2.0, 5.0, 5.0, 2.0, 2.0, 6.0, 2.0, 1.0, 3.0, 1.0, 2.0, 5.0, 2.0, 2.0, 2.0, 6.0, 1.0, 1.0, 3.0, 2.0, 4.0, 6.0, 2.0, 2.0, 1.0, 6.0, 4.0, 6.0, 2.0, 3.0], [6.0, 3.0, 2.0, 2.0, 6.0, 2.0, 6.0, 2.0, 3.0, 3.0, 5.0, 5.0, 2.0, 1.0, 6.0, 2.0, 2.0, 6.0, 2.0, 2.0, 3.0, 4.0, 2.0, 2.0, 6.0, 1.0, 1.0, 3.0, 2.0, 5.0, 6.0, 2.0, 1.0, 2.0, 6.0, 3.0, 6.0, 2.0, 3.0], [6.0, 3.0, 1.0, 2.0, 6.0, 3.0, 5.0, 2.0, 3.0, 3.0, 5.0, 5.0, 2.0, 1.0, 6.0, 2.0, 2.0, 5.0, 2.0, 2.0, 5.0, 4.0, 2.0, 3.0, 6.0, 1.0, 1.0, 3.0, 2.0, 4.0, 6.0, 2.0, 2.0, 1.0, 6.0, 5.0, 6.0, 2.0, 1.0], [6.0, 2.0, 2.0, 2.0, 6.0, 2.0, 5.0, 2.0, 3.0, 3.0, 3.0, 5.0, 2.0, 1.0, 6.0, 2.0, 1.0, 3.0, 1.0, 2.0, 5.0, 2.0, 2.0, 3.0, 6.0, 1.0, 1.0, 3.0, 2.0, 4.0, 6.0, 2.0, 2.0, 2.0, 6.0, 6.0, 6.0, 2.0, 2.0], [6.0, 4.0, 2.0, 2.0, 6.0, 2.0, 6.0, 1.0, 3.0, 3.0, 3.0, 5.0, 2.0, 1.0, 6.0, 2.0, 1.0, 3.0, 1.0, 2.0, 5.0, 4.0, 2.0, 2.0, 6.0, 1.0, 2.0, 3.0, 2.0, 3.0, 6.0, 2.0, 2.0, 1.0, 6.0, 3.0, 6.0, 2.0, 2.0], [6.0, 2.0, 2.0, 2.0, 6.0, 2.0, 5.0, 2.0, 3.0, 3.0, 3.0, 5.0, 2.0, 2.0, 6.0, 2.0, 1.0, 3.0, 1.0, 2.0, 5.0, 2.0, 2.0, 5.0, 6.0, 1.0, 1.0, 2.0, 2.0, 4.0, 5.0, 2.0, 1.0, 2.0, 6.0, 3.0, 6.0, 2.0, 1.0], [6.0, 2.0, 2.0, 2.0, 5.0, 2.0, 5.0, 2.0, 3.0, 3.0, 3.0, 5.0, 2.0, 1.0, 6.0, 2.0, 2.0, 6.0, 1.0, 2.0, 5.0, 4.0, 2.0, 2.0, 6.0, 1.0, 1.0, 3.0, 2.0, 4.0, 6.0, 2.0, 2.0, 1.0, 6.0, 4.0, 6.0, 2.0, 1.0], [6.0, 3.0, 2.0, 2.0, 6.0, 2.0, 6.0, 2.0, 3.0, 3.0, 3.0, 5.0, 2.0, 1.0, 6.0, 2.0, 2.0, 5.0, 1.0, 2.0, 5.0, 2.0, 2.0, 2.0, 6.0, 1.0, 1.0, 3.0, 2.0, 4.0, 6.0, 2.0, 1.0, 1.0, 6.0, 3.0, 6.0, 2.0, 1.0], [6.0, 2.0, 2.0, 2.0, 5.0, 2.0, 5.0, 2.0, 3.0, 2.0, 3.0, 2.0, 2.0, 1.0, 5.0, 2.0, 2.0, 5.0, 2.0, 2.0, 5.0, 4.0, 2.0, 3.0, 6.0, 1.0, 2.0, 2.0, 2.0, 3.0, 5.0, 2.0, 2.0, 1.0, 6.0, 3.0, 6.0, 2.0, 1.0], [6.0, 2.0, 2.0, 2.0, 6.0, 2.0, 5.0, 2.0, 3.0, 2.0, 5.0, 5.0, 2.0, 1.0, 6.0, 2.0, 2.0, 6.0, 1.0, 2.0, 5.0, 4.0, 2.0, 3.0, 6.0, 1.0, 1.0, 3.0, 2.0, 4.0, 6.0, 2.0, 1.0, 1.0, 6.0, 3.0, 6.0, 2.0, 3.0], [6.0, 2.0, 2.0, 2.0, 5.0, 2.0, 5.0, 2.0, 3.0, 3.0, 3.0, 5.0, 2.0, 1.0, 6.0, 2.0, 1.0, 3.0, 1.0, 2.0, 5.0, 4.0, 2.0, 3.0, 6.0, 1.0, 1.0, 3.0, 2.0, 4.0, 6.0, 3.0, 2.0, 1.0, 6.0, 3.0, 6.0, 2.0, 2.0], [6.0, 5.0, 2.0, 2.0, 6.0, 3.0, 6.0, 2.0, 3.0, 3.0, 3.0, 5.0, 2.0, 1.0, 5.0, 2.0, 2.0, 3.0, 2.0, 2.0, 5.0, 4.0, 2.0, 3.0, 6.0, 2.0, 1.0, 3.0, 2.0, 4.0, 6.0, 2.0, 2.0, 1.0, 6.0, 3.0, 6.0, 2.0, 2.0], [6.0, 4.0, 2.0, 2.0, 5.0, 2.0, 6.0, 2.0, 3.0, 2.0, 3.0, 3.0, 5.0, 2.0, 5.0, 2.0, 1.0, 6.0, 2.0, 2.0, 5.0, 2.0, 2.0, 2.0, 6.0, 1.0, 1.0, 3.0, 2.0, 3.0, 4.0, 2.0, 2.0, 1.0, 6.0, 3.0, 6.0, 2.0, 2.0], [6.0, 2.0, 2.0, 2.0, 5.0, 2.0, 6.0, 2.0, 3.0, 2.0, 3.0, 5.0, 2.0, 1.0, 5.0, 2.0, 2.0, 3.0, 1.0, 2.0, 5.0, 2.0, 2.0, 5.0, 6.0, 1.0, 1.0, 3.0, 2.0, 3.0, 6.0, 2.0, 1.0, 2.0, 6.0, 3.0, 6.0, 2.0, 1.0], [6.0, 3.0, 2.0, 2.0, 6.0, 2.0, 5.0, 2.0, 3.0, 3.0, 3.0, 5.0, 2.0, 1.0, 5.0, 2.0, 1.0, 5.0, 1.0, 2.0, 5.0, 2.0, 2.0, 3.0, 6.0, 2.0, 2.0, 3.0, 2.0, 4.0, 5.0, 2.0, 2.0, 1.0, 6.0, 5.0, 6.0, 2.0, 2.0], [6.0, 4.0, 2.0, 2.0, 5.0, 2.0, 5.0, 2.0, 3.0, 3.0, 3.0, 5.0, 3.0, 1.0, 6.0, 2.0, 1.0, 5.0, 1.0, 2.0, 5.0, 2.0, 2.0, 5.0, 6.0, 1.0, 1.0, 3.0, 2.0, 3.0, 5.0, 2.0, 2.0, 1.0, 6.0, 3.0, 6.0, 2.0, 3.0], [2.0, 3.0, 2.0, 2.0, 6.0, 2.0, 5.0, 2.0, 3.0, 3.0, 3.0, 5.0, 2.0, 1.0, 6.0, 2.0, 1.0, 3.0, 1.0, 2.0, 5.0, 2.0, 2.0, 3.0, 6.0, 1.0, 1.0, 3.0, 2.0, 3.0, 6.0, 2.0, 2.0, 1.0, 6.0, 4.0, 6.0, 2.0, 2.0], [6.0, 4.0, 2.0, 2.0, 6.0, 2.0, 5.0, 1.0, 3.0, 2.0, 5.0, 5.0, 2.0, 1.0, 6.0, 2.0, 1.0, 3.0, 1.0, 2.0, 5.0, 2.0, 2.0, 5.0, 6.0, 1.0, 1.0, 3.0, 2.0, 3.0, 6.0, 2.0, 2.0, 1.0, 6.0, 3.0, 6.0, 2.0, 2.0], [6.0, 3.0, 2.0, 2.0, 6.0, 2.0, 5.0, 2.0, 3.0, 3.0, 5.0, 5.0, 2.0, 1.0, 5.0, 2.0, 1.0, 3.0, 2.0, 2.0, 5.0, 4.0, 2.0, 3.0, 6.0, 1.0, 1.0, 3.0, 2.0, 3.0, 6.0, 2.0, 2.0, 1.0, 6.0, 3.0, 6.0, 2.0, 1.0], [5.0, 2.0, 2.0, 2.0, 5.0, 3.0, 5.0, 2.0, 3.0, 3.0, 5.0, 3.0, 2.0, 1.0, 6.0, 2.0, 1.0, 5.0, 1.0, 2.0, 5.0, 4.0, 2.0, 2.0, 6.0, 1.0, 1.0, 3.0, 2.0, 5.0, 5.0, 2.0, 2.0, 1.0, 6.0, 2.0, 6.0, 2.0, 3.0], [6.0, 2.0, 3.0, 2.0, 6.0, 2.0, 6.0, 2.0, 3.0, 3.0, 3.0, 5.0, 2.0, 1.0, 6.0, 2.0, 1.0, 6.0, 2.0, 2.0, 5.0, 4.0, 2.0, 2.0, 6.0, 1.0, 1.0, 3.0, 2.0, 4.0, 6.0, 2.0, 2.0, 1.0, 6.0, 3.0, 6.0, 2.0, 1.0], [6.0, 2.0, 2.0, 2.0, 6.0, 2.0, 6.0, 2.0, 3.0, 3.0, 3.0, 5.0, 2.0, 1.0, 6.0, 2.0, 2.0, 3.0, 1.0, 2.0, 5.0, 4.0, 2.0, 3.0, 6.0, 1.0, 1.0, 3.0, 2.0, 3.0, 5.0, 2.0, 2.0, 1.0, 6.0, 3.0, 6.0, 2.0, 2.0], [5.0, 3.0, 3.0, 2.0, 6.0, 2.0, 5.0, 2.0, 3.0, 3.0, 3.0, 5.0, 2.0, 1.0, 6.0, 2.0, 2.0, 6.0, 2.0, 2.0, 5.0, 4.0, 2.0, 2.0, 6.0, 1.0, 1.0, 3.0, 2.0, 4.0, 6.0, 3.0, 1.0, 1.0, 6.0, 3.0, 6.0, 2.0, 1.0], [6.0, 2.0, 2.0, 2.0, 5.0, 2.0, 6.0, 2.0, 3.0, 3.0, 5.0, 5.0, 2.0, 1.0, 6.0, 2.0, 2.0, 5.0, 2.0, 2.0, 5.0, 4.0, 2.0, 2.0, 6.0, 1.0, 1.0, 3.0, 2.0, 3.0, 6.0, 2.0, 1.0, 1.0, 6.0, 3.0, 6.0, 2.0, 3.0], [6.0, 4.0, 3.0, 2.0, 6.0, 3.0, 6.0, 2.0, 3.0, 3.0, 2.0, 5.0, 2.0, 1.0, 6.0, 2.0, 2.0, 3.0, 1.0, 2.0, 5.0, 4.0, 2.0, 3.0, 6.0, 1.0, 1.0, 3.0, 2.0, 3.0, 6.0, 2.0, 2.0, 1.0, 6.0, 4.0, 6.0, 2.0, 3.0], [6.0, 3.0, 2.0, 2.0, 6.0, 2.0, 5.0, 2.0, 3.0, 2.0, 3.0, 5.0, 2.0, 1.0, 5.0, 2.0, 2.0, 5.0, 2.0, 2.0, 5.0, 4.0, 2.0, 3.0, 6.0, 1.0, 2.0, 3.0, 2.0, 3.0, 5.0, 2.0, 2.0, 1.0, 6.0, 4.0, 6.0, 2.0, 1.0], [6.0, 2.0, 3.0, 2.0, 6.0, 2.0, 5.0, 2.0, 3.0, 3.0, 3.0, 5.0, 2.0, 2.0, 6.0, 2.0, 1.0, 3.0, 2.0, 2.0, 5.0, 2.0, 2.0, 2.0, 6.0, 1.0, 1.0, 3.0, 2.0, 3.0, 6.0, 3.0, 1.0, 1.0, 6.0, 3.0, 6.0, 2.0, 3.0], [6.0, 2.0, 3.0, 2.0, 5.0, 2.0, 5.0, 2.0, 3.0, 3.0, 3.0, 5.0, 2.0, 1.0, 6.0, 2.0, 2.0, 6.0, 2.0, 2.0, 5.0, 2.0, 2.0, 2.0, 6.0, 1.0, 2.0, 3.0, 2.0, 4.0, 6.0, 2.0, 1.0, 1.0, 6.0, 4.0, 6.0, 2.0, 2.0], [6.0, 4.0, 2.0, 2.0, 6.0, 2.0, 5.0, 2.0, 3.0, 3.0, 5.0, 5.0, 2.0, 1.0, 5.0, 2.0, 1.0, 3.0, 2.0, 2.0, 5.0, 4.0, 2.0, 2.0, 6.0, 1.0, 1.0, 3.0, 2.0, 2.0, 5.0, 2.0, 2.0, 1.0, 6.0, 3.0, 6.0, 2.0, 2.0], [6.0, 2.0, 2.0, 1.0, 5.0, 2.0, 5.0, 2.0, 3.0, 3.0, 3.0, 5.0, 5.0, 2.0, 5.0, 2.0, 2.0, 6.0, 1.0, 2.0, 5.0, 4.0, 2.0, 3.0, 6.0, 1.0, 1.0, 3.0, 2.0, 4.0, 6.0, 2.0, 1.0, 1.0, 6.0, 4.0, 6.0, 2.0, 3.0], [6.0, 4.0, 2.0, 2.0, 6.0, 2.0, 5.0, 1.0, 3.0, 3.0, 3.0, 5.0, 2.0, 1.0, 6.0, 2.0, 1.0, 6.0, 2.0, 2.0, 5.0, 4.0, 2.0, 2.0, 6.0, 1.0, 1.0, 3.0, 2.0, 3.0, 5.0, 5.0, 1.0, 1.0, 6.0, 4.0, 6.0, 2.0, 2.0], [6.0, 4.0, 3.0, 2.0, 5.0, 2.0, 5.0, 2.0, 3.0, 3.0, 5.0, 5.0, 2.0, 1.0, 6.0, 2.0, 2.0, 5.0, 1.0, 2.0, 5.0, 2.0, 2.0, 2.0, 6.0, 1.0, 1.0, 3.0, 2.0, 3.0, 6.0, 2.0, 1.0, 1.0, 6.0, 3.0, 6.0, 2.0, 2.0], [6.0, 2.0, 2.0, 2.0, 6.0, 2.0, 6.0, 2.0, 3.0, 2.0, 3.0, 5.0, 2.0, 1.0, 6.0, 2.0, 1.0, 5.0, 2.0, 2.0, 5.0, 2.0, 2.0, 2.0, 6.0, 2.0, 1.0, 3.0, 2.0, 3.0, 6.0, 2.0, 2.0, 2.0, 6.0, 2.0, 6.0, 2.0, 2.0]]

