first layer check: Conv2d(6, 64, kernel_size=(7, 7), stride=(2, 2), padding=(3, 3), bias=False)

target ys
[1.0, 5.0, 2.0, 3.0, 3.0, 2.0, 5.0, 3.0, 2.0, 3.0, 0.0, 2.0, 2.0, 6.0, 2.0, 0.0, 2.0, 2.0, 4.0, 3.0, 2.0, 3.0, 3.0, 4.0, 4.0, 1.0, 1.0, 2.0, 2.0, 2.0, 2.0, 5.0, 2.0, 3.0, 2.0, 3.0, 3.0, 6.0, 6.0, 3.0, 6.0, 4.0]

for model 0: mode acc: 0.523809552192688, run mean acc: 0.4970833659172058, top-2 acc:0.700416624546051, mode f1: 0.523809552192688

model 0 mode preds
[2.0, 6.0, 2.0, 2.0, 3.0, 2.0, 6.0, 2.0, 2.0, 2.0, 1.0, 2.0, 2.0, 6.0, 2.0, 2.0, 2.0, 2.0, 3.0, 2.0, 2.0, 6.0, 3.0, 3.0, 3.0, 2.0, 2.0, 2.0, 2.0, 2.0, 2.0, 3.0, 2.0, 3.0, 2.0, 2.0, 2.0, 6.0, 6.0, 2.0, 6.0, 3.0]

model 0 all preds
[[2.0, 6.0, 2.0, 2.0, 3.0, 2.0, 6.0, 2.0, 2.0, 2.0, 1.0, 2.0, 2.0, 6.0, 2.0, 2.0, 2.0, 2.0, 3.0, 2.0, 2.0, 6.0, 4.0, 2.0, 6.0, 2.0, 2.0, 2.0, 2.0, 2.0, 2.0, 3.0, 2.0, 3.0, 2.0, 2.0, 2.0, 6.0, 6.0, 3.0, 6.0, 3.0], [2.0, 3.0, 2.0, 2.0, 3.0, 2.0, 6.0, 2.0, 2.0, 2.0, 1.0, 2.0, 2.0, 6.0, 2.0, 2.0, 2.0, 2.0, 3.0, 2.0, 2.0, 6.0, 2.0, 3.0, 3.0, 2.0, 2.0, 2.0, 2.0, 2.0, 2.0, 4.0, 2.0, 3.0, 2.0, 2.0, 2.0, 6.0, 6.0, 2.0, 6.0, 3.0], [2.0, 3.0, 2.0, 2.0, 3.0, 2.0, 6.0, 2.0, 2.0, 2.0, 1.0, 2.0, 2.0, 6.0, 2.0, 2.0, 2.0, 2.0, 3.0, 2.0, 2.0, 3.0, 2.0, 2.0, 3.0, 2.0, 2.0, 2.0, 2.0, 2.0, 2.0, 3.0, 3.0, 3.0, 2.0, 2.0, 2.0, 6.0, 6.0, 2.0, 6.0, 3.0], [2.0, 6.0, 2.0, 2.0, 3.0, 2.0, 6.0, 3.0, 2.0, 2.0, 1.0, 2.0, 2.0, 6.0, 2.0, 2.0, 2.0, 2.0, 3.0, 2.0, 2.0, 4.0, 6.0, 2.0, 6.0, 2.0, 2.0, 2.0, 2.0, 2.0, 2.0, 3.0, 4.0, 3.0, 2.0, 2.0, 2.0, 6.0, 6.0, 2.0, 6.0, 3.0], [2.0, 6.0, 2.0, 2.0, 2.0, 2.0, 3.0, 2.0, 2.0, 2.0, 1.0, 2.0, 2.0, 6.0, 2.0, 2.0, 2.0, 2.0, 3.0, 2.0, 2.0, 5.0, 3.0, 3.0, 3.0, 2.0, 2.0, 2.0, 2.0, 2.0, 2.0, 3.0, 3.0, 4.0, 2.0, 2.0, 2.0, 6.0, 6.0, 3.0, 6.0, 3.0], [2.0, 6.0, 2.0, 2.0, 2.0, 2.0, 6.0, 2.0, 2.0, 2.0, 1.0, 2.0, 2.0, 6.0, 2.0, 2.0, 2.0, 2.0, 3.0, 2.0, 2.0, 6.0, 2.0, 3.0, 3.0, 2.0, 2.0, 2.0, 2.0, 2.0, 2.0, 3.0, 2.0, 3.0, 2.0, 2.0, 2.0, 6.0, 6.0, 3.0, 6.0, 2.0], [2.0, 2.0, 2.0, 2.0, 3.0, 2.0, 6.0, 2.0, 2.0, 2.0, 1.0, 2.0, 2.0, 6.0, 2.0, 2.0, 2.0, 2.0, 3.0, 2.0, 2.0, 6.0, 2.0, 3.0, 3.0, 2.0, 2.0, 2.0, 2.0, 2.0, 2.0, 6.0, 2.0, 2.0, 2.0, 2.0, 2.0, 6.0, 3.0, 3.0, 4.0, 3.0], [2.0, 6.0, 2.0, 2.0, 3.0, 2.0, 6.0, 2.0, 2.0, 2.0, 1.0, 2.0, 2.0, 6.0, 2.0, 2.0, 2.0, 3.0, 3.0, 2.0, 2.0, 5.0, 6.0, 3.0, 6.0, 2.0, 2.0, 2.0, 2.0, 2.0, 2.0, 3.0, 2.0, 3.0, 2.0, 2.0, 2.0, 6.0, 6.0, 2.0, 6.0, 3.0], [2.0, 6.0, 2.0, 2.0, 2.0, 2.0, 6.0, 2.0, 2.0, 2.0, 1.0, 2.0, 2.0, 6.0, 2.0, 2.0, 2.0, 2.0, 2.0, 2.0, 2.0, 5.0, 2.0, 3.0, 3.0, 2.0, 2.0, 2.0, 2.0, 2.0, 2.0, 3.0, 4.0, 3.0, 2.0, 2.0, 2.0, 6.0, 6.0, 2.0, 6.0, 3.0], [2.0, 6.0, 2.0, 2.0, 3.0, 2.0, 6.0, 2.0, 2.0, 2.0, 1.0, 2.0, 2.0, 6.0, 2.0, 2.0, 2.0, 2.0, 3.0, 2.0, 2.0, 2.0, 2.0, 3.0, 3.0, 2.0, 2.0, 2.0, 2.0, 2.0, 2.0, 4.0, 2.0, 6.0, 2.0, 2.0, 2.0, 6.0, 6.0, 2.0, 6.0, 3.0], [2.0, 6.0, 2.0, 2.0, 3.0, 2.0, 3.0, 2.0, 2.0, 2.0, 1.0, 2.0, 2.0, 6.0, 2.0, 2.0, 2.0, 2.0, 3.0, 2.0, 2.0, 6.0, 2.0, 2.0, 3.0, 2.0, 2.0, 2.0, 2.0, 2.0, 2.0, 3.0, 2.0, 3.0, 2.0, 2.0, 2.0, 6.0, 6.0, 2.0, 6.0, 3.0], [2.0, 6.0, 2.0, 2.0, 3.0, 2.0, 6.0, 2.0, 2.0, 2.0, 1.0, 2.0, 2.0, 6.0, 2.0, 2.0, 2.0, 3.0, 3.0, 2.0, 2.0, 4.0, 4.0, 3.0, 3.0, 2.0, 2.0, 2.0, 2.0, 2.0, 2.0, 3.0, 2.0, 3.0, 2.0, 2.0, 2.0, 6.0, 6.0, 2.0, 6.0, 3.0], [2.0, 6.0, 2.0, 2.0, 3.0, 2.0, 6.0, 2.0, 2.0, 2.0, 1.0, 2.0, 2.0, 6.0, 2.0, 2.0, 2.0, 2.0, 3.0, 2.0, 2.0, 6.0, 4.0, 3.0, 3.0, 2.0, 2.0, 2.0, 2.0, 2.0, 2.0, 3.0, 2.0, 3.0, 2.0, 2.0, 2.0, 6.0, 6.0, 2.0, 4.0, 3.0], [2.0, 6.0, 2.0, 2.0, 3.0, 2.0, 6.0, 3.0, 2.0, 2.0, 1.0, 2.0, 2.0, 6.0, 2.0, 2.0, 2.0, 2.0, 3.0, 2.0, 2.0, 5.0, 3.0, 3.0, 3.0, 2.0, 2.0, 2.0, 2.0, 2.0, 2.0, 3.0, 4.0, 3.0, 2.0, 2.0, 2.0, 6.0, 6.0, 2.0, 4.0, 3.0], [2.0, 6.0, 2.0, 2.0, 3.0, 2.0, 6.0, 2.0, 2.0, 2.0, 1.0, 2.0, 2.0, 6.0, 2.0, 2.0, 2.0, 2.0, 3.0, 2.0, 2.0, 5.0, 4.0, 2.0, 3.0, 2.0, 2.0, 2.0, 2.0, 2.0, 2.0, 3.0, 2.0, 3.0, 2.0, 2.0, 2.0, 6.0, 6.0, 3.0, 6.0, 3.0], [2.0, 3.0, 2.0, 2.0, 3.0, 2.0, 6.0, 2.0, 2.0, 2.0, 1.0, 2.0, 2.0, 6.0, 2.0, 2.0, 2.0, 2.0, 3.0, 2.0, 2.0, 6.0, 2.0, 3.0, 3.0, 2.0, 2.0, 2.0, 2.0, 2.0, 2.0, 3.0, 2.0, 3.0, 2.0, 2.0, 2.0, 6.0, 6.0, 2.0, 4.0, 2.0], [2.0, 6.0, 2.0, 2.0, 3.0, 2.0, 6.0, 2.0, 2.0, 2.0, 1.0, 2.0, 2.0, 6.0, 2.0, 2.0, 2.0, 2.0, 3.0, 2.0, 2.0, 6.0, 3.0, 3.0, 6.0, 2.0, 2.0, 2.0, 2.0, 2.0, 2.0, 3.0, 4.0, 3.0, 2.0, 2.0, 2.0, 6.0, 6.0, 2.0, 6.0, 3.0], [2.0, 6.0, 2.0, 2.0, 3.0, 2.0, 2.0, 2.0, 2.0, 2.0, 1.0, 2.0, 2.0, 6.0, 2.0, 2.0, 2.0, 3.0, 3.0, 2.0, 2.0, 6.0, 3.0, 3.0, 6.0, 2.0, 2.0, 2.0, 2.0, 2.0, 2.0, 3.0, 3.0, 3.0, 2.0, 2.0, 2.0, 6.0, 6.0, 3.0, 6.0, 2.0], [2.0, 4.0, 2.0, 2.0, 3.0, 2.0, 6.0, 2.0, 2.0, 2.0, 1.0, 2.0, 2.0, 6.0, 2.0, 2.0, 2.0, 3.0, 3.0, 2.0, 2.0, 2.0, 2.0, 3.0, 6.0, 2.0, 2.0, 2.0, 2.0, 4.0, 2.0, 2.0, 2.0, 3.0, 2.0, 2.0, 2.0, 6.0, 6.0, 2.0, 6.0, 2.0], [2.0, 6.0, 2.0, 2.0, 3.0, 2.0, 6.0, 2.0, 2.0, 2.0, 1.0, 2.0, 2.0, 6.0, 2.0, 2.0, 2.0, 3.0, 3.0, 2.0, 2.0, 6.0, 2.0, 2.0, 3.0, 2.0, 2.0, 2.0, 2.0, 2.0, 2.0, 3.0, 4.0, 3.0, 2.0, 2.0, 2.0, 6.0, 6.0, 3.0, 6.0, 2.0], [2.0, 6.0, 2.0, 2.0, 3.0, 2.0, 6.0, 2.0, 2.0, 2.0, 2.0, 2.0, 2.0, 6.0, 2.0, 2.0, 2.0, 3.0, 3.0, 2.0, 2.0, 4.0, 6.0, 2.0, 6.0, 2.0, 2.0, 2.0, 2.0, 2.0, 2.0, 3.0, 2.0, 3.0, 2.0, 2.0, 2.0, 6.0, 6.0, 2.0, 6.0, 2.0], [2.0, 3.0, 2.0, 2.0, 3.0, 2.0, 3.0, 2.0, 2.0, 2.0, 1.0, 2.0, 2.0, 6.0, 2.0, 2.0, 2.0, 2.0, 3.0, 2.0, 2.0, 6.0, 3.0, 3.0, 6.0, 2.0, 2.0, 2.0, 2.0, 2.0, 2.0, 2.0, 2.0, 3.0, 2.0, 2.0, 2.0, 6.0, 6.0, 2.0, 4.0, 3.0], [2.0, 6.0, 2.0, 2.0, 3.0, 2.0, 6.0, 2.0, 2.0, 2.0, 1.0, 2.0, 2.0, 6.0, 2.0, 2.0, 2.0, 3.0, 3.0, 2.0, 2.0, 6.0, 2.0, 3.0, 3.0, 2.0, 2.0, 2.0, 2.0, 2.0, 2.0, 3.0, 2.0, 3.0, 2.0, 2.0, 2.0, 6.0, 6.0, 3.0, 6.0, 3.0], [2.0, 6.0, 2.0, 2.0, 3.0, 2.0, 6.0, 2.0, 2.0, 2.0, 1.0, 2.0, 2.0, 6.0, 2.0, 2.0, 2.0, 3.0, 3.0, 2.0, 2.0, 4.0, 2.0, 3.0, 3.0, 2.0, 2.0, 2.0, 2.0, 2.0, 2.0, 3.0, 2.0, 3.0, 2.0, 2.0, 2.0, 6.0, 6.0, 2.0, 4.0, 2.0], [2.0, 6.0, 2.0, 2.0, 2.0, 2.0, 6.0, 2.0, 2.0, 2.0, 1.0, 2.0, 2.0, 6.0, 2.0, 2.0, 2.0, 2.0, 3.0, 2.0, 2.0, 5.0, 2.0, 2.0, 3.0, 2.0, 2.0, 2.0, 2.0, 2.0, 2.0, 3.0, 2.0, 3.0, 2.0, 2.0, 2.0, 6.0, 6.0, 3.0, 4.0, 3.0], [2.0, 3.0, 2.0, 2.0, 3.0, 2.0, 3.0, 2.0, 2.0, 2.0, 1.0, 2.0, 2.0, 6.0, 2.0, 2.0, 2.0, 2.0, 3.0, 2.0, 2.0, 4.0, 3.0, 3.0, 6.0, 2.0, 2.0, 2.0, 2.0, 2.0, 2.0, 6.0, 2.0, 3.0, 2.0, 2.0, 2.0, 6.0, 6.0, 3.0, 4.0, 3.0], [2.0, 6.0, 2.0, 2.0, 2.0, 2.0, 3.0, 2.0, 2.0, 2.0, 1.0, 2.0, 2.0, 6.0, 2.0, 2.0, 2.0, 2.0, 3.0, 2.0, 2.0, 5.0, 3.0, 3.0, 6.0, 2.0, 2.0, 2.0, 2.0, 2.0, 2.0, 3.0, 2.0, 3.0, 2.0, 2.0, 2.0, 6.0, 6.0, 3.0, 6.0, 3.0], [2.0, 6.0, 2.0, 2.0, 3.0, 2.0, 6.0, 2.0, 2.0, 2.0, 1.0, 2.0, 2.0, 6.0, 2.0, 2.0, 2.0, 2.0, 2.0, 2.0, 2.0, 4.0, 3.0, 3.0, 3.0, 2.0, 2.0, 2.0, 2.0, 2.0, 2.0, 6.0, 4.0, 3.0, 2.0, 2.0, 2.0, 6.0, 6.0, 2.0, 4.0, 2.0], [2.0, 3.0, 2.0, 2.0, 3.0, 2.0, 6.0, 2.0, 2.0, 2.0, 1.0, 2.0, 2.0, 6.0, 2.0, 2.0, 2.0, 2.0, 3.0, 2.0, 2.0, 6.0, 3.0, 3.0, 3.0, 2.0, 2.0, 2.0, 2.0, 2.0, 2.0, 6.0, 2.0, 2.0, 2.0, 2.0, 2.0, 6.0, 6.0, 3.0, 6.0, 2.0], [2.0, 3.0, 2.0, 2.0, 3.0, 2.0, 4.0, 3.0, 2.0, 2.0, 1.0, 2.0, 2.0, 6.0, 2.0, 2.0, 2.0, 2.0, 3.0, 2.0, 2.0, 5.0, 3.0, 3.0, 6.0, 2.0, 2.0, 2.0, 2.0, 2.0, 2.0, 3.0, 2.0, 3.0, 2.0, 2.0, 2.0, 6.0, 6.0, 2.0, 6.0, 3.0], [2.0, 6.0, 2.0, 2.0, 3.0, 2.0, 6.0, 2.0, 2.0, 2.0, 1.0, 2.0, 2.0, 6.0, 2.0, 2.0, 2.0, 2.0, 3.0, 2.0, 2.0, 6.0, 2.0, 2.0, 3.0, 2.0, 2.0, 2.0, 2.0, 2.0, 2.0, 6.0, 2.0, 3.0, 2.0, 2.0, 2.0, 6.0, 6.0, 2.0, 6.0, 2.0], [2.0, 6.0, 2.0, 2.0, 3.0, 2.0, 6.0, 2.0, 2.0, 2.0, 1.0, 2.0, 2.0, 6.0, 2.0, 2.0, 2.0, 2.0, 3.0, 2.0, 2.0, 4.0, 3.0, 3.0, 6.0, 2.0, 2.0, 2.0, 2.0, 2.0, 2.0, 3.0, 2.0, 3.0, 2.0, 2.0, 2.0, 6.0, 6.0, 2.0, 4.0, 2.0], [2.0, 6.0, 2.0, 2.0, 3.0, 2.0, 6.0, 2.0, 2.0, 2.0, 1.0, 2.0, 2.0, 6.0, 2.0, 2.0, 2.0, 2.0, 3.0, 2.0, 2.0, 5.0, 3.0, 3.0, 3.0, 2.0, 2.0, 2.0, 2.0, 2.0, 2.0, 3.0, 2.0, 3.0, 2.0, 2.0, 2.0, 6.0, 6.0, 3.0, 6.0, 2.0], [2.0, 4.0, 2.0, 2.0, 3.0, 2.0, 3.0, 2.0, 2.0, 2.0, 1.0, 2.0, 2.0, 6.0, 2.0, 2.0, 2.0, 2.0, 3.0, 2.0, 2.0, 6.0, 3.0, 3.0, 3.0, 2.0, 2.0, 2.0, 2.0, 2.0, 2.0, 3.0, 2.0, 3.0, 2.0, 2.0, 2.0, 6.0, 6.0, 3.0, 4.0, 2.0], [2.0, 3.0, 2.0, 2.0, 3.0, 2.0, 6.0, 2.0, 2.0, 2.0, 1.0, 2.0, 2.0, 6.0, 2.0, 2.0, 2.0, 2.0, 3.0, 2.0, 2.0, 5.0, 3.0, 3.0, 3.0, 2.0, 2.0, 2.0, 2.0, 2.0, 2.0, 3.0, 2.0, 3.0, 2.0, 2.0, 2.0, 6.0, 6.0, 3.0, 6.0, 3.0], [2.0, 6.0, 2.0, 2.0, 3.0, 2.0, 6.0, 3.0, 2.0, 2.0, 1.0, 2.0, 2.0, 6.0, 2.0, 2.0, 2.0, 2.0, 3.0, 2.0, 2.0, 4.0, 3.0, 2.0, 6.0, 2.0, 2.0, 2.0, 2.0, 2.0, 2.0, 3.0, 2.0, 3.0, 2.0, 2.0, 2.0, 6.0, 6.0, 2.0, 4.0, 3.0], [2.0, 6.0, 2.0, 2.0, 3.0, 2.0, 3.0, 2.0, 2.0, 2.0, 1.0, 2.0, 2.0, 6.0, 2.0, 2.0, 2.0, 2.0, 3.0, 2.0, 2.0, 6.0, 3.0, 2.0, 3.0, 2.0, 2.0, 2.0, 2.0, 2.0, 2.0, 6.0, 2.0, 3.0, 2.0, 2.0, 2.0, 6.0, 6.0, 2.0, 6.0, 3.0], [2.0, 2.0, 2.0, 2.0, 3.0, 2.0, 6.0, 2.0, 2.0, 2.0, 1.0, 2.0, 2.0, 6.0, 2.0, 2.0, 2.0, 2.0, 3.0, 2.0, 2.0, 6.0, 3.0, 3.0, 3.0, 2.0, 2.0, 2.0, 2.0, 2.0, 2.0, 3.0, 2.0, 3.0, 2.0, 2.0, 2.0, 6.0, 6.0, 2.0, 6.0, 3.0], [2.0, 6.0, 2.0, 2.0, 3.0, 2.0, 6.0, 2.0, 2.0, 2.0, 1.0, 2.0, 2.0, 6.0, 2.0, 2.0, 2.0, 2.0, 3.0, 2.0, 2.0, 5.0, 2.0, 3.0, 3.0, 2.0, 2.0, 2.0, 2.0, 2.0, 2.0, 6.0, 4.0, 3.0, 2.0, 2.0, 2.0, 6.0, 6.0, 2.0, 6.0, 3.0], [2.0, 6.0, 2.0, 2.0, 3.0, 2.0, 6.0, 2.0, 2.0, 2.0, 1.0, 2.0, 2.0, 6.0, 2.0, 2.0, 2.0, 3.0, 3.0, 2.0, 2.0, 4.0, 4.0, 2.0, 6.0, 2.0, 2.0, 2.0, 2.0, 2.0, 2.0, 3.0, 2.0, 2.0, 2.0, 2.0, 2.0, 6.0, 6.0, 2.0, 6.0, 3.0], [2.0, 3.0, 2.0, 2.0, 2.0, 2.0, 6.0, 3.0, 2.0, 2.0, 1.0, 2.0, 2.0, 6.0, 2.0, 2.0, 2.0, 2.0, 3.0, 2.0, 2.0, 5.0, 4.0, 3.0, 6.0, 2.0, 2.0, 2.0, 2.0, 2.0, 2.0, 4.0, 2.0, 3.0, 2.0, 2.0, 2.0, 6.0, 6.0, 2.0, 3.0, 3.0], [2.0, 3.0, 2.0, 2.0, 3.0, 2.0, 6.0, 2.0, 2.0, 2.0, 1.0, 2.0, 2.0, 6.0, 2.0, 2.0, 2.0, 2.0, 3.0, 2.0, 2.0, 4.0, 3.0, 3.0, 3.0, 2.0, 2.0, 2.0, 2.0, 2.0, 2.0, 3.0, 3.0, 4.0, 2.0, 2.0, 2.0, 6.0, 6.0, 3.0, 6.0, 3.0], [2.0, 6.0, 2.0, 2.0, 3.0, 2.0, 6.0, 2.0, 2.0, 2.0, 1.0, 2.0, 2.0, 6.0, 2.0, 2.0, 2.0, 2.0, 3.0, 2.0, 2.0, 2.0, 3.0, 3.0, 3.0, 2.0, 2.0, 2.0, 2.0, 2.0, 2.0, 3.0, 4.0, 3.0, 2.0, 2.0, 2.0, 6.0, 6.0, 2.0, 4.0, 3.0], [2.0, 6.0, 2.0, 2.0, 3.0, 2.0, 6.0, 2.0, 2.0, 2.0, 1.0, 2.0, 2.0, 6.0, 2.0, 2.0, 2.0, 2.0, 3.0, 2.0, 2.0, 5.0, 2.0, 2.0, 3.0, 2.0, 2.0, 2.0, 2.0, 2.0, 2.0, 3.0, 2.0, 3.0, 2.0, 2.0, 2.0, 6.0, 6.0, 3.0, 4.0, 3.0], [2.0, 6.0, 2.0, 2.0, 3.0, 2.0, 6.0, 2.0, 2.0, 2.0, 1.0, 2.0, 2.0, 6.0, 2.0, 2.0, 2.0, 2.0, 3.0, 2.0, 2.0, 6.0, 3.0, 2.0, 3.0, 2.0, 2.0, 2.0, 2.0, 2.0, 2.0, 4.0, 2.0, 3.0, 2.0, 2.0, 2.0, 6.0, 6.0, 3.0, 6.0, 3.0], [2.0, 6.0, 2.0, 2.0, 3.0, 2.0, 6.0, 2.0, 2.0, 2.0, 1.0, 2.0, 2.0, 6.0, 2.0, 2.0, 2.0, 2.0, 2.0, 2.0, 2.0, 4.0, 3.0, 3.0, 6.0, 2.0, 2.0, 2.0, 2.0, 2.0, 2.0, 6.0, 2.0, 3.0, 2.0, 2.0, 2.0, 6.0, 6.0, 4.0, 6.0, 3.0], [2.0, 6.0, 2.0, 2.0, 3.0, 2.0, 6.0, 3.0, 2.0, 2.0, 1.0, 2.0, 1.0, 6.0, 2.0, 2.0, 2.0, 2.0, 3.0, 2.0, 2.0, 6.0, 4.0, 2.0, 3.0, 2.0, 2.0, 2.0, 2.0, 2.0, 2.0, 3.0, 4.0, 3.0, 2.0, 2.0, 2.0, 6.0, 6.0, 2.0, 4.0, 3.0], [2.0, 6.0, 2.0, 2.0, 2.0, 2.0, 6.0, 2.0, 2.0, 2.0, 1.0, 2.0, 2.0, 6.0, 2.0, 2.0, 2.0, 2.0, 3.0, 2.0, 2.0, 5.0, 2.0, 2.0, 3.0, 2.0, 2.0, 2.0, 2.0, 2.0, 2.0, 3.0, 4.0, 2.0, 2.0, 2.0, 2.0, 6.0, 6.0, 2.0, 4.0, 3.0], [2.0, 6.0, 2.0, 2.0, 2.0, 2.0, 6.0, 2.0, 2.0, 2.0, 1.0, 2.0, 2.0, 6.0, 2.0, 2.0, 2.0, 2.0, 3.0, 2.0, 2.0, 3.0, 3.0, 3.0, 3.0, 2.0, 2.0, 2.0, 2.0, 2.0, 2.0, 6.0, 2.0, 3.0, 2.0, 2.0, 2.0, 6.0, 6.0, 3.0, 6.0, 2.0], [2.0, 3.0, 2.0, 2.0, 3.0, 2.0, 6.0, 2.0, 2.0, 2.0, 1.0, 2.0, 2.0, 6.0, 2.0, 2.0, 2.0, 2.0, 3.0, 2.0, 2.0, 4.0, 2.0, 3.0, 6.0, 2.0, 2.0, 2.0, 2.0, 2.0, 2.0, 3.0, 4.0, 3.0, 2.0, 2.0, 2.0, 6.0, 6.0, 3.0, 6.0, 2.0]]

first layer check: Conv2d(6, 64, kernel_size=(7, 7), stride=(2, 2), padding=(3, 3), bias=False)

for model 1: mode acc: 0.523809552192688, run mean acc: 0.4779166877269745, top-2 acc:0.7779167294502258, mode f1: 0.523809552192688

model 1 mode preds
[2.0, 6.0, 2.0, 2.0, 3.0, 2.0, 5.0, 3.0, 2.0, 2.0, 1.0, 2.0, 1.0, 5.0, 2.0, 2.0, 2.0, 2.0, 3.0, 2.0, 2.0, 3.0, 3.0, 3.0, 3.0, 2.0, 2.0, 2.0, 2.0, 3.0, 2.0, 5.0, 2.0, 3.0, 2.0, 3.0, 2.0, 6.0, 5.0, 2.0, 4.0, 3.0]

model 1 all preds
[[2.0, 6.0, 2.0, 2.0, 3.0, 2.0, 5.0, 3.0, 2.0, 2.0, 1.0, 2.0, 2.0, 5.0, 2.0, 2.0, 2.0, 2.0, 3.0, 2.0, 2.0, 3.0, 3.0, 3.0, 3.0, 2.0, 2.0, 2.0, 2.0, 3.0, 2.0, 5.0, 2.0, 3.0, 1.0, 3.0, 2.0, 6.0, 5.0, 2.0, 4.0, 3.0], [2.0, 6.0, 2.0, 2.0, 3.0, 2.0, 5.0, 3.0, 2.0, 2.0, 1.0, 2.0, 1.0, 5.0, 2.0, 2.0, 2.0, 3.0, 3.0, 2.0, 2.0, 3.0, 5.0, 2.0, 3.0, 2.0, 2.0, 2.0, 2.0, 3.0, 2.0, 2.0, 2.0, 3.0, 2.0, 3.0, 2.0, 6.0, 5.0, 3.0, 4.0, 3.0], [2.0, 6.0, 3.0, 2.0, 3.0, 2.0, 5.0, 3.0, 2.0, 3.0, 1.0, 2.0, 1.0, 5.0, 2.0, 2.0, 2.0, 2.0, 3.0, 2.0, 2.0, 3.0, 3.0, 3.0, 3.0, 2.0, 2.0, 2.0, 2.0, 3.0, 2.0, 5.0, 3.0, 3.0, 1.0, 3.0, 2.0, 6.0, 5.0, 3.0, 4.0, 3.0], [2.0, 6.0, 2.0, 2.0, 3.0, 2.0, 5.0, 3.0, 2.0, 2.0, 1.0, 2.0, 2.0, 5.0, 2.0, 2.0, 2.0, 2.0, 3.0, 2.0, 3.0, 3.0, 3.0, 3.0, 3.0, 2.0, 2.0, 1.0, 2.0, 2.0, 2.0, 5.0, 3.0, 3.0, 1.0, 3.0, 2.0, 6.0, 5.0, 2.0, 3.0, 4.0], [2.0, 3.0, 2.0, 2.0, 3.0, 2.0, 5.0, 3.0, 2.0, 3.0, 1.0, 2.0, 2.0, 5.0, 2.0, 2.0, 2.0, 2.0, 3.0, 3.0, 2.0, 3.0, 3.0, 3.0, 3.0, 2.0, 2.0, 2.0, 2.0, 3.0, 2.0, 5.0, 2.0, 3.0, 1.0, 3.0, 2.0, 6.0, 5.0, 3.0, 4.0, 3.0], [2.0, 6.0, 3.0, 2.0, 3.0, 2.0, 5.0, 3.0, 2.0, 2.0, 1.0, 2.0, 2.0, 5.0, 2.0, 2.0, 2.0, 2.0, 3.0, 3.0, 2.0, 3.0, 2.0, 3.0, 3.0, 2.0, 2.0, 1.0, 2.0, 2.0, 2.0, 5.0, 3.0, 3.0, 2.0, 3.0, 2.0, 6.0, 5.0, 2.0, 3.0, 3.0], [2.0, 6.0, 3.0, 2.0, 3.0, 2.0, 5.0, 3.0, 2.0, 3.0, 1.0, 2.0, 1.0, 5.0, 2.0, 2.0, 2.0, 2.0, 3.0, 1.0, 2.0, 3.0, 3.0, 3.0, 3.0, 2.0, 2.0, 2.0, 2.0, 3.0, 2.0, 5.0, 3.0, 3.0, 2.0, 3.0, 2.0, 6.0, 5.0, 2.0, 4.0, 3.0], [2.0, 6.0, 2.0, 2.0, 3.0, 2.0, 5.0, 3.0, 2.0, 2.0, 1.0, 2.0, 1.0, 5.0, 2.0, 2.0, 2.0, 2.0, 3.0, 3.0, 2.0, 3.0, 3.0, 3.0, 3.0, 2.0, 2.0, 2.0, 2.0, 2.0, 2.0, 5.0, 2.0, 3.0, 1.0, 2.0, 2.0, 6.0, 5.0, 3.0, 4.0, 3.0], [2.0, 6.0, 2.0, 2.0, 3.0, 2.0, 5.0, 3.0, 2.0, 3.0, 1.0, 2.0, 2.0, 5.0, 2.0, 2.0, 2.0, 2.0, 3.0, 2.0, 3.0, 3.0, 3.0, 3.0, 3.0, 2.0, 2.0, 2.0, 2.0, 3.0, 2.0, 5.0, 2.0, 3.0, 1.0, 3.0, 2.0, 6.0, 5.0, 3.0, 3.0, 4.0], [2.0, 6.0, 2.0, 2.0, 3.0, 2.0, 5.0, 3.0, 2.0, 3.0, 1.0, 2.0, 1.0, 5.0, 2.0, 2.0, 2.0, 2.0, 3.0, 2.0, 3.0, 3.0, 3.0, 3.0, 3.0, 2.0, 2.0, 2.0, 2.0, 3.0, 2.0, 5.0, 3.0, 3.0, 2.0, 3.0, 2.0, 6.0, 5.0, 3.0, 4.0, 4.0], [2.0, 3.0, 1.0, 2.0, 3.0, 2.0, 5.0, 3.0, 2.0, 3.0, 1.0, 2.0, 2.0, 5.0, 2.0, 2.0, 2.0, 2.0, 2.0, 2.0, 3.0, 3.0, 2.0, 3.0, 3.0, 2.0, 2.0, 2.0, 2.0, 2.0, 2.0, 5.0, 2.0, 3.0, 2.0, 3.0, 2.0, 6.0, 5.0, 2.0, 4.0, 3.0], [2.0, 3.0, 3.0, 2.0, 3.0, 2.0, 5.0, 3.0, 2.0, 2.0, 1.0, 3.0, 2.0, 5.0, 2.0, 2.0, 2.0, 2.0, 3.0, 2.0, 2.0, 3.0, 3.0, 2.0, 3.0, 2.0, 2.0, 2.0, 2.0, 3.0, 2.0, 5.0, 3.0, 3.0, 2.0, 3.0, 2.0, 6.0, 6.0, 2.0, 3.0, 3.0], [2.0, 6.0, 2.0, 2.0, 3.0, 2.0, 5.0, 3.0, 2.0, 2.0, 1.0, 2.0, 1.0, 5.0, 2.0, 2.0, 2.0, 2.0, 3.0, 2.0, 2.0, 3.0, 3.0, 3.0, 3.0, 2.0, 2.0, 2.0, 2.0, 2.0, 2.0, 5.0, 3.0, 3.0, 2.0, 3.0, 2.0, 6.0, 5.0, 2.0, 4.0, 3.0], [2.0, 3.0, 3.0, 2.0, 3.0, 2.0, 6.0, 2.0, 2.0, 2.0, 1.0, 2.0, 1.0, 5.0, 2.0, 2.0, 2.0, 3.0, 3.0, 2.0, 2.0, 3.0, 2.0, 2.0, 3.0, 2.0, 2.0, 2.0, 2.0, 3.0, 2.0, 5.0, 3.0, 3.0, 2.0, 3.0, 2.0, 6.0, 5.0, 3.0, 4.0, 4.0], [2.0, 6.0, 2.0, 2.0, 3.0, 2.0, 6.0, 3.0, 2.0, 2.0, 1.0, 2.0, 2.0, 5.0, 2.0, 2.0, 2.0, 2.0, 3.0, 2.0, 2.0, 3.0, 2.0, 3.0, 3.0, 2.0, 2.0, 2.0, 2.0, 2.0, 2.0, 5.0, 2.0, 3.0, 2.0, 2.0, 2.0, 6.0, 5.0, 3.0, 4.0, 3.0], [2.0, 6.0, 3.0, 2.0, 3.0, 2.0, 5.0, 1.0, 2.0, 2.0, 1.0, 2.0, 1.0, 5.0, 2.0, 2.0, 2.0, 3.0, 3.0, 2.0, 2.0, 3.0, 3.0, 2.0, 3.0, 2.0, 2.0, 2.0, 2.0, 2.0, 2.0, 5.0, 2.0, 3.0, 2.0, 2.0, 2.0, 6.0, 5.0, 2.0, 3.0, 4.0], [2.0, 6.0, 2.0, 2.0, 3.0, 2.0, 6.0, 3.0, 2.0, 3.0, 1.0, 2.0, 1.0, 5.0, 2.0, 2.0, 2.0, 2.0, 3.0, 2.0, 2.0, 3.0, 3.0, 3.0, 3.0, 2.0, 2.0, 2.0, 2.0, 3.0, 2.0, 5.0, 2.0, 3.0, 2.0, 3.0, 2.0, 6.0, 5.0, 2.0, 4.0, 4.0], [2.0, 3.0, 3.0, 2.0, 3.0, 2.0, 5.0, 3.0, 2.0, 2.0, 1.0, 2.0, 1.0, 5.0, 2.0, 2.0, 2.0, 2.0, 3.0, 2.0, 3.0, 3.0, 2.0, 3.0, 3.0, 2.0, 2.0, 2.0, 2.0, 2.0, 2.0, 5.0, 2.0, 3.0, 2.0, 2.0, 2.0, 6.0, 5.0, 2.0, 4.0, 4.0], [2.0, 6.0, 2.0, 2.0, 3.0, 2.0, 6.0, 3.0, 2.0, 3.0, 1.0, 3.0, 1.0, 5.0, 2.0, 2.0, 2.0, 2.0, 3.0, 2.0, 2.0, 3.0, 2.0, 3.0, 3.0, 2.0, 2.0, 2.0, 2.0, 2.0, 2.0, 5.0, 3.0, 3.0, 2.0, 3.0, 2.0, 6.0, 6.0, 2.0, 4.0, 3.0], [2.0, 6.0, 3.0, 2.0, 3.0, 2.0, 5.0, 3.0, 2.0, 2.0, 1.0, 3.0, 1.0, 5.0, 2.0, 2.0, 2.0, 2.0, 3.0, 2.0, 2.0, 3.0, 3.0, 2.0, 3.0, 2.0, 2.0, 2.0, 2.0, 3.0, 2.0, 5.0, 2.0, 3.0, 1.0, 3.0, 2.0, 6.0, 5.0, 2.0, 4.0, 4.0], [2.0, 3.0, 3.0, 2.0, 3.0, 2.0, 5.0, 3.0, 2.0, 2.0, 2.0, 2.0, 1.0, 5.0, 2.0, 2.0, 2.0, 2.0, 3.0, 2.0, 3.0, 3.0, 3.0, 3.0, 3.0, 2.0, 2.0, 2.0, 2.0, 3.0, 2.0, 5.0, 2.0, 3.0, 2.0, 3.0, 2.0, 6.0, 6.0, 2.0, 4.0, 4.0], [2.0, 6.0, 2.0, 2.0, 3.0, 2.0, 2.0, 3.0, 2.0, 3.0, 1.0, 2.0, 1.0, 5.0, 2.0, 2.0, 2.0, 2.0, 3.0, 3.0, 2.0, 3.0, 3.0, 3.0, 3.0, 2.0, 2.0, 2.0, 2.0, 2.0, 2.0, 5.0, 3.0, 5.0, 1.0, 3.0, 2.0, 6.0, 5.0, 3.0, 4.0, 3.0], [2.0, 3.0, 3.0, 2.0, 3.0, 2.0, 6.0, 3.0, 2.0, 3.0, 1.0, 2.0, 1.0, 5.0, 2.0, 2.0, 2.0, 3.0, 3.0, 2.0, 2.0, 3.0, 5.0, 3.0, 3.0, 2.0, 2.0, 2.0, 2.0, 3.0, 2.0, 5.0, 2.0, 6.0, 1.0, 3.0, 2.0, 6.0, 5.0, 2.0, 4.0, 3.0], [2.0, 6.0, 2.0, 2.0, 3.0, 2.0, 6.0, 3.0, 2.0, 2.0, 1.0, 2.0, 1.0, 5.0, 2.0, 2.0, 2.0, 2.0, 3.0, 2.0, 3.0, 3.0, 3.0, 3.0, 3.0, 2.0, 2.0, 2.0, 2.0, 3.0, 2.0, 5.0, 3.0, 3.0, 2.0, 2.0, 2.0, 6.0, 5.0, 3.0, 6.0, 3.0], [2.0, 3.0, 3.0, 2.0, 3.0, 2.0, 5.0, 3.0, 2.0, 3.0, 1.0, 2.0, 1.0, 5.0, 2.0, 2.0, 2.0, 2.0, 3.0, 2.0, 2.0, 3.0, 3.0, 3.0, 3.0, 2.0, 2.0, 2.0, 2.0, 3.0, 2.0, 5.0, 2.0, 3.0, 1.0, 2.0, 2.0, 6.0, 6.0, 3.0, 4.0, 3.0], [2.0, 6.0, 3.0, 2.0, 3.0, 2.0, 5.0, 3.0, 2.0, 2.0, 1.0, 3.0, 1.0, 5.0, 2.0, 2.0, 2.0, 2.0, 3.0, 2.0, 3.0, 3.0, 3.0, 3.0, 3.0, 2.0, 2.0, 2.0, 2.0, 3.0, 2.0, 5.0, 2.0, 3.0, 2.0, 3.0, 2.0, 6.0, 5.0, 2.0, 4.0, 3.0], [2.0, 3.0, 2.0, 2.0, 3.0, 2.0, 5.0, 3.0, 2.0, 3.0, 1.0, 2.0, 2.0, 5.0, 2.0, 2.0, 2.0, 2.0, 3.0, 2.0, 3.0, 3.0, 2.0, 3.0, 3.0, 2.0, 2.0, 2.0, 2.0, 2.0, 2.0, 5.0, 3.0, 3.0, 1.0, 2.0, 2.0, 6.0, 5.0, 2.0, 4.0, 3.0], [2.0, 6.0, 2.0, 2.0, 3.0, 2.0, 5.0, 3.0, 2.0, 2.0, 1.0, 2.0, 1.0, 5.0, 2.0, 2.0, 2.0, 2.0, 3.0, 1.0, 2.0, 3.0, 5.0, 3.0, 3.0, 2.0, 2.0, 2.0, 2.0, 3.0, 2.0, 5.0, 2.0, 3.0, 2.0, 3.0, 2.0, 6.0, 5.0, 3.0, 3.0, 3.0], [2.0, 6.0, 2.0, 2.0, 3.0, 2.0, 5.0, 3.0, 2.0, 3.0, 1.0, 2.0, 1.0, 5.0, 2.0, 2.0, 2.0, 2.0, 3.0, 2.0, 2.0, 3.0, 2.0, 2.0, 3.0, 2.0, 2.0, 2.0, 2.0, 3.0, 2.0, 5.0, 3.0, 5.0, 1.0, 3.0, 2.0, 6.0, 5.0, 3.0, 3.0, 3.0], [2.0, 6.0, 2.0, 2.0, 3.0, 2.0, 6.0, 3.0, 2.0, 3.0, 1.0, 2.0, 1.0, 5.0, 2.0, 2.0, 2.0, 2.0, 3.0, 2.0, 2.0, 3.0, 3.0, 3.0, 3.0, 2.0, 2.0, 2.0, 2.0, 3.0, 2.0, 5.0, 3.0, 3.0, 1.0, 3.0, 2.0, 6.0, 5.0, 2.0, 4.0, 4.0], [2.0, 6.0, 3.0, 2.0, 3.0, 2.0, 3.0, 3.0, 2.0, 3.0, 1.0, 2.0, 1.0, 5.0, 2.0, 2.0, 2.0, 2.0, 3.0, 2.0, 2.0, 3.0, 2.0, 2.0, 3.0, 2.0, 2.0, 2.0, 2.0, 3.0, 2.0, 5.0, 2.0, 3.0, 2.0, 2.0, 2.0, 6.0, 5.0, 2.0, 4.0, 3.0], [2.0, 6.0, 2.0, 2.0, 3.0, 2.0, 5.0, 1.0, 2.0, 2.0, 1.0, 2.0, 2.0, 5.0, 2.0, 2.0, 2.0, 2.0, 3.0, 3.0, 3.0, 3.0, 3.0, 2.0, 3.0, 2.0, 2.0, 2.0, 2.0, 3.0, 2.0, 5.0, 3.0, 3.0, 1.0, 3.0, 2.0, 6.0, 5.0, 2.0, 4.0, 4.0], [2.0, 6.0, 3.0, 2.0, 3.0, 2.0, 5.0, 3.0, 2.0, 2.0, 1.0, 2.0, 1.0, 5.0, 2.0, 2.0, 2.0, 3.0, 3.0, 2.0, 2.0, 3.0, 3.0, 3.0, 3.0, 2.0, 2.0, 2.0, 2.0, 2.0, 2.0, 2.0, 2.0, 3.0, 1.0, 3.0, 2.0, 6.0, 5.0, 2.0, 4.0, 3.0], [2.0, 6.0, 2.0, 2.0, 3.0, 2.0, 5.0, 2.0, 2.0, 2.0, 1.0, 2.0, 1.0, 5.0, 2.0, 2.0, 2.0, 2.0, 3.0, 2.0, 3.0, 3.0, 3.0, 2.0, 3.0, 2.0, 2.0, 2.0, 2.0, 3.0, 2.0, 5.0, 2.0, 3.0, 2.0, 2.0, 2.0, 6.0, 5.0, 2.0, 3.0, 3.0], [2.0, 3.0, 2.0, 2.0, 3.0, 2.0, 5.0, 3.0, 2.0, 2.0, 1.0, 2.0, 1.0, 5.0, 2.0, 2.0, 2.0, 2.0, 3.0, 2.0, 3.0, 3.0, 3.0, 3.0, 3.0, 2.0, 2.0, 2.0, 2.0, 3.0, 2.0, 2.0, 3.0, 3.0, 2.0, 3.0, 2.0, 6.0, 5.0, 2.0, 4.0, 3.0], [2.0, 6.0, 3.0, 2.0, 3.0, 2.0, 5.0, 3.0, 2.0, 2.0, 2.0, 3.0, 2.0, 5.0, 2.0, 2.0, 2.0, 2.0, 3.0, 2.0, 2.0, 3.0, 3.0, 2.0, 3.0, 2.0, 2.0, 2.0, 2.0, 2.0, 2.0, 5.0, 2.0, 3.0, 1.0, 2.0, 2.0, 6.0, 5.0, 2.0, 4.0, 3.0], [2.0, 6.0, 2.0, 2.0, 3.0, 2.0, 6.0, 3.0, 2.0, 3.0, 1.0, 2.0, 1.0, 5.0, 2.0, 2.0, 2.0, 2.0, 3.0, 2.0, 2.0, 3.0, 3.0, 3.0, 3.0, 2.0, 2.0, 2.0, 2.0, 3.0, 2.0, 5.0, 2.0, 3.0, 2.0, 3.0, 2.0, 6.0, 5.0, 3.0, 4.0, 3.0], [2.0, 6.0, 3.0, 2.0, 3.0, 2.0, 5.0, 3.0, 2.0, 3.0, 1.0, 2.0, 1.0, 3.0, 2.0, 2.0, 2.0, 2.0, 3.0, 2.0, 3.0, 3.0, 3.0, 3.0, 3.0, 2.0, 2.0, 2.0, 2.0, 3.0, 2.0, 5.0, 2.0, 3.0, 1.0, 3.0, 2.0, 6.0, 5.0, 3.0, 3.0, 3.0], [2.0, 6.0, 2.0, 2.0, 3.0, 2.0, 5.0, 3.0, 2.0, 3.0, 1.0, 3.0, 2.0, 3.0, 2.0, 2.0, 2.0, 2.0, 3.0, 2.0, 2.0, 3.0, 3.0, 2.0, 3.0, 2.0, 2.0, 2.0, 2.0, 3.0, 2.0, 5.0, 3.0, 3.0, 2.0, 3.0, 2.0, 6.0, 5.0, 2.0, 3.0, 3.0], [2.0, 3.0, 3.0, 2.0, 3.0, 2.0, 5.0, 3.0, 2.0, 2.0, 1.0, 2.0, 1.0, 5.0, 2.0, 2.0, 2.0, 3.0, 3.0, 2.0, 2.0, 3.0, 3.0, 3.0, 3.0, 2.0, 2.0, 2.0, 2.0, 3.0, 2.0, 5.0, 2.0, 5.0, 2.0, 3.0, 2.0, 6.0, 5.0, 3.0, 3.0, 3.0], [2.0, 6.0, 2.0, 2.0, 3.0, 2.0, 5.0, 2.0, 2.0, 2.0, 1.0, 2.0, 1.0, 5.0, 2.0, 2.0, 2.0, 2.0, 3.0, 2.0, 2.0, 3.0, 3.0, 3.0, 3.0, 2.0, 2.0, 2.0, 2.0, 2.0, 2.0, 5.0, 3.0, 3.0, 2.0, 3.0, 2.0, 6.0, 5.0, 3.0, 4.0, 3.0], [2.0, 6.0, 2.0, 2.0, 3.0, 2.0, 6.0, 3.0, 2.0, 3.0, 1.0, 2.0, 1.0, 5.0, 2.0, 2.0, 2.0, 2.0, 3.0, 3.0, 2.0, 3.0, 3.0, 3.0, 3.0, 2.0, 2.0, 2.0, 2.0, 3.0, 2.0, 5.0, 2.0, 3.0, 2.0, 3.0, 2.0, 6.0, 5.0, 3.0, 4.0, 3.0], [2.0, 6.0, 2.0, 2.0, 3.0, 2.0, 6.0, 3.0, 2.0, 2.0, 1.0, 2.0, 1.0, 5.0, 2.0, 2.0, 2.0, 2.0, 3.0, 2.0, 2.0, 3.0, 3.0, 3.0, 3.0, 2.0, 2.0, 2.0, 2.0, 3.0, 2.0, 5.0, 2.0, 3.0, 2.0, 2.0, 2.0, 6.0, 5.0, 2.0, 4.0, 3.0], [2.0, 6.0, 2.0, 2.0, 3.0, 2.0, 6.0, 3.0, 2.0, 2.0, 1.0, 2.0, 1.0, 5.0, 2.0, 2.0, 2.0, 2.0, 3.0, 2.0, 2.0, 3.0, 3.0, 3.0, 3.0, 2.0, 2.0, 2.0, 2.0, 3.0, 2.0, 5.0, 2.0, 3.0, 2.0, 3.0, 2.0, 6.0, 3.0, 2.0, 6.0, 3.0], [2.0, 6.0, 2.0, 2.0, 3.0, 2.0, 6.0, 3.0, 2.0, 2.0, 1.0, 2.0, 1.0, 5.0, 2.0, 2.0, 2.0, 2.0, 3.0, 3.0, 2.0, 3.0, 3.0, 3.0, 3.0, 2.0, 2.0, 2.0, 2.0, 3.0, 2.0, 5.0, 3.0, 3.0, 2.0, 3.0, 2.0, 6.0, 5.0, 2.0, 4.0, 3.0], [2.0, 6.0, 3.0, 2.0, 3.0, 2.0, 2.0, 3.0, 2.0, 2.0, 1.0, 2.0, 1.0, 5.0, 2.0, 2.0, 2.0, 2.0, 3.0, 2.0, 2.0, 3.0, 3.0, 3.0, 3.0, 2.0, 2.0, 2.0, 2.0, 2.0, 2.0, 5.0, 3.0, 3.0, 2.0, 3.0, 2.0, 6.0, 5.0, 2.0, 3.0, 3.0], [2.0, 6.0, 2.0, 2.0, 3.0, 2.0, 5.0, 3.0, 2.0, 2.0, 1.0, 2.0, 2.0, 5.0, 2.0, 2.0, 2.0, 2.0, 3.0, 2.0, 2.0, 3.0, 3.0, 3.0, 3.0, 2.0, 2.0, 2.0, 2.0, 3.0, 2.0, 5.0, 3.0, 3.0, 2.0, 3.0, 2.0, 6.0, 5.0, 2.0, 4.0, 3.0], [2.0, 6.0, 3.0, 2.0, 3.0, 2.0, 6.0, 3.0, 2.0, 2.0, 1.0, 2.0, 2.0, 5.0, 2.0, 2.0, 2.0, 2.0, 3.0, 2.0, 2.0, 3.0, 2.0, 3.0, 3.0, 2.0, 2.0, 2.0, 2.0, 2.0, 2.0, 5.0, 3.0, 3.0, 1.0, 3.0, 2.0, 6.0, 5.0, 2.0, 6.0, 3.0], [2.0, 6.0, 2.0, 2.0, 3.0, 2.0, 5.0, 3.0, 2.0, 2.0, 1.0, 2.0, 2.0, 5.0, 2.0, 2.0, 2.0, 2.0, 3.0, 2.0, 2.0, 3.0, 3.0, 3.0, 3.0, 2.0, 2.0, 2.0, 2.0, 2.0, 2.0, 5.0, 3.0, 3.0, 1.0, 2.0, 2.0, 6.0, 6.0, 2.0, 6.0, 3.0], [2.0, 6.0, 2.0, 2.0, 3.0, 2.0, 5.0, 3.0, 2.0, 2.0, 1.0, 2.0, 1.0, 5.0, 2.0, 2.0, 2.0, 2.0, 3.0, 2.0, 2.0, 3.0, 3.0, 3.0, 3.0, 2.0, 2.0, 2.0, 2.0, 3.0, 2.0, 5.0, 3.0, 3.0, 2.0, 3.0, 2.0, 6.0, 6.0, 3.0, 4.0, 4.0]]

first layer check: Conv2d(6, 64, kernel_size=(7, 7), stride=(2, 2), padding=(3, 3), bias=False)

for model 2: mode acc: 0.523809552192688, run mean acc: 0.5275000333786011, top-2 acc:0.8083333373069763, mode f1: 0.523809552192688

model 2 mode preds
[2.0, 6.0, 2.0, 2.0, 3.0, 2.0, 6.0, 3.0, 2.0, 2.0, 2.0, 2.0, 2.0, 6.0, 2.0, 2.0, 2.0, 3.0, 3.0, 2.0, 3.0, 3.0, 3.0, 3.0, 3.0, 2.0, 2.0, 2.0, 2.0, 3.0, 2.0, 6.0, 2.0, 3.0, 2.0, 2.0, 2.0, 6.0, 6.0, 3.0, 6.0, 3.0]

model 2 all preds
[[2.0, 6.0, 2.0, 2.0, 3.0, 2.0, 6.0, 3.0, 2.0, 2.0, 2.0, 2.0, 2.0, 6.0, 2.0, 2.0, 2.0, 3.0, 3.0, 2.0, 3.0, 3.0, 3.0, 3.0, 6.0, 2.0, 2.0, 2.0, 2.0, 2.0, 2.0, 6.0, 3.0, 3.0, 2.0, 2.0, 2.0, 6.0, 6.0, 2.0, 6.0, 3.0], [2.0, 3.0, 2.0, 2.0, 3.0, 2.0, 6.0, 3.0, 2.0, 2.0, 2.0, 2.0, 2.0, 6.0, 2.0, 2.0, 2.0, 3.0, 3.0, 2.0, 3.0, 6.0, 3.0, 3.0, 3.0, 2.0, 2.0, 2.0, 2.0, 2.0, 2.0, 6.0, 2.0, 3.0, 2.0, 2.0, 2.0, 6.0, 6.0, 3.0, 6.0, 3.0], [2.0, 6.0, 2.0, 2.0, 3.0, 2.0, 6.0, 3.0, 2.0, 2.0, 2.0, 2.0, 2.0, 6.0, 2.0, 2.0, 2.0, 3.0, 3.0, 2.0, 3.0, 3.0, 3.0, 3.0, 6.0, 2.0, 2.0, 2.0, 2.0, 2.0, 2.0, 6.0, 2.0, 3.0, 2.0, 2.0, 2.0, 6.0, 6.0, 3.0, 6.0, 2.0], [2.0, 6.0, 2.0, 2.0, 3.0, 2.0, 6.0, 3.0, 2.0, 2.0, 2.0, 2.0, 2.0, 6.0, 2.0, 2.0, 2.0, 3.0, 3.0, 2.0, 3.0, 6.0, 3.0, 3.0, 6.0, 2.0, 2.0, 2.0, 2.0, 2.0, 2.0, 3.0, 3.0, 3.0, 2.0, 2.0, 2.0, 6.0, 6.0, 3.0, 6.0, 3.0], [2.0, 6.0, 2.0, 2.0, 3.0, 2.0, 6.0, 3.0, 2.0, 2.0, 2.0, 2.0, 2.0, 6.0, 2.0, 2.0, 2.0, 3.0, 3.0, 3.0, 3.0, 3.0, 2.0, 3.0, 6.0, 2.0, 2.0, 2.0, 2.0, 2.0, 2.0, 5.0, 2.0, 3.0, 2.0, 2.0, 2.0, 6.0, 6.0, 3.0, 6.0, 3.0], [2.0, 5.0, 2.0, 2.0, 3.0, 2.0, 3.0, 3.0, 2.0, 2.0, 2.0, 2.0, 2.0, 6.0, 2.0, 2.0, 2.0, 2.0, 3.0, 2.0, 3.0, 6.0, 3.0, 3.0, 3.0, 2.0, 2.0, 2.0, 2.0, 3.0, 2.0, 6.0, 2.0, 3.0, 2.0, 2.0, 2.0, 6.0, 6.0, 3.0, 6.0, 3.0], [2.0, 5.0, 2.0, 2.0, 3.0, 2.0, 6.0, 3.0, 2.0, 2.0, 2.0, 2.0, 2.0, 6.0, 2.0, 2.0, 2.0, 3.0, 3.0, 2.0, 3.0, 3.0, 3.0, 3.0, 3.0, 2.0, 2.0, 2.0, 2.0, 2.0, 2.0, 6.0, 3.0, 3.0, 2.0, 2.0, 2.0, 6.0, 6.0, 3.0, 6.0, 3.0], [2.0, 6.0, 2.0, 2.0, 3.0, 2.0, 3.0, 3.0, 2.0, 2.0, 2.0, 2.0, 2.0, 6.0, 2.0, 2.0, 2.0, 3.0, 3.0, 2.0, 3.0, 3.0, 2.0, 3.0, 6.0, 2.0, 2.0, 2.0, 2.0, 3.0, 2.0, 3.0, 2.0, 3.0, 2.0, 2.0, 2.0, 6.0, 6.0, 3.0, 6.0, 3.0], [2.0, 6.0, 3.0, 2.0, 3.0, 2.0, 3.0, 3.0, 2.0, 2.0, 2.0, 2.0, 2.0, 6.0, 2.0, 2.0, 2.0, 2.0, 3.0, 2.0, 3.0, 6.0, 2.0, 3.0, 3.0, 2.0, 2.0, 2.0, 2.0, 2.0, 2.0, 6.0, 3.0, 5.0, 2.0, 2.0, 2.0, 6.0, 6.0, 3.0, 6.0, 2.0], [2.0, 6.0, 2.0, 2.0, 3.0, 2.0, 3.0, 2.0, 2.0, 2.0, 2.0, 2.0, 2.0, 6.0, 2.0, 2.0, 2.0, 3.0, 3.0, 2.0, 3.0, 3.0, 3.0, 3.0, 3.0, 2.0, 2.0, 2.0, 2.0, 2.0, 2.0, 5.0, 3.0, 3.0, 2.0, 2.0, 2.0, 6.0, 6.0, 3.0, 6.0, 3.0], [2.0, 5.0, 2.0, 2.0, 3.0, 2.0, 6.0, 2.0, 2.0, 2.0, 2.0, 2.0, 2.0, 6.0, 2.0, 2.0, 2.0, 3.0, 3.0, 2.0, 3.0, 6.0, 3.0, 3.0, 3.0, 2.0, 2.0, 2.0, 2.0, 2.0, 2.0, 6.0, 2.0, 3.0, 2.0, 2.0, 2.0, 6.0, 6.0, 3.0, 6.0, 2.0], [2.0, 6.0, 2.0, 2.0, 3.0, 2.0, 6.0, 3.0, 2.0, 2.0, 2.0, 2.0, 2.0, 6.0, 2.0, 2.0, 2.0, 3.0, 3.0, 2.0, 3.0, 6.0, 3.0, 3.0, 6.0, 2.0, 2.0, 2.0, 2.0, 3.0, 2.0, 6.0, 3.0, 5.0, 2.0, 2.0, 2.0, 6.0, 6.0, 3.0, 6.0, 3.0], [2.0, 6.0, 2.0, 2.0, 3.0, 2.0, 6.0, 3.0, 2.0, 2.0, 2.0, 2.0, 2.0, 6.0, 2.0, 2.0, 2.0, 3.0, 3.0, 2.0, 3.0, 3.0, 3.0, 3.0, 6.0, 2.0, 2.0, 2.0, 2.0, 3.0, 2.0, 6.0, 2.0, 3.0, 2.0, 2.0, 2.0, 6.0, 6.0, 3.0, 6.0, 3.0], [2.0, 6.0, 2.0, 2.0, 3.0, 2.0, 6.0, 3.0, 2.0, 2.0, 2.0, 2.0, 2.0, 6.0, 2.0, 2.0, 2.0, 2.0, 3.0, 2.0, 3.0, 6.0, 2.0, 3.0, 6.0, 2.0, 2.0, 2.0, 2.0, 3.0, 2.0, 6.0, 3.0, 3.0, 2.0, 2.0, 2.0, 6.0, 6.0, 2.0, 5.0, 2.0], [2.0, 6.0, 2.0, 2.0, 3.0, 2.0, 6.0, 3.0, 2.0, 2.0, 2.0, 2.0, 2.0, 6.0, 2.0, 2.0, 2.0, 3.0, 3.0, 2.0, 3.0, 3.0, 2.0, 3.0, 3.0, 2.0, 2.0, 2.0, 2.0, 2.0, 2.0, 6.0, 2.0, 3.0, 2.0, 2.0, 2.0, 6.0, 6.0, 3.0, 6.0, 3.0], [2.0, 5.0, 2.0, 2.0, 3.0, 2.0, 6.0, 3.0, 2.0, 2.0, 2.0, 2.0, 2.0, 6.0, 2.0, 2.0, 2.0, 3.0, 3.0, 2.0, 3.0, 3.0, 3.0, 3.0, 3.0, 2.0, 2.0, 2.0, 2.0, 2.0, 2.0, 3.0, 2.0, 5.0, 2.0, 2.0, 2.0, 6.0, 6.0, 3.0, 6.0, 3.0], [2.0, 6.0, 2.0, 2.0, 3.0, 2.0, 6.0, 2.0, 2.0, 2.0, 2.0, 2.0, 2.0, 6.0, 2.0, 2.0, 2.0, 3.0, 3.0, 2.0, 3.0, 6.0, 3.0, 3.0, 3.0, 2.0, 2.0, 2.0, 2.0, 3.0, 2.0, 5.0, 3.0, 3.0, 2.0, 2.0, 2.0, 6.0, 6.0, 3.0, 6.0, 3.0], [2.0, 6.0, 2.0, 2.0, 3.0, 2.0, 2.0, 3.0, 2.0, 2.0, 2.0, 2.0, 2.0, 6.0, 2.0, 2.0, 2.0, 3.0, 3.0, 2.0, 3.0, 3.0, 3.0, 2.0, 3.0, 2.0, 2.0, 2.0, 2.0, 3.0, 2.0, 3.0, 2.0, 3.0, 2.0, 2.0, 2.0, 6.0, 6.0, 2.0, 6.0, 3.0], [2.0, 6.0, 2.0, 2.0, 3.0, 2.0, 6.0, 3.0, 2.0, 2.0, 2.0, 2.0, 2.0, 6.0, 2.0, 2.0, 2.0, 3.0, 3.0, 2.0, 3.0, 6.0, 2.0, 3.0, 3.0, 2.0, 2.0, 2.0, 2.0, 3.0, 2.0, 5.0, 3.0, 3.0, 2.0, 2.0, 2.0, 6.0, 6.0, 3.0, 6.0, 3.0], [2.0, 6.0, 2.0, 2.0, 3.0, 2.0, 6.0, 3.0, 2.0, 2.0, 2.0, 2.0, 2.0, 6.0, 2.0, 2.0, 2.0, 3.0, 3.0, 2.0, 3.0, 6.0, 3.0, 3.0, 3.0, 2.0, 2.0, 2.0, 2.0, 3.0, 2.0, 6.0, 3.0, 3.0, 2.0, 3.0, 2.0, 6.0, 6.0, 3.0, 6.0, 3.0], [2.0, 6.0, 3.0, 2.0, 3.0, 2.0, 6.0, 2.0, 2.0, 2.0, 2.0, 2.0, 2.0, 6.0, 2.0, 2.0, 2.0, 3.0, 3.0, 2.0, 3.0, 6.0, 3.0, 3.0, 3.0, 2.0, 2.0, 2.0, 2.0, 3.0, 2.0, 6.0, 3.0, 3.0, 2.0, 2.0, 2.0, 6.0, 6.0, 3.0, 6.0, 3.0], [2.0, 6.0, 2.0, 2.0, 3.0, 2.0, 3.0, 3.0, 2.0, 2.0, 2.0, 2.0, 2.0, 6.0, 2.0, 2.0, 2.0, 2.0, 3.0, 2.0, 3.0, 3.0, 3.0, 3.0, 3.0, 2.0, 2.0, 2.0, 2.0, 2.0, 2.0, 6.0, 3.0, 3.0, 2.0, 3.0, 2.0, 6.0, 6.0, 3.0, 6.0, 3.0], [2.0, 6.0, 2.0, 2.0, 3.0, 2.0, 6.0, 3.0, 2.0, 2.0, 2.0, 2.0, 2.0, 6.0, 2.0, 2.0, 2.0, 3.0, 3.0, 2.0, 3.0, 3.0, 3.0, 3.0, 3.0, 2.0, 2.0, 2.0, 2.0, 3.0, 2.0, 6.0, 3.0, 3.0, 2.0, 3.0, 2.0, 6.0, 6.0, 3.0, 6.0, 3.0], [2.0, 6.0, 2.0, 2.0, 3.0, 2.0, 6.0, 3.0, 2.0, 2.0, 2.0, 2.0, 2.0, 6.0, 2.0, 2.0, 2.0, 3.0, 3.0, 2.0, 3.0, 6.0, 3.0, 2.0, 6.0, 2.0, 2.0, 2.0, 2.0, 3.0, 2.0, 6.0, 2.0, 3.0, 2.0, 2.0, 2.0, 6.0, 6.0, 3.0, 6.0, 3.0], [2.0, 3.0, 2.0, 2.0, 3.0, 2.0, 6.0, 3.0, 2.0, 2.0, 2.0, 2.0, 2.0, 6.0, 2.0, 2.0, 2.0, 3.0, 3.0, 2.0, 3.0, 3.0, 2.0, 3.0, 3.0, 2.0, 2.0, 2.0, 2.0, 2.0, 2.0, 6.0, 2.0, 3.0, 2.0, 2.0, 2.0, 6.0, 6.0, 3.0, 6.0, 3.0], [2.0, 6.0, 2.0, 2.0, 3.0, 2.0, 6.0, 2.0, 2.0, 2.0, 2.0, 2.0, 2.0, 6.0, 2.0, 2.0, 2.0, 3.0, 3.0, 2.0, 3.0, 3.0, 3.0, 3.0, 3.0, 2.0, 2.0, 2.0, 2.0, 3.0, 2.0, 5.0, 2.0, 3.0, 2.0, 3.0, 2.0, 6.0, 6.0, 3.0, 6.0, 3.0], [2.0, 6.0, 2.0, 2.0, 3.0, 2.0, 6.0, 2.0, 2.0, 2.0, 2.0, 2.0, 2.0, 6.0, 2.0, 2.0, 2.0, 2.0, 3.0, 2.0, 3.0, 6.0, 3.0, 3.0, 6.0, 2.0, 2.0, 2.0, 2.0, 3.0, 2.0, 5.0, 3.0, 3.0, 2.0, 3.0, 2.0, 6.0, 6.0, 3.0, 6.0, 3.0], [2.0, 5.0, 2.0, 3.0, 3.0, 2.0, 6.0, 3.0, 2.0, 2.0, 2.0, 2.0, 2.0, 6.0, 2.0, 2.0, 2.0, 3.0, 3.0, 2.0, 3.0, 3.0, 3.0, 3.0, 6.0, 2.0, 2.0, 2.0, 2.0, 3.0, 2.0, 5.0, 3.0, 3.0, 2.0, 3.0, 2.0, 6.0, 6.0, 3.0, 6.0, 3.0], [2.0, 6.0, 3.0, 2.0, 3.0, 2.0, 6.0, 3.0, 2.0, 2.0, 2.0, 2.0, 2.0, 6.0, 2.0, 2.0, 2.0, 3.0, 3.0, 2.0, 3.0, 2.0, 3.0, 3.0, 3.0, 2.0, 2.0, 2.0, 2.0, 2.0, 2.0, 6.0, 3.0, 3.0, 2.0, 2.0, 2.0, 6.0, 6.0, 3.0, 6.0, 3.0], [2.0, 6.0, 2.0, 2.0, 3.0, 2.0, 6.0, 2.0, 2.0, 2.0, 2.0, 2.0, 2.0, 6.0, 2.0, 2.0, 2.0, 3.0, 3.0, 2.0, 3.0, 3.0, 3.0, 2.0, 6.0, 2.0, 2.0, 2.0, 2.0, 3.0, 2.0, 6.0, 2.0, 3.0, 2.0, 2.0, 2.0, 6.0, 6.0, 3.0, 3.0, 3.0], [2.0, 6.0, 2.0, 2.0, 3.0, 2.0, 3.0, 2.0, 2.0, 2.0, 2.0, 2.0, 2.0, 6.0, 2.0, 2.0, 2.0, 3.0, 3.0, 2.0, 3.0, 3.0, 3.0, 3.0, 3.0, 2.0, 2.0, 2.0, 2.0, 2.0, 2.0, 6.0, 2.0, 3.0, 2.0, 2.0, 2.0, 6.0, 6.0, 3.0, 6.0, 3.0], [2.0, 5.0, 2.0, 2.0, 3.0, 2.0, 6.0, 3.0, 2.0, 2.0, 2.0, 2.0, 2.0, 6.0, 2.0, 2.0, 2.0, 3.0, 3.0, 2.0, 3.0, 3.0, 2.0, 3.0, 3.0, 2.0, 2.0, 2.0, 2.0, 2.0, 2.0, 6.0, 2.0, 3.0, 2.0, 2.0, 2.0, 6.0, 6.0, 3.0, 6.0, 3.0], [2.0, 6.0, 2.0, 2.0, 3.0, 2.0, 6.0, 3.0, 2.0, 2.0, 2.0, 2.0, 2.0, 6.0, 2.0, 2.0, 2.0, 3.0, 3.0, 2.0, 3.0, 6.0, 3.0, 3.0, 6.0, 2.0, 2.0, 2.0, 2.0, 2.0, 2.0, 5.0, 2.0, 5.0, 2.0, 2.0, 2.0, 6.0, 6.0, 3.0, 5.0, 3.0], [2.0, 6.0, 2.0, 2.0, 3.0, 2.0, 6.0, 2.0, 2.0, 2.0, 2.0, 2.0, 2.0, 6.0, 2.0, 2.0, 2.0, 3.0, 3.0, 2.0, 3.0, 3.0, 3.0, 3.0, 3.0, 2.0, 2.0, 2.0, 2.0, 2.0, 2.0, 5.0, 3.0, 3.0, 2.0, 2.0, 2.0, 6.0, 6.0, 2.0, 6.0, 3.0], [2.0, 6.0, 2.0, 3.0, 3.0, 2.0, 6.0, 3.0, 2.0, 2.0, 2.0, 2.0, 2.0, 6.0, 2.0, 2.0, 2.0, 3.0, 3.0, 2.0, 3.0, 6.0, 3.0, 3.0, 6.0, 2.0, 2.0, 2.0, 2.0, 3.0, 2.0, 6.0, 2.0, 3.0, 2.0, 2.0, 2.0, 6.0, 6.0, 3.0, 6.0, 3.0], [2.0, 6.0, 2.0, 3.0, 3.0, 2.0, 6.0, 2.0, 2.0, 2.0, 2.0, 2.0, 2.0, 6.0, 2.0, 2.0, 2.0, 3.0, 3.0, 3.0, 3.0, 6.0, 2.0, 3.0, 6.0, 2.0, 2.0, 2.0, 2.0, 3.0, 2.0, 5.0, 2.0, 3.0, 2.0, 2.0, 2.0, 6.0, 6.0, 3.0, 6.0, 3.0], [2.0, 6.0, 3.0, 2.0, 3.0, 2.0, 6.0, 3.0, 2.0, 2.0, 2.0, 2.0, 2.0, 6.0, 2.0, 2.0, 2.0, 3.0, 3.0, 2.0, 3.0, 3.0, 3.0, 2.0, 3.0, 2.0, 2.0, 2.0, 2.0, 3.0, 2.0, 6.0, 3.0, 3.0, 2.0, 2.0, 2.0, 6.0, 6.0, 3.0, 6.0, 2.0], [2.0, 5.0, 2.0, 2.0, 3.0, 2.0, 6.0, 3.0, 2.0, 2.0, 2.0, 2.0, 2.0, 6.0, 2.0, 2.0, 2.0, 3.0, 3.0, 2.0, 3.0, 6.0, 2.0, 3.0, 6.0, 2.0, 2.0, 2.0, 2.0, 3.0, 2.0, 5.0, 2.0, 3.0, 2.0, 2.0, 2.0, 6.0, 6.0, 2.0, 6.0, 3.0], [2.0, 6.0, 2.0, 2.0, 3.0, 2.0, 6.0, 2.0, 2.0, 2.0, 2.0, 2.0, 2.0, 6.0, 2.0, 2.0, 2.0, 3.0, 3.0, 2.0, 3.0, 3.0, 2.0, 2.0, 6.0, 2.0, 2.0, 2.0, 2.0, 2.0, 2.0, 5.0, 3.0, 3.0, 2.0, 2.0, 2.0, 6.0, 6.0, 3.0, 6.0, 3.0], [2.0, 6.0, 2.0, 2.0, 3.0, 2.0, 6.0, 3.0, 2.0, 2.0, 2.0, 2.0, 2.0, 6.0, 2.0, 2.0, 2.0, 3.0, 3.0, 2.0, 3.0, 6.0, 2.0, 2.0, 3.0, 2.0, 2.0, 2.0, 2.0, 2.0, 2.0, 6.0, 2.0, 3.0, 2.0, 3.0, 2.0, 6.0, 6.0, 3.0, 6.0, 3.0], [2.0, 6.0, 2.0, 2.0, 3.0, 2.0, 6.0, 3.0, 2.0, 2.0, 2.0, 2.0, 2.0, 6.0, 2.0, 2.0, 2.0, 3.0, 3.0, 2.0, 3.0, 3.0, 3.0, 3.0, 3.0, 2.0, 2.0, 2.0, 2.0, 2.0, 2.0, 5.0, 3.0, 3.0, 2.0, 2.0, 2.0, 6.0, 6.0, 3.0, 5.0, 3.0], [2.0, 6.0, 3.0, 2.0, 3.0, 2.0, 3.0, 3.0, 2.0, 2.0, 2.0, 2.0, 2.0, 6.0, 2.0, 2.0, 2.0, 3.0, 3.0, 2.0, 3.0, 6.0, 3.0, 3.0, 6.0, 2.0, 2.0, 2.0, 2.0, 3.0, 2.0, 6.0, 2.0, 5.0, 2.0, 2.0, 2.0, 6.0, 6.0, 3.0, 6.0, 3.0], [2.0, 6.0, 2.0, 2.0, 3.0, 2.0, 6.0, 2.0, 2.0, 2.0, 2.0, 2.0, 2.0, 6.0, 2.0, 2.0, 2.0, 3.0, 3.0, 2.0, 3.0, 6.0, 3.0, 3.0, 6.0, 2.0, 2.0, 2.0, 2.0, 2.0, 2.0, 5.0, 2.0, 3.0, 2.0, 2.0, 2.0, 6.0, 6.0, 3.0, 6.0, 3.0], [2.0, 6.0, 2.0, 2.0, 3.0, 2.0, 6.0, 2.0, 2.0, 2.0, 2.0, 2.0, 2.0, 6.0, 2.0, 2.0, 2.0, 3.0, 3.0, 2.0, 2.0, 6.0, 3.0, 2.0, 3.0, 2.0, 2.0, 2.0, 2.0, 3.0, 2.0, 5.0, 2.0, 3.0, 2.0, 2.0, 2.0, 6.0, 6.0, 3.0, 6.0, 3.0], [2.0, 6.0, 2.0, 3.0, 3.0, 2.0, 6.0, 3.0, 2.0, 2.0, 2.0, 2.0, 2.0, 6.0, 2.0, 2.0, 2.0, 3.0, 3.0, 2.0, 3.0, 2.0, 2.0, 3.0, 6.0, 2.0, 2.0, 2.0, 2.0, 3.0, 2.0, 6.0, 2.0, 2.0, 2.0, 2.0, 2.0, 6.0, 6.0, 3.0, 6.0, 3.0], [2.0, 6.0, 2.0, 2.0, 3.0, 2.0, 6.0, 3.0, 2.0, 2.0, 2.0, 2.0, 2.0, 6.0, 2.0, 2.0, 2.0, 2.0, 3.0, 2.0, 3.0, 6.0, 3.0, 3.0, 3.0, 2.0, 2.0, 2.0, 2.0, 2.0, 2.0, 5.0, 3.0, 3.0, 2.0, 3.0, 2.0, 6.0, 6.0, 3.0, 3.0, 3.0], [2.0, 6.0, 2.0, 2.0, 3.0, 2.0, 6.0, 3.0, 2.0, 2.0, 2.0, 2.0, 2.0, 6.0, 2.0, 2.0, 2.0, 2.0, 3.0, 2.0, 3.0, 6.0, 3.0, 3.0, 3.0, 2.0, 2.0, 2.0, 2.0, 3.0, 2.0, 5.0, 3.0, 3.0, 2.0, 3.0, 2.0, 6.0, 6.0, 3.0, 6.0, 3.0], [2.0, 3.0, 2.0, 2.0, 3.0, 2.0, 6.0, 2.0, 2.0, 2.0, 2.0, 2.0, 2.0, 6.0, 2.0, 2.0, 2.0, 2.0, 3.0, 2.0, 3.0, 3.0, 3.0, 2.0, 3.0, 2.0, 2.0, 2.0, 2.0, 3.0, 2.0, 5.0, 3.0, 3.0, 2.0, 2.0, 2.0, 6.0, 6.0, 3.0, 6.0, 3.0], [2.0, 6.0, 3.0, 2.0, 3.0, 2.0, 6.0, 3.0, 2.0, 2.0, 2.0, 2.0, 2.0, 6.0, 2.0, 2.0, 2.0, 3.0, 3.0, 2.0, 3.0, 6.0, 3.0, 3.0, 3.0, 2.0, 2.0, 2.0, 2.0, 3.0, 2.0, 5.0, 3.0, 3.0, 2.0, 2.0, 2.0, 6.0, 6.0, 3.0, 6.0, 3.0], [2.0, 6.0, 2.0, 2.0, 3.0, 2.0, 6.0, 2.0, 2.0, 2.0, 2.0, 2.0, 2.0, 6.0, 2.0, 2.0, 2.0, 2.0, 3.0, 2.0, 3.0, 3.0, 3.0, 2.0, 5.0, 2.0, 2.0, 2.0, 2.0, 3.0, 2.0, 5.0, 2.0, 3.0, 2.0, 3.0, 2.0, 6.0, 6.0, 3.0, 6.0, 3.0]]

first layer check: Conv2d(6, 64, kernel_size=(7, 7), stride=(2, 2), padding=(3, 3), bias=False)

for model 3: mode acc: 0.5, run mean acc: 0.53166663646698, top-2 acc:0.8125, mode f1: 0.5

model 3 mode preds
[2.0, 6.0, 2.0, 2.0, 3.0, 2.0, 6.0, 2.0, 2.0, 2.0, 2.0, 2.0, 2.0, 6.0, 2.0, 2.0, 2.0, 3.0, 3.0, 2.0, 2.0, 4.0, 3.0, 2.0, 6.0, 2.0, 2.0, 2.0, 2.0, 2.0, 2.0, 6.0, 2.0, 4.0, 2.0, 2.0, 2.0, 6.0, 6.0, 3.0, 6.0, 3.0]

model 3 all preds
[[2.0, 4.0, 2.0, 2.0, 2.0, 2.0, 6.0, 2.0, 2.0, 2.0, 2.0, 2.0, 2.0, 6.0, 2.0, 2.0, 2.0, 3.0, 4.0, 2.0, 3.0, 3.0, 3.0, 3.0, 6.0, 2.0, 2.0, 2.0, 2.0, 2.0, 2.0, 6.0, 2.0, 3.0, 2.0, 2.0, 2.0, 6.0, 6.0, 3.0, 6.0, 3.0], [2.0, 6.0, 2.0, 2.0, 3.0, 2.0, 6.0, 2.0, 2.0, 2.0, 2.0, 2.0, 2.0, 6.0, 2.0, 2.0, 2.0, 3.0, 3.0, 2.0, 2.0, 6.0, 3.0, 4.0, 6.0, 2.0, 2.0, 2.0, 2.0, 2.0, 2.0, 6.0, 2.0, 6.0, 2.0, 2.0, 2.0, 6.0, 6.0, 2.0, 6.0, 4.0], [2.0, 6.0, 2.0, 2.0, 3.0, 2.0, 6.0, 3.0, 2.0, 2.0, 2.0, 2.0, 2.0, 6.0, 2.0, 2.0, 2.0, 3.0, 2.0, 2.0, 2.0, 2.0, 3.0, 2.0, 6.0, 2.0, 2.0, 2.0, 2.0, 4.0, 2.0, 6.0, 3.0, 4.0, 2.0, 2.0, 2.0, 6.0, 6.0, 2.0, 4.0, 3.0], [2.0, 6.0, 2.0, 2.0, 3.0, 2.0, 6.0, 3.0, 2.0, 2.0, 2.0, 2.0, 2.0, 6.0, 2.0, 2.0, 2.0, 3.0, 2.0, 2.0, 2.0, 2.0, 4.0, 2.0, 4.0, 2.0, 2.0, 2.0, 2.0, 2.0, 2.0, 6.0, 2.0, 4.0, 2.0, 2.0, 2.0, 6.0, 6.0, 3.0, 6.0, 3.0], [2.0, 6.0, 3.0, 2.0, 3.0, 2.0, 6.0, 2.0, 2.0, 2.0, 2.0, 2.0, 2.0, 6.0, 2.0, 2.0, 2.0, 2.0, 3.0, 2.0, 2.0, 2.0, 3.0, 2.0, 4.0, 2.0, 2.0, 2.0, 2.0, 2.0, 2.0, 6.0, 3.0, 4.0, 2.0, 2.0, 2.0, 6.0, 6.0, 2.0, 6.0, 3.0], [2.0, 6.0, 2.0, 2.0, 2.0, 2.0, 6.0, 3.0, 2.0, 2.0, 2.0, 2.0, 2.0, 6.0, 2.0, 2.0, 2.0, 3.0, 3.0, 2.0, 2.0, 6.0, 3.0, 2.0, 6.0, 2.0, 2.0, 2.0, 2.0, 2.0, 2.0, 6.0, 2.0, 4.0, 2.0, 2.0, 2.0, 6.0, 6.0, 3.0, 6.0, 6.0], [2.0, 6.0, 2.0, 2.0, 3.0, 2.0, 6.0, 3.0, 2.0, 2.0, 2.0, 3.0, 2.0, 6.0, 2.0, 2.0, 2.0, 3.0, 4.0, 2.0, 2.0, 3.0, 3.0, 2.0, 4.0, 2.0, 2.0, 2.0, 2.0, 3.0, 2.0, 6.0, 2.0, 6.0, 2.0, 2.0, 2.0, 6.0, 6.0, 3.0, 6.0, 4.0], [2.0, 6.0, 2.0, 2.0, 3.0, 2.0, 6.0, 2.0, 2.0, 2.0, 2.0, 3.0, 2.0, 6.0, 2.0, 2.0, 2.0, 3.0, 3.0, 2.0, 3.0, 4.0, 2.0, 2.0, 6.0, 2.0, 2.0, 2.0, 2.0, 3.0, 2.0, 6.0, 2.0, 6.0, 2.0, 2.0, 2.0, 6.0, 6.0, 3.0, 6.0, 4.0], [2.0, 6.0, 2.0, 2.0, 3.0, 2.0, 6.0, 3.0, 2.0, 2.0, 2.0, 2.0, 2.0, 6.0, 2.0, 2.0, 2.0, 2.0, 6.0, 2.0, 2.0, 4.0, 3.0, 2.0, 6.0, 2.0, 2.0, 2.0, 2.0, 2.0, 2.0, 3.0, 4.0, 6.0, 2.0, 2.0, 2.0, 6.0, 6.0, 3.0, 6.0, 4.0], [2.0, 6.0, 2.0, 2.0, 3.0, 2.0, 3.0, 2.0, 2.0, 2.0, 2.0, 2.0, 2.0, 6.0, 2.0, 2.0, 2.0, 3.0, 2.0, 2.0, 3.0, 6.0, 4.0, 2.0, 6.0, 2.0, 2.0, 2.0, 2.0, 2.0, 2.0, 6.0, 3.0, 4.0, 2.0, 2.0, 2.0, 6.0, 6.0, 2.0, 6.0, 3.0], [2.0, 4.0, 2.0, 2.0, 3.0, 2.0, 6.0, 2.0, 2.0, 2.0, 2.0, 2.0, 2.0, 6.0, 2.0, 2.0, 2.0, 2.0, 2.0, 2.0, 2.0, 4.0, 3.0, 2.0, 6.0, 2.0, 2.0, 2.0, 2.0, 2.0, 2.0, 6.0, 2.0, 3.0, 2.0, 2.0, 2.0, 6.0, 6.0, 3.0, 6.0, 4.0], [2.0, 6.0, 3.0, 2.0, 3.0, 2.0, 6.0, 2.0, 2.0, 2.0, 2.0, 2.0, 2.0, 6.0, 2.0, 2.0, 2.0, 3.0, 2.0, 2.0, 2.0, 6.0, 3.0, 2.0, 4.0, 2.0, 2.0, 2.0, 2.0, 2.0, 2.0, 6.0, 3.0, 6.0, 2.0, 2.0, 2.0, 6.0, 6.0, 3.0, 6.0, 3.0], [2.0, 6.0, 2.0, 2.0, 3.0, 2.0, 6.0, 2.0, 2.0, 2.0, 2.0, 2.0, 2.0, 6.0, 2.0, 2.0, 2.0, 3.0, 2.0, 2.0, 2.0, 4.0, 3.0, 2.0, 6.0, 2.0, 2.0, 2.0, 2.0, 2.0, 2.0, 6.0, 2.0, 6.0, 2.0, 2.0, 2.0, 6.0, 6.0, 3.0, 6.0, 4.0], [2.0, 4.0, 2.0, 2.0, 3.0, 2.0, 6.0, 2.0, 2.0, 2.0, 2.0, 2.0, 2.0, 6.0, 2.0, 2.0, 2.0, 3.0, 3.0, 2.0, 2.0, 2.0, 4.0, 2.0, 4.0, 2.0, 2.0, 2.0, 2.0, 2.0, 2.0, 6.0, 2.0, 6.0, 2.0, 4.0, 2.0, 6.0, 6.0, 3.0, 6.0, 3.0], [2.0, 6.0, 2.0, 2.0, 3.0, 2.0, 6.0, 2.0, 2.0, 2.0, 2.0, 2.0, 2.0, 6.0, 2.0, 2.0, 2.0, 3.0, 4.0, 2.0, 2.0, 4.0, 3.0, 4.0, 6.0, 2.0, 2.0, 2.0, 2.0, 2.0, 2.0, 6.0, 2.0, 3.0, 2.0, 2.0, 2.0, 6.0, 6.0, 3.0, 6.0, 4.0], [2.0, 6.0, 2.0, 2.0, 3.0, 2.0, 6.0, 3.0, 2.0, 2.0, 2.0, 2.0, 2.0, 6.0, 2.0, 2.0, 2.0, 2.0, 4.0, 2.0, 2.0, 3.0, 2.0, 2.0, 6.0, 2.0, 2.0, 2.0, 2.0, 3.0, 2.0, 6.0, 3.0, 6.0, 2.0, 2.0, 2.0, 6.0, 6.0, 3.0, 4.0, 4.0], [2.0, 4.0, 2.0, 2.0, 3.0, 2.0, 6.0, 2.0, 2.0, 2.0, 2.0, 2.0, 2.0, 6.0, 2.0, 2.0, 2.0, 3.0, 3.0, 2.0, 2.0, 2.0, 6.0, 4.0, 6.0, 2.0, 2.0, 2.0, 2.0, 2.0, 2.0, 6.0, 2.0, 4.0, 2.0, 2.0, 2.0, 6.0, 6.0, 3.0, 6.0, 4.0], [2.0, 6.0, 2.0, 2.0, 3.0, 2.0, 6.0, 3.0, 2.0, 2.0, 2.0, 2.0, 2.0, 6.0, 2.0, 2.0, 2.0, 3.0, 3.0, 2.0, 3.0, 6.0, 3.0, 2.0, 6.0, 2.0, 2.0, 2.0, 2.0, 3.0, 2.0, 6.0, 3.0, 6.0, 2.0, 2.0, 2.0, 6.0, 6.0, 3.0, 6.0, 3.0], [2.0, 6.0, 2.0, 2.0, 2.0, 2.0, 6.0, 2.0, 2.0, 2.0, 2.0, 2.0, 2.0, 6.0, 2.0, 2.0, 2.0, 3.0, 3.0, 2.0, 2.0, 4.0, 3.0, 4.0, 6.0, 2.0, 2.0, 2.0, 2.0, 2.0, 2.0, 6.0, 3.0, 6.0, 2.0, 2.0, 2.0, 6.0, 6.0, 3.0, 6.0, 3.0], [2.0, 6.0, 2.0, 2.0, 3.0, 2.0, 6.0, 2.0, 2.0, 2.0, 2.0, 2.0, 2.0, 6.0, 2.0, 2.0, 2.0, 3.0, 3.0, 2.0, 2.0, 3.0, 3.0, 3.0, 6.0, 2.0, 2.0, 2.0, 2.0, 2.0, 2.0, 6.0, 2.0, 6.0, 2.0, 2.0, 2.0, 6.0, 6.0, 2.0, 6.0, 3.0], [2.0, 6.0, 3.0, 2.0, 3.0, 2.0, 6.0, 4.0, 2.0, 2.0, 2.0, 2.0, 2.0, 6.0, 2.0, 2.0, 2.0, 3.0, 3.0, 2.0, 2.0, 6.0, 2.0, 2.0, 6.0, 2.0, 2.0, 2.0, 2.0, 4.0, 2.0, 6.0, 3.0, 3.0, 2.0, 2.0, 2.0, 6.0, 6.0, 3.0, 6.0, 4.0], [2.0, 6.0, 2.0, 2.0, 3.0, 2.0, 6.0, 2.0, 2.0, 2.0, 2.0, 2.0, 2.0, 6.0, 2.0, 2.0, 2.0, 3.0, 3.0, 2.0, 2.0, 3.0, 4.0, 3.0, 6.0, 2.0, 2.0, 2.0, 2.0, 3.0, 2.0, 6.0, 3.0, 6.0, 2.0, 2.0, 2.0, 6.0, 6.0, 3.0, 6.0, 3.0], [2.0, 6.0, 2.0, 2.0, 2.0, 2.0, 6.0, 2.0, 2.0, 2.0, 2.0, 2.0, 2.0, 6.0, 2.0, 2.0, 2.0, 2.0, 6.0, 2.0, 2.0, 3.0, 2.0, 4.0, 6.0, 2.0, 2.0, 2.0, 2.0, 2.0, 2.0, 6.0, 3.0, 6.0, 2.0, 2.0, 2.0, 6.0, 6.0, 3.0, 6.0, 3.0], [2.0, 6.0, 2.0, 2.0, 4.0, 2.0, 6.0, 3.0, 2.0, 2.0, 2.0, 2.0, 2.0, 6.0, 2.0, 2.0, 2.0, 3.0, 2.0, 2.0, 2.0, 6.0, 4.0, 2.0, 6.0, 2.0, 2.0, 2.0, 2.0, 2.0, 2.0, 6.0, 3.0, 3.0, 2.0, 2.0, 2.0, 6.0, 6.0, 4.0, 6.0, 6.0], [2.0, 6.0, 2.0, 2.0, 2.0, 2.0, 4.0, 3.0, 2.0, 2.0, 2.0, 2.0, 2.0, 6.0, 2.0, 2.0, 2.0, 3.0, 3.0, 2.0, 2.0, 6.0, 6.0, 2.0, 4.0, 2.0, 2.0, 2.0, 2.0, 2.0, 2.0, 6.0, 2.0, 6.0, 2.0, 2.0, 2.0, 6.0, 6.0, 3.0, 6.0, 3.0], [2.0, 3.0, 3.0, 2.0, 3.0, 2.0, 6.0, 2.0, 2.0, 2.0, 2.0, 2.0, 2.0, 6.0, 2.0, 2.0, 2.0, 2.0, 3.0, 2.0, 2.0, 3.0, 3.0, 2.0, 4.0, 2.0, 2.0, 2.0, 2.0, 2.0, 2.0, 6.0, 2.0, 6.0, 2.0, 2.0, 2.0, 6.0, 6.0, 3.0, 6.0, 3.0], [2.0, 6.0, 2.0, 2.0, 3.0, 2.0, 6.0, 3.0, 2.0, 2.0, 2.0, 2.0, 2.0, 6.0, 2.0, 2.0, 2.0, 2.0, 4.0, 2.0, 2.0, 2.0, 3.0, 2.0, 4.0, 2.0, 2.0, 2.0, 2.0, 2.0, 2.0, 6.0, 3.0, 4.0, 2.0, 3.0, 2.0, 6.0, 6.0, 3.0, 6.0, 3.0], [2.0, 6.0, 2.0, 2.0, 3.0, 2.0, 6.0, 2.0, 2.0, 2.0, 2.0, 2.0, 2.0, 6.0, 2.0, 2.0, 2.0, 3.0, 2.0, 2.0, 2.0, 6.0, 3.0, 2.0, 4.0, 2.0, 2.0, 2.0, 2.0, 2.0, 2.0, 3.0, 3.0, 4.0, 2.0, 2.0, 2.0, 6.0, 6.0, 2.0, 6.0, 3.0], [2.0, 6.0, 2.0, 2.0, 3.0, 2.0, 4.0, 2.0, 2.0, 2.0, 2.0, 2.0, 2.0, 6.0, 2.0, 2.0, 2.0, 3.0, 3.0, 2.0, 2.0, 6.0, 3.0, 2.0, 4.0, 2.0, 2.0, 2.0, 2.0, 2.0, 2.0, 4.0, 2.0, 6.0, 2.0, 2.0, 2.0, 6.0, 6.0, 3.0, 6.0, 3.0], [2.0, 6.0, 2.0, 2.0, 3.0, 2.0, 6.0, 3.0, 2.0, 2.0, 2.0, 2.0, 2.0, 6.0, 2.0, 2.0, 2.0, 2.0, 4.0, 2.0, 2.0, 6.0, 2.0, 3.0, 6.0, 2.0, 2.0, 2.0, 2.0, 2.0, 2.0, 6.0, 2.0, 4.0, 2.0, 2.0, 2.0, 6.0, 6.0, 3.0, 6.0, 3.0], [2.0, 6.0, 2.0, 3.0, 3.0, 2.0, 6.0, 3.0, 2.0, 2.0, 2.0, 2.0, 2.0, 6.0, 2.0, 2.0, 2.0, 3.0, 3.0, 2.0, 2.0, 3.0, 3.0, 2.0, 6.0, 2.0, 2.0, 2.0, 2.0, 3.0, 2.0, 6.0, 2.0, 6.0, 2.0, 2.0, 2.0, 6.0, 6.0, 3.0, 6.0, 4.0], [2.0, 6.0, 2.0, 2.0, 2.0, 2.0, 6.0, 3.0, 2.0, 2.0, 2.0, 2.0, 2.0, 6.0, 2.0, 2.0, 2.0, 3.0, 6.0, 2.0, 2.0, 3.0, 3.0, 2.0, 4.0, 2.0, 2.0, 2.0, 2.0, 2.0, 2.0, 6.0, 3.0, 6.0, 2.0, 2.0, 2.0, 6.0, 6.0, 3.0, 6.0, 4.0], [2.0, 6.0, 2.0, 2.0, 2.0, 2.0, 6.0, 3.0, 2.0, 2.0, 2.0, 2.0, 2.0, 6.0, 2.0, 2.0, 2.0, 3.0, 4.0, 2.0, 2.0, 4.0, 3.0, 2.0, 6.0, 2.0, 2.0, 2.0, 2.0, 2.0, 2.0, 6.0, 3.0, 3.0, 2.0, 2.0, 2.0, 6.0, 6.0, 3.0, 6.0, 4.0], [2.0, 6.0, 2.0, 2.0, 3.0, 2.0, 6.0, 3.0, 2.0, 2.0, 2.0, 2.0, 2.0, 6.0, 2.0, 2.0, 2.0, 3.0, 2.0, 2.0, 2.0, 4.0, 3.0, 2.0, 6.0, 2.0, 2.0, 2.0, 2.0, 4.0, 2.0, 6.0, 3.0, 4.0, 2.0, 2.0, 2.0, 6.0, 6.0, 3.0, 6.0, 4.0], [2.0, 4.0, 2.0, 2.0, 3.0, 2.0, 6.0, 2.0, 2.0, 2.0, 2.0, 2.0, 2.0, 6.0, 2.0, 2.0, 2.0, 2.0, 3.0, 2.0, 2.0, 2.0, 3.0, 2.0, 6.0, 2.0, 2.0, 2.0, 2.0, 2.0, 2.0, 6.0, 2.0, 6.0, 2.0, 2.0, 2.0, 6.0, 6.0, 3.0, 6.0, 4.0], [2.0, 6.0, 2.0, 2.0, 3.0, 2.0, 6.0, 2.0, 2.0, 2.0, 2.0, 2.0, 2.0, 6.0, 2.0, 2.0, 2.0, 2.0, 3.0, 2.0, 2.0, 6.0, 3.0, 2.0, 6.0, 2.0, 2.0, 2.0, 2.0, 3.0, 2.0, 6.0, 3.0, 4.0, 2.0, 2.0, 2.0, 6.0, 6.0, 3.0, 6.0, 6.0], [2.0, 6.0, 2.0, 2.0, 3.0, 2.0, 6.0, 4.0, 2.0, 2.0, 2.0, 2.0, 2.0, 6.0, 2.0, 2.0, 2.0, 3.0, 3.0, 2.0, 2.0, 4.0, 6.0, 2.0, 6.0, 2.0, 2.0, 2.0, 2.0, 2.0, 2.0, 6.0, 3.0, 3.0, 2.0, 2.0, 2.0, 6.0, 6.0, 3.0, 6.0, 3.0], [2.0, 6.0, 2.0, 2.0, 3.0, 2.0, 6.0, 3.0, 2.0, 2.0, 2.0, 2.0, 2.0, 6.0, 2.0, 2.0, 2.0, 2.0, 4.0, 2.0, 2.0, 4.0, 3.0, 3.0, 4.0, 2.0, 2.0, 2.0, 2.0, 3.0, 2.0, 6.0, 2.0, 4.0, 2.0, 2.0, 2.0, 6.0, 6.0, 3.0, 4.0, 3.0], [2.0, 6.0, 2.0, 2.0, 3.0, 2.0, 6.0, 2.0, 2.0, 2.0, 2.0, 2.0, 2.0, 6.0, 2.0, 2.0, 2.0, 3.0, 3.0, 2.0, 2.0, 4.0, 4.0, 2.0, 6.0, 2.0, 2.0, 2.0, 2.0, 2.0, 2.0, 6.0, 3.0, 3.0, 2.0, 2.0, 2.0, 6.0, 6.0, 2.0, 6.0, 3.0], [2.0, 6.0, 2.0, 2.0, 3.0, 2.0, 6.0, 2.0, 2.0, 2.0, 2.0, 2.0, 2.0, 6.0, 2.0, 2.0, 2.0, 3.0, 2.0, 2.0, 3.0, 4.0, 2.0, 3.0, 6.0, 2.0, 2.0, 2.0, 2.0, 2.0, 2.0, 6.0, 2.0, 4.0, 2.0, 3.0, 2.0, 6.0, 6.0, 3.0, 6.0, 4.0], [2.0, 6.0, 2.0, 2.0, 3.0, 2.0, 6.0, 2.0, 2.0, 2.0, 2.0, 3.0, 2.0, 6.0, 2.0, 2.0, 2.0, 2.0, 4.0, 2.0, 2.0, 6.0, 4.0, 2.0, 6.0, 2.0, 2.0, 2.0, 2.0, 2.0, 2.0, 6.0, 3.0, 2.0, 2.0, 2.0, 2.0, 6.0, 6.0, 2.0, 6.0, 3.0], [2.0, 4.0, 2.0, 2.0, 3.0, 2.0, 6.0, 3.0, 2.0, 2.0, 2.0, 2.0, 2.0, 6.0, 2.0, 2.0, 2.0, 3.0, 3.0, 2.0, 2.0, 6.0, 3.0, 2.0, 6.0, 2.0, 2.0, 2.0, 2.0, 2.0, 2.0, 6.0, 3.0, 4.0, 2.0, 2.0, 2.0, 6.0, 6.0, 3.0, 6.0, 3.0], [2.0, 6.0, 2.0, 2.0, 3.0, 2.0, 6.0, 2.0, 2.0, 2.0, 2.0, 2.0, 2.0, 6.0, 2.0, 2.0, 2.0, 3.0, 2.0, 2.0, 2.0, 4.0, 3.0, 4.0, 4.0, 2.0, 2.0, 2.0, 2.0, 2.0, 2.0, 6.0, 2.0, 4.0, 2.0, 2.0, 2.0, 6.0, 6.0, 3.0, 6.0, 3.0], [2.0, 6.0, 3.0, 2.0, 3.0, 2.0, 6.0, 3.0, 2.0, 2.0, 2.0, 2.0, 2.0, 6.0, 2.0, 2.0, 2.0, 2.0, 3.0, 2.0, 2.0, 4.0, 2.0, 2.0, 6.0, 2.0, 2.0, 2.0, 2.0, 2.0, 2.0, 6.0, 2.0, 3.0, 2.0, 2.0, 2.0, 6.0, 6.0, 3.0, 6.0, 4.0], [2.0, 6.0, 2.0, 2.0, 3.0, 2.0, 3.0, 2.0, 2.0, 2.0, 2.0, 2.0, 2.0, 6.0, 2.0, 2.0, 2.0, 2.0, 3.0, 4.0, 2.0, 4.0, 3.0, 2.0, 4.0, 2.0, 2.0, 2.0, 2.0, 2.0, 2.0, 6.0, 2.0, 6.0, 2.0, 2.0, 2.0, 6.0, 6.0, 3.0, 6.0, 3.0], [2.0, 6.0, 2.0, 2.0, 3.0, 2.0, 6.0, 2.0, 2.0, 2.0, 2.0, 2.0, 2.0, 6.0, 2.0, 2.0, 2.0, 3.0, 3.0, 2.0, 2.0, 3.0, 6.0, 2.0, 6.0, 2.0, 2.0, 2.0, 2.0, 2.0, 2.0, 6.0, 2.0, 4.0, 2.0, 2.0, 2.0, 6.0, 6.0, 3.0, 6.0, 3.0], [2.0, 4.0, 2.0, 2.0, 2.0, 2.0, 6.0, 3.0, 2.0, 2.0, 2.0, 2.0, 2.0, 6.0, 2.0, 2.0, 2.0, 3.0, 3.0, 3.0, 3.0, 2.0, 3.0, 2.0, 6.0, 2.0, 2.0, 2.0, 2.0, 4.0, 2.0, 6.0, 2.0, 4.0, 2.0, 2.0, 2.0, 6.0, 6.0, 3.0, 6.0, 2.0], [2.0, 6.0, 2.0, 2.0, 3.0, 2.0, 3.0, 2.0, 2.0, 2.0, 2.0, 2.0, 2.0, 6.0, 2.0, 2.0, 2.0, 2.0, 6.0, 2.0, 2.0, 3.0, 3.0, 2.0, 6.0, 2.0, 2.0, 2.0, 2.0, 2.0, 2.0, 6.0, 2.0, 4.0, 2.0, 3.0, 2.0, 6.0, 6.0, 3.0, 6.0, 3.0], [2.0, 6.0, 2.0, 2.0, 3.0, 2.0, 6.0, 3.0, 2.0, 2.0, 2.0, 2.0, 2.0, 6.0, 2.0, 2.0, 2.0, 3.0, 4.0, 2.0, 2.0, 3.0, 3.0, 3.0, 4.0, 2.0, 2.0, 2.0, 2.0, 2.0, 2.0, 6.0, 2.0, 4.0, 2.0, 2.0, 2.0, 6.0, 6.0, 3.0, 6.0, 3.0], [2.0, 6.0, 2.0, 2.0, 3.0, 2.0, 6.0, 2.0, 2.0, 2.0, 2.0, 2.0, 2.0, 6.0, 2.0, 2.0, 2.0, 3.0, 3.0, 2.0, 2.0, 4.0, 2.0, 2.0, 6.0, 2.0, 2.0, 2.0, 2.0, 2.0, 2.0, 3.0, 2.0, 4.0, 2.0, 2.0, 2.0, 6.0, 6.0, 3.0, 6.0, 3.0]]

first layer check: Conv2d(6, 64, kernel_size=(7, 7), stride=(2, 2), padding=(3, 3), bias=False)

for model 4: mode acc: 0.4523809552192688, run mean acc: 0.4924999475479126, top-2 acc:0.7774999141693115, mode f1: 0.4523809552192688

model 4 mode preds
[2.0, 6.0, 2.0, 2.0, 3.0, 2.0, 6.0, 3.0, 2.0, 2.0, 1.0, 2.0, 1.0, 6.0, 2.0, 2.0, 2.0, 2.0, 2.0, 2.0, 3.0, 6.0, 3.0, 2.0, 6.0, 2.0, 2.0, 2.0, 2.0, 4.0, 2.0, 4.0, 4.0, 3.0, 2.0, 2.0, 2.0, 6.0, 6.0, 3.0, 4.0, 3.0]

model 4 all preds
[[2.0, 5.0, 2.0, 2.0, 3.0, 2.0, 6.0, 2.0, 2.0, 2.0, 1.0, 2.0, 1.0, 6.0, 2.0, 2.0, 2.0, 2.0, 3.0, 2.0, 2.0, 6.0, 3.0, 3.0, 5.0, 2.0, 2.0, 2.0, 2.0, 4.0, 2.0, 4.0, 4.0, 3.0, 2.0, 2.0, 2.0, 6.0, 6.0, 3.0, 4.0, 4.0], [2.0, 6.0, 2.0, 2.0, 3.0, 2.0, 6.0, 3.0, 2.0, 2.0, 1.0, 2.0, 1.0, 6.0, 2.0, 2.0, 2.0, 2.0, 2.0, 2.0, 3.0, 6.0, 5.0, 2.0, 5.0, 2.0, 2.0, 2.0, 2.0, 2.0, 2.0, 4.0, 2.0, 3.0, 2.0, 2.0, 2.0, 6.0, 6.0, 3.0, 6.0, 3.0], [2.0, 6.0, 2.0, 2.0, 3.0, 2.0, 5.0, 3.0, 2.0, 2.0, 2.0, 2.0, 1.0, 6.0, 2.0, 2.0, 2.0, 2.0, 2.0, 2.0, 3.0, 6.0, 3.0, 2.0, 5.0, 2.0, 2.0, 2.0, 2.0, 4.0, 2.0, 4.0, 2.0, 3.0, 2.0, 2.0, 2.0, 6.0, 6.0, 2.0, 6.0, 4.0], [2.0, 6.0, 3.0, 2.0, 3.0, 2.0, 6.0, 5.0, 2.0, 2.0, 1.0, 2.0, 1.0, 6.0, 2.0, 2.0, 2.0, 2.0, 2.0, 2.0, 2.0, 6.0, 4.0, 3.0, 5.0, 2.0, 2.0, 2.0, 2.0, 4.0, 2.0, 4.0, 4.0, 5.0, 2.0, 2.0, 2.0, 6.0, 6.0, 3.0, 4.0, 3.0], [2.0, 6.0, 3.0, 2.0, 3.0, 2.0, 6.0, 3.0, 2.0, 2.0, 1.0, 2.0, 1.0, 6.0, 2.0, 2.0, 2.0, 2.0, 3.0, 2.0, 3.0, 3.0, 2.0, 3.0, 4.0, 2.0, 2.0, 2.0, 2.0, 4.0, 2.0, 4.0, 2.0, 3.0, 2.0, 2.0, 2.0, 6.0, 6.0, 3.0, 4.0, 3.0], [2.0, 6.0, 2.0, 2.0, 3.0, 2.0, 6.0, 5.0, 2.0, 2.0, 1.0, 2.0, 2.0, 6.0, 2.0, 2.0, 2.0, 2.0, 2.0, 2.0, 2.0, 5.0, 2.0, 2.0, 6.0, 2.0, 2.0, 2.0, 2.0, 4.0, 2.0, 4.0, 4.0, 3.0, 2.0, 2.0, 2.0, 6.0, 6.0, 3.0, 4.0, 2.0], [2.0, 6.0, 2.0, 2.0, 3.0, 2.0, 6.0, 2.0, 2.0, 2.0, 1.0, 2.0, 1.0, 6.0, 2.0, 2.0, 2.0, 2.0, 3.0, 2.0, 2.0, 6.0, 3.0, 2.0, 4.0, 2.0, 2.0, 2.0, 2.0, 4.0, 2.0, 4.0, 4.0, 3.0, 2.0, 2.0, 2.0, 6.0, 6.0, 3.0, 4.0, 2.0], [2.0, 6.0, 2.0, 2.0, 3.0, 2.0, 5.0, 3.0, 2.0, 2.0, 2.0, 2.0, 1.0, 6.0, 2.0, 2.0, 2.0, 2.0, 2.0, 2.0, 3.0, 6.0, 3.0, 3.0, 6.0, 2.0, 2.0, 2.0, 2.0, 2.0, 2.0, 4.0, 4.0, 3.0, 2.0, 2.0, 2.0, 6.0, 6.0, 2.0, 4.0, 3.0], [2.0, 6.0, 2.0, 2.0, 3.0, 2.0, 6.0, 3.0, 2.0, 2.0, 1.0, 2.0, 1.0, 6.0, 2.0, 2.0, 2.0, 2.0, 2.0, 2.0, 3.0, 5.0, 3.0, 2.0, 4.0, 2.0, 2.0, 2.0, 2.0, 4.0, 2.0, 4.0, 2.0, 3.0, 2.0, 2.0, 2.0, 6.0, 6.0, 3.0, 4.0, 3.0], [2.0, 6.0, 3.0, 2.0, 3.0, 2.0, 6.0, 5.0, 2.0, 2.0, 1.0, 2.0, 1.0, 6.0, 2.0, 2.0, 2.0, 2.0, 2.0, 2.0, 3.0, 5.0, 3.0, 2.0, 6.0, 2.0, 2.0, 2.0, 2.0, 2.0, 2.0, 4.0, 2.0, 3.0, 2.0, 2.0, 2.0, 6.0, 6.0, 3.0, 4.0, 2.0], [2.0, 6.0, 2.0, 2.0, 3.0, 2.0, 6.0, 3.0, 2.0, 2.0, 1.0, 2.0, 2.0, 6.0, 2.0, 2.0, 2.0, 2.0, 3.0, 2.0, 3.0, 6.0, 3.0, 2.0, 4.0, 2.0, 2.0, 2.0, 2.0, 2.0, 2.0, 4.0, 2.0, 3.0, 2.0, 2.0, 2.0, 6.0, 6.0, 2.0, 4.0, 3.0], [2.0, 6.0, 2.0, 2.0, 3.0, 2.0, 5.0, 2.0, 2.0, 2.0, 1.0, 2.0, 2.0, 6.0, 2.0, 2.0, 2.0, 2.0, 2.0, 2.0, 2.0, 3.0, 3.0, 2.0, 6.0, 2.0, 2.0, 2.0, 2.0, 4.0, 2.0, 4.0, 4.0, 4.0, 2.0, 2.0, 2.0, 6.0, 6.0, 2.0, 4.0, 3.0], [2.0, 6.0, 2.0, 2.0, 3.0, 2.0, 6.0, 3.0, 2.0, 2.0, 1.0, 2.0, 2.0, 6.0, 2.0, 2.0, 2.0, 2.0, 2.0, 2.0, 2.0, 5.0, 3.0, 2.0, 6.0, 2.0, 2.0, 2.0, 2.0, 4.0, 2.0, 4.0, 2.0, 3.0, 2.0, 2.0, 2.0, 6.0, 6.0, 3.0, 4.0, 4.0], [2.0, 6.0, 2.0, 2.0, 3.0, 2.0, 6.0, 2.0, 2.0, 2.0, 1.0, 2.0, 1.0, 6.0, 2.0, 2.0, 2.0, 2.0, 3.0, 2.0, 2.0, 6.0, 3.0, 3.0, 6.0, 2.0, 2.0, 2.0, 2.0, 4.0, 2.0, 4.0, 4.0, 4.0, 2.0, 2.0, 2.0, 6.0, 6.0, 3.0, 4.0, 3.0], [2.0, 6.0, 2.0, 2.0, 3.0, 2.0, 5.0, 3.0, 2.0, 2.0, 1.0, 2.0, 1.0, 6.0, 2.0, 2.0, 2.0, 2.0, 3.0, 2.0, 3.0, 6.0, 2.0, 2.0, 6.0, 2.0, 2.0, 2.0, 2.0, 2.0, 2.0, 4.0, 4.0, 4.0, 2.0, 2.0, 2.0, 6.0, 6.0, 3.0, 4.0, 4.0], [2.0, 6.0, 2.0, 2.0, 3.0, 2.0, 6.0, 3.0, 2.0, 2.0, 1.0, 2.0, 1.0, 6.0, 2.0, 2.0, 2.0, 2.0, 2.0, 2.0, 3.0, 5.0, 3.0, 2.0, 5.0, 2.0, 2.0, 2.0, 2.0, 2.0, 2.0, 4.0, 2.0, 5.0, 2.0, 2.0, 2.0, 6.0, 6.0, 3.0, 4.0, 3.0], [2.0, 6.0, 3.0, 2.0, 3.0, 2.0, 6.0, 5.0, 2.0, 2.0, 2.0, 2.0, 1.0, 6.0, 2.0, 2.0, 2.0, 2.0, 2.0, 2.0, 2.0, 6.0, 3.0, 3.0, 6.0, 2.0, 2.0, 2.0, 2.0, 2.0, 2.0, 4.0, 4.0, 5.0, 2.0, 2.0, 2.0, 6.0, 6.0, 3.0, 4.0, 2.0], [2.0, 6.0, 2.0, 2.0, 3.0, 2.0, 6.0, 5.0, 2.0, 2.0, 1.0, 2.0, 1.0, 6.0, 2.0, 2.0, 2.0, 2.0, 3.0, 2.0, 3.0, 6.0, 3.0, 4.0, 4.0, 2.0, 2.0, 2.0, 2.0, 2.0, 2.0, 4.0, 2.0, 3.0, 2.0, 2.0, 2.0, 6.0, 6.0, 2.0, 6.0, 3.0], [2.0, 6.0, 3.0, 2.0, 3.0, 2.0, 6.0, 3.0, 2.0, 2.0, 2.0, 2.0, 1.0, 6.0, 2.0, 2.0, 2.0, 2.0, 2.0, 2.0, 2.0, 3.0, 3.0, 2.0, 6.0, 2.0, 2.0, 2.0, 2.0, 4.0, 2.0, 4.0, 2.0, 5.0, 2.0, 2.0, 2.0, 6.0, 6.0, 3.0, 6.0, 2.0], [2.0, 6.0, 2.0, 2.0, 3.0, 2.0, 5.0, 2.0, 2.0, 2.0, 1.0, 2.0, 1.0, 6.0, 2.0, 2.0, 2.0, 2.0, 2.0, 2.0, 2.0, 6.0, 5.0, 2.0, 4.0, 2.0, 2.0, 2.0, 2.0, 4.0, 2.0, 4.0, 4.0, 3.0, 2.0, 2.0, 2.0, 6.0, 6.0, 3.0, 4.0, 3.0], [2.0, 6.0, 2.0, 2.0, 3.0, 2.0, 6.0, 3.0, 2.0, 2.0, 1.0, 2.0, 1.0, 6.0, 2.0, 2.0, 2.0, 2.0, 3.0, 2.0, 3.0, 3.0, 3.0, 3.0, 4.0, 2.0, 2.0, 2.0, 2.0, 4.0, 2.0, 4.0, 4.0, 4.0, 2.0, 2.0, 2.0, 6.0, 6.0, 3.0, 4.0, 3.0], [2.0, 5.0, 2.0, 2.0, 3.0, 2.0, 6.0, 3.0, 2.0, 2.0, 1.0, 2.0, 2.0, 6.0, 2.0, 2.0, 2.0, 2.0, 2.0, 2.0, 2.0, 6.0, 3.0, 2.0, 5.0, 2.0, 2.0, 2.0, 2.0, 2.0, 2.0, 4.0, 4.0, 3.0, 2.0, 2.0, 2.0, 6.0, 6.0, 3.0, 4.0, 4.0], [2.0, 5.0, 2.0, 2.0, 3.0, 2.0, 6.0, 3.0, 2.0, 2.0, 1.0, 2.0, 1.0, 6.0, 2.0, 2.0, 2.0, 2.0, 2.0, 2.0, 3.0, 3.0, 3.0, 2.0, 4.0, 2.0, 2.0, 2.0, 2.0, 4.0, 2.0, 4.0, 2.0, 3.0, 2.0, 2.0, 2.0, 6.0, 6.0, 3.0, 4.0, 2.0], [2.0, 6.0, 2.0, 2.0, 3.0, 2.0, 6.0, 3.0, 2.0, 2.0, 1.0, 2.0, 1.0, 6.0, 2.0, 2.0, 2.0, 2.0, 3.0, 2.0, 3.0, 6.0, 3.0, 3.0, 6.0, 2.0, 2.0, 2.0, 2.0, 4.0, 2.0, 4.0, 4.0, 5.0, 2.0, 2.0, 2.0, 6.0, 6.0, 2.0, 4.0, 2.0], [2.0, 6.0, 2.0, 2.0, 3.0, 2.0, 6.0, 3.0, 2.0, 2.0, 1.0, 2.0, 1.0, 6.0, 2.0, 2.0, 2.0, 2.0, 2.0, 2.0, 3.0, 6.0, 3.0, 2.0, 6.0, 2.0, 2.0, 2.0, 2.0, 2.0, 2.0, 4.0, 2.0, 3.0, 2.0, 2.0, 2.0, 6.0, 6.0, 3.0, 6.0, 4.0], [2.0, 6.0, 2.0, 2.0, 3.0, 2.0, 6.0, 2.0, 2.0, 1.0, 2.0, 2.0, 1.0, 6.0, 2.0, 2.0, 2.0, 2.0, 2.0, 2.0, 3.0, 5.0, 4.0, 4.0, 5.0, 2.0, 2.0, 2.0, 2.0, 4.0, 2.0, 4.0, 3.0, 3.0, 2.0, 2.0, 2.0, 6.0, 6.0, 2.0, 4.0, 2.0], [2.0, 6.0, 2.0, 2.0, 3.0, 2.0, 5.0, 3.0, 2.0, 2.0, 2.0, 2.0, 1.0, 6.0, 2.0, 2.0, 2.0, 2.0, 2.0, 2.0, 2.0, 3.0, 3.0, 2.0, 6.0, 2.0, 2.0, 2.0, 2.0, 4.0, 2.0, 4.0, 2.0, 3.0, 2.0, 2.0, 2.0, 6.0, 6.0, 2.0, 4.0, 3.0], [2.0, 5.0, 2.0, 2.0, 3.0, 2.0, 5.0, 3.0, 2.0, 2.0, 1.0, 2.0, 1.0, 6.0, 2.0, 2.0, 2.0, 2.0, 2.0, 2.0, 2.0, 3.0, 2.0, 2.0, 5.0, 2.0, 2.0, 2.0, 2.0, 2.0, 2.0, 4.0, 2.0, 3.0, 2.0, 2.0, 2.0, 6.0, 6.0, 2.0, 4.0, 3.0], [2.0, 6.0, 2.0, 2.0, 3.0, 2.0, 6.0, 3.0, 2.0, 2.0, 2.0, 2.0, 2.0, 6.0, 2.0, 2.0, 2.0, 2.0, 2.0, 2.0, 3.0, 5.0, 3.0, 2.0, 5.0, 2.0, 2.0, 2.0, 2.0, 4.0, 2.0, 4.0, 2.0, 3.0, 2.0, 2.0, 2.0, 6.0, 6.0, 2.0, 6.0, 2.0], [2.0, 6.0, 2.0, 2.0, 3.0, 2.0, 6.0, 3.0, 2.0, 2.0, 1.0, 2.0, 1.0, 6.0, 2.0, 2.0, 2.0, 2.0, 2.0, 2.0, 3.0, 6.0, 4.0, 2.0, 6.0, 2.0, 2.0, 2.0, 2.0, 4.0, 2.0, 4.0, 4.0, 3.0, 2.0, 2.0, 2.0, 6.0, 6.0, 3.0, 6.0, 2.0], [2.0, 6.0, 2.0, 2.0, 3.0, 2.0, 6.0, 3.0, 2.0, 2.0, 1.0, 2.0, 1.0, 6.0, 2.0, 2.0, 2.0, 2.0, 2.0, 2.0, 2.0, 6.0, 3.0, 2.0, 4.0, 2.0, 2.0, 2.0, 2.0, 4.0, 2.0, 4.0, 4.0, 3.0, 2.0, 2.0, 2.0, 6.0, 6.0, 3.0, 4.0, 3.0], [2.0, 6.0, 2.0, 2.0, 3.0, 2.0, 5.0, 3.0, 2.0, 2.0, 1.0, 2.0, 2.0, 6.0, 2.0, 2.0, 2.0, 2.0, 3.0, 2.0, 2.0, 5.0, 3.0, 3.0, 5.0, 2.0, 2.0, 2.0, 2.0, 4.0, 2.0, 4.0, 2.0, 2.0, 2.0, 2.0, 2.0, 6.0, 6.0, 3.0, 4.0, 4.0], [2.0, 5.0, 2.0, 2.0, 3.0, 2.0, 6.0, 3.0, 2.0, 2.0, 1.0, 2.0, 2.0, 6.0, 2.0, 2.0, 2.0, 2.0, 2.0, 2.0, 2.0, 5.0, 2.0, 2.0, 6.0, 2.0, 2.0, 2.0, 2.0, 2.0, 2.0, 4.0, 4.0, 5.0, 2.0, 2.0, 2.0, 6.0, 6.0, 2.0, 4.0, 4.0], [2.0, 6.0, 2.0, 2.0, 3.0, 2.0, 3.0, 3.0, 2.0, 2.0, 1.0, 2.0, 1.0, 6.0, 2.0, 2.0, 2.0, 2.0, 2.0, 2.0, 3.0, 6.0, 2.0, 2.0, 6.0, 2.0, 2.0, 2.0, 2.0, 2.0, 2.0, 4.0, 2.0, 3.0, 2.0, 2.0, 2.0, 6.0, 6.0, 3.0, 6.0, 2.0], [2.0, 6.0, 2.0, 2.0, 3.0, 2.0, 5.0, 3.0, 2.0, 1.0, 1.0, 2.0, 1.0, 6.0, 2.0, 2.0, 2.0, 2.0, 3.0, 2.0, 3.0, 6.0, 5.0, 2.0, 6.0, 2.0, 2.0, 2.0, 2.0, 2.0, 2.0, 4.0, 4.0, 3.0, 2.0, 2.0, 2.0, 6.0, 6.0, 3.0, 4.0, 4.0], [2.0, 5.0, 2.0, 2.0, 3.0, 2.0, 6.0, 3.0, 2.0, 2.0, 1.0, 2.0, 1.0, 6.0, 2.0, 2.0, 2.0, 2.0, 3.0, 2.0, 3.0, 2.0, 3.0, 2.0, 5.0, 2.0, 2.0, 2.0, 2.0, 2.0, 2.0, 4.0, 4.0, 3.0, 2.0, 2.0, 2.0, 6.0, 6.0, 2.0, 4.0, 3.0], [2.0, 5.0, 2.0, 2.0, 3.0, 2.0, 6.0, 2.0, 2.0, 2.0, 1.0, 2.0, 2.0, 6.0, 2.0, 2.0, 2.0, 2.0, 2.0, 2.0, 3.0, 6.0, 3.0, 2.0, 6.0, 2.0, 2.0, 2.0, 2.0, 4.0, 2.0, 4.0, 2.0, 3.0, 2.0, 2.0, 2.0, 6.0, 6.0, 3.0, 6.0, 3.0], [2.0, 5.0, 2.0, 2.0, 3.0, 2.0, 6.0, 3.0, 2.0, 2.0, 1.0, 2.0, 1.0, 6.0, 2.0, 2.0, 2.0, 2.0, 2.0, 2.0, 2.0, 5.0, 5.0, 2.0, 6.0, 2.0, 2.0, 2.0, 2.0, 4.0, 2.0, 4.0, 4.0, 3.0, 2.0, 2.0, 2.0, 6.0, 6.0, 2.0, 6.0, 2.0], [2.0, 6.0, 2.0, 2.0, 3.0, 2.0, 6.0, 3.0, 2.0, 2.0, 1.0, 2.0, 2.0, 6.0, 2.0, 2.0, 2.0, 2.0, 2.0, 2.0, 3.0, 6.0, 3.0, 3.0, 6.0, 2.0, 2.0, 2.0, 2.0, 4.0, 2.0, 3.0, 4.0, 3.0, 2.0, 2.0, 2.0, 6.0, 6.0, 2.0, 4.0, 3.0], [2.0, 6.0, 2.0, 2.0, 3.0, 2.0, 6.0, 3.0, 2.0, 2.0, 1.0, 2.0, 2.0, 6.0, 2.0, 2.0, 2.0, 2.0, 2.0, 2.0, 3.0, 5.0, 3.0, 2.0, 4.0, 2.0, 2.0, 2.0, 2.0, 4.0, 2.0, 4.0, 4.0, 3.0, 2.0, 2.0, 2.0, 6.0, 6.0, 2.0, 4.0, 2.0], [2.0, 5.0, 2.0, 2.0, 3.0, 2.0, 6.0, 2.0, 2.0, 2.0, 1.0, 2.0, 1.0, 6.0, 2.0, 2.0, 2.0, 2.0, 2.0, 2.0, 3.0, 6.0, 3.0, 2.0, 6.0, 2.0, 2.0, 2.0, 2.0, 2.0, 2.0, 4.0, 4.0, 3.0, 2.0, 2.0, 2.0, 6.0, 6.0, 2.0, 4.0, 3.0], [2.0, 5.0, 2.0, 2.0, 3.0, 2.0, 6.0, 3.0, 2.0, 2.0, 1.0, 2.0, 1.0, 6.0, 2.0, 2.0, 2.0, 2.0, 3.0, 2.0, 2.0, 6.0, 3.0, 2.0, 5.0, 2.0, 2.0, 2.0, 2.0, 4.0, 2.0, 4.0, 4.0, 3.0, 2.0, 2.0, 2.0, 6.0, 6.0, 3.0, 4.0, 2.0], [2.0, 6.0, 3.0, 2.0, 3.0, 2.0, 6.0, 3.0, 2.0, 2.0, 1.0, 2.0, 1.0, 6.0, 2.0, 2.0, 2.0, 2.0, 2.0, 2.0, 2.0, 6.0, 2.0, 2.0, 5.0, 2.0, 2.0, 2.0, 2.0, 2.0, 2.0, 4.0, 4.0, 3.0, 2.0, 2.0, 2.0, 6.0, 6.0, 2.0, 4.0, 3.0], [2.0, 6.0, 2.0, 2.0, 3.0, 2.0, 6.0, 3.0, 2.0, 2.0, 1.0, 2.0, 2.0, 6.0, 2.0, 2.0, 2.0, 2.0, 3.0, 2.0, 3.0, 5.0, 3.0, 2.0, 5.0, 2.0, 2.0, 2.0, 2.0, 4.0, 2.0, 2.0, 4.0, 3.0, 2.0, 2.0, 2.0, 6.0, 6.0, 2.0, 6.0, 4.0], [2.0, 6.0, 3.0, 2.0, 3.0, 2.0, 6.0, 3.0, 2.0, 2.0, 2.0, 2.0, 1.0, 6.0, 2.0, 2.0, 2.0, 2.0, 2.0, 2.0, 2.0, 6.0, 3.0, 2.0, 5.0, 2.0, 2.0, 2.0, 2.0, 2.0, 2.0, 4.0, 2.0, 3.0, 2.0, 2.0, 2.0, 6.0, 6.0, 3.0, 6.0, 2.0], [2.0, 5.0, 2.0, 2.0, 3.0, 2.0, 6.0, 3.0, 2.0, 2.0, 1.0, 2.0, 1.0, 6.0, 2.0, 2.0, 2.0, 2.0, 3.0, 2.0, 2.0, 6.0, 3.0, 2.0, 6.0, 2.0, 2.0, 2.0, 2.0, 4.0, 2.0, 4.0, 4.0, 3.0, 2.0, 2.0, 2.0, 6.0, 6.0, 2.0, 6.0, 4.0], [2.0, 5.0, 2.0, 2.0, 3.0, 2.0, 5.0, 3.0, 2.0, 2.0, 1.0, 2.0, 2.0, 6.0, 2.0, 2.0, 2.0, 2.0, 3.0, 2.0, 2.0, 6.0, 3.0, 3.0, 5.0, 2.0, 2.0, 2.0, 2.0, 2.0, 2.0, 4.0, 2.0, 3.0, 2.0, 2.0, 2.0, 6.0, 6.0, 2.0, 4.0, 2.0], [2.0, 5.0, 2.0, 2.0, 3.0, 2.0, 5.0, 3.0, 2.0, 2.0, 1.0, 2.0, 1.0, 6.0, 2.0, 2.0, 2.0, 2.0, 2.0, 2.0, 2.0, 6.0, 3.0, 2.0, 6.0, 2.0, 2.0, 2.0, 2.0, 2.0, 2.0, 2.0, 4.0, 3.0, 2.0, 2.0, 2.0, 6.0, 6.0, 3.0, 4.0, 2.0], [2.0, 6.0, 3.0, 2.0, 3.0, 2.0, 6.0, 3.0, 2.0, 2.0, 1.0, 2.0, 1.0, 6.0, 2.0, 2.0, 2.0, 2.0, 3.0, 2.0, 3.0, 5.0, 5.0, 2.0, 6.0, 2.0, 2.0, 2.0, 2.0, 4.0, 2.0, 4.0, 4.0, 3.0, 2.0, 2.0, 2.0, 6.0, 6.0, 2.0, 4.0, 4.0], [2.0, 5.0, 2.0, 2.0, 3.0, 2.0, 6.0, 3.0, 2.0, 2.0, 1.0, 2.0, 2.0, 6.0, 2.0, 2.0, 2.0, 2.0, 2.0, 2.0, 3.0, 6.0, 4.0, 3.0, 4.0, 2.0, 2.0, 2.0, 2.0, 4.0, 2.0, 4.0, 4.0, 3.0, 2.0, 2.0, 2.0, 6.0, 6.0, 2.0, 6.0, 3.0]]

