first layer check: Conv2d(6, 64, kernel_size=(7, 7), stride=(2, 2), padding=(3, 3), bias=False)

target ys
[3.0, 2.0, 1.0, 2.0, 2.0, 6.0, 5.0, 3.0, 1.0, 2.0, 2.0, 3.0, 6.0, 5.0, 3.0, 3.0, 3.0, 3.0, 4.0, 4.0, 1.0, 2.0, 2.0, 5.0, 2.0, 4.0, 2.0, 6.0, 2.0, 6.0, 5.0, 6.0, 4.0, 1.0, 4.0, 4.0, 5.0, 2.0, 2.0, 6.0]

for model 0: mode acc: 0.574999988079071, run mean acc: 0.5758333206176758, top-2 acc:0.7116666436195374, mode f1: 0.574999988079071

model 0 mode preds
[3.0, 2.0, 2.0, 2.0, 3.0, 6.0, 6.0, 3.0, 2.0, 2.0, 2.0, 3.0, 3.0, 6.0, 3.0, 3.0, 3.0, 3.0, 6.0, 3.0, 2.0, 2.0, 2.0, 3.0, 2.0, 2.0, 2.0, 6.0, 2.0, 6.0, 6.0, 6.0, 2.0, 2.0, 2.0, 2.0, 3.0, 2.0, 2.0, 6.0]

model 0 all preds
[[3.0, 2.0, 2.0, 2.0, 3.0, 6.0, 6.0, 3.0, 2.0, 2.0, 2.0, 3.0, 3.0, 6.0, 3.0, 3.0, 6.0, 3.0, 6.0, 3.0, 2.0, 2.0, 2.0, 3.0, 2.0, 2.0, 2.0, 6.0, 2.0, 6.0, 6.0, 6.0, 3.0, 2.0, 3.0, 2.0, 3.0, 2.0, 2.0, 6.0], [3.0, 2.0, 2.0, 2.0, 2.0, 6.0, 3.0, 3.0, 2.0, 2.0, 2.0, 3.0, 3.0, 6.0, 3.0, 3.0, 3.0, 6.0, 6.0, 3.0, 2.0, 2.0, 2.0, 3.0, 2.0, 2.0, 2.0, 6.0, 2.0, 6.0, 6.0, 6.0, 2.0, 2.0, 2.0, 2.0, 3.0, 2.0, 2.0, 6.0], [3.0, 2.0, 2.0, 2.0, 2.0, 6.0, 6.0, 3.0, 2.0, 2.0, 2.0, 3.0, 3.0, 6.0, 3.0, 3.0, 6.0, 3.0, 3.0, 3.0, 2.0, 2.0, 2.0, 3.0, 3.0, 2.0, 2.0, 6.0, 2.0, 6.0, 6.0, 6.0, 2.0, 2.0, 3.0, 2.0, 3.0, 2.0, 2.0, 6.0], [3.0, 3.0, 2.0, 2.0, 3.0, 6.0, 6.0, 3.0, 2.0, 2.0, 2.0, 3.0, 3.0, 6.0, 3.0, 3.0, 3.0, 6.0, 6.0, 3.0, 2.0, 2.0, 2.0, 3.0, 2.0, 2.0, 2.0, 6.0, 2.0, 6.0, 6.0, 6.0, 3.0, 2.0, 3.0, 2.0, 3.0, 2.0, 2.0, 6.0], [3.0, 2.0, 2.0, 2.0, 2.0, 6.0, 6.0, 6.0, 2.0, 2.0, 2.0, 3.0, 3.0, 6.0, 3.0, 3.0, 6.0, 3.0, 3.0, 3.0, 2.0, 2.0, 2.0, 6.0, 2.0, 2.0, 2.0, 6.0, 2.0, 6.0, 6.0, 6.0, 2.0, 2.0, 2.0, 2.0, 3.0, 2.0, 2.0, 6.0], [3.0, 2.0, 2.0, 2.0, 2.0, 6.0, 6.0, 6.0, 2.0, 2.0, 2.0, 3.0, 3.0, 6.0, 3.0, 3.0, 3.0, 6.0, 6.0, 3.0, 2.0, 2.0, 2.0, 3.0, 2.0, 2.0, 2.0, 6.0, 2.0, 6.0, 6.0, 6.0, 3.0, 2.0, 3.0, 2.0, 6.0, 2.0, 2.0, 6.0], [3.0, 2.0, 2.0, 2.0, 2.0, 6.0, 6.0, 3.0, 2.0, 2.0, 2.0, 3.0, 3.0, 6.0, 3.0, 3.0, 6.0, 6.0, 6.0, 3.0, 2.0, 2.0, 2.0, 3.0, 3.0, 2.0, 2.0, 6.0, 2.0, 6.0, 6.0, 6.0, 2.0, 2.0, 2.0, 2.0, 3.0, 2.0, 2.0, 6.0], [3.0, 2.0, 2.0, 2.0, 3.0, 6.0, 6.0, 3.0, 2.0, 2.0, 2.0, 3.0, 3.0, 6.0, 3.0, 2.0, 3.0, 6.0, 6.0, 3.0, 2.0, 2.0, 2.0, 3.0, 3.0, 2.0, 2.0, 6.0, 2.0, 6.0, 6.0, 6.0, 3.0, 2.0, 2.0, 2.0, 3.0, 2.0, 2.0, 6.0], [3.0, 2.0, 2.0, 2.0, 2.0, 6.0, 6.0, 3.0, 2.0, 2.0, 2.0, 3.0, 3.0, 6.0, 3.0, 3.0, 3.0, 3.0, 6.0, 3.0, 2.0, 2.0, 2.0, 6.0, 3.0, 2.0, 2.0, 6.0, 2.0, 6.0, 6.0, 6.0, 3.0, 2.0, 2.0, 2.0, 3.0, 2.0, 2.0, 6.0], [3.0, 2.0, 2.0, 2.0, 3.0, 6.0, 6.0, 3.0, 2.0, 2.0, 2.0, 3.0, 3.0, 6.0, 3.0, 2.0, 3.0, 3.0, 6.0, 3.0, 2.0, 2.0, 2.0, 6.0, 2.0, 2.0, 2.0, 6.0, 2.0, 6.0, 6.0, 6.0, 2.0, 2.0, 2.0, 3.0, 3.0, 2.0, 2.0, 6.0], [3.0, 2.0, 2.0, 2.0, 3.0, 6.0, 6.0, 3.0, 2.0, 2.0, 2.0, 3.0, 3.0, 6.0, 3.0, 2.0, 6.0, 3.0, 6.0, 3.0, 2.0, 2.0, 2.0, 3.0, 2.0, 2.0, 2.0, 6.0, 2.0, 6.0, 6.0, 6.0, 3.0, 2.0, 3.0, 2.0, 3.0, 2.0, 2.0, 6.0], [3.0, 2.0, 2.0, 2.0, 3.0, 6.0, 3.0, 3.0, 2.0, 2.0, 2.0, 3.0, 3.0, 6.0, 3.0, 3.0, 6.0, 3.0, 6.0, 3.0, 2.0, 2.0, 2.0, 3.0, 2.0, 2.0, 2.0, 6.0, 2.0, 6.0, 6.0, 6.0, 2.0, 2.0, 2.0, 2.0, 3.0, 2.0, 2.0, 6.0], [3.0, 2.0, 2.0, 2.0, 3.0, 6.0, 6.0, 3.0, 2.0, 2.0, 2.0, 3.0, 3.0, 6.0, 3.0, 2.0, 3.0, 6.0, 6.0, 3.0, 2.0, 2.0, 2.0, 3.0, 2.0, 2.0, 2.0, 6.0, 2.0, 6.0, 6.0, 6.0, 2.0, 2.0, 3.0, 2.0, 3.0, 2.0, 2.0, 6.0], [3.0, 2.0, 2.0, 2.0, 3.0, 6.0, 3.0, 2.0, 2.0, 2.0, 2.0, 3.0, 3.0, 6.0, 3.0, 2.0, 6.0, 6.0, 6.0, 3.0, 2.0, 2.0, 2.0, 3.0, 3.0, 2.0, 2.0, 6.0, 2.0, 6.0, 6.0, 6.0, 3.0, 2.0, 2.0, 2.0, 3.0, 2.0, 2.0, 6.0], [3.0, 2.0, 2.0, 2.0, 3.0, 6.0, 6.0, 3.0, 2.0, 2.0, 2.0, 3.0, 3.0, 6.0, 3.0, 3.0, 3.0, 2.0, 3.0, 3.0, 2.0, 2.0, 2.0, 6.0, 3.0, 2.0, 2.0, 6.0, 2.0, 6.0, 6.0, 6.0, 2.0, 2.0, 2.0, 2.0, 3.0, 2.0, 2.0, 6.0], [3.0, 2.0, 2.0, 2.0, 3.0, 6.0, 6.0, 3.0, 2.0, 2.0, 2.0, 3.0, 3.0, 6.0, 3.0, 3.0, 6.0, 2.0, 3.0, 3.0, 2.0, 2.0, 2.0, 3.0, 2.0, 2.0, 2.0, 6.0, 2.0, 6.0, 6.0, 6.0, 2.0, 2.0, 2.0, 2.0, 3.0, 2.0, 2.0, 6.0], [3.0, 2.0, 2.0, 2.0, 2.0, 6.0, 3.0, 3.0, 2.0, 2.0, 2.0, 6.0, 3.0, 6.0, 3.0, 3.0, 3.0, 6.0, 6.0, 3.0, 2.0, 2.0, 2.0, 6.0, 2.0, 2.0, 2.0, 6.0, 2.0, 6.0, 6.0, 6.0, 2.0, 2.0, 2.0, 2.0, 3.0, 2.0, 2.0, 6.0], [3.0, 2.0, 2.0, 2.0, 2.0, 6.0, 6.0, 6.0, 2.0, 2.0, 2.0, 6.0, 3.0, 6.0, 3.0, 3.0, 3.0, 3.0, 6.0, 3.0, 2.0, 2.0, 2.0, 6.0, 2.0, 2.0, 2.0, 6.0, 2.0, 6.0, 6.0, 6.0, 3.0, 2.0, 2.0, 2.0, 3.0, 2.0, 2.0, 6.0], [3.0, 3.0, 2.0, 2.0, 3.0, 6.0, 3.0, 3.0, 2.0, 2.0, 2.0, 3.0, 3.0, 3.0, 3.0, 3.0, 3.0, 3.0, 3.0, 3.0, 2.0, 2.0, 2.0, 3.0, 3.0, 2.0, 2.0, 6.0, 2.0, 6.0, 6.0, 6.0, 3.0, 2.0, 3.0, 2.0, 3.0, 2.0, 2.0, 6.0], [3.0, 2.0, 2.0, 2.0, 3.0, 6.0, 6.0, 3.0, 2.0, 2.0, 2.0, 3.0, 3.0, 6.0, 3.0, 3.0, 6.0, 3.0, 6.0, 3.0, 2.0, 2.0, 2.0, 3.0, 2.0, 2.0, 2.0, 6.0, 2.0, 6.0, 6.0, 6.0, 2.0, 2.0, 2.0, 2.0, 3.0, 2.0, 2.0, 6.0], [3.0, 2.0, 2.0, 2.0, 2.0, 6.0, 3.0, 6.0, 2.0, 2.0, 2.0, 3.0, 3.0, 6.0, 3.0, 3.0, 3.0, 6.0, 6.0, 2.0, 2.0, 2.0, 2.0, 3.0, 2.0, 2.0, 2.0, 6.0, 2.0, 6.0, 3.0, 6.0, 2.0, 2.0, 2.0, 3.0, 3.0, 2.0, 2.0, 6.0], [3.0, 2.0, 2.0, 2.0, 3.0, 6.0, 6.0, 2.0, 2.0, 2.0, 2.0, 3.0, 3.0, 6.0, 3.0, 3.0, 3.0, 3.0, 6.0, 3.0, 2.0, 2.0, 2.0, 3.0, 2.0, 2.0, 2.0, 6.0, 2.0, 6.0, 6.0, 6.0, 3.0, 2.0, 2.0, 2.0, 3.0, 2.0, 2.0, 6.0], [3.0, 2.0, 2.0, 2.0, 2.0, 6.0, 6.0, 3.0, 2.0, 2.0, 2.0, 3.0, 3.0, 6.0, 3.0, 3.0, 6.0, 6.0, 6.0, 3.0, 2.0, 2.0, 2.0, 3.0, 2.0, 2.0, 2.0, 6.0, 2.0, 6.0, 6.0, 6.0, 2.0, 2.0, 2.0, 2.0, 3.0, 2.0, 2.0, 6.0], [3.0, 2.0, 2.0, 2.0, 2.0, 6.0, 6.0, 3.0, 2.0, 2.0, 2.0, 3.0, 3.0, 6.0, 3.0, 3.0, 3.0, 2.0, 6.0, 2.0, 2.0, 2.0, 2.0, 6.0, 2.0, 2.0, 2.0, 6.0, 2.0, 6.0, 6.0, 6.0, 2.0, 2.0, 2.0, 2.0, 3.0, 2.0, 2.0, 6.0], [3.0, 2.0, 2.0, 2.0, 2.0, 6.0, 6.0, 3.0, 2.0, 2.0, 2.0, 3.0, 3.0, 6.0, 3.0, 3.0, 6.0, 3.0, 3.0, 3.0, 2.0, 2.0, 2.0, 3.0, 2.0, 2.0, 2.0, 6.0, 2.0, 6.0, 6.0, 6.0, 3.0, 2.0, 2.0, 2.0, 3.0, 2.0, 2.0, 6.0], [3.0, 2.0, 2.0, 2.0, 2.0, 6.0, 6.0, 3.0, 2.0, 2.0, 2.0, 3.0, 3.0, 6.0, 3.0, 3.0, 3.0, 6.0, 6.0, 3.0, 2.0, 2.0, 2.0, 3.0, 2.0, 2.0, 2.0, 6.0, 2.0, 6.0, 6.0, 6.0, 3.0, 2.0, 2.0, 2.0, 3.0, 2.0, 2.0, 6.0], [3.0, 2.0, 2.0, 2.0, 3.0, 6.0, 6.0, 3.0, 2.0, 2.0, 2.0, 3.0, 3.0, 3.0, 3.0, 2.0, 6.0, 3.0, 3.0, 3.0, 2.0, 2.0, 2.0, 6.0, 2.0, 2.0, 2.0, 6.0, 2.0, 6.0, 3.0, 6.0, 2.0, 2.0, 2.0, 2.0, 3.0, 2.0, 2.0, 6.0], [3.0, 2.0, 2.0, 2.0, 3.0, 6.0, 6.0, 3.0, 2.0, 2.0, 2.0, 3.0, 3.0, 6.0, 3.0, 3.0, 3.0, 6.0, 6.0, 3.0, 2.0, 2.0, 2.0, 3.0, 2.0, 2.0, 2.0, 6.0, 2.0, 6.0, 6.0, 6.0, 2.0, 2.0, 2.0, 2.0, 3.0, 2.0, 2.0, 6.0], [3.0, 2.0, 2.0, 2.0, 3.0, 6.0, 6.0, 3.0, 2.0, 2.0, 2.0, 3.0, 3.0, 6.0, 3.0, 3.0, 3.0, 3.0, 6.0, 3.0, 2.0, 2.0, 2.0, 3.0, 2.0, 2.0, 2.0, 6.0, 2.0, 6.0, 6.0, 6.0, 3.0, 2.0, 2.0, 2.0, 3.0, 2.0, 2.0, 6.0], [3.0, 2.0, 2.0, 2.0, 3.0, 6.0, 6.0, 3.0, 2.0, 2.0, 2.0, 3.0, 3.0, 6.0, 3.0, 2.0, 3.0, 2.0, 3.0, 3.0, 2.0, 2.0, 2.0, 3.0, 3.0, 2.0, 2.0, 6.0, 2.0, 6.0, 6.0, 6.0, 2.0, 2.0, 2.0, 2.0, 3.0, 2.0, 2.0, 6.0], [3.0, 2.0, 2.0, 2.0, 2.0, 6.0, 3.0, 3.0, 2.0, 2.0, 2.0, 3.0, 3.0, 6.0, 3.0, 3.0, 3.0, 6.0, 6.0, 3.0, 2.0, 2.0, 2.0, 3.0, 3.0, 2.0, 2.0, 6.0, 2.0, 6.0, 6.0, 6.0, 3.0, 2.0, 3.0, 2.0, 3.0, 2.0, 2.0, 6.0], [3.0, 2.0, 2.0, 2.0, 3.0, 6.0, 3.0, 3.0, 2.0, 2.0, 2.0, 3.0, 3.0, 6.0, 2.0, 3.0, 3.0, 3.0, 6.0, 3.0, 2.0, 2.0, 2.0, 3.0, 2.0, 2.0, 2.0, 6.0, 2.0, 6.0, 4.0, 6.0, 2.0, 2.0, 2.0, 2.0, 3.0, 2.0, 2.0, 6.0], [3.0, 2.0, 2.0, 2.0, 3.0, 6.0, 6.0, 3.0, 2.0, 2.0, 2.0, 3.0, 3.0, 6.0, 3.0, 3.0, 3.0, 3.0, 3.0, 3.0, 2.0, 2.0, 2.0, 3.0, 2.0, 2.0, 2.0, 6.0, 2.0, 6.0, 6.0, 6.0, 2.0, 2.0, 2.0, 2.0, 3.0, 2.0, 2.0, 6.0], [3.0, 2.0, 2.0, 2.0, 3.0, 6.0, 6.0, 6.0, 2.0, 2.0, 2.0, 3.0, 3.0, 6.0, 6.0, 3.0, 6.0, 3.0, 6.0, 3.0, 2.0, 2.0, 2.0, 6.0, 2.0, 2.0, 2.0, 6.0, 2.0, 6.0, 6.0, 6.0, 2.0, 2.0, 2.0, 2.0, 3.0, 2.0, 2.0, 6.0], [3.0, 2.0, 2.0, 2.0, 3.0, 6.0, 6.0, 3.0, 2.0, 2.0, 2.0, 3.0, 3.0, 6.0, 3.0, 3.0, 3.0, 6.0, 6.0, 3.0, 2.0, 2.0, 2.0, 3.0, 2.0, 2.0, 2.0, 6.0, 2.0, 6.0, 6.0, 6.0, 3.0, 2.0, 3.0, 2.0, 3.0, 2.0, 2.0, 6.0], [3.0, 2.0, 2.0, 2.0, 3.0, 6.0, 6.0, 3.0, 2.0, 2.0, 2.0, 3.0, 3.0, 6.0, 3.0, 3.0, 3.0, 3.0, 6.0, 3.0, 2.0, 2.0, 2.0, 3.0, 2.0, 2.0, 2.0, 6.0, 2.0, 6.0, 6.0, 6.0, 2.0, 2.0, 2.0, 2.0, 3.0, 2.0, 2.0, 6.0], [3.0, 2.0, 2.0, 2.0, 2.0, 6.0, 6.0, 6.0, 2.0, 2.0, 2.0, 3.0, 3.0, 6.0, 3.0, 3.0, 6.0, 3.0, 6.0, 2.0, 2.0, 2.0, 2.0, 3.0, 3.0, 2.0, 2.0, 6.0, 2.0, 6.0, 3.0, 6.0, 2.0, 2.0, 3.0, 2.0, 3.0, 2.0, 2.0, 6.0], [3.0, 2.0, 2.0, 2.0, 3.0, 6.0, 6.0, 6.0, 2.0, 2.0, 2.0, 3.0, 3.0, 6.0, 3.0, 3.0, 3.0, 6.0, 6.0, 3.0, 2.0, 2.0, 2.0, 6.0, 2.0, 2.0, 2.0, 6.0, 2.0, 6.0, 6.0, 6.0, 2.0, 2.0, 2.0, 2.0, 3.0, 2.0, 2.0, 6.0], [3.0, 3.0, 2.0, 2.0, 2.0, 6.0, 6.0, 3.0, 2.0, 2.0, 2.0, 3.0, 3.0, 6.0, 3.0, 3.0, 6.0, 3.0, 3.0, 3.0, 2.0, 2.0, 2.0, 3.0, 2.0, 2.0, 2.0, 6.0, 2.0, 6.0, 6.0, 6.0, 3.0, 2.0, 2.0, 2.0, 3.0, 2.0, 2.0, 6.0], [3.0, 2.0, 2.0, 2.0, 2.0, 6.0, 3.0, 3.0, 2.0, 2.0, 2.0, 3.0, 3.0, 6.0, 3.0, 2.0, 3.0, 3.0, 3.0, 3.0, 2.0, 2.0, 2.0, 3.0, 2.0, 2.0, 2.0, 6.0, 2.0, 6.0, 6.0, 6.0, 2.0, 2.0, 2.0, 2.0, 3.0, 2.0, 2.0, 6.0], [3.0, 2.0, 2.0, 2.0, 3.0, 6.0, 3.0, 3.0, 2.0, 2.0, 2.0, 3.0, 3.0, 3.0, 3.0, 3.0, 6.0, 6.0, 6.0, 3.0, 2.0, 2.0, 2.0, 6.0, 2.0, 2.0, 2.0, 6.0, 2.0, 6.0, 6.0, 6.0, 3.0, 2.0, 2.0, 2.0, 3.0, 2.0, 2.0, 6.0], [3.0, 2.0, 2.0, 2.0, 3.0, 6.0, 3.0, 2.0, 2.0, 2.0, 2.0, 3.0, 3.0, 3.0, 3.0, 3.0, 3.0, 6.0, 6.0, 3.0, 2.0, 2.0, 2.0, 3.0, 3.0, 2.0, 2.0, 6.0, 2.0, 6.0, 6.0, 6.0, 2.0, 2.0, 2.0, 2.0, 3.0, 2.0, 2.0, 6.0], [3.0, 2.0, 2.0, 2.0, 3.0, 6.0, 6.0, 3.0, 2.0, 2.0, 2.0, 3.0, 3.0, 6.0, 3.0, 3.0, 3.0, 6.0, 3.0, 3.0, 2.0, 2.0, 2.0, 3.0, 2.0, 2.0, 2.0, 6.0, 2.0, 6.0, 6.0, 6.0, 2.0, 2.0, 2.0, 2.0, 3.0, 2.0, 2.0, 6.0], [3.0, 2.0, 2.0, 2.0, 2.0, 6.0, 6.0, 3.0, 2.0, 2.0, 2.0, 3.0, 3.0, 6.0, 3.0, 3.0, 6.0, 6.0, 6.0, 3.0, 2.0, 2.0, 2.0, 3.0, 3.0, 2.0, 2.0, 6.0, 2.0, 6.0, 6.0, 6.0, 2.0, 2.0, 2.0, 2.0, 3.0, 2.0, 2.0, 6.0], [3.0, 2.0, 2.0, 2.0, 2.0, 6.0, 6.0, 3.0, 2.0, 2.0, 2.0, 3.0, 3.0, 6.0, 3.0, 3.0, 6.0, 3.0, 6.0, 3.0, 2.0, 2.0, 2.0, 3.0, 2.0, 2.0, 2.0, 6.0, 2.0, 6.0, 6.0, 6.0, 3.0, 2.0, 2.0, 2.0, 3.0, 2.0, 2.0, 6.0], [3.0, 2.0, 2.0, 2.0, 3.0, 6.0, 6.0, 3.0, 2.0, 2.0, 2.0, 3.0, 3.0, 6.0, 3.0, 2.0, 3.0, 3.0, 6.0, 3.0, 2.0, 2.0, 2.0, 3.0, 2.0, 2.0, 2.0, 6.0, 2.0, 6.0, 6.0, 6.0, 2.0, 2.0, 2.0, 2.0, 3.0, 2.0, 2.0, 6.0], [3.0, 2.0, 2.0, 2.0, 2.0, 6.0, 6.0, 6.0, 2.0, 2.0, 2.0, 3.0, 3.0, 6.0, 3.0, 3.0, 6.0, 6.0, 3.0, 3.0, 2.0, 2.0, 2.0, 3.0, 2.0, 3.0, 2.0, 6.0, 2.0, 6.0, 6.0, 6.0, 3.0, 2.0, 2.0, 3.0, 3.0, 2.0, 2.0, 6.0], [3.0, 2.0, 2.0, 2.0, 3.0, 6.0, 6.0, 3.0, 2.0, 2.0, 2.0, 3.0, 3.0, 6.0, 6.0, 2.0, 3.0, 3.0, 6.0, 3.0, 2.0, 2.0, 2.0, 3.0, 3.0, 2.0, 2.0, 6.0, 2.0, 6.0, 6.0, 6.0, 2.0, 2.0, 2.0, 2.0, 3.0, 2.0, 2.0, 6.0], [3.0, 2.0, 2.0, 2.0, 3.0, 6.0, 3.0, 3.0, 2.0, 2.0, 2.0, 3.0, 3.0, 6.0, 3.0, 3.0, 6.0, 6.0, 6.0, 3.0, 2.0, 2.0, 2.0, 3.0, 3.0, 2.0, 2.0, 6.0, 2.0, 6.0, 6.0, 6.0, 2.0, 2.0, 2.0, 2.0, 3.0, 2.0, 2.0, 6.0], [3.0, 2.0, 2.0, 2.0, 2.0, 6.0, 3.0, 3.0, 2.0, 2.0, 2.0, 3.0, 3.0, 6.0, 3.0, 2.0, 3.0, 3.0, 3.0, 3.0, 2.0, 2.0, 2.0, 3.0, 2.0, 2.0, 2.0, 6.0, 2.0, 6.0, 6.0, 6.0, 2.0, 2.0, 2.0, 2.0, 3.0, 2.0, 2.0, 6.0]]

first layer check: Conv2d(6, 64, kernel_size=(7, 7), stride=(2, 2), padding=(3, 3), bias=False)

for model 1: mode acc: 0.6000000238418579, run mean acc: 0.5929166674613953, top-2 acc:0.7450000047683716, mode f1: 0.6000000238418579

model 1 mode preds
[3.0, 2.0, 2.0, 2.0, 3.0, 6.0, 6.0, 3.0, 1.0, 2.0, 2.0, 3.0, 3.0, 6.0, 3.0, 3.0, 3.0, 3.0, 5.0, 3.0, 1.0, 2.0, 2.0, 3.0, 3.0, 2.0, 2.0, 6.0, 1.0, 6.0, 5.0, 6.0, 2.0, 2.0, 2.0, 3.0, 3.0, 2.0, 2.0, 6.0]

model 1 all preds
[[3.0, 3.0, 2.0, 2.0, 3.0, 6.0, 5.0, 5.0, 1.0, 2.0, 2.0, 3.0, 3.0, 5.0, 6.0, 3.0, 3.0, 3.0, 5.0, 4.0, 1.0, 2.0, 2.0, 3.0, 2.0, 2.0, 2.0, 5.0, 1.0, 6.0, 6.0, 6.0, 2.0, 2.0, 2.0, 3.0, 3.0, 2.0, 2.0, 6.0], [3.0, 3.0, 2.0, 2.0, 2.0, 6.0, 3.0, 3.0, 1.0, 2.0, 2.0, 3.0, 3.0, 6.0, 3.0, 3.0, 3.0, 3.0, 5.0, 3.0, 1.0, 2.0, 2.0, 3.0, 3.0, 2.0, 1.0, 6.0, 1.0, 6.0, 5.0, 6.0, 3.0, 2.0, 2.0, 3.0, 3.0, 2.0, 1.0, 6.0], [3.0, 2.0, 2.0, 2.0, 2.0, 6.0, 6.0, 3.0, 1.0, 2.0, 2.0, 3.0, 3.0, 3.0, 4.0, 3.0, 3.0, 3.0, 3.0, 5.0, 1.0, 2.0, 2.0, 3.0, 3.0, 2.0, 1.0, 6.0, 1.0, 6.0, 5.0, 6.0, 2.0, 2.0, 2.0, 3.0, 3.0, 2.0, 2.0, 6.0], [3.0, 3.0, 2.0, 2.0, 3.0, 6.0, 6.0, 3.0, 1.0, 1.0, 2.0, 3.0, 3.0, 6.0, 3.0, 2.0, 3.0, 2.0, 5.0, 4.0, 1.0, 2.0, 2.0, 3.0, 3.0, 2.0, 2.0, 6.0, 1.0, 6.0, 5.0, 6.0, 2.0, 2.0, 2.0, 2.0, 3.0, 2.0, 2.0, 6.0], [3.0, 2.0, 2.0, 2.0, 3.0, 6.0, 6.0, 3.0, 1.0, 1.0, 2.0, 3.0, 3.0, 6.0, 3.0, 3.0, 5.0, 3.0, 5.0, 3.0, 1.0, 2.0, 2.0, 3.0, 2.0, 2.0, 2.0, 6.0, 1.0, 6.0, 5.0, 6.0, 2.0, 2.0, 2.0, 3.0, 3.0, 2.0, 2.0, 6.0], [3.0, 2.0, 2.0, 2.0, 3.0, 6.0, 4.0, 3.0, 1.0, 2.0, 2.0, 3.0, 3.0, 6.0, 3.0, 3.0, 6.0, 3.0, 5.0, 3.0, 1.0, 2.0, 2.0, 3.0, 3.0, 2.0, 1.0, 6.0, 1.0, 6.0, 5.0, 6.0, 3.0, 2.0, 2.0, 3.0, 3.0, 2.0, 2.0, 6.0], [3.0, 2.0, 2.0, 2.0, 2.0, 6.0, 5.0, 3.0, 1.0, 2.0, 2.0, 3.0, 3.0, 6.0, 3.0, 3.0, 6.0, 3.0, 5.0, 5.0, 1.0, 2.0, 2.0, 3.0, 3.0, 2.0, 2.0, 6.0, 1.0, 6.0, 5.0, 6.0, 2.0, 2.0, 2.0, 3.0, 3.0, 2.0, 2.0, 6.0], [3.0, 2.0, 2.0, 2.0, 3.0, 6.0, 5.0, 3.0, 1.0, 2.0, 2.0, 3.0, 3.0, 6.0, 6.0, 2.0, 3.0, 3.0, 5.0, 3.0, 1.0, 2.0, 2.0, 3.0, 3.0, 2.0, 2.0, 6.0, 1.0, 6.0, 5.0, 6.0, 2.0, 2.0, 2.0, 3.0, 3.0, 2.0, 2.0, 6.0], [3.0, 2.0, 2.0, 2.0, 3.0, 6.0, 6.0, 3.0, 1.0, 2.0, 2.0, 3.0, 3.0, 6.0, 3.0, 2.0, 6.0, 3.0, 3.0, 3.0, 1.0, 2.0, 2.0, 3.0, 2.0, 2.0, 2.0, 6.0, 1.0, 6.0, 5.0, 6.0, 2.0, 2.0, 2.0, 3.0, 3.0, 2.0, 2.0, 6.0], [3.0, 3.0, 2.0, 2.0, 3.0, 6.0, 5.0, 3.0, 1.0, 1.0, 2.0, 3.0, 3.0, 6.0, 3.0, 3.0, 3.0, 3.0, 5.0, 3.0, 1.0, 2.0, 2.0, 3.0, 2.0, 2.0, 2.0, 6.0, 1.0, 6.0, 5.0, 6.0, 2.0, 2.0, 2.0, 3.0, 3.0, 2.0, 2.0, 6.0], [3.0, 2.0, 2.0, 2.0, 2.0, 6.0, 6.0, 3.0, 1.0, 1.0, 3.0, 3.0, 3.0, 5.0, 4.0, 2.0, 3.0, 3.0, 3.0, 3.0, 1.0, 2.0, 2.0, 3.0, 3.0, 3.0, 2.0, 6.0, 1.0, 6.0, 5.0, 6.0, 2.0, 2.0, 2.0, 3.0, 3.0, 2.0, 2.0, 6.0], [3.0, 3.0, 2.0, 2.0, 3.0, 6.0, 5.0, 2.0, 1.0, 2.0, 2.0, 3.0, 3.0, 6.0, 6.0, 3.0, 3.0, 2.0, 5.0, 5.0, 1.0, 2.0, 2.0, 3.0, 2.0, 2.0, 2.0, 6.0, 1.0, 6.0, 6.0, 6.0, 2.0, 2.0, 2.0, 3.0, 3.0, 2.0, 2.0, 6.0], [3.0, 3.0, 2.0, 2.0, 3.0, 6.0, 3.0, 3.0, 1.0, 1.0, 3.0, 3.0, 3.0, 6.0, 3.0, 2.0, 3.0, 3.0, 5.0, 3.0, 1.0, 2.0, 2.0, 3.0, 3.0, 2.0, 2.0, 6.0, 1.0, 6.0, 5.0, 6.0, 2.0, 2.0, 2.0, 3.0, 3.0, 2.0, 2.0, 6.0], [3.0, 2.0, 2.0, 2.0, 3.0, 6.0, 3.0, 3.0, 1.0, 2.0, 2.0, 3.0, 3.0, 6.0, 3.0, 2.0, 3.0, 3.0, 5.0, 3.0, 1.0, 2.0, 2.0, 5.0, 2.0, 2.0, 2.0, 6.0, 1.0, 6.0, 5.0, 6.0, 2.0, 2.0, 2.0, 3.0, 3.0, 2.0, 2.0, 6.0], [3.0, 2.0, 2.0, 2.0, 3.0, 6.0, 6.0, 3.0, 1.0, 1.0, 2.0, 3.0, 3.0, 6.0, 6.0, 3.0, 3.0, 3.0, 5.0, 3.0, 1.0, 2.0, 2.0, 3.0, 3.0, 2.0, 1.0, 6.0, 1.0, 6.0, 5.0, 6.0, 2.0, 2.0, 2.0, 3.0, 3.0, 2.0, 2.0, 6.0], [3.0, 2.0, 2.0, 2.0, 3.0, 6.0, 5.0, 4.0, 1.0, 2.0, 2.0, 3.0, 3.0, 6.0, 3.0, 3.0, 3.0, 3.0, 5.0, 3.0, 1.0, 2.0, 2.0, 3.0, 2.0, 2.0, 2.0, 6.0, 1.0, 6.0, 5.0, 6.0, 2.0, 2.0, 2.0, 3.0, 5.0, 2.0, 2.0, 6.0], [3.0, 3.0, 2.0, 2.0, 3.0, 6.0, 6.0, 3.0, 1.0, 1.0, 2.0, 3.0, 3.0, 6.0, 5.0, 3.0, 3.0, 2.0, 5.0, 3.0, 1.0, 2.0, 2.0, 3.0, 3.0, 2.0, 2.0, 6.0, 1.0, 6.0, 5.0, 6.0, 2.0, 2.0, 2.0, 3.0, 3.0, 2.0, 1.0, 6.0], [3.0, 2.0, 2.0, 2.0, 3.0, 6.0, 5.0, 2.0, 1.0, 1.0, 2.0, 3.0, 3.0, 6.0, 3.0, 3.0, 5.0, 3.0, 5.0, 3.0, 1.0, 2.0, 2.0, 3.0, 2.0, 2.0, 2.0, 6.0, 1.0, 6.0, 6.0, 6.0, 2.0, 2.0, 2.0, 3.0, 3.0, 2.0, 2.0, 6.0], [3.0, 2.0, 2.0, 2.0, 3.0, 6.0, 4.0, 5.0, 1.0, 1.0, 2.0, 3.0, 3.0, 5.0, 3.0, 3.0, 3.0, 3.0, 5.0, 3.0, 1.0, 2.0, 2.0, 3.0, 2.0, 2.0, 1.0, 6.0, 1.0, 6.0, 6.0, 6.0, 2.0, 2.0, 2.0, 3.0, 3.0, 2.0, 2.0, 6.0], [3.0, 2.0, 2.0, 2.0, 2.0, 6.0, 4.0, 3.0, 1.0, 1.0, 2.0, 3.0, 3.0, 6.0, 3.0, 2.0, 3.0, 3.0, 5.0, 3.0, 1.0, 2.0, 2.0, 3.0, 2.0, 2.0, 2.0, 6.0, 1.0, 6.0, 6.0, 6.0, 2.0, 2.0, 2.0, 3.0, 3.0, 2.0, 2.0, 6.0], [3.0, 2.0, 2.0, 2.0, 3.0, 6.0, 3.0, 3.0, 1.0, 2.0, 2.0, 3.0, 3.0, 5.0, 3.0, 2.0, 6.0, 3.0, 5.0, 3.0, 1.0, 2.0, 2.0, 3.0, 2.0, 2.0, 2.0, 6.0, 1.0, 6.0, 6.0, 6.0, 2.0, 2.0, 3.0, 3.0, 3.0, 2.0, 1.0, 6.0], [3.0, 3.0, 2.0, 2.0, 3.0, 6.0, 6.0, 3.0, 1.0, 1.0, 2.0, 3.0, 3.0, 6.0, 6.0, 2.0, 3.0, 3.0, 5.0, 3.0, 1.0, 2.0, 2.0, 3.0, 2.0, 2.0, 2.0, 6.0, 1.0, 6.0, 5.0, 6.0, 2.0, 2.0, 2.0, 3.0, 5.0, 2.0, 2.0, 6.0], [3.0, 3.0, 2.0, 2.0, 3.0, 6.0, 3.0, 5.0, 1.0, 2.0, 2.0, 3.0, 3.0, 5.0, 3.0, 3.0, 3.0, 3.0, 5.0, 3.0, 1.0, 2.0, 2.0, 3.0, 2.0, 2.0, 2.0, 6.0, 1.0, 6.0, 5.0, 6.0, 2.0, 2.0, 2.0, 3.0, 3.0, 2.0, 2.0, 6.0], [3.0, 2.0, 2.0, 2.0, 3.0, 6.0, 6.0, 3.0, 1.0, 2.0, 2.0, 3.0, 3.0, 6.0, 3.0, 2.0, 3.0, 5.0, 6.0, 3.0, 1.0, 2.0, 2.0, 3.0, 3.0, 2.0, 2.0, 6.0, 1.0, 6.0, 5.0, 6.0, 2.0, 2.0, 2.0, 3.0, 3.0, 2.0, 2.0, 6.0], [3.0, 2.0, 2.0, 2.0, 3.0, 6.0, 3.0, 3.0, 1.0, 2.0, 2.0, 3.0, 3.0, 6.0, 3.0, 3.0, 3.0, 3.0, 5.0, 3.0, 1.0, 2.0, 2.0, 3.0, 2.0, 2.0, 2.0, 6.0, 1.0, 6.0, 5.0, 6.0, 2.0, 2.0, 2.0, 2.0, 3.0, 2.0, 2.0, 6.0], [3.0, 2.0, 2.0, 2.0, 4.0, 6.0, 3.0, 3.0, 1.0, 2.0, 2.0, 3.0, 3.0, 6.0, 3.0, 2.0, 3.0, 5.0, 5.0, 3.0, 1.0, 2.0, 2.0, 3.0, 3.0, 2.0, 2.0, 6.0, 1.0, 6.0, 5.0, 6.0, 3.0, 2.0, 2.0, 3.0, 3.0, 2.0, 2.0, 6.0], [3.0, 2.0, 2.0, 2.0, 3.0, 6.0, 4.0, 3.0, 1.0, 2.0, 2.0, 3.0, 3.0, 6.0, 3.0, 3.0, 3.0, 3.0, 5.0, 3.0, 1.0, 2.0, 2.0, 3.0, 2.0, 2.0, 2.0, 6.0, 1.0, 6.0, 6.0, 6.0, 2.0, 2.0, 2.0, 3.0, 3.0, 2.0, 2.0, 5.0], [3.0, 2.0, 2.0, 2.0, 3.0, 6.0, 6.0, 3.0, 1.0, 2.0, 2.0, 3.0, 3.0, 6.0, 3.0, 2.0, 3.0, 3.0, 5.0, 3.0, 1.0, 2.0, 2.0, 3.0, 3.0, 2.0, 1.0, 6.0, 1.0, 6.0, 5.0, 6.0, 2.0, 2.0, 2.0, 3.0, 3.0, 2.0, 2.0, 6.0], [3.0, 2.0, 2.0, 2.0, 3.0, 6.0, 3.0, 3.0, 1.0, 2.0, 2.0, 3.0, 3.0, 6.0, 6.0, 3.0, 3.0, 3.0, 3.0, 5.0, 1.0, 2.0, 2.0, 3.0, 3.0, 2.0, 2.0, 6.0, 1.0, 6.0, 6.0, 6.0, 2.0, 2.0, 2.0, 3.0, 3.0, 2.0, 2.0, 6.0], [3.0, 2.0, 2.0, 2.0, 2.0, 6.0, 4.0, 3.0, 1.0, 2.0, 2.0, 4.0, 3.0, 6.0, 4.0, 2.0, 3.0, 2.0, 5.0, 4.0, 1.0, 2.0, 2.0, 3.0, 2.0, 2.0, 2.0, 5.0, 1.0, 6.0, 6.0, 6.0, 2.0, 2.0, 2.0, 3.0, 3.0, 2.0, 2.0, 6.0], [3.0, 3.0, 2.0, 2.0, 2.0, 6.0, 3.0, 3.0, 1.0, 2.0, 2.0, 3.0, 3.0, 6.0, 6.0, 2.0, 3.0, 3.0, 3.0, 3.0, 1.0, 2.0, 2.0, 3.0, 3.0, 2.0, 2.0, 6.0, 1.0, 6.0, 5.0, 6.0, 2.0, 2.0, 2.0, 3.0, 3.0, 2.0, 2.0, 6.0], [3.0, 2.0, 2.0, 2.0, 3.0, 6.0, 5.0, 3.0, 1.0, 1.0, 2.0, 3.0, 3.0, 6.0, 5.0, 2.0, 3.0, 3.0, 5.0, 4.0, 1.0, 2.0, 2.0, 3.0, 3.0, 2.0, 2.0, 6.0, 1.0, 6.0, 6.0, 6.0, 2.0, 2.0, 2.0, 3.0, 3.0, 2.0, 2.0, 6.0], [3.0, 2.0, 2.0, 2.0, 3.0, 6.0, 3.0, 4.0, 1.0, 1.0, 2.0, 3.0, 3.0, 6.0, 5.0, 3.0, 3.0, 3.0, 5.0, 4.0, 1.0, 2.0, 2.0, 3.0, 3.0, 2.0, 2.0, 6.0, 1.0, 6.0, 6.0, 6.0, 2.0, 2.0, 2.0, 3.0, 3.0, 2.0, 2.0, 6.0], [3.0, 2.0, 2.0, 2.0, 2.0, 6.0, 6.0, 3.0, 1.0, 2.0, 2.0, 3.0, 3.0, 6.0, 3.0, 2.0, 3.0, 3.0, 5.0, 3.0, 1.0, 2.0, 2.0, 3.0, 3.0, 2.0, 2.0, 6.0, 1.0, 6.0, 5.0, 6.0, 2.0, 2.0, 2.0, 3.0, 3.0, 2.0, 2.0, 6.0], [3.0, 2.0, 2.0, 2.0, 3.0, 6.0, 5.0, 3.0, 1.0, 1.0, 2.0, 3.0, 3.0, 6.0, 3.0, 3.0, 3.0, 3.0, 5.0, 3.0, 1.0, 2.0, 2.0, 3.0, 3.0, 2.0, 2.0, 6.0, 1.0, 6.0, 6.0, 6.0, 3.0, 2.0, 2.0, 3.0, 3.0, 2.0, 2.0, 6.0], [3.0, 2.0, 2.0, 2.0, 3.0, 6.0, 4.0, 3.0, 1.0, 2.0, 2.0, 2.0, 3.0, 6.0, 6.0, 2.0, 3.0, 3.0, 5.0, 3.0, 1.0, 2.0, 2.0, 3.0, 2.0, 2.0, 2.0, 6.0, 1.0, 6.0, 6.0, 6.0, 2.0, 2.0, 3.0, 3.0, 3.0, 2.0, 2.0, 6.0], [3.0, 2.0, 2.0, 2.0, 3.0, 6.0, 6.0, 3.0, 1.0, 2.0, 2.0, 3.0, 3.0, 6.0, 6.0, 3.0, 3.0, 2.0, 5.0, 3.0, 1.0, 2.0, 2.0, 3.0, 2.0, 2.0, 2.0, 6.0, 1.0, 6.0, 6.0, 6.0, 2.0, 2.0, 2.0, 3.0, 3.0, 2.0, 2.0, 6.0], [3.0, 2.0, 2.0, 2.0, 3.0, 6.0, 5.0, 3.0, 1.0, 2.0, 2.0, 3.0, 3.0, 6.0, 3.0, 3.0, 3.0, 3.0, 5.0, 4.0, 1.0, 2.0, 2.0, 3.0, 3.0, 2.0, 2.0, 6.0, 1.0, 6.0, 6.0, 6.0, 2.0, 2.0, 2.0, 3.0, 3.0, 2.0, 2.0, 6.0], [3.0, 2.0, 2.0, 2.0, 3.0, 6.0, 4.0, 3.0, 1.0, 1.0, 2.0, 3.0, 3.0, 5.0, 3.0, 3.0, 3.0, 3.0, 5.0, 3.0, 1.0, 2.0, 2.0, 3.0, 3.0, 2.0, 2.0, 6.0, 1.0, 6.0, 5.0, 6.0, 2.0, 2.0, 2.0, 3.0, 3.0, 2.0, 2.0, 6.0], [3.0, 3.0, 2.0, 2.0, 3.0, 6.0, 4.0, 3.0, 1.0, 1.0, 2.0, 3.0, 3.0, 6.0, 3.0, 3.0, 3.0, 3.0, 5.0, 3.0, 1.0, 2.0, 2.0, 3.0, 2.0, 2.0, 2.0, 6.0, 1.0, 6.0, 5.0, 6.0, 2.0, 2.0, 2.0, 3.0, 3.0, 2.0, 2.0, 6.0], [3.0, 2.0, 2.0, 2.0, 3.0, 6.0, 5.0, 3.0, 1.0, 1.0, 2.0, 3.0, 3.0, 6.0, 3.0, 3.0, 5.0, 3.0, 5.0, 4.0, 1.0, 2.0, 2.0, 3.0, 3.0, 2.0, 2.0, 6.0, 1.0, 6.0, 5.0, 6.0, 2.0, 2.0, 2.0, 3.0, 3.0, 2.0, 2.0, 6.0], [3.0, 3.0, 2.0, 2.0, 3.0, 6.0, 5.0, 3.0, 1.0, 2.0, 2.0, 3.0, 3.0, 6.0, 3.0, 3.0, 3.0, 3.0, 3.0, 3.0, 1.0, 2.0, 2.0, 3.0, 3.0, 2.0, 2.0, 6.0, 1.0, 6.0, 5.0, 6.0, 2.0, 2.0, 2.0, 3.0, 3.0, 2.0, 2.0, 6.0], [3.0, 2.0, 2.0, 2.0, 3.0, 6.0, 3.0, 3.0, 1.0, 1.0, 2.0, 3.0, 3.0, 6.0, 3.0, 3.0, 3.0, 3.0, 5.0, 4.0, 1.0, 2.0, 2.0, 3.0, 3.0, 2.0, 2.0, 6.0, 1.0, 6.0, 6.0, 6.0, 2.0, 2.0, 2.0, 3.0, 5.0, 2.0, 2.0, 6.0], [3.0, 2.0, 2.0, 2.0, 3.0, 6.0, 6.0, 3.0, 1.0, 1.0, 2.0, 3.0, 3.0, 6.0, 6.0, 3.0, 3.0, 3.0, 2.0, 3.0, 1.0, 2.0, 2.0, 5.0, 3.0, 2.0, 1.0, 6.0, 1.0, 6.0, 6.0, 6.0, 2.0, 2.0, 2.0, 3.0, 3.0, 2.0, 2.0, 6.0], [3.0, 2.0, 2.0, 2.0, 3.0, 6.0, 6.0, 3.0, 1.0, 2.0, 3.0, 3.0, 3.0, 6.0, 6.0, 3.0, 5.0, 2.0, 5.0, 3.0, 1.0, 2.0, 2.0, 3.0, 2.0, 2.0, 1.0, 6.0, 1.0, 6.0, 5.0, 6.0, 3.0, 2.0, 2.0, 3.0, 3.0, 2.0, 2.0, 6.0], [3.0, 3.0, 2.0, 2.0, 2.0, 6.0, 5.0, 3.0, 1.0, 2.0, 2.0, 3.0, 3.0, 6.0, 3.0, 2.0, 6.0, 3.0, 5.0, 3.0, 1.0, 2.0, 2.0, 3.0, 3.0, 2.0, 2.0, 6.0, 1.0, 6.0, 5.0, 6.0, 2.0, 2.0, 2.0, 3.0, 3.0, 2.0, 2.0, 6.0], [3.0, 2.0, 2.0, 2.0, 3.0, 6.0, 2.0, 3.0, 1.0, 2.0, 2.0, 4.0, 3.0, 5.0, 6.0, 2.0, 6.0, 3.0, 5.0, 4.0, 1.0, 2.0, 2.0, 3.0, 3.0, 2.0, 2.0, 5.0, 1.0, 6.0, 5.0, 6.0, 2.0, 2.0, 2.0, 3.0, 3.0, 2.0, 1.0, 6.0], [3.0, 2.0, 2.0, 2.0, 3.0, 6.0, 3.0, 2.0, 1.0, 2.0, 2.0, 3.0, 3.0, 5.0, 6.0, 3.0, 3.0, 3.0, 5.0, 3.0, 1.0, 2.0, 2.0, 3.0, 3.0, 2.0, 2.0, 6.0, 1.0, 6.0, 5.0, 6.0, 2.0, 2.0, 2.0, 3.0, 3.0, 2.0, 2.0, 6.0], [3.0, 2.0, 2.0, 2.0, 3.0, 6.0, 6.0, 3.0, 1.0, 1.0, 2.0, 3.0, 3.0, 5.0, 3.0, 2.0, 3.0, 3.0, 5.0, 3.0, 1.0, 2.0, 2.0, 3.0, 2.0, 1.0, 2.0, 5.0, 1.0, 6.0, 6.0, 6.0, 2.0, 2.0, 2.0, 3.0, 3.0, 2.0, 2.0, 6.0], [3.0, 3.0, 2.0, 2.0, 3.0, 6.0, 5.0, 3.0, 1.0, 2.0, 2.0, 3.0, 3.0, 6.0, 3.0, 3.0, 3.0, 5.0, 5.0, 3.0, 1.0, 2.0, 2.0, 3.0, 2.0, 2.0, 2.0, 6.0, 1.0, 6.0, 5.0, 6.0, 2.0, 2.0, 2.0, 3.0, 3.0, 2.0, 2.0, 6.0]]

first layer check: Conv2d(6, 64, kernel_size=(7, 7), stride=(2, 2), padding=(3, 3), bias=False)

for model 2: mode acc: 0.550000011920929, run mean acc: 0.5608333349227905, top-2 acc:0.7454166412353516, mode f1: 0.550000011920929

model 2 mode preds
[3.0, 2.0, 2.0, 2.0, 3.0, 6.0, 3.0, 3.0, 2.0, 2.0, 2.0, 3.0, 3.0, 6.0, 3.0, 2.0, 3.0, 3.0, 5.0, 3.0, 2.0, 2.0, 2.0, 3.0, 2.0, 2.0, 2.0, 6.0, 2.0, 6.0, 6.0, 6.0, 2.0, 2.0, 2.0, 2.0, 3.0, 2.0, 2.0, 6.0]

model 2 all preds
[[3.0, 2.0, 2.0, 2.0, 3.0, 6.0, 3.0, 3.0, 2.0, 2.0, 2.0, 3.0, 3.0, 6.0, 3.0, 2.0, 3.0, 5.0, 5.0, 3.0, 2.0, 2.0, 2.0, 3.0, 3.0, 2.0, 2.0, 6.0, 2.0, 6.0, 4.0, 6.0, 2.0, 2.0, 2.0, 2.0, 3.0, 2.0, 2.0, 6.0], [3.0, 2.0, 2.0, 2.0, 2.0, 6.0, 5.0, 3.0, 2.0, 2.0, 2.0, 3.0, 3.0, 6.0, 3.0, 2.0, 3.0, 3.0, 5.0, 3.0, 2.0, 2.0, 2.0, 3.0, 3.0, 2.0, 2.0, 6.0, 2.0, 6.0, 4.0, 6.0, 2.0, 2.0, 2.0, 2.0, 3.0, 2.0, 2.0, 6.0], [3.0, 2.0, 2.0, 2.0, 3.0, 6.0, 3.0, 3.0, 2.0, 2.0, 2.0, 3.0, 3.0, 6.0, 3.0, 2.0, 6.0, 3.0, 5.0, 3.0, 2.0, 2.0, 2.0, 3.0, 2.0, 2.0, 2.0, 6.0, 2.0, 6.0, 6.0, 5.0, 3.0, 2.0, 2.0, 2.0, 3.0, 2.0, 2.0, 6.0], [3.0, 2.0, 2.0, 2.0, 2.0, 6.0, 3.0, 3.0, 2.0, 2.0, 2.0, 3.0, 3.0, 6.0, 3.0, 2.0, 3.0, 4.0, 5.0, 2.0, 2.0, 2.0, 2.0, 3.0, 3.0, 2.0, 2.0, 6.0, 2.0, 6.0, 6.0, 6.0, 2.0, 2.0, 2.0, 2.0, 3.0, 2.0, 2.0, 6.0], [3.0, 2.0, 2.0, 2.0, 3.0, 6.0, 3.0, 3.0, 2.0, 2.0, 2.0, 2.0, 3.0, 6.0, 6.0, 2.0, 3.0, 3.0, 4.0, 2.0, 2.0, 2.0, 2.0, 3.0, 2.0, 2.0, 2.0, 6.0, 2.0, 6.0, 6.0, 6.0, 2.0, 2.0, 2.0, 2.0, 3.0, 2.0, 2.0, 6.0], [3.0, 2.0, 2.0, 2.0, 2.0, 6.0, 6.0, 3.0, 2.0, 2.0, 2.0, 3.0, 3.0, 3.0, 3.0, 2.0, 5.0, 2.0, 6.0, 3.0, 2.0, 2.0, 2.0, 3.0, 2.0, 2.0, 2.0, 6.0, 2.0, 6.0, 6.0, 6.0, 2.0, 2.0, 2.0, 2.0, 3.0, 2.0, 2.0, 6.0], [3.0, 2.0, 2.0, 2.0, 2.0, 6.0, 5.0, 3.0, 2.0, 2.0, 2.0, 3.0, 3.0, 3.0, 4.0, 2.0, 3.0, 2.0, 5.0, 3.0, 2.0, 2.0, 2.0, 3.0, 2.0, 2.0, 2.0, 6.0, 2.0, 6.0, 4.0, 5.0, 2.0, 2.0, 2.0, 2.0, 3.0, 2.0, 2.0, 6.0], [3.0, 2.0, 2.0, 2.0, 2.0, 6.0, 3.0, 3.0, 2.0, 2.0, 2.0, 3.0, 3.0, 6.0, 6.0, 2.0, 3.0, 3.0, 5.0, 2.0, 2.0, 2.0, 2.0, 3.0, 2.0, 2.0, 2.0, 6.0, 2.0, 6.0, 5.0, 6.0, 2.0, 2.0, 2.0, 2.0, 3.0, 2.0, 2.0, 6.0], [3.0, 2.0, 2.0, 2.0, 3.0, 6.0, 6.0, 3.0, 2.0, 2.0, 2.0, 3.0, 3.0, 6.0, 4.0, 2.0, 3.0, 5.0, 5.0, 3.0, 2.0, 2.0, 2.0, 3.0, 2.0, 2.0, 2.0, 6.0, 2.0, 6.0, 6.0, 6.0, 2.0, 2.0, 2.0, 2.0, 3.0, 2.0, 2.0, 6.0], [3.0, 2.0, 2.0, 2.0, 3.0, 6.0, 3.0, 3.0, 2.0, 2.0, 2.0, 3.0, 3.0, 6.0, 3.0, 2.0, 5.0, 2.0, 2.0, 3.0, 2.0, 2.0, 2.0, 3.0, 3.0, 2.0, 2.0, 6.0, 2.0, 6.0, 6.0, 6.0, 2.0, 2.0, 2.0, 2.0, 3.0, 2.0, 2.0, 6.0], [3.0, 2.0, 2.0, 2.0, 3.0, 6.0, 6.0, 3.0, 2.0, 2.0, 2.0, 3.0, 3.0, 6.0, 3.0, 2.0, 6.0, 2.0, 6.0, 2.0, 2.0, 2.0, 2.0, 3.0, 3.0, 2.0, 2.0, 6.0, 2.0, 6.0, 6.0, 6.0, 2.0, 2.0, 2.0, 2.0, 6.0, 2.0, 2.0, 6.0], [3.0, 2.0, 2.0, 2.0, 2.0, 6.0, 6.0, 3.0, 2.0, 2.0, 2.0, 3.0, 3.0, 6.0, 6.0, 2.0, 5.0, 3.0, 5.0, 3.0, 2.0, 2.0, 2.0, 3.0, 2.0, 2.0, 2.0, 6.0, 2.0, 6.0, 5.0, 6.0, 2.0, 2.0, 2.0, 2.0, 3.0, 2.0, 2.0, 6.0], [3.0, 2.0, 2.0, 2.0, 3.0, 6.0, 3.0, 2.0, 2.0, 2.0, 2.0, 3.0, 3.0, 6.0, 3.0, 2.0, 5.0, 3.0, 5.0, 3.0, 2.0, 2.0, 2.0, 3.0, 3.0, 2.0, 2.0, 6.0, 2.0, 6.0, 6.0, 6.0, 2.0, 2.0, 2.0, 2.0, 3.0, 2.0, 2.0, 6.0], [3.0, 2.0, 2.0, 2.0, 3.0, 6.0, 6.0, 3.0, 2.0, 2.0, 2.0, 3.0, 3.0, 5.0, 4.0, 2.0, 3.0, 5.0, 5.0, 3.0, 2.0, 2.0, 2.0, 3.0, 2.0, 2.0, 2.0, 6.0, 2.0, 6.0, 5.0, 6.0, 2.0, 2.0, 2.0, 2.0, 3.0, 2.0, 2.0, 6.0], [3.0, 2.0, 2.0, 2.0, 3.0, 6.0, 6.0, 3.0, 2.0, 2.0, 2.0, 2.0, 3.0, 6.0, 4.0, 2.0, 3.0, 3.0, 5.0, 2.0, 2.0, 2.0, 2.0, 5.0, 2.0, 2.0, 2.0, 6.0, 2.0, 6.0, 6.0, 6.0, 2.0, 2.0, 2.0, 2.0, 3.0, 2.0, 2.0, 6.0], [3.0, 2.0, 2.0, 2.0, 2.0, 6.0, 5.0, 2.0, 2.0, 2.0, 2.0, 3.0, 3.0, 3.0, 4.0, 2.0, 5.0, 3.0, 5.0, 3.0, 2.0, 2.0, 2.0, 3.0, 2.0, 2.0, 2.0, 6.0, 2.0, 6.0, 6.0, 6.0, 2.0, 2.0, 2.0, 2.0, 3.0, 2.0, 2.0, 6.0], [3.0, 2.0, 2.0, 2.0, 3.0, 6.0, 6.0, 3.0, 2.0, 2.0, 2.0, 3.0, 3.0, 6.0, 3.0, 2.0, 3.0, 4.0, 5.0, 3.0, 2.0, 2.0, 2.0, 3.0, 2.0, 2.0, 2.0, 6.0, 2.0, 6.0, 6.0, 5.0, 2.0, 2.0, 2.0, 2.0, 3.0, 2.0, 2.0, 6.0], [3.0, 2.0, 2.0, 2.0, 3.0, 6.0, 6.0, 3.0, 2.0, 2.0, 2.0, 2.0, 3.0, 3.0, 3.0, 2.0, 3.0, 5.0, 6.0, 3.0, 2.0, 2.0, 2.0, 3.0, 2.0, 2.0, 2.0, 6.0, 2.0, 6.0, 6.0, 6.0, 2.0, 2.0, 2.0, 2.0, 4.0, 2.0, 2.0, 6.0], [3.0, 2.0, 2.0, 2.0, 3.0, 6.0, 5.0, 3.0, 2.0, 2.0, 2.0, 3.0, 3.0, 6.0, 3.0, 2.0, 3.0, 4.0, 5.0, 3.0, 2.0, 2.0, 2.0, 3.0, 3.0, 2.0, 2.0, 6.0, 2.0, 6.0, 4.0, 6.0, 2.0, 2.0, 2.0, 2.0, 3.0, 2.0, 2.0, 6.0], [3.0, 2.0, 2.0, 2.0, 2.0, 6.0, 6.0, 3.0, 2.0, 2.0, 2.0, 3.0, 3.0, 6.0, 3.0, 2.0, 3.0, 2.0, 2.0, 2.0, 2.0, 2.0, 2.0, 3.0, 2.0, 2.0, 2.0, 6.0, 2.0, 6.0, 5.0, 6.0, 2.0, 2.0, 2.0, 2.0, 3.0, 2.0, 2.0, 6.0], [3.0, 2.0, 2.0, 2.0, 3.0, 6.0, 3.0, 3.0, 2.0, 2.0, 2.0, 3.0, 3.0, 6.0, 3.0, 2.0, 6.0, 5.0, 5.0, 2.0, 2.0, 2.0, 2.0, 3.0, 2.0, 2.0, 2.0, 6.0, 2.0, 6.0, 6.0, 6.0, 2.0, 2.0, 2.0, 2.0, 3.0, 2.0, 2.0, 6.0], [3.0, 2.0, 2.0, 2.0, 2.0, 6.0, 3.0, 3.0, 2.0, 2.0, 2.0, 3.0, 3.0, 6.0, 3.0, 2.0, 3.0, 5.0, 5.0, 3.0, 2.0, 2.0, 2.0, 3.0, 2.0, 2.0, 2.0, 6.0, 2.0, 6.0, 6.0, 6.0, 2.0, 2.0, 2.0, 2.0, 3.0, 2.0, 2.0, 6.0], [3.0, 2.0, 2.0, 2.0, 2.0, 6.0, 3.0, 3.0, 2.0, 2.0, 2.0, 3.0, 3.0, 3.0, 3.0, 2.0, 3.0, 3.0, 5.0, 3.0, 2.0, 2.0, 2.0, 3.0, 3.0, 2.0, 2.0, 6.0, 2.0, 6.0, 6.0, 6.0, 2.0, 2.0, 2.0, 2.0, 3.0, 2.0, 2.0, 6.0], [3.0, 2.0, 2.0, 2.0, 3.0, 6.0, 3.0, 3.0, 2.0, 2.0, 2.0, 3.0, 3.0, 6.0, 3.0, 2.0, 5.0, 3.0, 5.0, 2.0, 2.0, 2.0, 2.0, 3.0, 2.0, 2.0, 2.0, 5.0, 2.0, 6.0, 4.0, 6.0, 3.0, 2.0, 2.0, 2.0, 3.0, 2.0, 2.0, 6.0], [3.0, 2.0, 2.0, 2.0, 3.0, 6.0, 3.0, 3.0, 2.0, 2.0, 2.0, 2.0, 3.0, 6.0, 3.0, 3.0, 5.0, 2.0, 3.0, 3.0, 2.0, 2.0, 2.0, 3.0, 2.0, 2.0, 2.0, 6.0, 2.0, 6.0, 5.0, 6.0, 2.0, 2.0, 2.0, 2.0, 3.0, 2.0, 2.0, 6.0], [3.0, 2.0, 2.0, 2.0, 3.0, 6.0, 3.0, 3.0, 2.0, 2.0, 2.0, 2.0, 3.0, 6.0, 3.0, 2.0, 5.0, 3.0, 5.0, 3.0, 2.0, 2.0, 2.0, 3.0, 3.0, 2.0, 2.0, 6.0, 2.0, 6.0, 6.0, 6.0, 2.0, 2.0, 2.0, 2.0, 4.0, 2.0, 2.0, 6.0], [3.0, 2.0, 2.0, 2.0, 3.0, 6.0, 3.0, 4.0, 2.0, 2.0, 2.0, 3.0, 3.0, 6.0, 3.0, 2.0, 5.0, 5.0, 5.0, 3.0, 2.0, 2.0, 2.0, 3.0, 2.0, 2.0, 2.0, 6.0, 2.0, 6.0, 4.0, 6.0, 2.0, 2.0, 2.0, 2.0, 3.0, 2.0, 2.0, 6.0], [3.0, 2.0, 2.0, 2.0, 3.0, 6.0, 6.0, 3.0, 2.0, 2.0, 2.0, 3.0, 3.0, 6.0, 3.0, 2.0, 5.0, 3.0, 5.0, 2.0, 2.0, 2.0, 2.0, 3.0, 3.0, 2.0, 2.0, 5.0, 2.0, 6.0, 6.0, 6.0, 2.0, 2.0, 2.0, 2.0, 3.0, 2.0, 2.0, 6.0], [3.0, 2.0, 2.0, 2.0, 3.0, 6.0, 5.0, 3.0, 2.0, 2.0, 2.0, 3.0, 3.0, 3.0, 3.0, 2.0, 6.0, 3.0, 5.0, 2.0, 2.0, 2.0, 2.0, 3.0, 2.0, 2.0, 2.0, 5.0, 2.0, 6.0, 5.0, 5.0, 2.0, 2.0, 2.0, 2.0, 4.0, 2.0, 2.0, 6.0], [3.0, 2.0, 2.0, 2.0, 3.0, 6.0, 6.0, 3.0, 2.0, 2.0, 2.0, 3.0, 3.0, 6.0, 3.0, 2.0, 3.0, 5.0, 5.0, 2.0, 2.0, 2.0, 2.0, 3.0, 2.0, 2.0, 2.0, 6.0, 2.0, 6.0, 5.0, 6.0, 2.0, 2.0, 2.0, 2.0, 4.0, 2.0, 2.0, 6.0], [3.0, 2.0, 2.0, 2.0, 3.0, 6.0, 3.0, 2.0, 2.0, 2.0, 2.0, 3.0, 3.0, 6.0, 3.0, 2.0, 5.0, 5.0, 5.0, 4.0, 2.0, 2.0, 2.0, 3.0, 2.0, 2.0, 2.0, 6.0, 2.0, 6.0, 4.0, 6.0, 2.0, 2.0, 2.0, 2.0, 3.0, 2.0, 2.0, 6.0], [3.0, 2.0, 2.0, 2.0, 2.0, 6.0, 5.0, 3.0, 2.0, 2.0, 2.0, 3.0, 3.0, 6.0, 3.0, 2.0, 5.0, 5.0, 5.0, 2.0, 2.0, 2.0, 2.0, 3.0, 2.0, 2.0, 2.0, 6.0, 2.0, 6.0, 5.0, 6.0, 2.0, 2.0, 2.0, 2.0, 3.0, 2.0, 2.0, 6.0], [3.0, 2.0, 2.0, 2.0, 3.0, 6.0, 3.0, 3.0, 2.0, 2.0, 2.0, 3.0, 3.0, 3.0, 3.0, 2.0, 3.0, 2.0, 5.0, 3.0, 1.0, 2.0, 2.0, 3.0, 3.0, 2.0, 2.0, 6.0, 2.0, 6.0, 4.0, 6.0, 2.0, 2.0, 2.0, 2.0, 3.0, 2.0, 2.0, 6.0], [3.0, 2.0, 2.0, 2.0, 3.0, 6.0, 5.0, 3.0, 2.0, 2.0, 2.0, 3.0, 3.0, 6.0, 3.0, 2.0, 3.0, 3.0, 3.0, 2.0, 2.0, 2.0, 2.0, 3.0, 3.0, 2.0, 2.0, 6.0, 2.0, 6.0, 6.0, 6.0, 2.0, 2.0, 2.0, 2.0, 3.0, 2.0, 2.0, 6.0], [3.0, 2.0, 2.0, 2.0, 3.0, 6.0, 6.0, 2.0, 2.0, 2.0, 2.0, 3.0, 3.0, 6.0, 4.0, 2.0, 3.0, 3.0, 5.0, 2.0, 2.0, 2.0, 2.0, 3.0, 2.0, 2.0, 2.0, 6.0, 2.0, 6.0, 5.0, 6.0, 2.0, 2.0, 2.0, 2.0, 3.0, 2.0, 2.0, 6.0], [3.0, 2.0, 2.0, 2.0, 2.0, 6.0, 3.0, 2.0, 2.0, 2.0, 2.0, 3.0, 3.0, 3.0, 6.0, 2.0, 5.0, 5.0, 5.0, 3.0, 2.0, 2.0, 2.0, 3.0, 2.0, 2.0, 2.0, 6.0, 2.0, 6.0, 6.0, 6.0, 2.0, 2.0, 2.0, 2.0, 3.0, 2.0, 2.0, 6.0], [3.0, 2.0, 2.0, 2.0, 2.0, 6.0, 6.0, 3.0, 2.0, 2.0, 2.0, 3.0, 3.0, 6.0, 3.0, 3.0, 3.0, 3.0, 5.0, 2.0, 2.0, 2.0, 2.0, 3.0, 3.0, 2.0, 2.0, 6.0, 2.0, 6.0, 5.0, 6.0, 2.0, 2.0, 2.0, 2.0, 3.0, 2.0, 2.0, 6.0], [3.0, 2.0, 2.0, 2.0, 2.0, 6.0, 6.0, 3.0, 2.0, 2.0, 2.0, 3.0, 3.0, 6.0, 3.0, 2.0, 5.0, 3.0, 6.0, 2.0, 2.0, 2.0, 2.0, 3.0, 2.0, 2.0, 2.0, 6.0, 2.0, 6.0, 6.0, 6.0, 2.0, 2.0, 2.0, 2.0, 3.0, 2.0, 2.0, 6.0], [3.0, 2.0, 2.0, 2.0, 3.0, 6.0, 3.0, 3.0, 2.0, 2.0, 2.0, 3.0, 3.0, 3.0, 3.0, 2.0, 3.0, 5.0, 5.0, 3.0, 2.0, 2.0, 2.0, 3.0, 2.0, 2.0, 2.0, 6.0, 2.0, 6.0, 5.0, 6.0, 2.0, 2.0, 2.0, 2.0, 3.0, 2.0, 2.0, 6.0], [3.0, 2.0, 2.0, 2.0, 2.0, 6.0, 6.0, 3.0, 2.0, 2.0, 2.0, 3.0, 3.0, 3.0, 3.0, 2.0, 3.0, 3.0, 6.0, 2.0, 2.0, 2.0, 2.0, 3.0, 3.0, 2.0, 2.0, 6.0, 2.0, 6.0, 6.0, 6.0, 2.0, 2.0, 2.0, 2.0, 3.0, 2.0, 2.0, 6.0], [3.0, 2.0, 2.0, 2.0, 3.0, 6.0, 5.0, 3.0, 2.0, 2.0, 2.0, 3.0, 3.0, 6.0, 3.0, 2.0, 3.0, 5.0, 3.0, 3.0, 2.0, 2.0, 2.0, 3.0, 2.0, 2.0, 2.0, 6.0, 2.0, 6.0, 5.0, 6.0, 2.0, 2.0, 2.0, 2.0, 4.0, 2.0, 2.0, 6.0], [3.0, 2.0, 2.0, 2.0, 3.0, 6.0, 3.0, 3.0, 2.0, 2.0, 2.0, 3.0, 3.0, 3.0, 3.0, 2.0, 3.0, 5.0, 2.0, 2.0, 2.0, 2.0, 2.0, 3.0, 2.0, 2.0, 2.0, 6.0, 2.0, 6.0, 6.0, 6.0, 2.0, 2.0, 2.0, 2.0, 3.0, 2.0, 2.0, 6.0], [3.0, 2.0, 2.0, 2.0, 2.0, 6.0, 3.0, 3.0, 2.0, 2.0, 2.0, 3.0, 3.0, 6.0, 3.0, 2.0, 3.0, 3.0, 5.0, 3.0, 2.0, 2.0, 2.0, 3.0, 3.0, 2.0, 2.0, 6.0, 2.0, 6.0, 6.0, 6.0, 2.0, 2.0, 2.0, 2.0, 3.0, 2.0, 2.0, 6.0], [3.0, 2.0, 2.0, 2.0, 2.0, 6.0, 3.0, 2.0, 2.0, 2.0, 2.0, 3.0, 3.0, 6.0, 6.0, 2.0, 3.0, 3.0, 6.0, 2.0, 2.0, 2.0, 2.0, 3.0, 2.0, 2.0, 2.0, 6.0, 2.0, 6.0, 4.0, 6.0, 2.0, 2.0, 2.0, 2.0, 3.0, 2.0, 2.0, 6.0], [3.0, 2.0, 2.0, 2.0, 2.0, 6.0, 3.0, 3.0, 2.0, 2.0, 2.0, 3.0, 3.0, 6.0, 4.0, 2.0, 3.0, 5.0, 5.0, 2.0, 2.0, 2.0, 2.0, 3.0, 3.0, 2.0, 2.0, 5.0, 2.0, 6.0, 6.0, 6.0, 2.0, 2.0, 2.0, 2.0, 3.0, 2.0, 2.0, 6.0], [3.0, 2.0, 2.0, 2.0, 3.0, 6.0, 6.0, 3.0, 2.0, 2.0, 2.0, 3.0, 3.0, 6.0, 4.0, 2.0, 3.0, 3.0, 5.0, 3.0, 2.0, 2.0, 2.0, 3.0, 3.0, 2.0, 2.0, 6.0, 2.0, 6.0, 6.0, 6.0, 2.0, 2.0, 2.0, 2.0, 3.0, 2.0, 2.0, 6.0], [3.0, 2.0, 2.0, 2.0, 3.0, 6.0, 5.0, 3.0, 2.0, 2.0, 2.0, 3.0, 3.0, 6.0, 3.0, 2.0, 6.0, 5.0, 5.0, 2.0, 2.0, 2.0, 2.0, 3.0, 3.0, 2.0, 2.0, 6.0, 2.0, 6.0, 6.0, 6.0, 2.0, 2.0, 2.0, 2.0, 3.0, 2.0, 2.0, 6.0], [3.0, 2.0, 2.0, 2.0, 2.0, 6.0, 6.0, 2.0, 2.0, 2.0, 2.0, 3.0, 3.0, 6.0, 3.0, 2.0, 3.0, 5.0, 5.0, 2.0, 2.0, 2.0, 2.0, 3.0, 2.0, 2.0, 2.0, 6.0, 2.0, 6.0, 4.0, 6.0, 2.0, 2.0, 2.0, 2.0, 3.0, 2.0, 2.0, 6.0], [3.0, 2.0, 2.0, 2.0, 2.0, 6.0, 3.0, 2.0, 2.0, 2.0, 2.0, 3.0, 3.0, 6.0, 3.0, 2.0, 5.0, 3.0, 2.0, 3.0, 2.0, 2.0, 2.0, 3.0, 2.0, 2.0, 2.0, 6.0, 2.0, 6.0, 6.0, 6.0, 2.0, 2.0, 2.0, 2.0, 3.0, 2.0, 2.0, 6.0], [3.0, 2.0, 2.0, 2.0, 3.0, 6.0, 6.0, 3.0, 2.0, 2.0, 2.0, 3.0, 3.0, 3.0, 3.0, 2.0, 3.0, 5.0, 5.0, 2.0, 2.0, 2.0, 2.0, 3.0, 3.0, 2.0, 2.0, 6.0, 2.0, 6.0, 6.0, 6.0, 2.0, 2.0, 2.0, 2.0, 3.0, 2.0, 2.0, 6.0]]

first layer check: Conv2d(6, 64, kernel_size=(7, 7), stride=(2, 2), padding=(3, 3), bias=False)

for model 3: mode acc: 0.550000011920929, run mean acc: 0.5616666674613953, top-2 acc:0.7437499761581421, mode f1: 0.550000011920929

model 3 mode preds
[3.0, 2.0, 2.0, 2.0, 2.0, 6.0, 3.0, 2.0, 2.0, 2.0, 2.0, 3.0, 3.0, 6.0, 3.0, 2.0, 3.0, 3.0, 3.0, 2.0, 2.0, 2.0, 2.0, 3.0, 2.0, 2.0, 2.0, 6.0, 2.0, 6.0, 6.0, 6.0, 2.0, 2.0, 2.0, 2.0, 3.0, 2.0, 2.0, 6.0]

model 3 all preds
[[3.0, 2.0, 2.0, 2.0, 3.0, 6.0, 3.0, 3.0, 2.0, 2.0, 2.0, 3.0, 3.0, 6.0, 3.0, 2.0, 3.0, 2.0, 2.0, 2.0, 2.0, 2.0, 2.0, 2.0, 2.0, 2.0, 2.0, 6.0, 2.0, 6.0, 6.0, 6.0, 2.0, 2.0, 2.0, 2.0, 3.0, 2.0, 2.0, 6.0], [3.0, 2.0, 2.0, 2.0, 2.0, 6.0, 3.0, 2.0, 2.0, 2.0, 2.0, 3.0, 3.0, 6.0, 3.0, 2.0, 3.0, 3.0, 3.0, 2.0, 2.0, 2.0, 2.0, 3.0, 2.0, 2.0, 2.0, 6.0, 2.0, 6.0, 6.0, 6.0, 3.0, 2.0, 2.0, 2.0, 3.0, 2.0, 2.0, 6.0], [3.0, 2.0, 2.0, 2.0, 2.0, 6.0, 3.0, 3.0, 2.0, 2.0, 2.0, 2.0, 3.0, 6.0, 3.0, 2.0, 6.0, 3.0, 3.0, 3.0, 2.0, 2.0, 2.0, 3.0, 2.0, 2.0, 2.0, 6.0, 2.0, 6.0, 6.0, 6.0, 2.0, 2.0, 2.0, 2.0, 3.0, 2.0, 2.0, 6.0], [3.0, 2.0, 2.0, 2.0, 2.0, 3.0, 3.0, 2.0, 2.0, 2.0, 2.0, 3.0, 3.0, 3.0, 2.0, 2.0, 6.0, 2.0, 3.0, 2.0, 2.0, 2.0, 2.0, 3.0, 2.0, 2.0, 2.0, 6.0, 2.0, 6.0, 6.0, 6.0, 2.0, 2.0, 2.0, 2.0, 3.0, 2.0, 2.0, 6.0], [3.0, 2.0, 2.0, 2.0, 2.0, 6.0, 3.0, 3.0, 2.0, 2.0, 2.0, 3.0, 3.0, 6.0, 3.0, 2.0, 3.0, 2.0, 3.0, 3.0, 2.0, 2.0, 2.0, 3.0, 2.0, 2.0, 2.0, 6.0, 2.0, 6.0, 6.0, 6.0, 2.0, 2.0, 2.0, 2.0, 3.0, 2.0, 2.0, 6.0], [3.0, 2.0, 2.0, 2.0, 2.0, 6.0, 6.0, 3.0, 2.0, 2.0, 2.0, 3.0, 3.0, 6.0, 3.0, 2.0, 3.0, 3.0, 3.0, 2.0, 2.0, 2.0, 2.0, 3.0, 2.0, 2.0, 2.0, 6.0, 2.0, 6.0, 6.0, 6.0, 2.0, 2.0, 2.0, 2.0, 3.0, 2.0, 2.0, 6.0], [3.0, 2.0, 2.0, 2.0, 2.0, 6.0, 6.0, 2.0, 2.0, 2.0, 2.0, 3.0, 3.0, 6.0, 3.0, 2.0, 3.0, 3.0, 3.0, 3.0, 2.0, 2.0, 2.0, 3.0, 2.0, 2.0, 2.0, 6.0, 2.0, 6.0, 6.0, 6.0, 2.0, 2.0, 2.0, 2.0, 3.0, 2.0, 2.0, 6.0], [3.0, 2.0, 2.0, 2.0, 2.0, 6.0, 6.0, 2.0, 2.0, 2.0, 2.0, 3.0, 3.0, 6.0, 2.0, 2.0, 6.0, 3.0, 3.0, 2.0, 2.0, 2.0, 2.0, 3.0, 2.0, 2.0, 2.0, 6.0, 2.0, 6.0, 6.0, 6.0, 2.0, 2.0, 2.0, 2.0, 3.0, 2.0, 2.0, 6.0], [3.0, 2.0, 2.0, 2.0, 2.0, 6.0, 3.0, 2.0, 2.0, 2.0, 2.0, 3.0, 3.0, 6.0, 2.0, 2.0, 3.0, 2.0, 3.0, 3.0, 2.0, 2.0, 2.0, 3.0, 2.0, 2.0, 2.0, 6.0, 2.0, 6.0, 6.0, 6.0, 2.0, 2.0, 2.0, 2.0, 3.0, 2.0, 2.0, 6.0], [3.0, 2.0, 2.0, 2.0, 2.0, 6.0, 3.0, 2.0, 2.0, 2.0, 2.0, 3.0, 3.0, 6.0, 3.0, 2.0, 2.0, 3.0, 3.0, 2.0, 2.0, 2.0, 2.0, 3.0, 2.0, 2.0, 2.0, 6.0, 2.0, 6.0, 3.0, 6.0, 2.0, 2.0, 2.0, 2.0, 3.0, 2.0, 2.0, 6.0], [3.0, 2.0, 2.0, 2.0, 2.0, 6.0, 3.0, 3.0, 2.0, 2.0, 2.0, 3.0, 3.0, 6.0, 3.0, 2.0, 2.0, 3.0, 3.0, 2.0, 2.0, 2.0, 2.0, 3.0, 2.0, 2.0, 2.0, 6.0, 2.0, 6.0, 6.0, 6.0, 2.0, 2.0, 2.0, 2.0, 3.0, 2.0, 2.0, 6.0], [3.0, 2.0, 2.0, 2.0, 2.0, 6.0, 3.0, 2.0, 2.0, 2.0, 2.0, 3.0, 3.0, 6.0, 3.0, 2.0, 3.0, 3.0, 3.0, 2.0, 2.0, 2.0, 2.0, 3.0, 2.0, 2.0, 2.0, 6.0, 2.0, 6.0, 6.0, 6.0, 3.0, 2.0, 2.0, 2.0, 3.0, 2.0, 2.0, 6.0], [3.0, 2.0, 2.0, 2.0, 2.0, 6.0, 3.0, 2.0, 2.0, 2.0, 2.0, 3.0, 3.0, 6.0, 3.0, 2.0, 6.0, 2.0, 6.0, 3.0, 2.0, 2.0, 2.0, 6.0, 2.0, 2.0, 2.0, 6.0, 2.0, 6.0, 3.0, 6.0, 2.0, 2.0, 2.0, 2.0, 3.0, 2.0, 2.0, 6.0], [3.0, 2.0, 2.0, 2.0, 2.0, 6.0, 3.0, 3.0, 2.0, 2.0, 2.0, 2.0, 3.0, 3.0, 2.0, 2.0, 2.0, 2.0, 4.0, 2.0, 2.0, 2.0, 2.0, 3.0, 2.0, 2.0, 2.0, 6.0, 2.0, 6.0, 6.0, 6.0, 2.0, 2.0, 2.0, 2.0, 3.0, 2.0, 2.0, 6.0], [3.0, 2.0, 2.0, 2.0, 2.0, 6.0, 3.0, 3.0, 2.0, 2.0, 2.0, 2.0, 3.0, 3.0, 3.0, 2.0, 3.0, 3.0, 3.0, 2.0, 2.0, 2.0, 2.0, 3.0, 2.0, 2.0, 2.0, 6.0, 2.0, 6.0, 6.0, 6.0, 2.0, 2.0, 2.0, 2.0, 3.0, 2.0, 2.0, 6.0], [3.0, 2.0, 2.0, 2.0, 3.0, 6.0, 6.0, 2.0, 2.0, 2.0, 2.0, 3.0, 3.0, 6.0, 2.0, 2.0, 3.0, 3.0, 3.0, 2.0, 2.0, 2.0, 2.0, 3.0, 2.0, 2.0, 2.0, 6.0, 2.0, 6.0, 6.0, 6.0, 2.0, 2.0, 2.0, 2.0, 3.0, 2.0, 2.0, 6.0], [3.0, 2.0, 2.0, 2.0, 2.0, 6.0, 3.0, 2.0, 2.0, 2.0, 2.0, 2.0, 3.0, 3.0, 3.0, 2.0, 6.0, 3.0, 2.0, 3.0, 2.0, 2.0, 2.0, 3.0, 2.0, 2.0, 2.0, 6.0, 2.0, 6.0, 6.0, 6.0, 2.0, 2.0, 2.0, 2.0, 3.0, 2.0, 2.0, 6.0], [3.0, 2.0, 2.0, 2.0, 2.0, 6.0, 3.0, 2.0, 2.0, 2.0, 2.0, 3.0, 3.0, 6.0, 3.0, 2.0, 3.0, 2.0, 3.0, 2.0, 2.0, 2.0, 2.0, 3.0, 2.0, 2.0, 2.0, 6.0, 2.0, 6.0, 6.0, 6.0, 2.0, 2.0, 2.0, 2.0, 3.0, 2.0, 2.0, 6.0], [3.0, 2.0, 2.0, 2.0, 2.0, 6.0, 3.0, 3.0, 2.0, 2.0, 2.0, 6.0, 3.0, 6.0, 3.0, 2.0, 3.0, 3.0, 3.0, 2.0, 2.0, 2.0, 2.0, 6.0, 2.0, 2.0, 2.0, 6.0, 2.0, 6.0, 6.0, 6.0, 2.0, 2.0, 2.0, 2.0, 3.0, 2.0, 2.0, 6.0], [3.0, 2.0, 2.0, 2.0, 2.0, 6.0, 3.0, 3.0, 2.0, 2.0, 2.0, 3.0, 3.0, 6.0, 2.0, 2.0, 3.0, 3.0, 6.0, 3.0, 2.0, 2.0, 2.0, 3.0, 2.0, 2.0, 2.0, 6.0, 2.0, 6.0, 6.0, 6.0, 2.0, 2.0, 2.0, 2.0, 3.0, 2.0, 2.0, 6.0], [3.0, 2.0, 2.0, 2.0, 2.0, 6.0, 3.0, 3.0, 2.0, 2.0, 2.0, 3.0, 3.0, 3.0, 3.0, 2.0, 3.0, 3.0, 3.0, 2.0, 2.0, 2.0, 2.0, 2.0, 2.0, 2.0, 2.0, 6.0, 2.0, 6.0, 6.0, 6.0, 2.0, 2.0, 2.0, 2.0, 3.0, 2.0, 2.0, 6.0], [3.0, 2.0, 2.0, 2.0, 2.0, 6.0, 3.0, 3.0, 2.0, 2.0, 2.0, 3.0, 3.0, 6.0, 3.0, 2.0, 3.0, 3.0, 3.0, 2.0, 2.0, 2.0, 2.0, 3.0, 2.0, 2.0, 2.0, 6.0, 2.0, 6.0, 6.0, 6.0, 2.0, 2.0, 2.0, 2.0, 3.0, 2.0, 2.0, 6.0], [3.0, 2.0, 2.0, 2.0, 2.0, 6.0, 3.0, 2.0, 2.0, 2.0, 2.0, 2.0, 3.0, 3.0, 2.0, 2.0, 3.0, 2.0, 3.0, 3.0, 2.0, 2.0, 2.0, 3.0, 2.0, 2.0, 2.0, 6.0, 2.0, 6.0, 6.0, 6.0, 2.0, 2.0, 2.0, 2.0, 3.0, 2.0, 2.0, 6.0], [3.0, 2.0, 2.0, 2.0, 2.0, 3.0, 3.0, 3.0, 2.0, 2.0, 2.0, 3.0, 3.0, 6.0, 3.0, 2.0, 3.0, 2.0, 3.0, 2.0, 2.0, 2.0, 2.0, 3.0, 2.0, 2.0, 2.0, 6.0, 2.0, 6.0, 6.0, 6.0, 2.0, 2.0, 2.0, 2.0, 3.0, 2.0, 2.0, 6.0], [3.0, 2.0, 2.0, 2.0, 2.0, 6.0, 3.0, 2.0, 2.0, 2.0, 2.0, 2.0, 3.0, 6.0, 3.0, 2.0, 2.0, 2.0, 3.0, 2.0, 2.0, 2.0, 2.0, 3.0, 2.0, 2.0, 2.0, 6.0, 2.0, 6.0, 3.0, 6.0, 2.0, 2.0, 2.0, 2.0, 3.0, 2.0, 2.0, 6.0], [3.0, 2.0, 2.0, 2.0, 2.0, 6.0, 6.0, 2.0, 2.0, 2.0, 2.0, 3.0, 3.0, 6.0, 3.0, 2.0, 6.0, 2.0, 3.0, 3.0, 2.0, 2.0, 2.0, 3.0, 2.0, 2.0, 2.0, 6.0, 2.0, 6.0, 6.0, 6.0, 2.0, 2.0, 2.0, 2.0, 3.0, 2.0, 2.0, 6.0], [3.0, 2.0, 2.0, 2.0, 2.0, 6.0, 6.0, 2.0, 2.0, 2.0, 2.0, 3.0, 3.0, 6.0, 2.0, 2.0, 3.0, 3.0, 3.0, 2.0, 2.0, 2.0, 2.0, 3.0, 2.0, 2.0, 2.0, 6.0, 2.0, 6.0, 6.0, 6.0, 2.0, 2.0, 2.0, 2.0, 3.0, 2.0, 2.0, 6.0], [3.0, 2.0, 2.0, 2.0, 3.0, 6.0, 3.0, 2.0, 2.0, 2.0, 2.0, 3.0, 3.0, 6.0, 3.0, 2.0, 6.0, 2.0, 3.0, 2.0, 2.0, 2.0, 2.0, 3.0, 2.0, 2.0, 2.0, 6.0, 2.0, 6.0, 6.0, 6.0, 3.0, 2.0, 2.0, 2.0, 3.0, 2.0, 2.0, 6.0], [3.0, 2.0, 2.0, 2.0, 2.0, 6.0, 3.0, 2.0, 2.0, 2.0, 2.0, 3.0, 3.0, 6.0, 2.0, 2.0, 6.0, 2.0, 3.0, 2.0, 2.0, 2.0, 2.0, 3.0, 2.0, 2.0, 2.0, 6.0, 2.0, 6.0, 6.0, 6.0, 2.0, 2.0, 2.0, 2.0, 3.0, 2.0, 2.0, 6.0], [3.0, 2.0, 2.0, 2.0, 2.0, 6.0, 3.0, 3.0, 2.0, 2.0, 2.0, 2.0, 3.0, 6.0, 3.0, 2.0, 3.0, 3.0, 3.0, 2.0, 2.0, 2.0, 2.0, 3.0, 2.0, 2.0, 2.0, 6.0, 2.0, 6.0, 6.0, 6.0, 2.0, 2.0, 2.0, 2.0, 3.0, 2.0, 2.0, 6.0], [3.0, 2.0, 2.0, 2.0, 2.0, 6.0, 3.0, 3.0, 2.0, 2.0, 2.0, 3.0, 3.0, 6.0, 3.0, 2.0, 3.0, 2.0, 3.0, 2.0, 2.0, 2.0, 2.0, 3.0, 2.0, 2.0, 2.0, 6.0, 2.0, 6.0, 6.0, 6.0, 2.0, 2.0, 2.0, 2.0, 3.0, 2.0, 2.0, 6.0], [3.0, 2.0, 2.0, 2.0, 2.0, 6.0, 3.0, 2.0, 2.0, 2.0, 2.0, 2.0, 3.0, 6.0, 3.0, 2.0, 3.0, 3.0, 3.0, 3.0, 2.0, 2.0, 2.0, 3.0, 2.0, 2.0, 2.0, 6.0, 2.0, 6.0, 6.0, 6.0, 2.0, 2.0, 2.0, 2.0, 3.0, 2.0, 2.0, 6.0], [3.0, 2.0, 2.0, 2.0, 3.0, 6.0, 3.0, 2.0, 2.0, 2.0, 2.0, 6.0, 3.0, 6.0, 3.0, 2.0, 3.0, 2.0, 2.0, 2.0, 2.0, 2.0, 2.0, 3.0, 2.0, 2.0, 2.0, 3.0, 2.0, 6.0, 4.0, 6.0, 2.0, 2.0, 2.0, 2.0, 3.0, 2.0, 2.0, 6.0], [3.0, 2.0, 2.0, 2.0, 3.0, 6.0, 3.0, 3.0, 2.0, 2.0, 2.0, 3.0, 3.0, 6.0, 3.0, 2.0, 3.0, 2.0, 3.0, 2.0, 2.0, 2.0, 2.0, 3.0, 2.0, 2.0, 2.0, 6.0, 2.0, 6.0, 6.0, 6.0, 2.0, 2.0, 2.0, 2.0, 3.0, 2.0, 2.0, 6.0], [3.0, 2.0, 2.0, 2.0, 2.0, 6.0, 3.0, 2.0, 2.0, 2.0, 2.0, 3.0, 3.0, 3.0, 2.0, 2.0, 2.0, 3.0, 3.0, 3.0, 2.0, 2.0, 2.0, 3.0, 2.0, 2.0, 2.0, 6.0, 2.0, 6.0, 6.0, 6.0, 2.0, 2.0, 2.0, 2.0, 3.0, 2.0, 2.0, 6.0], [3.0, 2.0, 2.0, 2.0, 2.0, 6.0, 3.0, 2.0, 2.0, 2.0, 2.0, 3.0, 3.0, 6.0, 2.0, 2.0, 6.0, 3.0, 3.0, 2.0, 2.0, 2.0, 2.0, 3.0, 2.0, 2.0, 2.0, 6.0, 2.0, 6.0, 6.0, 6.0, 3.0, 2.0, 2.0, 2.0, 3.0, 2.0, 2.0, 6.0], [3.0, 2.0, 2.0, 2.0, 2.0, 6.0, 6.0, 3.0, 2.0, 2.0, 2.0, 3.0, 3.0, 6.0, 3.0, 2.0, 3.0, 2.0, 3.0, 3.0, 2.0, 2.0, 2.0, 3.0, 2.0, 2.0, 2.0, 6.0, 2.0, 6.0, 3.0, 6.0, 2.0, 2.0, 2.0, 2.0, 3.0, 2.0, 2.0, 6.0], [3.0, 2.0, 2.0, 2.0, 2.0, 6.0, 3.0, 2.0, 2.0, 2.0, 2.0, 3.0, 3.0, 3.0, 3.0, 2.0, 6.0, 2.0, 3.0, 2.0, 2.0, 2.0, 2.0, 3.0, 2.0, 2.0, 2.0, 6.0, 2.0, 6.0, 6.0, 6.0, 2.0, 2.0, 2.0, 2.0, 3.0, 2.0, 2.0, 6.0], [3.0, 2.0, 2.0, 2.0, 2.0, 6.0, 3.0, 2.0, 2.0, 2.0, 2.0, 3.0, 3.0, 6.0, 3.0, 2.0, 3.0, 3.0, 3.0, 2.0, 2.0, 2.0, 2.0, 3.0, 2.0, 2.0, 2.0, 6.0, 2.0, 6.0, 6.0, 6.0, 2.0, 2.0, 2.0, 2.0, 3.0, 2.0, 2.0, 6.0], [3.0, 2.0, 2.0, 2.0, 2.0, 6.0, 3.0, 2.0, 2.0, 2.0, 2.0, 3.0, 3.0, 6.0, 3.0, 2.0, 2.0, 2.0, 3.0, 2.0, 2.0, 2.0, 2.0, 3.0, 2.0, 2.0, 2.0, 6.0, 2.0, 6.0, 6.0, 6.0, 2.0, 2.0, 2.0, 2.0, 3.0, 2.0, 2.0, 6.0], [3.0, 2.0, 2.0, 2.0, 2.0, 6.0, 3.0, 3.0, 2.0, 2.0, 2.0, 3.0, 3.0, 2.0, 3.0, 2.0, 3.0, 3.0, 3.0, 2.0, 2.0, 2.0, 2.0, 3.0, 2.0, 2.0, 2.0, 6.0, 2.0, 6.0, 6.0, 6.0, 2.0, 2.0, 2.0, 2.0, 3.0, 2.0, 2.0, 6.0], [3.0, 2.0, 2.0, 2.0, 2.0, 6.0, 3.0, 3.0, 2.0, 2.0, 2.0, 3.0, 3.0, 6.0, 3.0, 2.0, 2.0, 3.0, 3.0, 2.0, 2.0, 2.0, 2.0, 3.0, 2.0, 2.0, 2.0, 6.0, 2.0, 6.0, 6.0, 6.0, 2.0, 2.0, 2.0, 2.0, 3.0, 2.0, 2.0, 6.0], [3.0, 2.0, 2.0, 2.0, 3.0, 6.0, 3.0, 2.0, 2.0, 2.0, 2.0, 3.0, 3.0, 6.0, 3.0, 2.0, 6.0, 3.0, 3.0, 2.0, 2.0, 2.0, 2.0, 3.0, 2.0, 2.0, 2.0, 6.0, 2.0, 6.0, 6.0, 6.0, 2.0, 2.0, 2.0, 2.0, 3.0, 2.0, 2.0, 6.0], [3.0, 2.0, 2.0, 2.0, 2.0, 6.0, 3.0, 2.0, 2.0, 2.0, 2.0, 3.0, 3.0, 3.0, 3.0, 2.0, 6.0, 3.0, 3.0, 3.0, 2.0, 2.0, 2.0, 3.0, 2.0, 2.0, 2.0, 6.0, 2.0, 6.0, 3.0, 6.0, 3.0, 2.0, 2.0, 2.0, 3.0, 2.0, 2.0, 6.0], [3.0, 2.0, 2.0, 2.0, 2.0, 6.0, 3.0, 2.0, 2.0, 2.0, 2.0, 3.0, 3.0, 6.0, 3.0, 2.0, 6.0, 3.0, 6.0, 2.0, 2.0, 2.0, 2.0, 3.0, 2.0, 2.0, 2.0, 6.0, 2.0, 6.0, 6.0, 6.0, 2.0, 2.0, 2.0, 2.0, 3.0, 2.0, 2.0, 6.0], [3.0, 2.0, 2.0, 2.0, 2.0, 6.0, 3.0, 3.0, 2.0, 2.0, 2.0, 3.0, 3.0, 6.0, 3.0, 2.0, 3.0, 3.0, 6.0, 2.0, 2.0, 2.0, 2.0, 3.0, 2.0, 2.0, 2.0, 6.0, 2.0, 6.0, 6.0, 6.0, 2.0, 2.0, 2.0, 2.0, 3.0, 2.0, 2.0, 6.0], [3.0, 2.0, 2.0, 2.0, 2.0, 6.0, 3.0, 3.0, 2.0, 2.0, 2.0, 3.0, 3.0, 6.0, 3.0, 2.0, 3.0, 2.0, 3.0, 2.0, 2.0, 2.0, 2.0, 3.0, 2.0, 2.0, 2.0, 6.0, 2.0, 6.0, 6.0, 6.0, 2.0, 2.0, 2.0, 2.0, 3.0, 2.0, 2.0, 6.0], [3.0, 2.0, 2.0, 2.0, 3.0, 6.0, 3.0, 2.0, 2.0, 2.0, 2.0, 3.0, 3.0, 3.0, 3.0, 2.0, 3.0, 3.0, 3.0, 2.0, 2.0, 2.0, 2.0, 3.0, 2.0, 2.0, 2.0, 6.0, 2.0, 6.0, 6.0, 6.0, 2.0, 2.0, 2.0, 2.0, 3.0, 2.0, 2.0, 6.0], [3.0, 2.0, 2.0, 2.0, 2.0, 3.0, 3.0, 3.0, 2.0, 2.0, 2.0, 3.0, 3.0, 3.0, 2.0, 2.0, 3.0, 3.0, 3.0, 2.0, 2.0, 2.0, 2.0, 3.0, 2.0, 2.0, 2.0, 6.0, 2.0, 6.0, 6.0, 6.0, 2.0, 2.0, 2.0, 2.0, 3.0, 2.0, 2.0, 6.0], [3.0, 2.0, 2.0, 2.0, 3.0, 6.0, 3.0, 2.0, 2.0, 2.0, 2.0, 3.0, 3.0, 6.0, 3.0, 2.0, 3.0, 3.0, 3.0, 3.0, 2.0, 2.0, 2.0, 3.0, 2.0, 2.0, 2.0, 6.0, 2.0, 6.0, 6.0, 6.0, 2.0, 2.0, 2.0, 2.0, 3.0, 2.0, 2.0, 6.0]]

first layer check: Conv2d(6, 64, kernel_size=(7, 7), stride=(2, 2), padding=(3, 3), bias=False)

for model 4: mode acc: 0.4749999940395355, run mean acc: 0.4608333706855774, top-2 acc:0.7149999737739563, mode f1: 0.4749999940395355

model 4 mode preds
[3.0, 2.0, 1.0, 2.0, 3.0, 6.0, 5.0, 2.0, 1.0, 2.0, 2.0, 2.0, 3.0, 6.0, 3.0, 2.0, 4.0, 2.0, 5.0, 2.0, 1.0, 2.0, 2.0, 3.0, 3.0, 2.0, 2.0, 6.0, 2.0, 6.0, 4.0, 4.0, 2.0, 2.0, 2.0, 2.0, 3.0, 2.0, 1.0, 6.0]

model 4 all preds
[[3.0, 2.0, 1.0, 2.0, 2.0, 6.0, 3.0, 3.0, 2.0, 2.0, 1.0, 2.0, 3.0, 6.0, 3.0, 2.0, 3.0, 2.0, 4.0, 2.0, 1.0, 2.0, 2.0, 3.0, 2.0, 2.0, 2.0, 6.0, 2.0, 6.0, 5.0, 4.0, 2.0, 1.0, 2.0, 2.0, 3.0, 2.0, 1.0, 6.0], [3.0, 2.0, 1.0, 2.0, 1.0, 5.0, 4.0, 2.0, 1.0, 2.0, 2.0, 2.0, 3.0, 6.0, 4.0, 2.0, 4.0, 2.0, 5.0, 2.0, 1.0, 2.0, 2.0, 3.0, 2.0, 2.0, 2.0, 6.0, 2.0, 6.0, 4.0, 6.0, 2.0, 1.0, 2.0, 2.0, 3.0, 2.0, 2.0, 6.0], [3.0, 2.0, 1.0, 2.0, 3.0, 6.0, 2.0, 2.0, 1.0, 2.0, 1.0, 2.0, 3.0, 6.0, 3.0, 2.0, 4.0, 2.0, 2.0, 2.0, 1.0, 2.0, 2.0, 3.0, 1.0, 2.0, 2.0, 5.0, 2.0, 6.0, 5.0, 4.0, 2.0, 2.0, 2.0, 2.0, 3.0, 2.0, 1.0, 6.0], [3.0, 2.0, 2.0, 2.0, 2.0, 6.0, 5.0, 2.0, 2.0, 2.0, 1.0, 2.0, 3.0, 5.0, 3.0, 2.0, 2.0, 2.0, 4.0, 2.0, 1.0, 2.0, 2.0, 3.0, 1.0, 2.0, 2.0, 5.0, 2.0, 6.0, 4.0, 4.0, 2.0, 1.0, 2.0, 2.0, 3.0, 2.0, 1.0, 5.0], [3.0, 2.0, 2.0, 2.0, 3.0, 6.0, 5.0, 2.0, 2.0, 1.0, 2.0, 2.0, 3.0, 6.0, 4.0, 2.0, 3.0, 2.0, 5.0, 2.0, 1.0, 1.0, 2.0, 3.0, 1.0, 2.0, 2.0, 5.0, 2.0, 6.0, 3.0, 4.0, 2.0, 2.0, 2.0, 2.0, 3.0, 2.0, 1.0, 6.0], [3.0, 2.0, 1.0, 2.0, 2.0, 6.0, 5.0, 2.0, 2.0, 2.0, 1.0, 2.0, 3.0, 5.0, 4.0, 2.0, 4.0, 2.0, 4.0, 2.0, 1.0, 1.0, 2.0, 5.0, 1.0, 2.0, 2.0, 5.0, 2.0, 6.0, 4.0, 4.0, 2.0, 1.0, 2.0, 2.0, 3.0, 2.0, 2.0, 6.0], [3.0, 2.0, 2.0, 2.0, 3.0, 6.0, 3.0, 2.0, 2.0, 1.0, 2.0, 2.0, 3.0, 6.0, 3.0, 2.0, 4.0, 2.0, 5.0, 2.0, 1.0, 2.0, 2.0, 3.0, 1.0, 2.0, 2.0, 6.0, 2.0, 6.0, 5.0, 6.0, 2.0, 2.0, 2.0, 2.0, 3.0, 2.0, 2.0, 6.0], [3.0, 2.0, 1.0, 2.0, 3.0, 6.0, 5.0, 3.0, 2.0, 1.0, 1.0, 2.0, 3.0, 6.0, 3.0, 2.0, 3.0, 2.0, 4.0, 4.0, 1.0, 2.0, 2.0, 3.0, 2.0, 1.0, 1.0, 6.0, 2.0, 6.0, 4.0, 4.0, 2.0, 1.0, 2.0, 2.0, 3.0, 2.0, 1.0, 6.0], [3.0, 2.0, 1.0, 2.0, 1.0, 6.0, 5.0, 2.0, 2.0, 1.0, 1.0, 2.0, 3.0, 6.0, 3.0, 2.0, 4.0, 2.0, 4.0, 4.0, 1.0, 2.0, 2.0, 4.0, 1.0, 2.0, 2.0, 5.0, 2.0, 6.0, 6.0, 6.0, 2.0, 2.0, 2.0, 2.0, 3.0, 2.0, 1.0, 6.0], [3.0, 2.0, 1.0, 2.0, 3.0, 5.0, 5.0, 2.0, 2.0, 1.0, 1.0, 2.0, 3.0, 4.0, 4.0, 2.0, 2.0, 2.0, 4.0, 2.0, 1.0, 2.0, 2.0, 3.0, 1.0, 2.0, 2.0, 6.0, 2.0, 6.0, 4.0, 4.0, 2.0, 2.0, 2.0, 2.0, 3.0, 2.0, 1.0, 6.0], [3.0, 2.0, 2.0, 2.0, 3.0, 6.0, 5.0, 2.0, 2.0, 2.0, 2.0, 2.0, 3.0, 6.0, 3.0, 2.0, 2.0, 2.0, 5.0, 2.0, 1.0, 1.0, 2.0, 3.0, 1.0, 2.0, 2.0, 5.0, 1.0, 6.0, 5.0, 4.0, 2.0, 2.0, 2.0, 2.0, 3.0, 2.0, 1.0, 6.0], [3.0, 2.0, 2.0, 2.0, 2.0, 6.0, 2.0, 5.0, 1.0, 2.0, 1.0, 2.0, 3.0, 6.0, 3.0, 2.0, 4.0, 2.0, 4.0, 2.0, 1.0, 2.0, 3.0, 3.0, 3.0, 2.0, 2.0, 6.0, 1.0, 6.0, 5.0, 6.0, 2.0, 1.0, 2.0, 2.0, 3.0, 2.0, 2.0, 6.0], [3.0, 2.0, 1.0, 2.0, 1.0, 6.0, 5.0, 2.0, 1.0, 2.0, 1.0, 2.0, 3.0, 5.0, 3.0, 2.0, 3.0, 2.0, 5.0, 2.0, 1.0, 1.0, 2.0, 3.0, 3.0, 2.0, 2.0, 6.0, 2.0, 6.0, 5.0, 4.0, 2.0, 1.0, 2.0, 2.0, 3.0, 2.0, 1.0, 5.0], [3.0, 2.0, 2.0, 2.0, 4.0, 6.0, 4.0, 2.0, 1.0, 2.0, 2.0, 2.0, 3.0, 6.0, 4.0, 2.0, 5.0, 2.0, 5.0, 2.0, 1.0, 1.0, 2.0, 3.0, 3.0, 2.0, 1.0, 5.0, 1.0, 6.0, 4.0, 6.0, 2.0, 2.0, 2.0, 2.0, 3.0, 2.0, 1.0, 6.0], [3.0, 2.0, 1.0, 2.0, 4.0, 6.0, 4.0, 2.0, 2.0, 2.0, 1.0, 2.0, 3.0, 6.0, 3.0, 2.0, 4.0, 2.0, 5.0, 2.0, 1.0, 1.0, 2.0, 3.0, 2.0, 2.0, 2.0, 6.0, 2.0, 6.0, 4.0, 4.0, 2.0, 2.0, 2.0, 2.0, 3.0, 2.0, 1.0, 6.0], [3.0, 2.0, 1.0, 2.0, 4.0, 6.0, 2.0, 2.0, 2.0, 1.0, 1.0, 4.0, 3.0, 6.0, 4.0, 2.0, 2.0, 2.0, 5.0, 2.0, 1.0, 2.0, 2.0, 3.0, 1.0, 1.0, 1.0, 6.0, 1.0, 6.0, 4.0, 4.0, 2.0, 1.0, 2.0, 2.0, 3.0, 2.0, 1.0, 6.0], [3.0, 2.0, 1.0, 2.0, 2.0, 6.0, 5.0, 2.0, 1.0, 1.0, 2.0, 2.0, 3.0, 4.0, 3.0, 2.0, 4.0, 2.0, 4.0, 2.0, 1.0, 1.0, 2.0, 3.0, 2.0, 2.0, 2.0, 6.0, 2.0, 6.0, 5.0, 4.0, 2.0, 1.0, 2.0, 2.0, 3.0, 2.0, 1.0, 6.0], [3.0, 2.0, 2.0, 2.0, 3.0, 6.0, 5.0, 3.0, 1.0, 1.0, 2.0, 2.0, 3.0, 6.0, 4.0, 2.0, 3.0, 2.0, 4.0, 2.0, 1.0, 2.0, 2.0, 3.0, 3.0, 1.0, 2.0, 5.0, 2.0, 6.0, 4.0, 4.0, 2.0, 1.0, 2.0, 2.0, 3.0, 2.0, 2.0, 6.0], [3.0, 2.0, 1.0, 2.0, 3.0, 6.0, 2.0, 3.0, 2.0, 2.0, 2.0, 2.0, 3.0, 3.0, 4.0, 2.0, 2.0, 2.0, 5.0, 2.0, 1.0, 1.0, 2.0, 3.0, 3.0, 1.0, 1.0, 6.0, 2.0, 6.0, 4.0, 4.0, 2.0, 2.0, 2.0, 2.0, 3.0, 2.0, 1.0, 6.0], [3.0, 3.0, 1.0, 2.0, 2.0, 6.0, 2.0, 2.0, 1.0, 2.0, 2.0, 2.0, 3.0, 4.0, 4.0, 2.0, 4.0, 2.0, 5.0, 2.0, 1.0, 2.0, 2.0, 3.0, 2.0, 2.0, 1.0, 6.0, 2.0, 6.0, 4.0, 6.0, 2.0, 1.0, 2.0, 2.0, 3.0, 2.0, 2.0, 6.0], [3.0, 2.0, 2.0, 2.0, 3.0, 6.0, 2.0, 5.0, 1.0, 2.0, 2.0, 2.0, 3.0, 3.0, 4.0, 2.0, 4.0, 2.0, 4.0, 4.0, 1.0, 1.0, 2.0, 3.0, 2.0, 2.0, 2.0, 6.0, 2.0, 6.0, 5.0, 4.0, 2.0, 2.0, 2.0, 2.0, 3.0, 2.0, 1.0, 6.0], [3.0, 2.0, 2.0, 2.0, 3.0, 6.0, 5.0, 4.0, 1.0, 1.0, 2.0, 2.0, 3.0, 6.0, 4.0, 2.0, 4.0, 2.0, 5.0, 2.0, 1.0, 2.0, 2.0, 3.0, 1.0, 2.0, 2.0, 6.0, 2.0, 6.0, 4.0, 4.0, 5.0, 1.0, 2.0, 2.0, 3.0, 2.0, 2.0, 6.0], [3.0, 2.0, 1.0, 2.0, 5.0, 5.0, 5.0, 2.0, 2.0, 2.0, 2.0, 2.0, 3.0, 5.0, 3.0, 2.0, 2.0, 2.0, 5.0, 2.0, 1.0, 1.0, 2.0, 3.0, 2.0, 2.0, 2.0, 6.0, 2.0, 6.0, 5.0, 4.0, 5.0, 2.0, 2.0, 2.0, 3.0, 2.0, 1.0, 6.0], [3.0, 2.0, 2.0, 2.0, 2.0, 6.0, 3.0, 2.0, 2.0, 2.0, 2.0, 2.0, 3.0, 6.0, 3.0, 2.0, 2.0, 2.0, 4.0, 2.0, 1.0, 1.0, 2.0, 3.0, 3.0, 2.0, 2.0, 5.0, 1.0, 6.0, 5.0, 6.0, 2.0, 2.0, 2.0, 2.0, 3.0, 2.0, 2.0, 6.0], [3.0, 2.0, 1.0, 2.0, 3.0, 5.0, 5.0, 2.0, 2.0, 2.0, 1.0, 2.0, 3.0, 6.0, 3.0, 2.0, 2.0, 2.0, 4.0, 2.0, 1.0, 1.0, 2.0, 3.0, 2.0, 2.0, 2.0, 6.0, 2.0, 6.0, 4.0, 6.0, 2.0, 2.0, 2.0, 2.0, 3.0, 2.0, 1.0, 6.0], [3.0, 2.0, 2.0, 2.0, 4.0, 5.0, 5.0, 2.0, 2.0, 1.0, 2.0, 2.0, 3.0, 5.0, 4.0, 2.0, 4.0, 2.0, 5.0, 2.0, 1.0, 1.0, 2.0, 3.0, 1.0, 2.0, 2.0, 6.0, 2.0, 6.0, 4.0, 6.0, 2.0, 2.0, 2.0, 2.0, 3.0, 2.0, 2.0, 6.0], [3.0, 2.0, 1.0, 2.0, 2.0, 6.0, 2.0, 2.0, 1.0, 2.0, 2.0, 2.0, 3.0, 6.0, 4.0, 2.0, 3.0, 2.0, 5.0, 2.0, 1.0, 1.0, 2.0, 3.0, 1.0, 2.0, 1.0, 6.0, 2.0, 4.0, 4.0, 4.0, 2.0, 2.0, 2.0, 2.0, 3.0, 2.0, 1.0, 6.0], [3.0, 2.0, 2.0, 2.0, 3.0, 5.0, 4.0, 2.0, 2.0, 2.0, 1.0, 2.0, 3.0, 5.0, 3.0, 2.0, 2.0, 2.0, 4.0, 2.0, 1.0, 1.0, 2.0, 3.0, 2.0, 1.0, 1.0, 5.0, 2.0, 6.0, 4.0, 6.0, 2.0, 2.0, 2.0, 2.0, 3.0, 2.0, 2.0, 6.0], [3.0, 2.0, 1.0, 2.0, 2.0, 6.0, 2.0, 2.0, 1.0, 2.0, 2.0, 2.0, 3.0, 6.0, 3.0, 2.0, 4.0, 2.0, 4.0, 2.0, 1.0, 2.0, 2.0, 3.0, 3.0, 2.0, 2.0, 5.0, 2.0, 6.0, 5.0, 4.0, 2.0, 2.0, 2.0, 2.0, 3.0, 2.0, 2.0, 6.0], [3.0, 2.0, 2.0, 2.0, 2.0, 6.0, 5.0, 2.0, 1.0, 1.0, 2.0, 2.0, 3.0, 6.0, 3.0, 2.0, 4.0, 2.0, 4.0, 2.0, 1.0, 1.0, 2.0, 3.0, 1.0, 2.0, 2.0, 6.0, 2.0, 6.0, 4.0, 4.0, 2.0, 2.0, 2.0, 2.0, 3.0, 2.0, 1.0, 6.0], [3.0, 2.0, 2.0, 2.0, 3.0, 6.0, 4.0, 2.0, 1.0, 2.0, 2.0, 2.0, 3.0, 6.0, 4.0, 2.0, 4.0, 4.0, 5.0, 4.0, 1.0, 2.0, 2.0, 3.0, 3.0, 2.0, 2.0, 6.0, 2.0, 6.0, 3.0, 4.0, 5.0, 2.0, 2.0, 2.0, 3.0, 2.0, 1.0, 6.0], [3.0, 2.0, 1.0, 2.0, 3.0, 6.0, 2.0, 2.0, 2.0, 1.0, 2.0, 2.0, 3.0, 6.0, 4.0, 2.0, 4.0, 2.0, 5.0, 2.0, 1.0, 2.0, 2.0, 3.0, 3.0, 2.0, 1.0, 5.0, 2.0, 6.0, 4.0, 4.0, 2.0, 2.0, 2.0, 2.0, 3.0, 2.0, 1.0, 6.0], [3.0, 2.0, 1.0, 2.0, 4.0, 6.0, 5.0, 2.0, 2.0, 2.0, 2.0, 2.0, 3.0, 5.0, 4.0, 2.0, 2.0, 2.0, 4.0, 2.0, 1.0, 2.0, 2.0, 3.0, 3.0, 2.0, 2.0, 5.0, 2.0, 6.0, 4.0, 4.0, 2.0, 2.0, 2.0, 2.0, 3.0, 2.0, 2.0, 6.0], [3.0, 2.0, 2.0, 2.0, 2.0, 6.0, 5.0, 2.0, 1.0, 2.0, 2.0, 2.0, 3.0, 5.0, 4.0, 2.0, 3.0, 2.0, 2.0, 2.0, 1.0, 2.0, 2.0, 3.0, 3.0, 2.0, 2.0, 6.0, 2.0, 6.0, 4.0, 6.0, 2.0, 2.0, 2.0, 2.0, 3.0, 2.0, 1.0, 6.0], [3.0, 3.0, 2.0, 2.0, 2.0, 6.0, 5.0, 3.0, 1.0, 2.0, 2.0, 2.0, 3.0, 6.0, 3.0, 2.0, 3.0, 2.0, 5.0, 2.0, 1.0, 1.0, 2.0, 2.0, 3.0, 2.0, 1.0, 6.0, 2.0, 6.0, 4.0, 4.0, 2.0, 2.0, 2.0, 2.0, 3.0, 2.0, 2.0, 6.0], [3.0, 2.0, 1.0, 2.0, 1.0, 6.0, 5.0, 3.0, 1.0, 2.0, 2.0, 2.0, 3.0, 5.0, 3.0, 2.0, 4.0, 2.0, 5.0, 2.0, 2.0, 2.0, 2.0, 3.0, 2.0, 2.0, 1.0, 5.0, 2.0, 6.0, 5.0, 4.0, 2.0, 1.0, 2.0, 2.0, 3.0, 2.0, 1.0, 6.0], [3.0, 1.0, 1.0, 2.0, 3.0, 6.0, 5.0, 2.0, 1.0, 2.0, 2.0, 2.0, 3.0, 6.0, 3.0, 2.0, 4.0, 2.0, 5.0, 4.0, 1.0, 2.0, 2.0, 3.0, 1.0, 1.0, 2.0, 6.0, 2.0, 6.0, 3.0, 4.0, 2.0, 1.0, 2.0, 2.0, 3.0, 2.0, 1.0, 6.0], [3.0, 2.0, 1.0, 2.0, 3.0, 5.0, 5.0, 2.0, 1.0, 1.0, 1.0, 2.0, 3.0, 6.0, 4.0, 2.0, 4.0, 2.0, 4.0, 2.0, 1.0, 2.0, 2.0, 3.0, 3.0, 2.0, 2.0, 6.0, 2.0, 6.0, 4.0, 4.0, 2.0, 2.0, 2.0, 2.0, 3.0, 2.0, 1.0, 6.0], [3.0, 2.0, 2.0, 2.0, 3.0, 6.0, 3.0, 2.0, 1.0, 1.0, 2.0, 2.0, 3.0, 2.0, 4.0, 2.0, 4.0, 2.0, 5.0, 2.0, 1.0, 1.0, 2.0, 3.0, 1.0, 1.0, 2.0, 5.0, 2.0, 6.0, 4.0, 4.0, 2.0, 1.0, 2.0, 2.0, 2.0, 2.0, 1.0, 6.0], [3.0, 2.0, 2.0, 2.0, 2.0, 5.0, 5.0, 2.0, 1.0, 1.0, 2.0, 2.0, 3.0, 4.0, 4.0, 2.0, 4.0, 2.0, 4.0, 2.0, 1.0, 1.0, 2.0, 3.0, 1.0, 1.0, 2.0, 5.0, 2.0, 6.0, 4.0, 4.0, 2.0, 1.0, 2.0, 2.0, 3.0, 2.0, 1.0, 6.0], [3.0, 2.0, 2.0, 2.0, 2.0, 6.0, 4.0, 2.0, 2.0, 1.0, 1.0, 2.0, 3.0, 4.0, 3.0, 2.0, 4.0, 2.0, 5.0, 2.0, 1.0, 2.0, 2.0, 3.0, 3.0, 2.0, 2.0, 6.0, 2.0, 6.0, 4.0, 4.0, 2.0, 2.0, 2.0, 2.0, 2.0, 2.0, 1.0, 6.0], [3.0, 2.0, 2.0, 2.0, 3.0, 6.0, 5.0, 2.0, 2.0, 2.0, 1.0, 2.0, 3.0, 6.0, 3.0, 2.0, 2.0, 2.0, 4.0, 2.0, 1.0, 2.0, 2.0, 3.0, 3.0, 2.0, 1.0, 6.0, 2.0, 6.0, 4.0, 4.0, 2.0, 1.0, 2.0, 2.0, 3.0, 2.0, 1.0, 6.0], [3.0, 2.0, 1.0, 2.0, 1.0, 6.0, 4.0, 2.0, 2.0, 1.0, 1.0, 4.0, 3.0, 5.0, 3.0, 2.0, 4.0, 2.0, 5.0, 2.0, 1.0, 1.0, 2.0, 3.0, 3.0, 2.0, 1.0, 6.0, 2.0, 6.0, 4.0, 6.0, 2.0, 2.0, 2.0, 2.0, 3.0, 2.0, 1.0, 6.0], [3.0, 2.0, 1.0, 2.0, 3.0, 6.0, 4.0, 2.0, 2.0, 1.0, 2.0, 2.0, 3.0, 4.0, 4.0, 2.0, 2.0, 2.0, 4.0, 2.0, 1.0, 2.0, 3.0, 3.0, 2.0, 2.0, 2.0, 6.0, 2.0, 6.0, 3.0, 4.0, 2.0, 2.0, 2.0, 2.0, 3.0, 2.0, 1.0, 6.0], [3.0, 2.0, 2.0, 2.0, 3.0, 6.0, 5.0, 2.0, 2.0, 1.0, 1.0, 2.0, 3.0, 5.0, 4.0, 2.0, 4.0, 2.0, 5.0, 2.0, 2.0, 2.0, 2.0, 3.0, 3.0, 2.0, 2.0, 5.0, 2.0, 6.0, 4.0, 4.0, 2.0, 1.0, 2.0, 2.0, 3.0, 2.0, 2.0, 6.0], [3.0, 2.0, 1.0, 2.0, 3.0, 6.0, 2.0, 2.0, 2.0, 1.0, 2.0, 2.0, 3.0, 5.0, 4.0, 2.0, 4.0, 2.0, 5.0, 2.0, 1.0, 1.0, 2.0, 3.0, 3.0, 2.0, 2.0, 6.0, 2.0, 6.0, 5.0, 6.0, 2.0, 2.0, 2.0, 2.0, 3.0, 2.0, 1.0, 6.0], [3.0, 2.0, 1.0, 2.0, 3.0, 6.0, 2.0, 3.0, 1.0, 2.0, 2.0, 2.0, 3.0, 6.0, 3.0, 2.0, 4.0, 2.0, 5.0, 2.0, 1.0, 2.0, 2.0, 3.0, 1.0, 2.0, 1.0, 5.0, 2.0, 4.0, 4.0, 4.0, 2.0, 2.0, 2.0, 2.0, 3.0, 2.0, 2.0, 5.0], [3.0, 2.0, 1.0, 2.0, 2.0, 6.0, 5.0, 2.0, 1.0, 2.0, 2.0, 2.0, 3.0, 3.0, 3.0, 2.0, 4.0, 2.0, 5.0, 2.0, 1.0, 2.0, 2.0, 5.0, 2.0, 2.0, 2.0, 6.0, 2.0, 6.0, 4.0, 4.0, 2.0, 1.0, 2.0, 2.0, 3.0, 2.0, 1.0, 6.0], [3.0, 2.0, 1.0, 2.0, 2.0, 6.0, 3.0, 2.0, 1.0, 2.0, 2.0, 2.0, 3.0, 6.0, 3.0, 2.0, 3.0, 2.0, 5.0, 2.0, 2.0, 2.0, 2.0, 3.0, 3.0, 2.0, 2.0, 5.0, 2.0, 6.0, 5.0, 4.0, 2.0, 1.0, 2.0, 2.0, 3.0, 2.0, 1.0, 6.0], [3.0, 3.0, 2.0, 2.0, 3.0, 6.0, 5.0, 4.0, 1.0, 1.0, 1.0, 2.0, 3.0, 4.0, 3.0, 2.0, 4.0, 2.0, 5.0, 2.0, 1.0, 2.0, 2.0, 3.0, 1.0, 2.0, 2.0, 5.0, 2.0, 6.0, 4.0, 4.0, 5.0, 1.0, 2.0, 2.0, 3.0, 2.0, 1.0, 6.0]]

