first layer check: Conv2d(6, 64, kernel_size=(7, 7), stride=(2, 2), padding=(3, 3), bias=False)

target ys
[1.0, 6.0, 4.0, 2.0, 2.0, 4.0, 2.0, 3.0, 2.0, 3.0, 6.0, 2.0, 6.0, 1.0, 2.0, 2.0, 2.0, 2.0, 5.0, 2.0, 6.0, 2.0, 5.0, 6.0, 5.0, 3.0, 5.0, 6.0, 3.0, 2.0, 1.0, 4.0, 6.0, 6.0, 2.0, 6.0, 2.0, 3.0, 5.0, 4.0, 6.0, 4.0]

for model 0: mode acc: 0.523809552192688, run mean acc: 0.4975000023841858, top-2 acc:0.7604167461395264, mode f1: 0.523809552192688

model 0 mode preds
[2.0, 6.0, 6.0, 2.0, 1.0, 6.0, 2.0, 4.0, 2.0, 2.0, 2.0, 2.0, 5.0, 2.0, 2.0, 2.0, 1.0, 2.0, 6.0, 2.0, 6.0, 2.0, 3.0, 6.0, 5.0, 2.0, 6.0, 6.0, 2.0, 2.0, 2.0, 5.0, 6.0, 6.0, 2.0, 6.0, 2.0, 2.0, 4.0, 2.0, 6.0, 4.0]

model 0 all preds
[[2.0, 6.0, 6.0, 2.0, 1.0, 6.0, 2.0, 5.0, 2.0, 2.0, 4.0, 2.0, 5.0, 1.0, 2.0, 2.0, 1.0, 2.0, 3.0, 2.0, 6.0, 2.0, 3.0, 6.0, 3.0, 2.0, 4.0, 6.0, 2.0, 2.0, 2.0, 5.0, 3.0, 5.0, 2.0, 5.0, 2.0, 2.0, 3.0, 3.0, 6.0, 4.0], [2.0, 6.0, 6.0, 2.0, 1.0, 4.0, 2.0, 4.0, 2.0, 2.0, 3.0, 2.0, 5.0, 1.0, 2.0, 2.0, 1.0, 2.0, 6.0, 2.0, 6.0, 2.0, 4.0, 6.0, 3.0, 2.0, 4.0, 6.0, 2.0, 2.0, 2.0, 5.0, 6.0, 4.0, 2.0, 3.0, 2.0, 3.0, 5.0, 3.0, 5.0, 3.0], [2.0, 6.0, 6.0, 2.0, 1.0, 5.0, 2.0, 4.0, 1.0, 2.0, 3.0, 2.0, 5.0, 2.0, 2.0, 2.0, 1.0, 2.0, 6.0, 2.0, 6.0, 2.0, 3.0, 6.0, 5.0, 2.0, 4.0, 6.0, 2.0, 2.0, 2.0, 5.0, 3.0, 4.0, 2.0, 5.0, 2.0, 2.0, 4.0, 2.0, 5.0, 3.0], [2.0, 6.0, 6.0, 2.0, 1.0, 3.0, 2.0, 4.0, 1.0, 2.0, 3.0, 2.0, 4.0, 2.0, 2.0, 2.0, 1.0, 2.0, 5.0, 2.0, 6.0, 2.0, 3.0, 5.0, 5.0, 2.0, 3.0, 3.0, 2.0, 2.0, 2.0, 5.0, 6.0, 6.0, 2.0, 6.0, 2.0, 2.0, 4.0, 2.0, 5.0, 4.0], [2.0, 4.0, 6.0, 2.0, 1.0, 6.0, 2.0, 5.0, 2.0, 2.0, 2.0, 2.0, 5.0, 2.0, 2.0, 2.0, 1.0, 2.0, 6.0, 2.0, 6.0, 2.0, 4.0, 5.0, 3.0, 2.0, 6.0, 6.0, 2.0, 2.0, 2.0, 5.0, 6.0, 3.0, 2.0, 6.0, 2.0, 3.0, 4.0, 2.0, 3.0, 3.0], [1.0, 6.0, 6.0, 2.0, 1.0, 3.0, 2.0, 4.0, 2.0, 2.0, 3.0, 2.0, 5.0, 2.0, 2.0, 2.0, 1.0, 1.0, 6.0, 2.0, 6.0, 2.0, 3.0, 6.0, 5.0, 2.0, 6.0, 6.0, 2.0, 2.0, 2.0, 5.0, 6.0, 6.0, 2.0, 6.0, 2.0, 2.0, 3.0, 2.0, 6.0, 4.0], [2.0, 6.0, 5.0, 2.0, 1.0, 6.0, 2.0, 5.0, 2.0, 2.0, 2.0, 2.0, 5.0, 2.0, 2.0, 2.0, 1.0, 1.0, 6.0, 2.0, 6.0, 2.0, 3.0, 6.0, 6.0, 2.0, 3.0, 3.0, 2.0, 2.0, 2.0, 6.0, 6.0, 6.0, 2.0, 5.0, 2.0, 3.0, 4.0, 2.0, 6.0, 4.0], [1.0, 6.0, 6.0, 2.0, 1.0, 6.0, 2.0, 4.0, 2.0, 2.0, 3.0, 2.0, 5.0, 2.0, 2.0, 2.0, 1.0, 2.0, 6.0, 2.0, 6.0, 2.0, 3.0, 6.0, 6.0, 2.0, 4.0, 3.0, 2.0, 2.0, 2.0, 6.0, 6.0, 4.0, 2.0, 5.0, 2.0, 2.0, 4.0, 4.0, 6.0, 4.0], [2.0, 6.0, 3.0, 2.0, 1.0, 3.0, 2.0, 5.0, 2.0, 2.0, 2.0, 1.0, 6.0, 2.0, 2.0, 2.0, 1.0, 2.0, 6.0, 2.0, 6.0, 2.0, 3.0, 4.0, 5.0, 2.0, 6.0, 6.0, 2.0, 2.0, 2.0, 5.0, 6.0, 6.0, 2.0, 5.0, 2.0, 2.0, 4.0, 5.0, 6.0, 4.0], [1.0, 6.0, 6.0, 2.0, 1.0, 6.0, 2.0, 4.0, 2.0, 2.0, 2.0, 2.0, 3.0, 1.0, 2.0, 2.0, 2.0, 1.0, 3.0, 2.0, 6.0, 2.0, 3.0, 6.0, 3.0, 2.0, 4.0, 6.0, 2.0, 2.0, 2.0, 6.0, 6.0, 6.0, 2.0, 3.0, 2.0, 2.0, 3.0, 2.0, 6.0, 4.0], [1.0, 6.0, 6.0, 2.0, 1.0, 6.0, 2.0, 4.0, 2.0, 2.0, 3.0, 2.0, 5.0, 2.0, 2.0, 2.0, 1.0, 2.0, 6.0, 2.0, 6.0, 2.0, 3.0, 5.0, 6.0, 2.0, 4.0, 6.0, 1.0, 2.0, 1.0, 3.0, 3.0, 6.0, 2.0, 6.0, 2.0, 2.0, 5.0, 2.0, 6.0, 4.0], [2.0, 6.0, 5.0, 2.0, 1.0, 3.0, 2.0, 4.0, 2.0, 2.0, 3.0, 2.0, 5.0, 2.0, 2.0, 2.0, 2.0, 2.0, 6.0, 2.0, 6.0, 2.0, 3.0, 6.0, 5.0, 2.0, 4.0, 3.0, 2.0, 2.0, 1.0, 3.0, 6.0, 3.0, 2.0, 6.0, 2.0, 2.0, 5.0, 3.0, 6.0, 4.0], [1.0, 6.0, 6.0, 2.0, 1.0, 6.0, 2.0, 4.0, 1.0, 2.0, 2.0, 2.0, 5.0, 2.0, 2.0, 2.0, 1.0, 1.0, 6.0, 2.0, 6.0, 2.0, 3.0, 6.0, 5.0, 2.0, 4.0, 6.0, 2.0, 2.0, 1.0, 5.0, 6.0, 3.0, 2.0, 6.0, 2.0, 3.0, 3.0, 4.0, 6.0, 3.0], [1.0, 6.0, 6.0, 2.0, 1.0, 6.0, 2.0, 5.0, 2.0, 2.0, 2.0, 2.0, 5.0, 2.0, 2.0, 2.0, 2.0, 2.0, 6.0, 2.0, 4.0, 2.0, 3.0, 6.0, 5.0, 2.0, 6.0, 6.0, 2.0, 2.0, 2.0, 5.0, 6.0, 5.0, 2.0, 6.0, 2.0, 2.0, 3.0, 2.0, 6.0, 3.0], [1.0, 6.0, 6.0, 2.0, 1.0, 6.0, 2.0, 5.0, 2.0, 2.0, 3.0, 2.0, 5.0, 1.0, 2.0, 2.0, 1.0, 2.0, 6.0, 2.0, 6.0, 2.0, 3.0, 6.0, 5.0, 2.0, 6.0, 6.0, 2.0, 2.0, 2.0, 6.0, 6.0, 6.0, 2.0, 3.0, 2.0, 2.0, 4.0, 4.0, 3.0, 4.0], [2.0, 6.0, 6.0, 2.0, 1.0, 6.0, 2.0, 3.0, 2.0, 2.0, 3.0, 2.0, 5.0, 1.0, 2.0, 2.0, 1.0, 2.0, 6.0, 2.0, 6.0, 2.0, 3.0, 6.0, 5.0, 2.0, 6.0, 3.0, 2.0, 2.0, 2.0, 2.0, 6.0, 6.0, 2.0, 5.0, 2.0, 2.0, 3.0, 3.0, 5.0, 3.0], [2.0, 6.0, 3.0, 2.0, 1.0, 6.0, 2.0, 4.0, 2.0, 2.0, 4.0, 2.0, 5.0, 1.0, 2.0, 2.0, 1.0, 2.0, 6.0, 2.0, 6.0, 2.0, 3.0, 4.0, 6.0, 2.0, 6.0, 3.0, 2.0, 2.0, 2.0, 5.0, 5.0, 4.0, 2.0, 6.0, 2.0, 2.0, 3.0, 2.0, 5.0, 3.0], [2.0, 3.0, 6.0, 2.0, 1.0, 4.0, 2.0, 3.0, 2.0, 2.0, 3.0, 2.0, 6.0, 1.0, 2.0, 2.0, 1.0, 2.0, 6.0, 2.0, 6.0, 2.0, 3.0, 6.0, 6.0, 2.0, 6.0, 6.0, 2.0, 2.0, 2.0, 5.0, 6.0, 6.0, 2.0, 3.0, 2.0, 2.0, 5.0, 2.0, 5.0, 4.0], [1.0, 3.0, 3.0, 2.0, 1.0, 6.0, 2.0, 5.0, 3.0, 2.0, 2.0, 1.0, 5.0, 2.0, 2.0, 2.0, 2.0, 2.0, 6.0, 2.0, 6.0, 2.0, 3.0, 6.0, 3.0, 2.0, 6.0, 3.0, 2.0, 2.0, 2.0, 4.0, 6.0, 6.0, 2.0, 6.0, 2.0, 3.0, 3.0, 2.0, 6.0, 3.0], [2.0, 6.0, 6.0, 2.0, 1.0, 6.0, 2.0, 5.0, 2.0, 2.0, 3.0, 2.0, 5.0, 2.0, 2.0, 2.0, 2.0, 2.0, 6.0, 2.0, 5.0, 2.0, 2.0, 4.0, 5.0, 2.0, 6.0, 3.0, 2.0, 2.0, 2.0, 6.0, 6.0, 6.0, 2.0, 3.0, 2.0, 2.0, 4.0, 3.0, 5.0, 4.0], [2.0, 6.0, 3.0, 2.0, 1.0, 6.0, 2.0, 4.0, 2.0, 2.0, 3.0, 2.0, 5.0, 2.0, 2.0, 2.0, 1.0, 2.0, 5.0, 2.0, 6.0, 2.0, 3.0, 6.0, 5.0, 2.0, 4.0, 6.0, 2.0, 2.0, 2.0, 3.0, 4.0, 4.0, 2.0, 6.0, 2.0, 2.0, 5.0, 3.0, 3.0, 4.0], [1.0, 5.0, 6.0, 2.0, 1.0, 6.0, 2.0, 4.0, 3.0, 2.0, 4.0, 2.0, 5.0, 2.0, 2.0, 2.0, 2.0, 2.0, 6.0, 2.0, 6.0, 2.0, 3.0, 6.0, 5.0, 2.0, 6.0, 6.0, 2.0, 2.0, 1.0, 5.0, 6.0, 6.0, 2.0, 3.0, 2.0, 2.0, 4.0, 5.0, 6.0, 3.0], [1.0, 3.0, 6.0, 2.0, 1.0, 6.0, 2.0, 4.0, 2.0, 2.0, 4.0, 2.0, 5.0, 1.0, 2.0, 2.0, 2.0, 2.0, 3.0, 2.0, 6.0, 2.0, 3.0, 6.0, 5.0, 2.0, 6.0, 6.0, 2.0, 2.0, 2.0, 5.0, 6.0, 4.0, 2.0, 5.0, 2.0, 3.0, 3.0, 2.0, 5.0, 4.0], [2.0, 6.0, 3.0, 2.0, 1.0, 4.0, 2.0, 4.0, 2.0, 2.0, 4.0, 2.0, 5.0, 2.0, 2.0, 2.0, 1.0, 2.0, 3.0, 2.0, 6.0, 2.0, 3.0, 6.0, 5.0, 2.0, 5.0, 6.0, 2.0, 2.0, 2.0, 3.0, 6.0, 6.0, 2.0, 6.0, 2.0, 3.0, 5.0, 2.0, 6.0, 4.0], [2.0, 5.0, 6.0, 2.0, 1.0, 6.0, 2.0, 2.0, 2.0, 2.0, 2.0, 2.0, 5.0, 2.0, 2.0, 2.0, 1.0, 2.0, 6.0, 2.0, 6.0, 2.0, 3.0, 6.0, 5.0, 2.0, 6.0, 3.0, 1.0, 2.0, 2.0, 5.0, 6.0, 4.0, 2.0, 3.0, 2.0, 3.0, 4.0, 4.0, 5.0, 3.0], [2.0, 6.0, 6.0, 2.0, 1.0, 6.0, 2.0, 2.0, 2.0, 2.0, 2.0, 2.0, 5.0, 1.0, 2.0, 2.0, 1.0, 1.0, 6.0, 2.0, 6.0, 2.0, 3.0, 6.0, 3.0, 2.0, 6.0, 6.0, 2.0, 2.0, 2.0, 5.0, 6.0, 6.0, 2.0, 6.0, 2.0, 2.0, 3.0, 2.0, 6.0, 4.0], [1.0, 3.0, 6.0, 2.0, 1.0, 5.0, 2.0, 5.0, 2.0, 2.0, 2.0, 2.0, 5.0, 1.0, 2.0, 2.0, 2.0, 2.0, 3.0, 2.0, 6.0, 2.0, 3.0, 6.0, 5.0, 2.0, 4.0, 6.0, 2.0, 2.0, 2.0, 4.0, 6.0, 4.0, 2.0, 6.0, 2.0, 2.0, 3.0, 2.0, 6.0, 3.0], [2.0, 6.0, 3.0, 2.0, 1.0, 4.0, 2.0, 5.0, 2.0, 2.0, 3.0, 2.0, 5.0, 2.0, 2.0, 2.0, 1.0, 2.0, 6.0, 2.0, 6.0, 2.0, 3.0, 6.0, 5.0, 2.0, 6.0, 6.0, 2.0, 2.0, 2.0, 5.0, 6.0, 6.0, 2.0, 6.0, 2.0, 3.0, 3.0, 5.0, 5.0, 4.0], [1.0, 6.0, 3.0, 2.0, 1.0, 4.0, 2.0, 5.0, 2.0, 2.0, 3.0, 2.0, 5.0, 2.0, 2.0, 2.0, 2.0, 2.0, 6.0, 2.0, 6.0, 2.0, 3.0, 6.0, 6.0, 2.0, 3.0, 6.0, 2.0, 2.0, 2.0, 5.0, 6.0, 4.0, 2.0, 3.0, 2.0, 3.0, 4.0, 2.0, 3.0, 4.0], [2.0, 3.0, 3.0, 2.0, 1.0, 6.0, 2.0, 4.0, 2.0, 2.0, 3.0, 1.0, 5.0, 2.0, 2.0, 2.0, 1.0, 2.0, 6.0, 2.0, 6.0, 2.0, 3.0, 6.0, 5.0, 2.0, 4.0, 3.0, 2.0, 2.0, 2.0, 5.0, 6.0, 6.0, 2.0, 6.0, 2.0, 2.0, 4.0, 4.0, 6.0, 4.0], [2.0, 3.0, 6.0, 2.0, 1.0, 6.0, 2.0, 4.0, 2.0, 2.0, 3.0, 2.0, 5.0, 1.0, 2.0, 2.0, 1.0, 2.0, 6.0, 2.0, 6.0, 2.0, 3.0, 6.0, 5.0, 2.0, 6.0, 6.0, 2.0, 2.0, 2.0, 6.0, 6.0, 5.0, 2.0, 6.0, 2.0, 3.0, 5.0, 3.0, 6.0, 4.0], [1.0, 6.0, 5.0, 2.0, 1.0, 6.0, 2.0, 4.0, 2.0, 2.0, 2.0, 2.0, 5.0, 2.0, 2.0, 2.0, 1.0, 1.0, 6.0, 2.0, 6.0, 2.0, 3.0, 6.0, 5.0, 2.0, 6.0, 6.0, 2.0, 2.0, 2.0, 5.0, 6.0, 6.0, 2.0, 6.0, 2.0, 2.0, 4.0, 3.0, 6.0, 4.0], [1.0, 6.0, 3.0, 2.0, 1.0, 6.0, 2.0, 5.0, 3.0, 2.0, 2.0, 2.0, 5.0, 2.0, 2.0, 2.0, 1.0, 2.0, 6.0, 2.0, 6.0, 2.0, 3.0, 6.0, 5.0, 2.0, 6.0, 3.0, 2.0, 2.0, 2.0, 4.0, 6.0, 6.0, 2.0, 6.0, 2.0, 2.0, 4.0, 3.0, 6.0, 3.0], [2.0, 6.0, 6.0, 2.0, 1.0, 4.0, 2.0, 4.0, 3.0, 2.0, 2.0, 2.0, 5.0, 2.0, 2.0, 2.0, 1.0, 2.0, 6.0, 2.0, 6.0, 2.0, 3.0, 6.0, 5.0, 2.0, 4.0, 6.0, 2.0, 2.0, 2.0, 5.0, 5.0, 6.0, 2.0, 6.0, 2.0, 3.0, 4.0, 2.0, 5.0, 4.0], [2.0, 6.0, 6.0, 2.0, 1.0, 6.0, 2.0, 4.0, 2.0, 2.0, 3.0, 2.0, 5.0, 2.0, 2.0, 2.0, 1.0, 2.0, 6.0, 2.0, 6.0, 2.0, 3.0, 4.0, 5.0, 2.0, 4.0, 2.0, 2.0, 2.0, 2.0, 5.0, 6.0, 6.0, 2.0, 6.0, 2.0, 2.0, 3.0, 3.0, 6.0, 4.0], [2.0, 6.0, 6.0, 2.0, 1.0, 4.0, 2.0, 4.0, 3.0, 2.0, 2.0, 2.0, 5.0, 2.0, 2.0, 2.0, 1.0, 2.0, 6.0, 2.0, 6.0, 2.0, 3.0, 6.0, 6.0, 2.0, 6.0, 6.0, 2.0, 2.0, 1.0, 6.0, 5.0, 6.0, 2.0, 5.0, 2.0, 2.0, 4.0, 3.0, 5.0, 4.0], [2.0, 6.0, 6.0, 2.0, 1.0, 6.0, 2.0, 5.0, 2.0, 2.0, 4.0, 2.0, 5.0, 1.0, 2.0, 2.0, 2.0, 2.0, 5.0, 2.0, 6.0, 2.0, 3.0, 6.0, 3.0, 2.0, 4.0, 3.0, 2.0, 2.0, 2.0, 5.0, 6.0, 4.0, 2.0, 5.0, 2.0, 2.0, 4.0, 5.0, 5.0, 4.0], [1.0, 6.0, 6.0, 2.0, 1.0, 3.0, 2.0, 4.0, 2.0, 2.0, 2.0, 2.0, 5.0, 2.0, 2.0, 2.0, 2.0, 1.0, 3.0, 2.0, 6.0, 2.0, 3.0, 6.0, 5.0, 2.0, 6.0, 6.0, 2.0, 2.0, 2.0, 6.0, 6.0, 6.0, 2.0, 6.0, 2.0, 3.0, 3.0, 4.0, 6.0, 4.0], [1.0, 6.0, 5.0, 2.0, 1.0, 6.0, 2.0, 5.0, 2.0, 2.0, 3.0, 2.0, 5.0, 2.0, 2.0, 2.0, 1.0, 1.0, 6.0, 2.0, 6.0, 2.0, 3.0, 6.0, 6.0, 2.0, 6.0, 3.0, 2.0, 2.0, 2.0, 6.0, 6.0, 6.0, 2.0, 6.0, 2.0, 3.0, 4.0, 2.0, 5.0, 4.0], [1.0, 6.0, 3.0, 2.0, 1.0, 6.0, 2.0, 3.0, 2.0, 2.0, 2.0, 2.0, 5.0, 2.0, 2.0, 2.0, 2.0, 2.0, 3.0, 2.0, 6.0, 2.0, 3.0, 6.0, 3.0, 2.0, 6.0, 6.0, 2.0, 2.0, 2.0, 6.0, 6.0, 4.0, 2.0, 6.0, 2.0, 3.0, 4.0, 4.0, 5.0, 4.0], [2.0, 6.0, 6.0, 2.0, 1.0, 6.0, 2.0, 2.0, 2.0, 2.0, 2.0, 2.0, 5.0, 2.0, 2.0, 2.0, 1.0, 2.0, 6.0, 2.0, 6.0, 2.0, 3.0, 6.0, 5.0, 2.0, 6.0, 6.0, 2.0, 2.0, 2.0, 4.0, 6.0, 4.0, 2.0, 6.0, 2.0, 2.0, 3.0, 5.0, 6.0, 4.0], [1.0, 6.0, 5.0, 2.0, 1.0, 3.0, 2.0, 5.0, 2.0, 2.0, 3.0, 2.0, 4.0, 1.0, 2.0, 2.0, 1.0, 2.0, 6.0, 2.0, 6.0, 2.0, 3.0, 5.0, 5.0, 2.0, 6.0, 6.0, 1.0, 2.0, 2.0, 3.0, 6.0, 4.0, 2.0, 6.0, 2.0, 2.0, 3.0, 3.0, 6.0, 4.0], [2.0, 5.0, 6.0, 2.0, 1.0, 3.0, 2.0, 4.0, 2.0, 2.0, 2.0, 2.0, 3.0, 1.0, 2.0, 2.0, 1.0, 2.0, 3.0, 2.0, 6.0, 2.0, 3.0, 6.0, 3.0, 2.0, 6.0, 6.0, 2.0, 2.0, 2.0, 6.0, 6.0, 4.0, 2.0, 6.0, 2.0, 3.0, 5.0, 2.0, 5.0, 4.0], [2.0, 6.0, 5.0, 2.0, 1.0, 6.0, 2.0, 5.0, 2.0, 2.0, 2.0, 2.0, 5.0, 2.0, 2.0, 2.0, 2.0, 2.0, 6.0, 2.0, 6.0, 2.0, 3.0, 6.0, 5.0, 2.0, 4.0, 3.0, 2.0, 2.0, 2.0, 5.0, 6.0, 6.0, 2.0, 6.0, 2.0, 3.0, 4.0, 2.0, 6.0, 4.0], [1.0, 6.0, 4.0, 2.0, 1.0, 4.0, 2.0, 4.0, 2.0, 2.0, 3.0, 1.0, 5.0, 2.0, 2.0, 2.0, 1.0, 2.0, 6.0, 2.0, 6.0, 2.0, 3.0, 6.0, 5.0, 2.0, 6.0, 6.0, 2.0, 2.0, 2.0, 3.0, 6.0, 6.0, 2.0, 6.0, 2.0, 2.0, 5.0, 2.0, 6.0, 3.0], [1.0, 6.0, 6.0, 2.0, 1.0, 6.0, 2.0, 2.0, 3.0, 2.0, 2.0, 2.0, 5.0, 1.0, 2.0, 2.0, 1.0, 2.0, 6.0, 2.0, 6.0, 2.0, 3.0, 4.0, 5.0, 2.0, 6.0, 6.0, 2.0, 2.0, 2.0, 5.0, 4.0, 3.0, 2.0, 5.0, 2.0, 3.0, 5.0, 2.0, 6.0, 4.0], [2.0, 6.0, 6.0, 2.0, 1.0, 4.0, 2.0, 4.0, 3.0, 2.0, 3.0, 2.0, 5.0, 2.0, 2.0, 2.0, 2.0, 1.0, 6.0, 2.0, 6.0, 2.0, 3.0, 4.0, 6.0, 2.0, 4.0, 6.0, 2.0, 2.0, 2.0, 5.0, 6.0, 4.0, 2.0, 5.0, 2.0, 2.0, 4.0, 2.0, 6.0, 4.0], [2.0, 6.0, 6.0, 2.0, 1.0, 6.0, 2.0, 3.0, 2.0, 2.0, 3.0, 2.0, 5.0, 2.0, 2.0, 2.0, 1.0, 2.0, 3.0, 2.0, 6.0, 2.0, 3.0, 6.0, 3.0, 2.0, 5.0, 6.0, 2.0, 2.0, 2.0, 3.0, 6.0, 6.0, 2.0, 6.0, 2.0, 2.0, 4.0, 2.0, 5.0, 4.0], [2.0, 3.0, 6.0, 2.0, 1.0, 6.0, 2.0, 4.0, 3.0, 2.0, 2.0, 2.0, 5.0, 1.0, 2.0, 2.0, 1.0, 1.0, 6.0, 2.0, 6.0, 2.0, 3.0, 4.0, 5.0, 2.0, 6.0, 6.0, 2.0, 2.0, 2.0, 5.0, 6.0, 4.0, 2.0, 6.0, 2.0, 3.0, 3.0, 2.0, 5.0, 4.0], [2.0, 4.0, 6.0, 2.0, 1.0, 6.0, 2.0, 4.0, 2.0, 2.0, 2.0, 2.0, 3.0, 2.0, 2.0, 2.0, 1.0, 2.0, 6.0, 2.0, 6.0, 2.0, 3.0, 4.0, 6.0, 2.0, 6.0, 3.0, 2.0, 2.0, 2.0, 6.0, 6.0, 6.0, 2.0, 5.0, 2.0, 2.0, 4.0, 4.0, 6.0, 3.0]]

first layer check: Conv2d(6, 64, kernel_size=(7, 7), stride=(2, 2), padding=(3, 3), bias=False)

for model 1: mode acc: 0.4761904776096344, run mean acc: 0.45666664838790894, top-2 acc:0.7024999856948853, mode f1: 0.4761904776096344

model 1 mode preds
[2.0, 5.0, 6.0, 2.0, 1.0, 3.0, 2.0, 3.0, 2.0, 3.0, 3.0, 2.0, 5.0, 2.0, 2.0, 2.0, 2.0, 1.0, 3.0, 1.0, 6.0, 2.0, 3.0, 5.0, 5.0, 2.0, 6.0, 6.0, 2.0, 2.0, 2.0, 5.0, 6.0, 6.0, 2.0, 5.0, 2.0, 3.0, 3.0, 3.0, 5.0, 4.0]

model 1 all preds
[[1.0, 5.0, 6.0, 2.0, 1.0, 5.0, 2.0, 3.0, 3.0, 2.0, 3.0, 2.0, 5.0, 1.0, 3.0, 3.0, 2.0, 1.0, 3.0, 2.0, 6.0, 2.0, 3.0, 5.0, 5.0, 2.0, 6.0, 3.0, 2.0, 2.0, 2.0, 5.0, 6.0, 3.0, 2.0, 6.0, 2.0, 3.0, 4.0, 3.0, 5.0, 3.0], [1.0, 5.0, 6.0, 2.0, 1.0, 5.0, 2.0, 3.0, 3.0, 2.0, 3.0, 2.0, 3.0, 1.0, 3.0, 2.0, 2.0, 2.0, 5.0, 1.0, 6.0, 2.0, 3.0, 5.0, 5.0, 2.0, 6.0, 3.0, 2.0, 2.0, 2.0, 5.0, 5.0, 6.0, 2.0, 5.0, 2.0, 3.0, 5.0, 3.0, 5.0, 4.0], [2.0, 3.0, 6.0, 2.0, 1.0, 5.0, 2.0, 3.0, 3.0, 3.0, 3.0, 0.0, 3.0, 1.0, 2.0, 3.0, 2.0, 1.0, 3.0, 1.0, 6.0, 2.0, 3.0, 5.0, 3.0, 2.0, 6.0, 6.0, 2.0, 2.0, 0.0, 3.0, 6.0, 6.0, 2.0, 5.0, 2.0, 3.0, 3.0, 5.0, 5.0, 3.0], [1.0, 6.0, 6.0, 2.0, 1.0, 3.0, 2.0, 3.0, 2.0, 3.0, 3.0, 2.0, 5.0, 2.0, 3.0, 2.0, 2.0, 1.0, 3.0, 1.0, 6.0, 2.0, 3.0, 5.0, 3.0, 3.0, 6.0, 6.0, 2.0, 2.0, 2.0, 5.0, 6.0, 6.0, 2.0, 6.0, 3.0, 3.0, 4.0, 5.0, 5.0, 4.0], [1.0, 5.0, 6.0, 2.0, 1.0, 6.0, 2.0, 3.0, 3.0, 2.0, 3.0, 2.0, 5.0, 2.0, 2.0, 3.0, 2.0, 2.0, 5.0, 1.0, 6.0, 2.0, 3.0, 5.0, 3.0, 2.0, 6.0, 3.0, 2.0, 2.0, 0.0, 3.0, 5.0, 6.0, 2.0, 5.0, 2.0, 3.0, 5.0, 3.0, 5.0, 4.0], [1.0, 5.0, 6.0, 2.0, 1.0, 6.0, 2.0, 3.0, 2.0, 3.0, 3.0, 2.0, 5.0, 0.0, 3.0, 2.0, 2.0, 1.0, 6.0, 1.0, 6.0, 2.0, 3.0, 5.0, 5.0, 2.0, 6.0, 6.0, 2.0, 2.0, 0.0, 3.0, 6.0, 6.0, 2.0, 5.0, 3.0, 3.0, 5.0, 3.0, 5.0, 3.0], [2.0, 5.0, 5.0, 2.0, 1.0, 5.0, 2.0, 3.0, 3.0, 3.0, 3.0, 2.0, 3.0, 0.0, 2.0, 2.0, 2.0, 2.0, 5.0, 1.0, 6.0, 2.0, 3.0, 5.0, 5.0, 2.0, 6.0, 6.0, 2.0, 2.0, 2.0, 5.0, 6.0, 5.0, 2.0, 5.0, 2.0, 3.0, 4.0, 3.0, 5.0, 4.0], [1.0, 5.0, 6.0, 2.0, 1.0, 5.0, 2.0, 3.0, 2.0, 3.0, 3.0, 0.0, 5.0, 1.0, 2.0, 2.0, 2.0, 1.0, 5.0, 2.0, 6.0, 2.0, 3.0, 5.0, 5.0, 2.0, 6.0, 3.0, 2.0, 2.0, 2.0, 3.0, 5.0, 6.0, 2.0, 5.0, 2.0, 3.0, 3.0, 5.0, 5.0, 4.0], [2.0, 5.0, 6.0, 2.0, 1.0, 6.0, 2.0, 3.0, 2.0, 2.0, 3.0, 2.0, 5.0, 2.0, 2.0, 2.0, 2.0, 2.0, 3.0, 2.0, 6.0, 2.0, 3.0, 5.0, 5.0, 2.0, 6.0, 6.0, 2.0, 2.0, 1.0, 5.0, 6.0, 6.0, 2.0, 5.0, 2.0, 3.0, 3.0, 3.0, 5.0, 3.0], [2.0, 6.0, 5.0, 2.0, 1.0, 5.0, 2.0, 3.0, 2.0, 2.0, 3.0, 2.0, 5.0, 2.0, 2.0, 2.0, 2.0, 2.0, 6.0, 1.0, 6.0, 2.0, 3.0, 5.0, 5.0, 2.0, 6.0, 6.0, 2.0, 2.0, 1.0, 5.0, 5.0, 6.0, 2.0, 5.0, 3.0, 3.0, 5.0, 3.0, 5.0, 4.0], [2.0, 3.0, 6.0, 2.0, 1.0, 3.0, 2.0, 3.0, 2.0, 2.0, 3.0, 1.0, 5.0, 2.0, 3.0, 3.0, 2.0, 2.0, 6.0, 2.0, 6.0, 2.0, 3.0, 5.0, 5.0, 2.0, 6.0, 5.0, 2.0, 2.0, 2.0, 3.0, 6.0, 6.0, 2.0, 5.0, 2.0, 3.0, 3.0, 3.0, 5.0, 4.0], [2.0, 3.0, 5.0, 2.0, 1.0, 3.0, 2.0, 3.0, 3.0, 3.0, 3.0, 2.0, 5.0, 1.0, 3.0, 2.0, 2.0, 1.0, 6.0, 1.0, 6.0, 2.0, 3.0, 5.0, 3.0, 2.0, 6.0, 6.0, 2.0, 2.0, 2.0, 5.0, 6.0, 5.0, 2.0, 5.0, 2.0, 3.0, 5.0, 3.0, 5.0, 4.0], [2.0, 6.0, 5.0, 2.0, 1.0, 5.0, 2.0, 3.0, 2.0, 2.0, 3.0, 2.0, 3.0, 1.0, 3.0, 3.0, 2.0, 1.0, 3.0, 1.0, 6.0, 2.0, 3.0, 5.0, 5.0, 3.0, 3.0, 6.0, 2.0, 2.0, 2.0, 3.0, 6.0, 6.0, 2.0, 5.0, 2.0, 3.0, 3.0, 5.0, 5.0, 4.0], [2.0, 3.0, 6.0, 2.0, 1.0, 6.0, 2.0, 3.0, 2.0, 3.0, 3.0, 2.0, 5.0, 2.0, 2.0, 3.0, 2.0, 1.0, 3.0, 2.0, 6.0, 2.0, 3.0, 5.0, 3.0, 2.0, 6.0, 6.0, 2.0, 2.0, 0.0, 3.0, 6.0, 3.0, 2.0, 5.0, 2.0, 3.0, 5.0, 5.0, 5.0, 4.0], [1.0, 6.0, 6.0, 2.0, 1.0, 5.0, 2.0, 3.0, 3.0, 2.0, 3.0, 1.0, 5.0, 3.0, 2.0, 3.0, 2.0, 1.0, 3.0, 1.0, 6.0, 2.0, 3.0, 5.0, 5.0, 2.0, 6.0, 6.0, 4.0, 2.0, 0.0, 3.0, 5.0, 5.0, 2.0, 5.0, 3.0, 3.0, 3.0, 3.0, 5.0, 4.0], [2.0, 5.0, 5.0, 2.0, 1.0, 6.0, 2.0, 3.0, 2.0, 3.0, 3.0, 2.0, 5.0, 1.0, 3.0, 2.0, 2.0, 1.0, 3.0, 2.0, 6.0, 2.0, 3.0, 5.0, 5.0, 2.0, 6.0, 6.0, 2.0, 2.0, 1.0, 5.0, 6.0, 5.0, 2.0, 5.0, 3.0, 3.0, 3.0, 5.0, 5.0, 4.0], [2.0, 6.0, 6.0, 2.0, 1.0, 3.0, 2.0, 3.0, 2.0, 3.0, 3.0, 2.0, 5.0, 2.0, 3.0, 3.0, 2.0, 1.0, 5.0, 1.0, 6.0, 2.0, 3.0, 5.0, 5.0, 2.0, 6.0, 6.0, 2.0, 2.0, 2.0, 5.0, 6.0, 3.0, 2.0, 5.0, 3.0, 3.0, 4.0, 3.0, 5.0, 4.0], [1.0, 5.0, 5.0, 2.0, 1.0, 5.0, 2.0, 3.0, 3.0, 1.0, 3.0, 0.0, 5.0, 3.0, 2.0, 2.0, 2.0, 2.0, 6.0, 1.0, 6.0, 2.0, 3.0, 5.0, 5.0, 2.0, 6.0, 3.0, 2.0, 2.0, 2.0, 5.0, 5.0, 5.0, 2.0, 5.0, 2.0, 3.0, 4.0, 5.0, 5.0, 4.0], [2.0, 5.0, 6.0, 2.0, 1.0, 5.0, 2.0, 3.0, 0.0, 2.0, 3.0, 2.0, 3.0, 1.0, 2.0, 2.0, 2.0, 1.0, 3.0, 1.0, 6.0, 2.0, 3.0, 5.0, 5.0, 2.0, 6.0, 6.0, 4.0, 2.0, 2.0, 3.0, 5.0, 3.0, 2.0, 5.0, 2.0, 3.0, 3.0, 3.0, 5.0, 4.0], [2.0, 6.0, 6.0, 2.0, 1.0, 6.0, 2.0, 3.0, 3.0, 3.0, 3.0, 2.0, 5.0, 1.0, 3.0, 3.0, 2.0, 2.0, 6.0, 2.0, 6.0, 2.0, 3.0, 5.0, 3.0, 2.0, 6.0, 6.0, 2.0, 2.0, 2.0, 3.0, 5.0, 5.0, 2.0, 6.0, 3.0, 3.0, 5.0, 5.0, 5.0, 3.0], [1.0, 5.0, 5.0, 2.0, 1.0, 6.0, 2.0, 3.0, 2.0, 2.0, 3.0, 2.0, 3.0, 1.0, 3.0, 2.0, 2.0, 1.0, 5.0, 2.0, 6.0, 2.0, 3.0, 5.0, 5.0, 3.0, 6.0, 3.0, 2.0, 2.0, 2.0, 5.0, 6.0, 5.0, 2.0, 5.0, 2.0, 3.0, 3.0, 2.0, 3.0, 4.0], [1.0, 6.0, 5.0, 2.0, 1.0, 3.0, 2.0, 3.0, 2.0, 2.0, 3.0, 0.0, 5.0, 1.0, 3.0, 3.0, 2.0, 2.0, 6.0, 1.0, 6.0, 2.0, 3.0, 5.0, 3.0, 2.0, 6.0, 6.0, 2.0, 2.0, 2.0, 3.0, 6.0, 6.0, 2.0, 5.0, 3.0, 3.0, 4.0, 3.0, 5.0, 3.0], [1.0, 5.0, 5.0, 2.0, 1.0, 5.0, 2.0, 3.0, 2.0, 2.0, 2.0, 0.0, 5.0, 2.0, 2.0, 2.0, 2.0, 2.0, 5.0, 1.0, 6.0, 2.0, 3.0, 5.0, 5.0, 2.0, 6.0, 6.0, 2.0, 2.0, 0.0, 5.0, 6.0, 6.0, 2.0, 5.0, 3.0, 3.0, 3.0, 5.0, 5.0, 4.0], [1.0, 5.0, 6.0, 2.0, 1.0, 3.0, 2.0, 3.0, 3.0, 3.0, 3.0, 2.0, 3.0, 1.0, 2.0, 2.0, 2.0, 1.0, 5.0, 1.0, 6.0, 2.0, 3.0, 5.0, 5.0, 2.0, 6.0, 6.0, 2.0, 2.0, 0.0, 5.0, 5.0, 6.0, 2.0, 5.0, 2.0, 3.0, 3.0, 3.0, 5.0, 4.0], [2.0, 5.0, 6.0, 2.0, 1.0, 5.0, 2.0, 3.0, 2.0, 3.0, 3.0, 2.0, 5.0, 0.0, 3.0, 2.0, 2.0, 1.0, 6.0, 1.0, 6.0, 2.0, 3.0, 5.0, 5.0, 2.0, 6.0, 6.0, 2.0, 2.0, 2.0, 3.0, 6.0, 6.0, 2.0, 6.0, 2.0, 3.0, 3.0, 3.0, 5.0, 3.0], [1.0, 6.0, 6.0, 2.0, 1.0, 6.0, 2.0, 5.0, 3.0, 3.0, 3.0, 1.0, 3.0, 2.0, 2.0, 3.0, 2.0, 1.0, 5.0, 1.0, 6.0, 2.0, 3.0, 5.0, 5.0, 3.0, 6.0, 6.0, 2.0, 2.0, 2.0, 5.0, 6.0, 3.0, 2.0, 5.0, 2.0, 3.0, 3.0, 5.0, 3.0, 4.0], [2.0, 6.0, 5.0, 2.0, 1.0, 5.0, 2.0, 3.0, 2.0, 3.0, 3.0, 2.0, 5.0, 1.0, 2.0, 3.0, 2.0, 1.0, 6.0, 1.0, 6.0, 2.0, 3.0, 5.0, 3.0, 2.0, 6.0, 6.0, 2.0, 2.0, 2.0, 3.0, 6.0, 5.0, 2.0, 5.0, 2.0, 3.0, 3.0, 5.0, 5.0, 4.0], [1.0, 5.0, 6.0, 2.0, 1.0, 3.0, 2.0, 3.0, 2.0, 2.0, 3.0, 1.0, 5.0, 2.0, 2.0, 2.0, 2.0, 2.0, 6.0, 2.0, 6.0, 2.0, 3.0, 5.0, 5.0, 2.0, 6.0, 6.0, 2.0, 2.0, 1.0, 3.0, 6.0, 6.0, 2.0, 5.0, 2.0, 3.0, 3.0, 3.0, 5.0, 4.0], [2.0, 3.0, 6.0, 2.0, 1.0, 3.0, 2.0, 3.0, 3.0, 3.0, 3.0, 1.0, 3.0, 2.0, 3.0, 2.0, 2.0, 2.0, 6.0, 1.0, 6.0, 2.0, 3.0, 5.0, 3.0, 2.0, 6.0, 6.0, 4.0, 2.0, 2.0, 5.0, 6.0, 6.0, 2.0, 5.0, 2.0, 3.0, 4.0, 2.0, 5.0, 4.0], [2.0, 6.0, 5.0, 2.0, 1.0, 3.0, 2.0, 3.0, 3.0, 3.0, 3.0, 0.0, 5.0, 1.0, 2.0, 2.0, 2.0, 1.0, 3.0, 1.0, 6.0, 2.0, 3.0, 5.0, 5.0, 2.0, 6.0, 6.0, 2.0, 2.0, 2.0, 5.0, 6.0, 5.0, 2.0, 5.0, 2.0, 3.0, 5.0, 3.0, 5.0, 3.0], [2.0, 6.0, 6.0, 2.0, 1.0, 3.0, 2.0, 3.0, 3.0, 2.0, 3.0, 2.0, 3.0, 1.0, 2.0, 3.0, 2.0, 1.0, 6.0, 1.0, 6.0, 2.0, 3.0, 5.0, 5.0, 3.0, 6.0, 6.0, 2.0, 2.0, 1.0, 5.0, 5.0, 6.0, 2.0, 5.0, 2.0, 3.0, 5.0, 3.0, 5.0, 4.0], [1.0, 6.0, 6.0, 2.0, 1.0, 3.0, 2.0, 3.0, 2.0, 3.0, 3.0, 2.0, 3.0, 1.0, 2.0, 2.0, 2.0, 2.0, 3.0, 1.0, 6.0, 2.0, 3.0, 5.0, 5.0, 2.0, 6.0, 6.0, 2.0, 2.0, 2.0, 3.0, 6.0, 5.0, 2.0, 5.0, 3.0, 3.0, 5.0, 3.0, 5.0, 4.0], [2.0, 6.0, 5.0, 2.0, 1.0, 5.0, 2.0, 3.0, 2.0, 3.0, 3.0, 2.0, 3.0, 1.0, 2.0, 2.0, 2.0, 2.0, 3.0, 1.0, 6.0, 2.0, 3.0, 5.0, 5.0, 2.0, 6.0, 6.0, 2.0, 2.0, 2.0, 3.0, 6.0, 3.0, 2.0, 5.0, 3.0, 3.0, 3.0, 3.0, 5.0, 3.0], [2.0, 6.0, 6.0, 2.0, 1.0, 6.0, 2.0, 3.0, 2.0, 3.0, 2.0, 2.0, 5.0, 2.0, 3.0, 3.0, 1.0, 2.0, 3.0, 2.0, 6.0, 2.0, 3.0, 5.0, 5.0, 3.0, 6.0, 6.0, 2.0, 2.0, 0.0, 4.0, 6.0, 3.0, 2.0, 6.0, 2.0, 3.0, 5.0, 3.0, 5.0, 4.0], [2.0, 5.0, 5.0, 2.0, 1.0, 5.0, 2.0, 3.0, 3.0, 2.0, 3.0, 2.0, 3.0, 2.0, 2.0, 2.0, 1.0, 1.0, 5.0, 1.0, 6.0, 2.0, 3.0, 5.0, 3.0, 2.0, 6.0, 5.0, 2.0, 2.0, 1.0, 5.0, 6.0, 3.0, 2.0, 5.0, 2.0, 3.0, 3.0, 3.0, 5.0, 4.0], [1.0, 5.0, 5.0, 2.0, 1.0, 3.0, 2.0, 3.0, 3.0, 2.0, 3.0, 2.0, 5.0, 1.0, 3.0, 3.0, 2.0, 2.0, 5.0, 2.0, 6.0, 2.0, 3.0, 5.0, 3.0, 2.0, 5.0, 6.0, 2.0, 2.0, 2.0, 5.0, 6.0, 6.0, 2.0, 5.0, 3.0, 3.0, 3.0, 3.0, 5.0, 4.0], [1.0, 5.0, 5.0, 2.0, 1.0, 3.0, 2.0, 3.0, 3.0, 3.0, 3.0, 2.0, 3.0, 2.0, 2.0, 2.0, 1.0, 1.0, 5.0, 1.0, 6.0, 2.0, 3.0, 3.0, 3.0, 3.0, 6.0, 6.0, 2.0, 2.0, 0.0, 5.0, 5.0, 6.0, 2.0, 5.0, 2.0, 3.0, 4.0, 3.0, 5.0, 4.0], [1.0, 5.0, 5.0, 2.0, 1.0, 5.0, 2.0, 3.0, 2.0, 3.0, 3.0, 2.0, 5.0, 2.0, 2.0, 2.0, 2.0, 2.0, 3.0, 2.0, 6.0, 2.0, 3.0, 5.0, 5.0, 3.0, 6.0, 6.0, 2.0, 2.0, 2.0, 5.0, 5.0, 6.0, 2.0, 5.0, 2.0, 3.0, 5.0, 3.0, 5.0, 4.0], [1.0, 5.0, 6.0, 2.0, 1.0, 3.0, 2.0, 3.0, 2.0, 2.0, 3.0, 2.0, 3.0, 2.0, 2.0, 3.0, 2.0, 1.0, 5.0, 2.0, 6.0, 2.0, 3.0, 5.0, 5.0, 2.0, 6.0, 6.0, 2.0, 2.0, 2.0, 5.0, 6.0, 5.0, 2.0, 5.0, 2.0, 3.0, 5.0, 3.0, 5.0, 4.0], [2.0, 6.0, 5.0, 2.0, 1.0, 6.0, 2.0, 3.0, 3.0, 3.0, 3.0, 0.0, 5.0, 2.0, 2.0, 2.0, 2.0, 1.0, 3.0, 1.0, 6.0, 2.0, 3.0, 5.0, 3.0, 2.0, 6.0, 6.0, 2.0, 2.0, 2.0, 3.0, 6.0, 6.0, 2.0, 5.0, 2.0, 3.0, 3.0, 5.0, 5.0, 4.0], [2.0, 5.0, 5.0, 2.0, 1.0, 3.0, 2.0, 3.0, 2.0, 2.0, 3.0, 2.0, 5.0, 1.0, 3.0, 2.0, 2.0, 1.0, 3.0, 2.0, 6.0, 2.0, 3.0, 5.0, 5.0, 2.0, 6.0, 6.0, 2.0, 2.0, 1.0, 5.0, 5.0, 5.0, 2.0, 6.0, 2.0, 3.0, 3.0, 5.0, 5.0, 3.0], [2.0, 5.0, 6.0, 2.0, 1.0, 5.0, 2.0, 2.0, 2.0, 3.0, 3.0, 1.0, 5.0, 2.0, 3.0, 3.0, 2.0, 1.0, 6.0, 2.0, 6.0, 2.0, 3.0, 5.0, 5.0, 2.0, 6.0, 6.0, 2.0, 2.0, 2.0, 3.0, 5.0, 6.0, 2.0, 5.0, 2.0, 3.0, 3.0, 5.0, 5.0, 3.0], [2.0, 5.0, 6.0, 2.0, 1.0, 5.0, 2.0, 3.0, 2.0, 3.0, 3.0, 2.0, 5.0, 2.0, 3.0, 2.0, 1.0, 1.0, 5.0, 1.0, 6.0, 2.0, 3.0, 5.0, 5.0, 2.0, 6.0, 6.0, 2.0, 2.0, 1.0, 3.0, 5.0, 3.0, 2.0, 5.0, 2.0, 3.0, 5.0, 3.0, 5.0, 4.0], [2.0, 5.0, 6.0, 2.0, 1.0, 3.0, 2.0, 3.0, 3.0, 3.0, 3.0, 2.0, 5.0, 1.0, 3.0, 3.0, 2.0, 1.0, 5.0, 2.0, 6.0, 2.0, 3.0, 5.0, 5.0, 2.0, 6.0, 6.0, 2.0, 2.0, 0.0, 5.0, 6.0, 5.0, 2.0, 6.0, 2.0, 3.0, 5.0, 3.0, 5.0, 4.0], [2.0, 6.0, 6.0, 2.0, 1.0, 3.0, 2.0, 3.0, 3.0, 2.0, 3.0, 2.0, 5.0, 0.0, 3.0, 3.0, 2.0, 2.0, 3.0, 2.0, 6.0, 2.0, 3.0, 5.0, 3.0, 2.0, 6.0, 6.0, 2.0, 2.0, 2.0, 3.0, 5.0, 5.0, 2.0, 5.0, 3.0, 3.0, 4.0, 3.0, 5.0, 4.0], [2.0, 5.0, 6.0, 2.0, 1.0, 3.0, 2.0, 3.0, 3.0, 3.0, 3.0, 1.0, 3.0, 2.0, 3.0, 2.0, 2.0, 1.0, 6.0, 1.0, 6.0, 2.0, 3.0, 5.0, 5.0, 2.0, 6.0, 6.0, 2.0, 2.0, 2.0, 5.0, 6.0, 6.0, 2.0, 5.0, 2.0, 3.0, 3.0, 3.0, 5.0, 4.0], [2.0, 3.0, 6.0, 2.0, 1.0, 6.0, 2.0, 3.0, 3.0, 2.0, 3.0, 2.0, 5.0, 2.0, 3.0, 3.0, 2.0, 2.0, 5.0, 2.0, 6.0, 2.0, 3.0, 5.0, 5.0, 3.0, 6.0, 6.0, 2.0, 2.0, 2.0, 5.0, 6.0, 5.0, 2.0, 5.0, 3.0, 3.0, 3.0, 3.0, 5.0, 3.0], [1.0, 3.0, 6.0, 2.0, 1.0, 3.0, 2.0, 3.0, 3.0, 3.0, 3.0, 2.0, 3.0, 1.0, 3.0, 3.0, 2.0, 2.0, 6.0, 1.0, 6.0, 2.0, 3.0, 5.0, 5.0, 2.0, 6.0, 6.0, 2.0, 2.0, 2.0, 5.0, 6.0, 5.0, 2.0, 6.0, 2.0, 3.0, 3.0, 5.0, 5.0, 4.0], [2.0, 5.0, 5.0, 2.0, 1.0, 6.0, 2.0, 3.0, 2.0, 3.0, 3.0, 2.0, 5.0, 0.0, 2.0, 2.0, 2.0, 2.0, 6.0, 2.0, 6.0, 2.0, 3.0, 5.0, 5.0, 3.0, 6.0, 6.0, 2.0, 2.0, 2.0, 4.0, 5.0, 3.0, 2.0, 5.0, 2.0, 3.0, 4.0, 3.0, 5.0, 4.0], [1.0, 5.0, 5.0, 2.0, 1.0, 3.0, 2.0, 3.0, 2.0, 3.0, 3.0, 2.0, 5.0, 2.0, 2.0, 2.0, 2.0, 1.0, 3.0, 1.0, 6.0, 2.0, 3.0, 5.0, 5.0, 3.0, 6.0, 6.0, 2.0, 2.0, 0.0, 5.0, 6.0, 5.0, 2.0, 3.0, 2.0, 3.0, 5.0, 3.0, 5.0, 3.0]]

first layer check: Conv2d(6, 64, kernel_size=(7, 7), stride=(2, 2), padding=(3, 3), bias=False)

for model 2: mode acc: 0.5952380895614624, run mean acc: 0.5212499499320984, top-2 acc:0.7383333444595337, mode f1: 0.5952380895614624

model 2 mode preds
[2.0, 6.0, 6.0, 2.0, 2.0, 3.0, 2.0, 3.0, 2.0, 2.0, 3.0, 2.0, 6.0, 2.0, 2.0, 2.0, 2.0, 2.0, 6.0, 2.0, 6.0, 2.0, 3.0, 6.0, 3.0, 2.0, 6.0, 6.0, 2.0, 2.0, 2.0, 6.0, 6.0, 6.0, 2.0, 6.0, 2.0, 3.0, 3.0, 3.0, 6.0, 3.0]

model 2 all preds
[[2.0, 6.0, 6.0, 2.0, 2.0, 3.0, 2.0, 4.0, 2.0, 2.0, 3.0, 2.0, 5.0, 2.0, 2.0, 2.0, 1.0, 2.0, 3.0, 2.0, 6.0, 2.0, 3.0, 6.0, 3.0, 2.0, 6.0, 6.0, 2.0, 2.0, 2.0, 6.0, 6.0, 6.0, 2.0, 5.0, 2.0, 4.0, 3.0, 3.0, 6.0, 3.0], [2.0, 6.0, 5.0, 2.0, 2.0, 3.0, 2.0, 4.0, 2.0, 2.0, 2.0, 2.0, 4.0, 2.0, 2.0, 2.0, 1.0, 2.0, 6.0, 2.0, 6.0, 2.0, 3.0, 6.0, 6.0, 2.0, 6.0, 3.0, 2.0, 2.0, 2.0, 5.0, 6.0, 6.0, 2.0, 3.0, 2.0, 3.0, 4.0, 3.0, 6.0, 4.0], [2.0, 6.0, 6.0, 3.0, 2.0, 3.0, 2.0, 3.0, 2.0, 2.0, 3.0, 2.0, 3.0, 2.0, 2.0, 3.0, 2.0, 2.0, 3.0, 2.0, 6.0, 2.0, 4.0, 3.0, 6.0, 2.0, 6.0, 6.0, 2.0, 2.0, 2.0, 3.0, 6.0, 6.0, 2.0, 5.0, 2.0, 3.0, 4.0, 4.0, 6.0, 3.0], [2.0, 6.0, 5.0, 2.0, 2.0, 3.0, 2.0, 3.0, 2.0, 2.0, 3.0, 2.0, 6.0, 2.0, 2.0, 2.0, 1.0, 2.0, 3.0, 2.0, 6.0, 2.0, 3.0, 6.0, 3.0, 2.0, 4.0, 3.0, 2.0, 2.0, 2.0, 3.0, 6.0, 6.0, 2.0, 3.0, 2.0, 3.0, 3.0, 2.0, 6.0, 3.0], [2.0, 3.0, 6.0, 2.0, 2.0, 6.0, 2.0, 3.0, 2.0, 2.0, 3.0, 2.0, 5.0, 2.0, 2.0, 3.0, 2.0, 2.0, 6.0, 2.0, 6.0, 2.0, 3.0, 6.0, 3.0, 2.0, 6.0, 3.0, 2.0, 2.0, 2.0, 4.0, 6.0, 6.0, 2.0, 6.0, 2.0, 3.0, 3.0, 4.0, 5.0, 3.0], [2.0, 6.0, 6.0, 2.0, 2.0, 6.0, 2.0, 3.0, 2.0, 2.0, 3.0, 2.0, 3.0, 2.0, 2.0, 2.0, 2.0, 2.0, 6.0, 2.0, 6.0, 2.0, 3.0, 6.0, 6.0, 2.0, 6.0, 6.0, 2.0, 2.0, 2.0, 6.0, 6.0, 6.0, 2.0, 3.0, 3.0, 3.0, 3.0, 3.0, 5.0, 3.0], [2.0, 6.0, 3.0, 2.0, 2.0, 3.0, 2.0, 4.0, 2.0, 2.0, 3.0, 2.0, 3.0, 2.0, 2.0, 3.0, 2.0, 2.0, 3.0, 2.0, 6.0, 2.0, 3.0, 6.0, 6.0, 2.0, 6.0, 3.0, 2.0, 2.0, 2.0, 6.0, 6.0, 6.0, 2.0, 3.0, 2.0, 3.0, 6.0, 2.0, 6.0, 3.0], [2.0, 6.0, 6.0, 2.0, 2.0, 6.0, 2.0, 4.0, 2.0, 2.0, 4.0, 2.0, 3.0, 2.0, 2.0, 2.0, 2.0, 2.0, 3.0, 2.0, 6.0, 2.0, 3.0, 6.0, 6.0, 2.0, 6.0, 6.0, 2.0, 2.0, 2.0, 6.0, 6.0, 6.0, 2.0, 6.0, 2.0, 4.0, 3.0, 2.0, 6.0, 3.0], [1.0, 3.0, 3.0, 2.0, 2.0, 6.0, 2.0, 6.0, 2.0, 2.0, 3.0, 2.0, 4.0, 2.0, 2.0, 2.0, 1.0, 2.0, 6.0, 2.0, 6.0, 2.0, 3.0, 5.0, 6.0, 2.0, 4.0, 6.0, 2.0, 2.0, 2.0, 6.0, 6.0, 6.0, 2.0, 3.0, 2.0, 3.0, 3.0, 4.0, 5.0, 3.0], [2.0, 6.0, 5.0, 2.0, 2.0, 3.0, 2.0, 3.0, 2.0, 2.0, 3.0, 2.0, 3.0, 2.0, 2.0, 2.0, 2.0, 2.0, 3.0, 2.0, 6.0, 2.0, 3.0, 6.0, 3.0, 2.0, 6.0, 2.0, 2.0, 2.0, 2.0, 6.0, 6.0, 3.0, 2.0, 6.0, 2.0, 4.0, 3.0, 3.0, 5.0, 3.0], [2.0, 6.0, 6.0, 2.0, 2.0, 3.0, 2.0, 3.0, 2.0, 2.0, 2.0, 2.0, 5.0, 2.0, 2.0, 3.0, 2.0, 2.0, 3.0, 2.0, 6.0, 2.0, 3.0, 6.0, 3.0, 2.0, 3.0, 6.0, 2.0, 2.0, 2.0, 6.0, 6.0, 6.0, 2.0, 6.0, 2.0, 3.0, 3.0, 3.0, 5.0, 3.0], [1.0, 6.0, 6.0, 2.0, 2.0, 3.0, 2.0, 5.0, 2.0, 2.0, 3.0, 2.0, 6.0, 2.0, 2.0, 2.0, 2.0, 2.0, 6.0, 2.0, 6.0, 2.0, 3.0, 6.0, 6.0, 2.0, 6.0, 6.0, 2.0, 2.0, 2.0, 6.0, 6.0, 3.0, 2.0, 6.0, 2.0, 3.0, 3.0, 3.0, 6.0, 3.0], [2.0, 3.0, 5.0, 2.0, 2.0, 3.0, 2.0, 4.0, 2.0, 2.0, 2.0, 2.0, 6.0, 2.0, 2.0, 2.0, 1.0, 2.0, 6.0, 2.0, 6.0, 2.0, 3.0, 6.0, 3.0, 2.0, 6.0, 6.0, 2.0, 2.0, 2.0, 6.0, 6.0, 6.0, 2.0, 5.0, 2.0, 3.0, 3.0, 2.0, 6.0, 3.0], [2.0, 6.0, 6.0, 2.0, 2.0, 6.0, 2.0, 3.0, 2.0, 2.0, 2.0, 2.0, 5.0, 2.0, 2.0, 2.0, 2.0, 2.0, 6.0, 2.0, 6.0, 2.0, 3.0, 6.0, 3.0, 2.0, 6.0, 5.0, 2.0, 2.0, 2.0, 3.0, 6.0, 3.0, 2.0, 6.0, 2.0, 4.0, 4.0, 4.0, 3.0, 3.0], [2.0, 6.0, 5.0, 2.0, 2.0, 6.0, 2.0, 4.0, 2.0, 2.0, 3.0, 2.0, 5.0, 2.0, 2.0, 2.0, 2.0, 2.0, 6.0, 2.0, 6.0, 2.0, 3.0, 6.0, 3.0, 2.0, 6.0, 3.0, 2.0, 2.0, 2.0, 6.0, 6.0, 4.0, 2.0, 4.0, 2.0, 3.0, 3.0, 3.0, 6.0, 6.0], [2.0, 6.0, 5.0, 2.0, 2.0, 3.0, 2.0, 3.0, 2.0, 2.0, 3.0, 2.0, 5.0, 2.0, 2.0, 2.0, 2.0, 2.0, 3.0, 2.0, 6.0, 2.0, 3.0, 6.0, 5.0, 2.0, 6.0, 3.0, 2.0, 2.0, 2.0, 3.0, 6.0, 3.0, 2.0, 5.0, 2.0, 3.0, 6.0, 2.0, 6.0, 3.0], [2.0, 6.0, 6.0, 2.0, 2.0, 3.0, 2.0, 6.0, 2.0, 2.0, 3.0, 2.0, 5.0, 2.0, 2.0, 2.0, 2.0, 2.0, 3.0, 2.0, 6.0, 2.0, 3.0, 6.0, 6.0, 2.0, 6.0, 3.0, 2.0, 2.0, 2.0, 6.0, 6.0, 6.0, 2.0, 3.0, 2.0, 3.0, 3.0, 2.0, 6.0, 3.0], [2.0, 3.0, 6.0, 2.0, 2.0, 3.0, 2.0, 3.0, 2.0, 2.0, 3.0, 2.0, 6.0, 2.0, 2.0, 2.0, 2.0, 2.0, 6.0, 2.0, 6.0, 2.0, 3.0, 6.0, 3.0, 2.0, 6.0, 6.0, 2.0, 2.0, 2.0, 3.0, 3.0, 3.0, 2.0, 5.0, 2.0, 3.0, 4.0, 3.0, 6.0, 6.0], [2.0, 6.0, 5.0, 2.0, 2.0, 6.0, 2.0, 3.0, 2.0, 2.0, 3.0, 2.0, 4.0, 2.0, 2.0, 2.0, 1.0, 2.0, 3.0, 2.0, 6.0, 2.0, 3.0, 6.0, 6.0, 2.0, 6.0, 3.0, 2.0, 2.0, 2.0, 6.0, 6.0, 6.0, 2.0, 3.0, 2.0, 3.0, 3.0, 2.0, 6.0, 3.0], [1.0, 6.0, 6.0, 2.0, 2.0, 3.0, 2.0, 6.0, 2.0, 2.0, 2.0, 2.0, 5.0, 2.0, 2.0, 2.0, 1.0, 2.0, 3.0, 2.0, 6.0, 2.0, 3.0, 3.0, 3.0, 2.0, 6.0, 6.0, 2.0, 2.0, 2.0, 6.0, 3.0, 6.0, 2.0, 3.0, 2.0, 3.0, 4.0, 3.0, 6.0, 3.0], [2.0, 3.0, 3.0, 2.0, 2.0, 6.0, 2.0, 3.0, 2.0, 2.0, 3.0, 2.0, 3.0, 2.0, 2.0, 2.0, 1.0, 2.0, 3.0, 2.0, 6.0, 2.0, 3.0, 6.0, 6.0, 2.0, 6.0, 6.0, 2.0, 2.0, 2.0, 6.0, 6.0, 3.0, 2.0, 6.0, 2.0, 3.0, 3.0, 4.0, 6.0, 3.0], [2.0, 3.0, 5.0, 2.0, 2.0, 6.0, 2.0, 3.0, 2.0, 2.0, 2.0, 2.0, 5.0, 2.0, 2.0, 2.0, 2.0, 2.0, 6.0, 2.0, 6.0, 2.0, 3.0, 6.0, 6.0, 2.0, 6.0, 3.0, 2.0, 2.0, 2.0, 3.0, 6.0, 6.0, 2.0, 3.0, 2.0, 3.0, 4.0, 2.0, 3.0, 3.0], [2.0, 3.0, 6.0, 2.0, 2.0, 6.0, 2.0, 3.0, 2.0, 2.0, 3.0, 2.0, 6.0, 2.0, 2.0, 2.0, 1.0, 2.0, 6.0, 2.0, 6.0, 2.0, 3.0, 6.0, 5.0, 2.0, 6.0, 6.0, 2.0, 2.0, 2.0, 6.0, 6.0, 6.0, 2.0, 3.0, 2.0, 3.0, 3.0, 3.0, 5.0, 4.0], [2.0, 6.0, 5.0, 2.0, 2.0, 6.0, 2.0, 3.0, 2.0, 2.0, 2.0, 2.0, 5.0, 2.0, 2.0, 2.0, 1.0, 2.0, 6.0, 2.0, 6.0, 2.0, 3.0, 3.0, 3.0, 2.0, 6.0, 3.0, 2.0, 2.0, 2.0, 3.0, 6.0, 6.0, 2.0, 6.0, 2.0, 3.0, 3.0, 2.0, 6.0, 3.0], [1.0, 6.0, 5.0, 2.0, 2.0, 3.0, 2.0, 6.0, 2.0, 2.0, 2.0, 2.0, 6.0, 2.0, 2.0, 2.0, 2.0, 2.0, 3.0, 2.0, 6.0, 2.0, 3.0, 6.0, 3.0, 2.0, 6.0, 6.0, 2.0, 2.0, 2.0, 3.0, 3.0, 4.0, 2.0, 6.0, 2.0, 3.0, 3.0, 3.0, 6.0, 4.0], [2.0, 6.0, 6.0, 2.0, 2.0, 6.0, 2.0, 6.0, 2.0, 2.0, 2.0, 2.0, 6.0, 2.0, 2.0, 2.0, 2.0, 2.0, 3.0, 2.0, 6.0, 2.0, 3.0, 6.0, 3.0, 2.0, 6.0, 6.0, 2.0, 2.0, 2.0, 6.0, 6.0, 6.0, 2.0, 6.0, 2.0, 3.0, 3.0, 2.0, 5.0, 3.0], [2.0, 6.0, 6.0, 2.0, 2.0, 3.0, 2.0, 3.0, 2.0, 2.0, 3.0, 2.0, 5.0, 2.0, 2.0, 2.0, 2.0, 2.0, 6.0, 2.0, 6.0, 2.0, 3.0, 6.0, 6.0, 2.0, 6.0, 6.0, 2.0, 2.0, 2.0, 6.0, 6.0, 6.0, 2.0, 5.0, 2.0, 3.0, 3.0, 3.0, 6.0, 3.0], [2.0, 6.0, 3.0, 2.0, 2.0, 3.0, 2.0, 3.0, 2.0, 2.0, 3.0, 2.0, 5.0, 2.0, 2.0, 2.0, 1.0, 2.0, 6.0, 2.0, 6.0, 2.0, 3.0, 6.0, 3.0, 2.0, 6.0, 3.0, 2.0, 2.0, 2.0, 6.0, 6.0, 3.0, 2.0, 6.0, 2.0, 3.0, 3.0, 2.0, 6.0, 3.0], [2.0, 3.0, 3.0, 2.0, 2.0, 6.0, 2.0, 6.0, 2.0, 2.0, 3.0, 2.0, 6.0, 2.0, 2.0, 2.0, 1.0, 2.0, 6.0, 2.0, 6.0, 2.0, 3.0, 6.0, 3.0, 2.0, 6.0, 6.0, 2.0, 2.0, 2.0, 3.0, 6.0, 6.0, 2.0, 3.0, 2.0, 3.0, 3.0, 2.0, 5.0, 3.0], [2.0, 6.0, 6.0, 2.0, 2.0, 3.0, 2.0, 3.0, 2.0, 2.0, 3.0, 2.0, 3.0, 2.0, 2.0, 2.0, 2.0, 2.0, 6.0, 2.0, 5.0, 2.0, 3.0, 6.0, 6.0, 2.0, 6.0, 6.0, 2.0, 2.0, 2.0, 6.0, 6.0, 6.0, 2.0, 3.0, 2.0, 3.0, 3.0, 2.0, 6.0, 3.0], [2.0, 3.0, 5.0, 2.0, 2.0, 6.0, 2.0, 3.0, 2.0, 2.0, 2.0, 2.0, 6.0, 2.0, 2.0, 2.0, 2.0, 2.0, 3.0, 2.0, 6.0, 2.0, 3.0, 6.0, 3.0, 2.0, 6.0, 6.0, 2.0, 2.0, 2.0, 6.0, 6.0, 6.0, 2.0, 6.0, 2.0, 3.0, 3.0, 2.0, 3.0, 3.0], [2.0, 6.0, 3.0, 2.0, 2.0, 6.0, 2.0, 6.0, 2.0, 2.0, 3.0, 2.0, 3.0, 2.0, 2.0, 2.0, 1.0, 2.0, 6.0, 2.0, 6.0, 2.0, 3.0, 6.0, 6.0, 2.0, 6.0, 6.0, 2.0, 2.0, 2.0, 6.0, 6.0, 6.0, 2.0, 6.0, 2.0, 3.0, 3.0, 3.0, 6.0, 4.0], [1.0, 5.0, 5.0, 2.0, 2.0, 6.0, 2.0, 5.0, 2.0, 2.0, 2.0, 2.0, 6.0, 2.0, 2.0, 3.0, 2.0, 2.0, 6.0, 2.0, 6.0, 2.0, 3.0, 6.0, 5.0, 2.0, 6.0, 6.0, 2.0, 2.0, 2.0, 5.0, 6.0, 6.0, 2.0, 5.0, 2.0, 3.0, 3.0, 3.0, 6.0, 3.0], [1.0, 6.0, 5.0, 2.0, 2.0, 6.0, 2.0, 4.0, 2.0, 2.0, 3.0, 2.0, 6.0, 2.0, 2.0, 2.0, 1.0, 2.0, 3.0, 2.0, 6.0, 2.0, 3.0, 6.0, 6.0, 2.0, 6.0, 6.0, 2.0, 2.0, 2.0, 6.0, 6.0, 6.0, 2.0, 3.0, 2.0, 3.0, 3.0, 2.0, 6.0, 3.0], [2.0, 3.0, 5.0, 2.0, 2.0, 3.0, 2.0, 4.0, 2.0, 2.0, 3.0, 2.0, 4.0, 2.0, 2.0, 2.0, 2.0, 2.0, 2.0, 2.0, 6.0, 2.0, 3.0, 6.0, 3.0, 2.0, 3.0, 6.0, 2.0, 2.0, 2.0, 6.0, 6.0, 3.0, 2.0, 3.0, 2.0, 3.0, 3.0, 3.0, 6.0, 3.0], [2.0, 6.0, 3.0, 2.0, 2.0, 3.0, 2.0, 6.0, 2.0, 2.0, 3.0, 2.0, 5.0, 2.0, 2.0, 2.0, 1.0, 2.0, 2.0, 2.0, 6.0, 2.0, 3.0, 6.0, 5.0, 2.0, 6.0, 3.0, 2.0, 2.0, 2.0, 3.0, 6.0, 6.0, 2.0, 5.0, 2.0, 3.0, 3.0, 3.0, 6.0, 4.0], [2.0, 6.0, 6.0, 2.0, 2.0, 3.0, 2.0, 3.0, 2.0, 2.0, 2.0, 2.0, 6.0, 2.0, 2.0, 2.0, 2.0, 2.0, 6.0, 2.0, 6.0, 2.0, 3.0, 6.0, 3.0, 2.0, 6.0, 6.0, 2.0, 2.0, 2.0, 3.0, 6.0, 6.0, 2.0, 6.0, 2.0, 3.0, 3.0, 3.0, 6.0, 3.0], [1.0, 6.0, 3.0, 2.0, 2.0, 6.0, 2.0, 5.0, 2.0, 2.0, 3.0, 2.0, 6.0, 2.0, 2.0, 2.0, 2.0, 2.0, 6.0, 2.0, 6.0, 2.0, 3.0, 6.0, 6.0, 2.0, 6.0, 6.0, 2.0, 2.0, 2.0, 4.0, 6.0, 6.0, 2.0, 3.0, 2.0, 3.0, 3.0, 4.0, 5.0, 3.0], [2.0, 3.0, 3.0, 2.0, 2.0, 6.0, 2.0, 3.0, 2.0, 2.0, 3.0, 2.0, 5.0, 2.0, 2.0, 2.0, 2.0, 2.0, 2.0, 2.0, 6.0, 2.0, 3.0, 6.0, 6.0, 2.0, 6.0, 6.0, 2.0, 2.0, 2.0, 6.0, 3.0, 3.0, 2.0, 6.0, 2.0, 3.0, 4.0, 5.0, 6.0, 4.0], [2.0, 6.0, 6.0, 2.0, 2.0, 5.0, 2.0, 6.0, 2.0, 2.0, 3.0, 2.0, 3.0, 2.0, 2.0, 2.0, 1.0, 2.0, 6.0, 2.0, 6.0, 2.0, 3.0, 6.0, 6.0, 2.0, 6.0, 6.0, 2.0, 2.0, 2.0, 6.0, 6.0, 3.0, 2.0, 6.0, 2.0, 3.0, 3.0, 2.0, 6.0, 4.0], [2.0, 6.0, 6.0, 2.0, 2.0, 6.0, 2.0, 3.0, 2.0, 2.0, 3.0, 2.0, 5.0, 2.0, 2.0, 2.0, 2.0, 2.0, 6.0, 2.0, 6.0, 2.0, 3.0, 5.0, 6.0, 2.0, 6.0, 6.0, 2.0, 2.0, 2.0, 6.0, 6.0, 6.0, 2.0, 6.0, 2.0, 3.0, 3.0, 3.0, 6.0, 3.0], [2.0, 6.0, 3.0, 2.0, 2.0, 3.0, 2.0, 3.0, 2.0, 2.0, 4.0, 2.0, 6.0, 2.0, 2.0, 2.0, 1.0, 2.0, 6.0, 2.0, 6.0, 2.0, 3.0, 6.0, 3.0, 2.0, 6.0, 6.0, 2.0, 2.0, 2.0, 6.0, 6.0, 6.0, 2.0, 6.0, 2.0, 3.0, 3.0, 3.0, 6.0, 4.0], [2.0, 6.0, 5.0, 2.0, 2.0, 3.0, 2.0, 6.0, 2.0, 2.0, 3.0, 2.0, 6.0, 2.0, 2.0, 2.0, 2.0, 2.0, 6.0, 2.0, 6.0, 2.0, 3.0, 3.0, 6.0, 2.0, 6.0, 6.0, 2.0, 2.0, 2.0, 6.0, 6.0, 6.0, 2.0, 6.0, 2.0, 3.0, 3.0, 4.0, 6.0, 4.0], [2.0, 6.0, 3.0, 2.0, 2.0, 3.0, 2.0, 3.0, 2.0, 2.0, 2.0, 2.0, 5.0, 2.0, 2.0, 2.0, 1.0, 2.0, 3.0, 2.0, 6.0, 2.0, 3.0, 6.0, 3.0, 2.0, 3.0, 6.0, 2.0, 2.0, 2.0, 3.0, 6.0, 3.0, 2.0, 6.0, 2.0, 3.0, 4.0, 4.0, 5.0, 6.0], [2.0, 6.0, 3.0, 2.0, 2.0, 3.0, 2.0, 3.0, 2.0, 2.0, 3.0, 2.0, 5.0, 2.0, 2.0, 2.0, 2.0, 2.0, 6.0, 2.0, 6.0, 2.0, 3.0, 6.0, 3.0, 2.0, 6.0, 6.0, 2.0, 2.0, 2.0, 6.0, 6.0, 6.0, 2.0, 6.0, 2.0, 3.0, 3.0, 4.0, 3.0, 3.0], [2.0, 6.0, 6.0, 2.0, 2.0, 6.0, 2.0, 6.0, 2.0, 2.0, 3.0, 2.0, 6.0, 2.0, 2.0, 2.0, 2.0, 2.0, 6.0, 2.0, 6.0, 2.0, 3.0, 6.0, 6.0, 2.0, 6.0, 6.0, 2.0, 2.0, 2.0, 6.0, 6.0, 6.0, 2.0, 3.0, 2.0, 3.0, 4.0, 3.0, 6.0, 4.0], [2.0, 6.0, 5.0, 2.0, 2.0, 3.0, 2.0, 3.0, 2.0, 2.0, 2.0, 2.0, 6.0, 2.0, 2.0, 3.0, 2.0, 2.0, 6.0, 2.0, 6.0, 2.0, 3.0, 5.0, 6.0, 2.0, 6.0, 6.0, 2.0, 2.0, 2.0, 6.0, 6.0, 3.0, 2.0, 6.0, 2.0, 3.0, 4.0, 3.0, 3.0, 4.0], [2.0, 6.0, 3.0, 2.0, 2.0, 6.0, 2.0, 4.0, 2.0, 2.0, 3.0, 2.0, 6.0, 2.0, 2.0, 2.0, 2.0, 2.0, 6.0, 2.0, 6.0, 2.0, 3.0, 6.0, 3.0, 2.0, 6.0, 6.0, 2.0, 2.0, 2.0, 6.0, 3.0, 6.0, 2.0, 6.0, 2.0, 3.0, 4.0, 3.0, 6.0, 3.0], [2.0, 6.0, 5.0, 2.0, 2.0, 6.0, 2.0, 3.0, 2.0, 2.0, 3.0, 2.0, 3.0, 2.0, 2.0, 3.0, 2.0, 2.0, 3.0, 2.0, 6.0, 2.0, 3.0, 6.0, 3.0, 2.0, 6.0, 6.0, 2.0, 2.0, 2.0, 3.0, 6.0, 3.0, 2.0, 6.0, 2.0, 3.0, 3.0, 3.0, 6.0, 3.0], [2.0, 6.0, 5.0, 2.0, 2.0, 6.0, 2.0, 6.0, 2.0, 2.0, 3.0, 2.0, 4.0, 2.0, 2.0, 2.0, 2.0, 2.0, 6.0, 2.0, 6.0, 2.0, 3.0, 6.0, 6.0, 2.0, 6.0, 6.0, 2.0, 2.0, 2.0, 6.0, 6.0, 3.0, 2.0, 6.0, 2.0, 3.0, 3.0, 3.0, 6.0, 3.0]]

first layer check: Conv2d(6, 64, kernel_size=(7, 7), stride=(2, 2), padding=(3, 3), bias=False)

for model 3: mode acc: 0.523809552192688, run mean acc: 0.5062500238418579, top-2 acc:0.7562500238418579, mode f1: 0.523809552192688

model 3 mode preds
[2.0, 6.0, 5.0, 2.0, 1.0, 6.0, 2.0, 5.0, 3.0, 1.0, 4.0, 1.0, 5.0, 1.0, 2.0, 2.0, 1.0, 1.0, 5.0, 2.0, 6.0, 2.0, 3.0, 6.0, 5.0, 2.0, 6.0, 6.0, 2.0, 2.0, 2.0, 4.0, 6.0, 6.0, 2.0, 6.0, 2.0, 4.0, 4.0, 5.0, 6.0, 4.0]

model 3 all preds
[[2.0, 5.0, 5.0, 2.0, 1.0, 5.0, 2.0, 5.0, 3.0, 2.0, 3.0, 1.0, 5.0, 1.0, 2.0, 2.0, 1.0, 1.0, 5.0, 2.0, 6.0, 2.0, 3.0, 6.0, 5.0, 3.0, 6.0, 6.0, 2.0, 2.0, 2.0, 4.0, 4.0, 5.0, 2.0, 6.0, 2.0, 4.0, 5.0, 4.0, 5.0, 4.0], [1.0, 6.0, 5.0, 1.0, 1.0, 6.0, 2.0, 4.0, 2.0, 1.0, 4.0, 2.0, 4.0, 2.0, 2.0, 2.0, 1.0, 1.0, 5.0, 2.0, 6.0, 2.0, 4.0, 6.0, 5.0, 2.0, 6.0, 6.0, 2.0, 2.0, 2.0, 4.0, 6.0, 4.0, 2.0, 6.0, 2.0, 4.0, 4.0, 5.0, 5.0, 4.0], [2.0, 6.0, 5.0, 2.0, 1.0, 6.0, 2.0, 5.0, 3.0, 2.0, 3.0, 1.0, 5.0, 1.0, 2.0, 2.0, 1.0, 1.0, 6.0, 2.0, 6.0, 2.0, 3.0, 6.0, 5.0, 2.0, 6.0, 6.0, 2.0, 2.0, 2.0, 4.0, 6.0, 6.0, 2.0, 6.0, 2.0, 4.0, 5.0, 2.0, 5.0, 4.0], [1.0, 6.0, 5.0, 2.0, 2.0, 6.0, 2.0, 4.0, 2.0, 1.0, 2.0, 1.0, 4.0, 1.0, 2.0, 2.0, 1.0, 2.0, 5.0, 2.0, 6.0, 2.0, 4.0, 6.0, 5.0, 2.0, 6.0, 6.0, 2.0, 2.0, 2.0, 4.0, 6.0, 6.0, 2.0, 4.0, 3.0, 4.0, 5.0, 4.0, 6.0, 4.0], [2.0, 6.0, 5.0, 2.0, 1.0, 6.0, 2.0, 5.0, 3.0, 1.0, 4.0, 1.0, 4.0, 2.0, 2.0, 2.0, 1.0, 2.0, 6.0, 2.0, 6.0, 2.0, 4.0, 6.0, 5.0, 2.0, 6.0, 6.0, 2.0, 2.0, 2.0, 4.0, 6.0, 6.0, 2.0, 6.0, 2.0, 4.0, 5.0, 2.0, 6.0, 3.0], [2.0, 6.0, 5.0, 2.0, 1.0, 6.0, 2.0, 5.0, 3.0, 3.0, 3.0, 1.0, 5.0, 2.0, 2.0, 2.0, 1.0, 1.0, 6.0, 2.0, 6.0, 2.0, 3.0, 6.0, 5.0, 2.0, 6.0, 6.0, 2.0, 2.0, 2.0, 5.0, 6.0, 6.0, 2.0, 6.0, 2.0, 2.0, 4.0, 5.0, 5.0, 4.0], [2.0, 6.0, 5.0, 1.0, 1.0, 5.0, 2.0, 6.0, 3.0, 2.0, 4.0, 1.0, 5.0, 1.0, 2.0, 2.0, 1.0, 2.0, 5.0, 2.0, 6.0, 2.0, 3.0, 6.0, 5.0, 2.0, 6.0, 6.0, 2.0, 2.0, 1.0, 6.0, 6.0, 5.0, 2.0, 6.0, 2.0, 4.0, 4.0, 5.0, 6.0, 4.0], [2.0, 6.0, 5.0, 2.0, 1.0, 6.0, 2.0, 5.0, 3.0, 2.0, 2.0, 2.0, 5.0, 2.0, 2.0, 2.0, 1.0, 2.0, 6.0, 2.0, 6.0, 2.0, 3.0, 6.0, 5.0, 3.0, 6.0, 6.0, 2.0, 2.0, 1.0, 5.0, 6.0, 4.0, 2.0, 5.0, 2.0, 4.0, 4.0, 5.0, 6.0, 4.0], [2.0, 6.0, 5.0, 2.0, 1.0, 6.0, 2.0, 5.0, 1.0, 1.0, 4.0, 1.0, 5.0, 1.0, 2.0, 2.0, 1.0, 2.0, 6.0, 1.0, 6.0, 2.0, 4.0, 6.0, 5.0, 2.0, 6.0, 6.0, 2.0, 2.0, 2.0, 4.0, 6.0, 5.0, 2.0, 6.0, 2.0, 4.0, 4.0, 4.0, 6.0, 4.0], [2.0, 6.0, 5.0, 2.0, 2.0, 6.0, 2.0, 5.0, 3.0, 2.0, 4.0, 2.0, 5.0, 1.0, 2.0, 2.0, 1.0, 1.0, 5.0, 2.0, 6.0, 2.0, 3.0, 6.0, 5.0, 3.0, 4.0, 6.0, 2.0, 2.0, 2.0, 5.0, 6.0, 6.0, 2.0, 4.0, 3.0, 4.0, 4.0, 2.0, 6.0, 4.0], [1.0, 5.0, 5.0, 2.0, 1.0, 6.0, 2.0, 5.0, 2.0, 3.0, 4.0, 2.0, 5.0, 2.0, 2.0, 2.0, 1.0, 2.0, 6.0, 2.0, 6.0, 2.0, 3.0, 6.0, 5.0, 2.0, 6.0, 6.0, 2.0, 2.0, 2.0, 4.0, 6.0, 6.0, 2.0, 5.0, 2.0, 2.0, 4.0, 4.0, 6.0, 3.0], [1.0, 6.0, 5.0, 2.0, 2.0, 5.0, 2.0, 5.0, 3.0, 2.0, 4.0, 2.0, 4.0, 2.0, 2.0, 2.0, 1.0, 1.0, 5.0, 2.0, 6.0, 2.0, 3.0, 6.0, 5.0, 2.0, 6.0, 6.0, 2.0, 2.0, 2.0, 4.0, 6.0, 6.0, 2.0, 6.0, 2.0, 4.0, 4.0, 5.0, 5.0, 4.0], [2.0, 6.0, 5.0, 2.0, 1.0, 5.0, 2.0, 5.0, 2.0, 2.0, 4.0, 2.0, 4.0, 1.0, 2.0, 2.0, 1.0, 1.0, 6.0, 2.0, 6.0, 2.0, 3.0, 6.0, 5.0, 2.0, 6.0, 6.0, 2.0, 2.0, 2.0, 4.0, 6.0, 5.0, 2.0, 6.0, 2.0, 4.0, 5.0, 4.0, 6.0, 4.0], [2.0, 6.0, 5.0, 2.0, 2.0, 6.0, 2.0, 4.0, 3.0, 1.0, 4.0, 2.0, 5.0, 1.0, 2.0, 2.0, 1.0, 2.0, 5.0, 2.0, 6.0, 2.0, 3.0, 6.0, 5.0, 2.0, 6.0, 6.0, 2.0, 2.0, 2.0, 6.0, 6.0, 6.0, 2.0, 6.0, 3.0, 2.0, 4.0, 4.0, 5.0, 4.0], [1.0, 6.0, 5.0, 3.0, 1.0, 5.0, 2.0, 5.0, 3.0, 1.0, 4.0, 2.0, 5.0, 1.0, 2.0, 2.0, 1.0, 2.0, 5.0, 2.0, 6.0, 2.0, 3.0, 6.0, 5.0, 2.0, 6.0, 6.0, 2.0, 2.0, 2.0, 5.0, 6.0, 6.0, 2.0, 6.0, 2.0, 4.0, 4.0, 5.0, 5.0, 3.0], [2.0, 6.0, 5.0, 2.0, 1.0, 6.0, 2.0, 3.0, 3.0, 3.0, 3.0, 1.0, 5.0, 1.0, 2.0, 2.0, 1.0, 1.0, 3.0, 2.0, 6.0, 2.0, 3.0, 6.0, 5.0, 2.0, 6.0, 6.0, 2.0, 2.0, 2.0, 5.0, 6.0, 6.0, 2.0, 6.0, 2.0, 4.0, 4.0, 5.0, 6.0, 4.0], [2.0, 6.0, 5.0, 2.0, 1.0, 6.0, 2.0, 4.0, 3.0, 3.0, 4.0, 1.0, 5.0, 2.0, 2.0, 2.0, 1.0, 1.0, 5.0, 2.0, 6.0, 2.0, 3.0, 6.0, 5.0, 2.0, 6.0, 3.0, 2.0, 2.0, 2.0, 5.0, 6.0, 6.0, 2.0, 6.0, 2.0, 4.0, 4.0, 4.0, 5.0, 4.0], [1.0, 6.0, 6.0, 2.0, 1.0, 6.0, 2.0, 5.0, 2.0, 2.0, 3.0, 1.0, 5.0, 1.0, 2.0, 2.0, 1.0, 2.0, 6.0, 1.0, 6.0, 2.0, 3.0, 6.0, 5.0, 2.0, 6.0, 6.0, 2.0, 2.0, 2.0, 4.0, 6.0, 6.0, 2.0, 6.0, 2.0, 4.0, 4.0, 2.0, 4.0, 4.0], [2.0, 6.0, 5.0, 2.0, 2.0, 6.0, 2.0, 5.0, 2.0, 2.0, 3.0, 1.0, 5.0, 2.0, 2.0, 4.0, 1.0, 2.0, 3.0, 2.0, 6.0, 2.0, 4.0, 6.0, 5.0, 2.0, 6.0, 6.0, 2.0, 2.0, 2.0, 5.0, 6.0, 6.0, 2.0, 6.0, 2.0, 4.0, 4.0, 3.0, 5.0, 4.0], [1.0, 6.0, 5.0, 2.0, 2.0, 6.0, 2.0, 5.0, 2.0, 2.0, 3.0, 2.0, 5.0, 1.0, 2.0, 2.0, 1.0, 1.0, 6.0, 2.0, 6.0, 2.0, 4.0, 6.0, 5.0, 2.0, 6.0, 6.0, 2.0, 2.0, 2.0, 5.0, 6.0, 4.0, 2.0, 6.0, 2.0, 4.0, 4.0, 5.0, 6.0, 4.0], [2.0, 6.0, 6.0, 2.0, 1.0, 6.0, 2.0, 5.0, 2.0, 1.0, 4.0, 1.0, 5.0, 2.0, 2.0, 2.0, 1.0, 1.0, 5.0, 2.0, 6.0, 2.0, 4.0, 6.0, 5.0, 2.0, 6.0, 6.0, 2.0, 2.0, 2.0, 6.0, 6.0, 6.0, 2.0, 6.0, 2.0, 4.0, 4.0, 4.0, 6.0, 4.0], [2.0, 6.0, 5.0, 2.0, 1.0, 6.0, 2.0, 5.0, 2.0, 2.0, 2.0, 1.0, 5.0, 1.0, 2.0, 2.0, 1.0, 2.0, 6.0, 2.0, 6.0, 2.0, 3.0, 6.0, 5.0, 3.0, 6.0, 6.0, 2.0, 2.0, 2.0, 4.0, 6.0, 6.0, 2.0, 6.0, 2.0, 2.0, 4.0, 4.0, 5.0, 4.0], [2.0, 6.0, 5.0, 2.0, 2.0, 6.0, 2.0, 5.0, 3.0, 2.0, 2.0, 1.0, 5.0, 1.0, 2.0, 2.0, 1.0, 1.0, 5.0, 2.0, 6.0, 2.0, 4.0, 6.0, 5.0, 2.0, 6.0, 6.0, 2.0, 2.0, 2.0, 6.0, 6.0, 4.0, 2.0, 5.0, 2.0, 4.0, 4.0, 5.0, 6.0, 4.0], [2.0, 5.0, 6.0, 2.0, 1.0, 4.0, 2.0, 5.0, 2.0, 2.0, 4.0, 2.0, 5.0, 1.0, 2.0, 2.0, 1.0, 1.0, 5.0, 2.0, 6.0, 2.0, 3.0, 6.0, 5.0, 3.0, 6.0, 6.0, 2.0, 2.0, 2.0, 4.0, 6.0, 6.0, 2.0, 4.0, 2.0, 4.0, 4.0, 3.0, 5.0, 4.0], [1.0, 6.0, 6.0, 2.0, 1.0, 3.0, 2.0, 5.0, 3.0, 2.0, 3.0, 1.0, 5.0, 1.0, 2.0, 2.0, 1.0, 2.0, 6.0, 2.0, 6.0, 2.0, 3.0, 6.0, 5.0, 2.0, 6.0, 6.0, 2.0, 2.0, 2.0, 4.0, 6.0, 6.0, 2.0, 3.0, 2.0, 2.0, 4.0, 3.0, 5.0, 4.0], [2.0, 6.0, 5.0, 2.0, 1.0, 5.0, 2.0, 5.0, 2.0, 1.0, 4.0, 1.0, 4.0, 1.0, 2.0, 2.0, 1.0, 1.0, 5.0, 2.0, 6.0, 2.0, 4.0, 6.0, 5.0, 2.0, 6.0, 6.0, 2.0, 2.0, 2.0, 4.0, 6.0, 5.0, 2.0, 6.0, 2.0, 4.0, 4.0, 5.0, 6.0, 4.0], [2.0, 6.0, 5.0, 2.0, 1.0, 6.0, 2.0, 3.0, 2.0, 2.0, 4.0, 2.0, 5.0, 2.0, 2.0, 2.0, 1.0, 1.0, 5.0, 2.0, 6.0, 2.0, 4.0, 6.0, 5.0, 2.0, 6.0, 6.0, 2.0, 2.0, 2.0, 6.0, 6.0, 5.0, 2.0, 6.0, 2.0, 4.0, 5.0, 5.0, 5.0, 4.0], [1.0, 6.0, 5.0, 2.0, 1.0, 6.0, 2.0, 5.0, 3.0, 1.0, 4.0, 1.0, 4.0, 2.0, 2.0, 2.0, 1.0, 2.0, 5.0, 2.0, 6.0, 1.0, 4.0, 6.0, 5.0, 2.0, 6.0, 6.0, 2.0, 2.0, 2.0, 4.0, 6.0, 5.0, 2.0, 6.0, 2.0, 2.0, 4.0, 2.0, 6.0, 4.0], [2.0, 6.0, 6.0, 1.0, 2.0, 6.0, 2.0, 5.0, 2.0, 1.0, 3.0, 1.0, 5.0, 1.0, 2.0, 2.0, 1.0, 1.0, 5.0, 2.0, 6.0, 2.0, 3.0, 6.0, 5.0, 3.0, 6.0, 6.0, 2.0, 2.0, 2.0, 6.0, 6.0, 6.0, 2.0, 6.0, 2.0, 2.0, 4.0, 5.0, 6.0, 4.0], [1.0, 6.0, 5.0, 2.0, 2.0, 6.0, 2.0, 5.0, 3.0, 1.0, 3.0, 1.0, 5.0, 2.0, 2.0, 2.0, 1.0, 2.0, 5.0, 1.0, 6.0, 2.0, 4.0, 6.0, 5.0, 2.0, 6.0, 6.0, 2.0, 2.0, 2.0, 4.0, 6.0, 6.0, 2.0, 6.0, 2.0, 4.0, 5.0, 5.0, 5.0, 4.0], [2.0, 6.0, 5.0, 2.0, 1.0, 6.0, 2.0, 5.0, 2.0, 1.0, 4.0, 2.0, 4.0, 1.0, 2.0, 2.0, 1.0, 1.0, 3.0, 2.0, 6.0, 2.0, 3.0, 6.0, 5.0, 2.0, 6.0, 6.0, 2.0, 2.0, 2.0, 4.0, 6.0, 4.0, 2.0, 6.0, 2.0, 2.0, 4.0, 5.0, 6.0, 4.0], [1.0, 5.0, 6.0, 2.0, 2.0, 6.0, 2.0, 5.0, 3.0, 1.0, 3.0, 1.0, 5.0, 1.0, 2.0, 2.0, 1.0, 2.0, 5.0, 2.0, 6.0, 2.0, 3.0, 6.0, 5.0, 2.0, 6.0, 6.0, 2.0, 2.0, 2.0, 5.0, 6.0, 6.0, 2.0, 6.0, 2.0, 4.0, 6.0, 5.0, 6.0, 4.0], [2.0, 6.0, 5.0, 1.0, 1.0, 6.0, 2.0, 5.0, 2.0, 2.0, 2.0, 2.0, 4.0, 1.0, 2.0, 2.0, 1.0, 1.0, 3.0, 2.0, 6.0, 2.0, 4.0, 6.0, 5.0, 2.0, 6.0, 6.0, 2.0, 2.0, 2.0, 4.0, 6.0, 6.0, 2.0, 5.0, 2.0, 4.0, 4.0, 2.0, 6.0, 4.0], [1.0, 6.0, 6.0, 2.0, 1.0, 6.0, 2.0, 5.0, 3.0, 3.0, 3.0, 2.0, 5.0, 1.0, 2.0, 2.0, 1.0, 2.0, 6.0, 2.0, 6.0, 2.0, 3.0, 6.0, 5.0, 2.0, 6.0, 6.0, 2.0, 2.0, 2.0, 4.0, 6.0, 6.0, 2.0, 5.0, 2.0, 4.0, 5.0, 2.0, 5.0, 4.0], [2.0, 6.0, 5.0, 2.0, 1.0, 6.0, 2.0, 6.0, 2.0, 1.0, 4.0, 1.0, 5.0, 1.0, 2.0, 2.0, 1.0, 1.0, 3.0, 2.0, 6.0, 2.0, 3.0, 6.0, 5.0, 2.0, 6.0, 6.0, 2.0, 2.0, 2.0, 4.0, 6.0, 6.0, 2.0, 6.0, 2.0, 4.0, 5.0, 5.0, 6.0, 3.0], [2.0, 6.0, 5.0, 2.0, 1.0, 6.0, 2.0, 4.0, 2.0, 1.0, 4.0, 1.0, 5.0, 1.0, 2.0, 2.0, 1.0, 1.0, 3.0, 2.0, 6.0, 2.0, 4.0, 6.0, 5.0, 2.0, 6.0, 6.0, 2.0, 2.0, 2.0, 4.0, 4.0, 6.0, 2.0, 4.0, 2.0, 4.0, 4.0, 5.0, 6.0, 5.0], [2.0, 6.0, 5.0, 2.0, 1.0, 6.0, 2.0, 5.0, 1.0, 2.0, 4.0, 1.0, 6.0, 1.0, 2.0, 2.0, 1.0, 1.0, 6.0, 2.0, 6.0, 2.0, 3.0, 6.0, 5.0, 2.0, 6.0, 6.0, 2.0, 2.0, 2.0, 4.0, 6.0, 6.0, 2.0, 4.0, 2.0, 2.0, 5.0, 5.0, 6.0, 4.0], [2.0, 5.0, 5.0, 2.0, 2.0, 6.0, 2.0, 5.0, 3.0, 3.0, 4.0, 1.0, 5.0, 2.0, 2.0, 2.0, 1.0, 2.0, 5.0, 1.0, 6.0, 2.0, 3.0, 6.0, 5.0, 2.0, 6.0, 6.0, 2.0, 2.0, 2.0, 5.0, 6.0, 6.0, 2.0, 6.0, 2.0, 2.0, 4.0, 5.0, 5.0, 4.0], [1.0, 6.0, 5.0, 2.0, 1.0, 6.0, 2.0, 5.0, 3.0, 1.0, 3.0, 1.0, 4.0, 2.0, 2.0, 2.0, 1.0, 2.0, 5.0, 2.0, 6.0, 2.0, 3.0, 6.0, 5.0, 3.0, 6.0, 6.0, 2.0, 2.0, 2.0, 6.0, 6.0, 6.0, 2.0, 6.0, 2.0, 4.0, 4.0, 4.0, 6.0, 4.0], [1.0, 6.0, 6.0, 2.0, 1.0, 6.0, 2.0, 5.0, 3.0, 1.0, 4.0, 1.0, 6.0, 1.0, 2.0, 2.0, 1.0, 2.0, 6.0, 2.0, 6.0, 2.0, 4.0, 6.0, 5.0, 2.0, 6.0, 6.0, 2.0, 2.0, 2.0, 6.0, 6.0, 6.0, 2.0, 5.0, 2.0, 4.0, 4.0, 5.0, 5.0, 4.0], [2.0, 6.0, 5.0, 2.0, 1.0, 5.0, 2.0, 5.0, 2.0, 1.0, 2.0, 1.0, 5.0, 1.0, 2.0, 2.0, 1.0, 2.0, 6.0, 2.0, 6.0, 2.0, 3.0, 6.0, 5.0, 2.0, 6.0, 6.0, 2.0, 2.0, 2.0, 4.0, 4.0, 6.0, 2.0, 4.0, 2.0, 2.0, 4.0, 5.0, 3.0, 4.0], [2.0, 3.0, 5.0, 2.0, 1.0, 6.0, 2.0, 5.0, 3.0, 2.0, 2.0, 2.0, 5.0, 1.0, 2.0, 2.0, 1.0, 1.0, 3.0, 2.0, 6.0, 2.0, 3.0, 6.0, 5.0, 2.0, 6.0, 6.0, 2.0, 2.0, 2.0, 4.0, 6.0, 6.0, 2.0, 5.0, 2.0, 4.0, 4.0, 2.0, 6.0, 4.0], [2.0, 6.0, 5.0, 2.0, 1.0, 6.0, 2.0, 5.0, 2.0, 1.0, 4.0, 2.0, 6.0, 1.0, 2.0, 2.0, 1.0, 1.0, 3.0, 2.0, 6.0, 2.0, 3.0, 6.0, 5.0, 2.0, 6.0, 6.0, 2.0, 2.0, 2.0, 4.0, 6.0, 5.0, 2.0, 6.0, 2.0, 2.0, 4.0, 5.0, 5.0, 4.0], [2.0, 6.0, 5.0, 2.0, 2.0, 6.0, 2.0, 3.0, 2.0, 1.0, 4.0, 1.0, 5.0, 2.0, 2.0, 2.0, 1.0, 1.0, 6.0, 2.0, 6.0, 2.0, 3.0, 6.0, 5.0, 2.0, 6.0, 6.0, 2.0, 2.0, 2.0, 4.0, 6.0, 6.0, 2.0, 6.0, 2.0, 4.0, 4.0, 5.0, 6.0, 4.0], [2.0, 6.0, 6.0, 2.0, 1.0, 6.0, 2.0, 5.0, 2.0, 2.0, 4.0, 1.0, 4.0, 1.0, 2.0, 4.0, 1.0, 1.0, 5.0, 2.0, 6.0, 2.0, 4.0, 6.0, 5.0, 2.0, 6.0, 6.0, 2.0, 2.0, 2.0, 4.0, 6.0, 6.0, 2.0, 6.0, 3.0, 2.0, 4.0, 4.0, 5.0, 3.0], [2.0, 6.0, 5.0, 2.0, 2.0, 6.0, 2.0, 5.0, 3.0, 1.0, 4.0, 1.0, 5.0, 2.0, 2.0, 2.0, 1.0, 1.0, 6.0, 2.0, 6.0, 2.0, 4.0, 6.0, 5.0, 2.0, 6.0, 6.0, 2.0, 2.0, 2.0, 4.0, 6.0, 6.0, 2.0, 4.0, 2.0, 4.0, 4.0, 4.0, 5.0, 4.0], [2.0, 6.0, 6.0, 2.0, 1.0, 6.0, 2.0, 5.0, 2.0, 3.0, 4.0, 1.0, 5.0, 1.0, 2.0, 4.0, 1.0, 1.0, 6.0, 2.0, 6.0, 2.0, 4.0, 6.0, 5.0, 2.0, 6.0, 6.0, 2.0, 2.0, 2.0, 5.0, 6.0, 4.0, 2.0, 6.0, 2.0, 2.0, 4.0, 2.0, 6.0, 4.0], [2.0, 6.0, 5.0, 2.0, 1.0, 6.0, 2.0, 5.0, 3.0, 3.0, 2.0, 1.0, 4.0, 1.0, 2.0, 2.0, 1.0, 1.0, 6.0, 2.0, 6.0, 2.0, 4.0, 6.0, 5.0, 2.0, 6.0, 6.0, 2.0, 2.0, 2.0, 6.0, 6.0, 4.0, 2.0, 4.0, 2.0, 2.0, 4.0, 4.0, 5.0, 4.0], [2.0, 6.0, 5.0, 2.0, 2.0, 6.0, 2.0, 5.0, 2.0, 3.0, 4.0, 1.0, 5.0, 1.0, 2.0, 2.0, 1.0, 2.0, 6.0, 2.0, 6.0, 2.0, 3.0, 6.0, 5.0, 2.0, 6.0, 6.0, 2.0, 2.0, 2.0, 5.0, 6.0, 6.0, 2.0, 6.0, 2.0, 4.0, 4.0, 5.0, 5.0, 3.0], [1.0, 6.0, 5.0, 2.0, 1.0, 4.0, 2.0, 5.0, 3.0, 1.0, 4.0, 2.0, 5.0, 2.0, 2.0, 2.0, 1.0, 1.0, 6.0, 2.0, 6.0, 2.0, 3.0, 6.0, 5.0, 2.0, 6.0, 6.0, 2.0, 2.0, 2.0, 5.0, 6.0, 6.0, 2.0, 4.0, 2.0, 4.0, 4.0, 2.0, 5.0, 3.0]]

first layer check: Conv2d(6, 64, kernel_size=(7, 7), stride=(2, 2), padding=(3, 3), bias=False)

for model 4: mode acc: 0.5, run mean acc: 0.4479166865348816, top-2 acc:0.7337499856948853, mode f1: 0.5

model 4 mode preds
[1.0, 6.0, 6.0, 2.0, 1.0, 6.0, 2.0, 3.0, 3.0, 3.0, 3.0, 1.0, 4.0, 3.0, 2.0, 2.0, 1.0, 1.0, 3.0, 2.0, 6.0, 2.0, 3.0, 6.0, 6.0, 2.0, 6.0, 6.0, 2.0, 2.0, 2.0, 6.0, 6.0, 6.0, 2.0, 6.0, 2.0, 2.0, 3.0, 3.0, 6.0, 4.0]

model 4 all preds
[[1.0, 6.0, 3.0, 3.0, 1.0, 3.0, 2.0, 3.0, 2.0, 3.0, 4.0, 1.0, 3.0, 3.0, 2.0, 3.0, 1.0, 2.0, 6.0, 2.0, 6.0, 2.0, 3.0, 6.0, 3.0, 2.0, 6.0, 6.0, 2.0, 2.0, 2.0, 4.0, 6.0, 6.0, 2.0, 6.0, 2.0, 2.0, 3.0, 3.0, 6.0, 3.0], [1.0, 6.0, 6.0, 3.0, 1.0, 6.0, 2.0, 4.0, 3.0, 1.0, 3.0, 1.0, 6.0, 3.0, 3.0, 3.0, 1.0, 1.0, 3.0, 2.0, 6.0, 2.0, 3.0, 5.0, 5.0, 2.0, 6.0, 6.0, 2.0, 2.0, 2.0, 3.0, 6.0, 6.0, 2.0, 6.0, 2.0, 2.0, 3.0, 2.0, 3.0, 3.0], [1.0, 6.0, 5.0, 2.0, 1.0, 6.0, 2.0, 3.0, 3.0, 2.0, 4.0, 1.0, 3.0, 3.0, 2.0, 2.0, 1.0, 2.0, 3.0, 2.0, 6.0, 2.0, 4.0, 6.0, 6.0, 2.0, 6.0, 6.0, 2.0, 2.0, 2.0, 6.0, 6.0, 4.0, 2.0, 3.0, 2.0, 2.0, 5.0, 3.0, 6.0, 3.0], [2.0, 6.0, 6.0, 2.0, 1.0, 3.0, 2.0, 4.0, 3.0, 2.0, 4.0, 1.0, 3.0, 3.0, 2.0, 2.0, 1.0, 3.0, 6.0, 2.0, 6.0, 2.0, 3.0, 6.0, 6.0, 2.0, 6.0, 6.0, 2.0, 2.0, 2.0, 3.0, 6.0, 6.0, 2.0, 6.0, 2.0, 2.0, 4.0, 3.0, 3.0, 3.0], [1.0, 6.0, 5.0, 2.0, 1.0, 6.0, 2.0, 4.0, 3.0, 3.0, 3.0, 1.0, 3.0, 3.0, 2.0, 3.0, 2.0, 3.0, 3.0, 2.0, 6.0, 2.0, 4.0, 6.0, 6.0, 2.0, 6.0, 6.0, 2.0, 2.0, 2.0, 6.0, 6.0, 6.0, 2.0, 6.0, 2.0, 2.0, 3.0, 3.0, 6.0, 4.0], [1.0, 6.0, 6.0, 3.0, 1.0, 6.0, 2.0, 3.0, 3.0, 3.0, 3.0, 1.0, 3.0, 3.0, 2.0, 3.0, 1.0, 1.0, 3.0, 2.0, 6.0, 2.0, 4.0, 6.0, 5.0, 2.0, 6.0, 6.0, 2.0, 2.0, 2.0, 4.0, 6.0, 6.0, 2.0, 4.0, 2.0, 2.0, 4.0, 2.0, 3.0, 4.0], [1.0, 3.0, 3.0, 2.0, 1.0, 3.0, 2.0, 3.0, 3.0, 2.0, 3.0, 2.0, 4.0, 3.0, 2.0, 2.0, 1.0, 1.0, 3.0, 2.0, 6.0, 2.0, 3.0, 6.0, 6.0, 2.0, 6.0, 6.0, 2.0, 2.0, 2.0, 6.0, 6.0, 4.0, 2.0, 6.0, 2.0, 2.0, 3.0, 3.0, 6.0, 4.0], [2.0, 6.0, 6.0, 2.0, 1.0, 6.0, 2.0, 3.0, 3.0, 2.0, 3.0, 1.0, 4.0, 3.0, 2.0, 2.0, 1.0, 1.0, 6.0, 2.0, 6.0, 2.0, 3.0, 6.0, 5.0, 2.0, 6.0, 6.0, 2.0, 2.0, 2.0, 3.0, 6.0, 6.0, 2.0, 6.0, 2.0, 2.0, 4.0, 3.0, 6.0, 4.0], [1.0, 6.0, 5.0, 2.0, 1.0, 6.0, 2.0, 3.0, 3.0, 3.0, 4.0, 1.0, 4.0, 3.0, 2.0, 2.0, 1.0, 1.0, 3.0, 2.0, 6.0, 2.0, 3.0, 6.0, 6.0, 2.0, 6.0, 6.0, 2.0, 2.0, 2.0, 3.0, 3.0, 3.0, 2.0, 3.0, 2.0, 2.0, 3.0, 3.0, 6.0, 4.0], [1.0, 6.0, 6.0, 2.0, 1.0, 6.0, 2.0, 3.0, 3.0, 2.0, 4.0, 1.0, 4.0, 3.0, 2.0, 2.0, 1.0, 2.0, 3.0, 2.0, 6.0, 2.0, 3.0, 6.0, 6.0, 2.0, 5.0, 6.0, 2.0, 2.0, 2.0, 3.0, 6.0, 6.0, 2.0, 6.0, 2.0, 2.0, 4.0, 3.0, 5.0, 4.0], [2.0, 5.0, 6.0, 2.0, 1.0, 6.0, 2.0, 3.0, 3.0, 2.0, 4.0, 1.0, 4.0, 3.0, 2.0, 3.0, 1.0, 1.0, 3.0, 2.0, 6.0, 2.0, 3.0, 6.0, 3.0, 2.0, 6.0, 6.0, 2.0, 2.0, 2.0, 6.0, 6.0, 6.0, 2.0, 6.0, 2.0, 2.0, 3.0, 2.0, 3.0, 4.0], [1.0, 6.0, 3.0, 2.0, 1.0, 6.0, 2.0, 3.0, 3.0, 3.0, 3.0, 2.0, 6.0, 3.0, 2.0, 3.0, 1.0, 1.0, 5.0, 2.0, 6.0, 2.0, 3.0, 6.0, 3.0, 2.0, 3.0, 6.0, 2.0, 2.0, 2.0, 3.0, 6.0, 6.0, 2.0, 6.0, 2.0, 2.0, 3.0, 3.0, 6.0, 4.0], [2.0, 6.0, 3.0, 2.0, 1.0, 6.0, 2.0, 3.0, 3.0, 3.0, 2.0, 1.0, 4.0, 3.0, 2.0, 2.0, 1.0, 3.0, 3.0, 2.0, 6.0, 2.0, 4.0, 6.0, 6.0, 2.0, 6.0, 6.0, 2.0, 2.0, 3.0, 6.0, 6.0, 4.0, 2.0, 6.0, 2.0, 2.0, 4.0, 3.0, 3.0, 3.0], [1.0, 6.0, 3.0, 2.0, 1.0, 6.0, 2.0, 3.0, 3.0, 3.0, 3.0, 2.0, 3.0, 3.0, 2.0, 2.0, 1.0, 2.0, 3.0, 2.0, 6.0, 2.0, 3.0, 6.0, 5.0, 2.0, 6.0, 3.0, 2.0, 2.0, 2.0, 6.0, 6.0, 6.0, 2.0, 6.0, 2.0, 2.0, 3.0, 3.0, 5.0, 3.0], [1.0, 6.0, 5.0, 2.0, 1.0, 6.0, 2.0, 3.0, 2.0, 2.0, 3.0, 2.0, 3.0, 3.0, 2.0, 3.0, 1.0, 2.0, 6.0, 2.0, 6.0, 2.0, 4.0, 6.0, 3.0, 2.0, 6.0, 6.0, 2.0, 2.0, 2.0, 6.0, 6.0, 4.0, 2.0, 6.0, 2.0, 4.0, 4.0, 3.0, 6.0, 4.0], [1.0, 6.0, 6.0, 2.0, 1.0, 6.0, 2.0, 4.0, 3.0, 3.0, 3.0, 1.0, 4.0, 3.0, 2.0, 3.0, 1.0, 1.0, 6.0, 2.0, 5.0, 2.0, 3.0, 6.0, 3.0, 2.0, 6.0, 6.0, 2.0, 2.0, 2.0, 4.0, 6.0, 6.0, 2.0, 5.0, 2.0, 2.0, 4.0, 3.0, 3.0, 4.0], [2.0, 6.0, 5.0, 2.0, 1.0, 6.0, 2.0, 3.0, 3.0, 3.0, 2.0, 1.0, 4.0, 1.0, 2.0, 3.0, 1.0, 1.0, 3.0, 2.0, 6.0, 2.0, 3.0, 6.0, 5.0, 2.0, 6.0, 6.0, 2.0, 2.0, 2.0, 6.0, 6.0, 5.0, 2.0, 6.0, 2.0, 2.0, 5.0, 5.0, 6.0, 4.0], [2.0, 6.0, 3.0, 2.0, 1.0, 6.0, 2.0, 5.0, 3.0, 2.0, 2.0, 1.0, 4.0, 1.0, 2.0, 2.0, 1.0, 1.0, 3.0, 2.0, 6.0, 2.0, 3.0, 6.0, 6.0, 2.0, 6.0, 6.0, 2.0, 2.0, 2.0, 6.0, 4.0, 6.0, 2.0, 3.0, 2.0, 2.0, 4.0, 2.0, 3.0, 4.0], [2.0, 6.0, 3.0, 2.0, 1.0, 6.0, 2.0, 4.0, 3.0, 3.0, 3.0, 1.0, 4.0, 3.0, 2.0, 2.0, 1.0, 2.0, 6.0, 2.0, 6.0, 2.0, 4.0, 6.0, 6.0, 2.0, 6.0, 6.0, 2.0, 2.0, 2.0, 6.0, 6.0, 6.0, 2.0, 6.0, 2.0, 3.0, 4.0, 5.0, 6.0, 3.0], [1.0, 6.0, 3.0, 2.0, 1.0, 6.0, 2.0, 3.0, 3.0, 3.0, 4.0, 1.0, 3.0, 1.0, 2.0, 2.0, 1.0, 1.0, 6.0, 2.0, 6.0, 2.0, 3.0, 5.0, 3.0, 2.0, 6.0, 3.0, 2.0, 2.0, 2.0, 6.0, 6.0, 4.0, 2.0, 6.0, 2.0, 2.0, 5.0, 3.0, 6.0, 3.0], [1.0, 3.0, 6.0, 2.0, 1.0, 6.0, 2.0, 3.0, 2.0, 2.0, 3.0, 1.0, 4.0, 1.0, 2.0, 3.0, 2.0, 1.0, 5.0, 2.0, 6.0, 2.0, 3.0, 6.0, 3.0, 2.0, 4.0, 6.0, 2.0, 2.0, 2.0, 6.0, 6.0, 3.0, 2.0, 6.0, 2.0, 2.0, 3.0, 3.0, 6.0, 3.0], [1.0, 6.0, 5.0, 2.0, 1.0, 6.0, 2.0, 5.0, 3.0, 3.0, 2.0, 1.0, 4.0, 2.0, 2.0, 2.0, 1.0, 1.0, 3.0, 2.0, 6.0, 2.0, 4.0, 6.0, 6.0, 2.0, 6.0, 6.0, 2.0, 2.0, 3.0, 6.0, 6.0, 4.0, 2.0, 5.0, 2.0, 2.0, 5.0, 2.0, 3.0, 3.0], [1.0, 6.0, 6.0, 2.0, 1.0, 6.0, 2.0, 3.0, 3.0, 3.0, 3.0, 1.0, 4.0, 3.0, 2.0, 3.0, 1.0, 2.0, 3.0, 2.0, 6.0, 2.0, 4.0, 6.0, 6.0, 2.0, 6.0, 6.0, 2.0, 2.0, 2.0, 6.0, 6.0, 6.0, 2.0, 3.0, 2.0, 2.0, 3.0, 2.0, 6.0, 3.0], [1.0, 6.0, 3.0, 2.0, 1.0, 3.0, 2.0, 3.0, 3.0, 1.0, 3.0, 1.0, 6.0, 1.0, 2.0, 3.0, 1.0, 3.0, 3.0, 2.0, 6.0, 1.0, 3.0, 6.0, 6.0, 2.0, 6.0, 6.0, 2.0, 2.0, 2.0, 6.0, 6.0, 6.0, 2.0, 6.0, 2.0, 2.0, 3.0, 3.0, 6.0, 4.0], [1.0, 6.0, 5.0, 2.0, 1.0, 6.0, 2.0, 5.0, 3.0, 3.0, 2.0, 1.0, 4.0, 3.0, 2.0, 2.0, 1.0, 2.0, 3.0, 2.0, 5.0, 2.0, 4.0, 6.0, 6.0, 2.0, 4.0, 3.0, 2.0, 2.0, 2.0, 6.0, 6.0, 6.0, 2.0, 6.0, 2.0, 2.0, 3.0, 3.0, 6.0, 4.0], [2.0, 5.0, 6.0, 2.0, 1.0, 6.0, 2.0, 3.0, 3.0, 2.0, 3.0, 1.0, 4.0, 3.0, 2.0, 3.0, 2.0, 1.0, 3.0, 2.0, 6.0, 2.0, 3.0, 6.0, 6.0, 2.0, 4.0, 6.0, 2.0, 2.0, 2.0, 3.0, 6.0, 6.0, 2.0, 6.0, 2.0, 2.0, 3.0, 3.0, 6.0, 4.0], [2.0, 6.0, 6.0, 2.0, 1.0, 2.0, 2.0, 3.0, 3.0, 3.0, 2.0, 1.0, 3.0, 3.0, 3.0, 2.0, 2.0, 1.0, 3.0, 2.0, 6.0, 2.0, 3.0, 4.0, 5.0, 2.0, 6.0, 6.0, 2.0, 2.0, 2.0, 6.0, 6.0, 6.0, 2.0, 5.0, 2.0, 2.0, 4.0, 2.0, 6.0, 4.0], [1.0, 6.0, 5.0, 2.0, 1.0, 3.0, 2.0, 3.0, 3.0, 3.0, 2.0, 2.0, 4.0, 3.0, 2.0, 3.0, 1.0, 3.0, 6.0, 2.0, 6.0, 2.0, 3.0, 3.0, 6.0, 2.0, 6.0, 6.0, 2.0, 2.0, 2.0, 3.0, 6.0, 6.0, 2.0, 6.0, 2.0, 2.0, 5.0, 3.0, 6.0, 4.0], [1.0, 3.0, 5.0, 2.0, 1.0, 6.0, 2.0, 3.0, 3.0, 3.0, 4.0, 2.0, 6.0, 3.0, 2.0, 2.0, 1.0, 1.0, 5.0, 2.0, 6.0, 2.0, 3.0, 6.0, 5.0, 2.0, 5.0, 3.0, 2.0, 2.0, 1.0, 3.0, 6.0, 3.0, 2.0, 6.0, 2.0, 2.0, 4.0, 3.0, 3.0, 4.0], [1.0, 6.0, 6.0, 2.0, 1.0, 6.0, 2.0, 5.0, 2.0, 1.0, 3.0, 1.0, 3.0, 3.0, 2.0, 3.0, 1.0, 1.0, 6.0, 2.0, 6.0, 2.0, 4.0, 6.0, 3.0, 2.0, 6.0, 6.0, 2.0, 2.0, 2.0, 3.0, 6.0, 4.0, 2.0, 6.0, 2.0, 2.0, 3.0, 2.0, 6.0, 3.0], [1.0, 6.0, 3.0, 2.0, 1.0, 6.0, 2.0, 3.0, 3.0, 3.0, 3.0, 1.0, 4.0, 3.0, 2.0, 2.0, 1.0, 1.0, 6.0, 2.0, 6.0, 2.0, 4.0, 6.0, 3.0, 2.0, 6.0, 6.0, 2.0, 2.0, 2.0, 4.0, 6.0, 6.0, 2.0, 3.0, 2.0, 2.0, 3.0, 2.0, 3.0, 4.0], [1.0, 6.0, 6.0, 2.0, 1.0, 6.0, 2.0, 3.0, 1.0, 3.0, 3.0, 2.0, 4.0, 3.0, 2.0, 3.0, 2.0, 1.0, 3.0, 2.0, 6.0, 2.0, 4.0, 6.0, 3.0, 2.0, 6.0, 3.0, 2.0, 2.0, 2.0, 3.0, 6.0, 4.0, 2.0, 6.0, 2.0, 2.0, 5.0, 3.0, 6.0, 3.0], [1.0, 6.0, 5.0, 2.0, 1.0, 6.0, 2.0, 3.0, 3.0, 3.0, 3.0, 1.0, 3.0, 2.0, 2.0, 2.0, 1.0, 3.0, 6.0, 2.0, 6.0, 2.0, 4.0, 6.0, 3.0, 2.0, 6.0, 6.0, 2.0, 2.0, 2.0, 3.0, 6.0, 5.0, 2.0, 6.0, 3.0, 2.0, 4.0, 3.0, 5.0, 3.0], [1.0, 6.0, 3.0, 2.0, 1.0, 6.0, 2.0, 3.0, 3.0, 3.0, 3.0, 1.0, 3.0, 3.0, 2.0, 3.0, 2.0, 3.0, 5.0, 2.0, 6.0, 2.0, 4.0, 6.0, 3.0, 2.0, 6.0, 6.0, 2.0, 2.0, 2.0, 3.0, 6.0, 6.0, 2.0, 6.0, 2.0, 2.0, 4.0, 4.0, 3.0, 4.0], [2.0, 6.0, 5.0, 2.0, 1.0, 6.0, 2.0, 3.0, 3.0, 1.0, 4.0, 1.0, 4.0, 3.0, 2.0, 3.0, 1.0, 3.0, 6.0, 2.0, 6.0, 2.0, 3.0, 6.0, 6.0, 2.0, 6.0, 6.0, 2.0, 2.0, 2.0, 6.0, 6.0, 4.0, 2.0, 6.0, 2.0, 2.0, 5.0, 3.0, 6.0, 4.0], [2.0, 6.0, 3.0, 2.0, 1.0, 3.0, 2.0, 3.0, 3.0, 3.0, 3.0, 1.0, 6.0, 2.0, 2.0, 3.0, 1.0, 2.0, 3.0, 2.0, 6.0, 2.0, 4.0, 6.0, 3.0, 2.0, 5.0, 6.0, 2.0, 2.0, 2.0, 6.0, 3.0, 4.0, 2.0, 6.0, 2.0, 2.0, 4.0, 3.0, 6.0, 3.0], [2.0, 5.0, 3.0, 2.0, 1.0, 3.0, 2.0, 3.0, 3.0, 3.0, 4.0, 1.0, 3.0, 3.0, 2.0, 2.0, 1.0, 1.0, 3.0, 2.0, 6.0, 2.0, 3.0, 6.0, 3.0, 2.0, 4.0, 6.0, 2.0, 2.0, 2.0, 6.0, 6.0, 4.0, 2.0, 6.0, 2.0, 2.0, 3.0, 3.0, 6.0, 3.0], [1.0, 6.0, 6.0, 2.0, 1.0, 6.0, 2.0, 4.0, 1.0, 3.0, 3.0, 1.0, 3.0, 1.0, 2.0, 2.0, 1.0, 2.0, 5.0, 2.0, 6.0, 2.0, 3.0, 6.0, 6.0, 2.0, 6.0, 3.0, 2.0, 2.0, 2.0, 3.0, 4.0, 6.0, 2.0, 6.0, 2.0, 2.0, 4.0, 3.0, 6.0, 4.0], [1.0, 6.0, 6.0, 2.0, 1.0, 6.0, 2.0, 3.0, 3.0, 2.0, 4.0, 1.0, 3.0, 3.0, 2.0, 2.0, 1.0, 1.0, 6.0, 2.0, 6.0, 1.0, 3.0, 6.0, 6.0, 2.0, 6.0, 6.0, 2.0, 2.0, 2.0, 6.0, 6.0, 4.0, 2.0, 6.0, 3.0, 2.0, 5.0, 3.0, 6.0, 4.0], [1.0, 5.0, 5.0, 2.0, 1.0, 6.0, 2.0, 4.0, 3.0, 3.0, 2.0, 1.0, 6.0, 3.0, 2.0, 2.0, 1.0, 2.0, 3.0, 2.0, 3.0, 2.0, 4.0, 6.0, 6.0, 2.0, 6.0, 6.0, 2.0, 2.0, 2.0, 6.0, 6.0, 6.0, 2.0, 6.0, 2.0, 2.0, 4.0, 3.0, 6.0, 3.0], [1.0, 6.0, 3.0, 2.0, 1.0, 6.0, 2.0, 3.0, 3.0, 3.0, 3.0, 1.0, 4.0, 3.0, 2.0, 2.0, 1.0, 1.0, 2.0, 2.0, 6.0, 1.0, 4.0, 4.0, 6.0, 2.0, 3.0, 6.0, 2.0, 2.0, 2.0, 3.0, 6.0, 6.0, 2.0, 6.0, 2.0, 4.0, 2.0, 3.0, 6.0, 4.0], [2.0, 6.0, 6.0, 2.0, 1.0, 6.0, 2.0, 5.0, 1.0, 2.0, 4.0, 1.0, 3.0, 3.0, 2.0, 2.0, 1.0, 1.0, 3.0, 2.0, 6.0, 2.0, 3.0, 6.0, 3.0, 2.0, 4.0, 6.0, 2.0, 2.0, 2.0, 4.0, 6.0, 3.0, 2.0, 6.0, 3.0, 2.0, 3.0, 4.0, 5.0, 4.0], [1.0, 6.0, 3.0, 2.0, 1.0, 6.0, 2.0, 5.0, 3.0, 3.0, 4.0, 2.0, 6.0, 3.0, 2.0, 3.0, 1.0, 1.0, 3.0, 2.0, 6.0, 2.0, 3.0, 6.0, 3.0, 2.0, 6.0, 6.0, 2.0, 2.0, 2.0, 6.0, 6.0, 6.0, 2.0, 6.0, 2.0, 2.0, 3.0, 3.0, 3.0, 4.0], [2.0, 6.0, 3.0, 2.0, 1.0, 6.0, 2.0, 3.0, 3.0, 3.0, 3.0, 1.0, 6.0, 3.0, 2.0, 3.0, 2.0, 3.0, 6.0, 2.0, 6.0, 2.0, 3.0, 6.0, 6.0, 2.0, 4.0, 6.0, 2.0, 2.0, 2.0, 4.0, 6.0, 6.0, 2.0, 4.0, 2.0, 2.0, 5.0, 3.0, 3.0, 4.0], [2.0, 6.0, 6.0, 2.0, 1.0, 6.0, 2.0, 4.0, 3.0, 2.0, 3.0, 1.0, 3.0, 3.0, 2.0, 3.0, 1.0, 1.0, 3.0, 2.0, 6.0, 2.0, 3.0, 6.0, 3.0, 2.0, 4.0, 6.0, 2.0, 2.0, 2.0, 6.0, 6.0, 6.0, 2.0, 6.0, 2.0, 2.0, 3.0, 3.0, 6.0, 4.0], [1.0, 6.0, 6.0, 2.0, 1.0, 6.0, 2.0, 5.0, 3.0, 2.0, 2.0, 1.0, 4.0, 1.0, 2.0, 2.0, 1.0, 3.0, 6.0, 2.0, 5.0, 2.0, 3.0, 6.0, 6.0, 2.0, 3.0, 6.0, 2.0, 2.0, 2.0, 6.0, 6.0, 6.0, 2.0, 6.0, 2.0, 2.0, 4.0, 3.0, 6.0, 4.0], [2.0, 6.0, 6.0, 2.0, 1.0, 6.0, 2.0, 3.0, 3.0, 1.0, 3.0, 1.0, 6.0, 1.0, 2.0, 3.0, 1.0, 3.0, 6.0, 2.0, 6.0, 2.0, 4.0, 6.0, 3.0, 2.0, 6.0, 6.0, 2.0, 2.0, 3.0, 3.0, 6.0, 6.0, 2.0, 4.0, 2.0, 2.0, 5.0, 3.0, 3.0, 3.0], [1.0, 6.0, 3.0, 2.0, 1.0, 6.0, 2.0, 5.0, 3.0, 3.0, 2.0, 2.0, 4.0, 3.0, 2.0, 2.0, 1.0, 1.0, 5.0, 2.0, 6.0, 2.0, 3.0, 6.0, 3.0, 2.0, 6.0, 6.0, 2.0, 2.0, 2.0, 6.0, 6.0, 6.0, 2.0, 4.0, 2.0, 2.0, 5.0, 2.0, 3.0, 3.0], [1.0, 6.0, 6.0, 2.0, 1.0, 6.0, 2.0, 5.0, 3.0, 2.0, 3.0, 1.0, 3.0, 3.0, 2.0, 2.0, 1.0, 3.0, 3.0, 2.0, 6.0, 2.0, 4.0, 6.0, 3.0, 2.0, 6.0, 6.0, 2.0, 2.0, 2.0, 6.0, 5.0, 3.0, 2.0, 6.0, 2.0, 3.0, 3.0, 5.0, 6.0, 3.0], [1.0, 6.0, 6.0, 2.0, 1.0, 6.0, 2.0, 3.0, 3.0, 3.0, 3.0, 1.0, 3.0, 3.0, 2.0, 2.0, 2.0, 1.0, 5.0, 2.0, 6.0, 2.0, 4.0, 6.0, 6.0, 2.0, 6.0, 5.0, 2.0, 2.0, 1.0, 4.0, 6.0, 3.0, 2.0, 6.0, 2.0, 2.0, 4.0, 3.0, 3.0, 4.0]]

