first layer check: Conv2d(6, 64, kernel_size=(7, 7), stride=(2, 2), padding=(3, 3), bias=False)

target ys
[2.0, 5.0, 3.0, 0.0, 6.0, 1.0, 1.0, 2.0, 2.0, 4.0, 1.0, 0.0, 3.0, 1.0, 1.0, 2.0, 6.0, 3.0, 2.0, 2.0, 2.0, 3.0, 6.0, 3.0, 4.0, 2.0, 3.0, 2.0, 6.0, 2.0, 5.0, 6.0, 6.0, 4.0, 4.0, 2.0, 1.0, 2.0, 2.0, 1.0, 2.0]

for model 0: mode acc: 0.5853658318519592, run mean acc: 0.5250833034515381, top-2 acc:0.7830000519752502, mode f1: 0.5853658318519592

model 0 mode preds
[2.0, 5.0, 2.0, 2.0, 6.0, 2.0, 2.0, 2.0, 2.0, 2.0, 1.0, 2.0, 2.0, 2.0, 2.0, 2.0, 6.0, 3.0, 2.0, 2.0, 2.0, 3.0, 6.0, 2.0, 3.0, 2.0, 5.0, 2.0, 6.0, 2.0, 5.0, 6.0, 6.0, 5.0, 6.0, 2.0, 2.0, 3.0, 2.0, 2.0, 2.0]

model 0 all preds
[[2.0, 6.0, 2.0, 2.0, 6.0, 2.0, 2.0, 2.0, 2.0, 2.0, 1.0, 2.0, 2.0, 2.0, 2.0, 2.0, 6.0, 3.0, 2.0, 2.0, 2.0, 3.0, 6.0, 2.0, 3.0, 2.0, 3.0, 2.0, 6.0, 2.0, 5.0, 6.0, 6.0, 3.0, 6.0, 2.0, 2.0, 3.0, 2.0, 2.0, 2.0], [2.0, 6.0, 2.0, 2.0, 6.0, 2.0, 2.0, 2.0, 2.0, 2.0, 1.0, 2.0, 2.0, 2.0, 2.0, 2.0, 6.0, 3.0, 2.0, 2.0, 2.0, 3.0, 6.0, 2.0, 3.0, 2.0, 4.0, 2.0, 6.0, 2.0, 5.0, 6.0, 6.0, 5.0, 6.0, 2.0, 2.0, 3.0, 2.0, 2.0, 2.0], [2.0, 6.0, 2.0, 2.0, 6.0, 1.0, 1.0, 2.0, 2.0, 2.0, 2.0, 2.0, 2.0, 2.0, 2.0, 2.0, 6.0, 3.0, 2.0, 2.0, 2.0, 3.0, 6.0, 2.0, 2.0, 3.0, 6.0, 2.0, 6.0, 2.0, 5.0, 6.0, 6.0, 3.0, 5.0, 2.0, 2.0, 3.0, 2.0, 2.0, 2.0], [2.0, 5.0, 2.0, 2.0, 5.0, 2.0, 1.0, 2.0, 2.0, 2.0, 2.0, 2.0, 2.0, 2.0, 2.0, 2.0, 6.0, 3.0, 2.0, 2.0, 2.0, 3.0, 6.0, 2.0, 3.0, 2.0, 5.0, 2.0, 6.0, 2.0, 5.0, 6.0, 6.0, 3.0, 6.0, 2.0, 2.0, 3.0, 2.0, 2.0, 2.0], [2.0, 5.0, 2.0, 2.0, 5.0, 2.0, 2.0, 2.0, 2.0, 2.0, 1.0, 2.0, 2.0, 2.0, 2.0, 2.0, 5.0, 3.0, 2.0, 2.0, 2.0, 3.0, 6.0, 3.0, 3.0, 2.0, 5.0, 2.0, 6.0, 2.0, 6.0, 6.0, 6.0, 5.0, 6.0, 2.0, 2.0, 3.0, 2.0, 2.0, 2.0], [2.0, 5.0, 2.0, 2.0, 6.0, 2.0, 2.0, 2.0, 2.0, 1.0, 1.0, 2.0, 2.0, 2.0, 2.0, 2.0, 6.0, 3.0, 2.0, 2.0, 2.0, 3.0, 6.0, 2.0, 3.0, 3.0, 5.0, 2.0, 6.0, 2.0, 6.0, 6.0, 6.0, 5.0, 4.0, 2.0, 2.0, 3.0, 2.0, 2.0, 2.0], [2.0, 6.0, 2.0, 2.0, 6.0, 2.0, 2.0, 2.0, 2.0, 1.0, 2.0, 2.0, 2.0, 2.0, 2.0, 2.0, 6.0, 3.0, 2.0, 2.0, 2.0, 3.0, 6.0, 2.0, 3.0, 3.0, 5.0, 2.0, 6.0, 2.0, 6.0, 6.0, 6.0, 5.0, 6.0, 2.0, 2.0, 3.0, 2.0, 2.0, 2.0], [2.0, 6.0, 2.0, 2.0, 6.0, 2.0, 2.0, 2.0, 2.0, 2.0, 1.0, 2.0, 2.0, 2.0, 2.0, 2.0, 6.0, 3.0, 3.0, 2.0, 2.0, 3.0, 6.0, 2.0, 3.0, 3.0, 5.0, 2.0, 6.0, 2.0, 6.0, 6.0, 6.0, 3.0, 4.0, 2.0, 2.0, 3.0, 2.0, 2.0, 2.0], [2.0, 5.0, 2.0, 1.0, 5.0, 2.0, 2.0, 2.0, 2.0, 2.0, 2.0, 2.0, 2.0, 2.0, 2.0, 2.0, 6.0, 3.0, 2.0, 2.0, 2.0, 2.0, 6.0, 3.0, 3.0, 3.0, 5.0, 2.0, 6.0, 2.0, 5.0, 6.0, 5.0, 3.0, 4.0, 2.0, 2.0, 3.0, 2.0, 2.0, 2.0], [2.0, 6.0, 2.0, 2.0, 6.0, 2.0, 2.0, 2.0, 2.0, 2.0, 2.0, 2.0, 2.0, 2.0, 2.0, 2.0, 6.0, 3.0, 2.0, 2.0, 2.0, 3.0, 6.0, 2.0, 3.0, 2.0, 5.0, 2.0, 6.0, 2.0, 5.0, 5.0, 6.0, 5.0, 6.0, 2.0, 1.0, 3.0, 2.0, 2.0, 2.0], [2.0, 6.0, 2.0, 2.0, 6.0, 2.0, 2.0, 2.0, 2.0, 1.0, 2.0, 2.0, 2.0, 2.0, 2.0, 2.0, 6.0, 3.0, 2.0, 2.0, 2.0, 3.0, 6.0, 3.0, 3.0, 3.0, 5.0, 2.0, 6.0, 2.0, 6.0, 6.0, 6.0, 3.0, 6.0, 2.0, 2.0, 3.0, 2.0, 2.0, 2.0], [2.0, 6.0, 2.0, 2.0, 6.0, 2.0, 2.0, 2.0, 2.0, 1.0, 2.0, 2.0, 2.0, 2.0, 2.0, 2.0, 6.0, 3.0, 2.0, 2.0, 2.0, 3.0, 6.0, 2.0, 2.0, 2.0, 5.0, 2.0, 6.0, 2.0, 5.0, 6.0, 6.0, 5.0, 4.0, 2.0, 2.0, 3.0, 2.0, 2.0, 2.0], [2.0, 5.0, 2.0, 2.0, 6.0, 2.0, 2.0, 2.0, 2.0, 2.0, 1.0, 2.0, 2.0, 2.0, 2.0, 2.0, 6.0, 3.0, 2.0, 2.0, 2.0, 3.0, 6.0, 2.0, 2.0, 2.0, 4.0, 2.0, 6.0, 2.0, 5.0, 5.0, 6.0, 5.0, 6.0, 2.0, 2.0, 3.0, 2.0, 2.0, 2.0], [2.0, 5.0, 2.0, 2.0, 6.0, 2.0, 2.0, 2.0, 2.0, 2.0, 2.0, 2.0, 2.0, 2.0, 2.0, 2.0, 6.0, 3.0, 2.0, 2.0, 2.0, 3.0, 6.0, 2.0, 3.0, 2.0, 5.0, 2.0, 6.0, 2.0, 6.0, 6.0, 6.0, 3.0, 4.0, 2.0, 2.0, 3.0, 2.0, 2.0, 2.0], [2.0, 5.0, 2.0, 2.0, 6.0, 2.0, 2.0, 2.0, 2.0, 1.0, 1.0, 2.0, 2.0, 2.0, 2.0, 2.0, 6.0, 3.0, 3.0, 2.0, 2.0, 3.0, 6.0, 2.0, 2.0, 3.0, 5.0, 2.0, 6.0, 2.0, 6.0, 6.0, 6.0, 2.0, 5.0, 2.0, 2.0, 3.0, 2.0, 2.0, 2.0], [2.0, 5.0, 2.0, 2.0, 6.0, 2.0, 2.0, 2.0, 2.0, 2.0, 2.0, 2.0, 2.0, 2.0, 2.0, 2.0, 6.0, 3.0, 2.0, 2.0, 2.0, 3.0, 6.0, 2.0, 3.0, 3.0, 5.0, 2.0, 6.0, 2.0, 6.0, 6.0, 6.0, 3.0, 6.0, 2.0, 2.0, 3.0, 2.0, 2.0, 2.0], [2.0, 6.0, 2.0, 1.0, 6.0, 2.0, 2.0, 2.0, 2.0, 2.0, 1.0, 2.0, 2.0, 2.0, 2.0, 2.0, 6.0, 3.0, 3.0, 2.0, 2.0, 3.0, 6.0, 2.0, 2.0, 2.0, 5.0, 2.0, 6.0, 2.0, 5.0, 5.0, 6.0, 5.0, 6.0, 2.0, 2.0, 3.0, 1.0, 2.0, 2.0], [2.0, 5.0, 2.0, 2.0, 6.0, 2.0, 1.0, 2.0, 2.0, 1.0, 1.0, 2.0, 2.0, 2.0, 2.0, 2.0, 6.0, 3.0, 2.0, 2.0, 2.0, 3.0, 6.0, 2.0, 3.0, 2.0, 3.0, 2.0, 6.0, 2.0, 5.0, 5.0, 6.0, 5.0, 6.0, 2.0, 2.0, 3.0, 2.0, 2.0, 2.0], [2.0, 5.0, 2.0, 2.0, 6.0, 2.0, 2.0, 2.0, 2.0, 2.0, 1.0, 2.0, 2.0, 2.0, 2.0, 2.0, 6.0, 3.0, 2.0, 2.0, 2.0, 2.0, 6.0, 2.0, 3.0, 2.0, 5.0, 2.0, 6.0, 2.0, 5.0, 6.0, 6.0, 2.0, 6.0, 2.0, 2.0, 3.0, 2.0, 2.0, 3.0], [2.0, 5.0, 2.0, 1.0, 6.0, 2.0, 2.0, 2.0, 2.0, 1.0, 1.0, 2.0, 2.0, 2.0, 2.0, 2.0, 6.0, 3.0, 2.0, 2.0, 2.0, 3.0, 6.0, 2.0, 3.0, 2.0, 5.0, 2.0, 6.0, 2.0, 6.0, 6.0, 6.0, 5.0, 6.0, 2.0, 2.0, 3.0, 2.0, 2.0, 2.0], [2.0, 5.0, 1.0, 1.0, 6.0, 2.0, 2.0, 2.0, 2.0, 2.0, 1.0, 2.0, 2.0, 2.0, 2.0, 2.0, 6.0, 3.0, 2.0, 2.0, 2.0, 3.0, 6.0, 2.0, 3.0, 2.0, 5.0, 2.0, 6.0, 2.0, 5.0, 6.0, 6.0, 3.0, 4.0, 2.0, 2.0, 3.0, 2.0, 2.0, 2.0], [2.0, 6.0, 2.0, 2.0, 6.0, 2.0, 2.0, 2.0, 2.0, 1.0, 1.0, 2.0, 2.0, 2.0, 2.0, 2.0, 6.0, 4.0, 2.0, 2.0, 2.0, 3.0, 6.0, 2.0, 2.0, 3.0, 5.0, 2.0, 6.0, 2.0, 6.0, 6.0, 6.0, 5.0, 6.0, 2.0, 2.0, 3.0, 2.0, 2.0, 2.0], [2.0, 5.0, 2.0, 2.0, 6.0, 2.0, 1.0, 2.0, 2.0, 2.0, 1.0, 2.0, 2.0, 2.0, 2.0, 2.0, 6.0, 6.0, 2.0, 2.0, 2.0, 3.0, 6.0, 2.0, 3.0, 2.0, 5.0, 2.0, 6.0, 2.0, 5.0, 6.0, 6.0, 5.0, 6.0, 2.0, 2.0, 3.0, 2.0, 2.0, 2.0], [2.0, 5.0, 2.0, 2.0, 6.0, 2.0, 2.0, 2.0, 2.0, 2.0, 2.0, 2.0, 2.0, 2.0, 2.0, 2.0, 6.0, 3.0, 3.0, 2.0, 2.0, 3.0, 6.0, 2.0, 3.0, 1.0, 5.0, 2.0, 6.0, 2.0, 5.0, 6.0, 6.0, 5.0, 6.0, 2.0, 2.0, 3.0, 2.0, 2.0, 2.0], [2.0, 5.0, 2.0, 2.0, 6.0, 2.0, 2.0, 2.0, 2.0, 1.0, 1.0, 2.0, 2.0, 2.0, 2.0, 2.0, 6.0, 3.0, 2.0, 2.0, 2.0, 3.0, 6.0, 2.0, 3.0, 2.0, 5.0, 2.0, 6.0, 2.0, 5.0, 6.0, 6.0, 5.0, 5.0, 2.0, 2.0, 3.0, 1.0, 2.0, 2.0], [2.0, 5.0, 2.0, 2.0, 6.0, 2.0, 2.0, 2.0, 2.0, 2.0, 2.0, 2.0, 2.0, 2.0, 2.0, 2.0, 6.0, 3.0, 2.0, 2.0, 2.0, 3.0, 6.0, 2.0, 3.0, 3.0, 5.0, 2.0, 6.0, 2.0, 3.0, 6.0, 6.0, 3.0, 4.0, 2.0, 2.0, 3.0, 2.0, 2.0, 2.0], [2.0, 5.0, 2.0, 2.0, 6.0, 1.0, 2.0, 2.0, 2.0, 1.0, 1.0, 2.0, 2.0, 2.0, 2.0, 2.0, 6.0, 3.0, 2.0, 2.0, 2.0, 3.0, 6.0, 2.0, 3.0, 3.0, 5.0, 2.0, 6.0, 2.0, 5.0, 6.0, 6.0, 5.0, 6.0, 2.0, 1.0, 3.0, 2.0, 2.0, 2.0], [2.0, 5.0, 2.0, 2.0, 6.0, 2.0, 2.0, 2.0, 2.0, 1.0, 2.0, 2.0, 2.0, 2.0, 2.0, 2.0, 6.0, 3.0, 2.0, 2.0, 2.0, 3.0, 6.0, 3.0, 3.0, 2.0, 4.0, 2.0, 6.0, 2.0, 5.0, 6.0, 6.0, 3.0, 6.0, 2.0, 2.0, 3.0, 2.0, 2.0, 2.0], [2.0, 5.0, 2.0, 2.0, 6.0, 2.0, 2.0, 2.0, 2.0, 1.0, 1.0, 2.0, 2.0, 2.0, 2.0, 2.0, 6.0, 4.0, 2.0, 2.0, 2.0, 3.0, 6.0, 2.0, 3.0, 2.0, 5.0, 2.0, 6.0, 2.0, 5.0, 6.0, 6.0, 5.0, 4.0, 2.0, 2.0, 3.0, 2.0, 2.0, 2.0], [2.0, 5.0, 2.0, 2.0, 6.0, 2.0, 2.0, 2.0, 2.0, 2.0, 1.0, 2.0, 2.0, 2.0, 2.0, 2.0, 5.0, 3.0, 2.0, 2.0, 2.0, 3.0, 6.0, 2.0, 3.0, 3.0, 5.0, 2.0, 6.0, 2.0, 5.0, 6.0, 6.0, 2.0, 5.0, 2.0, 2.0, 3.0, 2.0, 2.0, 2.0], [2.0, 6.0, 2.0, 2.0, 6.0, 2.0, 2.0, 2.0, 2.0, 2.0, 1.0, 2.0, 2.0, 2.0, 2.0, 2.0, 6.0, 4.0, 2.0, 2.0, 2.0, 3.0, 6.0, 2.0, 3.0, 2.0, 5.0, 2.0, 6.0, 2.0, 5.0, 6.0, 6.0, 5.0, 6.0, 2.0, 2.0, 3.0, 2.0, 2.0, 2.0], [2.0, 6.0, 2.0, 2.0, 2.0, 2.0, 2.0, 2.0, 2.0, 2.0, 1.0, 2.0, 2.0, 2.0, 2.0, 2.0, 6.0, 3.0, 2.0, 2.0, 2.0, 3.0, 6.0, 2.0, 3.0, 2.0, 4.0, 2.0, 6.0, 2.0, 5.0, 6.0, 6.0, 5.0, 5.0, 2.0, 2.0, 3.0, 2.0, 2.0, 2.0], [2.0, 5.0, 2.0, 2.0, 6.0, 2.0, 1.0, 2.0, 2.0, 2.0, 2.0, 2.0, 2.0, 2.0, 2.0, 2.0, 5.0, 3.0, 2.0, 2.0, 2.0, 3.0, 6.0, 3.0, 3.0, 3.0, 5.0, 2.0, 6.0, 2.0, 6.0, 6.0, 6.0, 3.0, 6.0, 2.0, 2.0, 3.0, 2.0, 2.0, 3.0], [2.0, 6.0, 2.0, 2.0, 6.0, 2.0, 2.0, 2.0, 2.0, 2.0, 1.0, 2.0, 2.0, 2.0, 2.0, 2.0, 6.0, 3.0, 2.0, 2.0, 2.0, 3.0, 6.0, 2.0, 3.0, 3.0, 5.0, 2.0, 6.0, 2.0, 5.0, 6.0, 6.0, 5.0, 6.0, 2.0, 2.0, 3.0, 2.0, 2.0, 2.0], [2.0, 6.0, 2.0, 2.0, 6.0, 2.0, 2.0, 2.0, 2.0, 1.0, 2.0, 2.0, 2.0, 2.0, 2.0, 2.0, 6.0, 3.0, 2.0, 2.0, 2.0, 3.0, 6.0, 3.0, 3.0, 2.0, 5.0, 2.0, 6.0, 2.0, 5.0, 6.0, 6.0, 5.0, 4.0, 2.0, 2.0, 3.0, 2.0, 2.0, 3.0], [2.0, 6.0, 2.0, 2.0, 6.0, 2.0, 2.0, 2.0, 2.0, 1.0, 1.0, 2.0, 2.0, 2.0, 2.0, 2.0, 6.0, 3.0, 2.0, 2.0, 2.0, 3.0, 6.0, 3.0, 3.0, 1.0, 5.0, 2.0, 6.0, 2.0, 6.0, 6.0, 6.0, 5.0, 6.0, 2.0, 2.0, 3.0, 2.0, 2.0, 2.0], [2.0, 6.0, 2.0, 2.0, 6.0, 2.0, 2.0, 2.0, 2.0, 1.0, 2.0, 2.0, 2.0, 2.0, 2.0, 2.0, 5.0, 3.0, 2.0, 2.0, 2.0, 3.0, 6.0, 2.0, 3.0, 2.0, 4.0, 2.0, 6.0, 2.0, 5.0, 6.0, 6.0, 5.0, 6.0, 2.0, 2.0, 3.0, 2.0, 2.0, 2.0], [2.0, 5.0, 2.0, 2.0, 6.0, 2.0, 2.0, 2.0, 2.0, 2.0, 1.0, 2.0, 2.0, 2.0, 2.0, 2.0, 6.0, 3.0, 2.0, 2.0, 2.0, 2.0, 6.0, 2.0, 3.0, 2.0, 5.0, 2.0, 6.0, 2.0, 6.0, 6.0, 6.0, 5.0, 4.0, 2.0, 2.0, 3.0, 2.0, 2.0, 2.0], [2.0, 5.0, 2.0, 2.0, 6.0, 2.0, 2.0, 2.0, 2.0, 1.0, 1.0, 2.0, 2.0, 2.0, 2.0, 2.0, 6.0, 3.0, 2.0, 2.0, 2.0, 3.0, 6.0, 2.0, 3.0, 2.0, 5.0, 2.0, 6.0, 2.0, 5.0, 6.0, 6.0, 5.0, 5.0, 2.0, 2.0, 3.0, 2.0, 2.0, 2.0], [2.0, 5.0, 2.0, 2.0, 6.0, 1.0, 2.0, 2.0, 2.0, 1.0, 1.0, 2.0, 2.0, 2.0, 2.0, 2.0, 5.0, 2.0, 3.0, 2.0, 2.0, 3.0, 6.0, 2.0, 3.0, 2.0, 5.0, 2.0, 6.0, 2.0, 5.0, 6.0, 6.0, 3.0, 6.0, 2.0, 2.0, 3.0, 2.0, 2.0, 2.0], [2.0, 5.0, 2.0, 2.0, 6.0, 1.0, 2.0, 2.0, 2.0, 1.0, 1.0, 2.0, 2.0, 2.0, 2.0, 2.0, 6.0, 5.0, 2.0, 2.0, 2.0, 3.0, 6.0, 2.0, 3.0, 3.0, 5.0, 2.0, 6.0, 2.0, 5.0, 6.0, 6.0, 5.0, 4.0, 2.0, 2.0, 3.0, 2.0, 2.0, 2.0], [2.0, 6.0, 2.0, 2.0, 5.0, 2.0, 2.0, 2.0, 2.0, 2.0, 2.0, 2.0, 2.0, 2.0, 2.0, 2.0, 6.0, 3.0, 2.0, 2.0, 2.0, 3.0, 6.0, 2.0, 3.0, 2.0, 5.0, 2.0, 6.0, 2.0, 3.0, 6.0, 6.0, 3.0, 6.0, 2.0, 2.0, 3.0, 2.0, 2.0, 2.0], [2.0, 5.0, 2.0, 2.0, 6.0, 2.0, 2.0, 2.0, 2.0, 1.0, 1.0, 2.0, 2.0, 2.0, 2.0, 2.0, 6.0, 3.0, 2.0, 2.0, 2.0, 3.0, 6.0, 2.0, 3.0, 3.0, 5.0, 2.0, 6.0, 2.0, 5.0, 6.0, 6.0, 3.0, 4.0, 2.0, 2.0, 3.0, 2.0, 2.0, 2.0], [2.0, 5.0, 2.0, 2.0, 6.0, 2.0, 2.0, 2.0, 2.0, 1.0, 1.0, 2.0, 2.0, 2.0, 2.0, 2.0, 6.0, 3.0, 2.0, 2.0, 2.0, 3.0, 6.0, 2.0, 2.0, 3.0, 5.0, 2.0, 6.0, 2.0, 5.0, 6.0, 5.0, 2.0, 6.0, 2.0, 2.0, 3.0, 2.0, 2.0, 2.0], [2.0, 5.0, 2.0, 2.0, 6.0, 2.0, 2.0, 2.0, 2.0, 2.0, 1.0, 2.0, 2.0, 2.0, 2.0, 2.0, 6.0, 3.0, 2.0, 2.0, 2.0, 3.0, 6.0, 2.0, 3.0, 2.0, 5.0, 2.0, 6.0, 2.0, 5.0, 6.0, 6.0, 5.0, 6.0, 2.0, 2.0, 3.0, 2.0, 2.0, 2.0], [2.0, 5.0, 2.0, 2.0, 5.0, 2.0, 2.0, 2.0, 2.0, 1.0, 1.0, 2.0, 2.0, 2.0, 2.0, 2.0, 6.0, 3.0, 2.0, 2.0, 2.0, 3.0, 6.0, 3.0, 3.0, 3.0, 5.0, 2.0, 6.0, 2.0, 6.0, 6.0, 6.0, 5.0, 6.0, 2.0, 2.0, 3.0, 2.0, 2.0, 2.0], [2.0, 5.0, 2.0, 2.0, 6.0, 2.0, 2.0, 2.0, 2.0, 2.0, 2.0, 2.0, 2.0, 2.0, 2.0, 2.0, 6.0, 3.0, 2.0, 2.0, 2.0, 3.0, 6.0, 2.0, 3.0, 3.0, 5.0, 2.0, 6.0, 2.0, 6.0, 6.0, 6.0, 5.0, 4.0, 2.0, 1.0, 3.0, 2.0, 2.0, 2.0], [2.0, 5.0, 2.0, 2.0, 6.0, 1.0, 2.0, 2.0, 2.0, 1.0, 2.0, 2.0, 2.0, 2.0, 2.0, 2.0, 6.0, 3.0, 2.0, 2.0, 2.0, 3.0, 6.0, 2.0, 3.0, 3.0, 5.0, 2.0, 6.0, 2.0, 6.0, 6.0, 6.0, 5.0, 6.0, 2.0, 2.0, 3.0, 2.0, 2.0, 2.0], [2.0, 6.0, 2.0, 2.0, 6.0, 2.0, 2.0, 2.0, 2.0, 1.0, 1.0, 2.0, 2.0, 2.0, 2.0, 2.0, 6.0, 2.0, 2.0, 2.0, 2.0, 3.0, 6.0, 2.0, 3.0, 2.0, 5.0, 2.0, 6.0, 2.0, 5.0, 6.0, 6.0, 5.0, 6.0, 2.0, 2.0, 3.0, 2.0, 2.0, 2.0], [2.0, 5.0, 2.0, 2.0, 6.0, 2.0, 2.0, 2.0, 2.0, 2.0, 1.0, 2.0, 2.0, 2.0, 2.0, 2.0, 6.0, 3.0, 2.0, 2.0, 2.0, 3.0, 6.0, 2.0, 3.0, 2.0, 5.0, 2.0, 6.0, 2.0, 5.0, 6.0, 6.0, 2.0, 6.0, 2.0, 2.0, 3.0, 2.0, 2.0, 2.0]]

first layer check: Conv2d(6, 64, kernel_size=(7, 7), stride=(2, 2), padding=(3, 3), bias=False)

for model 1: mode acc: 0.5853658318519592, run mean acc: 0.5635834336280823, top-2 acc:0.8109166622161865, mode f1: 0.5853658318519592

model 1 mode preds
[2.0, 6.0, 2.0, 1.0, 6.0, 2.0, 2.0, 2.0, 2.0, 1.0, 1.0, 1.0, 1.0, 1.0, 2.0, 2.0, 6.0, 3.0, 2.0, 2.0, 2.0, 3.0, 6.0, 2.0, 3.0, 2.0, 5.0, 2.0, 6.0, 2.0, 6.0, 6.0, 6.0, 5.0, 6.0, 2.0, 2.0, 3.0, 2.0, 1.0, 2.0]

model 1 all preds
[[2.0, 5.0, 2.0, 2.0, 6.0, 2.0, 2.0, 2.0, 2.0, 1.0, 1.0, 2.0, 1.0, 1.0, 2.0, 1.0, 6.0, 6.0, 2.0, 2.0, 2.0, 5.0, 6.0, 2.0, 3.0, 2.0, 3.0, 2.0, 6.0, 2.0, 2.0, 6.0, 6.0, 4.0, 6.0, 2.0, 2.0, 3.0, 2.0, 1.0, 2.0], [2.0, 5.0, 2.0, 1.0, 6.0, 2.0, 2.0, 2.0, 2.0, 1.0, 1.0, 1.0, 1.0, 1.0, 2.0, 2.0, 6.0, 5.0, 2.0, 2.0, 2.0, 3.0, 6.0, 2.0, 3.0, 2.0, 3.0, 2.0, 6.0, 2.0, 5.0, 6.0, 6.0, 2.0, 6.0, 2.0, 2.0, 3.0, 2.0, 1.0, 2.0], [2.0, 6.0, 2.0, 1.0, 6.0, 2.0, 2.0, 1.0, 2.0, 1.0, 1.0, 1.0, 1.0, 1.0, 2.0, 2.0, 6.0, 3.0, 2.0, 2.0, 2.0, 2.0, 6.0, 2.0, 3.0, 2.0, 5.0, 2.0, 6.0, 2.0, 5.0, 6.0, 6.0, 6.0, 4.0, 2.0, 2.0, 3.0, 2.0, 2.0, 2.0], [2.0, 5.0, 2.0, 2.0, 6.0, 1.0, 2.0, 1.0, 2.0, 1.0, 1.0, 1.0, 1.0, 1.0, 2.0, 2.0, 6.0, 6.0, 2.0, 2.0, 2.0, 2.0, 6.0, 2.0, 3.0, 3.0, 5.0, 2.0, 6.0, 2.0, 6.0, 3.0, 6.0, 2.0, 6.0, 2.0, 2.0, 3.0, 2.0, 1.0, 2.0], [2.0, 6.0, 2.0, 2.0, 6.0, 1.0, 2.0, 1.0, 2.0, 1.0, 1.0, 1.0, 1.0, 1.0, 2.0, 2.0, 6.0, 3.0, 2.0, 2.0, 2.0, 5.0, 6.0, 2.0, 3.0, 2.0, 3.0, 2.0, 6.0, 2.0, 6.0, 6.0, 6.0, 3.0, 6.0, 2.0, 2.0, 3.0, 2.0, 1.0, 2.0], [2.0, 5.0, 2.0, 2.0, 6.0, 1.0, 2.0, 2.0, 2.0, 1.0, 1.0, 1.0, 1.0, 1.0, 2.0, 2.0, 6.0, 3.0, 2.0, 2.0, 2.0, 2.0, 6.0, 2.0, 3.0, 3.0, 6.0, 2.0, 6.0, 2.0, 6.0, 6.0, 6.0, 3.0, 6.0, 2.0, 2.0, 3.0, 2.0, 1.0, 2.0], [2.0, 6.0, 2.0, 2.0, 6.0, 1.0, 2.0, 2.0, 2.0, 1.0, 1.0, 1.0, 1.0, 1.0, 2.0, 2.0, 6.0, 5.0, 2.0, 2.0, 2.0, 2.0, 6.0, 2.0, 3.0, 2.0, 3.0, 2.0, 6.0, 2.0, 6.0, 6.0, 6.0, 2.0, 6.0, 2.0, 2.0, 3.0, 2.0, 1.0, 2.0], [2.0, 6.0, 3.0, 1.0, 6.0, 2.0, 2.0, 2.0, 2.0, 1.0, 1.0, 1.0, 1.0, 1.0, 2.0, 1.0, 6.0, 2.0, 2.0, 2.0, 2.0, 3.0, 6.0, 2.0, 3.0, 2.0, 5.0, 2.0, 6.0, 2.0, 6.0, 6.0, 6.0, 2.0, 6.0, 2.0, 2.0, 3.0, 2.0, 1.0, 2.0], [2.0, 6.0, 2.0, 2.0, 6.0, 2.0, 2.0, 2.0, 2.0, 1.0, 1.0, 1.0, 1.0, 1.0, 2.0, 2.0, 6.0, 5.0, 2.0, 2.0, 2.0, 3.0, 6.0, 2.0, 3.0, 2.0, 5.0, 2.0, 6.0, 2.0, 6.0, 6.0, 6.0, 3.0, 6.0, 2.0, 2.0, 3.0, 2.0, 2.0, 2.0], [2.0, 6.0, 2.0, 2.0, 6.0, 2.0, 2.0, 2.0, 2.0, 1.0, 1.0, 1.0, 1.0, 1.0, 2.0, 1.0, 6.0, 6.0, 2.0, 2.0, 2.0, 3.0, 6.0, 2.0, 3.0, 3.0, 6.0, 2.0, 6.0, 2.0, 6.0, 6.0, 6.0, 5.0, 6.0, 2.0, 2.0, 3.0, 2.0, 1.0, 2.0], [2.0, 6.0, 2.0, 2.0, 6.0, 2.0, 2.0, 2.0, 2.0, 1.0, 1.0, 1.0, 1.0, 1.0, 2.0, 2.0, 6.0, 5.0, 2.0, 2.0, 2.0, 3.0, 6.0, 2.0, 3.0, 2.0, 6.0, 2.0, 6.0, 2.0, 6.0, 6.0, 6.0, 5.0, 6.0, 2.0, 2.0, 3.0, 2.0, 2.0, 2.0], [2.0, 6.0, 2.0, 2.0, 6.0, 1.0, 2.0, 1.0, 2.0, 1.0, 1.0, 1.0, 1.0, 1.0, 2.0, 1.0, 6.0, 3.0, 2.0, 2.0, 2.0, 3.0, 6.0, 2.0, 3.0, 2.0, 6.0, 2.0, 6.0, 2.0, 5.0, 6.0, 6.0, 6.0, 4.0, 2.0, 2.0, 3.0, 2.0, 1.0, 2.0], [2.0, 6.0, 2.0, 2.0, 6.0, 2.0, 2.0, 1.0, 2.0, 1.0, 1.0, 2.0, 1.0, 1.0, 2.0, 2.0, 6.0, 2.0, 2.0, 2.0, 2.0, 3.0, 6.0, 2.0, 3.0, 2.0, 5.0, 2.0, 6.0, 2.0, 6.0, 6.0, 6.0, 5.0, 6.0, 2.0, 2.0, 3.0, 2.0, 1.0, 2.0], [2.0, 6.0, 2.0, 1.0, 6.0, 1.0, 2.0, 2.0, 2.0, 1.0, 1.0, 1.0, 1.0, 1.0, 2.0, 2.0, 6.0, 3.0, 2.0, 2.0, 2.0, 3.0, 6.0, 2.0, 3.0, 2.0, 3.0, 2.0, 6.0, 2.0, 6.0, 6.0, 6.0, 5.0, 6.0, 1.0, 2.0, 3.0, 2.0, 1.0, 2.0], [2.0, 6.0, 2.0, 1.0, 6.0, 2.0, 2.0, 2.0, 2.0, 1.0, 1.0, 1.0, 1.0, 1.0, 2.0, 2.0, 6.0, 3.0, 2.0, 2.0, 2.0, 2.0, 6.0, 2.0, 3.0, 3.0, 5.0, 2.0, 6.0, 2.0, 6.0, 6.0, 6.0, 5.0, 6.0, 2.0, 2.0, 3.0, 2.0, 1.0, 2.0], [2.0, 6.0, 2.0, 1.0, 6.0, 2.0, 2.0, 2.0, 2.0, 1.0, 1.0, 2.0, 1.0, 1.0, 2.0, 2.0, 6.0, 3.0, 2.0, 2.0, 2.0, 5.0, 6.0, 2.0, 3.0, 2.0, 6.0, 2.0, 6.0, 2.0, 6.0, 6.0, 6.0, 2.0, 6.0, 2.0, 2.0, 3.0, 2.0, 1.0, 2.0], [2.0, 6.0, 2.0, 2.0, 6.0, 2.0, 2.0, 1.0, 2.0, 1.0, 1.0, 2.0, 1.0, 1.0, 2.0, 2.0, 6.0, 3.0, 2.0, 2.0, 2.0, 5.0, 6.0, 2.0, 3.0, 2.0, 6.0, 2.0, 6.0, 2.0, 6.0, 6.0, 6.0, 2.0, 6.0, 2.0, 2.0, 2.0, 2.0, 1.0, 2.0], [2.0, 5.0, 2.0, 1.0, 6.0, 1.0, 2.0, 1.0, 2.0, 1.0, 1.0, 2.0, 1.0, 1.0, 2.0, 2.0, 6.0, 3.0, 2.0, 2.0, 2.0, 3.0, 6.0, 2.0, 3.0, 2.0, 6.0, 2.0, 6.0, 2.0, 6.0, 3.0, 6.0, 3.0, 6.0, 2.0, 2.0, 3.0, 2.0, 2.0, 2.0], [2.0, 6.0, 2.0, 2.0, 6.0, 2.0, 2.0, 2.0, 2.0, 1.0, 1.0, 1.0, 1.0, 1.0, 2.0, 1.0, 6.0, 6.0, 2.0, 2.0, 2.0, 3.0, 6.0, 2.0, 3.0, 2.0, 5.0, 2.0, 6.0, 2.0, 3.0, 6.0, 6.0, 4.0, 6.0, 2.0, 2.0, 3.0, 2.0, 1.0, 2.0], [2.0, 3.0, 2.0, 1.0, 6.0, 1.0, 2.0, 2.0, 2.0, 1.0, 1.0, 1.0, 1.0, 1.0, 2.0, 1.0, 6.0, 3.0, 2.0, 2.0, 2.0, 2.0, 6.0, 2.0, 3.0, 2.0, 6.0, 2.0, 6.0, 2.0, 6.0, 6.0, 6.0, 6.0, 6.0, 2.0, 2.0, 3.0, 2.0, 2.0, 2.0], [2.0, 6.0, 2.0, 1.0, 6.0, 1.0, 2.0, 1.0, 2.0, 1.0, 1.0, 1.0, 1.0, 1.0, 2.0, 1.0, 6.0, 3.0, 2.0, 2.0, 2.0, 3.0, 6.0, 2.0, 3.0, 2.0, 6.0, 2.0, 6.0, 2.0, 6.0, 6.0, 6.0, 5.0, 6.0, 2.0, 2.0, 3.0, 2.0, 2.0, 2.0], [2.0, 6.0, 2.0, 1.0, 6.0, 2.0, 1.0, 2.0, 2.0, 1.0, 1.0, 1.0, 1.0, 1.0, 2.0, 1.0, 6.0, 3.0, 2.0, 2.0, 2.0, 3.0, 6.0, 2.0, 3.0, 2.0, 3.0, 2.0, 6.0, 2.0, 6.0, 6.0, 6.0, 3.0, 4.0, 2.0, 2.0, 3.0, 2.0, 1.0, 2.0], [2.0, 6.0, 2.0, 1.0, 6.0, 2.0, 2.0, 1.0, 2.0, 1.0, 1.0, 2.0, 1.0, 1.0, 2.0, 2.0, 6.0, 5.0, 2.0, 2.0, 2.0, 3.0, 6.0, 2.0, 3.0, 3.0, 5.0, 2.0, 6.0, 2.0, 6.0, 6.0, 6.0, 3.0, 5.0, 2.0, 2.0, 3.0, 2.0, 1.0, 2.0], [2.0, 6.0, 2.0, 1.0, 6.0, 2.0, 2.0, 2.0, 2.0, 1.0, 1.0, 2.0, 1.0, 1.0, 2.0, 2.0, 6.0, 5.0, 2.0, 2.0, 2.0, 3.0, 6.0, 2.0, 3.0, 2.0, 5.0, 2.0, 6.0, 2.0, 6.0, 6.0, 6.0, 5.0, 6.0, 2.0, 2.0, 3.0, 2.0, 1.0, 2.0], [2.0, 6.0, 2.0, 1.0, 6.0, 2.0, 2.0, 1.0, 2.0, 1.0, 1.0, 1.0, 1.0, 1.0, 2.0, 1.0, 6.0, 3.0, 2.0, 2.0, 2.0, 3.0, 6.0, 4.0, 3.0, 2.0, 5.0, 2.0, 6.0, 2.0, 6.0, 6.0, 6.0, 3.0, 4.0, 2.0, 2.0, 3.0, 2.0, 1.0, 2.0], [2.0, 6.0, 2.0, 1.0, 6.0, 2.0, 2.0, 2.0, 2.0, 1.0, 1.0, 1.0, 1.0, 1.0, 2.0, 2.0, 5.0, 3.0, 2.0, 2.0, 2.0, 3.0, 6.0, 2.0, 3.0, 2.0, 5.0, 2.0, 6.0, 2.0, 5.0, 6.0, 6.0, 6.0, 6.0, 2.0, 2.0, 3.0, 2.0, 1.0, 2.0], [2.0, 6.0, 2.0, 1.0, 6.0, 2.0, 2.0, 1.0, 2.0, 1.0, 1.0, 1.0, 1.0, 1.0, 2.0, 2.0, 6.0, 3.0, 2.0, 2.0, 2.0, 3.0, 6.0, 2.0, 3.0, 3.0, 5.0, 2.0, 6.0, 2.0, 6.0, 6.0, 6.0, 5.0, 6.0, 2.0, 2.0, 3.0, 2.0, 1.0, 2.0], [2.0, 6.0, 2.0, 2.0, 6.0, 2.0, 2.0, 1.0, 2.0, 1.0, 1.0, 2.0, 1.0, 1.0, 2.0, 1.0, 6.0, 3.0, 3.0, 2.0, 2.0, 3.0, 6.0, 2.0, 3.0, 2.0, 5.0, 2.0, 6.0, 2.0, 6.0, 6.0, 6.0, 4.0, 6.0, 2.0, 2.0, 3.0, 2.0, 2.0, 2.0], [2.0, 6.0, 2.0, 2.0, 6.0, 2.0, 1.0, 2.0, 2.0, 1.0, 1.0, 2.0, 1.0, 1.0, 2.0, 2.0, 6.0, 3.0, 2.0, 2.0, 2.0, 3.0, 6.0, 2.0, 3.0, 2.0, 4.0, 2.0, 6.0, 2.0, 6.0, 6.0, 6.0, 5.0, 6.0, 2.0, 2.0, 3.0, 2.0, 1.0, 2.0], [2.0, 5.0, 2.0, 2.0, 6.0, 1.0, 2.0, 2.0, 2.0, 1.0, 1.0, 1.0, 1.0, 1.0, 2.0, 2.0, 6.0, 3.0, 2.0, 2.0, 2.0, 3.0, 6.0, 2.0, 3.0, 3.0, 5.0, 2.0, 6.0, 2.0, 6.0, 6.0, 6.0, 3.0, 6.0, 2.0, 2.0, 3.0, 2.0, 1.0, 2.0], [2.0, 6.0, 2.0, 1.0, 6.0, 1.0, 2.0, 2.0, 2.0, 1.0, 1.0, 1.0, 1.0, 1.0, 2.0, 1.0, 6.0, 3.0, 2.0, 2.0, 2.0, 3.0, 6.0, 2.0, 3.0, 2.0, 3.0, 2.0, 6.0, 2.0, 6.0, 6.0, 6.0, 3.0, 5.0, 1.0, 2.0, 3.0, 2.0, 1.0, 2.0], [2.0, 6.0, 2.0, 2.0, 6.0, 2.0, 2.0, 2.0, 2.0, 1.0, 1.0, 2.0, 1.0, 1.0, 2.0, 1.0, 6.0, 6.0, 2.0, 2.0, 2.0, 3.0, 6.0, 2.0, 3.0, 3.0, 3.0, 2.0, 6.0, 2.0, 4.0, 6.0, 6.0, 5.0, 5.0, 2.0, 2.0, 2.0, 2.0, 1.0, 2.0], [2.0, 6.0, 2.0, 1.0, 6.0, 2.0, 2.0, 2.0, 2.0, 1.0, 1.0, 1.0, 1.0, 1.0, 2.0, 1.0, 6.0, 3.0, 2.0, 2.0, 2.0, 3.0, 6.0, 2.0, 3.0, 2.0, 6.0, 2.0, 6.0, 2.0, 6.0, 6.0, 6.0, 5.0, 6.0, 1.0, 2.0, 3.0, 2.0, 2.0, 2.0], [2.0, 6.0, 2.0, 1.0, 6.0, 2.0, 2.0, 2.0, 2.0, 1.0, 1.0, 1.0, 1.0, 1.0, 2.0, 2.0, 6.0, 3.0, 2.0, 2.0, 2.0, 5.0, 6.0, 2.0, 3.0, 2.0, 5.0, 2.0, 6.0, 2.0, 6.0, 6.0, 6.0, 5.0, 4.0, 2.0, 2.0, 3.0, 2.0, 1.0, 2.0], [2.0, 6.0, 2.0, 2.0, 6.0, 1.0, 2.0, 2.0, 2.0, 1.0, 1.0, 2.0, 1.0, 1.0, 2.0, 2.0, 6.0, 6.0, 2.0, 2.0, 2.0, 5.0, 6.0, 2.0, 3.0, 2.0, 5.0, 2.0, 6.0, 2.0, 6.0, 6.0, 6.0, 3.0, 6.0, 2.0, 2.0, 3.0, 2.0, 1.0, 2.0], [2.0, 6.0, 2.0, 1.0, 6.0, 1.0, 2.0, 2.0, 2.0, 1.0, 1.0, 1.0, 1.0, 1.0, 2.0, 2.0, 6.0, 3.0, 2.0, 2.0, 2.0, 2.0, 6.0, 2.0, 3.0, 2.0, 5.0, 2.0, 6.0, 2.0, 5.0, 6.0, 6.0, 3.0, 4.0, 2.0, 2.0, 3.0, 2.0, 2.0, 2.0], [2.0, 5.0, 2.0, 2.0, 6.0, 1.0, 2.0, 2.0, 2.0, 1.0, 1.0, 1.0, 1.0, 1.0, 2.0, 2.0, 6.0, 3.0, 2.0, 2.0, 2.0, 2.0, 6.0, 2.0, 3.0, 3.0, 6.0, 2.0, 6.0, 2.0, 6.0, 6.0, 6.0, 5.0, 4.0, 2.0, 2.0, 3.0, 2.0, 1.0, 2.0], [2.0, 6.0, 2.0, 2.0, 6.0, 1.0, 2.0, 2.0, 2.0, 1.0, 1.0, 1.0, 1.0, 1.0, 2.0, 2.0, 6.0, 3.0, 2.0, 2.0, 2.0, 3.0, 6.0, 2.0, 3.0, 3.0, 6.0, 2.0, 6.0, 2.0, 6.0, 6.0, 6.0, 5.0, 6.0, 2.0, 2.0, 3.0, 2.0, 1.0, 2.0], [2.0, 5.0, 2.0, 1.0, 6.0, 2.0, 2.0, 1.0, 2.0, 1.0, 1.0, 1.0, 1.0, 1.0, 2.0, 2.0, 6.0, 3.0, 2.0, 2.0, 2.0, 2.0, 6.0, 3.0, 3.0, 2.0, 5.0, 2.0, 6.0, 2.0, 6.0, 6.0, 6.0, 6.0, 6.0, 2.0, 2.0, 3.0, 2.0, 1.0, 2.0], [2.0, 6.0, 2.0, 1.0, 6.0, 1.0, 2.0, 2.0, 2.0, 1.0, 1.0, 1.0, 1.0, 1.0, 2.0, 2.0, 6.0, 6.0, 2.0, 2.0, 2.0, 3.0, 6.0, 2.0, 3.0, 2.0, 3.0, 2.0, 6.0, 2.0, 6.0, 6.0, 6.0, 5.0, 6.0, 2.0, 2.0, 2.0, 2.0, 2.0, 2.0], [2.0, 5.0, 2.0, 2.0, 6.0, 1.0, 2.0, 1.0, 2.0, 1.0, 1.0, 1.0, 1.0, 1.0, 2.0, 2.0, 6.0, 6.0, 2.0, 2.0, 2.0, 2.0, 6.0, 2.0, 3.0, 3.0, 6.0, 2.0, 6.0, 2.0, 6.0, 6.0, 6.0, 5.0, 6.0, 2.0, 2.0, 3.0, 2.0, 1.0, 2.0], [2.0, 5.0, 2.0, 2.0, 6.0, 2.0, 2.0, 1.0, 2.0, 1.0, 1.0, 1.0, 1.0, 1.0, 2.0, 1.0, 5.0, 3.0, 2.0, 2.0, 2.0, 5.0, 6.0, 2.0, 3.0, 2.0, 6.0, 2.0, 6.0, 2.0, 6.0, 6.0, 6.0, 3.0, 6.0, 2.0, 2.0, 3.0, 2.0, 2.0, 2.0], [2.0, 5.0, 2.0, 1.0, 6.0, 2.0, 2.0, 2.0, 2.0, 1.0, 1.0, 2.0, 1.0, 1.0, 2.0, 2.0, 6.0, 6.0, 2.0, 2.0, 2.0, 3.0, 6.0, 2.0, 3.0, 2.0, 5.0, 2.0, 6.0, 2.0, 6.0, 6.0, 6.0, 3.0, 5.0, 2.0, 2.0, 3.0, 2.0, 1.0, 2.0], [2.0, 6.0, 2.0, 1.0, 6.0, 2.0, 2.0, 2.0, 2.0, 1.0, 1.0, 1.0, 1.0, 1.0, 2.0, 2.0, 6.0, 6.0, 2.0, 2.0, 2.0, 3.0, 6.0, 2.0, 3.0, 2.0, 5.0, 2.0, 6.0, 2.0, 6.0, 6.0, 6.0, 2.0, 5.0, 2.0, 2.0, 3.0, 2.0, 2.0, 2.0], [2.0, 5.0, 2.0, 2.0, 6.0, 2.0, 2.0, 1.0, 2.0, 1.0, 1.0, 1.0, 1.0, 1.0, 2.0, 1.0, 6.0, 3.0, 2.0, 2.0, 2.0, 3.0, 6.0, 2.0, 3.0, 2.0, 5.0, 2.0, 6.0, 2.0, 6.0, 6.0, 6.0, 2.0, 6.0, 1.0, 2.0, 3.0, 2.0, 2.0, 2.0], [2.0, 6.0, 2.0, 1.0, 6.0, 2.0, 2.0, 2.0, 2.0, 1.0, 1.0, 1.0, 1.0, 1.0, 2.0, 2.0, 6.0, 3.0, 2.0, 2.0, 2.0, 3.0, 6.0, 2.0, 3.0, 2.0, 3.0, 2.0, 6.0, 2.0, 6.0, 6.0, 6.0, 3.0, 6.0, 2.0, 2.0, 3.0, 2.0, 1.0, 2.0], [2.0, 6.0, 2.0, 2.0, 6.0, 1.0, 2.0, 2.0, 2.0, 1.0, 1.0, 1.0, 1.0, 1.0, 2.0, 2.0, 6.0, 5.0, 2.0, 2.0, 2.0, 5.0, 6.0, 2.0, 3.0, 2.0, 3.0, 2.0, 6.0, 2.0, 6.0, 6.0, 6.0, 3.0, 6.0, 2.0, 2.0, 2.0, 2.0, 2.0, 2.0], [2.0, 6.0, 2.0, 1.0, 6.0, 1.0, 2.0, 2.0, 2.0, 1.0, 1.0, 1.0, 1.0, 1.0, 2.0, 2.0, 6.0, 6.0, 2.0, 2.0, 2.0, 3.0, 6.0, 2.0, 3.0, 2.0, 6.0, 2.0, 6.0, 2.0, 6.0, 6.0, 6.0, 5.0, 6.0, 2.0, 2.0, 3.0, 2.0, 1.0, 2.0], [2.0, 6.0, 2.0, 1.0, 6.0, 2.0, 2.0, 1.0, 2.0, 1.0, 1.0, 1.0, 1.0, 1.0, 2.0, 2.0, 6.0, 6.0, 2.0, 2.0, 2.0, 2.0, 6.0, 2.0, 3.0, 2.0, 3.0, 2.0, 6.0, 2.0, 6.0, 6.0, 6.0, 5.0, 6.0, 2.0, 2.0, 3.0, 2.0, 2.0, 2.0], [2.0, 5.0, 2.0, 1.0, 6.0, 2.0, 2.0, 1.0, 2.0, 1.0, 1.0, 2.0, 1.0, 1.0, 2.0, 1.0, 6.0, 3.0, 2.0, 2.0, 2.0, 3.0, 6.0, 2.0, 3.0, 2.0, 6.0, 2.0, 6.0, 2.0, 6.0, 6.0, 6.0, 5.0, 6.0, 2.0, 2.0, 3.0, 2.0, 1.0, 2.0]]

first layer check: Conv2d(6, 64, kernel_size=(7, 7), stride=(2, 2), padding=(3, 3), bias=False)

for model 2: mode acc: 0.5609756112098694, run mean acc: 0.5377500653266907, top-2 acc:0.7948333621025085, mode f1: 0.5609756112098694

model 2 mode preds
[2.0, 6.0, 2.0, 2.0, 6.0, 2.0, 2.0, 1.0, 2.0, 1.0, 1.0, 2.0, 2.0, 1.0, 2.0, 2.0, 6.0, 3.0, 2.0, 2.0, 2.0, 3.0, 6.0, 2.0, 3.0, 2.0, 3.0, 2.0, 6.0, 2.0, 6.0, 6.0, 6.0, 3.0, 3.0, 2.0, 2.0, 3.0, 2.0, 2.0, 2.0]

model 2 all preds
[[2.0, 6.0, 2.0, 2.0, 6.0, 2.0, 1.0, 1.0, 2.0, 1.0, 1.0, 2.0, 2.0, 1.0, 2.0, 2.0, 6.0, 6.0, 2.0, 2.0, 2.0, 3.0, 6.0, 2.0, 3.0, 2.0, 3.0, 2.0, 6.0, 2.0, 6.0, 3.0, 6.0, 3.0, 3.0, 2.0, 2.0, 3.0, 2.0, 2.0, 2.0], [2.0, 6.0, 2.0, 2.0, 6.0, 1.0, 1.0, 1.0, 2.0, 2.0, 1.0, 2.0, 2.0, 1.0, 2.0, 2.0, 6.0, 3.0, 2.0, 2.0, 2.0, 3.0, 6.0, 2.0, 3.0, 2.0, 3.0, 2.0, 6.0, 2.0, 6.0, 6.0, 6.0, 5.0, 3.0, 2.0, 2.0, 3.0, 2.0, 2.0, 2.0], [2.0, 6.0, 3.0, 2.0, 6.0, 2.0, 2.0, 1.0, 2.0, 2.0, 1.0, 2.0, 2.0, 1.0, 2.0, 2.0, 6.0, 6.0, 2.0, 2.0, 2.0, 3.0, 6.0, 3.0, 3.0, 2.0, 3.0, 2.0, 6.0, 2.0, 6.0, 6.0, 6.0, 2.0, 3.0, 2.0, 2.0, 3.0, 2.0, 2.0, 2.0], [2.0, 6.0, 2.0, 1.0, 6.0, 2.0, 1.0, 1.0, 2.0, 2.0, 1.0, 2.0, 2.0, 2.0, 2.0, 2.0, 6.0, 3.0, 2.0, 2.0, 2.0, 3.0, 6.0, 3.0, 3.0, 2.0, 3.0, 2.0, 6.0, 2.0, 6.0, 6.0, 6.0, 3.0, 6.0, 2.0, 2.0, 2.0, 2.0, 2.0, 2.0], [2.0, 6.0, 2.0, 2.0, 6.0, 2.0, 2.0, 1.0, 2.0, 1.0, 1.0, 2.0, 2.0, 1.0, 2.0, 2.0, 6.0, 3.0, 2.0, 2.0, 2.0, 3.0, 6.0, 2.0, 3.0, 2.0, 3.0, 2.0, 6.0, 2.0, 3.0, 6.0, 6.0, 3.0, 6.0, 2.0, 2.0, 3.0, 2.0, 2.0, 2.0], [2.0, 6.0, 2.0, 2.0, 6.0, 1.0, 1.0, 1.0, 2.0, 1.0, 1.0, 2.0, 2.0, 1.0, 2.0, 2.0, 6.0, 3.0, 2.0, 2.0, 2.0, 3.0, 6.0, 2.0, 3.0, 2.0, 3.0, 2.0, 6.0, 2.0, 3.0, 6.0, 6.0, 3.0, 3.0, 2.0, 2.0, 3.0, 2.0, 2.0, 2.0], [2.0, 6.0, 2.0, 2.0, 6.0, 2.0, 2.0, 1.0, 2.0, 2.0, 1.0, 2.0, 2.0, 1.0, 2.0, 1.0, 6.0, 3.0, 2.0, 2.0, 2.0, 3.0, 6.0, 2.0, 3.0, 2.0, 3.0, 2.0, 6.0, 2.0, 6.0, 6.0, 6.0, 6.0, 3.0, 2.0, 3.0, 3.0, 2.0, 2.0, 2.0], [2.0, 6.0, 2.0, 2.0, 6.0, 2.0, 2.0, 1.0, 2.0, 1.0, 1.0, 2.0, 2.0, 2.0, 2.0, 2.0, 6.0, 3.0, 2.0, 2.0, 2.0, 3.0, 6.0, 2.0, 3.0, 2.0, 3.0, 2.0, 6.0, 2.0, 6.0, 6.0, 6.0, 3.0, 6.0, 2.0, 3.0, 3.0, 2.0, 2.0, 2.0], [2.0, 6.0, 2.0, 2.0, 6.0, 2.0, 1.0, 1.0, 2.0, 2.0, 1.0, 2.0, 2.0, 1.0, 2.0, 2.0, 6.0, 3.0, 2.0, 2.0, 2.0, 3.0, 6.0, 2.0, 3.0, 2.0, 3.0, 2.0, 6.0, 2.0, 6.0, 6.0, 6.0, 3.0, 3.0, 2.0, 2.0, 3.0, 2.0, 2.0, 2.0], [2.0, 6.0, 2.0, 2.0, 6.0, 2.0, 1.0, 1.0, 2.0, 1.0, 1.0, 2.0, 2.0, 1.0, 2.0, 2.0, 3.0, 3.0, 2.0, 2.0, 2.0, 3.0, 6.0, 3.0, 3.0, 2.0, 3.0, 2.0, 6.0, 2.0, 3.0, 6.0, 6.0, 3.0, 3.0, 2.0, 2.0, 2.0, 2.0, 2.0, 2.0], [2.0, 6.0, 2.0, 2.0, 6.0, 2.0, 1.0, 1.0, 2.0, 1.0, 1.0, 2.0, 2.0, 1.0, 2.0, 2.0, 6.0, 3.0, 3.0, 2.0, 2.0, 3.0, 6.0, 2.0, 3.0, 2.0, 3.0, 2.0, 6.0, 2.0, 6.0, 6.0, 6.0, 3.0, 6.0, 2.0, 3.0, 3.0, 2.0, 2.0, 2.0], [2.0, 6.0, 2.0, 2.0, 6.0, 1.0, 2.0, 1.0, 2.0, 1.0, 1.0, 2.0, 2.0, 1.0, 2.0, 2.0, 6.0, 3.0, 2.0, 2.0, 2.0, 3.0, 6.0, 3.0, 3.0, 2.0, 6.0, 2.0, 6.0, 2.0, 5.0, 6.0, 6.0, 3.0, 6.0, 2.0, 2.0, 3.0, 2.0, 2.0, 2.0], [2.0, 6.0, 2.0, 2.0, 3.0, 1.0, 2.0, 1.0, 2.0, 2.0, 1.0, 2.0, 2.0, 2.0, 2.0, 2.0, 6.0, 3.0, 3.0, 2.0, 2.0, 3.0, 6.0, 2.0, 3.0, 2.0, 3.0, 2.0, 6.0, 2.0, 6.0, 6.0, 6.0, 5.0, 3.0, 2.0, 3.0, 2.0, 2.0, 2.0, 2.0], [2.0, 6.0, 2.0, 2.0, 6.0, 2.0, 2.0, 1.0, 2.0, 2.0, 1.0, 2.0, 2.0, 1.0, 2.0, 2.0, 6.0, 3.0, 3.0, 2.0, 2.0, 3.0, 6.0, 2.0, 3.0, 2.0, 3.0, 2.0, 6.0, 2.0, 5.0, 6.0, 6.0, 3.0, 3.0, 2.0, 3.0, 3.0, 2.0, 2.0, 2.0], [2.0, 6.0, 2.0, 2.0, 6.0, 2.0, 2.0, 1.0, 2.0, 1.0, 1.0, 2.0, 2.0, 2.0, 2.0, 2.0, 6.0, 3.0, 2.0, 2.0, 2.0, 3.0, 6.0, 3.0, 3.0, 2.0, 3.0, 2.0, 6.0, 2.0, 6.0, 6.0, 6.0, 3.0, 6.0, 2.0, 3.0, 3.0, 2.0, 2.0, 2.0], [2.0, 6.0, 3.0, 2.0, 6.0, 1.0, 2.0, 1.0, 2.0, 2.0, 1.0, 2.0, 2.0, 1.0, 2.0, 2.0, 6.0, 3.0, 2.0, 2.0, 2.0, 3.0, 6.0, 3.0, 3.0, 2.0, 6.0, 2.0, 6.0, 2.0, 6.0, 3.0, 6.0, 3.0, 6.0, 2.0, 2.0, 3.0, 2.0, 2.0, 2.0], [2.0, 6.0, 2.0, 2.0, 6.0, 1.0, 2.0, 1.0, 2.0, 1.0, 1.0, 1.0, 2.0, 1.0, 2.0, 2.0, 6.0, 3.0, 2.0, 2.0, 2.0, 5.0, 6.0, 2.0, 3.0, 2.0, 3.0, 2.0, 6.0, 2.0, 6.0, 3.0, 6.0, 3.0, 6.0, 2.0, 2.0, 3.0, 2.0, 2.0, 2.0], [2.0, 6.0, 2.0, 2.0, 6.0, 2.0, 2.0, 1.0, 2.0, 2.0, 1.0, 2.0, 2.0, 2.0, 2.0, 2.0, 6.0, 3.0, 2.0, 2.0, 2.0, 2.0, 6.0, 3.0, 3.0, 2.0, 3.0, 2.0, 6.0, 2.0, 6.0, 6.0, 6.0, 3.0, 3.0, 2.0, 3.0, 3.0, 2.0, 2.0, 2.0], [2.0, 6.0, 2.0, 2.0, 6.0, 1.0, 1.0, 1.0, 2.0, 1.0, 1.0, 2.0, 2.0, 1.0, 2.0, 2.0, 6.0, 3.0, 2.0, 2.0, 2.0, 3.0, 6.0, 2.0, 3.0, 2.0, 3.0, 2.0, 6.0, 2.0, 6.0, 6.0, 6.0, 6.0, 3.0, 2.0, 2.0, 3.0, 2.0, 2.0, 2.0], [2.0, 6.0, 2.0, 2.0, 6.0, 2.0, 2.0, 1.0, 2.0, 1.0, 1.0, 1.0, 2.0, 1.0, 2.0, 2.0, 3.0, 3.0, 2.0, 2.0, 2.0, 3.0, 6.0, 2.0, 3.0, 2.0, 3.0, 2.0, 6.0, 2.0, 6.0, 6.0, 6.0, 6.0, 3.0, 2.0, 2.0, 3.0, 2.0, 2.0, 2.0], [2.0, 6.0, 2.0, 2.0, 6.0, 2.0, 2.0, 1.0, 2.0, 2.0, 1.0, 2.0, 2.0, 1.0, 2.0, 2.0, 6.0, 3.0, 2.0, 2.0, 2.0, 3.0, 6.0, 2.0, 3.0, 2.0, 3.0, 2.0, 6.0, 2.0, 6.0, 6.0, 6.0, 3.0, 3.0, 2.0, 2.0, 3.0, 2.0, 2.0, 2.0], [2.0, 3.0, 2.0, 2.0, 6.0, 1.0, 2.0, 1.0, 2.0, 1.0, 1.0, 2.0, 2.0, 2.0, 2.0, 2.0, 6.0, 3.0, 2.0, 2.0, 2.0, 3.0, 6.0, 2.0, 3.0, 2.0, 3.0, 2.0, 6.0, 2.0, 6.0, 6.0, 6.0, 2.0, 3.0, 2.0, 2.0, 3.0, 2.0, 2.0, 2.0], [2.0, 6.0, 2.0, 2.0, 6.0, 2.0, 1.0, 1.0, 2.0, 1.0, 1.0, 2.0, 2.0, 1.0, 2.0, 1.0, 3.0, 3.0, 2.0, 2.0, 2.0, 3.0, 6.0, 2.0, 3.0, 2.0, 3.0, 2.0, 6.0, 2.0, 6.0, 6.0, 6.0, 6.0, 6.0, 2.0, 2.0, 3.0, 2.0, 2.0, 2.0], [2.0, 6.0, 2.0, 2.0, 6.0, 2.0, 1.0, 1.0, 2.0, 1.0, 1.0, 2.0, 2.0, 2.0, 2.0, 2.0, 6.0, 3.0, 2.0, 2.0, 2.0, 3.0, 6.0, 2.0, 3.0, 2.0, 3.0, 2.0, 6.0, 2.0, 6.0, 6.0, 6.0, 2.0, 3.0, 2.0, 2.0, 3.0, 2.0, 2.0, 2.0], [2.0, 6.0, 2.0, 2.0, 6.0, 1.0, 1.0, 1.0, 2.0, 2.0, 1.0, 2.0, 2.0, 1.0, 2.0, 1.0, 6.0, 3.0, 2.0, 2.0, 2.0, 3.0, 6.0, 2.0, 3.0, 2.0, 3.0, 2.0, 6.0, 2.0, 6.0, 6.0, 6.0, 3.0, 3.0, 2.0, 2.0, 3.0, 2.0, 2.0, 2.0], [2.0, 3.0, 2.0, 2.0, 6.0, 1.0, 2.0, 1.0, 2.0, 1.0, 1.0, 1.0, 2.0, 1.0, 2.0, 2.0, 6.0, 3.0, 2.0, 2.0, 2.0, 3.0, 6.0, 2.0, 3.0, 2.0, 3.0, 2.0, 6.0, 2.0, 6.0, 6.0, 6.0, 3.0, 3.0, 2.0, 2.0, 3.0, 2.0, 2.0, 2.0], [2.0, 6.0, 2.0, 2.0, 6.0, 2.0, 2.0, 1.0, 2.0, 1.0, 1.0, 2.0, 2.0, 1.0, 2.0, 2.0, 6.0, 2.0, 3.0, 2.0, 2.0, 3.0, 6.0, 2.0, 3.0, 2.0, 3.0, 2.0, 6.0, 2.0, 5.0, 6.0, 6.0, 3.0, 6.0, 2.0, 3.0, 3.0, 2.0, 2.0, 2.0], [2.0, 6.0, 3.0, 2.0, 6.0, 2.0, 2.0, 1.0, 2.0, 1.0, 1.0, 2.0, 2.0, 2.0, 2.0, 2.0, 6.0, 3.0, 2.0, 2.0, 2.0, 3.0, 6.0, 3.0, 3.0, 2.0, 6.0, 2.0, 6.0, 2.0, 6.0, 3.0, 6.0, 6.0, 6.0, 2.0, 2.0, 3.0, 2.0, 2.0, 2.0], [2.0, 6.0, 2.0, 2.0, 6.0, 2.0, 2.0, 1.0, 2.0, 1.0, 1.0, 2.0, 2.0, 2.0, 2.0, 2.0, 3.0, 3.0, 2.0, 2.0, 3.0, 2.0, 6.0, 2.0, 3.0, 2.0, 3.0, 2.0, 6.0, 2.0, 6.0, 6.0, 6.0, 3.0, 3.0, 2.0, 2.0, 3.0, 2.0, 2.0, 2.0], [2.0, 6.0, 2.0, 2.0, 6.0, 2.0, 2.0, 1.0, 2.0, 1.0, 1.0, 2.0, 2.0, 1.0, 2.0, 2.0, 6.0, 3.0, 2.0, 2.0, 2.0, 3.0, 6.0, 2.0, 3.0, 2.0, 3.0, 2.0, 6.0, 2.0, 6.0, 6.0, 6.0, 3.0, 3.0, 2.0, 2.0, 3.0, 2.0, 2.0, 2.0], [2.0, 6.0, 2.0, 2.0, 3.0, 2.0, 2.0, 1.0, 2.0, 2.0, 1.0, 2.0, 2.0, 1.0, 2.0, 2.0, 6.0, 3.0, 2.0, 2.0, 2.0, 3.0, 6.0, 2.0, 3.0, 2.0, 3.0, 2.0, 6.0, 2.0, 6.0, 6.0, 6.0, 3.0, 3.0, 2.0, 2.0, 3.0, 2.0, 2.0, 2.0], [2.0, 6.0, 2.0, 2.0, 6.0, 2.0, 2.0, 1.0, 2.0, 2.0, 1.0, 2.0, 2.0, 1.0, 2.0, 2.0, 6.0, 3.0, 3.0, 2.0, 2.0, 3.0, 6.0, 2.0, 3.0, 2.0, 3.0, 2.0, 6.0, 2.0, 6.0, 6.0, 6.0, 3.0, 3.0, 2.0, 2.0, 3.0, 2.0, 2.0, 2.0], [2.0, 6.0, 2.0, 2.0, 6.0, 2.0, 1.0, 1.0, 2.0, 1.0, 1.0, 2.0, 2.0, 1.0, 2.0, 2.0, 6.0, 3.0, 2.0, 2.0, 2.0, 3.0, 6.0, 2.0, 3.0, 2.0, 3.0, 2.0, 6.0, 2.0, 6.0, 3.0, 6.0, 6.0, 6.0, 2.0, 2.0, 3.0, 2.0, 2.0, 2.0], [2.0, 6.0, 2.0, 2.0, 6.0, 2.0, 1.0, 1.0, 2.0, 1.0, 1.0, 2.0, 2.0, 1.0, 2.0, 1.0, 6.0, 3.0, 3.0, 2.0, 2.0, 3.0, 6.0, 2.0, 3.0, 2.0, 3.0, 2.0, 6.0, 2.0, 3.0, 6.0, 6.0, 3.0, 6.0, 2.0, 2.0, 3.0, 2.0, 2.0, 2.0], [2.0, 6.0, 2.0, 2.0, 6.0, 2.0, 2.0, 1.0, 2.0, 1.0, 1.0, 2.0, 2.0, 2.0, 2.0, 2.0, 3.0, 3.0, 2.0, 2.0, 2.0, 3.0, 6.0, 2.0, 3.0, 2.0, 3.0, 2.0, 6.0, 2.0, 3.0, 6.0, 6.0, 6.0, 3.0, 2.0, 2.0, 3.0, 2.0, 2.0, 2.0], [2.0, 3.0, 2.0, 2.0, 6.0, 1.0, 2.0, 1.0, 2.0, 1.0, 1.0, 2.0, 2.0, 1.0, 2.0, 2.0, 6.0, 3.0, 2.0, 2.0, 2.0, 3.0, 6.0, 2.0, 3.0, 2.0, 3.0, 2.0, 6.0, 2.0, 6.0, 6.0, 6.0, 3.0, 3.0, 2.0, 2.0, 3.0, 2.0, 2.0, 2.0], [2.0, 6.0, 2.0, 2.0, 6.0, 2.0, 2.0, 1.0, 2.0, 2.0, 1.0, 2.0, 2.0, 2.0, 2.0, 2.0, 6.0, 3.0, 2.0, 2.0, 2.0, 3.0, 6.0, 2.0, 3.0, 2.0, 3.0, 2.0, 6.0, 2.0, 6.0, 6.0, 6.0, 3.0, 6.0, 2.0, 2.0, 3.0, 2.0, 2.0, 2.0], [2.0, 6.0, 2.0, 2.0, 6.0, 2.0, 2.0, 1.0, 2.0, 1.0, 1.0, 2.0, 2.0, 1.0, 2.0, 2.0, 6.0, 3.0, 2.0, 2.0, 2.0, 3.0, 6.0, 2.0, 3.0, 2.0, 3.0, 2.0, 6.0, 2.0, 6.0, 6.0, 6.0, 3.0, 6.0, 2.0, 3.0, 3.0, 2.0, 2.0, 2.0], [2.0, 6.0, 2.0, 2.0, 6.0, 2.0, 2.0, 1.0, 2.0, 2.0, 1.0, 2.0, 2.0, 2.0, 2.0, 1.0, 6.0, 3.0, 2.0, 2.0, 2.0, 3.0, 6.0, 3.0, 3.0, 2.0, 3.0, 2.0, 6.0, 2.0, 6.0, 6.0, 6.0, 6.0, 3.0, 2.0, 2.0, 3.0, 2.0, 2.0, 2.0], [2.0, 6.0, 2.0, 2.0, 6.0, 1.0, 2.0, 1.0, 2.0, 1.0, 1.0, 2.0, 2.0, 1.0, 2.0, 2.0, 3.0, 3.0, 3.0, 2.0, 2.0, 3.0, 6.0, 3.0, 3.0, 2.0, 3.0, 2.0, 6.0, 2.0, 3.0, 6.0, 6.0, 3.0, 3.0, 2.0, 2.0, 3.0, 2.0, 2.0, 2.0], [2.0, 6.0, 2.0, 2.0, 6.0, 1.0, 2.0, 1.0, 2.0, 1.0, 1.0, 2.0, 2.0, 1.0, 2.0, 2.0, 6.0, 3.0, 3.0, 2.0, 2.0, 3.0, 6.0, 2.0, 3.0, 2.0, 3.0, 2.0, 6.0, 2.0, 6.0, 6.0, 6.0, 6.0, 3.0, 2.0, 3.0, 3.0, 2.0, 2.0, 2.0], [2.0, 6.0, 2.0, 2.0, 6.0, 2.0, 2.0, 1.0, 2.0, 1.0, 1.0, 2.0, 2.0, 1.0, 2.0, 2.0, 6.0, 6.0, 3.0, 2.0, 2.0, 3.0, 6.0, 2.0, 3.0, 2.0, 3.0, 2.0, 6.0, 2.0, 6.0, 6.0, 6.0, 3.0, 3.0, 2.0, 2.0, 3.0, 2.0, 2.0, 2.0], [2.0, 6.0, 2.0, 2.0, 6.0, 1.0, 1.0, 1.0, 2.0, 1.0, 1.0, 2.0, 2.0, 2.0, 2.0, 2.0, 6.0, 3.0, 3.0, 2.0, 2.0, 3.0, 6.0, 2.0, 3.0, 2.0, 6.0, 2.0, 6.0, 2.0, 6.0, 6.0, 6.0, 3.0, 3.0, 2.0, 2.0, 3.0, 2.0, 2.0, 2.0], [2.0, 6.0, 2.0, 2.0, 6.0, 2.0, 1.0, 1.0, 2.0, 1.0, 1.0, 2.0, 2.0, 1.0, 2.0, 2.0, 6.0, 3.0, 3.0, 2.0, 2.0, 3.0, 6.0, 2.0, 3.0, 2.0, 3.0, 2.0, 6.0, 2.0, 6.0, 6.0, 6.0, 3.0, 6.0, 2.0, 3.0, 3.0, 2.0, 2.0, 2.0], [2.0, 6.0, 2.0, 2.0, 6.0, 1.0, 1.0, 1.0, 2.0, 2.0, 1.0, 2.0, 2.0, 2.0, 2.0, 2.0, 6.0, 6.0, 2.0, 2.0, 2.0, 3.0, 6.0, 2.0, 3.0, 2.0, 3.0, 2.0, 6.0, 2.0, 6.0, 6.0, 6.0, 6.0, 3.0, 2.0, 3.0, 3.0, 2.0, 2.0, 2.0], [2.0, 6.0, 2.0, 2.0, 6.0, 2.0, 2.0, 1.0, 2.0, 1.0, 1.0, 2.0, 2.0, 1.0, 2.0, 2.0, 6.0, 3.0, 2.0, 2.0, 2.0, 3.0, 6.0, 2.0, 3.0, 2.0, 3.0, 2.0, 6.0, 2.0, 6.0, 6.0, 6.0, 6.0, 3.0, 2.0, 2.0, 3.0, 2.0, 2.0, 2.0], [2.0, 6.0, 2.0, 2.0, 6.0, 2.0, 2.0, 1.0, 2.0, 2.0, 1.0, 2.0, 2.0, 1.0, 2.0, 2.0, 6.0, 3.0, 2.0, 2.0, 2.0, 3.0, 6.0, 2.0, 3.0, 2.0, 3.0, 2.0, 6.0, 2.0, 6.0, 3.0, 6.0, 3.0, 6.0, 2.0, 2.0, 3.0, 2.0, 2.0, 2.0], [2.0, 6.0, 2.0, 2.0, 6.0, 2.0, 2.0, 1.0, 2.0, 1.0, 1.0, 2.0, 2.0, 1.0, 2.0, 1.0, 6.0, 3.0, 2.0, 2.0, 2.0, 3.0, 6.0, 2.0, 3.0, 2.0, 3.0, 2.0, 6.0, 2.0, 6.0, 6.0, 6.0, 3.0, 3.0, 2.0, 3.0, 3.0, 2.0, 2.0, 2.0], [2.0, 6.0, 2.0, 2.0, 6.0, 2.0, 1.0, 1.0, 2.0, 1.0, 1.0, 1.0, 2.0, 1.0, 2.0, 2.0, 6.0, 3.0, 2.0, 2.0, 2.0, 3.0, 6.0, 2.0, 3.0, 2.0, 3.0, 2.0, 6.0, 2.0, 6.0, 6.0, 6.0, 3.0, 6.0, 2.0, 2.0, 2.0, 2.0, 2.0, 2.0], [2.0, 6.0, 2.0, 2.0, 6.0, 2.0, 1.0, 1.0, 2.0, 2.0, 1.0, 2.0, 2.0, 1.0, 2.0, 2.0, 6.0, 3.0, 2.0, 2.0, 2.0, 3.0, 6.0, 2.0, 3.0, 2.0, 3.0, 2.0, 6.0, 2.0, 6.0, 6.0, 6.0, 5.0, 3.0, 2.0, 2.0, 3.0, 2.0, 2.0, 2.0]]

first layer check: Conv2d(6, 64, kernel_size=(7, 7), stride=(2, 2), padding=(3, 3), bias=False)

for model 3: mode acc: 0.5609756112098694, run mean acc: 0.5253333449363708, top-2 acc:0.8398333787918091, mode f1: 0.5609756112098694

model 3 mode preds
[2.0, 6.0, 2.0, 2.0, 6.0, 2.0, 2.0, 2.0, 2.0, 2.0, 2.0, 2.0, 2.0, 2.0, 2.0, 2.0, 6.0, 3.0, 2.0, 2.0, 2.0, 3.0, 6.0, 2.0, 3.0, 2.0, 3.0, 2.0, 6.0, 2.0, 5.0, 6.0, 6.0, 3.0, 3.0, 2.0, 2.0, 3.0, 2.0, 2.0, 2.0]

model 3 all preds
[[2.0, 6.0, 2.0, 2.0, 6.0, 2.0, 2.0, 2.0, 2.0, 2.0, 2.0, 2.0, 2.0, 2.0, 2.0, 2.0, 6.0, 3.0, 2.0, 2.0, 2.0, 3.0, 6.0, 2.0, 3.0, 2.0, 6.0, 2.0, 6.0, 2.0, 5.0, 6.0, 6.0, 3.0, 3.0, 2.0, 2.0, 3.0, 2.0, 2.0, 2.0], [2.0, 6.0, 2.0, 2.0, 6.0, 2.0, 2.0, 2.0, 2.0, 2.0, 2.0, 2.0, 2.0, 2.0, 2.0, 2.0, 6.0, 3.0, 2.0, 2.0, 2.0, 3.0, 6.0, 2.0, 3.0, 2.0, 3.0, 2.0, 6.0, 2.0, 6.0, 6.0, 6.0, 2.0, 3.0, 2.0, 2.0, 3.0, 2.0, 2.0, 2.0], [2.0, 5.0, 2.0, 2.0, 6.0, 2.0, 2.0, 2.0, 2.0, 2.0, 2.0, 2.0, 2.0, 2.0, 2.0, 2.0, 6.0, 3.0, 2.0, 2.0, 2.0, 3.0, 6.0, 2.0, 3.0, 2.0, 5.0, 2.0, 6.0, 2.0, 6.0, 6.0, 6.0, 4.0, 6.0, 2.0, 2.0, 3.0, 2.0, 2.0, 2.0], [2.0, 6.0, 2.0, 2.0, 6.0, 2.0, 2.0, 2.0, 2.0, 2.0, 2.0, 2.0, 2.0, 2.0, 2.0, 2.0, 6.0, 3.0, 2.0, 2.0, 2.0, 3.0, 6.0, 2.0, 3.0, 2.0, 3.0, 2.0, 6.0, 2.0, 6.0, 6.0, 6.0, 3.0, 4.0, 2.0, 2.0, 3.0, 2.0, 2.0, 2.0], [2.0, 6.0, 2.0, 2.0, 6.0, 2.0, 2.0, 2.0, 2.0, 2.0, 2.0, 2.0, 2.0, 2.0, 2.0, 2.0, 6.0, 3.0, 2.0, 2.0, 2.0, 3.0, 6.0, 2.0, 3.0, 2.0, 3.0, 2.0, 6.0, 2.0, 5.0, 6.0, 6.0, 5.0, 4.0, 2.0, 2.0, 3.0, 2.0, 2.0, 2.0], [2.0, 5.0, 2.0, 2.0, 6.0, 2.0, 2.0, 2.0, 2.0, 2.0, 2.0, 2.0, 2.0, 2.0, 2.0, 2.0, 6.0, 3.0, 2.0, 2.0, 2.0, 3.0, 3.0, 2.0, 3.0, 2.0, 5.0, 2.0, 6.0, 2.0, 5.0, 6.0, 6.0, 3.0, 6.0, 2.0, 2.0, 2.0, 2.0, 2.0, 2.0], [2.0, 6.0, 2.0, 2.0, 6.0, 2.0, 2.0, 2.0, 2.0, 2.0, 2.0, 2.0, 2.0, 2.0, 2.0, 2.0, 6.0, 3.0, 2.0, 2.0, 2.0, 2.0, 6.0, 2.0, 3.0, 2.0, 3.0, 2.0, 6.0, 2.0, 6.0, 6.0, 6.0, 3.0, 3.0, 2.0, 2.0, 3.0, 2.0, 2.0, 2.0], [2.0, 6.0, 2.0, 2.0, 6.0, 2.0, 2.0, 2.0, 2.0, 2.0, 2.0, 2.0, 2.0, 2.0, 2.0, 2.0, 6.0, 3.0, 2.0, 2.0, 2.0, 2.0, 6.0, 2.0, 3.0, 2.0, 3.0, 2.0, 6.0, 2.0, 6.0, 6.0, 6.0, 3.0, 3.0, 2.0, 2.0, 3.0, 2.0, 2.0, 2.0], [2.0, 6.0, 2.0, 2.0, 6.0, 2.0, 2.0, 2.0, 2.0, 2.0, 2.0, 2.0, 2.0, 2.0, 2.0, 2.0, 6.0, 3.0, 2.0, 2.0, 2.0, 3.0, 6.0, 2.0, 3.0, 2.0, 3.0, 2.0, 6.0, 2.0, 5.0, 6.0, 6.0, 3.0, 6.0, 2.0, 2.0, 2.0, 2.0, 2.0, 2.0], [2.0, 3.0, 2.0, 2.0, 6.0, 2.0, 2.0, 2.0, 2.0, 2.0, 2.0, 2.0, 2.0, 2.0, 2.0, 2.0, 6.0, 3.0, 2.0, 2.0, 2.0, 3.0, 6.0, 2.0, 3.0, 2.0, 3.0, 2.0, 6.0, 2.0, 6.0, 6.0, 6.0, 5.0, 3.0, 2.0, 2.0, 3.0, 2.0, 2.0, 2.0], [2.0, 5.0, 2.0, 2.0, 6.0, 2.0, 2.0, 2.0, 2.0, 2.0, 2.0, 2.0, 2.0, 2.0, 2.0, 2.0, 6.0, 3.0, 2.0, 2.0, 2.0, 2.0, 6.0, 2.0, 3.0, 2.0, 3.0, 2.0, 6.0, 2.0, 3.0, 6.0, 6.0, 5.0, 4.0, 2.0, 2.0, 3.0, 2.0, 2.0, 2.0], [2.0, 5.0, 2.0, 2.0, 5.0, 2.0, 2.0, 2.0, 2.0, 2.0, 2.0, 2.0, 2.0, 2.0, 2.0, 2.0, 6.0, 3.0, 2.0, 2.0, 2.0, 3.0, 6.0, 2.0, 3.0, 2.0, 5.0, 2.0, 6.0, 2.0, 6.0, 6.0, 3.0, 5.0, 3.0, 2.0, 2.0, 2.0, 2.0, 2.0, 2.0], [2.0, 6.0, 2.0, 2.0, 6.0, 2.0, 2.0, 2.0, 2.0, 2.0, 2.0, 2.0, 2.0, 2.0, 2.0, 2.0, 6.0, 3.0, 2.0, 2.0, 2.0, 3.0, 6.0, 2.0, 3.0, 2.0, 3.0, 2.0, 6.0, 2.0, 5.0, 6.0, 6.0, 2.0, 3.0, 2.0, 2.0, 3.0, 2.0, 2.0, 2.0], [2.0, 3.0, 3.0, 2.0, 6.0, 2.0, 2.0, 2.0, 2.0, 2.0, 2.0, 2.0, 2.0, 2.0, 2.0, 2.0, 6.0, 3.0, 2.0, 2.0, 2.0, 3.0, 6.0, 2.0, 3.0, 2.0, 3.0, 2.0, 6.0, 2.0, 6.0, 6.0, 6.0, 4.0, 4.0, 2.0, 2.0, 3.0, 2.0, 2.0, 2.0], [2.0, 5.0, 2.0, 2.0, 6.0, 2.0, 2.0, 2.0, 2.0, 2.0, 2.0, 2.0, 2.0, 2.0, 2.0, 2.0, 6.0, 3.0, 2.0, 2.0, 2.0, 3.0, 6.0, 2.0, 3.0, 2.0, 3.0, 2.0, 6.0, 2.0, 5.0, 6.0, 6.0, 5.0, 6.0, 2.0, 2.0, 3.0, 2.0, 2.0, 2.0], [2.0, 6.0, 2.0, 2.0, 6.0, 2.0, 2.0, 2.0, 2.0, 2.0, 2.0, 2.0, 2.0, 2.0, 2.0, 2.0, 6.0, 3.0, 2.0, 2.0, 2.0, 3.0, 6.0, 2.0, 3.0, 2.0, 3.0, 2.0, 6.0, 2.0, 2.0, 6.0, 6.0, 5.0, 3.0, 2.0, 2.0, 3.0, 2.0, 2.0, 2.0], [2.0, 6.0, 2.0, 2.0, 6.0, 2.0, 2.0, 2.0, 2.0, 2.0, 2.0, 2.0, 2.0, 2.0, 2.0, 2.0, 6.0, 3.0, 2.0, 2.0, 2.0, 3.0, 6.0, 2.0, 3.0, 2.0, 3.0, 2.0, 6.0, 2.0, 5.0, 6.0, 6.0, 2.0, 3.0, 2.0, 2.0, 2.0, 2.0, 2.0, 2.0], [2.0, 3.0, 2.0, 2.0, 6.0, 2.0, 2.0, 2.0, 2.0, 2.0, 2.0, 2.0, 2.0, 2.0, 2.0, 2.0, 6.0, 3.0, 2.0, 2.0, 2.0, 2.0, 6.0, 2.0, 3.0, 2.0, 3.0, 2.0, 6.0, 2.0, 5.0, 6.0, 6.0, 4.0, 3.0, 2.0, 2.0, 3.0, 2.0, 2.0, 2.0], [2.0, 6.0, 2.0, 2.0, 6.0, 2.0, 2.0, 2.0, 2.0, 2.0, 2.0, 2.0, 2.0, 2.0, 2.0, 2.0, 6.0, 3.0, 2.0, 2.0, 2.0, 3.0, 6.0, 2.0, 3.0, 2.0, 5.0, 2.0, 6.0, 2.0, 6.0, 6.0, 6.0, 2.0, 4.0, 2.0, 2.0, 3.0, 2.0, 2.0, 2.0], [2.0, 5.0, 2.0, 2.0, 6.0, 2.0, 2.0, 2.0, 2.0, 2.0, 2.0, 2.0, 2.0, 2.0, 2.0, 2.0, 6.0, 3.0, 2.0, 2.0, 2.0, 3.0, 6.0, 2.0, 3.0, 2.0, 5.0, 2.0, 6.0, 2.0, 3.0, 6.0, 6.0, 3.0, 3.0, 2.0, 2.0, 2.0, 2.0, 2.0, 2.0], [2.0, 6.0, 2.0, 2.0, 6.0, 2.0, 2.0, 2.0, 2.0, 2.0, 2.0, 2.0, 2.0, 2.0, 2.0, 2.0, 6.0, 2.0, 2.0, 2.0, 2.0, 3.0, 6.0, 2.0, 3.0, 2.0, 3.0, 2.0, 6.0, 2.0, 6.0, 2.0, 6.0, 3.0, 6.0, 2.0, 2.0, 3.0, 2.0, 2.0, 2.0], [2.0, 3.0, 2.0, 2.0, 6.0, 2.0, 2.0, 2.0, 2.0, 2.0, 2.0, 2.0, 2.0, 2.0, 2.0, 2.0, 6.0, 3.0, 2.0, 2.0, 2.0, 3.0, 6.0, 2.0, 3.0, 2.0, 3.0, 2.0, 6.0, 2.0, 5.0, 6.0, 6.0, 5.0, 4.0, 2.0, 2.0, 3.0, 2.0, 2.0, 2.0], [2.0, 5.0, 3.0, 2.0, 6.0, 2.0, 2.0, 2.0, 2.0, 2.0, 2.0, 2.0, 2.0, 2.0, 2.0, 2.0, 6.0, 3.0, 2.0, 2.0, 2.0, 2.0, 6.0, 2.0, 3.0, 2.0, 6.0, 2.0, 6.0, 2.0, 6.0, 6.0, 6.0, 5.0, 4.0, 2.0, 2.0, 3.0, 2.0, 2.0, 2.0], [2.0, 3.0, 2.0, 2.0, 5.0, 2.0, 2.0, 2.0, 2.0, 2.0, 2.0, 2.0, 2.0, 2.0, 2.0, 2.0, 6.0, 3.0, 2.0, 2.0, 2.0, 2.0, 6.0, 2.0, 3.0, 2.0, 3.0, 2.0, 6.0, 2.0, 5.0, 6.0, 6.0, 5.0, 4.0, 2.0, 2.0, 3.0, 2.0, 2.0, 2.0], [2.0, 6.0, 2.0, 2.0, 6.0, 2.0, 2.0, 2.0, 2.0, 2.0, 2.0, 2.0, 2.0, 2.0, 2.0, 2.0, 6.0, 3.0, 2.0, 2.0, 2.0, 3.0, 6.0, 2.0, 3.0, 2.0, 3.0, 2.0, 6.0, 2.0, 6.0, 6.0, 6.0, 4.0, 3.0, 2.0, 2.0, 3.0, 2.0, 2.0, 2.0], [2.0, 6.0, 2.0, 2.0, 5.0, 2.0, 2.0, 2.0, 2.0, 2.0, 2.0, 2.0, 2.0, 2.0, 2.0, 2.0, 6.0, 3.0, 2.0, 2.0, 2.0, 3.0, 6.0, 2.0, 3.0, 2.0, 5.0, 2.0, 6.0, 2.0, 5.0, 6.0, 6.0, 3.0, 3.0, 2.0, 2.0, 3.0, 2.0, 2.0, 2.0], [2.0, 6.0, 2.0, 2.0, 6.0, 2.0, 2.0, 2.0, 2.0, 2.0, 2.0, 2.0, 2.0, 2.0, 2.0, 2.0, 6.0, 3.0, 2.0, 2.0, 2.0, 3.0, 6.0, 2.0, 3.0, 2.0, 3.0, 2.0, 6.0, 2.0, 5.0, 2.0, 6.0, 5.0, 3.0, 2.0, 2.0, 3.0, 2.0, 2.0, 2.0], [2.0, 6.0, 2.0, 2.0, 3.0, 2.0, 2.0, 2.0, 2.0, 2.0, 2.0, 2.0, 2.0, 2.0, 2.0, 2.0, 6.0, 3.0, 2.0, 2.0, 2.0, 3.0, 6.0, 2.0, 3.0, 2.0, 3.0, 2.0, 6.0, 2.0, 3.0, 6.0, 6.0, 3.0, 3.0, 2.0, 2.0, 3.0, 2.0, 2.0, 2.0], [2.0, 5.0, 2.0, 2.0, 6.0, 2.0, 2.0, 2.0, 2.0, 2.0, 2.0, 2.0, 2.0, 2.0, 2.0, 2.0, 6.0, 3.0, 2.0, 2.0, 2.0, 3.0, 6.0, 2.0, 3.0, 2.0, 3.0, 2.0, 6.0, 2.0, 5.0, 6.0, 6.0, 6.0, 3.0, 2.0, 2.0, 3.0, 2.0, 2.0, 2.0], [2.0, 5.0, 2.0, 2.0, 6.0, 2.0, 2.0, 2.0, 2.0, 2.0, 2.0, 2.0, 2.0, 2.0, 2.0, 2.0, 5.0, 3.0, 2.0, 2.0, 2.0, 3.0, 6.0, 2.0, 3.0, 2.0, 3.0, 2.0, 6.0, 2.0, 5.0, 6.0, 3.0, 6.0, 4.0, 2.0, 2.0, 3.0, 2.0, 2.0, 2.0], [2.0, 5.0, 2.0, 2.0, 6.0, 2.0, 2.0, 2.0, 2.0, 2.0, 2.0, 2.0, 2.0, 2.0, 2.0, 2.0, 3.0, 3.0, 2.0, 2.0, 2.0, 2.0, 6.0, 2.0, 3.0, 2.0, 5.0, 2.0, 6.0, 2.0, 5.0, 6.0, 6.0, 5.0, 6.0, 2.0, 2.0, 3.0, 2.0, 2.0, 2.0], [2.0, 5.0, 2.0, 2.0, 6.0, 2.0, 2.0, 2.0, 2.0, 2.0, 2.0, 2.0, 2.0, 2.0, 2.0, 2.0, 6.0, 3.0, 2.0, 2.0, 2.0, 3.0, 3.0, 2.0, 3.0, 2.0, 5.0, 2.0, 6.0, 2.0, 3.0, 6.0, 6.0, 3.0, 3.0, 2.0, 2.0, 3.0, 2.0, 2.0, 2.0], [2.0, 6.0, 2.0, 2.0, 6.0, 2.0, 2.0, 2.0, 2.0, 2.0, 2.0, 2.0, 2.0, 2.0, 2.0, 2.0, 6.0, 3.0, 2.0, 2.0, 2.0, 3.0, 6.0, 2.0, 3.0, 2.0, 3.0, 2.0, 6.0, 2.0, 5.0, 6.0, 5.0, 2.0, 6.0, 2.0, 2.0, 3.0, 2.0, 2.0, 2.0], [2.0, 5.0, 2.0, 2.0, 6.0, 2.0, 2.0, 2.0, 2.0, 2.0, 2.0, 2.0, 2.0, 2.0, 2.0, 2.0, 6.0, 3.0, 2.0, 2.0, 2.0, 3.0, 6.0, 2.0, 3.0, 2.0, 3.0, 2.0, 6.0, 2.0, 3.0, 6.0, 6.0, 3.0, 3.0, 2.0, 2.0, 3.0, 2.0, 2.0, 2.0], [2.0, 6.0, 2.0, 2.0, 3.0, 2.0, 2.0, 2.0, 2.0, 2.0, 2.0, 2.0, 2.0, 2.0, 2.0, 2.0, 6.0, 3.0, 2.0, 2.0, 2.0, 3.0, 6.0, 2.0, 3.0, 2.0, 3.0, 2.0, 6.0, 2.0, 3.0, 3.0, 6.0, 3.0, 6.0, 2.0, 2.0, 3.0, 2.0, 2.0, 2.0], [2.0, 3.0, 2.0, 2.0, 3.0, 2.0, 2.0, 2.0, 2.0, 2.0, 2.0, 2.0, 2.0, 2.0, 2.0, 2.0, 6.0, 3.0, 2.0, 2.0, 2.0, 3.0, 6.0, 2.0, 2.0, 2.0, 5.0, 2.0, 6.0, 2.0, 3.0, 6.0, 6.0, 3.0, 3.0, 2.0, 2.0, 3.0, 2.0, 2.0, 2.0], [2.0, 6.0, 2.0, 2.0, 6.0, 2.0, 2.0, 2.0, 2.0, 2.0, 2.0, 2.0, 2.0, 2.0, 2.0, 2.0, 6.0, 2.0, 2.0, 2.0, 2.0, 3.0, 6.0, 2.0, 3.0, 2.0, 5.0, 2.0, 6.0, 2.0, 3.0, 6.0, 6.0, 2.0, 3.0, 2.0, 2.0, 3.0, 2.0, 2.0, 2.0], [2.0, 6.0, 3.0, 2.0, 6.0, 2.0, 2.0, 2.0, 2.0, 2.0, 2.0, 2.0, 2.0, 2.0, 2.0, 2.0, 6.0, 3.0, 2.0, 2.0, 2.0, 3.0, 6.0, 2.0, 3.0, 2.0, 3.0, 2.0, 6.0, 2.0, 6.0, 3.0, 6.0, 3.0, 6.0, 2.0, 2.0, 2.0, 2.0, 2.0, 2.0], [2.0, 3.0, 2.0, 2.0, 6.0, 2.0, 2.0, 2.0, 2.0, 2.0, 2.0, 2.0, 2.0, 2.0, 2.0, 2.0, 6.0, 3.0, 2.0, 2.0, 2.0, 2.0, 6.0, 2.0, 3.0, 2.0, 3.0, 2.0, 6.0, 2.0, 6.0, 6.0, 5.0, 6.0, 3.0, 2.0, 2.0, 3.0, 2.0, 2.0, 2.0], [2.0, 6.0, 2.0, 2.0, 6.0, 2.0, 2.0, 2.0, 2.0, 2.0, 2.0, 2.0, 2.0, 2.0, 2.0, 2.0, 6.0, 3.0, 2.0, 2.0, 2.0, 2.0, 6.0, 2.0, 3.0, 2.0, 5.0, 2.0, 6.0, 2.0, 5.0, 6.0, 6.0, 5.0, 3.0, 2.0, 2.0, 3.0, 2.0, 2.0, 2.0], [2.0, 6.0, 3.0, 2.0, 6.0, 2.0, 2.0, 2.0, 2.0, 2.0, 2.0, 2.0, 2.0, 2.0, 2.0, 2.0, 6.0, 3.0, 2.0, 2.0, 2.0, 3.0, 6.0, 2.0, 3.0, 2.0, 3.0, 2.0, 6.0, 2.0, 6.0, 6.0, 6.0, 5.0, 3.0, 2.0, 2.0, 2.0, 2.0, 2.0, 2.0], [2.0, 6.0, 2.0, 2.0, 6.0, 2.0, 2.0, 2.0, 2.0, 2.0, 2.0, 2.0, 2.0, 2.0, 2.0, 2.0, 6.0, 3.0, 2.0, 2.0, 2.0, 3.0, 3.0, 2.0, 3.0, 2.0, 3.0, 2.0, 6.0, 2.0, 5.0, 6.0, 6.0, 2.0, 3.0, 2.0, 2.0, 3.0, 2.0, 2.0, 2.0], [2.0, 6.0, 2.0, 2.0, 6.0, 2.0, 2.0, 2.0, 2.0, 2.0, 2.0, 2.0, 2.0, 2.0, 2.0, 2.0, 6.0, 3.0, 2.0, 2.0, 2.0, 3.0, 6.0, 2.0, 3.0, 2.0, 3.0, 2.0, 6.0, 2.0, 3.0, 6.0, 6.0, 2.0, 4.0, 2.0, 2.0, 3.0, 2.0, 2.0, 2.0], [2.0, 6.0, 2.0, 2.0, 6.0, 2.0, 2.0, 2.0, 2.0, 2.0, 2.0, 2.0, 2.0, 2.0, 2.0, 2.0, 6.0, 3.0, 2.0, 2.0, 2.0, 3.0, 6.0, 2.0, 3.0, 2.0, 3.0, 2.0, 6.0, 2.0, 3.0, 6.0, 6.0, 6.0, 6.0, 2.0, 2.0, 3.0, 2.0, 2.0, 2.0], [2.0, 6.0, 2.0, 2.0, 6.0, 2.0, 2.0, 2.0, 2.0, 2.0, 2.0, 2.0, 2.0, 2.0, 2.0, 2.0, 5.0, 3.0, 2.0, 2.0, 2.0, 3.0, 6.0, 2.0, 3.0, 2.0, 3.0, 2.0, 6.0, 2.0, 5.0, 3.0, 6.0, 4.0, 6.0, 2.0, 2.0, 3.0, 2.0, 2.0, 2.0], [2.0, 6.0, 2.0, 2.0, 6.0, 2.0, 2.0, 2.0, 2.0, 2.0, 2.0, 2.0, 2.0, 2.0, 2.0, 2.0, 6.0, 3.0, 2.0, 2.0, 2.0, 3.0, 6.0, 2.0, 3.0, 2.0, 3.0, 2.0, 6.0, 2.0, 6.0, 6.0, 6.0, 6.0, 3.0, 2.0, 2.0, 3.0, 2.0, 2.0, 2.0], [2.0, 6.0, 2.0, 2.0, 5.0, 2.0, 2.0, 2.0, 2.0, 2.0, 2.0, 2.0, 2.0, 2.0, 2.0, 2.0, 6.0, 3.0, 2.0, 2.0, 2.0, 3.0, 6.0, 2.0, 3.0, 2.0, 3.0, 2.0, 6.0, 2.0, 5.0, 6.0, 6.0, 3.0, 3.0, 2.0, 2.0, 3.0, 2.0, 2.0, 2.0], [2.0, 6.0, 2.0, 2.0, 6.0, 2.0, 2.0, 2.0, 2.0, 2.0, 2.0, 2.0, 2.0, 2.0, 2.0, 2.0, 6.0, 3.0, 2.0, 2.0, 2.0, 3.0, 6.0, 2.0, 3.0, 2.0, 3.0, 2.0, 6.0, 2.0, 6.0, 5.0, 6.0, 5.0, 3.0, 2.0, 2.0, 3.0, 2.0, 2.0, 2.0], [2.0, 5.0, 2.0, 2.0, 6.0, 2.0, 2.0, 2.0, 2.0, 2.0, 2.0, 2.0, 2.0, 2.0, 2.0, 2.0, 6.0, 2.0, 2.0, 2.0, 2.0, 2.0, 6.0, 2.0, 3.0, 2.0, 3.0, 2.0, 6.0, 2.0, 6.0, 6.0, 6.0, 6.0, 4.0, 2.0, 2.0, 3.0, 2.0, 2.0, 2.0], [2.0, 6.0, 2.0, 2.0, 5.0, 2.0, 2.0, 2.0, 2.0, 2.0, 2.0, 2.0, 2.0, 2.0, 2.0, 2.0, 6.0, 3.0, 2.0, 2.0, 2.0, 3.0, 6.0, 2.0, 3.0, 2.0, 3.0, 2.0, 6.0, 2.0, 6.0, 6.0, 6.0, 2.0, 4.0, 2.0, 2.0, 3.0, 2.0, 2.0, 2.0]]

first layer check: Conv2d(6, 64, kernel_size=(7, 7), stride=(2, 2), padding=(3, 3), bias=False)

for model 4: mode acc: 0.5121951103210449, run mean acc: 0.49916666746139526, top-2 acc:0.7989999651908875, mode f1: 0.5121951103210449

model 4 mode preds
[2.0, 6.0, 2.0, 2.0, 6.0, 2.0, 2.0, 2.0, 2.0, 2.0, 2.0, 2.0, 2.0, 2.0, 2.0, 2.0, 6.0, 3.0, 2.0, 2.0, 2.0, 2.0, 6.0, 2.0, 3.0, 2.0, 3.0, 2.0, 6.0, 2.0, 6.0, 6.0, 6.0, 3.0, 6.0, 2.0, 2.0, 3.0, 2.0, 2.0, 2.0]

model 4 all preds
[[2.0, 6.0, 2.0, 2.0, 6.0, 2.0, 2.0, 2.0, 2.0, 2.0, 2.0, 2.0, 2.0, 2.0, 2.0, 2.0, 6.0, 3.0, 2.0, 2.0, 2.0, 2.0, 6.0, 2.0, 3.0, 2.0, 3.0, 2.0, 6.0, 2.0, 2.0, 6.0, 5.0, 6.0, 6.0, 2.0, 2.0, 3.0, 2.0, 2.0, 2.0], [2.0, 5.0, 2.0, 2.0, 6.0, 2.0, 2.0, 2.0, 2.0, 2.0, 2.0, 2.0, 2.0, 2.0, 2.0, 2.0, 6.0, 3.0, 2.0, 2.0, 2.0, 3.0, 6.0, 2.0, 3.0, 2.0, 3.0, 2.0, 6.0, 2.0, 6.0, 6.0, 6.0, 3.0, 6.0, 2.0, 2.0, 3.0, 2.0, 2.0, 2.0], [2.0, 6.0, 2.0, 2.0, 6.0, 2.0, 2.0, 2.0, 2.0, 2.0, 2.0, 2.0, 2.0, 2.0, 2.0, 2.0, 6.0, 3.0, 2.0, 2.0, 2.0, 2.0, 6.0, 2.0, 3.0, 2.0, 3.0, 2.0, 6.0, 2.0, 6.0, 6.0, 6.0, 6.0, 6.0, 2.0, 2.0, 3.0, 2.0, 2.0, 2.0], [2.0, 3.0, 2.0, 2.0, 6.0, 2.0, 2.0, 2.0, 2.0, 2.0, 2.0, 2.0, 2.0, 2.0, 2.0, 2.0, 6.0, 3.0, 2.0, 2.0, 2.0, 2.0, 6.0, 2.0, 3.0, 2.0, 3.0, 2.0, 6.0, 2.0, 6.0, 3.0, 6.0, 5.0, 6.0, 2.0, 2.0, 2.0, 2.0, 2.0, 2.0], [2.0, 6.0, 2.0, 2.0, 6.0, 2.0, 2.0, 2.0, 2.0, 2.0, 2.0, 2.0, 2.0, 2.0, 2.0, 2.0, 6.0, 2.0, 2.0, 2.0, 2.0, 2.0, 6.0, 2.0, 3.0, 2.0, 6.0, 2.0, 6.0, 2.0, 6.0, 6.0, 6.0, 6.0, 6.0, 2.0, 2.0, 3.0, 2.0, 2.0, 2.0], [2.0, 6.0, 2.0, 2.0, 6.0, 2.0, 2.0, 2.0, 2.0, 2.0, 2.0, 2.0, 2.0, 2.0, 2.0, 2.0, 6.0, 3.0, 2.0, 2.0, 2.0, 2.0, 6.0, 2.0, 2.0, 2.0, 3.0, 2.0, 6.0, 2.0, 6.0, 6.0, 6.0, 6.0, 6.0, 2.0, 2.0, 3.0, 2.0, 2.0, 2.0], [2.0, 6.0, 2.0, 2.0, 6.0, 2.0, 2.0, 2.0, 2.0, 2.0, 2.0, 2.0, 2.0, 2.0, 2.0, 2.0, 6.0, 3.0, 2.0, 2.0, 2.0, 2.0, 6.0, 2.0, 3.0, 2.0, 6.0, 2.0, 6.0, 2.0, 6.0, 6.0, 6.0, 6.0, 6.0, 2.0, 2.0, 3.0, 2.0, 2.0, 2.0], [2.0, 6.0, 2.0, 2.0, 6.0, 2.0, 2.0, 2.0, 2.0, 2.0, 2.0, 2.0, 2.0, 2.0, 2.0, 2.0, 6.0, 3.0, 2.0, 2.0, 2.0, 2.0, 6.0, 2.0, 3.0, 2.0, 3.0, 2.0, 6.0, 2.0, 6.0, 6.0, 6.0, 3.0, 6.0, 2.0, 2.0, 3.0, 2.0, 2.0, 2.0], [2.0, 6.0, 2.0, 2.0, 6.0, 2.0, 2.0, 2.0, 2.0, 2.0, 2.0, 2.0, 2.0, 2.0, 2.0, 2.0, 6.0, 3.0, 2.0, 2.0, 2.0, 2.0, 6.0, 2.0, 3.0, 2.0, 2.0, 2.0, 6.0, 2.0, 3.0, 6.0, 6.0, 5.0, 6.0, 2.0, 2.0, 3.0, 2.0, 2.0, 2.0], [2.0, 6.0, 2.0, 2.0, 6.0, 2.0, 2.0, 2.0, 2.0, 2.0, 2.0, 2.0, 2.0, 2.0, 2.0, 2.0, 6.0, 3.0, 2.0, 2.0, 2.0, 3.0, 6.0, 2.0, 3.0, 2.0, 3.0, 2.0, 6.0, 2.0, 6.0, 6.0, 6.0, 5.0, 6.0, 2.0, 2.0, 3.0, 2.0, 2.0, 2.0], [2.0, 6.0, 2.0, 2.0, 6.0, 2.0, 2.0, 2.0, 2.0, 2.0, 2.0, 2.0, 2.0, 2.0, 2.0, 2.0, 6.0, 3.0, 2.0, 2.0, 2.0, 3.0, 6.0, 2.0, 3.0, 2.0, 6.0, 2.0, 6.0, 2.0, 6.0, 6.0, 6.0, 6.0, 6.0, 2.0, 2.0, 3.0, 2.0, 2.0, 2.0], [2.0, 6.0, 2.0, 2.0, 6.0, 2.0, 2.0, 2.0, 2.0, 2.0, 2.0, 2.0, 2.0, 2.0, 2.0, 2.0, 6.0, 3.0, 2.0, 2.0, 2.0, 3.0, 6.0, 2.0, 3.0, 2.0, 3.0, 2.0, 6.0, 2.0, 6.0, 6.0, 6.0, 3.0, 6.0, 2.0, 2.0, 3.0, 2.0, 2.0, 2.0], [2.0, 6.0, 2.0, 2.0, 6.0, 2.0, 2.0, 2.0, 2.0, 2.0, 2.0, 2.0, 2.0, 2.0, 2.0, 2.0, 6.0, 3.0, 2.0, 2.0, 2.0, 2.0, 6.0, 2.0, 3.0, 2.0, 3.0, 2.0, 6.0, 2.0, 6.0, 6.0, 6.0, 6.0, 6.0, 2.0, 2.0, 3.0, 2.0, 2.0, 2.0], [2.0, 6.0, 2.0, 2.0, 6.0, 2.0, 2.0, 2.0, 2.0, 2.0, 2.0, 2.0, 2.0, 2.0, 2.0, 2.0, 6.0, 3.0, 2.0, 2.0, 2.0, 2.0, 6.0, 2.0, 3.0, 2.0, 3.0, 2.0, 6.0, 2.0, 3.0, 6.0, 6.0, 3.0, 6.0, 2.0, 2.0, 3.0, 2.0, 2.0, 2.0], [2.0, 6.0, 2.0, 2.0, 6.0, 2.0, 2.0, 2.0, 2.0, 2.0, 2.0, 2.0, 2.0, 2.0, 2.0, 2.0, 6.0, 3.0, 2.0, 2.0, 2.0, 2.0, 6.0, 2.0, 3.0, 2.0, 3.0, 2.0, 6.0, 2.0, 6.0, 6.0, 6.0, 3.0, 6.0, 2.0, 2.0, 3.0, 2.0, 2.0, 2.0], [2.0, 6.0, 2.0, 2.0, 6.0, 2.0, 2.0, 2.0, 2.0, 2.0, 2.0, 2.0, 2.0, 2.0, 2.0, 2.0, 6.0, 3.0, 2.0, 2.0, 2.0, 3.0, 6.0, 2.0, 3.0, 2.0, 6.0, 2.0, 6.0, 2.0, 6.0, 6.0, 6.0, 6.0, 6.0, 2.0, 2.0, 3.0, 2.0, 2.0, 2.0], [2.0, 6.0, 2.0, 2.0, 6.0, 2.0, 2.0, 2.0, 2.0, 2.0, 2.0, 2.0, 2.0, 2.0, 2.0, 2.0, 6.0, 3.0, 2.0, 2.0, 2.0, 3.0, 6.0, 2.0, 3.0, 2.0, 6.0, 2.0, 6.0, 2.0, 6.0, 6.0, 6.0, 5.0, 6.0, 2.0, 2.0, 3.0, 2.0, 2.0, 2.0], [2.0, 6.0, 2.0, 2.0, 6.0, 2.0, 2.0, 2.0, 2.0, 2.0, 2.0, 2.0, 2.0, 2.0, 2.0, 2.0, 6.0, 3.0, 2.0, 2.0, 2.0, 3.0, 6.0, 2.0, 3.0, 2.0, 3.0, 2.0, 6.0, 2.0, 6.0, 6.0, 6.0, 3.0, 6.0, 2.0, 2.0, 3.0, 2.0, 2.0, 2.0], [2.0, 6.0, 2.0, 2.0, 6.0, 2.0, 2.0, 2.0, 2.0, 2.0, 2.0, 2.0, 2.0, 2.0, 2.0, 2.0, 6.0, 3.0, 2.0, 2.0, 2.0, 2.0, 6.0, 2.0, 3.0, 2.0, 3.0, 2.0, 6.0, 2.0, 6.0, 2.0, 6.0, 6.0, 6.0, 2.0, 2.0, 3.0, 2.0, 2.0, 2.0], [2.0, 6.0, 2.0, 2.0, 6.0, 2.0, 2.0, 2.0, 2.0, 2.0, 2.0, 2.0, 2.0, 2.0, 2.0, 2.0, 6.0, 3.0, 2.0, 2.0, 2.0, 3.0, 6.0, 2.0, 3.0, 2.0, 3.0, 2.0, 6.0, 2.0, 6.0, 6.0, 6.0, 5.0, 6.0, 2.0, 2.0, 3.0, 2.0, 2.0, 2.0], [2.0, 6.0, 2.0, 2.0, 6.0, 2.0, 2.0, 2.0, 2.0, 2.0, 2.0, 2.0, 2.0, 2.0, 2.0, 2.0, 6.0, 3.0, 2.0, 2.0, 2.0, 3.0, 6.0, 2.0, 3.0, 2.0, 6.0, 2.0, 6.0, 2.0, 6.0, 6.0, 6.0, 6.0, 6.0, 2.0, 2.0, 3.0, 2.0, 2.0, 2.0], [2.0, 6.0, 2.0, 2.0, 6.0, 2.0, 2.0, 2.0, 2.0, 2.0, 2.0, 2.0, 2.0, 2.0, 2.0, 2.0, 6.0, 3.0, 2.0, 2.0, 2.0, 3.0, 6.0, 2.0, 3.0, 2.0, 6.0, 2.0, 6.0, 2.0, 6.0, 6.0, 6.0, 6.0, 6.0, 2.0, 2.0, 3.0, 2.0, 2.0, 2.0], [2.0, 6.0, 2.0, 2.0, 6.0, 2.0, 2.0, 2.0, 2.0, 2.0, 2.0, 2.0, 2.0, 2.0, 2.0, 2.0, 6.0, 3.0, 2.0, 2.0, 2.0, 2.0, 6.0, 2.0, 3.0, 2.0, 3.0, 2.0, 6.0, 2.0, 6.0, 6.0, 6.0, 3.0, 6.0, 2.0, 2.0, 3.0, 2.0, 2.0, 2.0], [2.0, 6.0, 2.0, 2.0, 6.0, 2.0, 2.0, 2.0, 2.0, 2.0, 2.0, 2.0, 2.0, 2.0, 2.0, 2.0, 6.0, 3.0, 2.0, 2.0, 2.0, 2.0, 6.0, 2.0, 3.0, 2.0, 6.0, 2.0, 6.0, 2.0, 6.0, 6.0, 6.0, 3.0, 6.0, 2.0, 2.0, 3.0, 2.0, 2.0, 2.0], [2.0, 3.0, 2.0, 2.0, 6.0, 2.0, 2.0, 2.0, 2.0, 2.0, 2.0, 2.0, 2.0, 2.0, 2.0, 2.0, 6.0, 3.0, 2.0, 2.0, 2.0, 2.0, 6.0, 2.0, 3.0, 2.0, 2.0, 2.0, 6.0, 2.0, 6.0, 6.0, 6.0, 6.0, 6.0, 2.0, 2.0, 3.0, 2.0, 2.0, 2.0], [2.0, 6.0, 2.0, 2.0, 6.0, 2.0, 2.0, 2.0, 2.0, 2.0, 2.0, 2.0, 2.0, 2.0, 2.0, 2.0, 6.0, 3.0, 2.0, 2.0, 2.0, 3.0, 6.0, 2.0, 3.0, 2.0, 3.0, 2.0, 6.0, 2.0, 6.0, 6.0, 6.0, 5.0, 6.0, 2.0, 2.0, 3.0, 2.0, 2.0, 2.0], [2.0, 6.0, 2.0, 2.0, 6.0, 2.0, 2.0, 2.0, 2.0, 2.0, 2.0, 2.0, 2.0, 2.0, 2.0, 2.0, 6.0, 3.0, 2.0, 2.0, 2.0, 3.0, 6.0, 2.0, 3.0, 2.0, 3.0, 2.0, 6.0, 2.0, 6.0, 6.0, 6.0, 6.0, 6.0, 2.0, 2.0, 3.0, 2.0, 2.0, 2.0], [2.0, 6.0, 2.0, 2.0, 6.0, 2.0, 2.0, 2.0, 2.0, 2.0, 2.0, 2.0, 2.0, 2.0, 2.0, 2.0, 6.0, 3.0, 2.0, 2.0, 2.0, 2.0, 6.0, 2.0, 3.0, 2.0, 3.0, 2.0, 6.0, 2.0, 6.0, 6.0, 6.0, 6.0, 6.0, 2.0, 2.0, 3.0, 2.0, 2.0, 2.0], [2.0, 6.0, 2.0, 2.0, 6.0, 2.0, 2.0, 2.0, 2.0, 2.0, 2.0, 2.0, 2.0, 2.0, 2.0, 2.0, 6.0, 3.0, 2.0, 2.0, 2.0, 3.0, 6.0, 2.0, 3.0, 2.0, 6.0, 2.0, 6.0, 2.0, 6.0, 6.0, 6.0, 6.0, 6.0, 2.0, 2.0, 2.0, 2.0, 2.0, 2.0], [2.0, 6.0, 2.0, 2.0, 3.0, 2.0, 2.0, 2.0, 2.0, 2.0, 2.0, 2.0, 2.0, 2.0, 2.0, 2.0, 6.0, 3.0, 2.0, 2.0, 2.0, 2.0, 6.0, 2.0, 3.0, 2.0, 3.0, 2.0, 6.0, 2.0, 6.0, 6.0, 6.0, 3.0, 6.0, 2.0, 2.0, 3.0, 2.0, 2.0, 2.0], [2.0, 6.0, 2.0, 2.0, 6.0, 2.0, 2.0, 2.0, 2.0, 2.0, 2.0, 2.0, 2.0, 2.0, 2.0, 2.0, 6.0, 3.0, 2.0, 2.0, 2.0, 3.0, 6.0, 2.0, 3.0, 2.0, 6.0, 2.0, 6.0, 2.0, 6.0, 6.0, 6.0, 3.0, 6.0, 2.0, 2.0, 3.0, 2.0, 2.0, 2.0], [2.0, 6.0, 2.0, 2.0, 6.0, 2.0, 2.0, 2.0, 2.0, 2.0, 2.0, 2.0, 2.0, 2.0, 2.0, 2.0, 6.0, 2.0, 2.0, 2.0, 2.0, 2.0, 6.0, 2.0, 3.0, 2.0, 5.0, 2.0, 6.0, 2.0, 6.0, 6.0, 6.0, 5.0, 6.0, 2.0, 2.0, 3.0, 2.0, 2.0, 2.0], [2.0, 3.0, 2.0, 2.0, 6.0, 2.0, 2.0, 2.0, 2.0, 2.0, 2.0, 2.0, 2.0, 2.0, 2.0, 2.0, 6.0, 3.0, 2.0, 2.0, 2.0, 3.0, 6.0, 2.0, 3.0, 2.0, 3.0, 2.0, 6.0, 2.0, 6.0, 6.0, 6.0, 3.0, 6.0, 2.0, 2.0, 3.0, 2.0, 2.0, 2.0], [2.0, 6.0, 2.0, 2.0, 6.0, 2.0, 2.0, 2.0, 2.0, 2.0, 2.0, 2.0, 2.0, 2.0, 2.0, 2.0, 6.0, 3.0, 2.0, 2.0, 2.0, 3.0, 6.0, 2.0, 2.0, 2.0, 3.0, 2.0, 6.0, 2.0, 3.0, 6.0, 6.0, 3.0, 6.0, 2.0, 2.0, 3.0, 2.0, 2.0, 2.0], [2.0, 6.0, 2.0, 2.0, 6.0, 2.0, 2.0, 2.0, 2.0, 2.0, 2.0, 2.0, 2.0, 2.0, 2.0, 2.0, 6.0, 3.0, 2.0, 2.0, 2.0, 2.0, 6.0, 2.0, 3.0, 2.0, 2.0, 2.0, 6.0, 2.0, 6.0, 6.0, 6.0, 6.0, 6.0, 2.0, 2.0, 3.0, 2.0, 2.0, 2.0], [2.0, 6.0, 2.0, 2.0, 6.0, 2.0, 2.0, 2.0, 2.0, 2.0, 2.0, 2.0, 2.0, 2.0, 2.0, 2.0, 6.0, 3.0, 2.0, 2.0, 2.0, 2.0, 6.0, 2.0, 3.0, 2.0, 3.0, 2.0, 6.0, 2.0, 6.0, 3.0, 6.0, 6.0, 6.0, 2.0, 2.0, 2.0, 2.0, 2.0, 2.0], [2.0, 6.0, 2.0, 2.0, 6.0, 2.0, 2.0, 2.0, 2.0, 2.0, 2.0, 2.0, 2.0, 2.0, 2.0, 2.0, 6.0, 3.0, 2.0, 2.0, 2.0, 2.0, 6.0, 2.0, 3.0, 2.0, 3.0, 2.0, 6.0, 2.0, 6.0, 3.0, 6.0, 6.0, 6.0, 2.0, 2.0, 3.0, 2.0, 2.0, 2.0], [2.0, 6.0, 2.0, 2.0, 6.0, 2.0, 2.0, 2.0, 2.0, 2.0, 2.0, 2.0, 2.0, 2.0, 2.0, 2.0, 6.0, 2.0, 2.0, 2.0, 2.0, 2.0, 6.0, 2.0, 3.0, 2.0, 6.0, 2.0, 6.0, 2.0, 6.0, 6.0, 6.0, 6.0, 6.0, 2.0, 2.0, 3.0, 2.0, 2.0, 2.0], [2.0, 6.0, 2.0, 2.0, 6.0, 2.0, 2.0, 2.0, 2.0, 2.0, 2.0, 2.0, 2.0, 2.0, 2.0, 2.0, 6.0, 3.0, 2.0, 2.0, 2.0, 3.0, 6.0, 2.0, 3.0, 2.0, 6.0, 2.0, 6.0, 2.0, 6.0, 6.0, 6.0, 3.0, 6.0, 2.0, 2.0, 3.0, 2.0, 2.0, 2.0], [2.0, 3.0, 2.0, 2.0, 6.0, 2.0, 2.0, 2.0, 2.0, 2.0, 2.0, 2.0, 2.0, 2.0, 2.0, 2.0, 6.0, 3.0, 2.0, 2.0, 2.0, 2.0, 6.0, 2.0, 3.0, 2.0, 3.0, 2.0, 6.0, 2.0, 6.0, 6.0, 6.0, 3.0, 6.0, 2.0, 2.0, 3.0, 2.0, 2.0, 2.0], [2.0, 6.0, 2.0, 2.0, 6.0, 2.0, 2.0, 2.0, 2.0, 2.0, 2.0, 2.0, 2.0, 2.0, 2.0, 2.0, 6.0, 3.0, 2.0, 2.0, 2.0, 3.0, 6.0, 2.0, 3.0, 2.0, 3.0, 2.0, 6.0, 2.0, 6.0, 6.0, 6.0, 3.0, 6.0, 2.0, 2.0, 3.0, 2.0, 2.0, 2.0], [2.0, 6.0, 2.0, 2.0, 6.0, 2.0, 2.0, 2.0, 2.0, 2.0, 2.0, 2.0, 2.0, 2.0, 2.0, 2.0, 6.0, 3.0, 2.0, 2.0, 2.0, 3.0, 6.0, 2.0, 3.0, 2.0, 3.0, 2.0, 6.0, 2.0, 6.0, 6.0, 6.0, 6.0, 6.0, 2.0, 2.0, 3.0, 2.0, 2.0, 2.0], [2.0, 6.0, 2.0, 2.0, 6.0, 2.0, 2.0, 2.0, 2.0, 2.0, 2.0, 2.0, 2.0, 2.0, 2.0, 2.0, 6.0, 3.0, 2.0, 2.0, 2.0, 2.0, 6.0, 2.0, 3.0, 2.0, 6.0, 2.0, 6.0, 2.0, 6.0, 6.0, 6.0, 5.0, 6.0, 2.0, 2.0, 3.0, 2.0, 2.0, 2.0], [2.0, 6.0, 2.0, 2.0, 6.0, 2.0, 2.0, 2.0, 2.0, 2.0, 2.0, 2.0, 2.0, 2.0, 2.0, 2.0, 6.0, 3.0, 2.0, 2.0, 2.0, 2.0, 6.0, 2.0, 3.0, 2.0, 6.0, 2.0, 6.0, 2.0, 6.0, 6.0, 6.0, 3.0, 6.0, 2.0, 2.0, 3.0, 2.0, 2.0, 2.0], [2.0, 6.0, 2.0, 2.0, 6.0, 2.0, 2.0, 2.0, 2.0, 2.0, 2.0, 2.0, 2.0, 2.0, 2.0, 2.0, 6.0, 3.0, 2.0, 2.0, 2.0, 2.0, 6.0, 2.0, 3.0, 2.0, 3.0, 2.0, 6.0, 2.0, 6.0, 6.0, 6.0, 3.0, 6.0, 2.0, 2.0, 3.0, 2.0, 2.0, 2.0], [2.0, 3.0, 2.0, 2.0, 6.0, 2.0, 2.0, 2.0, 2.0, 2.0, 2.0, 2.0, 2.0, 2.0, 2.0, 2.0, 6.0, 3.0, 2.0, 2.0, 2.0, 3.0, 6.0, 2.0, 3.0, 2.0, 6.0, 2.0, 6.0, 2.0, 6.0, 6.0, 6.0, 3.0, 6.0, 2.0, 2.0, 2.0, 2.0, 2.0, 2.0], [2.0, 6.0, 2.0, 2.0, 6.0, 2.0, 2.0, 2.0, 2.0, 2.0, 2.0, 2.0, 2.0, 2.0, 2.0, 2.0, 6.0, 3.0, 2.0, 2.0, 2.0, 3.0, 6.0, 2.0, 3.0, 2.0, 3.0, 2.0, 6.0, 2.0, 6.0, 6.0, 6.0, 3.0, 6.0, 2.0, 2.0, 2.0, 2.0, 2.0, 2.0], [2.0, 6.0, 2.0, 2.0, 6.0, 2.0, 2.0, 2.0, 2.0, 2.0, 2.0, 2.0, 2.0, 2.0, 2.0, 2.0, 6.0, 3.0, 2.0, 2.0, 2.0, 3.0, 6.0, 2.0, 3.0, 2.0, 3.0, 2.0, 6.0, 2.0, 3.0, 6.0, 6.0, 3.0, 6.0, 2.0, 2.0, 3.0, 2.0, 2.0, 2.0], [2.0, 6.0, 2.0, 2.0, 6.0, 2.0, 2.0, 2.0, 2.0, 2.0, 2.0, 2.0, 2.0, 2.0, 2.0, 2.0, 6.0, 3.0, 2.0, 2.0, 2.0, 3.0, 6.0, 2.0, 2.0, 2.0, 3.0, 2.0, 6.0, 2.0, 6.0, 6.0, 6.0, 2.0, 6.0, 2.0, 2.0, 3.0, 2.0, 2.0, 2.0], [2.0, 6.0, 2.0, 2.0, 6.0, 2.0, 2.0, 2.0, 2.0, 2.0, 2.0, 2.0, 2.0, 2.0, 2.0, 2.0, 6.0, 3.0, 2.0, 2.0, 2.0, 3.0, 6.0, 2.0, 3.0, 2.0, 6.0, 2.0, 6.0, 2.0, 6.0, 6.0, 6.0, 2.0, 6.0, 2.0, 2.0, 3.0, 2.0, 2.0, 2.0]]

