first layer check: Conv2d(9, 64, kernel_size=(7, 7), stride=(2, 2), padding=(3, 3), bias=False)

target ys
[2.0, 5.0, 3.0, 0.0, 6.0, 1.0, 1.0, 2.0, 2.0, 4.0, 1.0, 0.0, 3.0, 1.0, 1.0, 2.0, 6.0, 3.0, 2.0, 2.0, 2.0, 3.0, 6.0, 3.0, 4.0, 2.0, 3.0, 2.0, 6.0, 2.0, 5.0, 6.0, 6.0, 4.0, 4.0, 2.0, 1.0, 2.0, 2.0, 1.0, 2.0]

for model 0: mode acc: 0.5609756112098694, run mean acc: 0.5202500224113464, top-2 acc:0.7627499103546143, mode f1: 0.5609756112098694

model 0 mode preds
[2.0, 6.0, 2.0, 2.0, 6.0, 2.0, 2.0, 2.0, 2.0, 1.0, 1.0, 2.0, 1.0, 2.0, 2.0, 2.0, 6.0, 3.0, 2.0, 2.0, 2.0, 3.0, 6.0, 2.0, 3.0, 2.0, 3.0, 2.0, 6.0, 2.0, 6.0, 6.0, 6.0, 3.0, 6.0, 2.0, 2.0, 3.0, 2.0, 2.0, 2.0]

model 0 all preds
[[2.0, 6.0, 2.0, 2.0, 6.0, 1.0, 2.0, 2.0, 2.0, 1.0, 1.0, 2.0, 1.0, 2.0, 2.0, 2.0, 6.0, 3.0, 2.0, 2.0, 2.0, 3.0, 6.0, 2.0, 3.0, 2.0, 3.0, 2.0, 6.0, 2.0, 3.0, 6.0, 6.0, 3.0, 6.0, 2.0, 3.0, 3.0, 2.0, 2.0, 3.0], [2.0, 6.0, 2.0, 2.0, 6.0, 2.0, 2.0, 2.0, 2.0, 1.0, 1.0, 1.0, 1.0, 2.0, 2.0, 2.0, 5.0, 3.0, 2.0, 2.0, 2.0, 3.0, 6.0, 4.0, 3.0, 2.0, 3.0, 2.0, 6.0, 2.0, 6.0, 6.0, 6.0, 6.0, 6.0, 2.0, 2.0, 3.0, 2.0, 2.0, 2.0], [2.0, 6.0, 2.0, 2.0, 6.0, 1.0, 2.0, 2.0, 2.0, 1.0, 1.0, 1.0, 2.0, 2.0, 2.0, 2.0, 6.0, 3.0, 2.0, 2.0, 2.0, 3.0, 6.0, 2.0, 3.0, 2.0, 3.0, 2.0, 6.0, 2.0, 3.0, 6.0, 6.0, 3.0, 6.0, 2.0, 3.0, 3.0, 2.0, 2.0, 2.0], [2.0, 3.0, 2.0, 2.0, 6.0, 2.0, 2.0, 2.0, 2.0, 1.0, 1.0, 2.0, 1.0, 2.0, 2.0, 2.0, 6.0, 3.0, 3.0, 2.0, 2.0, 3.0, 6.0, 3.0, 3.0, 2.0, 3.0, 2.0, 6.0, 2.0, 3.0, 6.0, 6.0, 3.0, 5.0, 2.0, 2.0, 3.0, 2.0, 2.0, 2.0], [2.0, 6.0, 2.0, 2.0, 6.0, 2.0, 2.0, 2.0, 2.0, 1.0, 1.0, 1.0, 1.0, 2.0, 2.0, 2.0, 5.0, 3.0, 3.0, 2.0, 2.0, 3.0, 6.0, 4.0, 3.0, 2.0, 3.0, 2.0, 6.0, 2.0, 6.0, 6.0, 6.0, 3.0, 6.0, 2.0, 2.0, 3.0, 2.0, 2.0, 2.0], [2.0, 6.0, 2.0, 2.0, 6.0, 1.0, 2.0, 2.0, 2.0, 1.0, 1.0, 2.0, 2.0, 2.0, 2.0, 2.0, 6.0, 3.0, 2.0, 2.0, 2.0, 3.0, 6.0, 2.0, 3.0, 2.0, 3.0, 2.0, 6.0, 2.0, 3.0, 6.0, 6.0, 3.0, 6.0, 2.0, 2.0, 3.0, 2.0, 2.0, 2.0], [2.0, 3.0, 2.0, 2.0, 6.0, 2.0, 2.0, 2.0, 2.0, 1.0, 1.0, 1.0, 2.0, 1.0, 2.0, 2.0, 6.0, 3.0, 3.0, 2.0, 2.0, 3.0, 6.0, 3.0, 3.0, 2.0, 5.0, 2.0, 6.0, 2.0, 3.0, 6.0, 6.0, 6.0, 6.0, 2.0, 2.0, 3.0, 2.0, 2.0, 2.0], [2.0, 6.0, 2.0, 2.0, 6.0, 2.0, 2.0, 2.0, 2.0, 1.0, 1.0, 2.0, 2.0, 2.0, 2.0, 2.0, 6.0, 3.0, 2.0, 2.0, 2.0, 3.0, 6.0, 2.0, 3.0, 2.0, 6.0, 2.0, 6.0, 2.0, 6.0, 6.0, 6.0, 3.0, 6.0, 2.0, 2.0, 3.0, 2.0, 2.0, 2.0], [2.0, 6.0, 2.0, 2.0, 3.0, 1.0, 2.0, 2.0, 2.0, 1.0, 1.0, 2.0, 1.0, 2.0, 2.0, 2.0, 6.0, 3.0, 2.0, 2.0, 2.0, 3.0, 6.0, 2.0, 3.0, 2.0, 5.0, 2.0, 6.0, 2.0, 3.0, 6.0, 6.0, 3.0, 6.0, 2.0, 2.0, 3.0, 2.0, 2.0, 2.0], [2.0, 6.0, 2.0, 2.0, 6.0, 2.0, 2.0, 2.0, 2.0, 1.0, 1.0, 2.0, 1.0, 2.0, 2.0, 2.0, 6.0, 3.0, 2.0, 2.0, 2.0, 3.0, 6.0, 2.0, 3.0, 2.0, 3.0, 2.0, 6.0, 2.0, 6.0, 6.0, 6.0, 3.0, 6.0, 2.0, 3.0, 3.0, 2.0, 2.0, 2.0], [2.0, 3.0, 2.0, 2.0, 3.0, 2.0, 2.0, 2.0, 2.0, 1.0, 1.0, 1.0, 1.0, 2.0, 2.0, 2.0, 3.0, 3.0, 3.0, 2.0, 2.0, 3.0, 6.0, 2.0, 3.0, 2.0, 3.0, 2.0, 6.0, 2.0, 6.0, 6.0, 6.0, 3.0, 6.0, 2.0, 3.0, 3.0, 2.0, 2.0, 2.0], [2.0, 6.0, 3.0, 2.0, 6.0, 2.0, 2.0, 2.0, 2.0, 1.0, 1.0, 2.0, 1.0, 2.0, 2.0, 2.0, 6.0, 3.0, 2.0, 2.0, 2.0, 3.0, 6.0, 2.0, 3.0, 2.0, 3.0, 2.0, 6.0, 2.0, 3.0, 6.0, 6.0, 6.0, 6.0, 2.0, 3.0, 3.0, 2.0, 2.0, 2.0], [2.0, 6.0, 2.0, 2.0, 6.0, 1.0, 2.0, 2.0, 2.0, 1.0, 1.0, 1.0, 1.0, 1.0, 2.0, 2.0, 6.0, 3.0, 2.0, 2.0, 2.0, 3.0, 6.0, 2.0, 3.0, 2.0, 6.0, 2.0, 6.0, 2.0, 3.0, 6.0, 6.0, 6.0, 6.0, 2.0, 2.0, 3.0, 2.0, 2.0, 2.0], [2.0, 6.0, 2.0, 2.0, 3.0, 1.0, 2.0, 2.0, 2.0, 1.0, 1.0, 2.0, 1.0, 2.0, 2.0, 2.0, 6.0, 3.0, 3.0, 2.0, 2.0, 3.0, 6.0, 2.0, 3.0, 2.0, 3.0, 2.0, 6.0, 2.0, 3.0, 6.0, 6.0, 3.0, 6.0, 2.0, 2.0, 3.0, 2.0, 2.0, 2.0], [2.0, 5.0, 2.0, 2.0, 6.0, 1.0, 2.0, 2.0, 2.0, 1.0, 1.0, 1.0, 1.0, 2.0, 2.0, 2.0, 6.0, 3.0, 3.0, 2.0, 2.0, 3.0, 6.0, 3.0, 3.0, 2.0, 3.0, 2.0, 6.0, 2.0, 6.0, 6.0, 6.0, 6.0, 6.0, 2.0, 3.0, 3.0, 2.0, 2.0, 2.0], [2.0, 3.0, 2.0, 2.0, 6.0, 2.0, 2.0, 2.0, 2.0, 1.0, 1.0, 1.0, 2.0, 2.0, 2.0, 2.0, 3.0, 3.0, 3.0, 2.0, 2.0, 3.0, 6.0, 4.0, 3.0, 2.0, 3.0, 2.0, 6.0, 2.0, 3.0, 6.0, 6.0, 3.0, 6.0, 2.0, 2.0, 3.0, 2.0, 2.0, 2.0], [2.0, 6.0, 2.0, 2.0, 6.0, 1.0, 2.0, 2.0, 2.0, 1.0, 1.0, 2.0, 1.0, 2.0, 2.0, 2.0, 5.0, 3.0, 2.0, 2.0, 2.0, 3.0, 6.0, 2.0, 3.0, 2.0, 3.0, 2.0, 6.0, 2.0, 6.0, 6.0, 6.0, 3.0, 6.0, 2.0, 3.0, 3.0, 2.0, 2.0, 2.0], [2.0, 6.0, 2.0, 2.0, 6.0, 2.0, 2.0, 2.0, 2.0, 1.0, 1.0, 1.0, 2.0, 2.0, 2.0, 2.0, 6.0, 3.0, 2.0, 2.0, 2.0, 3.0, 6.0, 2.0, 3.0, 2.0, 5.0, 2.0, 6.0, 2.0, 6.0, 6.0, 6.0, 3.0, 6.0, 2.0, 2.0, 3.0, 2.0, 2.0, 3.0], [2.0, 6.0, 2.0, 2.0, 6.0, 2.0, 2.0, 2.0, 2.0, 1.0, 1.0, 2.0, 1.0, 2.0, 2.0, 2.0, 6.0, 3.0, 3.0, 2.0, 2.0, 3.0, 6.0, 2.0, 3.0, 2.0, 6.0, 2.0, 6.0, 2.0, 6.0, 6.0, 6.0, 3.0, 6.0, 2.0, 2.0, 3.0, 2.0, 2.0, 2.0], [2.0, 6.0, 2.0, 2.0, 6.0, 2.0, 2.0, 2.0, 2.0, 1.0, 1.0, 1.0, 1.0, 2.0, 2.0, 2.0, 6.0, 3.0, 3.0, 2.0, 2.0, 3.0, 6.0, 2.0, 3.0, 3.0, 3.0, 2.0, 6.0, 2.0, 3.0, 6.0, 6.0, 6.0, 6.0, 2.0, 2.0, 3.0, 2.0, 2.0, 3.0], [2.0, 6.0, 2.0, 1.0, 6.0, 2.0, 2.0, 2.0, 2.0, 1.0, 1.0, 2.0, 1.0, 1.0, 2.0, 2.0, 6.0, 3.0, 2.0, 2.0, 2.0, 3.0, 6.0, 2.0, 3.0, 3.0, 6.0, 2.0, 6.0, 2.0, 3.0, 6.0, 6.0, 6.0, 6.0, 2.0, 2.0, 3.0, 2.0, 2.0, 2.0], [2.0, 6.0, 2.0, 2.0, 6.0, 1.0, 2.0, 2.0, 2.0, 1.0, 1.0, 2.0, 1.0, 2.0, 2.0, 2.0, 6.0, 3.0, 2.0, 2.0, 2.0, 3.0, 6.0, 2.0, 3.0, 2.0, 3.0, 2.0, 6.0, 2.0, 6.0, 6.0, 6.0, 3.0, 6.0, 2.0, 2.0, 3.0, 2.0, 2.0, 2.0], [2.0, 6.0, 2.0, 2.0, 6.0, 2.0, 2.0, 2.0, 2.0, 1.0, 1.0, 2.0, 1.0, 1.0, 2.0, 2.0, 6.0, 3.0, 2.0, 2.0, 2.0, 3.0, 6.0, 2.0, 3.0, 2.0, 3.0, 2.0, 6.0, 2.0, 6.0, 6.0, 6.0, 5.0, 6.0, 2.0, 3.0, 3.0, 2.0, 2.0, 2.0], [2.0, 3.0, 2.0, 2.0, 6.0, 2.0, 2.0, 2.0, 2.0, 1.0, 1.0, 1.0, 1.0, 2.0, 2.0, 2.0, 6.0, 3.0, 2.0, 2.0, 2.0, 3.0, 6.0, 2.0, 3.0, 3.0, 5.0, 2.0, 6.0, 2.0, 6.0, 6.0, 6.0, 6.0, 6.0, 2.0, 3.0, 3.0, 2.0, 2.0, 2.0], [2.0, 6.0, 2.0, 2.0, 6.0, 1.0, 2.0, 2.0, 2.0, 1.0, 1.0, 2.0, 1.0, 2.0, 2.0, 2.0, 6.0, 3.0, 2.0, 2.0, 2.0, 3.0, 6.0, 2.0, 3.0, 2.0, 6.0, 2.0, 6.0, 2.0, 6.0, 6.0, 6.0, 6.0, 6.0, 2.0, 2.0, 3.0, 2.0, 2.0, 2.0], [2.0, 6.0, 2.0, 2.0, 6.0, 1.0, 2.0, 2.0, 2.0, 1.0, 1.0, 2.0, 1.0, 2.0, 2.0, 2.0, 6.0, 3.0, 3.0, 2.0, 2.0, 3.0, 6.0, 2.0, 3.0, 2.0, 3.0, 2.0, 6.0, 2.0, 3.0, 6.0, 6.0, 5.0, 6.0, 2.0, 3.0, 3.0, 2.0, 2.0, 2.0], [2.0, 6.0, 2.0, 2.0, 6.0, 1.0, 2.0, 2.0, 2.0, 1.0, 1.0, 2.0, 1.0, 2.0, 2.0, 2.0, 6.0, 3.0, 3.0, 2.0, 2.0, 3.0, 6.0, 2.0, 3.0, 2.0, 3.0, 2.0, 6.0, 2.0, 6.0, 6.0, 6.0, 6.0, 5.0, 2.0, 2.0, 3.0, 2.0, 2.0, 2.0], [2.0, 6.0, 3.0, 2.0, 6.0, 1.0, 2.0, 2.0, 2.0, 2.0, 1.0, 2.0, 1.0, 2.0, 2.0, 2.0, 6.0, 3.0, 2.0, 2.0, 2.0, 3.0, 6.0, 3.0, 3.0, 3.0, 3.0, 2.0, 6.0, 2.0, 3.0, 5.0, 6.0, 5.0, 6.0, 2.0, 2.0, 3.0, 2.0, 2.0, 2.0], [2.0, 6.0, 2.0, 2.0, 6.0, 2.0, 2.0, 2.0, 2.0, 1.0, 1.0, 1.0, 1.0, 1.0, 2.0, 2.0, 6.0, 3.0, 2.0, 2.0, 2.0, 3.0, 6.0, 2.0, 3.0, 2.0, 3.0, 2.0, 6.0, 2.0, 3.0, 6.0, 6.0, 3.0, 6.0, 2.0, 2.0, 3.0, 2.0, 2.0, 2.0], [2.0, 6.0, 2.0, 2.0, 6.0, 1.0, 2.0, 2.0, 2.0, 1.0, 1.0, 1.0, 1.0, 2.0, 2.0, 2.0, 6.0, 3.0, 2.0, 2.0, 3.0, 3.0, 6.0, 2.0, 3.0, 2.0, 3.0, 2.0, 6.0, 2.0, 3.0, 6.0, 6.0, 3.0, 5.0, 2.0, 3.0, 3.0, 2.0, 2.0, 2.0], [2.0, 6.0, 3.0, 2.0, 6.0, 2.0, 2.0, 2.0, 2.0, 1.0, 1.0, 1.0, 1.0, 2.0, 2.0, 2.0, 6.0, 3.0, 3.0, 2.0, 2.0, 3.0, 6.0, 4.0, 3.0, 2.0, 3.0, 2.0, 6.0, 2.0, 5.0, 6.0, 6.0, 5.0, 6.0, 2.0, 2.0, 3.0, 2.0, 2.0, 2.0], [2.0, 6.0, 2.0, 2.0, 6.0, 2.0, 2.0, 2.0, 2.0, 1.0, 1.0, 1.0, 1.0, 1.0, 2.0, 2.0, 6.0, 3.0, 3.0, 2.0, 2.0, 3.0, 6.0, 2.0, 3.0, 2.0, 3.0, 2.0, 6.0, 2.0, 3.0, 6.0, 6.0, 3.0, 6.0, 2.0, 3.0, 3.0, 2.0, 2.0, 3.0], [3.0, 6.0, 2.0, 2.0, 6.0, 2.0, 2.0, 2.0, 2.0, 1.0, 1.0, 1.0, 1.0, 2.0, 2.0, 2.0, 6.0, 3.0, 3.0, 2.0, 2.0, 3.0, 6.0, 2.0, 3.0, 2.0, 3.0, 2.0, 6.0, 2.0, 6.0, 6.0, 6.0, 6.0, 5.0, 2.0, 2.0, 3.0, 2.0, 2.0, 2.0], [2.0, 6.0, 2.0, 2.0, 6.0, 2.0, 2.0, 2.0, 2.0, 1.0, 1.0, 1.0, 2.0, 1.0, 2.0, 2.0, 6.0, 3.0, 2.0, 2.0, 2.0, 3.0, 6.0, 2.0, 3.0, 3.0, 3.0, 2.0, 6.0, 2.0, 6.0, 3.0, 6.0, 3.0, 6.0, 2.0, 3.0, 3.0, 2.0, 2.0, 2.0], [2.0, 6.0, 2.0, 2.0, 6.0, 1.0, 2.0, 2.0, 2.0, 1.0, 1.0, 1.0, 1.0, 2.0, 2.0, 2.0, 6.0, 3.0, 3.0, 2.0, 2.0, 3.0, 6.0, 2.0, 3.0, 2.0, 3.0, 2.0, 6.0, 2.0, 6.0, 6.0, 6.0, 6.0, 6.0, 2.0, 2.0, 3.0, 2.0, 2.0, 3.0], [2.0, 6.0, 2.0, 2.0, 6.0, 1.0, 2.0, 2.0, 2.0, 1.0, 1.0, 2.0, 1.0, 2.0, 2.0, 2.0, 6.0, 3.0, 2.0, 2.0, 2.0, 3.0, 6.0, 2.0, 3.0, 2.0, 3.0, 2.0, 6.0, 2.0, 6.0, 6.0, 6.0, 3.0, 6.0, 2.0, 2.0, 3.0, 2.0, 2.0, 2.0], [2.0, 6.0, 2.0, 2.0, 6.0, 2.0, 2.0, 2.0, 2.0, 1.0, 1.0, 2.0, 1.0, 2.0, 2.0, 2.0, 6.0, 3.0, 2.0, 2.0, 2.0, 3.0, 6.0, 2.0, 3.0, 3.0, 3.0, 2.0, 6.0, 2.0, 6.0, 6.0, 6.0, 3.0, 6.0, 2.0, 3.0, 3.0, 2.0, 2.0, 2.0], [2.0, 3.0, 2.0, 2.0, 6.0, 1.0, 2.0, 2.0, 2.0, 1.0, 1.0, 1.0, 1.0, 2.0, 2.0, 2.0, 6.0, 3.0, 3.0, 2.0, 2.0, 3.0, 6.0, 2.0, 3.0, 2.0, 5.0, 2.0, 6.0, 2.0, 6.0, 6.0, 6.0, 5.0, 6.0, 2.0, 3.0, 3.0, 2.0, 2.0, 3.0], [2.0, 6.0, 2.0, 2.0, 6.0, 2.0, 2.0, 2.0, 2.0, 1.0, 1.0, 2.0, 1.0, 2.0, 2.0, 2.0, 6.0, 3.0, 3.0, 2.0, 2.0, 3.0, 6.0, 2.0, 3.0, 3.0, 5.0, 2.0, 6.0, 2.0, 6.0, 6.0, 6.0, 6.0, 6.0, 2.0, 3.0, 3.0, 2.0, 2.0, 2.0], [2.0, 6.0, 2.0, 1.0, 6.0, 2.0, 2.0, 2.0, 2.0, 1.0, 1.0, 1.0, 1.0, 2.0, 2.0, 2.0, 6.0, 3.0, 2.0, 2.0, 2.0, 3.0, 6.0, 2.0, 3.0, 2.0, 3.0, 2.0, 6.0, 2.0, 6.0, 6.0, 6.0, 3.0, 6.0, 2.0, 3.0, 3.0, 2.0, 2.0, 2.0], [2.0, 6.0, 2.0, 2.0, 3.0, 2.0, 2.0, 2.0, 2.0, 1.0, 1.0, 2.0, 1.0, 2.0, 2.0, 2.0, 6.0, 3.0, 3.0, 2.0, 2.0, 3.0, 6.0, 2.0, 3.0, 2.0, 3.0, 2.0, 6.0, 2.0, 3.0, 6.0, 6.0, 3.0, 6.0, 2.0, 2.0, 3.0, 2.0, 2.0, 2.0], [2.0, 6.0, 2.0, 2.0, 5.0, 2.0, 2.0, 2.0, 2.0, 1.0, 1.0, 1.0, 1.0, 2.0, 2.0, 2.0, 6.0, 3.0, 2.0, 2.0, 2.0, 3.0, 6.0, 2.0, 3.0, 2.0, 3.0, 2.0, 6.0, 2.0, 6.0, 6.0, 6.0, 3.0, 6.0, 2.0, 2.0, 3.0, 2.0, 2.0, 2.0], [2.0, 3.0, 2.0, 2.0, 6.0, 2.0, 2.0, 2.0, 2.0, 1.0, 1.0, 1.0, 1.0, 2.0, 2.0, 2.0, 6.0, 3.0, 3.0, 2.0, 2.0, 3.0, 6.0, 3.0, 3.0, 2.0, 3.0, 2.0, 6.0, 2.0, 6.0, 6.0, 6.0, 3.0, 6.0, 2.0, 2.0, 3.0, 2.0, 2.0, 2.0], [2.0, 6.0, 2.0, 2.0, 6.0, 2.0, 2.0, 2.0, 2.0, 1.0, 1.0, 1.0, 2.0, 2.0, 2.0, 2.0, 3.0, 3.0, 3.0, 2.0, 2.0, 3.0, 6.0, 2.0, 3.0, 2.0, 3.0, 2.0, 6.0, 2.0, 6.0, 6.0, 6.0, 6.0, 6.0, 2.0, 2.0, 3.0, 2.0, 2.0, 2.0], [2.0, 6.0, 3.0, 2.0, 6.0, 2.0, 2.0, 2.0, 2.0, 1.0, 1.0, 2.0, 1.0, 2.0, 2.0, 2.0, 6.0, 3.0, 2.0, 2.0, 2.0, 3.0, 6.0, 2.0, 3.0, 2.0, 3.0, 2.0, 6.0, 2.0, 3.0, 6.0, 6.0, 3.0, 6.0, 2.0, 3.0, 3.0, 2.0, 2.0, 2.0], [2.0, 6.0, 2.0, 2.0, 6.0, 1.0, 2.0, 2.0, 2.0, 1.0, 1.0, 2.0, 1.0, 2.0, 2.0, 2.0, 5.0, 3.0, 3.0, 2.0, 2.0, 3.0, 6.0, 2.0, 3.0, 2.0, 3.0, 2.0, 6.0, 2.0, 6.0, 6.0, 6.0, 5.0, 6.0, 2.0, 2.0, 3.0, 2.0, 2.0, 2.0], [2.0, 6.0, 2.0, 2.0, 3.0, 1.0, 2.0, 2.0, 2.0, 1.0, 1.0, 2.0, 1.0, 2.0, 2.0, 2.0, 6.0, 3.0, 3.0, 2.0, 2.0, 3.0, 6.0, 2.0, 3.0, 3.0, 6.0, 2.0, 6.0, 2.0, 3.0, 6.0, 6.0, 6.0, 6.0, 2.0, 2.0, 3.0, 2.0, 2.0, 2.0], [2.0, 6.0, 2.0, 1.0, 6.0, 1.0, 2.0, 2.0, 2.0, 1.0, 1.0, 2.0, 1.0, 2.0, 2.0, 2.0, 5.0, 3.0, 3.0, 2.0, 2.0, 3.0, 6.0, 4.0, 3.0, 3.0, 3.0, 2.0, 6.0, 2.0, 6.0, 6.0, 6.0, 6.0, 6.0, 2.0, 3.0, 3.0, 2.0, 2.0, 2.0], [2.0, 6.0, 2.0, 2.0, 6.0, 1.0, 2.0, 2.0, 2.0, 1.0, 1.0, 2.0, 2.0, 2.0, 2.0, 2.0, 3.0, 3.0, 3.0, 2.0, 2.0, 3.0, 6.0, 2.0, 3.0, 2.0, 3.0, 2.0, 6.0, 2.0, 6.0, 6.0, 6.0, 6.0, 6.0, 2.0, 2.0, 3.0, 2.0, 2.0, 2.0], [2.0, 6.0, 2.0, 2.0, 6.0, 2.0, 2.0, 2.0, 2.0, 1.0, 1.0, 1.0, 1.0, 2.0, 2.0, 2.0, 6.0, 3.0, 3.0, 2.0, 2.0, 3.0, 6.0, 2.0, 3.0, 2.0, 5.0, 2.0, 6.0, 2.0, 3.0, 6.0, 6.0, 6.0, 6.0, 2.0, 2.0, 3.0, 2.0, 2.0, 2.0]]

first layer check: Conv2d(9, 64, kernel_size=(7, 7), stride=(2, 2), padding=(3, 3), bias=False)

for model 1: mode acc: 0.5853658318519592, run mean acc: 0.5479166507720947, top-2 acc:0.7767500281333923, mode f1: 0.5853658318519592

model 1 mode preds
[2.0, 6.0, 2.0, 2.0, 6.0, 2.0, 2.0, 2.0, 2.0, 2.0, 1.0, 2.0, 2.0, 2.0, 2.0, 2.0, 6.0, 3.0, 2.0, 2.0, 2.0, 3.0, 6.0, 2.0, 3.0, 2.0, 3.0, 2.0, 6.0, 2.0, 5.0, 6.0, 6.0, 2.0, 3.0, 2.0, 2.0, 3.0, 2.0, 2.0, 2.0]

model 1 all preds
[[2.0, 6.0, 2.0, 2.0, 6.0, 2.0, 2.0, 2.0, 2.0, 2.0, 1.0, 2.0, 2.0, 2.0, 2.0, 2.0, 3.0, 3.0, 2.0, 2.0, 2.0, 3.0, 6.0, 2.0, 3.0, 2.0, 3.0, 2.0, 5.0, 2.0, 6.0, 6.0, 6.0, 2.0, 4.0, 2.0, 2.0, 3.0, 2.0, 2.0, 2.0], [2.0, 6.0, 2.0, 2.0, 6.0, 2.0, 2.0, 2.0, 2.0, 2.0, 1.0, 2.0, 2.0, 2.0, 2.0, 2.0, 6.0, 3.0, 2.0, 2.0, 2.0, 3.0, 6.0, 2.0, 3.0, 2.0, 6.0, 2.0, 5.0, 2.0, 5.0, 6.0, 6.0, 5.0, 3.0, 2.0, 2.0, 3.0, 2.0, 2.0, 2.0], [2.0, 5.0, 2.0, 2.0, 6.0, 2.0, 2.0, 2.0, 2.0, 2.0, 1.0, 2.0, 2.0, 2.0, 2.0, 2.0, 6.0, 3.0, 2.0, 2.0, 2.0, 3.0, 6.0, 2.0, 3.0, 2.0, 3.0, 2.0, 6.0, 2.0, 6.0, 6.0, 6.0, 5.0, 3.0, 2.0, 2.0, 3.0, 2.0, 2.0, 2.0], [2.0, 6.0, 2.0, 2.0, 6.0, 2.0, 2.0, 2.0, 2.0, 2.0, 1.0, 2.0, 2.0, 2.0, 2.0, 2.0, 6.0, 3.0, 2.0, 2.0, 2.0, 3.0, 6.0, 2.0, 3.0, 2.0, 3.0, 2.0, 6.0, 2.0, 2.0, 6.0, 6.0, 2.0, 4.0, 2.0, 2.0, 3.0, 2.0, 2.0, 2.0], [2.0, 6.0, 2.0, 2.0, 6.0, 2.0, 2.0, 2.0, 2.0, 2.0, 1.0, 2.0, 2.0, 2.0, 2.0, 2.0, 6.0, 3.0, 2.0, 2.0, 2.0, 3.0, 6.0, 2.0, 3.0, 2.0, 6.0, 2.0, 5.0, 2.0, 3.0, 6.0, 6.0, 5.0, 4.0, 2.0, 2.0, 3.0, 2.0, 2.0, 2.0], [2.0, 5.0, 2.0, 2.0, 6.0, 2.0, 2.0, 2.0, 2.0, 2.0, 1.0, 2.0, 2.0, 2.0, 2.0, 2.0, 6.0, 3.0, 2.0, 2.0, 2.0, 3.0, 6.0, 2.0, 3.0, 2.0, 3.0, 2.0, 6.0, 2.0, 5.0, 6.0, 6.0, 5.0, 3.0, 2.0, 2.0, 3.0, 2.0, 2.0, 2.0], [2.0, 5.0, 2.0, 2.0, 6.0, 2.0, 2.0, 2.0, 2.0, 2.0, 1.0, 2.0, 2.0, 2.0, 2.0, 2.0, 6.0, 4.0, 2.0, 2.0, 2.0, 3.0, 6.0, 2.0, 3.0, 2.0, 4.0, 2.0, 5.0, 2.0, 5.0, 6.0, 6.0, 2.0, 3.0, 2.0, 2.0, 3.0, 2.0, 2.0, 2.0], [2.0, 6.0, 2.0, 2.0, 6.0, 2.0, 2.0, 2.0, 2.0, 2.0, 1.0, 2.0, 2.0, 2.0, 2.0, 2.0, 6.0, 3.0, 2.0, 2.0, 2.0, 2.0, 6.0, 2.0, 3.0, 2.0, 3.0, 2.0, 6.0, 2.0, 2.0, 6.0, 6.0, 2.0, 3.0, 2.0, 2.0, 3.0, 2.0, 2.0, 2.0], [2.0, 5.0, 2.0, 2.0, 6.0, 2.0, 2.0, 2.0, 2.0, 2.0, 1.0, 2.0, 2.0, 2.0, 2.0, 2.0, 6.0, 3.0, 2.0, 2.0, 2.0, 3.0, 6.0, 2.0, 3.0, 2.0, 3.0, 2.0, 6.0, 2.0, 5.0, 6.0, 6.0, 3.0, 3.0, 2.0, 2.0, 3.0, 2.0, 2.0, 2.0], [2.0, 5.0, 2.0, 2.0, 6.0, 2.0, 2.0, 2.0, 2.0, 2.0, 1.0, 2.0, 2.0, 2.0, 2.0, 2.0, 6.0, 3.0, 2.0, 2.0, 2.0, 3.0, 6.0, 2.0, 4.0, 2.0, 3.0, 2.0, 6.0, 2.0, 5.0, 6.0, 6.0, 2.0, 3.0, 2.0, 2.0, 3.0, 2.0, 2.0, 2.0], [2.0, 5.0, 2.0, 2.0, 6.0, 2.0, 2.0, 2.0, 2.0, 2.0, 1.0, 2.0, 2.0, 2.0, 2.0, 2.0, 6.0, 3.0, 2.0, 2.0, 2.0, 3.0, 6.0, 2.0, 3.0, 2.0, 3.0, 2.0, 6.0, 2.0, 5.0, 6.0, 6.0, 2.0, 3.0, 2.0, 2.0, 3.0, 2.0, 2.0, 2.0], [2.0, 6.0, 2.0, 2.0, 6.0, 2.0, 1.0, 2.0, 2.0, 1.0, 1.0, 2.0, 2.0, 2.0, 2.0, 2.0, 6.0, 2.0, 2.0, 2.0, 2.0, 3.0, 6.0, 2.0, 3.0, 2.0, 3.0, 2.0, 6.0, 2.0, 6.0, 3.0, 6.0, 2.0, 3.0, 2.0, 2.0, 3.0, 2.0, 2.0, 2.0], [2.0, 6.0, 2.0, 2.0, 6.0, 2.0, 2.0, 2.0, 2.0, 2.0, 1.0, 2.0, 2.0, 2.0, 2.0, 2.0, 6.0, 3.0, 2.0, 2.0, 2.0, 3.0, 6.0, 2.0, 3.0, 2.0, 3.0, 2.0, 6.0, 2.0, 3.0, 6.0, 6.0, 2.0, 3.0, 2.0, 2.0, 3.0, 2.0, 2.0, 2.0], [2.0, 6.0, 2.0, 2.0, 5.0, 2.0, 2.0, 2.0, 2.0, 2.0, 1.0, 2.0, 2.0, 2.0, 2.0, 2.0, 6.0, 3.0, 2.0, 2.0, 2.0, 3.0, 6.0, 2.0, 3.0, 2.0, 3.0, 2.0, 6.0, 2.0, 6.0, 6.0, 6.0, 5.0, 3.0, 2.0, 2.0, 3.0, 2.0, 2.0, 2.0], [2.0, 6.0, 2.0, 2.0, 6.0, 2.0, 2.0, 2.0, 2.0, 2.0, 1.0, 2.0, 2.0, 2.0, 2.0, 2.0, 6.0, 3.0, 2.0, 2.0, 2.0, 3.0, 6.0, 2.0, 3.0, 2.0, 3.0, 2.0, 6.0, 2.0, 5.0, 6.0, 6.0, 5.0, 4.0, 2.0, 2.0, 3.0, 2.0, 2.0, 2.0], [2.0, 6.0, 2.0, 2.0, 6.0, 2.0, 2.0, 2.0, 2.0, 2.0, 1.0, 2.0, 2.0, 2.0, 2.0, 2.0, 6.0, 2.0, 2.0, 2.0, 2.0, 2.0, 6.0, 2.0, 3.0, 2.0, 3.0, 2.0, 6.0, 2.0, 5.0, 6.0, 6.0, 5.0, 3.0, 2.0, 2.0, 3.0, 2.0, 2.0, 2.0], [2.0, 5.0, 2.0, 2.0, 6.0, 2.0, 2.0, 2.0, 2.0, 2.0, 1.0, 2.0, 2.0, 2.0, 2.0, 2.0, 6.0, 3.0, 2.0, 2.0, 2.0, 3.0, 6.0, 2.0, 3.0, 2.0, 3.0, 2.0, 6.0, 2.0, 5.0, 6.0, 6.0, 5.0, 3.0, 2.0, 2.0, 3.0, 2.0, 2.0, 2.0], [2.0, 6.0, 2.0, 2.0, 6.0, 1.0, 2.0, 2.0, 2.0, 1.0, 1.0, 2.0, 2.0, 2.0, 2.0, 2.0, 6.0, 2.0, 2.0, 2.0, 2.0, 3.0, 6.0, 2.0, 3.0, 2.0, 3.0, 2.0, 6.0, 2.0, 5.0, 6.0, 6.0, 2.0, 4.0, 2.0, 2.0, 3.0, 2.0, 2.0, 2.0], [2.0, 5.0, 2.0, 2.0, 6.0, 2.0, 2.0, 2.0, 2.0, 2.0, 1.0, 2.0, 2.0, 2.0, 2.0, 2.0, 6.0, 3.0, 2.0, 2.0, 2.0, 3.0, 6.0, 2.0, 3.0, 2.0, 3.0, 2.0, 6.0, 2.0, 5.0, 6.0, 6.0, 2.0, 3.0, 2.0, 2.0, 3.0, 2.0, 2.0, 2.0], [2.0, 5.0, 2.0, 1.0, 6.0, 2.0, 2.0, 2.0, 2.0, 2.0, 1.0, 2.0, 1.0, 2.0, 2.0, 2.0, 6.0, 3.0, 2.0, 2.0, 2.0, 3.0, 6.0, 2.0, 3.0, 2.0, 3.0, 2.0, 6.0, 2.0, 5.0, 6.0, 6.0, 3.0, 3.0, 2.0, 2.0, 3.0, 2.0, 2.0, 2.0], [2.0, 6.0, 2.0, 2.0, 5.0, 2.0, 2.0, 2.0, 2.0, 2.0, 1.0, 2.0, 2.0, 2.0, 2.0, 2.0, 6.0, 3.0, 2.0, 2.0, 2.0, 3.0, 6.0, 2.0, 3.0, 2.0, 3.0, 2.0, 6.0, 2.0, 5.0, 6.0, 6.0, 5.0, 3.0, 2.0, 2.0, 3.0, 2.0, 2.0, 2.0], [2.0, 5.0, 2.0, 2.0, 6.0, 2.0, 2.0, 2.0, 2.0, 1.0, 1.0, 2.0, 2.0, 2.0, 2.0, 2.0, 6.0, 3.0, 2.0, 2.0, 2.0, 3.0, 6.0, 2.0, 3.0, 2.0, 3.0, 2.0, 6.0, 2.0, 5.0, 6.0, 6.0, 2.0, 4.0, 2.0, 2.0, 3.0, 2.0, 2.0, 2.0], [2.0, 5.0, 2.0, 2.0, 6.0, 2.0, 2.0, 2.0, 2.0, 2.0, 1.0, 2.0, 2.0, 2.0, 2.0, 2.0, 6.0, 2.0, 2.0, 2.0, 2.0, 3.0, 6.0, 2.0, 3.0, 2.0, 3.0, 2.0, 6.0, 2.0, 5.0, 6.0, 6.0, 2.0, 4.0, 2.0, 2.0, 3.0, 2.0, 2.0, 2.0], [2.0, 5.0, 2.0, 2.0, 6.0, 2.0, 2.0, 2.0, 2.0, 1.0, 1.0, 2.0, 2.0, 2.0, 2.0, 2.0, 6.0, 3.0, 2.0, 2.0, 2.0, 3.0, 6.0, 2.0, 3.0, 2.0, 3.0, 2.0, 6.0, 2.0, 5.0, 6.0, 6.0, 3.0, 3.0, 2.0, 2.0, 3.0, 2.0, 2.0, 2.0], [2.0, 6.0, 2.0, 2.0, 6.0, 2.0, 2.0, 2.0, 2.0, 2.0, 1.0, 2.0, 2.0, 2.0, 2.0, 2.0, 6.0, 3.0, 2.0, 2.0, 2.0, 3.0, 6.0, 2.0, 3.0, 2.0, 6.0, 2.0, 6.0, 2.0, 5.0, 6.0, 6.0, 2.0, 3.0, 2.0, 2.0, 3.0, 2.0, 2.0, 2.0], [2.0, 6.0, 2.0, 2.0, 6.0, 2.0, 2.0, 2.0, 2.0, 2.0, 1.0, 2.0, 2.0, 2.0, 2.0, 2.0, 3.0, 3.0, 2.0, 2.0, 2.0, 3.0, 6.0, 2.0, 3.0, 2.0, 3.0, 2.0, 6.0, 2.0, 5.0, 6.0, 6.0, 2.0, 3.0, 2.0, 2.0, 3.0, 2.0, 2.0, 2.0], [2.0, 6.0, 2.0, 2.0, 6.0, 2.0, 2.0, 2.0, 2.0, 2.0, 1.0, 2.0, 2.0, 2.0, 2.0, 2.0, 6.0, 3.0, 2.0, 2.0, 2.0, 3.0, 6.0, 2.0, 3.0, 2.0, 3.0, 2.0, 6.0, 2.0, 5.0, 6.0, 6.0, 5.0, 3.0, 2.0, 2.0, 3.0, 2.0, 2.0, 2.0], [2.0, 6.0, 2.0, 2.0, 6.0, 2.0, 2.0, 2.0, 2.0, 2.0, 1.0, 2.0, 2.0, 2.0, 2.0, 2.0, 6.0, 3.0, 2.0, 2.0, 2.0, 3.0, 6.0, 2.0, 3.0, 2.0, 3.0, 2.0, 6.0, 2.0, 3.0, 6.0, 6.0, 2.0, 3.0, 2.0, 2.0, 3.0, 2.0, 2.0, 2.0], [2.0, 6.0, 2.0, 2.0, 6.0, 2.0, 2.0, 2.0, 2.0, 2.0, 1.0, 2.0, 2.0, 2.0, 2.0, 2.0, 6.0, 3.0, 2.0, 2.0, 2.0, 2.0, 6.0, 2.0, 3.0, 2.0, 3.0, 2.0, 6.0, 2.0, 5.0, 6.0, 6.0, 2.0, 3.0, 2.0, 2.0, 3.0, 2.0, 2.0, 2.0], [2.0, 5.0, 2.0, 2.0, 6.0, 2.0, 2.0, 2.0, 2.0, 2.0, 1.0, 2.0, 2.0, 2.0, 2.0, 2.0, 6.0, 3.0, 2.0, 2.0, 2.0, 2.0, 6.0, 2.0, 2.0, 2.0, 3.0, 2.0, 6.0, 2.0, 3.0, 6.0, 6.0, 2.0, 4.0, 2.0, 2.0, 3.0, 2.0, 2.0, 2.0], [2.0, 5.0, 2.0, 2.0, 5.0, 2.0, 2.0, 2.0, 2.0, 2.0, 1.0, 2.0, 2.0, 2.0, 2.0, 2.0, 6.0, 3.0, 2.0, 2.0, 2.0, 3.0, 6.0, 2.0, 3.0, 2.0, 3.0, 2.0, 6.0, 2.0, 5.0, 6.0, 6.0, 3.0, 3.0, 2.0, 2.0, 3.0, 2.0, 2.0, 2.0], [2.0, 5.0, 2.0, 2.0, 6.0, 2.0, 1.0, 2.0, 2.0, 1.0, 1.0, 2.0, 2.0, 2.0, 2.0, 2.0, 6.0, 3.0, 2.0, 2.0, 2.0, 3.0, 6.0, 2.0, 3.0, 2.0, 3.0, 2.0, 6.0, 2.0, 5.0, 6.0, 6.0, 5.0, 3.0, 2.0, 2.0, 3.0, 2.0, 2.0, 2.0], [2.0, 6.0, 2.0, 2.0, 6.0, 2.0, 2.0, 2.0, 2.0, 1.0, 1.0, 2.0, 2.0, 2.0, 2.0, 2.0, 6.0, 3.0, 2.0, 2.0, 2.0, 3.0, 6.0, 2.0, 3.0, 2.0, 3.0, 2.0, 6.0, 2.0, 5.0, 6.0, 6.0, 2.0, 3.0, 2.0, 2.0, 3.0, 2.0, 2.0, 2.0], [2.0, 6.0, 2.0, 2.0, 6.0, 2.0, 2.0, 2.0, 2.0, 2.0, 2.0, 2.0, 2.0, 2.0, 2.0, 2.0, 6.0, 3.0, 2.0, 2.0, 2.0, 3.0, 6.0, 2.0, 3.0, 2.0, 3.0, 2.0, 5.0, 2.0, 5.0, 6.0, 6.0, 2.0, 3.0, 2.0, 2.0, 3.0, 2.0, 2.0, 2.0], [2.0, 5.0, 2.0, 2.0, 6.0, 2.0, 2.0, 2.0, 2.0, 2.0, 1.0, 2.0, 2.0, 2.0, 2.0, 2.0, 3.0, 2.0, 2.0, 2.0, 2.0, 3.0, 6.0, 2.0, 3.0, 2.0, 3.0, 2.0, 6.0, 2.0, 5.0, 3.0, 6.0, 3.0, 3.0, 2.0, 2.0, 3.0, 2.0, 2.0, 2.0], [2.0, 5.0, 2.0, 2.0, 6.0, 2.0, 2.0, 2.0, 2.0, 2.0, 0.0, 2.0, 2.0, 2.0, 2.0, 2.0, 6.0, 2.0, 2.0, 2.0, 2.0, 3.0, 6.0, 2.0, 3.0, 2.0, 6.0, 2.0, 5.0, 2.0, 6.0, 6.0, 6.0, 5.0, 3.0, 2.0, 2.0, 3.0, 2.0, 2.0, 2.0], [2.0, 6.0, 2.0, 2.0, 6.0, 2.0, 2.0, 2.0, 2.0, 2.0, 1.0, 2.0, 2.0, 2.0, 2.0, 2.0, 6.0, 4.0, 2.0, 2.0, 2.0, 3.0, 6.0, 2.0, 3.0, 2.0, 3.0, 2.0, 5.0, 2.0, 5.0, 6.0, 6.0, 5.0, 3.0, 2.0, 2.0, 3.0, 2.0, 2.0, 2.0], [2.0, 5.0, 2.0, 2.0, 6.0, 2.0, 2.0, 2.0, 2.0, 2.0, 1.0, 2.0, 2.0, 2.0, 2.0, 2.0, 6.0, 3.0, 2.0, 2.0, 2.0, 3.0, 6.0, 2.0, 3.0, 2.0, 3.0, 2.0, 6.0, 2.0, 5.0, 6.0, 6.0, 3.0, 4.0, 2.0, 2.0, 3.0, 2.0, 2.0, 2.0], [2.0, 6.0, 2.0, 2.0, 6.0, 2.0, 2.0, 2.0, 2.0, 2.0, 1.0, 2.0, 2.0, 2.0, 2.0, 2.0, 3.0, 3.0, 2.0, 2.0, 2.0, 3.0, 6.0, 2.0, 3.0, 2.0, 3.0, 2.0, 6.0, 2.0, 5.0, 6.0, 6.0, 2.0, 3.0, 2.0, 2.0, 3.0, 2.0, 2.0, 2.0], [2.0, 3.0, 2.0, 2.0, 6.0, 2.0, 2.0, 2.0, 2.0, 2.0, 1.0, 2.0, 2.0, 2.0, 2.0, 2.0, 6.0, 3.0, 2.0, 2.0, 2.0, 3.0, 6.0, 2.0, 3.0, 2.0, 3.0, 2.0, 6.0, 2.0, 5.0, 6.0, 6.0, 2.0, 3.0, 2.0, 2.0, 3.0, 2.0, 2.0, 2.0], [2.0, 6.0, 2.0, 2.0, 6.0, 2.0, 2.0, 2.0, 2.0, 2.0, 1.0, 2.0, 2.0, 2.0, 2.0, 2.0, 6.0, 3.0, 2.0, 2.0, 2.0, 3.0, 6.0, 2.0, 3.0, 2.0, 3.0, 2.0, 5.0, 2.0, 5.0, 3.0, 6.0, 3.0, 3.0, 2.0, 2.0, 3.0, 2.0, 2.0, 2.0], [2.0, 5.0, 2.0, 2.0, 6.0, 2.0, 2.0, 2.0, 2.0, 2.0, 1.0, 2.0, 2.0, 2.0, 2.0, 2.0, 6.0, 3.0, 2.0, 2.0, 2.0, 3.0, 6.0, 2.0, 3.0, 2.0, 3.0, 2.0, 6.0, 2.0, 5.0, 6.0, 6.0, 5.0, 4.0, 2.0, 2.0, 3.0, 2.0, 2.0, 2.0], [2.0, 6.0, 2.0, 2.0, 6.0, 2.0, 2.0, 2.0, 2.0, 2.0, 1.0, 2.0, 2.0, 2.0, 2.0, 2.0, 2.0, 3.0, 2.0, 2.0, 2.0, 3.0, 6.0, 2.0, 3.0, 2.0, 3.0, 2.0, 5.0, 2.0, 5.0, 6.0, 6.0, 5.0, 4.0, 2.0, 2.0, 3.0, 2.0, 2.0, 2.0], [2.0, 6.0, 2.0, 2.0, 6.0, 2.0, 2.0, 2.0, 2.0, 2.0, 1.0, 2.0, 2.0, 2.0, 2.0, 2.0, 6.0, 3.0, 2.0, 2.0, 2.0, 3.0, 6.0, 2.0, 3.0, 2.0, 3.0, 2.0, 4.0, 2.0, 5.0, 6.0, 6.0, 2.0, 3.0, 2.0, 2.0, 3.0, 2.0, 2.0, 2.0], [2.0, 6.0, 2.0, 2.0, 6.0, 2.0, 2.0, 2.0, 2.0, 2.0, 1.0, 2.0, 2.0, 2.0, 2.0, 2.0, 6.0, 3.0, 2.0, 2.0, 2.0, 3.0, 6.0, 2.0, 3.0, 2.0, 3.0, 2.0, 6.0, 2.0, 5.0, 6.0, 6.0, 2.0, 3.0, 2.0, 2.0, 3.0, 2.0, 2.0, 2.0], [2.0, 6.0, 2.0, 2.0, 6.0, 2.0, 2.0, 2.0, 2.0, 2.0, 1.0, 2.0, 2.0, 2.0, 2.0, 2.0, 6.0, 2.0, 2.0, 2.0, 2.0, 3.0, 6.0, 2.0, 3.0, 2.0, 3.0, 2.0, 5.0, 2.0, 6.0, 6.0, 6.0, 2.0, 3.0, 2.0, 2.0, 3.0, 2.0, 2.0, 2.0], [2.0, 6.0, 2.0, 2.0, 6.0, 2.0, 2.0, 2.0, 2.0, 2.0, 1.0, 2.0, 2.0, 2.0, 2.0, 2.0, 6.0, 3.0, 2.0, 2.0, 2.0, 3.0, 6.0, 2.0, 3.0, 2.0, 3.0, 2.0, 6.0, 2.0, 5.0, 6.0, 6.0, 2.0, 3.0, 2.0, 2.0, 3.0, 2.0, 2.0, 2.0], [2.0, 6.0, 2.0, 2.0, 6.0, 2.0, 2.0, 2.0, 2.0, 2.0, 1.0, 2.0, 2.0, 2.0, 2.0, 2.0, 5.0, 6.0, 2.0, 2.0, 2.0, 3.0, 6.0, 2.0, 3.0, 2.0, 3.0, 2.0, 6.0, 2.0, 5.0, 6.0, 6.0, 2.0, 4.0, 2.0, 2.0, 3.0, 2.0, 2.0, 2.0], [2.0, 5.0, 2.0, 2.0, 6.0, 2.0, 2.0, 2.0, 2.0, 2.0, 1.0, 2.0, 2.0, 2.0, 2.0, 2.0, 6.0, 4.0, 2.0, 2.0, 2.0, 2.0, 6.0, 2.0, 3.0, 2.0, 3.0, 2.0, 6.0, 2.0, 6.0, 6.0, 6.0, 2.0, 3.0, 2.0, 2.0, 3.0, 2.0, 2.0, 2.0], [2.0, 6.0, 2.0, 2.0, 6.0, 2.0, 2.0, 2.0, 2.0, 2.0, 1.0, 2.0, 2.0, 2.0, 2.0, 2.0, 6.0, 3.0, 2.0, 2.0, 2.0, 3.0, 6.0, 2.0, 3.0, 2.0, 3.0, 2.0, 5.0, 2.0, 3.0, 6.0, 6.0, 2.0, 3.0, 2.0, 2.0, 3.0, 2.0, 2.0, 2.0]]

first layer check: Conv2d(9, 64, kernel_size=(7, 7), stride=(2, 2), padding=(3, 3), bias=False)

for model 2: mode acc: 0.5365853905677795, run mean acc: 0.5114166736602783, top-2 acc:0.7785833477973938, mode f1: 0.5365853905677795

model 2 mode preds
[2.0, 6.0, 2.0, 2.0, 6.0, 2.0, 2.0, 2.0, 2.0, 2.0, 2.0, 2.0, 2.0, 2.0, 2.0, 2.0, 6.0, 3.0, 2.0, 2.0, 2.0, 3.0, 6.0, 2.0, 3.0, 2.0, 5.0, 2.0, 6.0, 2.0, 5.0, 6.0, 6.0, 5.0, 6.0, 2.0, 2.0, 3.0, 2.0, 2.0, 2.0]

model 2 all preds
[[2.0, 6.0, 2.0, 2.0, 6.0, 2.0, 2.0, 2.0, 2.0, 2.0, 2.0, 2.0, 2.0, 2.0, 2.0, 2.0, 6.0, 6.0, 2.0, 2.0, 2.0, 3.0, 6.0, 2.0, 3.0, 2.0, 5.0, 2.0, 6.0, 2.0, 6.0, 6.0, 6.0, 6.0, 6.0, 2.0, 2.0, 3.0, 2.0, 2.0, 2.0], [2.0, 6.0, 2.0, 2.0, 6.0, 2.0, 2.0, 2.0, 2.0, 1.0, 2.0, 2.0, 2.0, 2.0, 2.0, 2.0, 6.0, 3.0, 2.0, 2.0, 2.0, 3.0, 6.0, 3.0, 3.0, 2.0, 5.0, 2.0, 6.0, 2.0, 5.0, 6.0, 6.0, 3.0, 4.0, 2.0, 2.0, 3.0, 2.0, 2.0, 2.0], [2.0, 6.0, 2.0, 2.0, 6.0, 2.0, 2.0, 2.0, 2.0, 2.0, 1.0, 2.0, 2.0, 2.0, 2.0, 2.0, 6.0, 5.0, 2.0, 2.0, 2.0, 3.0, 6.0, 3.0, 3.0, 2.0, 5.0, 2.0, 6.0, 2.0, 6.0, 6.0, 6.0, 6.0, 6.0, 2.0, 2.0, 3.0, 2.0, 2.0, 2.0], [2.0, 6.0, 2.0, 2.0, 6.0, 2.0, 2.0, 2.0, 2.0, 2.0, 2.0, 2.0, 2.0, 2.0, 2.0, 2.0, 6.0, 6.0, 2.0, 2.0, 2.0, 3.0, 6.0, 2.0, 3.0, 2.0, 6.0, 2.0, 6.0, 2.0, 5.0, 6.0, 6.0, 3.0, 3.0, 2.0, 2.0, 3.0, 2.0, 2.0, 2.0], [2.0, 6.0, 2.0, 2.0, 6.0, 2.0, 2.0, 2.0, 2.0, 2.0, 2.0, 2.0, 2.0, 2.0, 2.0, 2.0, 6.0, 6.0, 2.0, 2.0, 2.0, 3.0, 6.0, 3.0, 3.0, 2.0, 5.0, 2.0, 6.0, 2.0, 5.0, 6.0, 6.0, 5.0, 6.0, 2.0, 3.0, 3.0, 2.0, 2.0, 2.0], [2.0, 6.0, 2.0, 2.0, 6.0, 2.0, 2.0, 2.0, 2.0, 2.0, 1.0, 2.0, 2.0, 2.0, 2.0, 2.0, 6.0, 6.0, 3.0, 2.0, 2.0, 3.0, 6.0, 2.0, 3.0, 2.0, 5.0, 2.0, 6.0, 2.0, 5.0, 6.0, 6.0, 5.0, 6.0, 2.0, 2.0, 3.0, 2.0, 2.0, 2.0], [2.0, 6.0, 2.0, 2.0, 6.0, 2.0, 2.0, 2.0, 2.0, 2.0, 1.0, 2.0, 2.0, 2.0, 2.0, 2.0, 6.0, 3.0, 3.0, 2.0, 2.0, 3.0, 6.0, 3.0, 3.0, 2.0, 5.0, 2.0, 6.0, 2.0, 6.0, 6.0, 6.0, 3.0, 3.0, 2.0, 2.0, 3.0, 2.0, 2.0, 2.0], [2.0, 6.0, 2.0, 2.0, 6.0, 2.0, 2.0, 2.0, 2.0, 2.0, 2.0, 2.0, 2.0, 2.0, 2.0, 2.0, 6.0, 3.0, 2.0, 2.0, 2.0, 3.0, 6.0, 2.0, 3.0, 2.0, 3.0, 2.0, 6.0, 2.0, 6.0, 6.0, 6.0, 5.0, 3.0, 2.0, 3.0, 3.0, 2.0, 2.0, 2.0], [2.0, 6.0, 2.0, 2.0, 6.0, 2.0, 2.0, 2.0, 2.0, 2.0, 1.0, 2.0, 2.0, 2.0, 2.0, 2.0, 6.0, 3.0, 2.0, 2.0, 2.0, 3.0, 6.0, 4.0, 3.0, 2.0, 5.0, 2.0, 6.0, 2.0, 5.0, 6.0, 6.0, 6.0, 3.0, 2.0, 2.0, 3.0, 2.0, 2.0, 2.0], [2.0, 6.0, 2.0, 2.0, 6.0, 2.0, 2.0, 2.0, 2.0, 2.0, 2.0, 2.0, 2.0, 2.0, 2.0, 2.0, 6.0, 3.0, 2.0, 2.0, 2.0, 3.0, 6.0, 4.0, 3.0, 2.0, 5.0, 2.0, 6.0, 2.0, 3.0, 6.0, 6.0, 6.0, 6.0, 2.0, 2.0, 3.0, 2.0, 2.0, 2.0], [2.0, 6.0, 2.0, 2.0, 6.0, 2.0, 2.0, 2.0, 2.0, 1.0, 1.0, 2.0, 2.0, 2.0, 2.0, 2.0, 6.0, 6.0, 2.0, 2.0, 2.0, 3.0, 6.0, 3.0, 3.0, 2.0, 5.0, 2.0, 6.0, 2.0, 5.0, 6.0, 6.0, 6.0, 3.0, 2.0, 2.0, 3.0, 2.0, 2.0, 2.0], [2.0, 6.0, 2.0, 2.0, 6.0, 2.0, 2.0, 2.0, 2.0, 2.0, 2.0, 2.0, 2.0, 2.0, 2.0, 2.0, 6.0, 3.0, 2.0, 2.0, 2.0, 3.0, 6.0, 2.0, 3.0, 2.0, 4.0, 2.0, 6.0, 2.0, 6.0, 6.0, 6.0, 6.0, 6.0, 2.0, 2.0, 3.0, 2.0, 2.0, 2.0], [2.0, 6.0, 2.0, 2.0, 6.0, 2.0, 2.0, 2.0, 2.0, 1.0, 2.0, 2.0, 2.0, 2.0, 2.0, 2.0, 6.0, 3.0, 3.0, 2.0, 2.0, 3.0, 6.0, 3.0, 3.0, 2.0, 5.0, 2.0, 6.0, 2.0, 4.0, 6.0, 6.0, 3.0, 6.0, 2.0, 2.0, 3.0, 2.0, 2.0, 2.0], [2.0, 6.0, 2.0, 2.0, 6.0, 2.0, 2.0, 2.0, 2.0, 2.0, 2.0, 2.0, 2.0, 2.0, 2.0, 2.0, 6.0, 3.0, 2.0, 2.0, 2.0, 3.0, 6.0, 2.0, 3.0, 2.0, 5.0, 2.0, 6.0, 2.0, 6.0, 6.0, 6.0, 6.0, 6.0, 2.0, 2.0, 3.0, 2.0, 2.0, 2.0], [2.0, 6.0, 2.0, 2.0, 6.0, 2.0, 2.0, 2.0, 2.0, 2.0, 2.0, 2.0, 2.0, 2.0, 2.0, 2.0, 6.0, 6.0, 2.0, 2.0, 2.0, 3.0, 6.0, 2.0, 3.0, 2.0, 3.0, 2.0, 6.0, 2.0, 6.0, 6.0, 6.0, 6.0, 6.0, 2.0, 2.0, 2.0, 2.0, 2.0, 2.0], [2.0, 6.0, 2.0, 2.0, 6.0, 2.0, 2.0, 2.0, 2.0, 2.0, 2.0, 2.0, 2.0, 2.0, 2.0, 2.0, 6.0, 4.0, 2.0, 2.0, 2.0, 3.0, 6.0, 3.0, 3.0, 2.0, 5.0, 2.0, 6.0, 2.0, 5.0, 6.0, 6.0, 6.0, 6.0, 2.0, 2.0, 3.0, 2.0, 2.0, 2.0], [2.0, 6.0, 2.0, 2.0, 6.0, 2.0, 2.0, 2.0, 2.0, 2.0, 2.0, 2.0, 2.0, 2.0, 2.0, 2.0, 6.0, 6.0, 2.0, 2.0, 2.0, 3.0, 6.0, 2.0, 3.0, 2.0, 5.0, 2.0, 6.0, 2.0, 5.0, 6.0, 6.0, 6.0, 6.0, 2.0, 2.0, 3.0, 2.0, 2.0, 2.0], [2.0, 6.0, 2.0, 2.0, 6.0, 2.0, 2.0, 2.0, 2.0, 2.0, 1.0, 2.0, 2.0, 2.0, 2.0, 2.0, 6.0, 6.0, 2.0, 2.0, 2.0, 3.0, 6.0, 2.0, 3.0, 2.0, 5.0, 2.0, 6.0, 2.0, 5.0, 5.0, 6.0, 5.0, 6.0, 2.0, 2.0, 3.0, 2.0, 2.0, 2.0], [2.0, 6.0, 2.0, 2.0, 6.0, 2.0, 2.0, 2.0, 2.0, 2.0, 2.0, 2.0, 2.0, 2.0, 2.0, 2.0, 6.0, 5.0, 2.0, 2.0, 2.0, 3.0, 6.0, 2.0, 3.0, 2.0, 5.0, 2.0, 6.0, 2.0, 5.0, 6.0, 6.0, 3.0, 6.0, 2.0, 2.0, 3.0, 2.0, 2.0, 2.0], [2.0, 6.0, 2.0, 2.0, 6.0, 2.0, 2.0, 2.0, 2.0, 2.0, 2.0, 2.0, 2.0, 2.0, 2.0, 2.0, 6.0, 6.0, 2.0, 2.0, 2.0, 3.0, 6.0, 3.0, 3.0, 2.0, 5.0, 2.0, 6.0, 2.0, 5.0, 6.0, 6.0, 3.0, 6.0, 2.0, 2.0, 3.0, 2.0, 2.0, 2.0], [2.0, 6.0, 2.0, 2.0, 6.0, 2.0, 2.0, 2.0, 2.0, 2.0, 1.0, 2.0, 2.0, 2.0, 2.0, 2.0, 6.0, 6.0, 2.0, 2.0, 2.0, 3.0, 6.0, 3.0, 3.0, 2.0, 3.0, 2.0, 6.0, 2.0, 5.0, 6.0, 6.0, 3.0, 6.0, 2.0, 2.0, 3.0, 2.0, 2.0, 2.0], [2.0, 6.0, 2.0, 2.0, 6.0, 2.0, 2.0, 2.0, 2.0, 2.0, 1.0, 2.0, 2.0, 2.0, 2.0, 2.0, 6.0, 3.0, 2.0, 2.0, 2.0, 3.0, 6.0, 2.0, 3.0, 2.0, 5.0, 2.0, 6.0, 2.0, 3.0, 6.0, 6.0, 5.0, 6.0, 2.0, 2.0, 3.0, 2.0, 2.0, 2.0], [2.0, 6.0, 2.0, 2.0, 6.0, 2.0, 2.0, 2.0, 2.0, 2.0, 1.0, 2.0, 2.0, 2.0, 2.0, 2.0, 6.0, 6.0, 2.0, 2.0, 2.0, 3.0, 6.0, 2.0, 4.0, 2.0, 5.0, 2.0, 6.0, 2.0, 5.0, 6.0, 6.0, 6.0, 3.0, 2.0, 2.0, 3.0, 2.0, 2.0, 2.0], [2.0, 6.0, 2.0, 2.0, 6.0, 2.0, 2.0, 2.0, 2.0, 1.0, 2.0, 2.0, 2.0, 2.0, 2.0, 2.0, 6.0, 6.0, 2.0, 2.0, 2.0, 3.0, 6.0, 3.0, 3.0, 2.0, 5.0, 2.0, 6.0, 2.0, 5.0, 6.0, 6.0, 5.0, 4.0, 2.0, 2.0, 3.0, 2.0, 2.0, 2.0], [2.0, 6.0, 2.0, 2.0, 6.0, 2.0, 2.0, 2.0, 2.0, 2.0, 2.0, 2.0, 2.0, 2.0, 2.0, 2.0, 6.0, 5.0, 3.0, 2.0, 2.0, 3.0, 6.0, 2.0, 3.0, 2.0, 5.0, 2.0, 6.0, 2.0, 5.0, 6.0, 6.0, 5.0, 6.0, 2.0, 2.0, 3.0, 2.0, 2.0, 2.0], [2.0, 6.0, 2.0, 2.0, 6.0, 2.0, 2.0, 2.0, 2.0, 2.0, 2.0, 2.0, 2.0, 2.0, 2.0, 2.0, 6.0, 3.0, 2.0, 2.0, 2.0, 3.0, 6.0, 2.0, 4.0, 2.0, 5.0, 2.0, 6.0, 2.0, 5.0, 6.0, 6.0, 3.0, 3.0, 2.0, 2.0, 3.0, 2.0, 2.0, 2.0], [2.0, 3.0, 2.0, 2.0, 6.0, 2.0, 2.0, 2.0, 2.0, 2.0, 2.0, 2.0, 2.0, 2.0, 2.0, 2.0, 6.0, 3.0, 2.0, 2.0, 2.0, 3.0, 6.0, 2.0, 3.0, 2.0, 3.0, 2.0, 6.0, 2.0, 5.0, 6.0, 6.0, 5.0, 6.0, 2.0, 2.0, 3.0, 2.0, 2.0, 2.0], [2.0, 5.0, 2.0, 2.0, 6.0, 2.0, 2.0, 2.0, 2.0, 2.0, 2.0, 2.0, 2.0, 2.0, 2.0, 2.0, 6.0, 4.0, 2.0, 2.0, 2.0, 3.0, 6.0, 2.0, 3.0, 2.0, 5.0, 2.0, 5.0, 2.0, 5.0, 6.0, 6.0, 6.0, 6.0, 2.0, 2.0, 3.0, 2.0, 2.0, 2.0], [2.0, 6.0, 2.0, 2.0, 6.0, 2.0, 2.0, 2.0, 2.0, 2.0, 1.0, 2.0, 2.0, 2.0, 2.0, 2.0, 6.0, 3.0, 3.0, 2.0, 2.0, 3.0, 6.0, 2.0, 3.0, 2.0, 5.0, 2.0, 6.0, 2.0, 6.0, 6.0, 6.0, 3.0, 6.0, 2.0, 2.0, 3.0, 2.0, 2.0, 2.0], [2.0, 6.0, 2.0, 2.0, 6.0, 2.0, 2.0, 2.0, 2.0, 1.0, 2.0, 2.0, 2.0, 2.0, 2.0, 2.0, 6.0, 3.0, 3.0, 2.0, 2.0, 3.0, 6.0, 2.0, 3.0, 2.0, 5.0, 2.0, 6.0, 2.0, 4.0, 6.0, 6.0, 3.0, 6.0, 2.0, 2.0, 3.0, 2.0, 2.0, 2.0], [2.0, 6.0, 2.0, 2.0, 6.0, 2.0, 2.0, 2.0, 2.0, 2.0, 2.0, 2.0, 2.0, 2.0, 2.0, 2.0, 6.0, 6.0, 2.0, 2.0, 2.0, 3.0, 6.0, 4.0, 3.0, 2.0, 3.0, 2.0, 6.0, 2.0, 6.0, 6.0, 6.0, 6.0, 6.0, 2.0, 2.0, 3.0, 2.0, 2.0, 2.0], [2.0, 6.0, 2.0, 2.0, 6.0, 2.0, 2.0, 2.0, 2.0, 2.0, 2.0, 2.0, 2.0, 2.0, 2.0, 2.0, 6.0, 3.0, 3.0, 2.0, 2.0, 3.0, 6.0, 3.0, 3.0, 2.0, 5.0, 2.0, 6.0, 2.0, 5.0, 6.0, 6.0, 5.0, 6.0, 2.0, 2.0, 3.0, 2.0, 2.0, 2.0], [2.0, 6.0, 2.0, 2.0, 6.0, 2.0, 2.0, 2.0, 2.0, 2.0, 1.0, 2.0, 2.0, 2.0, 2.0, 2.0, 6.0, 6.0, 2.0, 2.0, 2.0, 3.0, 6.0, 2.0, 3.0, 2.0, 3.0, 2.0, 6.0, 2.0, 5.0, 6.0, 6.0, 5.0, 6.0, 2.0, 2.0, 3.0, 2.0, 2.0, 2.0], [2.0, 6.0, 2.0, 2.0, 6.0, 2.0, 2.0, 2.0, 2.0, 2.0, 2.0, 2.0, 2.0, 2.0, 2.0, 2.0, 6.0, 4.0, 2.0, 2.0, 2.0, 3.0, 6.0, 2.0, 3.0, 2.0, 6.0, 2.0, 6.0, 2.0, 3.0, 6.0, 6.0, 5.0, 4.0, 2.0, 3.0, 3.0, 2.0, 2.0, 2.0], [2.0, 6.0, 2.0, 2.0, 6.0, 2.0, 2.0, 2.0, 2.0, 2.0, 2.0, 2.0, 2.0, 2.0, 2.0, 2.0, 6.0, 3.0, 2.0, 2.0, 2.0, 3.0, 6.0, 2.0, 3.0, 2.0, 5.0, 2.0, 6.0, 2.0, 6.0, 6.0, 6.0, 5.0, 6.0, 2.0, 2.0, 3.0, 2.0, 2.0, 2.0], [2.0, 6.0, 2.0, 2.0, 6.0, 2.0, 2.0, 2.0, 2.0, 2.0, 1.0, 2.0, 2.0, 2.0, 2.0, 2.0, 6.0, 3.0, 2.0, 2.0, 2.0, 3.0, 6.0, 2.0, 3.0, 2.0, 5.0, 2.0, 6.0, 2.0, 5.0, 6.0, 6.0, 5.0, 6.0, 2.0, 2.0, 3.0, 2.0, 2.0, 2.0], [2.0, 6.0, 2.0, 2.0, 6.0, 2.0, 2.0, 2.0, 2.0, 2.0, 2.0, 2.0, 2.0, 2.0, 2.0, 2.0, 6.0, 6.0, 2.0, 2.0, 2.0, 3.0, 6.0, 2.0, 3.0, 2.0, 6.0, 2.0, 6.0, 2.0, 6.0, 6.0, 6.0, 6.0, 6.0, 2.0, 2.0, 3.0, 2.0, 2.0, 2.0], [2.0, 6.0, 2.0, 2.0, 6.0, 2.0, 2.0, 2.0, 2.0, 2.0, 2.0, 2.0, 2.0, 2.0, 2.0, 2.0, 6.0, 6.0, 2.0, 2.0, 2.0, 3.0, 6.0, 2.0, 3.0, 2.0, 5.0, 2.0, 6.0, 2.0, 5.0, 6.0, 6.0, 3.0, 6.0, 2.0, 2.0, 3.0, 2.0, 2.0, 2.0], [2.0, 3.0, 2.0, 2.0, 6.0, 2.0, 2.0, 2.0, 2.0, 2.0, 2.0, 2.0, 2.0, 2.0, 2.0, 2.0, 6.0, 3.0, 2.0, 2.0, 2.0, 3.0, 6.0, 3.0, 3.0, 2.0, 5.0, 2.0, 6.0, 2.0, 6.0, 6.0, 6.0, 5.0, 6.0, 2.0, 2.0, 3.0, 2.0, 2.0, 2.0], [2.0, 6.0, 2.0, 2.0, 6.0, 2.0, 2.0, 2.0, 2.0, 2.0, 2.0, 2.0, 2.0, 2.0, 2.0, 2.0, 6.0, 6.0, 2.0, 2.0, 2.0, 3.0, 6.0, 2.0, 3.0, 2.0, 5.0, 2.0, 6.0, 2.0, 6.0, 6.0, 6.0, 5.0, 6.0, 2.0, 2.0, 3.0, 2.0, 2.0, 2.0], [2.0, 6.0, 2.0, 2.0, 6.0, 2.0, 2.0, 2.0, 2.0, 2.0, 2.0, 2.0, 2.0, 2.0, 2.0, 2.0, 6.0, 4.0, 2.0, 2.0, 2.0, 3.0, 6.0, 3.0, 4.0, 2.0, 5.0, 2.0, 6.0, 2.0, 5.0, 6.0, 6.0, 6.0, 6.0, 2.0, 2.0, 3.0, 2.0, 2.0, 2.0], [2.0, 6.0, 2.0, 2.0, 6.0, 2.0, 2.0, 2.0, 2.0, 2.0, 2.0, 2.0, 2.0, 2.0, 2.0, 2.0, 6.0, 6.0, 2.0, 2.0, 2.0, 3.0, 6.0, 2.0, 3.0, 2.0, 5.0, 2.0, 6.0, 2.0, 3.0, 6.0, 6.0, 5.0, 3.0, 2.0, 2.0, 3.0, 2.0, 2.0, 2.0], [2.0, 6.0, 2.0, 2.0, 6.0, 2.0, 2.0, 2.0, 2.0, 1.0, 2.0, 2.0, 2.0, 2.0, 2.0, 2.0, 6.0, 5.0, 2.0, 2.0, 2.0, 3.0, 6.0, 4.0, 3.0, 2.0, 5.0, 2.0, 6.0, 2.0, 5.0, 6.0, 6.0, 3.0, 6.0, 2.0, 2.0, 3.0, 2.0, 2.0, 2.0], [2.0, 5.0, 2.0, 2.0, 6.0, 2.0, 2.0, 2.0, 2.0, 2.0, 2.0, 2.0, 2.0, 2.0, 2.0, 2.0, 6.0, 4.0, 2.0, 2.0, 2.0, 3.0, 6.0, 2.0, 3.0, 2.0, 3.0, 2.0, 6.0, 2.0, 5.0, 6.0, 6.0, 5.0, 6.0, 2.0, 2.0, 3.0, 2.0, 2.0, 2.0], [2.0, 6.0, 2.0, 2.0, 6.0, 2.0, 2.0, 2.0, 2.0, 2.0, 2.0, 2.0, 2.0, 2.0, 2.0, 2.0, 6.0, 3.0, 2.0, 2.0, 2.0, 3.0, 6.0, 3.0, 3.0, 2.0, 6.0, 2.0, 6.0, 2.0, 5.0, 6.0, 6.0, 3.0, 6.0, 2.0, 2.0, 3.0, 2.0, 2.0, 2.0], [2.0, 6.0, 2.0, 2.0, 6.0, 2.0, 2.0, 2.0, 2.0, 2.0, 2.0, 2.0, 2.0, 2.0, 2.0, 2.0, 6.0, 3.0, 2.0, 2.0, 2.0, 3.0, 6.0, 2.0, 3.0, 2.0, 5.0, 2.0, 6.0, 2.0, 5.0, 6.0, 6.0, 6.0, 6.0, 2.0, 2.0, 3.0, 2.0, 2.0, 2.0], [2.0, 6.0, 2.0, 2.0, 6.0, 2.0, 2.0, 2.0, 2.0, 2.0, 2.0, 2.0, 2.0, 2.0, 2.0, 2.0, 6.0, 6.0, 2.0, 2.0, 2.0, 3.0, 6.0, 3.0, 3.0, 2.0, 3.0, 2.0, 6.0, 2.0, 2.0, 6.0, 6.0, 6.0, 3.0, 2.0, 2.0, 3.0, 2.0, 2.0, 2.0], [2.0, 6.0, 2.0, 2.0, 6.0, 2.0, 2.0, 2.0, 2.0, 2.0, 2.0, 2.0, 2.0, 2.0, 2.0, 2.0, 5.0, 3.0, 2.0, 2.0, 2.0, 3.0, 6.0, 3.0, 3.0, 2.0, 5.0, 2.0, 6.0, 2.0, 6.0, 6.0, 6.0, 3.0, 4.0, 2.0, 2.0, 3.0, 2.0, 2.0, 2.0], [2.0, 6.0, 2.0, 2.0, 6.0, 2.0, 2.0, 2.0, 2.0, 2.0, 1.0, 2.0, 2.0, 2.0, 2.0, 2.0, 6.0, 6.0, 2.0, 2.0, 2.0, 3.0, 6.0, 2.0, 3.0, 2.0, 5.0, 2.0, 6.0, 2.0, 6.0, 6.0, 6.0, 5.0, 6.0, 2.0, 2.0, 3.0, 2.0, 2.0, 2.0], [2.0, 6.0, 2.0, 2.0, 6.0, 2.0, 2.0, 2.0, 2.0, 2.0, 2.0, 2.0, 2.0, 2.0, 2.0, 2.0, 6.0, 3.0, 2.0, 2.0, 2.0, 3.0, 6.0, 2.0, 3.0, 2.0, 5.0, 2.0, 6.0, 2.0, 5.0, 6.0, 6.0, 5.0, 6.0, 2.0, 2.0, 3.0, 2.0, 2.0, 2.0]]

first layer check: Conv2d(9, 64, kernel_size=(7, 7), stride=(2, 2), padding=(3, 3), bias=False)

for model 3: mode acc: 0.6585366129875183, run mean acc: 0.56291663646698, top-2 acc:0.8096666932106018, mode f1: 0.6585366129875183

model 3 mode preds
[2.0, 5.0, 2.0, 2.0, 6.0, 1.0, 1.0, 1.0, 2.0, 1.0, 1.0, 1.0, 2.0, 1.0, 2.0, 2.0, 6.0, 3.0, 2.0, 2.0, 2.0, 3.0, 6.0, 2.0, 3.0, 2.0, 3.0, 2.0, 6.0, 2.0, 5.0, 6.0, 6.0, 3.0, 3.0, 2.0, 2.0, 3.0, 2.0, 2.0, 2.0]

model 3 all preds
[[2.0, 5.0, 2.0, 2.0, 6.0, 1.0, 2.0, 1.0, 2.0, 1.0, 1.0, 1.0, 2.0, 1.0, 2.0, 2.0, 6.0, 3.0, 3.0, 2.0, 2.0, 3.0, 6.0, 2.0, 3.0, 2.0, 3.0, 2.0, 5.0, 2.0, 5.0, 6.0, 6.0, 3.0, 6.0, 2.0, 2.0, 3.0, 2.0, 2.0, 2.0], [2.0, 3.0, 2.0, 2.0, 6.0, 1.0, 1.0, 1.0, 2.0, 1.0, 1.0, 1.0, 2.0, 1.0, 2.0, 2.0, 6.0, 3.0, 2.0, 2.0, 2.0, 3.0, 6.0, 2.0, 3.0, 2.0, 5.0, 2.0, 6.0, 2.0, 5.0, 6.0, 6.0, 5.0, 3.0, 2.0, 2.0, 3.0, 2.0, 2.0, 2.0], [2.0, 5.0, 2.0, 2.0, 6.0, 2.0, 2.0, 1.0, 2.0, 1.0, 1.0, 2.0, 1.0, 1.0, 2.0, 2.0, 6.0, 3.0, 2.0, 2.0, 2.0, 3.0, 6.0, 2.0, 3.0, 2.0, 3.0, 2.0, 5.0, 2.0, 5.0, 6.0, 6.0, 3.0, 5.0, 2.0, 2.0, 3.0, 2.0, 2.0, 2.0], [2.0, 3.0, 2.0, 2.0, 6.0, 2.0, 1.0, 1.0, 2.0, 1.0, 1.0, 1.0, 1.0, 1.0, 2.0, 2.0, 6.0, 3.0, 3.0, 2.0, 3.0, 3.0, 6.0, 2.0, 3.0, 2.0, 3.0, 2.0, 6.0, 2.0, 5.0, 6.0, 5.0, 5.0, 6.0, 2.0, 2.0, 3.0, 2.0, 2.0, 2.0], [2.0, 5.0, 2.0, 1.0, 6.0, 1.0, 2.0, 1.0, 2.0, 1.0, 1.0, 2.0, 2.0, 1.0, 2.0, 2.0, 6.0, 3.0, 2.0, 2.0, 2.0, 3.0, 6.0, 3.0, 3.0, 2.0, 3.0, 2.0, 6.0, 2.0, 5.0, 6.0, 6.0, 3.0, 3.0, 2.0, 2.0, 3.0, 2.0, 2.0, 2.0], [2.0, 5.0, 2.0, 2.0, 6.0, 2.0, 2.0, 1.0, 2.0, 1.0, 1.0, 2.0, 2.0, 1.0, 2.0, 2.0, 5.0, 3.0, 2.0, 2.0, 2.0, 3.0, 6.0, 3.0, 3.0, 2.0, 3.0, 2.0, 6.0, 2.0, 5.0, 6.0, 6.0, 3.0, 6.0, 2.0, 2.0, 3.0, 2.0, 2.0, 2.0], [2.0, 5.0, 2.0, 2.0, 6.0, 2.0, 2.0, 1.0, 2.0, 1.0, 1.0, 1.0, 1.0, 1.0, 2.0, 2.0, 3.0, 3.0, 2.0, 2.0, 3.0, 2.0, 5.0, 2.0, 3.0, 2.0, 5.0, 2.0, 6.0, 2.0, 6.0, 6.0, 6.0, 3.0, 3.0, 2.0, 2.0, 3.0, 2.0, 2.0, 2.0], [2.0, 6.0, 2.0, 1.0, 5.0, 1.0, 1.0, 1.0, 2.0, 1.0, 1.0, 1.0, 1.0, 1.0, 2.0, 2.0, 5.0, 3.0, 2.0, 2.0, 2.0, 3.0, 6.0, 2.0, 3.0, 2.0, 5.0, 2.0, 6.0, 2.0, 3.0, 6.0, 6.0, 5.0, 3.0, 2.0, 2.0, 3.0, 2.0, 2.0, 2.0], [2.0, 5.0, 2.0, 2.0, 6.0, 1.0, 2.0, 1.0, 2.0, 1.0, 1.0, 2.0, 1.0, 1.0, 2.0, 2.0, 6.0, 3.0, 2.0, 2.0, 2.0, 3.0, 6.0, 2.0, 3.0, 2.0, 3.0, 2.0, 6.0, 2.0, 3.0, 6.0, 6.0, 3.0, 5.0, 2.0, 2.0, 3.0, 2.0, 2.0, 2.0], [2.0, 5.0, 2.0, 2.0, 6.0, 1.0, 1.0, 1.0, 2.0, 1.0, 1.0, 1.0, 1.0, 1.0, 2.0, 2.0, 6.0, 3.0, 2.0, 2.0, 2.0, 3.0, 6.0, 2.0, 3.0, 2.0, 5.0, 2.0, 6.0, 2.0, 6.0, 6.0, 6.0, 2.0, 3.0, 2.0, 2.0, 3.0, 2.0, 2.0, 2.0], [2.0, 5.0, 2.0, 2.0, 6.0, 1.0, 1.0, 1.0, 2.0, 1.0, 1.0, 1.0, 1.0, 1.0, 2.0, 2.0, 5.0, 3.0, 2.0, 2.0, 2.0, 3.0, 6.0, 3.0, 3.0, 2.0, 5.0, 2.0, 5.0, 2.0, 5.0, 6.0, 6.0, 3.0, 3.0, 2.0, 2.0, 3.0, 2.0, 2.0, 2.0], [2.0, 5.0, 2.0, 2.0, 6.0, 1.0, 1.0, 1.0, 2.0, 1.0, 1.0, 1.0, 1.0, 1.0, 2.0, 2.0, 6.0, 3.0, 2.0, 2.0, 2.0, 3.0, 6.0, 2.0, 3.0, 2.0, 3.0, 2.0, 6.0, 2.0, 3.0, 6.0, 6.0, 3.0, 6.0, 2.0, 2.0, 3.0, 2.0, 2.0, 2.0], [2.0, 5.0, 2.0, 1.0, 5.0, 1.0, 1.0, 1.0, 2.0, 1.0, 1.0, 1.0, 1.0, 1.0, 2.0, 1.0, 6.0, 3.0, 2.0, 2.0, 2.0, 2.0, 6.0, 2.0, 3.0, 2.0, 3.0, 2.0, 6.0, 2.0, 3.0, 3.0, 6.0, 5.0, 5.0, 2.0, 2.0, 3.0, 2.0, 2.0, 2.0], [2.0, 6.0, 2.0, 1.0, 6.0, 1.0, 1.0, 2.0, 2.0, 1.0, 1.0, 1.0, 1.0, 1.0, 2.0, 2.0, 6.0, 3.0, 2.0, 2.0, 2.0, 3.0, 6.0, 2.0, 3.0, 2.0, 3.0, 2.0, 6.0, 2.0, 3.0, 6.0, 6.0, 3.0, 3.0, 2.0, 3.0, 3.0, 2.0, 2.0, 2.0], [2.0, 5.0, 2.0, 1.0, 6.0, 1.0, 1.0, 1.0, 2.0, 1.0, 1.0, 1.0, 2.0, 1.0, 2.0, 2.0, 5.0, 3.0, 2.0, 2.0, 2.0, 3.0, 6.0, 2.0, 3.0, 2.0, 3.0, 2.0, 5.0, 2.0, 5.0, 6.0, 6.0, 3.0, 3.0, 2.0, 2.0, 3.0, 2.0, 2.0, 2.0], [2.0, 5.0, 2.0, 1.0, 6.0, 1.0, 1.0, 1.0, 2.0, 1.0, 1.0, 1.0, 2.0, 1.0, 2.0, 2.0, 6.0, 3.0, 2.0, 2.0, 2.0, 3.0, 5.0, 2.0, 3.0, 2.0, 3.0, 2.0, 6.0, 2.0, 3.0, 6.0, 6.0, 5.0, 3.0, 2.0, 2.0, 3.0, 2.0, 2.0, 2.0], [2.0, 6.0, 2.0, 2.0, 6.0, 1.0, 1.0, 2.0, 2.0, 1.0, 1.0, 1.0, 1.0, 1.0, 2.0, 2.0, 6.0, 3.0, 2.0, 2.0, 2.0, 3.0, 6.0, 2.0, 3.0, 2.0, 3.0, 2.0, 6.0, 2.0, 5.0, 6.0, 6.0, 3.0, 5.0, 2.0, 2.0, 3.0, 2.0, 2.0, 2.0], [2.0, 5.0, 2.0, 2.0, 6.0, 1.0, 2.0, 2.0, 2.0, 1.0, 1.0, 1.0, 2.0, 1.0, 2.0, 2.0, 6.0, 3.0, 2.0, 2.0, 2.0, 3.0, 6.0, 2.0, 3.0, 2.0, 3.0, 2.0, 5.0, 2.0, 3.0, 6.0, 6.0, 3.0, 6.0, 2.0, 2.0, 3.0, 2.0, 2.0, 2.0], [2.0, 5.0, 2.0, 2.0, 6.0, 2.0, 1.0, 1.0, 2.0, 1.0, 1.0, 1.0, 2.0, 1.0, 2.0, 2.0, 5.0, 3.0, 2.0, 2.0, 2.0, 3.0, 6.0, 2.0, 3.0, 2.0, 3.0, 2.0, 5.0, 2.0, 6.0, 6.0, 6.0, 5.0, 5.0, 2.0, 2.0, 3.0, 2.0, 2.0, 2.0], [2.0, 5.0, 2.0, 1.0, 6.0, 2.0, 1.0, 2.0, 2.0, 1.0, 1.0, 2.0, 2.0, 1.0, 2.0, 2.0, 6.0, 3.0, 2.0, 2.0, 2.0, 2.0, 6.0, 2.0, 3.0, 2.0, 3.0, 2.0, 6.0, 2.0, 6.0, 6.0, 6.0, 3.0, 6.0, 2.0, 2.0, 3.0, 2.0, 2.0, 2.0], [2.0, 5.0, 2.0, 2.0, 5.0, 1.0, 2.0, 2.0, 2.0, 1.0, 1.0, 1.0, 2.0, 1.0, 2.0, 2.0, 6.0, 3.0, 2.0, 2.0, 2.0, 3.0, 6.0, 2.0, 3.0, 2.0, 5.0, 2.0, 6.0, 2.0, 3.0, 6.0, 5.0, 2.0, 3.0, 2.0, 2.0, 3.0, 2.0, 2.0, 2.0], [2.0, 5.0, 2.0, 2.0, 6.0, 2.0, 2.0, 1.0, 2.0, 1.0, 1.0, 1.0, 2.0, 1.0, 2.0, 2.0, 6.0, 3.0, 2.0, 2.0, 2.0, 3.0, 6.0, 2.0, 3.0, 2.0, 3.0, 2.0, 6.0, 2.0, 3.0, 6.0, 6.0, 5.0, 3.0, 2.0, 2.0, 3.0, 2.0, 2.0, 2.0], [2.0, 3.0, 2.0, 2.0, 5.0, 1.0, 1.0, 1.0, 2.0, 1.0, 1.0, 2.0, 2.0, 1.0, 2.0, 2.0, 6.0, 3.0, 2.0, 2.0, 2.0, 2.0, 6.0, 2.0, 3.0, 2.0, 5.0, 2.0, 6.0, 2.0, 5.0, 6.0, 6.0, 3.0, 6.0, 2.0, 2.0, 3.0, 2.0, 2.0, 2.0], [2.0, 6.0, 2.0, 1.0, 3.0, 1.0, 1.0, 1.0, 2.0, 1.0, 1.0, 2.0, 2.0, 1.0, 2.0, 2.0, 5.0, 3.0, 2.0, 2.0, 2.0, 3.0, 6.0, 2.0, 3.0, 2.0, 3.0, 2.0, 6.0, 2.0, 5.0, 3.0, 6.0, 5.0, 3.0, 2.0, 2.0, 3.0, 2.0, 2.0, 2.0], [2.0, 5.0, 2.0, 2.0, 6.0, 1.0, 2.0, 1.0, 2.0, 1.0, 1.0, 1.0, 2.0, 1.0, 2.0, 2.0, 6.0, 3.0, 2.0, 2.0, 2.0, 3.0, 6.0, 2.0, 3.0, 2.0, 3.0, 2.0, 6.0, 2.0, 5.0, 6.0, 6.0, 3.0, 3.0, 2.0, 2.0, 3.0, 2.0, 2.0, 2.0], [2.0, 5.0, 2.0, 2.0, 3.0, 1.0, 1.0, 1.0, 2.0, 1.0, 1.0, 2.0, 1.0, 1.0, 2.0, 2.0, 3.0, 3.0, 3.0, 2.0, 2.0, 3.0, 6.0, 2.0, 3.0, 2.0, 3.0, 2.0, 6.0, 2.0, 6.0, 6.0, 6.0, 3.0, 3.0, 2.0, 2.0, 3.0, 2.0, 2.0, 2.0], [2.0, 5.0, 2.0, 1.0, 6.0, 2.0, 2.0, 1.0, 2.0, 1.0, 1.0, 1.0, 2.0, 1.0, 2.0, 2.0, 6.0, 3.0, 2.0, 2.0, 2.0, 2.0, 6.0, 2.0, 3.0, 2.0, 3.0, 2.0, 6.0, 2.0, 6.0, 6.0, 6.0, 5.0, 5.0, 2.0, 2.0, 3.0, 2.0, 2.0, 2.0], [2.0, 6.0, 2.0, 2.0, 6.0, 1.0, 1.0, 1.0, 2.0, 1.0, 1.0, 1.0, 2.0, 1.0, 2.0, 2.0, 5.0, 3.0, 3.0, 2.0, 2.0, 3.0, 6.0, 2.0, 3.0, 2.0, 3.0, 2.0, 6.0, 2.0, 5.0, 6.0, 6.0, 3.0, 5.0, 2.0, 2.0, 3.0, 2.0, 2.0, 2.0], [2.0, 5.0, 2.0, 1.0, 6.0, 1.0, 1.0, 1.0, 2.0, 1.0, 1.0, 1.0, 2.0, 1.0, 2.0, 2.0, 6.0, 3.0, 2.0, 2.0, 2.0, 2.0, 6.0, 2.0, 3.0, 2.0, 3.0, 2.0, 6.0, 2.0, 6.0, 5.0, 6.0, 3.0, 3.0, 2.0, 2.0, 3.0, 2.0, 2.0, 2.0], [2.0, 5.0, 2.0, 2.0, 6.0, 1.0, 2.0, 1.0, 2.0, 1.0, 1.0, 2.0, 1.0, 1.0, 2.0, 2.0, 6.0, 3.0, 2.0, 2.0, 3.0, 3.0, 6.0, 2.0, 3.0, 2.0, 3.0, 2.0, 6.0, 2.0, 5.0, 6.0, 6.0, 3.0, 6.0, 2.0, 2.0, 3.0, 2.0, 2.0, 2.0], [2.0, 3.0, 2.0, 1.0, 6.0, 1.0, 2.0, 1.0, 2.0, 1.0, 1.0, 1.0, 2.0, 1.0, 2.0, 1.0, 6.0, 3.0, 2.0, 2.0, 2.0, 3.0, 6.0, 2.0, 3.0, 2.0, 3.0, 2.0, 6.0, 2.0, 3.0, 6.0, 6.0, 3.0, 6.0, 2.0, 2.0, 3.0, 2.0, 2.0, 2.0], [2.0, 5.0, 2.0, 2.0, 6.0, 2.0, 1.0, 2.0, 2.0, 1.0, 1.0, 1.0, 2.0, 1.0, 2.0, 2.0, 6.0, 3.0, 2.0, 2.0, 2.0, 3.0, 6.0, 2.0, 3.0, 2.0, 3.0, 2.0, 6.0, 2.0, 3.0, 6.0, 6.0, 2.0, 5.0, 2.0, 3.0, 3.0, 2.0, 2.0, 2.0], [2.0, 5.0, 2.0, 2.0, 6.0, 1.0, 1.0, 1.0, 2.0, 1.0, 1.0, 2.0, 1.0, 1.0, 2.0, 2.0, 6.0, 3.0, 2.0, 2.0, 3.0, 2.0, 6.0, 2.0, 3.0, 2.0, 3.0, 2.0, 6.0, 2.0, 5.0, 6.0, 6.0, 5.0, 3.0, 2.0, 2.0, 3.0, 2.0, 2.0, 2.0], [2.0, 5.0, 2.0, 1.0, 6.0, 1.0, 1.0, 1.0, 2.0, 1.0, 1.0, 1.0, 1.0, 1.0, 2.0, 2.0, 5.0, 3.0, 2.0, 2.0, 2.0, 3.0, 6.0, 2.0, 3.0, 2.0, 5.0, 2.0, 6.0, 2.0, 5.0, 6.0, 6.0, 3.0, 3.0, 2.0, 2.0, 3.0, 2.0, 2.0, 2.0], [2.0, 6.0, 2.0, 2.0, 5.0, 1.0, 1.0, 1.0, 2.0, 1.0, 1.0, 2.0, 2.0, 1.0, 2.0, 2.0, 6.0, 3.0, 2.0, 2.0, 2.0, 3.0, 6.0, 2.0, 3.0, 2.0, 3.0, 2.0, 5.0, 2.0, 3.0, 6.0, 6.0, 5.0, 3.0, 2.0, 2.0, 3.0, 2.0, 2.0, 2.0], [2.0, 6.0, 2.0, 1.0, 6.0, 2.0, 1.0, 1.0, 2.0, 1.0, 1.0, 2.0, 2.0, 1.0, 2.0, 2.0, 3.0, 3.0, 2.0, 2.0, 2.0, 3.0, 6.0, 3.0, 3.0, 2.0, 3.0, 2.0, 5.0, 2.0, 3.0, 6.0, 6.0, 3.0, 3.0, 2.0, 2.0, 3.0, 2.0, 2.0, 2.0], [2.0, 5.0, 2.0, 2.0, 5.0, 1.0, 2.0, 1.0, 2.0, 1.0, 1.0, 1.0, 2.0, 1.0, 2.0, 2.0, 5.0, 3.0, 2.0, 2.0, 3.0, 3.0, 6.0, 2.0, 3.0, 2.0, 3.0, 2.0, 6.0, 2.0, 5.0, 6.0, 6.0, 5.0, 5.0, 2.0, 2.0, 3.0, 2.0, 2.0, 2.0], [2.0, 6.0, 2.0, 1.0, 6.0, 1.0, 1.0, 1.0, 2.0, 1.0, 1.0, 2.0, 1.0, 1.0, 2.0, 2.0, 6.0, 3.0, 3.0, 2.0, 2.0, 2.0, 6.0, 2.0, 3.0, 2.0, 5.0, 2.0, 6.0, 2.0, 5.0, 6.0, 6.0, 5.0, 6.0, 2.0, 2.0, 3.0, 2.0, 2.0, 2.0], [2.0, 5.0, 2.0, 1.0, 6.0, 1.0, 2.0, 1.0, 2.0, 1.0, 1.0, 1.0, 1.0, 1.0, 2.0, 2.0, 6.0, 3.0, 2.0, 2.0, 2.0, 2.0, 6.0, 2.0, 3.0, 2.0, 3.0, 2.0, 5.0, 2.0, 5.0, 6.0, 5.0, 3.0, 3.0, 2.0, 2.0, 3.0, 2.0, 2.0, 2.0], [2.0, 5.0, 3.0, 1.0, 3.0, 1.0, 1.0, 1.0, 2.0, 1.0, 1.0, 2.0, 2.0, 1.0, 2.0, 2.0, 6.0, 3.0, 2.0, 2.0, 2.0, 3.0, 6.0, 2.0, 3.0, 2.0, 5.0, 2.0, 6.0, 2.0, 5.0, 6.0, 6.0, 3.0, 3.0, 2.0, 3.0, 3.0, 2.0, 2.0, 2.0], [2.0, 5.0, 2.0, 2.0, 6.0, 1.0, 1.0, 1.0, 2.0, 1.0, 1.0, 1.0, 2.0, 1.0, 2.0, 2.0, 6.0, 3.0, 2.0, 2.0, 2.0, 3.0, 6.0, 2.0, 3.0, 2.0, 5.0, 2.0, 5.0, 2.0, 5.0, 6.0, 6.0, 3.0, 3.0, 2.0, 2.0, 3.0, 2.0, 2.0, 2.0], [2.0, 5.0, 2.0, 2.0, 5.0, 1.0, 1.0, 2.0, 2.0, 1.0, 1.0, 1.0, 1.0, 1.0, 2.0, 1.0, 5.0, 3.0, 2.0, 2.0, 2.0, 3.0, 6.0, 2.0, 3.0, 2.0, 3.0, 2.0, 6.0, 2.0, 6.0, 6.0, 6.0, 5.0, 3.0, 2.0, 2.0, 3.0, 2.0, 2.0, 2.0], [2.0, 5.0, 2.0, 2.0, 6.0, 1.0, 2.0, 2.0, 2.0, 1.0, 1.0, 2.0, 2.0, 1.0, 2.0, 2.0, 6.0, 3.0, 2.0, 2.0, 2.0, 3.0, 6.0, 2.0, 3.0, 2.0, 3.0, 2.0, 5.0, 2.0, 5.0, 6.0, 6.0, 5.0, 5.0, 2.0, 2.0, 3.0, 2.0, 2.0, 2.0], [2.0, 3.0, 2.0, 2.0, 6.0, 1.0, 1.0, 1.0, 2.0, 1.0, 1.0, 1.0, 1.0, 1.0, 2.0, 2.0, 3.0, 3.0, 2.0, 2.0, 2.0, 3.0, 6.0, 2.0, 3.0, 2.0, 3.0, 2.0, 6.0, 2.0, 5.0, 6.0, 6.0, 3.0, 3.0, 2.0, 2.0, 3.0, 2.0, 2.0, 2.0], [2.0, 5.0, 2.0, 2.0, 6.0, 1.0, 1.0, 1.0, 2.0, 1.0, 1.0, 1.0, 2.0, 1.0, 2.0, 2.0, 6.0, 3.0, 2.0, 2.0, 2.0, 3.0, 6.0, 2.0, 3.0, 2.0, 3.0, 2.0, 6.0, 2.0, 6.0, 6.0, 5.0, 3.0, 3.0, 2.0, 2.0, 3.0, 2.0, 2.0, 2.0], [2.0, 5.0, 2.0, 1.0, 5.0, 2.0, 1.0, 2.0, 2.0, 1.0, 1.0, 1.0, 2.0, 1.0, 2.0, 2.0, 6.0, 3.0, 2.0, 2.0, 2.0, 3.0, 6.0, 2.0, 3.0, 2.0, 3.0, 2.0, 6.0, 2.0, 5.0, 6.0, 6.0, 3.0, 5.0, 2.0, 2.0, 3.0, 2.0, 2.0, 2.0], [2.0, 5.0, 2.0, 2.0, 5.0, 1.0, 1.0, 2.0, 2.0, 1.0, 1.0, 1.0, 2.0, 1.0, 2.0, 2.0, 6.0, 3.0, 2.0, 2.0, 2.0, 2.0, 6.0, 2.0, 3.0, 2.0, 5.0, 2.0, 6.0, 2.0, 5.0, 6.0, 6.0, 2.0, 3.0, 2.0, 2.0, 3.0, 2.0, 2.0, 2.0], [2.0, 6.0, 2.0, 2.0, 6.0, 1.0, 2.0, 1.0, 2.0, 1.0, 1.0, 1.0, 2.0, 1.0, 2.0, 1.0, 6.0, 3.0, 2.0, 2.0, 2.0, 3.0, 6.0, 2.0, 3.0, 2.0, 3.0, 2.0, 6.0, 2.0, 6.0, 6.0, 6.0, 5.0, 3.0, 2.0, 3.0, 3.0, 2.0, 2.0, 2.0], [2.0, 6.0, 2.0, 2.0, 6.0, 2.0, 1.0, 1.0, 2.0, 1.0, 1.0, 2.0, 2.0, 1.0, 2.0, 2.0, 6.0, 3.0, 2.0, 2.0, 2.0, 3.0, 6.0, 2.0, 3.0, 2.0, 3.0, 2.0, 5.0, 2.0, 5.0, 6.0, 6.0, 5.0, 3.0, 2.0, 2.0, 3.0, 2.0, 2.0, 2.0], [2.0, 2.0, 2.0, 1.0, 6.0, 1.0, 1.0, 1.0, 2.0, 1.0, 1.0, 2.0, 2.0, 1.0, 2.0, 2.0, 6.0, 3.0, 2.0, 2.0, 2.0, 2.0, 6.0, 2.0, 3.0, 2.0, 3.0, 2.0, 5.0, 2.0, 6.0, 6.0, 6.0, 3.0, 6.0, 2.0, 2.0, 3.0, 2.0, 2.0, 2.0]]

first layer check: Conv2d(9, 64, kernel_size=(7, 7), stride=(2, 2), padding=(3, 3), bias=False)

for model 4: mode acc: 0.6585366129875183, run mean acc: 0.5991666913032532, top-2 acc:0.7637500166893005, mode f1: 0.6585366129875183

model 4 mode preds
[2.0, 6.0, 2.0, 1.0, 6.0, 1.0, 1.0, 2.0, 2.0, 1.0, 1.0, 1.0, 1.0, 1.0, 2.0, 2.0, 6.0, 3.0, 2.0, 2.0, 2.0, 3.0, 6.0, 2.0, 3.0, 2.0, 3.0, 2.0, 6.0, 2.0, 6.0, 6.0, 6.0, 5.0, 6.0, 2.0, 2.0, 3.0, 2.0, 1.0, 2.0]

model 4 all preds
[[2.0, 6.0, 2.0, 1.0, 6.0, 1.0, 2.0, 2.0, 2.0, 1.0, 1.0, 1.0, 1.0, 1.0, 2.0, 2.0, 6.0, 3.0, 2.0, 2.0, 2.0, 3.0, 6.0, 2.0, 3.0, 2.0, 3.0, 2.0, 6.0, 2.0, 5.0, 6.0, 6.0, 2.0, 6.0, 2.0, 2.0, 3.0, 2.0, 1.0, 2.0], [2.0, 5.0, 2.0, 2.0, 6.0, 1.0, 1.0, 1.0, 2.0, 1.0, 1.0, 1.0, 1.0, 1.0, 2.0, 2.0, 6.0, 2.0, 2.0, 2.0, 2.0, 3.0, 6.0, 2.0, 3.0, 3.0, 3.0, 2.0, 6.0, 2.0, 3.0, 6.0, 6.0, 5.0, 6.0, 2.0, 2.0, 3.0, 2.0, 1.0, 2.0], [2.0, 6.0, 2.0, 1.0, 6.0, 1.0, 2.0, 2.0, 2.0, 1.0, 1.0, 1.0, 1.0, 1.0, 2.0, 2.0, 6.0, 3.0, 3.0, 2.0, 2.0, 3.0, 6.0, 2.0, 3.0, 2.0, 3.0, 2.0, 6.0, 2.0, 5.0, 3.0, 6.0, 5.0, 6.0, 2.0, 3.0, 3.0, 2.0, 1.0, 2.0], [2.0, 3.0, 2.0, 2.0, 6.0, 1.0, 1.0, 2.0, 2.0, 1.0, 1.0, 2.0, 1.0, 1.0, 2.0, 2.0, 6.0, 2.0, 3.0, 2.0, 2.0, 3.0, 6.0, 2.0, 2.0, 2.0, 3.0, 2.0, 6.0, 2.0, 6.0, 6.0, 6.0, 5.0, 3.0, 2.0, 2.0, 3.0, 2.0, 1.0, 2.0], [2.0, 6.0, 2.0, 1.0, 6.0, 1.0, 1.0, 2.0, 2.0, 1.0, 1.0, 1.0, 1.0, 1.0, 2.0, 1.0, 6.0, 3.0, 2.0, 2.0, 2.0, 3.0, 6.0, 2.0, 3.0, 2.0, 3.0, 2.0, 6.0, 2.0, 5.0, 6.0, 6.0, 5.0, 5.0, 2.0, 2.0, 3.0, 2.0, 1.0, 2.0], [2.0, 5.0, 2.0, 2.0, 6.0, 1.0, 1.0, 2.0, 2.0, 1.0, 1.0, 1.0, 2.0, 1.0, 2.0, 2.0, 6.0, 3.0, 3.0, 2.0, 2.0, 3.0, 6.0, 2.0, 3.0, 2.0, 3.0, 2.0, 6.0, 2.0, 5.0, 6.0, 6.0, 5.0, 6.0, 2.0, 3.0, 3.0, 2.0, 1.0, 2.0], [2.0, 6.0, 2.0, 1.0, 6.0, 2.0, 1.0, 2.0, 2.0, 1.0, 1.0, 1.0, 1.0, 1.0, 2.0, 1.0, 5.0, 3.0, 3.0, 2.0, 2.0, 3.0, 6.0, 2.0, 3.0, 2.0, 3.0, 2.0, 6.0, 2.0, 5.0, 6.0, 6.0, 3.0, 6.0, 2.0, 2.0, 3.0, 2.0, 1.0, 2.0], [2.0, 3.0, 2.0, 1.0, 6.0, 1.0, 2.0, 1.0, 2.0, 1.0, 1.0, 2.0, 1.0, 1.0, 2.0, 1.0, 6.0, 3.0, 2.0, 2.0, 2.0, 3.0, 6.0, 2.0, 3.0, 2.0, 3.0, 2.0, 6.0, 2.0, 5.0, 6.0, 6.0, 5.0, 6.0, 2.0, 2.0, 3.0, 2.0, 1.0, 2.0], [2.0, 6.0, 2.0, 1.0, 6.0, 2.0, 1.0, 2.0, 2.0, 1.0, 1.0, 1.0, 1.0, 1.0, 2.0, 1.0, 6.0, 3.0, 2.0, 2.0, 2.0, 3.0, 6.0, 2.0, 3.0, 3.0, 3.0, 2.0, 6.0, 2.0, 3.0, 6.0, 6.0, 3.0, 6.0, 2.0, 2.0, 3.0, 2.0, 1.0, 2.0], [2.0, 6.0, 2.0, 2.0, 6.0, 1.0, 2.0, 2.0, 2.0, 1.0, 1.0, 1.0, 2.0, 1.0, 2.0, 2.0, 6.0, 2.0, 3.0, 2.0, 2.0, 3.0, 3.0, 2.0, 3.0, 3.0, 3.0, 2.0, 6.0, 2.0, 6.0, 6.0, 6.0, 2.0, 3.0, 2.0, 2.0, 3.0, 2.0, 1.0, 2.0], [2.0, 6.0, 2.0, 1.0, 6.0, 2.0, 1.0, 2.0, 2.0, 1.0, 1.0, 1.0, 1.0, 1.0, 2.0, 1.0, 6.0, 2.0, 3.0, 2.0, 2.0, 3.0, 6.0, 2.0, 3.0, 2.0, 3.0, 2.0, 6.0, 2.0, 6.0, 6.0, 6.0, 5.0, 3.0, 2.0, 2.0, 3.0, 2.0, 1.0, 2.0], [2.0, 6.0, 2.0, 1.0, 6.0, 1.0, 2.0, 1.0, 2.0, 1.0, 1.0, 1.0, 2.0, 1.0, 2.0, 2.0, 6.0, 3.0, 2.0, 2.0, 2.0, 3.0, 6.0, 2.0, 3.0, 3.0, 3.0, 2.0, 6.0, 2.0, 5.0, 3.0, 6.0, 3.0, 3.0, 2.0, 2.0, 3.0, 2.0, 1.0, 2.0], [2.0, 5.0, 2.0, 1.0, 6.0, 1.0, 1.0, 1.0, 2.0, 1.0, 1.0, 1.0, 1.0, 1.0, 2.0, 1.0, 6.0, 3.0, 2.0, 2.0, 2.0, 3.0, 6.0, 2.0, 3.0, 2.0, 3.0, 2.0, 6.0, 2.0, 6.0, 6.0, 6.0, 5.0, 3.0, 2.0, 2.0, 3.0, 2.0, 1.0, 2.0], [2.0, 5.0, 3.0, 1.0, 6.0, 2.0, 1.0, 1.0, 2.0, 1.0, 1.0, 1.0, 2.0, 1.0, 2.0, 2.0, 6.0, 2.0, 3.0, 2.0, 2.0, 3.0, 6.0, 2.0, 3.0, 2.0, 3.0, 2.0, 6.0, 2.0, 5.0, 6.0, 6.0, 5.0, 6.0, 2.0, 2.0, 3.0, 2.0, 1.0, 2.0], [2.0, 3.0, 2.0, 2.0, 6.0, 2.0, 1.0, 2.0, 2.0, 1.0, 1.0, 1.0, 1.0, 1.0, 2.0, 2.0, 6.0, 3.0, 3.0, 2.0, 2.0, 3.0, 6.0, 2.0, 3.0, 2.0, 3.0, 2.0, 6.0, 2.0, 3.0, 6.0, 6.0, 3.0, 3.0, 2.0, 2.0, 3.0, 2.0, 1.0, 2.0], [2.0, 6.0, 2.0, 1.0, 6.0, 1.0, 1.0, 2.0, 2.0, 1.0, 1.0, 2.0, 1.0, 1.0, 2.0, 1.0, 3.0, 3.0, 2.0, 2.0, 2.0, 3.0, 6.0, 2.0, 3.0, 2.0, 3.0, 2.0, 6.0, 2.0, 6.0, 6.0, 3.0, 5.0, 6.0, 2.0, 2.0, 3.0, 2.0, 2.0, 2.0], [2.0, 6.0, 2.0, 1.0, 6.0, 1.0, 2.0, 1.0, 2.0, 1.0, 1.0, 2.0, 2.0, 1.0, 2.0, 1.0, 6.0, 3.0, 2.0, 2.0, 2.0, 3.0, 6.0, 2.0, 3.0, 2.0, 3.0, 2.0, 6.0, 2.0, 6.0, 6.0, 6.0, 2.0, 6.0, 2.0, 3.0, 3.0, 2.0, 1.0, 2.0], [2.0, 5.0, 2.0, 1.0, 6.0, 1.0, 2.0, 1.0, 2.0, 2.0, 1.0, 2.0, 2.0, 1.0, 2.0, 2.0, 6.0, 3.0, 3.0, 2.0, 2.0, 3.0, 6.0, 2.0, 3.0, 2.0, 3.0, 2.0, 6.0, 2.0, 6.0, 6.0, 6.0, 3.0, 6.0, 2.0, 3.0, 3.0, 2.0, 1.0, 2.0], [2.0, 6.0, 2.0, 1.0, 6.0, 1.0, 1.0, 2.0, 2.0, 1.0, 1.0, 1.0, 2.0, 1.0, 2.0, 1.0, 3.0, 2.0, 3.0, 2.0, 2.0, 3.0, 6.0, 2.0, 3.0, 2.0, 3.0, 2.0, 6.0, 2.0, 5.0, 6.0, 6.0, 5.0, 6.0, 2.0, 2.0, 3.0, 2.0, 2.0, 2.0], [2.0, 6.0, 2.0, 2.0, 6.0, 1.0, 2.0, 1.0, 2.0, 1.0, 1.0, 2.0, 2.0, 1.0, 2.0, 2.0, 6.0, 3.0, 2.0, 2.0, 2.0, 3.0, 6.0, 2.0, 3.0, 2.0, 3.0, 2.0, 6.0, 2.0, 6.0, 6.0, 6.0, 5.0, 6.0, 2.0, 2.0, 3.0, 2.0, 1.0, 2.0], [2.0, 5.0, 2.0, 1.0, 6.0, 1.0, 1.0, 1.0, 2.0, 1.0, 1.0, 2.0, 1.0, 1.0, 2.0, 2.0, 6.0, 3.0, 3.0, 2.0, 2.0, 3.0, 6.0, 2.0, 3.0, 2.0, 3.0, 2.0, 6.0, 2.0, 6.0, 6.0, 6.0, 2.0, 3.0, 2.0, 3.0, 3.0, 2.0, 1.0, 2.0], [2.0, 6.0, 2.0, 2.0, 6.0, 1.0, 1.0, 2.0, 2.0, 1.0, 1.0, 1.0, 2.0, 1.0, 2.0, 1.0, 6.0, 3.0, 3.0, 2.0, 2.0, 3.0, 6.0, 2.0, 3.0, 2.0, 3.0, 2.0, 6.0, 2.0, 6.0, 6.0, 6.0, 5.0, 6.0, 2.0, 3.0, 3.0, 2.0, 1.0, 2.0], [2.0, 5.0, 2.0, 2.0, 6.0, 1.0, 1.0, 2.0, 2.0, 1.0, 1.0, 1.0, 1.0, 1.0, 2.0, 1.0, 6.0, 3.0, 2.0, 2.0, 2.0, 3.0, 6.0, 2.0, 3.0, 2.0, 3.0, 2.0, 6.0, 2.0, 5.0, 6.0, 6.0, 5.0, 3.0, 2.0, 2.0, 3.0, 2.0, 1.0, 2.0], [2.0, 6.0, 2.0, 1.0, 6.0, 1.0, 1.0, 2.0, 2.0, 1.0, 1.0, 1.0, 2.0, 1.0, 2.0, 2.0, 6.0, 3.0, 2.0, 2.0, 2.0, 3.0, 6.0, 2.0, 3.0, 2.0, 3.0, 2.0, 6.0, 2.0, 6.0, 6.0, 6.0, 5.0, 6.0, 2.0, 2.0, 3.0, 2.0, 1.0, 2.0], [2.0, 3.0, 2.0, 1.0, 6.0, 1.0, 1.0, 1.0, 2.0, 1.0, 1.0, 1.0, 1.0, 1.0, 2.0, 2.0, 6.0, 2.0, 2.0, 2.0, 2.0, 3.0, 3.0, 2.0, 3.0, 2.0, 3.0, 2.0, 6.0, 2.0, 6.0, 6.0, 6.0, 5.0, 6.0, 2.0, 2.0, 3.0, 2.0, 2.0, 2.0], [2.0, 6.0, 2.0, 1.0, 6.0, 1.0, 1.0, 2.0, 2.0, 1.0, 1.0, 1.0, 2.0, 1.0, 2.0, 2.0, 6.0, 3.0, 2.0, 2.0, 2.0, 3.0, 6.0, 2.0, 3.0, 3.0, 3.0, 2.0, 6.0, 2.0, 6.0, 6.0, 6.0, 5.0, 6.0, 2.0, 2.0, 3.0, 2.0, 1.0, 2.0], [2.0, 6.0, 2.0, 1.0, 6.0, 2.0, 1.0, 2.0, 2.0, 1.0, 1.0, 1.0, 1.0, 1.0, 2.0, 1.0, 6.0, 3.0, 2.0, 2.0, 2.0, 3.0, 6.0, 2.0, 3.0, 3.0, 3.0, 2.0, 6.0, 2.0, 6.0, 6.0, 6.0, 5.0, 6.0, 2.0, 2.0, 3.0, 2.0, 1.0, 2.0], [2.0, 6.0, 2.0, 1.0, 6.0, 1.0, 1.0, 2.0, 2.0, 1.0, 1.0, 2.0, 1.0, 1.0, 2.0, 2.0, 6.0, 3.0, 3.0, 2.0, 2.0, 3.0, 6.0, 2.0, 3.0, 3.0, 3.0, 2.0, 6.0, 2.0, 3.0, 6.0, 6.0, 5.0, 6.0, 2.0, 2.0, 3.0, 2.0, 2.0, 2.0], [2.0, 6.0, 2.0, 1.0, 6.0, 1.0, 1.0, 2.0, 2.0, 1.0, 1.0, 1.0, 1.0, 1.0, 2.0, 2.0, 6.0, 3.0, 3.0, 2.0, 2.0, 3.0, 6.0, 2.0, 3.0, 2.0, 3.0, 2.0, 6.0, 2.0, 6.0, 6.0, 6.0, 5.0, 3.0, 2.0, 2.0, 3.0, 2.0, 1.0, 2.0], [2.0, 6.0, 2.0, 1.0, 3.0, 2.0, 2.0, 1.0, 2.0, 1.0, 1.0, 2.0, 2.0, 1.0, 2.0, 1.0, 3.0, 3.0, 3.0, 2.0, 2.0, 3.0, 6.0, 2.0, 3.0, 2.0, 3.0, 2.0, 6.0, 2.0, 5.0, 6.0, 3.0, 5.0, 6.0, 2.0, 2.0, 3.0, 2.0, 1.0, 2.0], [2.0, 5.0, 2.0, 1.0, 6.0, 2.0, 1.0, 1.0, 2.0, 1.0, 1.0, 1.0, 2.0, 1.0, 2.0, 1.0, 5.0, 3.0, 2.0, 2.0, 2.0, 3.0, 3.0, 2.0, 3.0, 2.0, 3.0, 2.0, 6.0, 2.0, 5.0, 6.0, 6.0, 2.0, 6.0, 2.0, 2.0, 3.0, 2.0, 1.0, 2.0], [2.0, 6.0, 2.0, 1.0, 6.0, 2.0, 2.0, 2.0, 2.0, 1.0, 1.0, 1.0, 2.0, 1.0, 2.0, 1.0, 6.0, 3.0, 2.0, 2.0, 2.0, 3.0, 6.0, 2.0, 3.0, 2.0, 6.0, 2.0, 6.0, 2.0, 5.0, 6.0, 6.0, 2.0, 6.0, 2.0, 2.0, 3.0, 2.0, 1.0, 2.0], [2.0, 6.0, 2.0, 1.0, 6.0, 1.0, 2.0, 2.0, 2.0, 1.0, 1.0, 1.0, 1.0, 1.0, 2.0, 1.0, 5.0, 3.0, 3.0, 2.0, 2.0, 3.0, 6.0, 2.0, 3.0, 3.0, 3.0, 2.0, 6.0, 2.0, 6.0, 6.0, 6.0, 5.0, 6.0, 2.0, 2.0, 3.0, 2.0, 1.0, 2.0], [2.0, 6.0, 2.0, 2.0, 6.0, 2.0, 1.0, 1.0, 2.0, 2.0, 1.0, 1.0, 1.0, 1.0, 2.0, 2.0, 6.0, 3.0, 3.0, 2.0, 2.0, 3.0, 6.0, 2.0, 3.0, 3.0, 3.0, 2.0, 6.0, 2.0, 6.0, 6.0, 6.0, 3.0, 6.0, 2.0, 2.0, 3.0, 2.0, 1.0, 2.0], [2.0, 5.0, 2.0, 1.0, 6.0, 1.0, 1.0, 2.0, 2.0, 1.0, 1.0, 1.0, 1.0, 1.0, 2.0, 2.0, 6.0, 3.0, 2.0, 2.0, 2.0, 3.0, 6.0, 2.0, 3.0, 3.0, 3.0, 2.0, 6.0, 2.0, 6.0, 6.0, 6.0, 5.0, 6.0, 2.0, 2.0, 3.0, 2.0, 1.0, 2.0], [2.0, 6.0, 2.0, 1.0, 6.0, 1.0, 1.0, 1.0, 2.0, 1.0, 1.0, 1.0, 1.0, 1.0, 2.0, 2.0, 6.0, 3.0, 3.0, 2.0, 2.0, 3.0, 6.0, 2.0, 3.0, 2.0, 3.0, 2.0, 6.0, 2.0, 5.0, 6.0, 6.0, 2.0, 3.0, 2.0, 2.0, 3.0, 2.0, 1.0, 2.0], [2.0, 6.0, 2.0, 1.0, 6.0, 1.0, 1.0, 1.0, 2.0, 1.0, 1.0, 1.0, 1.0, 1.0, 2.0, 1.0, 6.0, 3.0, 3.0, 2.0, 2.0, 3.0, 6.0, 2.0, 3.0, 2.0, 3.0, 2.0, 6.0, 2.0, 5.0, 6.0, 6.0, 5.0, 3.0, 2.0, 2.0, 3.0, 2.0, 1.0, 2.0], [2.0, 6.0, 2.0, 2.0, 6.0, 2.0, 2.0, 1.0, 2.0, 1.0, 1.0, 1.0, 1.0, 1.0, 2.0, 2.0, 5.0, 3.0, 2.0, 2.0, 2.0, 3.0, 6.0, 2.0, 3.0, 2.0, 3.0, 2.0, 6.0, 2.0, 6.0, 6.0, 6.0, 5.0, 6.0, 2.0, 2.0, 3.0, 2.0, 1.0, 2.0], [1.0, 6.0, 2.0, 1.0, 6.0, 1.0, 2.0, 2.0, 2.0, 1.0, 1.0, 1.0, 2.0, 1.0, 2.0, 2.0, 6.0, 2.0, 2.0, 2.0, 2.0, 3.0, 6.0, 2.0, 3.0, 2.0, 3.0, 2.0, 6.0, 2.0, 6.0, 6.0, 6.0, 5.0, 3.0, 2.0, 2.0, 3.0, 2.0, 1.0, 2.0], [2.0, 3.0, 2.0, 1.0, 6.0, 2.0, 2.0, 2.0, 2.0, 1.0, 1.0, 2.0, 2.0, 1.0, 2.0, 1.0, 6.0, 3.0, 3.0, 2.0, 2.0, 3.0, 3.0, 2.0, 3.0, 3.0, 3.0, 2.0, 6.0, 2.0, 5.0, 6.0, 6.0, 6.0, 3.0, 2.0, 2.0, 3.0, 2.0, 1.0, 2.0], [2.0, 6.0, 2.0, 2.0, 6.0, 1.0, 1.0, 2.0, 2.0, 1.0, 1.0, 1.0, 1.0, 1.0, 2.0, 1.0, 3.0, 3.0, 2.0, 2.0, 2.0, 3.0, 6.0, 2.0, 3.0, 3.0, 3.0, 2.0, 6.0, 2.0, 6.0, 6.0, 3.0, 5.0, 6.0, 2.0, 2.0, 3.0, 2.0, 1.0, 2.0], [2.0, 6.0, 2.0, 2.0, 6.0, 1.0, 2.0, 2.0, 2.0, 1.0, 1.0, 2.0, 2.0, 1.0, 2.0, 1.0, 6.0, 3.0, 2.0, 2.0, 2.0, 3.0, 6.0, 2.0, 3.0, 2.0, 3.0, 2.0, 6.0, 2.0, 3.0, 6.0, 6.0, 5.0, 6.0, 2.0, 3.0, 3.0, 2.0, 1.0, 2.0], [2.0, 6.0, 2.0, 1.0, 6.0, 1.0, 1.0, 2.0, 2.0, 1.0, 1.0, 2.0, 1.0, 1.0, 2.0, 2.0, 6.0, 2.0, 2.0, 2.0, 2.0, 3.0, 6.0, 2.0, 3.0, 2.0, 3.0, 2.0, 6.0, 2.0, 6.0, 6.0, 6.0, 5.0, 6.0, 2.0, 2.0, 3.0, 2.0, 1.0, 2.0], [2.0, 6.0, 2.0, 1.0, 6.0, 1.0, 1.0, 1.0, 2.0, 1.0, 1.0, 1.0, 1.0, 1.0, 2.0, 2.0, 6.0, 3.0, 2.0, 2.0, 2.0, 3.0, 6.0, 2.0, 3.0, 3.0, 3.0, 2.0, 6.0, 2.0, 6.0, 6.0, 6.0, 5.0, 6.0, 2.0, 2.0, 3.0, 2.0, 1.0, 2.0], [2.0, 3.0, 2.0, 1.0, 6.0, 1.0, 1.0, 2.0, 2.0, 1.0, 1.0, 1.0, 1.0, 1.0, 2.0, 1.0, 6.0, 3.0, 3.0, 2.0, 2.0, 3.0, 6.0, 2.0, 3.0, 3.0, 3.0, 2.0, 6.0, 2.0, 6.0, 6.0, 6.0, 5.0, 6.0, 2.0, 2.0, 3.0, 2.0, 1.0, 2.0], [2.0, 6.0, 2.0, 1.0, 6.0, 1.0, 1.0, 2.0, 2.0, 1.0, 1.0, 1.0, 1.0, 1.0, 2.0, 2.0, 6.0, 3.0, 2.0, 2.0, 2.0, 3.0, 6.0, 2.0, 3.0, 2.0, 3.0, 2.0, 6.0, 2.0, 3.0, 6.0, 6.0, 2.0, 6.0, 2.0, 3.0, 3.0, 2.0, 2.0, 2.0], [2.0, 6.0, 2.0, 1.0, 6.0, 1.0, 2.0, 2.0, 2.0, 1.0, 1.0, 2.0, 2.0, 1.0, 2.0, 1.0, 6.0, 3.0, 3.0, 2.0, 2.0, 3.0, 6.0, 2.0, 3.0, 2.0, 3.0, 2.0, 6.0, 2.0, 6.0, 6.0, 6.0, 5.0, 6.0, 2.0, 2.0, 3.0, 2.0, 1.0, 2.0], [2.0, 5.0, 2.0, 1.0, 6.0, 1.0, 1.0, 2.0, 2.0, 2.0, 1.0, 2.0, 1.0, 1.0, 2.0, 2.0, 6.0, 3.0, 2.0, 2.0, 2.0, 3.0, 6.0, 2.0, 3.0, 3.0, 3.0, 2.0, 5.0, 2.0, 5.0, 6.0, 6.0, 2.0, 6.0, 2.0, 2.0, 3.0, 2.0, 1.0, 2.0], [2.0, 6.0, 2.0, 2.0, 6.0, 1.0, 1.0, 1.0, 2.0, 1.0, 1.0, 1.0, 1.0, 1.0, 2.0, 2.0, 6.0, 3.0, 3.0, 2.0, 2.0, 3.0, 6.0, 2.0, 3.0, 3.0, 3.0, 2.0, 6.0, 2.0, 6.0, 6.0, 6.0, 5.0, 3.0, 2.0, 2.0, 3.0, 2.0, 1.0, 2.0], [2.0, 6.0, 2.0, 1.0, 6.0, 2.0, 1.0, 2.0, 2.0, 1.0, 1.0, 2.0, 1.0, 1.0, 2.0, 2.0, 6.0, 3.0, 2.0, 2.0, 2.0, 3.0, 6.0, 2.0, 3.0, 2.0, 3.0, 2.0, 6.0, 2.0, 6.0, 6.0, 6.0, 2.0, 3.0, 2.0, 2.0, 3.0, 2.0, 1.0, 2.0]]

