begin results

reordered GED values
[0.66153437, 0.64107245, 0.55998254, 0.80561876, 0.59475195, 0.5038127, 0.9878253, 0.7663068, 1.7176502, 1.8137308, 1.4323102, 0.67735076, 0.47774836, 0.5840723, 1.3807739, 1.4764282, 0.9983999, 1.0315837, 0.7532769, 1.2000421, 1.1160461, 0.7421647, 0.70466715, 0.6849413, 0.9946784, 1.3665929, 1.123147, 0.55388063, 1.3360274, 1.019339, 0.62383926, 0.62963915, 0.68718815, 0.946351, 0.50213957, 0.6166185, 0.9888354, 0.8721331, 1.8047037, 1.875266, 1.5176528, 0.7881698, 0.55177087, 0.6746858, 1.5515207, 1.6662856, 1.1525867, 1.1704419, 0.7188531, 1.3773907, 1.2448272, 0.8685386, 0.76337427, 0.6871742, 1.1217597, 1.5301024, 1.2815852, 0.61285967, 1.4549148, 1.1436417, 0.6261054, 0.54433316, 0.66672266, 0.78489786, 0.39849496, 0.5455843, 0.8593431, 0.7349613, 1.811462, 1.8152969, 1.4926199, 0.75073737, 0.46986884, 0.5832113, 1.3978318, 1.355917, 1.0197334, 1.1465693, 0.628539, 1.0130416, 1.0649562, 0.75227153, 0.740282, 0.6694308, 1.0287168, 1.4141139, 1.2436922, 0.55133647, 1.5882019, 0.97542745]

reordered GED mean
0.9867145

reordered GED standard error
0.04117865065602969

best dice mean
0.64376616

best dice st_err
0.020799666766955903

reordered best dice mean
0.64403415

reordered best dice st_err
0.02078410564089299

best avd mean
62.381874

best avd st_err
15.06886392770394

reordered best avd mean
61.657024

reordered best avd st_err
14.968834829211747

bras score
0.7943309750407934

sUEO mean
0.44172016

sUEO standard error
0.007361952719017408

best tau for max UEO
0.42000002

max UEO
0.39600152

UEO per tau
[0.0050520366, 0.13161907, 0.16692138, 0.19187728, 0.21187893, 0.22862747, 0.24319176, 0.25616997, 0.26787916, 0.27852595, 0.28815633, 0.29685444, 0.30488223, 0.31240308, 0.3192261, 0.3256906, 0.33159775, 0.33726776, 0.342669, 0.3475238, 0.35240597, 0.35675734, 0.36074936, 0.36437386, 0.36788508, 0.37116522, 0.3739025, 0.37679732, 0.37929094, 0.38164574, 0.38394156, 0.38603994, 0.3880291, 0.38978225, 0.39117885, 0.39238274, 0.3933513, 0.39409816, 0.3947583, 0.39527902, 0.3958745, 0.39598945, 0.39600152, 0.39561453, 0.3950306, 0.39429933, 0.39336663, 0.39260393, 0.39113504, 0.38973606, 0.38769844, 0.38540924, 0.38285026, 0.3797543, 0.37623444, 0.37240398, 0.36819622, 0.36343372, 0.35778186, 0.35137782, 0.34419233, 0.3358112, 0.32619044, 0.3148657, 0.30097145, 0.28393176, 0.2625368, 0.23385239, 0.19236144, 0.1096564]

UEO tau AUC
0.33317074179649353

mean_conf calibration curve data: 

mean_conf bin_accuracies: 
[0.0012166195083409548, 0.08730234205722809, 0.14830511808395386, 0.205023854970932, 0.25842025876045227, 0.31192854046821594, 0.37778395414352417, 0.4455903172492981, 0.5346440076828003, 0.674287736415863, 0.9107798337936401]

mean_conf bin_confidences: 
[0.0001574531343067065, 0.08819985389709473, 0.19509270787239075, 0.29728126525878906, 0.3984447717666626, 0.49941712617874146, 0.6002928614616394, 0.7008600234985352, 0.8025152683258057, 0.9073765277862549, 0.9854035973548889]

mean_conf EXPECTED CALIBRATION ERROR
0.100047536

dice
[0.79776454, 0.78363335, 0.712484, 0.7447515, 0.8193877, 0.850251, 0.3816458, 0.7572672, 0.22848439, 0.12336785, 0.43899783, 0.7635755, 0.86134595, 0.799583, 0.46656534, 0.40183488, 0.6622198, 0.64375293, 0.6811603, 0.5636979, 0.605216, 0.76780134, 0.29811448, 0.72969466, 0.5474427, 0.47177657, 0.60282576, 0.8358336, 0.2921878, 0.62674654, 0.8128634, 0.7911337, 0.6834985, 0.68718296, 0.85169226, 0.8162176, 0.38969943, 0.7170614, 0.17104866, 0.09248159, 0.39774424, 0.7243664, 0.83786076, 0.7665195, 0.36095765, 0.28125, 0.5931615, 0.5838509, 0.6986478, 0.4709023, 0.5438276, 0.719933, 0.32414037, 0.7204979, 0.5094116, 0.37604168, 0.52374494, 0.81696135, 0.2216709, 0.6029285, 0.8121533, 0.8204106, 0.6824281, 0.7532393, 0.8844107, 0.83721745, 0.42671674, 0.7722861, 0.16338354, 0.1228437, 0.38172314, 0.74255997, 0.86469615, 0.7989928, 0.4576376, 0.4781048, 0.6545702, 0.5931666, 0.73525643, 0.65661234, 0.6324726, 0.7658372, 0.35066384, 0.7255137, 0.539398, 0.44514388, 0.5448799, 0.8379868, 0.22426347, 0.6630037]

dice mean
0.5968253

dice standard error
0.02207097165536036

hd95
[4.1231055, 7.8740077, 8.499962, 14.536125, 10.049875, 2.236068, 5.656854, 8.124039, 25.057924, 20.936779, 18.466185, 10.488089, 9.433981, 7.8516927, 16.277283, 26.619068, 16.970562, 17.832554, 2.236068, 8.197524, 10.963331, 14.764823, 6.0577602, 7.28011, 17.517132, 12.120099, 19.009169, 16.040558, 26.490562, 20.086708, 5.3851647, 10.37776, 12.369317, 15.842979, 11.83216, 11.045361, 8.185352, 11.18034, 26.476404, 21.659868, 19.070917, 13.0, 10.049875, 13.747727, 17.459944, 26.534882, 16.059263, 17.35655, 2.236068, 7.8740077, 11.224972, 17.117243, 10.430706, 8.774964, 15.937377, 12.316539, 19.616184, 16.251152, 25.076881, 19.049932, 17.0, 8.602325, 12.393531, 13.56466, 11.247156, 5.227785, 6.4031243, 7.8740077, 23.862091, 17.804493, 18.24006, 13.453624, 8.124039, 8.485281, 17.916473, 25.605646, 15.652476, 17.20465, 1.7320508, 4.6364956, 10.0, 13.152946, 10.677078, 6.4807405, 15.585246, 12.704315, 19.748417, 11.445523, 27.0, 19.416489]

hd95 mean
13.628652

hd95 standard error
0.6654324153012252

avd
[19.877153, 24.462542, 29.881842, 59.00769, 25.516739, 9.343823, 72.97104, 23.761063, 628.3912, 164.69623, 107.8815, 3.1386595, 6.819374, 11.903788, 22.880215, 33.333332, 9.164969, 14.442231, 25.570919, 43.50741, 30.59022, 40.605125, 81.84029, 0.48735914, 21.417322, 28.668478, 34.622467, 10.859961, 59.015682, 17.48634, 6.3470397, 14.104235, 19.574005, 70.68839, 15.351771, 8.548949, 69.28592, 33.993362, 843.8486, 279.39246, 137.0039, 4.3285575, 6.30355, 11.22474, 19.246298, 14.067278, 5.4989815, 72.60956, 13.293526, 34.77417, 15.311973, 53.015995, 79.147446, 9.122753, 14.267716, 60.869564, 71.45488, 4.6167636, 61.63547, 11.4754095, 0.08530968, 12.003258, 29.679726, 54.33907, 12.197962, 14.145511, 68.292946, 22.245575, 888.959, 114.12151, 131.52599, 10.114133, 5.8664103, 11.200196, 17.631226, 12.996942, 24.490835, 82.76892, 3.8969202, 2.3817925, 9.3086, 45.500095, 78.2534, 15.816326, 13.732284, 102.17391, 91.34438, 12.595249, 27.303606, 1.0928962]

avd mean
62.65125

avd standard error
15.114964392738806

recall
[0.375, 0.3125, 0.3902439, 0.875, 0.3292683, 0.53571427, 0.31111112, 0.4909091, 0.85714287, 0.9444444, 0.8235294, 0.5487805, 0.44339624, 0.7027027, 0.5, 0.46, 0.5394737, 0.6666667, 0.65822786, 0.7948718, 0.5394737, 0.775, 0.3846154, 0.61290324, 0.57894737, 0.64705884, 0.5, 0.5229358, 0.49382716, 0.5263158, 0.359375, 0.453125, 0.4878049, 0.84375, 0.35365853, 0.5, 0.33333334, 0.54545456, 0.9047619, 0.8888889, 0.8235294, 0.5365854, 0.49056605, 0.6486486, 0.4512195, 0.26, 0.57894737, 0.73333335, 0.62025315, 0.7307692, 0.59210527, 0.75, 0.34615386, 0.516129, 0.55263156, 0.64705884, 0.59090906, 0.48623854, 0.50617284, 0.6315789, 0.40625, 0.421875, 0.4390244, 0.84375, 0.35365853, 0.4642857, 0.35555556, 0.5090909, 0.85714287, 0.8333333, 0.9117647, 0.5, 0.4811321, 0.6891892, 0.5731707, 0.54, 0.6184211, 0.8, 0.70886075, 0.8076923, 0.68421054, 0.875, 0.4871795, 0.516129, 0.7368421, 0.6764706, 0.59090906, 0.47706422, 0.49382716, 0.6315789]

recall mean
0.5842939

recall standard error
0.017710937959417566

f1
[0.45132744, 0.41394335, 0.33721575, 0.23894492, 0.40023717, 0.40023202, 0.4089347, 0.42265853, 0.11940298, 0.11521518, 0.18221258, 0.44189852, 0.39754876, 0.47463384, 0.5411765, 0.47916666, 0.5575703, 0.3537415, 0.702539, 0.81123346, 0.65633875, 0.33202428, 0.44871795, 0.40282685, 0.556044, 0.48653847, 0.26666668, 0.44292322, 0.273257, 0.42833608, 0.3958954, 0.48801902, 0.33755276, 0.23080869, 0.419396, 0.27380952, 0.44117647, 0.39914164, 0.11141182, 0.12102874, 0.18666667, 0.40934464, 0.4130958, 0.38669002, 0.44780636, 0.24059223, 0.55481213, 0.3024055, 0.58811307, 0.69563097, 0.65962493, 0.26037735, 0.387, 0.398519, 0.4435058, 0.3963964, 0.23458646, 0.44877222, 0.37484002, 0.38799077, 0.39837766, 0.44549206, 0.33937636, 0.25016546, 0.41254175, 0.30418718, 0.38866398, 0.462434, 0.13529922, 0.12944984, 0.19906887, 0.43119267, 0.4945661, 0.44705647, 0.562243, 0.4989893, 0.5860051, 0.2673522, 0.68277264, 0.7323183, 0.7141527, 0.3837429, 0.49590585, 0.4850194, 0.55303586, 0.44660193, 0.27807486, 0.4481471, 0.31620553, 0.46537396]

f1 mean
0.408137

f1 standard error
0.015607110470566761

uncertainty thresholds
[0.0, 0.01, 0.02, 0.03, 0.04, 0.05, 0.06, 0.07, 0.08, 0.089999996, 0.1, 0.11, 0.12, 0.13, 0.14, 0.14999999, 0.16, 0.17, 0.17999999, 0.19, 0.2, 0.21, 0.22, 0.22999999, 0.24, 0.25, 0.26, 0.26999998, 0.28, 0.29, 0.29999998, 0.31, 0.32, 0.32999998, 0.34, 0.35, 0.35999998, 0.37, 0.38, 0.39, 0.4, 0.41, 0.42000002, 0.43, 0.44, 0.45000002, 0.46, 0.47, 0.48, 0.48999998, 0.5, 0.51, 0.52, 0.53, 0.53999996, 0.55, 0.56, 0.57, 0.58, 0.59, 0.6, 0.61, 0.62, 0.63, 0.64, 0.65, 0.66, 0.67, 0.68, 0.69]

mean coverage of areas missed by mean as tau increases
[0.73345155, 0.66515183, 0.64046466, 0.62338907, 0.60802627, 0.59589994, 0.5840667, 0.5740988, 0.5649141, 0.55672246, 0.5490014, 0.540105, 0.5331173, 0.52702963, 0.5200798, 0.51347715, 0.507066, 0.5004947, 0.49385646, 0.48943424, 0.4839026, 0.47803077, 0.47260883, 0.46676812, 0.46182185, 0.45673743, 0.45079508, 0.44606042, 0.44002375, 0.4337159, 0.4286826, 0.42382538, 0.41915742, 0.41444373, 0.40982857, 0.40464383, 0.3993922, 0.39397082, 0.38903004, 0.38358343, 0.3781386, 0.37257951, 0.36673748, 0.36242384, 0.35675836, 0.35095277, 0.34424362, 0.3396072, 0.33396417, 0.32849783, 0.3225322, 0.31662202, 0.30951095, 0.30295542, 0.2947409, 0.28696826, 0.2803223, 0.272647, 0.2627715, 0.2534219, 0.2440579, 0.2326315, 0.2215843, 0.20979092, 0.19477816, 0.18007594, 0.15940411, 0.13662893, 0.105028495, 0.055120446]

mean size of entirely missed lesions
[nan, 4.924107, 5.859425, 6.519774, 6.2154965, 6.1699347, 6.01996, 5.8794065, 5.7765956, 5.675676, 5.688817, 5.7542768, 5.683258, 5.68082, 5.6746817, 5.6680384, 5.673387, 5.7382812, 5.747782, 5.826899, 6.1835985, 6.2357144, 6.2368727, 6.289954, 6.2480445, 6.235683, 6.246204, 6.227321, 6.1808624, 6.1983557, 6.221996, 6.205438, 6.27336, 6.2637253, 6.254369, 6.269674, 6.2374167, 6.2157598, 6.2632556, 6.5257354, 6.491356, 6.4905148, 6.5636687, 6.558304, 6.5539947, 6.523478, 6.5276337, 6.536481, 6.611584, 6.5900254, 6.563286, 6.656457, 6.741619, 6.7275667, 6.7008, 6.736551, 6.7710466, 6.943235, 6.9815807, 6.9698567, 7.022338, 7.031479, 7.0224476, 7.00784, 6.980406, 6.9972453, 7.108181, 7.2931833, 7.25694, 7.4990735]

mean coverage of lesions entirely missed by the mean segmentation
[1.0, 0.79973125, 0.73128927, 0.68456745, 0.6430401, 0.6100279, 0.57928306, 0.55488944, 0.5323668, 0.5124987, 0.4941522, 0.47335836, 0.45688766, 0.443376, 0.42870414, 0.41360936, 0.40038905, 0.38610664, 0.37309447, 0.36365443, 0.3527991, 0.34175524, 0.33214328, 0.32067722, 0.31238937, 0.30378523, 0.2949744, 0.28635398, 0.27655673, 0.26640788, 0.25901017, 0.25264162, 0.24580099, 0.23779601, 0.23203489, 0.22602516, 0.2195826, 0.21261987, 0.20711066, 0.19899559, 0.19206819, 0.18733284, 0.1803153, 0.17572463, 0.17101836, 0.16398662, 0.15776679, 0.15380734, 0.14828895, 0.14387184, 0.13818198, 0.13264835, 0.12747622, 0.12097652, 0.1141979, 0.109140255, 0.103959, 0.099487275, 0.09321379, 0.085099906, 0.07962913, 0.07311735, 0.06791402, 0.061583202, 0.05338075, 0.047764394, 0.04105557, 0.033137202, 0.022772279, 0.008058695]

total number of missing lesions
[0.0, 224.0, 313.0, 354.0, 413.0, 459.0, 501.0, 539.0, 564.0, 592.0, 617.0, 643.0, 663.0, 683.0, 707.0, 729.0, 744.0, 768.0, 789.0, 803.0, 817.0, 840.0, 857.0, 876.0, 895.0, 908.0, 922.0, 937.0, 951.0, 973.0, 982.0, 993.0, 1006.0, 1020.0, 1030.0, 1042.0, 1053.0, 1066.0, 1075.0, 1088.0, 1099.0, 1107.0, 1123.0, 1132.0, 1139.0, 1150.0, 1158.0, 1165.0, 1174.0, 1183.0, 1193.0, 1208.0, 1223.0, 1237.0, 1250.0, 1264.0, 1271.0, 1286.0, 1303.0, 1327.0, 1343.0, 1366.0, 1381.0, 1403.0, 1429.0, 1452.0, 1479.0, 1511.0, 1549.0, 1619.0]

proportion of lesions entirely missed
[0.0, 0.044129234, 0.061662726, 0.06973995, 0.081363276, 0.09042553, 0.09869976, 0.10618597, 0.11111111, 0.11662727, 0.1215524, 0.12667455, 0.13061465, 0.13455477, 0.1392829, 0.14361702, 0.1465721, 0.15130024, 0.15543735, 0.15819544, 0.1609535, 0.16548464, 0.16883373, 0.17257683, 0.17631994, 0.178881, 0.18163909, 0.18459417, 0.18735224, 0.19168636, 0.19345942, 0.19562648, 0.19818754, 0.20094563, 0.20291568, 0.20527975, 0.20744681, 0.21000788, 0.21178094, 0.214342, 0.21650906, 0.21808511, 0.2212372, 0.22301024, 0.22438928, 0.22655635, 0.22813238, 0.22951142, 0.23128447, 0.23305753, 0.23502758, 0.23798266, 0.24093774, 0.24369583, 0.24625689, 0.24901497, 0.25039402, 0.2533491, 0.2566982, 0.26142633, 0.2645784, 0.26910955, 0.27206463, 0.27639875, 0.28152087, 0.28605202, 0.29137117, 0.29767534, 0.30516154, 0.31895193]

num lesions:
5076

