begin results

reordered GED values
[0.61144423, 0.6892027, 0.48274827, 0.93625075, 1.0402857, 0.7867777, 0.9796518, 0.6978623, 0.70583016, 0.4982158, 0.5190411, 0.41072506, 0.8924001, 1.1690618, 1.211122, 0.9304107, 0.6474892, 1.2568468, 0.876525, 1.034433, 0.809556, 1.2606299, 1.0195246, 0.43187502, 0.85287786, 1.1458541, 1.0081846, 0.96935546, 1.1216679, 0.6042858, 0.44244966, 0.7952645, 0.7533912, 0.7980117, 0.9447559, 1.3596789, 0.9671331, 0.5948994, 0.6504885, 1.2894205, 0.80213535, 1.439785, 1.029185, 0.591032, 1.2462174, 0.8602811, 1.2535036, 0.81718755, 0.6663022, 0.6301979, 0.72682756, 0.45388654, 0.34977075, 0.90639925, 0.6018793, 0.39813182, 1.1412768, 1.2389373, 0.59106636, 1.1147686, 0.9076493, 0.7583435, 0.50426215, 0.39051968, 0.7524452, 0.43033186, 0.80753857, 1.1885414, 0.95944434, 0.80524564, 0.52166325, 0.91770065, 1.3084362, 0.44026592, 0.62207323, 1.0895036, 0.79316723, 1.4986403, 0.96106035, 0.9728452, 0.80730975, 0.9695002, 0.8896262, 1.6378326, 0.94851863, 0.87740016, 0.7387837, 0.4836952, 0.91938996, 1.2838981, 1.2154766, 0.7597816, 0.96172523, 0.49402496, 0.5258681, 0.5645129, 0.67050946, 1.2909505, 1.2351863, 0.79974896, 1.1319636, 1.4799014, 0.764293, 0.6236554, 0.43947977, 1.1674197, 1.2046922, 0.5623945, 1.246553, 0.94997805, 0.5698769, 0.61483973, 0.7176275, 1.5893282, 1.1818452, 1.2294127, 1.2206532, 1.1728987, 0.9002239, 1.0790896, 0.9657602, 0.870172, 1.2461739]

reordered GED mean
0.8836264

reordered GED standard error
0.02651571114853793

best dice mean
0.64938295

best dice st_err
0.015619751328332918

reordered best dice mean
0.6564244

reordered best dice st_err
0.015282330255814278

best avd mean
41.08593

best avd st_err
7.415540582344755

reordered best avd mean
31.654121

reordered best avd st_err
5.894813733870062

bras score
0.8309756185238559

sUEO mean
0.36848903

sUEO standard error
0.005854372263943513

best tau for max UEO
0.14

max UEO
0.41015488

UEO per tau
[0.0036544965, 0.032293897, 0.06981628, 0.12990771, 0.21031553, 0.28833765, 0.34323677, 0.3773979, 0.39397967, 0.4016732, 0.40573448, 0.40796828, 0.40910104, 0.4099615, 0.41015488, 0.40997526, 0.40938282, 0.408314, 0.40737426, 0.40612343, 0.40481365, 0.40351704, 0.40183383, 0.40046063, 0.39891672, 0.39719608, 0.3951941, 0.39307606, 0.39073488, 0.38857213, 0.3864169, 0.3841894, 0.38169885, 0.3791404, 0.37625533, 0.37354454, 0.37053818, 0.36753744, 0.36454493, 0.36142874, 0.35818517, 0.3549829, 0.35174227, 0.34803513, 0.34416282, 0.34028763, 0.3363504, 0.33193052, 0.3276059, 0.32351062, 0.31882414, 0.31431875, 0.30895203, 0.30346134, 0.2974166, 0.29160336, 0.2855563, 0.27893692, 0.2715184, 0.263513, 0.254786, 0.24551523, 0.23525651, 0.22411023, 0.2107914, 0.19542015, 0.17674795, 0.15306328, 0.12081204, 0.06351755]

UEO tau AUC
0.3210233449935913

mean_conf calibration curve data: 

mean_conf bin_accuracies: 
[0.000840033171698451, 0.2523777484893799, 0.3104855716228485, 0.352202445268631, 0.384307324886322, 0.4182339012622833, 0.44988226890563965, 0.48535972833633423, 0.5314853191375732, 0.6385445594787598, 0.8815042972564697]

mean_conf bin_confidences: 
[0.0004650353512261063, 0.08977548778057098, 0.19616709649562836, 0.2977888286113739, 0.3987656831741333, 0.49988436698913574, 0.6003336310386658, 0.7014679312705994, 0.8032304644584656, 0.9095690846443176, 0.9912184476852417]

mean_conf EXPECTED CALIBRATION ERROR
0.13541737

dice
[0.7932729, 0.7652601, 0.8509712, 0.6366958, 0.5885989, 0.7244469, 0.6188198, 0.7605568, 0.7532761, 0.83559024, 0.8283944, 0.8764059, 0.65466815, 0.5260108, 0.28325292, 0.6654861, 0.78411067, 0.45502183, 0.67368793, 0.5978022, 0.7111611, 0.44449005, 0.59095126, 0.8667327, 0.66090536, 0.48594296, 0.5976505, 0.62474644, 0.5375154, 0.7864644, 0.85902005, 0.70829266, 0.73174316, 0.71203715, 0.6360577, 0.40160242, 0.63167083, 0.805838, 0.78434426, 0.45740598, 0.69315475, 0.3448866, 0.6036707, 0.8058672, 0.4770291, 0.6825756, 0.44427404, 0.7084699, 0.76806176, 0.78685504, 0.7306122, 0.8577116, 0.8955994, 0.66301715, 0.8077116, 0.87860256, 0.5416357, 0.4768336, 0.8112396, 0.56540245, 0.66757, 0.7350868, 0.8364527, 0.8776782, 0.7258314, 0.8654247, 0.7118046, 0.49822694, 0.64092904, 0.71142846, 0.8231424, 0.639599, 0.4355426, 0.8573264, 0.7790023, 0.5188848, 0.7142532, 0.24843423, 0.6462639, 0.64363176, 0.70216405, 0.6182933, 0.6739481, 0.13761845, 0.6439471, 0.6782988, 0.7384513, 0.847172, 0.63129336, 0.45401928, 0.49614793, 0.7434711, 0.6315789, 0.83985, 0.8245339, 0.8130192, 0.7606652, 0.46179128, 0.4962153, 0.7203021, 0.52075255, 0.32472223, 0.72613615, 0.7967359, 0.86366385, 0.0, 0.507365, 0.494758, 0.8151931, 0.45, 0.63950515, 0.0, 0.82068545, 0.80355453, 0.76336485, 0.16179001, 0.5442919, 0.5008197, 0.49002492, 0.5217391, 0.6723205, 0.59765035, 0.65534806, 0.69432807, 0.47943723]

dice mean
0.6551511

dice standard error
0.014264104211518542

hd95
[2.236068, 3.6055512, 1.7320508, 10.086917, 13.135816, 2.236068, 34.1454, 3.1622777, 3.6055512, 2.236068, 3.0, 3.0, 5.477226, 10.34408, 24.073843, 13.152946, 3.0, 10.478274, 5.0990195, 13.616155, 6.78233, 12.391513, 5.3851647, 3.6055512, 3.3756156, 8.602325, 2.2467391, 4.472136, 9.57774, 2.236068, 1.4142135, 5.0544605, 3.6055512, 3.0, 8.306623, 14.0, 11.18034, 2.236068, 6.3245554, 10.770329, 6.4031243, 15.786065, 5.0, 2.236068, 12.32069, 2.236068, 14.3178215, 3.1622777, 3.0, 5.91608, 7.615773, 2.236068, 1.7320508, 4.2426405, 2.0, 1.7320508, 7.28011, 7.838941, 5.0990195, 12.144905, 3.1622777, 2.1298373, 2.236068, 1.4142135, 2.236068, 3.6055512, 7.6811457, 6.0827627, 5.8309517, 4.582576, 2.236068, 7.61549, 16.309507, 2.0, 4.8761663, 11.373195, 8.360602, 41.009144, 6.708204, 5.7445626, 7.0, 10.742375, 7.3484693, 16.763054, 5.91608, 2.4494898, 2.4494898, 1.4142135, 7.8740077, 14.337005, 11.78975, 5.3897676, 4.2426405, 4.1231055, 2.236068, 1.4142135, 8.062258, 23.259407, 7.28011, 2.0, 7.0, 7.28011, 5.034657, 3.6055512, 1.4142135, nan, 10.965314, 6.0827627, 1.4142135, 17.264074, 5.7445626, nan, 5.91608, 4.1231055, 10.29563, 76.414, 8.797683, 8.0, 8.124039, 6.053796, 9.939798, 7.071068, 6.708204, 5.328461, 9.876708]

hd95 mean
7.626262

hd95 standard error
0.7800716366487214

avd
[7.948223, 19.889957, 16.098267, 12.956698, 18.673342, 0.109769486, 13.265306, 10.549451, 12.933221, 5.1950154, 4.6123652, 13.859932, 33.333332, 90.696785, 380.4, 24.354391, 2.8232715, 78.92814, 20.216467, 8.286517, 4.51505, 12.79476, 47.274815, 0.5001287, 10.894941, 61.989246, 17.92, 30.642391, 15.079365, 1.2327561, 0.8274628, 29.477612, 34.66604, 29.322792, 55.68531, 271.54663, 5.387042, 3.1277368, 7.112628, 10.058309, 44.859665, 101.93799, 46.926285, 19.22746, 42.976746, 1.4297385, 62.72666, 37.98184, 26.48074, 11.791907, 6.925676, 19.052011, 15.416498, 47.80902, 15.326429, 9.396803, 0.14880952, 46.810345, 17.693867, 67.35644, 30.564957, 45.89263, 2.7135866, 0.763788, 16.582914, 2.508209, 24.770885, 43.333332, 14.979757, 27.12048, 10.914203, 66.71123, 71.34387, 5.186318, 28.495693, 6.4360647, 9.828967, 542.6357, 14.950875, 65.80804, 3.3776867, 5.028811, 16.238173, 580.38586, 19.79835, 14.189781, 13.253012, 3.9551897, 44.076527, 52.326687, 59.599785, 29.288939, 2.4752476, 12.253986, 3.6606226, 13.617563, 15.934862, 138.05556, 52.003983, 16.966904, 111.962364, 76.58553, 18.546904, 12.991911, 9.916299, 100.0, 77.61256, 58.06403, 18.946587, 83.63636, 21.13697, 100.0, 19.281105, 28.403862, 12.961592, 564.4737, 51.976616, 40.39248, 7.09561, 3.710575, 30.351267, 30.888096, 36.949642, 10.58692, 98.064514]

avd mean
45.691257

avd standard error
8.512302193444075

recall
[0.74358976, 0.6081081, 0.56666666, 0.71794873, 0.49122807, 0.72727275, 0.3939394, 0.6, 0.5555556, 0.5588235, 0.62068963, 0.21276596, 0.75, 0.20779221, 0.7777778, 0.71875, 0.32307693, 0.55263156, 0.53846157, 0.175, 0.5689655, 0.44444445, 0.8214286, 0.45, 0.3030303, 0.57894737, 0.75, 0.19607843, 0.71428573, 0.4871795, 0.6956522, 0.75, 0.85365856, 0.7093023, 0.53333336, 0.9285714, 0.2375, 0.6304348, 0.19512194, 0.3611111, 0.8181818, 0.5555556, 0.19642857, 0.4347826, 0.73333335, 0.6, 0.8, 0.3152174, 0.43421054, 0.63380283, 0.6666667, 0.41025642, 0.3888889, 0.5233645, 0.47826087, 0.41379312, 0.45833334, 0.171875, 0.24666667, 0.6666667, 0.35555556, 0.5797101, 0.50877196, 0.65, 0.625, 0.4597701, 0.5522388, 0.35897437, 0.47272727, 0.4875, 0.6545454, 0.8, 0.625, 0.7205882, 0.65217394, 0.6712329, 0.5322581, 0.875, 0.26229507, 0.62222224, 0.61616164, 0.5416667, 0.29447854, 0.27659574, 0.38636363, 0.75, 0.7368421, 0.5576923, 0.7837838, 0.19512194, 0.19587629, 0.42105263, 0.8181818, 0.4375, 0.8, 0.7627119, 0.6875, 0.6923077, 0.23809524, 0.5849057, 0.6296296, 0.26415095, 0.61538464, 0.39130434, 0.67741936, 0.0, 0.55, 0.36842105, 0.70212764, 0.8, 0.63380283, 0.0, 0.53333336, 0.53846157, 0.19090909, 1.0, 0.108843535, 0.265625, 0.4032258, 0.37037036, 0.29710144, 0.34375, 0.30337077, 0.37, 0.7307692]

recall mean
0.53110415

recall standard error
0.017869124004684583

f1
[0.65955937, 0.6999835, 0.59949625, 0.5519333, 0.34846738, 0.69043154, 0.45060658, 0.61935484, 0.65292096, 0.44705883, 0.67475194, 0.34511092, 0.5492958, 0.239293, 0.51141554, 0.7381473, 0.4063946, 0.39399624, 0.53483146, 0.22580644, 0.5539373, 0.42105263, 0.7471466, 0.5819861, 0.3305785, 0.50639385, 0.72727275, 0.2581625, 0.5882353, 0.5146727, 0.7482806, 0.53571427, 0.56, 0.7133239, 0.50739956, 0.49931413, 0.33862844, 0.72861415, 0.31445086, 0.4797048, 0.38297874, 0.5042017, 0.31189874, 0.5619147, 0.44380403, 0.5377358, 0.6356164, 0.4453752, 0.57297885, 0.75749606, 0.6769231, 0.5223563, 0.5121951, 0.6780697, 0.57814664, 0.54545456, 0.5567813, 0.24535316, 0.3803294, 0.519084, 0.39724138, 0.5755396, 0.5908643, 0.60401267, 0.51724136, 0.5502063, 0.5604774, 0.4471058, 0.51741296, 0.62151396, 0.67223585, 0.5714286, 0.32786885, 0.79330814, 0.52369076, 0.7159817, 0.597454, 0.2937063, 0.34408602, 0.6899384, 0.6079734, 0.5068226, 0.42237586, 0.2535461, 0.45576409, 0.6455696, 0.7120591, 0.5614296, 0.6796875, 0.3115693, 0.32255456, 0.5803109, 0.77005345, 0.5546751, 0.794702, 0.8194234, 0.7232341, 0.39130434, 0.36827195, 0.70822453, 0.4091456, 0.39716312, 0.6504065, 0.5270528, 0.71842104, 0.0, 0.4254835, 0.49753207, 0.6901486, 0.2857143, 0.6766917, 0.0, 0.61878455, 0.65927976, 0.2748553, 0.20512821, 0.19197047, 0.38413033, 0.44194457, 0.41666666, 0.44306585, 0.46604362, 0.43045038, 0.46182874, 0.52150047]

f1 mean
0.5224121

f1 standard error
0.0133622849543951

uncertainty thresholds
[0.0, 0.01, 0.02, 0.03, 0.04, 0.05, 0.06, 0.07, 0.08, 0.089999996, 0.1, 0.11, 0.12, 0.13, 0.14, 0.14999999, 0.16, 0.17, 0.17999999, 0.19, 0.2, 0.21, 0.22, 0.22999999, 0.24, 0.25, 0.26, 0.26999998, 0.28, 0.29, 0.29999998, 0.31, 0.32, 0.32999998, 0.34, 0.35, 0.35999998, 0.37, 0.38, 0.39, 0.4, 0.41, 0.42000002, 0.43, 0.44, 0.45000002, 0.46, 0.47, 0.48, 0.48999998, 0.5, 0.51, 0.52, 0.53, 0.53999996, 0.55, 0.56, 0.57, 0.58, 0.59, 0.6, 0.61, 0.62, 0.63, 0.64, 0.65, 0.66, 0.67, 0.68, 0.69]

mean coverage of areas missed by mean as tau increases
[0.8633561, 0.5409784, 0.4742834, 0.43495712, 0.40680242, 0.38326612, 0.36439452, 0.34861243, 0.33555102, 0.3238779, 0.31229547, 0.3028317, 0.29396448, 0.2864188, 0.2789615, 0.27240053, 0.26522303, 0.25818262, 0.25255802, 0.24688178, 0.2407108, 0.2354046, 0.23004827, 0.22582139, 0.22169183, 0.2172561, 0.21229513, 0.20801398, 0.20326874, 0.19884187, 0.19442292, 0.19142908, 0.18777959, 0.18308645, 0.17873605, 0.17486587, 0.17083311, 0.16687955, 0.16297975, 0.159411, 0.15474409, 0.15114607, 0.1470121, 0.14344133, 0.1389675, 0.13520028, 0.13121372, 0.1272121, 0.12273143, 0.11903893, 0.11558487, 0.111953326, 0.10776368, 0.1039783, 0.10033215, 0.096676424, 0.0921692, 0.0874879, 0.0829946, 0.077837475, 0.07288283, 0.06815538, 0.062687136, 0.05683088, 0.05113632, 0.044625092, 0.037579034, 0.029512303, 0.020127453, 0.0091301445]

mean size of entirely missed lesions
[nan, 6.955833, 7.5358872, 7.3727813, 7.418214, 7.490268, 7.4019513, 7.399684, 7.325062, 7.2700152, 7.2089195, 7.2101064, 7.2121124, 7.1730824, 7.1550345, 7.14229, 7.1448665, 7.124059, 7.111758, 7.1001377, 7.0853157, 7.069641, 7.0594597, 7.0716777, 7.0664167, 7.06017, 7.0569086, 7.0482087, 7.0625653, 7.0700703, 7.0738916, 7.081997, 7.075238, 7.0647316, 7.0763516, 7.0717936, 7.08115, 7.08557, 7.0904727, 7.094734, 7.085133, 7.085607, 7.0765777, 7.080637, 7.0687513, 7.058911, 7.0543075, 7.0454993, 7.042454, 7.0376987, 7.031448, 7.02846, 7.027145, 7.028772, 7.0463095, 7.058201, 7.055902, 7.0399237, 7.053571, 7.053618, 7.051337, 7.045005, 7.0378466, 7.0294943, 7.026586, 7.0246167, 7.0242887, 7.0292964, 7.0270705, 7.0287805]

mean coverage of lesions entirely missed by the mean segmentation
[1.0, 0.42957228, 0.33490264, 0.2835737, 0.25076482, 0.22303903, 0.20313296, 0.18680438, 0.17419012, 0.16317017, 0.15184611, 0.14331383, 0.13671486, 0.13022575, 0.123934545, 0.11851699, 0.11401813, 0.10916578, 0.1051704, 0.100793965, 0.09604041, 0.09237484, 0.08900518, 0.08602891, 0.084108695, 0.081587836, 0.07843476, 0.075417005, 0.07210254, 0.06946282, 0.067428775, 0.066372655, 0.06443671, 0.061658166, 0.060124364, 0.058478698, 0.056344263, 0.054406863, 0.053443365, 0.05221749, 0.049903587, 0.047625113, 0.04544011, 0.04396288, 0.04197564, 0.039945353, 0.038261745, 0.03653101, 0.03524381, 0.033791196, 0.032140367, 0.031098027, 0.02953884, 0.028117757, 0.026788382, 0.025555681, 0.023889136, 0.021519644, 0.020048363, 0.018722963, 0.017233705, 0.015694553, 0.014038782, 0.011834834, 0.010340662, 0.0082443375, 0.0068014865, 0.005746668, 0.0038545334, 0.0019632434]

total number of missing lesions
[0.0, 2083.0, 2480.0, 2704.0, 2855.0, 2980.0, 3075.0, 3165.0, 3224.0, 3285.0, 3341.0, 3384.0, 3418.0, 3455.0, 3496.0, 3528.0, 3555.0, 3587.0, 3606.0, 3635.0, 3657.0, 3676.0, 3700.0, 3725.0, 3734.0, 3756.0, 3778.0, 3796.0, 3820.0, 3839.0, 3857.0, 3866.0, 3881.0, 3893.0, 3903.0, 3914.0, 3931.0, 3950.0, 3957.0, 3969.0, 3982.0, 3995.0, 4009.0, 4018.0, 4029.0, 4040.0, 4051.0, 4066.0, 4075.0, 4085.0, 4102.0, 4111.0, 4126.0, 4136.0, 4146.0, 4158.0, 4168.0, 4183.0, 4200.0, 4215.0, 4227.0, 4244.0, 4254.0, 4272.0, 4288.0, 4306.0, 4323.0, 4335.0, 4359.0, 4378.0]

proportion of lesions entirely missed
[0.0, 0.22935477, 0.2730676, 0.2977318, 0.3143581, 0.32812157, 0.3385818, 0.34849152, 0.3549879, 0.36170447, 0.3678705, 0.37260514, 0.37634882, 0.3804228, 0.38493723, 0.3884607, 0.3914336, 0.39495707, 0.3970491, 0.40024224, 0.4026646, 0.40475667, 0.40739924, 0.41015196, 0.41114292, 0.4135653, 0.41598767, 0.4179696, 0.4206122, 0.42270425, 0.4246862, 0.42567715, 0.4273288, 0.42865008, 0.42975116, 0.43096235, 0.43283418, 0.43492624, 0.435697, 0.43701828, 0.43844968, 0.4398811, 0.44142258, 0.44241357, 0.44362476, 0.44483593, 0.44604713, 0.44769874, 0.44868973, 0.4497908, 0.45166263, 0.4526536, 0.45430523, 0.4554063, 0.45650738, 0.45782867, 0.45892975, 0.46058136, 0.46245322, 0.46410483, 0.46542612, 0.46729794, 0.46839902, 0.47038096, 0.4721427, 0.47412464, 0.47599646, 0.47731778, 0.47996035, 0.48205242]

num lesions:
9082

