begin results

reordered GED values
[0.6081084, 0.6779961, 0.47695243, 0.9513468, 1.0252308, 0.78740674, 0.98651797, 0.70480007, 0.6973227, 0.49937716, 0.52034354, 0.41253898, 0.8868744, 1.1570839, 1.204823, 0.93118054, 0.64727247, 1.2590964, 0.8810543, 1.039203, 0.8163058, 1.2538157, 1.0292978, 0.43090296, 0.8545512, 1.1630173, 1.0153922, 0.9685659, 1.1301455, 0.59991705, 0.44432184, 0.7856865, 0.7433191, 0.7928098, 0.9594224, 1.3651065, 0.96697146, 0.5931636, 0.64941376, 1.294288, 0.81203884, 1.4506245, 1.0192722, 0.58782285, 1.2389716, 0.86264074, 1.269366, 0.8247389, 0.67269135, 0.63150376, 0.7136746, 0.4510413, 0.34975806, 0.9169501, 0.60161597, 0.40039003, 1.1472151, 1.2511537, 0.59164536, 1.11782, 0.90203947, 0.75348306, 0.505362, 0.3868052, 0.75008696, 0.42714113, 0.8075062, 1.1981497, 0.9509226, 0.8089411, 0.5268393, 0.93019265, 1.3109041, 0.442998, 0.6254588, 1.074315, 0.79496723, 1.5093638, 0.9593399, 0.97518635, 0.81102425, 0.960529, 0.89588696, 1.6462833, 0.9455, 0.86401206, 0.7477102, 0.48538342, 0.9287596, 1.2816613, 1.2228974, 0.7529188, 0.95846045, 0.48260882, 0.5216175, 0.5663521, 0.66538274, 1.2873315, 1.2442753, 0.7975841, 1.137736, 1.4831514, 0.75067925, 0.6255119, 0.44036433, 1.1831572, 1.198171, 0.564055, 1.2462608, 0.9525777, 0.562804, 0.61433464, 0.71129656, 1.5962088, 1.1796417, 1.218315, 1.2275656, 1.1736275, 0.8931716, 1.078584, 0.95174134, 0.86998856, 1.2419238]

reordered GED mean
0.8839751

reordered GED standard error
0.026671100303372317

best dice mean
0.65024817

best dice st_err
0.015625752928421204

reordered best dice mean
0.6567225

reordered best dice st_err
0.01531730293765231

best avd mean
41.04135

best avd st_err
7.304596999647638

reordered best avd mean
32.066402

reordered best avd st_err
6.0598097288284585

bras score
0.745188138137261

sUEO mean
0.12404188

sUEO standard error
0.006431801948012768

best tau for max UEO
0.44

max UEO
0.41012326

UEO per tau
[0.0036544956, 0.0056343353, 0.0065185395, 0.0073661082, 0.008212517, 0.009064677, 0.0099534355, 0.010912921, 0.011977714, 0.013183954, 0.014546797, 0.016087512, 0.017807392, 0.019720772, 0.021912597, 0.024469318, 0.02751294, 0.031190364, 0.035640538, 0.040825557, 0.046897206, 0.054046832, 0.06251476, 0.07257912, 0.084588915, 0.09939888, 0.11757617, 0.139306, 0.16441336, 0.19285753, 0.2248096, 0.25753918, 0.2880016, 0.3173869, 0.3437926, 0.364856, 0.38157454, 0.3926008, 0.39946264, 0.40396795, 0.40667206, 0.4083903, 0.40941578, 0.409955, 0.41012326, 0.40989405, 0.40884376, 0.40774417, 0.4062946, 0.40425095, 0.4021695, 0.39948848, 0.3964774, 0.39285997, 0.3889257, 0.3842342, 0.37912548, 0.37306914, 0.36681372, 0.3598815, 0.3516401, 0.3423319, 0.33165509, 0.31918937, 0.30414712, 0.28656852, 0.26497304, 0.2362846, 0.1945026, 0.10969603]

UEO tau AUC
0.22150136530399323

mean_conf calibration curve data: 

mean_conf bin_accuracies: 
[0.0005185781046748161, 0.004033708944916725, 0.21752390265464783, 0.299725741147995, 0.359902948141098, 0.4245270788669586, 0.48237231373786926, 0.5690266489982605, 0.707538366317749, 0.8712876439094543, 0.9275411367416382]

mean_conf bin_confidences: 
[0.009313142858445644, 0.06700094789266586, 0.19253019988536835, 0.296563982963562, 0.39834511280059814, 0.4997413158416748, 0.6009750962257385, 0.7030967473983765, 0.805840253829956, 0.9080063104629517, 0.9743643999099731]

mean_conf EXPECTED CALIBRATION ERROR
0.062330663

dice
[0.7932729, 0.7652601, 0.8509712, 0.6366958, 0.5885989, 0.7244469, 0.6188198, 0.7605568, 0.7532761, 0.83559024, 0.8283944, 0.8764059, 0.65466815, 0.5260108, 0.28325292, 0.6654861, 0.78411067, 0.45502183, 0.67368793, 0.5978022, 0.7111611, 0.44449005, 0.59095126, 0.8667327, 0.66090536, 0.48594296, 0.5976505, 0.62474644, 0.5375154, 0.7864644, 0.85902005, 0.70829266, 0.73174316, 0.71203715, 0.6360577, 0.40160242, 0.63167083, 0.805838, 0.78434426, 0.45740598, 0.69315475, 0.3448866, 0.6036707, 0.8058672, 0.4770291, 0.6825756, 0.44427404, 0.7084699, 0.76806176, 0.78685504, 0.7306122, 0.8577116, 0.8955994, 0.66301715, 0.8077116, 0.87860256, 0.5416357, 0.4768336, 0.8112396, 0.56540245, 0.66757, 0.7350868, 0.8364527, 0.8776782, 0.7258314, 0.8654247, 0.7118046, 0.49822694, 0.64092904, 0.71142846, 0.8231424, 0.639599, 0.4355426, 0.8573264, 0.7790023, 0.5188848, 0.7142532, 0.24843423, 0.6462639, 0.64363176, 0.70216405, 0.6182933, 0.6739481, 0.13761845, 0.6439471, 0.6782988, 0.7384513, 0.847172, 0.63129336, 0.45401928, 0.49614793, 0.7434711, 0.6315789, 0.83985, 0.8245339, 0.8130192, 0.7606652, 0.46179128, 0.4962153, 0.7203021, 0.52075255, 0.32472223, 0.72613615, 0.7967359, 0.86366385, 0.0, 0.507365, 0.494758, 0.8151931, 0.45, 0.63950515, 0.0, 0.82068545, 0.80355453, 0.76336485, 0.16179001, 0.5442919, 0.5008197, 0.49002492, 0.5217391, 0.6723205, 0.59765035, 0.65534806, 0.69432807, 0.47943723]

dice mean
0.6551511

dice standard error
0.014264104211518542

hd95
[2.236068, 3.6055512, 1.7320508, 10.086917, 13.135816, 2.236068, 34.1454, 3.1622777, 3.6055512, 2.236068, 3.0, 3.0, 5.477226, 10.34408, 24.073843, 13.152946, 3.0, 10.478274, 5.0990195, 13.616155, 6.78233, 12.391513, 5.3851647, 3.6055512, 3.3756156, 8.602325, 2.2467391, 4.472136, 9.57774, 2.236068, 1.4142135, 5.0544605, 3.6055512, 3.0, 8.306623, 14.0, 11.18034, 2.236068, 6.3245554, 10.770329, 6.4031243, 15.786065, 5.0, 2.236068, 12.32069, 2.236068, 14.3178215, 3.1622777, 3.0, 5.91608, 7.615773, 2.236068, 1.7320508, 4.2426405, 2.0, 1.7320508, 7.28011, 7.838941, 5.0990195, 12.144905, 3.1622777, 2.1298373, 2.236068, 1.4142135, 2.236068, 3.6055512, 7.6811457, 6.0827627, 5.8309517, 4.582576, 2.236068, 7.61549, 16.309507, 2.0, 4.8761663, 11.373195, 8.360602, 41.009144, 6.708204, 5.7445626, 7.0, 10.742375, 7.3484693, 16.763054, 5.91608, 2.4494898, 2.4494898, 1.4142135, 7.8740077, 14.337005, 11.78975, 5.3897676, 4.2426405, 4.1231055, 2.236068, 1.4142135, 8.062258, 23.259407, 7.28011, 2.0, 7.0, 7.28011, 5.034657, 3.6055512, 1.4142135, nan, 10.965314, 6.0827627, 1.4142135, 17.264074, 5.7445626, nan, 5.91608, 4.1231055, 10.29563, 76.414, 8.797683, 8.0, 8.124039, 6.053796, 9.939798, 7.071068, 6.708204, 5.328461, 9.876708]

hd95 mean
7.626262

hd95 standard error
0.7800716366487214

avd
[7.948223, 19.889957, 16.098267, 12.956698, 18.673342, 0.109769486, 13.265306, 10.549451, 12.933221, 5.1950154, 4.6123652, 13.859932, 33.333332, 90.696785, 380.4, 24.354391, 2.8232715, 78.92814, 20.216467, 8.286517, 4.51505, 12.79476, 47.274815, 0.5001287, 10.894941, 61.989246, 17.92, 30.642391, 15.079365, 1.2327561, 0.8274628, 29.477612, 34.66604, 29.322792, 55.68531, 271.54663, 5.387042, 3.1277368, 7.112628, 10.058309, 44.859665, 101.93799, 46.926285, 19.22746, 42.976746, 1.4297385, 62.72666, 37.98184, 26.48074, 11.791907, 6.925676, 19.052011, 15.416498, 47.80902, 15.326429, 9.396803, 0.14880952, 46.810345, 17.693867, 67.35644, 30.564957, 45.89263, 2.7135866, 0.763788, 16.582914, 2.508209, 24.770885, 43.333332, 14.979757, 27.12048, 10.914203, 66.71123, 71.34387, 5.186318, 28.495693, 6.4360647, 9.828967, 542.6357, 14.950875, 65.80804, 3.3776867, 5.028811, 16.238173, 580.38586, 19.79835, 14.189781, 13.253012, 3.9551897, 44.076527, 52.326687, 59.599785, 29.288939, 2.4752476, 12.253986, 3.6606226, 13.617563, 15.934862, 138.05556, 52.003983, 16.966904, 111.962364, 76.58553, 18.546904, 12.991911, 9.916299, 100.0, 77.61256, 58.06403, 18.946587, 83.63636, 21.13697, 100.0, 19.281105, 28.403862, 12.961592, 564.4737, 51.976616, 40.39248, 7.09561, 3.710575, 30.351267, 30.888096, 36.949642, 10.58692, 98.064514]

avd mean
45.691257

avd standard error
8.512302193444075

recall
[0.74358976, 0.6081081, 0.56666666, 0.71794873, 0.49122807, 0.72727275, 0.3939394, 0.6, 0.5555556, 0.5588235, 0.62068963, 0.21276596, 0.75, 0.20779221, 0.7777778, 0.71875, 0.32307693, 0.55263156, 0.53846157, 0.175, 0.5689655, 0.44444445, 0.8214286, 0.45, 0.3030303, 0.57894737, 0.75, 0.19607843, 0.71428573, 0.4871795, 0.6956522, 0.75, 0.85365856, 0.7093023, 0.53333336, 0.9285714, 0.2375, 0.6304348, 0.19512194, 0.3611111, 0.8181818, 0.5555556, 0.19642857, 0.4347826, 0.73333335, 0.6, 0.8, 0.3152174, 0.43421054, 0.63380283, 0.6666667, 0.41025642, 0.3888889, 0.5233645, 0.47826087, 0.41379312, 0.45833334, 0.171875, 0.24666667, 0.6666667, 0.35555556, 0.5797101, 0.50877196, 0.65, 0.625, 0.4597701, 0.5522388, 0.35897437, 0.47272727, 0.4875, 0.6545454, 0.8, 0.625, 0.7205882, 0.65217394, 0.6712329, 0.5322581, 0.875, 0.26229507, 0.62222224, 0.61616164, 0.5416667, 0.29447854, 0.27659574, 0.38636363, 0.75, 0.7368421, 0.5576923, 0.7837838, 0.19512194, 0.19587629, 0.42105263, 0.8181818, 0.4375, 0.8, 0.7627119, 0.6875, 0.6923077, 0.23809524, 0.5849057, 0.6296296, 0.26415095, 0.61538464, 0.39130434, 0.67741936, 0.0, 0.55, 0.36842105, 0.70212764, 0.8, 0.63380283, 0.0, 0.53333336, 0.53846157, 0.19090909, 1.0, 0.108843535, 0.265625, 0.4032258, 0.37037036, 0.29710144, 0.34375, 0.30337077, 0.37, 0.7307692]

recall mean
0.53110415

recall standard error
0.017869124004684583

f1
[0.65955937, 0.6999835, 0.59949625, 0.5519333, 0.34846738, 0.69043154, 0.45060658, 0.61935484, 0.65292096, 0.44705883, 0.67475194, 0.34511092, 0.5492958, 0.239293, 0.51141554, 0.7381473, 0.4063946, 0.39399624, 0.53483146, 0.22580644, 0.5539373, 0.42105263, 0.7471466, 0.5819861, 0.3305785, 0.50639385, 0.72727275, 0.2581625, 0.5882353, 0.5146727, 0.7482806, 0.53571427, 0.56, 0.7133239, 0.50739956, 0.49931413, 0.33862844, 0.72861415, 0.31445086, 0.4797048, 0.38297874, 0.5042017, 0.31189874, 0.5619147, 0.44380403, 0.5377358, 0.6356164, 0.4453752, 0.57297885, 0.75749606, 0.6769231, 0.5223563, 0.5121951, 0.6780697, 0.57814664, 0.54545456, 0.5567813, 0.24535316, 0.3803294, 0.519084, 0.39724138, 0.5755396, 0.5908643, 0.60401267, 0.51724136, 0.5502063, 0.5604774, 0.4471058, 0.51741296, 0.62151396, 0.67223585, 0.5714286, 0.32786885, 0.79330814, 0.52369076, 0.7159817, 0.597454, 0.2937063, 0.34408602, 0.6899384, 0.6079734, 0.5068226, 0.42237586, 0.2535461, 0.45576409, 0.6455696, 0.7120591, 0.5614296, 0.6796875, 0.3115693, 0.32255456, 0.5803109, 0.77005345, 0.5546751, 0.794702, 0.8194234, 0.7232341, 0.39130434, 0.36827195, 0.70822453, 0.4091456, 0.39716312, 0.6504065, 0.5270528, 0.71842104, 0.0, 0.4254835, 0.49753207, 0.6901486, 0.2857143, 0.6766917, 0.0, 0.61878455, 0.65927976, 0.2748553, 0.20512821, 0.19197047, 0.38413033, 0.44194457, 0.41666666, 0.44306585, 0.46604362, 0.43045038, 0.46182874, 0.52150047]

f1 mean
0.5224121

f1 standard error
0.0133622849543951

uncertainty thresholds
[0.0, 0.01, 0.02, 0.03, 0.04, 0.05, 0.06, 0.07, 0.08, 0.089999996, 0.1, 0.11, 0.12, 0.13, 0.14, 0.14999999, 0.16, 0.17, 0.17999999, 0.19, 0.2, 0.21, 0.22, 0.22999999, 0.24, 0.25, 0.26, 0.26999998, 0.28, 0.29, 0.29999998, 0.31, 0.32, 0.32999998, 0.34, 0.35, 0.35999998, 0.37, 0.38, 0.39, 0.4, 0.41, 0.42000002, 0.43, 0.44, 0.45000002, 0.46, 0.47, 0.48, 0.48999998, 0.5, 0.51, 0.52, 0.53, 0.53999996, 0.55, 0.56, 0.57, 0.58, 0.59, 0.6, 0.61, 0.62, 0.63, 0.64, 0.65, 0.66, 0.67, 0.68, 0.69]

mean coverage of areas missed by mean as tau increases
[0.8633561, 0.8235288, 0.79756755, 0.77677447, 0.758681, 0.7394682, 0.7195239, 0.701772, 0.683391, 0.6653198, 0.64917684, 0.63413817, 0.6181901, 0.6005108, 0.58649355, 0.5722199, 0.55849695, 0.5438927, 0.5305213, 0.5169284, 0.5030671, 0.49157426, 0.4813866, 0.46936038, 0.45817748, 0.44763795, 0.43568376, 0.4256319, 0.41431528, 0.40417445, 0.39355657, 0.38417572, 0.37481865, 0.366164, 0.3569247, 0.34744406, 0.33886984, 0.33029872, 0.32151437, 0.31319773, 0.30435532, 0.2966823, 0.2882236, 0.2803735, 0.27250654, 0.26531988, 0.25771132, 0.25083488, 0.24277228, 0.23456584, 0.22817014, 0.22005937, 0.21276087, 0.2041554, 0.19701374, 0.18971406, 0.18141636, 0.17251007, 0.16336101, 0.15478227, 0.1462172, 0.1371418, 0.12731667, 0.116354704, 0.104308866, 0.09311746, 0.079909526, 0.06511199, 0.04571519, 0.017967261]

mean size of entirely missed lesions
[nan, 4.847015, 5.167053, 5.1324043, 5.2383723, 5.568603, 6.205538, 6.4837475, 6.2214594, 7.020265, 7.1399856, 7.6285906, 7.3716426, 7.2054243, 7.090458, 7.487085, 7.5163727, 7.4198656, 7.851389, 7.764155, 7.798446, 7.720872, 7.650143, 7.530255, 7.4617476, 7.392127, 7.291298, 7.2700253, 7.305457, 7.6198263, 7.5633755, 7.514795, 7.5, 7.458048, 7.4683585, 7.42062, 7.375975, 7.356637, 7.3107123, 7.2812123, 7.233797, 7.2142024, 7.2156863, 7.216619, 7.1825376, 7.168439, 7.166066, 7.142189, 7.121014, 7.10559, 7.122383, 7.0991206, 7.0926857, 7.0789337, 7.0719852, 7.086216, 7.074084, 7.0845, 7.089367, 7.074428, 7.0868263, 7.0993047, 7.0988445, 7.0760236, 7.0578313, 7.0402203, 7.043818, 7.03345, 7.0220213, 7.023815]

mean coverage of lesions entirely missed by the mean segmentation
[1.0, 0.92013925, 0.8693922, 0.82938665, 0.7956178, 0.76007444, 0.7234563, 0.691586, 0.6590073, 0.6283859, 0.6011011, 0.5765043, 0.55135363, 0.5218606, 0.5001498, 0.4784848, 0.45757082, 0.43518218, 0.4162316, 0.39597735, 0.376108, 0.36032325, 0.346674, 0.3286763, 0.31314954, 0.30012926, 0.2846696, 0.27365166, 0.260195, 0.24833168, 0.23645052, 0.2261621, 0.21630551, 0.20720072, 0.19729055, 0.18774639, 0.17916302, 0.1709019, 0.16265212, 0.15432118, 0.14510249, 0.13810752, 0.12954694, 0.12457105, 0.11774095, 0.111971445, 0.107002966, 0.10289638, 0.09737907, 0.09144339, 0.08802897, 0.08288953, 0.07798118, 0.07223378, 0.06904733, 0.065624215, 0.062015604, 0.057283554, 0.052719202, 0.0482654, 0.04504547, 0.042093854, 0.03771225, 0.033154897, 0.027147258, 0.023022337, 0.018501047, 0.012274202, 0.0076328893, 0.003075642]

total number of missing lesions
[0.0, 268.0, 431.0, 574.0, 688.0, 809.0, 939.0, 1046.0, 1165.0, 1283.0, 1393.0, 1497.0, 1601.0, 1733.0, 1813.0, 1897.0, 1985.0, 2084.0, 2160.0, 2243.0, 2317.0, 2386.0, 2441.0, 2512.0, 2575.0, 2642.0, 2712.0, 2759.0, 2822.0, 2875.0, 2927.0, 2974.0, 3022.0, 3063.0, 3113.0, 3162.0, 3205.0, 3247.0, 3286.0, 3332.0, 3379.0, 3422.0, 3468.0, 3490.0, 3539.0, 3574.0, 3607.0, 3636.0, 3669.0, 3703.0, 3726.0, 3753.0, 3787.0, 3826.0, 3848.0, 3874.0, 3901.0, 3929.0, 3950.0, 3977.0, 4008.0, 4028.0, 4067.0, 4104.0, 4150.0, 4177.0, 4222.0, 4275.0, 4314.0, 4367.0]

proportion of lesions entirely missed
[0.0, 0.029508919, 0.047456507, 0.06320194, 0.07575424, 0.089077294, 0.10339133, 0.11517287, 0.1282757, 0.14126845, 0.15338032, 0.16483153, 0.17628276, 0.190817, 0.19962563, 0.2088747, 0.2185642, 0.22946487, 0.23783308, 0.24697204, 0.25512, 0.26271746, 0.2687734, 0.27659106, 0.28352785, 0.2909051, 0.29861265, 0.3037877, 0.3107245, 0.31656024, 0.32228583, 0.3274609, 0.3327461, 0.3372605, 0.3427659, 0.3481612, 0.35289583, 0.35752037, 0.3618146, 0.36687955, 0.3720546, 0.37678924, 0.3818542, 0.3842766, 0.3896719, 0.39352566, 0.39715922, 0.40035236, 0.40398592, 0.40772957, 0.41026205, 0.41323498, 0.41697863, 0.42127284, 0.4236952, 0.42655802, 0.42953095, 0.43261397, 0.43492624, 0.43789914, 0.4413125, 0.44351465, 0.44780886, 0.45188284, 0.4569478, 0.45992073, 0.46487558, 0.4707113, 0.4750055, 0.48084122]

num lesions:
9082

