begin results

reordered GED values
[0.61776984, 0.6878702, 0.4753869, 0.94312394, 1.032737, 0.7873783, 0.9828741, 0.70669633, 0.694966, 0.49769816, 0.51573265, 0.4115783, 0.8913731, 1.1918082, 1.211542, 0.9324421, 0.6437611, 1.2544612, 0.87618786, 1.0409998, 0.81605095, 1.2624503, 1.0240489, 0.43036035, 0.88040364, 1.1658205, 1.0021585, 0.97339267, 1.126219, 0.6067924, 0.4445188, 0.7922824, 0.73544574, 0.788676, 0.95432955, 1.3459677, 0.96465683, 0.59165335, 0.6508918, 1.2993515, 0.8209641, 1.4232383, 1.0200233, 0.59642893, 1.2365677, 0.86289513, 1.2585067, 0.81990504, 0.6661057, 0.62957084, 0.72667015, 0.45855206, 0.35062474, 0.9202869, 0.60295343, 0.3975538, 1.142946, 1.2434298, 0.5913775, 1.1171154, 0.89772254, 0.75346875, 0.50973445, 0.38760203, 0.75379026, 0.42837167, 0.8031929, 1.191367, 0.9497514, 0.8219141, 0.51821524, 0.9263139, 1.2994863, 0.44765463, 0.6250024, 1.0784706, 0.7979616, 1.5077659, 0.95488393, 0.971962, 0.8086617, 0.96216357, 0.9028302, 1.660663, 0.94590056, 0.8788264, 0.7438526, 0.4838497, 0.91163963, 1.2754357, 1.2249175, 0.7586081, 0.9605889, 0.4910315, 0.525243, 0.56640786, 0.6772673, 1.2853326, 1.2232206, 0.798222, 1.1303918, 1.493039, 0.76363486, 0.62516326, 0.43910226, 1.1675453, 1.1973115, 0.5678775, 1.2493122, 0.9542055, 0.56231135, 0.6155981, 0.7117469, 1.5939401, 1.1858522, 1.2367396, 1.2368248, 1.1626368, 0.8897028, 1.0802866, 0.9593352, 0.86752933, 1.2482426]

reordered GED mean
0.88443255

reordered GED standard error
0.02658318098735752

best dice mean
0.6502191

best dice st_err
0.015589422123001125

reordered best dice mean
0.65646213

reordered best dice st_err
0.015289426085010379

best avd mean
40.84256

best avd st_err
7.339156833241533

reordered best avd mean
31.917885

reordered best avd st_err
6.028863852756791

bras score
0.8030278751005728

sUEO mean
0.29791152

sUEO standard error
0.008439175432677238

best tau for max UEO
0.28

max UEO
0.41033494

UEO per tau
[0.0036544956, 0.010166463, 0.014005658, 0.01837382, 0.023627317, 0.03031562, 0.039238036, 0.05050503, 0.064653635, 0.082391374, 0.10506743, 0.13408239, 0.16816714, 0.20642748, 0.24780692, 0.28647852, 0.3186077, 0.34769803, 0.36963972, 0.38528135, 0.39497277, 0.400686, 0.40430146, 0.40670767, 0.4081461, 0.40902576, 0.40955082, 0.41004306, 0.41033494, 0.40995324, 0.4092102, 0.40852025, 0.4075331, 0.4065801, 0.405314, 0.40382695, 0.40211877, 0.40003335, 0.39790404, 0.3956301, 0.39332256, 0.39080977, 0.38792333, 0.38511324, 0.38168535, 0.37853956, 0.37512463, 0.37150773, 0.36771652, 0.3640542, 0.35955736, 0.35506, 0.35037753, 0.3450912, 0.33989894, 0.33420208, 0.3278785, 0.32100627, 0.31342834, 0.30553138, 0.29660472, 0.28690702, 0.2759092, 0.26397488, 0.2494132, 0.23277228, 0.21315409, 0.18764901, 0.15037577, 0.08090572]

UEO tau AUC
0.29358553886413574

mean_conf calibration curve data: 

mean_conf bin_accuracies: 
[0.000708195089828223, 0.17985665798187256, 0.28111204504966736, 0.3359970450401306, 0.3794774115085602, 0.42283937335014343, 0.4601592421531677, 0.5139152407646179, 0.591357946395874, 0.749169647693634, 0.9065493941307068]

mean_conf bin_confidences: 
[0.002836605766788125, 0.08472232520580292, 0.1951744258403778, 0.297521710395813, 0.39879629015922546, 0.4998110830783844, 0.6004997491836548, 0.7017056345939636, 0.8046169281005859, 0.9113134145736694, 0.9831980466842651]

mean_conf EXPECTED CALIBRATION ERROR
0.101739906

dice
[0.7932729, 0.7652601, 0.8509712, 0.6366958, 0.5885989, 0.7244469, 0.6188198, 0.7605568, 0.7532761, 0.83559024, 0.8283944, 0.8764059, 0.65466815, 0.5260108, 0.28325292, 0.6654861, 0.78411067, 0.45502183, 0.67368793, 0.5978022, 0.7111611, 0.44449005, 0.59095126, 0.8667327, 0.66090536, 0.48594296, 0.5976505, 0.62474644, 0.5375154, 0.7864644, 0.85902005, 0.70829266, 0.73174316, 0.71203715, 0.6360577, 0.40160242, 0.63167083, 0.805838, 0.78434426, 0.45740598, 0.69315475, 0.3448866, 0.6036707, 0.8058672, 0.4770291, 0.6825756, 0.44427404, 0.7084699, 0.76806176, 0.78685504, 0.7306122, 0.8577116, 0.8955994, 0.66301715, 0.8077116, 0.87860256, 0.5416357, 0.4768336, 0.8112396, 0.56540245, 0.66757, 0.7350868, 0.8364527, 0.8776782, 0.7258314, 0.8654247, 0.7118046, 0.49822694, 0.64092904, 0.71142846, 0.8231424, 0.639599, 0.4355426, 0.8573264, 0.7790023, 0.5188848, 0.7142532, 0.24843423, 0.6462639, 0.64363176, 0.70216405, 0.6182933, 0.6739481, 0.13761845, 0.6439471, 0.6782988, 0.7384513, 0.847172, 0.63129336, 0.45401928, 0.49614793, 0.7434711, 0.6315789, 0.83985, 0.8245339, 0.8130192, 0.7606652, 0.46179128, 0.4962153, 0.7203021, 0.52075255, 0.32472223, 0.72613615, 0.7967359, 0.86366385, 0.0, 0.507365, 0.494758, 0.8151931, 0.45, 0.63950515, 0.0, 0.82068545, 0.80355453, 0.76336485, 0.16179001, 0.5442919, 0.5008197, 0.49002492, 0.5217391, 0.6723205, 0.59765035, 0.65534806, 0.69432807, 0.47943723]

dice mean
0.6551511

dice standard error
0.014264104211518542

hd95
[2.236068, 3.6055512, 1.7320508, 10.086917, 13.135816, 2.236068, 34.1454, 3.1622777, 3.6055512, 2.236068, 3.0, 3.0, 5.477226, 10.34408, 24.073843, 13.152946, 3.0, 10.478274, 5.0990195, 13.616155, 6.78233, 12.391513, 5.3851647, 3.6055512, 3.3756156, 8.602325, 2.2467391, 4.472136, 9.57774, 2.236068, 1.4142135, 5.0544605, 3.6055512, 3.0, 8.306623, 14.0, 11.18034, 2.236068, 6.3245554, 10.770329, 6.4031243, 15.786065, 5.0, 2.236068, 12.32069, 2.236068, 14.3178215, 3.1622777, 3.0, 5.91608, 7.615773, 2.236068, 1.7320508, 4.2426405, 2.0, 1.7320508, 7.28011, 7.838941, 5.0990195, 12.144905, 3.1622777, 2.1298373, 2.236068, 1.4142135, 2.236068, 3.6055512, 7.6811457, 6.0827627, 5.8309517, 4.582576, 2.236068, 7.61549, 16.309507, 2.0, 4.8761663, 11.373195, 8.360602, 41.009144, 6.708204, 5.7445626, 7.0, 10.742375, 7.3484693, 16.763054, 5.91608, 2.4494898, 2.4494898, 1.4142135, 7.8740077, 14.337005, 11.78975, 5.3897676, 4.2426405, 4.1231055, 2.236068, 1.4142135, 8.062258, 23.259407, 7.28011, 2.0, 7.0, 7.28011, 5.034657, 3.6055512, 1.4142135, nan, 10.965314, 6.0827627, 1.4142135, 17.264074, 5.7445626, nan, 5.91608, 4.1231055, 10.29563, 76.414, 8.797683, 8.0, 8.124039, 6.053796, 9.939798, 7.071068, 6.708204, 5.328461, 9.876708]

hd95 mean
7.626262

hd95 standard error
0.7800716366487214

avd
[7.948223, 19.889957, 16.098267, 12.956698, 18.673342, 0.109769486, 13.265306, 10.549451, 12.933221, 5.1950154, 4.6123652, 13.859932, 33.333332, 90.696785, 380.4, 24.354391, 2.8232715, 78.92814, 20.216467, 8.286517, 4.51505, 12.79476, 47.274815, 0.5001287, 10.894941, 61.989246, 17.92, 30.642391, 15.079365, 1.2327561, 0.8274628, 29.477612, 34.66604, 29.322792, 55.68531, 271.54663, 5.387042, 3.1277368, 7.112628, 10.058309, 44.859665, 101.93799, 46.926285, 19.22746, 42.976746, 1.4297385, 62.72666, 37.98184, 26.48074, 11.791907, 6.925676, 19.052011, 15.416498, 47.80902, 15.326429, 9.396803, 0.14880952, 46.810345, 17.693867, 67.35644, 30.564957, 45.89263, 2.7135866, 0.763788, 16.582914, 2.508209, 24.770885, 43.333332, 14.979757, 27.12048, 10.914203, 66.71123, 71.34387, 5.186318, 28.495693, 6.4360647, 9.828967, 542.6357, 14.950875, 65.80804, 3.3776867, 5.028811, 16.238173, 580.38586, 19.79835, 14.189781, 13.253012, 3.9551897, 44.076527, 52.326687, 59.599785, 29.288939, 2.4752476, 12.253986, 3.6606226, 13.617563, 15.934862, 138.05556, 52.003983, 16.966904, 111.962364, 76.58553, 18.546904, 12.991911, 9.916299, 100.0, 77.61256, 58.06403, 18.946587, 83.63636, 21.13697, 100.0, 19.281105, 28.403862, 12.961592, 564.4737, 51.976616, 40.39248, 7.09561, 3.710575, 30.351267, 30.888096, 36.949642, 10.58692, 98.064514]

avd mean
45.691257

avd standard error
8.512302193444075

recall
[0.74358976, 0.6081081, 0.56666666, 0.71794873, 0.49122807, 0.72727275, 0.3939394, 0.6, 0.5555556, 0.5588235, 0.62068963, 0.21276596, 0.75, 0.20779221, 0.7777778, 0.71875, 0.32307693, 0.55263156, 0.53846157, 0.175, 0.5689655, 0.44444445, 0.8214286, 0.45, 0.3030303, 0.57894737, 0.75, 0.19607843, 0.71428573, 0.4871795, 0.6956522, 0.75, 0.85365856, 0.7093023, 0.53333336, 0.9285714, 0.2375, 0.6304348, 0.19512194, 0.3611111, 0.8181818, 0.5555556, 0.19642857, 0.4347826, 0.73333335, 0.6, 0.8, 0.3152174, 0.43421054, 0.63380283, 0.6666667, 0.41025642, 0.3888889, 0.5233645, 0.47826087, 0.41379312, 0.45833334, 0.171875, 0.24666667, 0.6666667, 0.35555556, 0.5797101, 0.50877196, 0.65, 0.625, 0.4597701, 0.5522388, 0.35897437, 0.47272727, 0.4875, 0.6545454, 0.8, 0.625, 0.7205882, 0.65217394, 0.6712329, 0.5322581, 0.875, 0.26229507, 0.62222224, 0.61616164, 0.5416667, 0.29447854, 0.27659574, 0.38636363, 0.75, 0.7368421, 0.5576923, 0.7837838, 0.19512194, 0.19587629, 0.42105263, 0.8181818, 0.4375, 0.8, 0.7627119, 0.6875, 0.6923077, 0.23809524, 0.5849057, 0.6296296, 0.26415095, 0.61538464, 0.39130434, 0.67741936, 0.0, 0.55, 0.36842105, 0.70212764, 0.8, 0.63380283, 0.0, 0.53333336, 0.53846157, 0.19090909, 1.0, 0.108843535, 0.265625, 0.4032258, 0.37037036, 0.29710144, 0.34375, 0.30337077, 0.37, 0.7307692]

recall mean
0.53110415

recall standard error
0.017869124004684583

f1
[0.65955937, 0.6999835, 0.59949625, 0.5519333, 0.34846738, 0.69043154, 0.45060658, 0.61935484, 0.65292096, 0.44705883, 0.67475194, 0.34511092, 0.5492958, 0.239293, 0.51141554, 0.7381473, 0.4063946, 0.39399624, 0.53483146, 0.22580644, 0.5539373, 0.42105263, 0.7471466, 0.5819861, 0.3305785, 0.50639385, 0.72727275, 0.2581625, 0.5882353, 0.5146727, 0.7482806, 0.53571427, 0.56, 0.7133239, 0.50739956, 0.49931413, 0.33862844, 0.72861415, 0.31445086, 0.4797048, 0.38297874, 0.5042017, 0.31189874, 0.5619147, 0.44380403, 0.5377358, 0.6356164, 0.4453752, 0.57297885, 0.75749606, 0.6769231, 0.5223563, 0.5121951, 0.6780697, 0.57814664, 0.54545456, 0.5567813, 0.24535316, 0.3803294, 0.519084, 0.39724138, 0.5755396, 0.5908643, 0.60401267, 0.51724136, 0.5502063, 0.5604774, 0.4471058, 0.51741296, 0.62151396, 0.67223585, 0.5714286, 0.32786885, 0.79330814, 0.52369076, 0.7159817, 0.597454, 0.2937063, 0.34408602, 0.6899384, 0.6079734, 0.5068226, 0.42237586, 0.2535461, 0.45576409, 0.6455696, 0.7120591, 0.5614296, 0.6796875, 0.3115693, 0.32255456, 0.5803109, 0.77005345, 0.5546751, 0.794702, 0.8194234, 0.7232341, 0.39130434, 0.36827195, 0.70822453, 0.4091456, 0.39716312, 0.6504065, 0.5270528, 0.71842104, 0.0, 0.4254835, 0.49753207, 0.6901486, 0.2857143, 0.6766917, 0.0, 0.61878455, 0.65927976, 0.2748553, 0.20512821, 0.19197047, 0.38413033, 0.44194457, 0.41666666, 0.44306585, 0.46604362, 0.43045038, 0.46182874, 0.52150047]

f1 mean
0.5224121

f1 standard error
0.0133622849543951

uncertainty thresholds
[0.0, 0.01, 0.02, 0.03, 0.04, 0.05, 0.06, 0.07, 0.08, 0.089999996, 0.1, 0.11, 0.12, 0.13, 0.14, 0.14999999, 0.16, 0.17, 0.17999999, 0.19, 0.2, 0.21, 0.22, 0.22999999, 0.24, 0.25, 0.26, 0.26999998, 0.28, 0.29, 0.29999998, 0.31, 0.32, 0.32999998, 0.34, 0.35, 0.35999998, 0.37, 0.38, 0.39, 0.4, 0.41, 0.42000002, 0.43, 0.44, 0.45000002, 0.46, 0.47, 0.48, 0.48999998, 0.5, 0.51, 0.52, 0.53, 0.53999996, 0.55, 0.56, 0.57, 0.58, 0.59, 0.6, 0.61, 0.62, 0.63, 0.64, 0.65, 0.66, 0.67, 0.68, 0.69]

mean coverage of areas missed by mean as tau increases
[0.8633561, 0.71535283, 0.65569234, 0.61306536, 0.5764436, 0.5453876, 0.5182769, 0.49607936, 0.47731727, 0.45970684, 0.44440284, 0.4291498, 0.41571867, 0.40327394, 0.39146614, 0.38121068, 0.37122846, 0.36112604, 0.35056326, 0.34135124, 0.33252355, 0.3245249, 0.31541982, 0.3079051, 0.30012947, 0.29392704, 0.2877185, 0.28102115, 0.27465823, 0.26872715, 0.26295966, 0.2571841, 0.25110027, 0.24560353, 0.2402767, 0.23479444, 0.22939803, 0.22408417, 0.21906191, 0.2137003, 0.20889531, 0.20328261, 0.19778462, 0.19192377, 0.1868568, 0.18222667, 0.17770314, 0.17152429, 0.1667337, 0.16166742, 0.15662116, 0.15168318, 0.14594811, 0.14089227, 0.13477135, 0.12915191, 0.12338224, 0.117060386, 0.111717634, 0.105293155, 0.09927571, 0.09336238, 0.08658567, 0.078791335, 0.07060139, 0.061377853, 0.052142046, 0.04142228, 0.029491201, 0.013084761]

mean size of entirely missed lesions
[nan, 6.1753654, 7.1731057, 7.3183775, 7.0429416, 7.5, 7.785746, 7.7489414, 7.58162, 7.4479938, 7.5878606, 7.6192207, 7.522848, 7.660652, 7.589901, 7.5184193, 7.466403, 7.422453, 7.3610225, 7.3572555, 7.3224807, 7.2888618, 7.239288, 7.2224874, 7.2021775, 7.2113705, 7.188815, 7.169564, 7.143585, 7.1270375, 7.137594, 7.1302056, 7.11301, 7.1041665, 7.096897, 7.088594, 7.090762, 7.0914683, 7.083888, 7.084127, 7.089929, 7.077647, 7.072879, 7.061399, 7.066718, 7.0617948, 7.060041, 7.05533, 7.0726724, 7.074353, 7.0707855, 7.0701275, 7.0629354, 7.065309, 7.05388, 7.060651, 7.0421777, 7.026123, 7.0299344, 7.0157194, 7.0060225, 7.0057526, 6.9947505, 7.0348506, 7.0254955, 7.0260806, 7.026648, 7.014832, 7.0094385, 7.020824]

mean coverage of lesions entirely missed by the mean segmentation
[1.0, 0.7156582, 0.61270696, 0.54269004, 0.4849644, 0.43797114, 0.39673248, 0.3653927, 0.33992657, 0.31566086, 0.29502186, 0.27596593, 0.26093495, 0.24695304, 0.23439758, 0.22183187, 0.21180233, 0.201515, 0.19021903, 0.1810076, 0.17207721, 0.16495882, 0.15575123, 0.1482886, 0.1407269, 0.13569151, 0.1297685, 0.123339586, 0.11873914, 0.114528015, 0.11034313, 0.10684622, 0.1018383, 0.09810107, 0.09391642, 0.091021314, 0.08813095, 0.08493637, 0.082406715, 0.07887024, 0.07593536, 0.07272816, 0.069763295, 0.06631646, 0.06324805, 0.06066979, 0.058610685, 0.054814324, 0.051977493, 0.049905453, 0.047717676, 0.046157446, 0.04349401, 0.04225541, 0.03984713, 0.039075606, 0.03566415, 0.032711018, 0.031115092, 0.027924538, 0.025748722, 0.023313522, 0.020995237, 0.01845921, 0.015820792, 0.013753718, 0.011239356, 0.007994823, 0.0053935866, 0.0026285576]

total number of missing lesions
[0.0, 958.0, 1346.0, 1627.0, 1863.0, 2046.0, 2231.0, 2362.0, 2481.0, 2567.0, 2669.0, 2747.0, 2823.0, 2882.0, 2931.0, 2986.0, 3036.0, 3082.0, 3130.0, 3177.0, 3225.0, 3268.0, 3314.0, 3353.0, 3398.0, 3430.0, 3469.0, 3509.0, 3531.0, 3558.0, 3583.0, 3602.0, 3628.0, 3648.0, 3674.0, 3691.0, 3713.0, 3739.0, 3755.0, 3780.0, 3803.0, 3825.0, 3842.0, 3860.0, 3882.0, 3900.0, 3914.0, 3940.0, 3963.0, 3981.0, 3998.0, 4007.0, 4020.0, 4027.0, 4046.0, 4056.0, 4078.0, 4096.0, 4109.0, 4135.0, 4151.0, 4172.0, 4191.0, 4218.0, 4236.0, 4256.0, 4278.0, 4315.0, 4344.0, 4370.0]

proportion of lesions entirely missed
[0.0, 0.105483375, 0.14820524, 0.17914556, 0.20513102, 0.22528078, 0.24565074, 0.26007488, 0.2731777, 0.28264698, 0.293878, 0.30246642, 0.31083462, 0.317331, 0.32272628, 0.3287822, 0.3342876, 0.33935258, 0.34463775, 0.3498128, 0.355098, 0.35983264, 0.3648976, 0.3691918, 0.37414667, 0.3776701, 0.38196433, 0.38636863, 0.38879102, 0.39176393, 0.39451662, 0.39660868, 0.3994715, 0.40167364, 0.40453646, 0.40640828, 0.40883064, 0.41169345, 0.4134552, 0.41620788, 0.41874036, 0.42116275, 0.42303458, 0.42501652, 0.42743888, 0.42942083, 0.43096235, 0.43382514, 0.43635762, 0.43833956, 0.44021142, 0.44120237, 0.44263378, 0.44340453, 0.4454966, 0.44659767, 0.44902003, 0.45100197, 0.45243338, 0.4552962, 0.45705792, 0.4593702, 0.46146223, 0.46443516, 0.46641707, 0.46861926, 0.47104162, 0.47511563, 0.47830874, 0.48117155]

num lesions:
9082

