begin results

reordered GED values
[0.683574, 0.63095915, 0.6531256, 0.873592, 0.39389762, 0.48009518, 1.0883155, 0.72833407, 1.5380218, 1.6673901, 1.316391, 0.7171535, 0.44512528, 0.6080943, 1.192109, 1.2362987, 0.9221672, 0.96133476, 0.68101275, 0.9741314, 0.9601322, 0.8182829, 0.6861366, 0.6298703, 0.8701961, 1.3358679, 1.0845393, 0.49525872, 1.2267222, 0.8722019, 0.51438904, 0.6147881, 0.5478731, 0.8381892, 0.40501884, 0.4637553, 1.1020839, 0.69258, 1.5944164, 1.6743491, 1.3348871, 0.73250115, 0.41824973, 0.5998607, 1.2224948, 1.1928486, 0.8962677, 0.9442042, 0.6361905, 1.0143238, 1.0506377, 0.7530568, 0.63184965, 0.6368024, 0.9540307, 1.3674248, 1.0224086, 0.6151696, 1.3413932, 0.8259805, 0.49166274, 0.56806797, 0.6328366, 0.8229199, 0.35449272, 0.42671275, 0.9204658, 0.7156246, 1.6159686, 1.6804147, 1.270862, 0.7802698, 0.43029588, 0.65073764, 1.2667087, 1.1548868, 0.9740652, 0.94883627, 0.62687176, 1.1750401, 1.182912, 0.7580348, 0.70355064, 0.72545296, 0.84880793, 1.3955851, 1.0216509, 0.6133366, 1.3192883, 0.99049884]

reordered GED mean
0.89416903

reordered GED standard error
0.035421301035203454

best dice mean
0.6382769

best dice st_err
0.020495840767614477

reordered best dice mean
0.6478255

reordered best dice st_err
0.02013440074748092

best avd mean
63.13291

best avd st_err
15.257436414660626

reordered best avd mean
48.833942

reordered best avd st_err
12.730338141718741

bras score
0.783746587112546

sUEO mean
0.45689222

sUEO standard error
0.00762749241092131

best tau for max UEO
0.48

max UEO
0.41607195

UEO per tau
[0.005387142, 0.11563849, 0.14998981, 0.17495902, 0.19506991, 0.21219732, 0.22720215, 0.2405802, 0.25248617, 0.26349777, 0.27359584, 0.28284052, 0.29146874, 0.2996558, 0.3072885, 0.3143999, 0.3210764, 0.3273746, 0.33336073, 0.33900088, 0.3445314, 0.34961158, 0.3545014, 0.35913017, 0.3633205, 0.3673616, 0.37136406, 0.375017, 0.37879843, 0.38217854, 0.38529003, 0.38839802, 0.3913739, 0.3942339, 0.39694947, 0.39954123, 0.40176493, 0.4040849, 0.40599254, 0.4076222, 0.40929142, 0.4107899, 0.41190878, 0.4130995, 0.4139004, 0.41503957, 0.4154611, 0.4158559, 0.41607195, 0.4156482, 0.4150653, 0.41447338, 0.41318592, 0.41201454, 0.4101724, 0.40817073, 0.40540612, 0.40205312, 0.3977427, 0.39273098, 0.38706607, 0.3804253, 0.37234285, 0.3622812, 0.34952658, 0.3330792, 0.31243107, 0.28389153, 0.2394026, 0.14110361]

UEO tau AUC
0.34400373697280884

mean_conf calibration curve data: 

mean_conf bin_accuracies: 
[0.0012036347761750221, 0.070302814245224, 0.12886624038219452, 0.18388696014881134, 0.23581573367118835, 0.2946434020996094, 0.36050283908843994, 0.43641936779022217, 0.5395552515983582, 0.6915999054908752, 0.916523277759552]

mean_conf bin_confidences: 
[0.00019529397832229733, 0.08824513107538223, 0.19511762261390686, 0.2971581816673279, 0.3983876705169678, 0.49909454584121704, 0.5996943116188049, 0.7007627487182617, 0.8022988438606262, 0.9068176746368408, 0.9845291376113892]

mean_conf EXPECTED CALIBRATION ERROR
0.10752887

dice
[0.7472407, 0.75380975, 0.65174085, 0.6766917, 0.8742049, 0.83986455, 0.3069598, 0.74193084, 0.18674137, 0.09643451, 0.394571, 0.7129481, 0.8572662, 0.76678026, 0.40717822, 0.37230083, 0.64220613, 0.5889876, 0.6729148, 0.5944151, 0.6145542, 0.6923911, 0.30709088, 0.7158778, 0.5621123, 0.3899557, 0.51681197, 0.8240907, 0.23179866, 0.60754716, 0.83041555, 0.7568671, 0.69908655, 0.69650495, 0.86932456, 0.84088814, 0.30632335, 0.7640338, 0.16601013, 0.105581835, 0.39305422, 0.7132041, 0.8713479, 0.7704857, 0.4270052, 0.43330878, 0.66367286, 0.61796045, 0.7134584, 0.587202, 0.582297, 0.7213792, 0.3181277, 0.7263154, 0.51993245, 0.3733693, 0.557423, 0.77887267, 0.2280788, 0.70320404, 0.83702826, 0.77154326, 0.6749777, 0.7063276, 0.8899346, 0.8593156, 0.38403976, 0.7525036, 0.17203008, 0.10681018, 0.433281, 0.6962408, 0.86712366, 0.7551883, 0.42685026, 0.48447204, 0.6350989, 0.6328502, 0.7123407, 0.52430975, 0.49245647, 0.7303256, 0.31175002, 0.6969675, 0.5563466, 0.35635358, 0.57902974, 0.78798854, 0.22052023, 0.5579642]

dice mean
0.5854903

dice standard error
0.022228734802807525

hd95
[16.03122, 7.819737, 12.206555, 15.362291, 11.357817, 8.625497, 9.055386, 10.488089, 26.57066, 20.582727, 17.720045, 13.309764, 8.485281, 10.266422, 16.673252, 25.573423, 15.532218, 17.337805, 3.6055512, 6.164414, 11.74734, 14.3527, 12.565821, 6.78233, 15.076453, 13.414216, 18.91425, 11.045361, 23.55313, 19.393297, 3.0, 7.8134375, 11.72602, 15.899674, 11.247156, 10.246951, 7.071068, 9.273619, 26.57066, 21.360006, 18.138357, 14.035668, 5.8309517, 15.15915, 17.20465, 25.357399, 16.108982, 17.291616, 3.0324554, 5.3851647, 9.69536, 15.524175, 12.247449, 10.770329, 17.291616, 11.665024, 19.748417, 17.291616, 23.409399, 22.467625, 15.524175, 3.0, 11.182571, 16.054588, 10.339224, 2.828427, 6.164414, 8.797683, 26.308743, 22.576534, 19.874607, 13.038404, 8.5440035, 12.328828, 20.254627, 20.930836, 12.253542, 16.643316, 2.0, 7.81025, 7.81025, 18.814888, 6.0827627, 12.083046, 13.152946, 8.705909, 18.220846, 11.893257, 25.942244, 22.374083]

hd95 mean
13.811245

hd95 standard error
0.6517557891973556

avd
[12.950008, 27.931597, 29.866293, 84.895645, 13.124697, 8.338065, 78.03269, 30.652655, 813.5647, 244.41708, 145.94746, 19.147644, 12.668299, 20.862309, 17.496635, 5.351682, 17.87169, 80.37849, 22.281584, 19.30134, 18.785835, 66.698784, 81.07857, 9.358818, 1.984252, 75.95109, 95.764275, 17.42332, 55.272095, 6.9216757, 7.029517, 24.495113, 21.284204, 78.15818, 14.163028, 6.3914347, 78.738884, 22.67699, 921.1356, 233.90805, 144.43823, 18.898737, 6.622661, 19.651476, 33.243607, 7.492355, 15.427698, 61.752987, 4.630212, 17.201836, 15.581787, 42.570824, 79.89844, 3.312519, 13.543307, 102.03804, 62.983425, 25.491451, 38.20915, 16.029144, 1.6379458, 25.553745, 25.404228, 75.741486, 12.338671, 8.013626, 70.17852, 24.236725, 848.8959, 196.63382, 120.45836, 18.825886, 5.975695, 14.849055, 34.5895, 3.058104, 8.604888, 47.41036, 7.647182, 10.215243, 25.632378, 63.9815, 81.089294, 6.4118185, 18.614174, 95.108696, 35.359116, 19.209835, 49.96748, 6.7395263]

avd mean
69.26334

avd standard error
16.390803045929278

recall
[0.40625, 0.375, 0.36585367, 0.875, 0.40243903, 0.5714286, 0.33333334, 0.54545456, 0.8095238, 0.8888889, 0.9411765, 0.5365854, 0.509434, 0.7027027, 0.4878049, 0.4, 0.57894737, 0.46666667, 0.721519, 0.78205127, 0.6052632, 0.9, 0.41025642, 0.5322581, 0.7105263, 0.64705884, 0.54545456, 0.58715594, 0.44444445, 0.57894737, 0.4375, 0.4375, 0.4390244, 0.875, 0.40243903, 0.60714287, 0.2888889, 0.5090909, 0.9047619, 1.0, 0.85294116, 0.64634144, 0.5188679, 0.7162162, 0.5, 0.44, 0.59210527, 0.46666667, 0.6329114, 0.7948718, 0.59210527, 0.825, 0.46153846, 0.58064514, 0.65789473, 0.7058824, 0.6363636, 0.5412844, 0.5308642, 0.7368421, 0.359375, 0.390625, 0.41463414, 0.875, 0.40243903, 0.60714287, 0.37777779, 0.55454546, 0.85714287, 1.0, 0.85294116, 0.5243902, 0.3962264, 0.6621622, 0.46341464, 0.5, 0.43421054, 0.73333335, 0.6075949, 0.75641024, 0.5394737, 0.925, 0.41025642, 0.58064514, 0.6052632, 0.5882353, 0.5, 0.5412844, 0.4691358, 0.5263158]

recall mean
0.5938566

recall standard error
0.01820303206525207

f1
[0.4108642, 0.4582593, 0.28162056, 0.19444445, 0.4293757, 0.3783784, 0.41290322, 0.4013378, 0.12601078, 0.10337401, 0.15755378, 0.3498158, 0.4015141, 0.41355464, 0.44990844, 0.37209302, 0.5690699, 0.18421052, 0.6949202, 0.71243846, 0.6518872, 0.29068324, 0.43256837, 0.38941336, 0.50644785, 0.44, 0.26774848, 0.49148235, 0.34842014, 0.39896372, 0.50960565, 0.50699586, 0.3527908, 0.21448468, 0.45654994, 0.43037975, 0.37536094, 0.4293841, 0.13586359, 0.116959065, 0.17570153, 0.39761996, 0.47878128, 0.37860215, 0.49382716, 0.40393442, 0.5960265, 0.1971831, 0.6556113, 0.75242716, 0.67169344, 0.36065573, 0.4874676, 0.42578357, 0.56179774, 0.5022748, 0.35, 0.4640216, 0.25135443, 0.44538707, 0.3874528, 0.48532197, 0.32903227, 0.20588236, 0.44166425, 0.36254057, 0.46040213, 0.44066715, 0.12301957, 0.097297296, 0.16943419, 0.40758294, 0.39440113, 0.42573988, 0.48101267, 0.51428574, 0.48466522, 0.33788395, 0.611465, 0.7503796, 0.6081909, 0.3326616, 0.46177465, 0.36670807, 0.5279082, 0.43165466, 0.28169015, 0.45768207, 0.33935785, 0.30598053]

f1 mean
0.4035725

f1 standard error
0.015587767050009096

uncertainty thresholds
[0.0, 0.01, 0.02, 0.03, 0.04, 0.05, 0.06, 0.07, 0.08, 0.089999996, 0.1, 0.11, 0.12, 0.13, 0.14, 0.14999999, 0.16, 0.17, 0.17999999, 0.19, 0.2, 0.21, 0.22, 0.22999999, 0.24, 0.25, 0.26, 0.26999998, 0.28, 0.29, 0.29999998, 0.31, 0.32, 0.32999998, 0.34, 0.35, 0.35999998, 0.37, 0.38, 0.39, 0.4, 0.41, 0.42000002, 0.43, 0.44, 0.45000002, 0.46, 0.47, 0.48, 0.48999998, 0.5, 0.51, 0.52, 0.53, 0.53999996, 0.55, 0.56, 0.57, 0.58, 0.59, 0.6, 0.61, 0.62, 0.63, 0.64, 0.65, 0.66, 0.67, 0.68, 0.69]

mean coverage of areas missed by mean as tau increases
[0.7218282, 0.6649219, 0.64535296, 0.6314429, 0.61947185, 0.60877514, 0.5976973, 0.58873194, 0.57985187, 0.57205856, 0.5638577, 0.55665505, 0.54979384, 0.5422614, 0.5359517, 0.5303457, 0.5230793, 0.51672924, 0.5119915, 0.5049906, 0.5002119, 0.49501017, 0.4902591, 0.48454684, 0.4787263, 0.4739451, 0.46864313, 0.46298942, 0.45789766, 0.45310923, 0.4473308, 0.4405259, 0.43557408, 0.43106654, 0.4264687, 0.42143962, 0.41590357, 0.41187003, 0.4076449, 0.40264395, 0.3971092, 0.3915811, 0.3869764, 0.3819131, 0.3760341, 0.37101662, 0.3657419, 0.35946164, 0.35316816, 0.34688765, 0.34004113, 0.3322275, 0.32461017, 0.31773683, 0.30957556, 0.3014088, 0.29338494, 0.28347713, 0.27324653, 0.26219267, 0.25089836, 0.23880363, 0.2264373, 0.21295825, 0.19509903, 0.1755447, 0.15495919, 0.13077259, 0.09796624, 0.04409606]

mean size of entirely missed lesions
[nan, 5.8349514, 5.414815, 5.089172, 4.982456, 4.892761, 4.722772, 4.64486, 4.5826087, 4.710472, 5.044316, 5.127928, 5.0745234, 5.1077943, 5.053571, 5.023734, 5.0518293, 4.9823527, 5.034384, 5.033473, 5.0271373, 5.38911, 5.4198174, 5.6272264, 6.0099134, 6.129426, 6.0959234, 6.0504694, 6.0448275, 6.0745764, 6.042269, 6.018579, 6.068596, 6.063627, 6.0482183, 6.023736, 6.016293, 6.1959596, 6.2008033, 6.442574, 6.421875, 6.462355, 6.463087, 6.44529, 6.425492, 6.4115458, 6.4387097, 6.4184136, 6.400901, 6.3637977, 6.3474054, 6.323785, 6.3189654, 6.393499, 6.3844857, 6.642857, 6.73792, 6.9403224, 6.9296565, 7.16405, 7.29157, 7.364259, 7.4076576, 7.4047265, 7.380987, 7.340925, 7.2906814, 7.2600408, 7.451936, 7.4293094]

mean coverage of lesions entirely missed by the mean segmentation
[1.0, 0.82456076, 0.76545566, 0.7233356, 0.6889412, 0.65936565, 0.6277299, 0.603252, 0.57875085, 0.55842805, 0.5367317, 0.51707214, 0.49872985, 0.4794398, 0.46487856, 0.45198897, 0.43440238, 0.41817868, 0.40710983, 0.39193332, 0.3806224, 0.36915, 0.3597859, 0.34857282, 0.3366437, 0.32937074, 0.31900138, 0.30838585, 0.29993832, 0.2908568, 0.28076944, 0.27053714, 0.2618509, 0.2561445, 0.24886209, 0.24133892, 0.23427172, 0.22895043, 0.22365043, 0.21734144, 0.20950729, 0.20254299, 0.19737613, 0.19181596, 0.18544999, 0.18067177, 0.17575902, 0.1707752, 0.1649326, 0.15563107, 0.14780593, 0.14067653, 0.13531718, 0.13101228, 0.12297669, 0.11576723, 0.108920634, 0.101181656, 0.09487132, 0.08780203, 0.0801361, 0.07036196, 0.06304963, 0.05666593, 0.049674537, 0.042474408, 0.0336781, 0.024505254, 0.017060203, 0.0047693746]

total number of missing lesions
[0.0, 206.0, 270.0, 314.0, 342.0, 373.0, 404.0, 428.0, 460.0, 487.0, 519.0, 555.0, 577.0, 603.0, 616.0, 632.0, 656.0, 680.0, 698.0, 717.0, 737.0, 753.0, 767.0, 786.0, 807.0, 819.0, 834.0, 852.0, 870.0, 885.0, 899.0, 915.0, 933.0, 943.0, 954.0, 969.0, 982.0, 990.0, 996.0, 1010.0, 1024.0, 1036.0, 1043.0, 1051.0, 1067.0, 1074.0, 1085.0, 1097.0, 1110.0, 1127.0, 1137.0, 1152.0, 1160.0, 1169.0, 1186.0, 1204.0, 1221.0, 1240.0, 1251.0, 1274.0, 1293.0, 1315.0, 1332.0, 1354.0, 1378.0, 1405.0, 1438.0, 1469.0, 1498.0, 1549.0]

proportion of lesions entirely missed
[0.0, 0.040583137, 0.05319149, 0.06185973, 0.06737588, 0.07348306, 0.07959023, 0.08431836, 0.09062254, 0.095941685, 0.10224586, 0.10933806, 0.11367218, 0.11879433, 0.1213554, 0.12450749, 0.12923563, 0.13396375, 0.13750985, 0.14125295, 0.14519307, 0.14834516, 0.15110323, 0.15484634, 0.15898345, 0.16134752, 0.1643026, 0.1678487, 0.1713948, 0.17434989, 0.17710796, 0.18026005, 0.18380615, 0.1857762, 0.18794326, 0.19089834, 0.19345942, 0.19503546, 0.19621749, 0.19897558, 0.20173365, 0.20409772, 0.20547675, 0.2070528, 0.21020488, 0.21158393, 0.21375099, 0.21611506, 0.21867612, 0.22202522, 0.22399527, 0.22695035, 0.2285264, 0.23029944, 0.23364854, 0.23719464, 0.24054374, 0.24428684, 0.2464539, 0.25098503, 0.25472814, 0.25906226, 0.26241136, 0.26674548, 0.2714736, 0.27679276, 0.28329393, 0.2894011, 0.29511425, 0.30516154]

num lesions:
5076

